"STATION","DATE","LATITUDE","LONGITUDE","ELEVATION","NAME","CDSD","CDSD_ATTRIBUTES","CLDD","CLDD_ATTRIBUTES","DP01","DP01_ATTRIBUTES","DP10","DP10_ATTRIBUTES","DP1X","DP1X_ATTRIBUTES","DT00","DT00_ATTRIBUTES","DT32","DT32_ATTRIBUTES","DX32","DX32_ATTRIBUTES","DX70","DX70_ATTRIBUTES","DX90","DX90_ATTRIBUTES","DYNT","DYNT_ATTRIBUTES","DYXP","DYXP_ATTRIBUTES","DYXT","DYXT_ATTRIBUTES","EMNT","EMNT_ATTRIBUTES","EMXP","EMXP_ATTRIBUTES","EMXT","EMXT_ATTRIBUTES","HDSD","HDSD_ATTRIBUTES","HTDD","HTDD_ATTRIBUTES","PRCP","PRCP_ATTRIBUTES","TAVG","TAVG_ATTRIBUTES","TMAX","TMAX_ATTRIBUTES","TMIN","TMIN_ATTRIBUTES"
"ASN00059094","1985-03","-30.4167","152.8667","50.0","BELLINGEN THE OBSERVATORY, AS","","","","","20",",a","14",",a","2",",a","","","","","","","","","","","","","19850310",",,a","","","","","67.2",",,a,10,","","","","","","","185.6",",,,a","","","","","",""
"ASN00059094","1985-04","-30.4167","152.8667","50.0","BELLINGEN THE OBSERVATORY, AS","","","","","15",",a","11",",a","5",",a","","","","","","","","","","","","","19850424",",,a","","","","","46.4",",,a,24,","","","","","","","270.4",",,,a","","","","","",""
"ASN00059094","1985-05","-30.4167","152.8667","50.0","BELLINGEN THE OBSERVATORY, AS","","","","","18",",a","12",",a","3",",a","","","","","","","","","","","","","19850503",",,a","","","","","82.6",",,a,03,","","","","","","","248.8",",,,a","","","","","",""
"ASN00059094","1985-06","-30.4167","152.8667","50.0","BELLINGEN THE OBSERVATORY, AS","","","","","4",",a","3",",a","0",",a","","","","","","","","","","","","","19850604",",,a","","","","","10.6",",,a,04,","","","","","","","25.2",",,,a","","","","","",""
"ASN00059094","1985-07","-30.4167","152.8667","50.0","BELLINGEN THE OBSERVATORY, AS","","","","","6",",a","2",",a","2",",a","","","","","","","","","","","","","19850710",",,a","","","","","169.0",",,a,10,","","","","","","","308.6",",,,a","","","","","",""
"ASN00059094","1985-08","-30.4167","152.8667","50.0","BELLINGEN THE OBSERVATORY, AS","","","","","4",",a","1",",a","0",",a","","","","","","","","","","","","","19850823",",,a","","","","","7.8",",,a,23,","","","","","","","13.6",",,,a","","","","","",""
"ASN00059094","1985-09","-30.4167","152.8667","50.0","BELLINGEN THE OBSERVATORY, AS","","","","","10",",a","6",",a","1",",a","","","","","","","","","","","","","19850919",",,a","","","","","31.6",",,a,19,","","","","","","","66.2",",,,a","","","","","",""
"ASN00059094","1985-10","-30.4167","152.8667","50.0","BELLINGEN THE OBSERVATORY, AS","","","","","10",",a","8",",a","5",",a","","","","","","","","","","","","","19851027",",,a","","","","","109.0",",,a,27,","","","","","","","307.6",",,,a","","","","","",""
"ASN00059094","1985-11","-30.4167","152.8667","50.0","BELLINGEN THE OBSERVATORY, AS","","","","","8","2,a","5","2,a","0","2,a","","","","","","","","","","","","","19851127",",2,a","","","","","15.4","2,,a,27,","","","","","","","214.8",",a,,a","","","","","",""
"ASN00059094","1985-12","-30.4167","152.8667","50.0","BELLINGEN THE OBSERVATORY, AS","","","","","15",",a","9",",a","1",",a","","","","","","","","","","","","","19851209",",,a","","","","","41.0",",,a,09,","","","","","","","120.0",",,,a","","","","","",""
"ASN00059094","1986-01","-30.4167","152.8667","50.0","BELLINGEN THE OBSERVATORY, AS","","","","","15",",a","11",",a","3",",a","","","","","","","","","","","","","19860125",",,a","","","","","94.0",",,a,25,","","","","","","","261.4",",,,a","","","","","",""
"ASN00059094","1986-02","-30.4167","152.8667","50.0","BELLINGEN THE OBSERVATORY, AS","","","","","10",",a","6",",a","1",",a","","","","","","","","","","","","","19860224",",,a","","","","","28.0",",,a,24,","","","","","","","96.0",",,,a","","","","","",""
"ASN00059094","1986-03","-30.4167","152.8667","50.0","BELLINGEN THE OBSERVATORY, AS","","","","","11",",a","5",",a","1",",a","","","","","","","","","","","","","19860329",",,a","","","","","31.4",",,a,29,","","","","","","","67.6",",,,a","","","","","",""
"ASN00059094","1986-04","-30.4167","152.8667","50.0","BELLINGEN THE OBSERVATORY, AS","","","","","8",",a","6",",a","0",",a","","","","","","","","","","","","","19860430",",,a","","","","","12.4",",,a,30,","","","","","","","36.0",",,,a","","","","","",""
"ASN00059094","1986-05","-30.4167","152.8667","50.0","BELLINGEN THE OBSERVATORY, AS","","","","","13",",a","10",",a","0",",a","","","","","","","","","","","","","19860511",",,a","","","","","10.0",",,a,11,","","","","","","","60.4",",,,a","","","","","",""
"ASN00059094","1986-06","-30.4167","152.8667","50.0","BELLINGEN THE OBSERVATORY, AS","","","","","6",",a","4",",a","1",",a","","","","","","","","","","","","","19860617",",,a","","","","","37.8",",,a,17,","","","","","","","61.8",",,,a","","","","","",""
"ASN00059094","1986-07","-30.4167","152.8667","50.0","BELLINGEN THE OBSERVATORY, AS","3.5","a","3.5",",a","6",",a","2",",a","0",",a","0",",a","0",",a","0",",a","8",",a","0",",a","19860726",",,a","19860717",",,a","19860724",",,a","1.2",",a,26,","8.0",",,a,17,","26.7",",a,24,","","","160.7",",a","16.2",",,,a","13.26",",a","19.45",",,,a","7.07",",,,a"
"ASN00059094","1986-08","-30.4167","152.8667","50.0","BELLINGEN THE OBSERVATORY, AS","3.6","a","0.1",",a","7",",a","4",",a","0",",a","0",",a","0",",a","0",",a","7",",a","0",",a","19860826",",,a","19860805",",,a","19860830",",,a","2.0",",a,26,","5.8",",,a,05,","27.6",",a,30,","","","153.0",",a","20.8",",,,a","13.40",",a","20.05",",,,a","6.75",",,,a"
"ASN00059094","1986-09","-30.4167","152.8667","50.0","BELLINGEN THE OBSERVATORY, AS","23.6","a","20.0","2,a","6",",a","5",",a","0",",a","0",",a","0",",a","0","2,a","23","2,a","0","2,a","19860901",",,a","19860929",",,a","19860925","+,2,a","3.8",",a,01,","8.8",",,a,29,","31.0","2,a,25,+","","","50.2","2,a","24.6",",,,a","17.20","2,a","24.56","2,,,a","9.83",",,,a"
"ASN00059094","1986-10","-30.4167","152.8667","50.0","BELLINGEN THE OBSERVATORY, AS","71.9","a","48.3","1,a","8",",a","6",",a","0",",a","0",",a","0",",a","0","1,a","29","1,a","3","1,a","19861021",",,a","19861028",",,a","19861031",",1,a","5.6",",a,21,","17.4",",,a,28,","37.0","1,a,31,","","","17.0","1,a","45.8",",,,a","19.41","1,a","26.91","1,,,a","11.92",",,,a"
"ASN00059094","1986-11","-30.4167","152.8667","50.0","BELLINGEN THE OBSERVATORY, AS","123.8","a","51.9","3,a","14",",a","10",",a","1",",a","0",",a","0",",a","0","3,a","23","3,a","2","3,a","19861120",",,a","19861113",",,a","19861107",",3,a","8.9",",a,20,","42.6",",,a,13,","33.5","3,a,07,","","","6.8","3,a","148.2",",,,a","20.13","3,a","25.88","3,,,a","14.39",",,,a"
"ASN00059094","1986-12","-30.4167","152.8667","50.0","BELLINGEN THE OBSERVATORY, AS","244.0","a","120.2","1,a","9",",a","5",",a","0",",a","0",",a","0",",a","0","1,a","28","1,a","5","1,a","19861209",",,a","19861225",",,a","19861227",",1,a","10.5",",a,09,","10.0",",,a,25,","37.1","1,a,27,","","","4.3","1,a","28.0",",,,a","22.13","1,a","28.25","1,,,a","16.01",",,,a"
"ASN00059094","1987-01","-30.4167","152.8667","50.0","BELLINGEN THE OBSERVATORY, AS","462.4","a","218.4","1,a","14",",a","11",",a","3",",a","0",",a","0",",a","0","1,a","30","1,a","13","1,a","19870109","+,,a","19870128",",,a","19870117",",1,a","15.2",",a,09,+","56.0",",,a,28,","40.4","1,a,17,","0.0","a","0.0","1,a","229.2",",,,a","25.61","1,a","31.72","1,,,a","19.50",",,,a"
"ASN00059094","1987-02","-30.4167","152.8667","50.0","BELLINGEN THE OBSERVATORY, AS","604.8","a","142.4",",a","13",",a","7",",a","0",",a","0",",a","0",",a","0",",a","28",",a","5",",a","19870228","+,,a","19870227",",,a","19870203",",,a","16.5",",a,28,+","21.2",",,a,27,","36.2",",a,03,","0.0","a","0.0",",a","78.2",",,,a","23.42",",a","28.33",",,,a","18.51",",,,a"
"ASN00059094","1987-03","-30.4167","152.8667","50.0","BELLINGEN THE OBSERVATORY, AS","695.3","a","90.5",",a","11",",a","8",",a","4",",a","0",",a","0",",a","0",",a","28",",a","1",",a","19870331",",,a","19870305",",,a","19870329",",,a","10.3",",a,31,","135.0",",,a,05,","34.1",",a,29,","1.9","a","1.9",",a","401.8",",,,a","21.19",",a","26.26",",,,a","16.13",",,,a"
"ASN00059094","1987-04","-30.4167","152.8667","50.0","BELLINGEN THE OBSERVATORY, AS","727.9","a","32.6","2,a","11",",a","6",",a","0",",a","0",",a","0",",a","0","2,a","26","2,a","0","2,a","19870401",",,a","19870424",",,a","19870407",",2,a","12.0",",a,01,","15.8",",,a,24,","29.6","2,a,07,","6.5","a","4.6","2,a","64.2",",,,a","19.37","2,a","24.18","2,,,a","14.55",",,,a"
"ASN00059094","1987-05","-30.4167","152.8667","50.0","BELLINGEN THE OBSERVATORY, AS","736.4","a","8.5",",a","16",",a","10",",a","3",",a","0",",a","0",",a","0",",a","17",",a","0",",a","19870528",",,a","19870510",",,a","19870502",",,a","2.7",",a,28,","92.6",",,a,10,","26.4",",a,02,","74.5","a","68.0",",a","252.6",",,,a","16.41",",a","21.14",",,,a","11.69",",,,a"
"ASN00059094","1987-06","-30.4167","152.8667","50.0","BELLINGEN THE OBSERVATORY, AS","738.2","a","1.8","1,a","10",",a","8",",a","0",",a","0","1,a","0","1,a","0","1,a","8","1,a","0","1,a","19870630",",1,a","19870608",",,a","19870622",",1,a","3.2","1,a,30,","14.2",",,a,08,","25.0","1,a,22,","184.7","a","110.2","1,a","77.0",",,,a","14.59","1,a","19.71","1,,,a","9.47","1,,,a"
"ASN00059094","1987-07","-30.4167","152.8667","50.0","BELLINGEN THE OBSERVATORY, AS","0.0","a","0.0",",a","9",",a","3",",a","0",",a","0",",a","0",",a","0",",a","7",",a","0",",a","19870715",",,a","19870728",",,a","19870719",",,a","2.2",",a,15,","8.4",",,a,28,","25.0",",a,19,","364.3","a","179.6",",a","21.6",",,,a","12.54",",a","18.97",",,,a","6.10",",,,a"
"ASN00059094","1987-08","-30.4167","152.8667","50.0","BELLINGEN THE OBSERVATORY, AS","0.0","a","0.0","1,a","17",",a","13",",a","2",",a","0",",a","0",",a","0","1,a","10","1,a","0","1,a","19870825",",,a","19870818",",,a","19870802",",1,a","4.7",",a,25,","67.0",",,a,18,","25.9","1,a,02,","460.9","a","96.6","1,a","217.8",",,,a","15.04","1,a","20.30","1,,,a","9.79",",,,a"
"ASN00059094","1987-09","-30.4167","152.8667","50.0","BELLINGEN THE OBSERVATORY, AS","10.6","a","10.6","1,a","4",",a","1",",a","0",",a","0",",a","0",",a","0","1,a","24","1,a","0","1,a","19870902",",,a","19870919",",,a","19870929",",1,a","1.9",",a,02,","18.4",",,a,19,","32.0","1,a,29,","528.1","a","67.2","1,a","22.2",",,,a","16.37","1,a","24.26","1,,,a","8.48",",,,a"
"ASN00059094","1987-10","-30.4167","152.8667","50.0","BELLINGEN THE OBSERVATORY, AS","37.2","a","26.6",",a","13",",a","5",",a","0",",a","0",",a","0",",a","0",",a","29",",a","1",",a","19871006",",,a","19871025",",,a","19871007",",,a","5.8",",a,06,","12.6",",,a,25,","33.0",",a,07,","552.5","a","24.4",",a","57.0",",,,a","18.40",",a","24.74",",,,a","12.06",",,,a"
"ASN00059094","1987-11","-30.4167","152.8667","50.0","BELLINGEN THE OBSERVATORY, AS","105.5","a","68.3",",a","6",",a","4",",a","2",",a","0",",a","0",",a","0",",a","28",",a","4",",a","19871126",",,a","19871121",",,a","19871124",",,a","9.7",",a,26,","41.0",",,a,21,","38.2",",a,24,","555.7","a","3.2",",a","84.6",",,,a","20.50",",a","27.03",",,,a","13.97",",,,a"
"ASN00059094","1987-12","-30.4167","152.8667","50.0","BELLINGEN THE OBSERVATORY, AS","262.6","a","157.1",",a","13",",a","9",",a","1",",a","0",",a","0",",a","0",",a","29",",a","9",",a","19871203",",,a","19871222",",,a","19871218",",,a","10.2",",a,03,","57.0",",,a,22,","36.7",",a,18,","556.2","a","0.5",",a","141.4",",,,a","23.38",",a","29.17",",,,a","17.59",",,,a"
"ASN00059094","1988-01","-30.4167","152.8667","50.0","BELLINGEN THE OBSERVATORY, AS","427.4","a","164.8",",a","17",",a","12",",a","6",",a","0",",a","0",",a","0",",a","31",",a","6",",a","19880128","+,,a","19880130",",,a","19880121",",,a","15.2",",a,28,+","54.4",",,a,30,","36.0",",a,21,","0.0","a","0.0",",a","288.6",",,,a","23.65",",a","29.04",",,,a","18.25",",,,a"
"ASN00059094","1988-02","-30.4167","152.8667","50.0","BELLINGEN THE OBSERVATORY, AS","540.1","a","112.7",",a","9",",a","4",",a","0",",a","0",",a","0",",a","0",",a","28",",a","3",",a","19880209",",,a","19880214",",,a","19880219",",,a","13.7",",a,09,","22.0",",,a,14,","33.0",",a,19,","0.0","a","0.0",",a","56.8",",,,a","22.22",",a","27.41",",,,a","17.03",",,,a"
"ASN00059094","1988-03","-30.4167","152.8667","50.0","BELLINGEN THE OBSERVATORY, AS","608.7","a","68.6",",a","19",",a","15",",a","3",",a","0",",a","0",",a","0",",a","30",",a","1",",a","19880313",",,a","19880320",",,a","19880311",",,a","9.6",",a,13,","49.4",",,a,20,","36.0",",a,11,","1.6","a","1.6",",a","232.0",",,,a","20.50",",a","25.25",",,,a","15.74",",,,a"
"ASN00059094","1988-04","-30.4167","152.8667","50.0","BELLINGEN THE OBSERVATORY, AS","637.8","a","29.1",",a","21",",a","15",",a","11",",a","0",",a","0",",a","0",",a","21",",a","0",",a","19880416",",,a","19880407",",,a","19880408",",,a","13.1",",a,16,","95.2",",,a,07,","29.2",",a,08,","12.2","a","10.6",",a","652.0",",,,a","18.95",",a","22.65",",,,a","15.25",",,,a"
"ASN00059094","1988-05","-30.4167","152.8667","50.0","BELLINGEN THE OBSERVATORY, AS","649.6","a","11.8",",a","10",",a","5",",a","0",",a","0",",a","0",",a","0",",a","23",",a","0",",a","19880525",",,a","19880526",",,a","19880507",",,a","4.6",",a,25,","22.4",",,a,26,","26.2",",a,07,","68.4","a","56.2",",a","52.0",",,,a","16.90",",a","21.94",",,,a","11.86",",,,a"
"ASN00059094","1988-06","-30.4167","152.8667","50.0","BELLINGEN THE OBSERVATORY, AS","650.1","a","0.5",",a","10",",a","8",",a","2",",a","0",",a","0",",a","0",",a","4",",a","0",",a","19880612",",,a","19880605",",,a","19880619",",,a","3.8",",a,12,","55.6",",,a,05,","23.0",",a,19,","201.4","a","133.0",",a","117.8",",,,a","13.92",",a","19.63",",,,a","8.21",",,,a"
"ASN00059094","1988-07","-30.4167","152.8667","50.0","BELLINGEN THE OBSERVATORY, AS","0.0","a","0.0",",a","9",",a","6",",a","3",",a","0",",a","0",",a","0",",a","7",",a","0",",a","19880724",",,a","19880706",",,a","19880721",",,a","2.7",",a,24,","60.0",",,a,06,","24.7",",a,21,","332.6","a","131.2",",a","173.2",",,,a","14.10",",a","19.80",",,,a","8.40",",,,a"
"ASN00059094","1988-08","-30.4167","152.8667","50.0","BELLINGEN THE OBSERVATORY, AS","0.0","a","0.0",",a","8",",a","2",",a","0",",a","0",",a","0",",a","0",",a","11",",a","0",",a","19880807",",,a","19880806",",,a","19880817",",,a","2.8",",a,07,","5.2",",,a,06,","26.2",",a,17,","450.9","a","118.3",",a","15.2",",,,a","14.52",",a","20.87",",,,a","8.17",",,,a"
"ASN00059094","1988-09","-30.4167","152.8667","50.0","BELLINGEN THE OBSERVATORY, AS","25.6","a","25.6",",a","12",",a","6",",a","2",",a","0",",a","0",",a","0",",a","25",",a","0",",a","19880919",",,a","19880916",",,a","19880911",",,a","6.8",",a,19,","54.8",",,a,16,","31.6",",a,11,","486.9","a","36.0",",a","134.6",",,,a","17.99",",a","24.55",",,,a","11.42",",,,a"
"ASN00059094","1988-10","-30.4167","152.8667","50.0","BELLINGEN THE OBSERVATORY, AS","133.7","a","108.1",",a","3",",a","1",",a","0",",a","0",",a","0",",a","0",",a","31",",a","7",",a","19881010",",,a","19881009",",,a","19881022",",,a","7.4",",a,10,","4.8",",,a,09,","40.0",",a,22,","490.9","a","4.0",",a","7.4",",,,a","21.69",",a","29.87",",,,a","13.51",",,,a"
"ASN00059094","1988-11","-30.4167","152.8667","50.0","BELLINGEN THE OBSERVATORY, AS","231.8","a","98.1",",a","13",",a","5",",a","1",",a","0",",a","0",",a","0",",a","30",",a","6",",a","19881118",",,a","19881116",",,a","19881104",",,a","10.2",",a,18,","28.8",",,a,16,","37.7",",a,04,","491.6","a","0.7",",a","87.2",",,,a","21.58",",a","28.33",",,,a","14.83",",,,a"
"ASN00059094","1988-12","-30.4167","152.8667","50.0","BELLINGEN THE OBSERVATORY, AS","386.0","a","154.2",",a","19",",a","12",",a","3",",a","0",",a","0",",a","0",",a","31",",a","7",",a","19881201",",,a","19881219",",,a","19881206",",,a","14.3",",a,01,","133.2",",,a,19,","36.5",",a,06,","491.6","a","0.0",",a","334.8",",,,a","23.31",",a","27.84",",,,a","18.77",",,,a"
"ASN00059094","1989-01","-30.4167","152.8667","50.0","BELLINGEN THE OBSERVATORY, AS","500.1","","114.1",",a","24",",a","19",",a","3",",a","0",",a","0",",a","0",",a","31",",a","1",",a","19890126",",,a","19890124",",,a","19890110",",,a","14.6",",a,26,","105.0",",,a,24,","34.0",",a,10,","0.0","","0.0",",a","337.2",",,,a","22.01",",a","26.51",",,,a","17.52",",,,a"
"ASN00059094","1989-02","-30.4167","152.8667","50.0","BELLINGEN THE OBSERVATORY, AS","","","","","5",",a","4",",a","1",",a","","","","","","","","","","","","","19890206",",,a","","","","","38.6",",,a,06,","","","","","","","77.2",",,,a","","","","","",""
