"STATION","DATE","LATITUDE","LONGITUDE","ELEVATION","NAME","DP01","DP01_ATTRIBUTES","DP10","DP10_ATTRIBUTES","DP1X","DP1X_ATTRIBUTES","DYXP","DYXP_ATTRIBUTES","EMXP","EMXP_ATTRIBUTES","PRCP","PRCP_ATTRIBUTES"
"ASN00040881","1750-03","-27.9561","153.4233","3.0","AIR SEA RESCUE ALERT, AS","12","2,a","8","2,a","1","2,a","17500316",",2,a","65.0","2,,a,16,","122.0","2,,,a"
"ASN00040881","1750-05","-27.9561","153.4233","3.0","AIR SEA RESCUE ALERT, AS","12","1,a","8","1,a","0","1,a","17500522","+,1,a","24.0","1,,a,22,+","123.0","1,,,a"
"ASN00040881","2001-02","-27.9561","153.4233","3.0","AIR SEA RESCUE ALERT, AS","10",",a","7",",a","3",",a","20010202",",,a","106.0",",,a,02,","236.0",",,,a"
"ASN00040881","2001-03","-27.9561","153.4233","3.0","AIR SEA RESCUE ALERT, AS","11","1,a","6","1,a","2","1,a","20010310",",1,a","121.0","1,,a,10,","191.0","1,,,a"
"ASN00040881","2001-04","-27.9561","153.4233","3.0","AIR SEA RESCUE ALERT, AS","13","3,a","5","3,a","1","3,a","20010429",",3,a","40.0","3,,a,29,","82.0","3,,,a"
"ASN00040881","2001-06","-27.9561","153.4233","3.0","AIR SEA RESCUE ALERT, AS","8",",a","5",",a","0",",a","20010605",",,a","7.0",",,a,05,","27.0",",,,a"
"ASN00040881","2001-07","-27.9561","153.4233","3.0","AIR SEA RESCUE ALERT, AS","4",",a","2",",a","1",",a","20010727",",,a","26.0",",,a,27,","32.0",",,,a"
"ASN00040881","2001-08","-27.9561","153.4233","3.0","AIR SEA RESCUE ALERT, AS","1",",a","1",",a","0",",a","20010815",",,a","6.0",",,a,15,","6.0",",,,a"
"ASN00040881","2001-09","-27.9561","153.4233","3.0","AIR SEA RESCUE ALERT, AS","3",",a","2",",a","0",",a","20010902",",,a","9.0",",,a,02,","15.0",",,,a"
"ASN00040881","2001-12","-27.9561","153.4233","3.0","AIR SEA RESCUE ALERT, AS","6","2,a","4","2,a","0","2,a","20011216",",2,a","21.0","2,,a,16,","49.0","2,,,a"
"ASN00040881","2002-01","-27.9561","153.4233","3.0","AIR SEA RESCUE ALERT, AS","3","2,a","2","2,a","0","2,a","20020117",",2,a","21.0","2,,a,17,","34.0","2,,,a"
"ASN00040881","2002-02","-27.9561","153.4233","3.0","AIR SEA RESCUE ALERT, AS","8",",a","5",",a","0",",a","20020221",",,a","14.0",",,a,21,","42.0",",,,a"
"ASN00040881","2002-03","-27.9561","153.4233","3.0","AIR SEA RESCUE ALERT, AS","10",",a","7",",a","2",",a","20020323",",,a","38.0",",,a,23,","109.0",",,,a"
"ASN00040881","2002-04","-27.9561","153.4233","3.0","AIR SEA RESCUE ALERT, AS","14",",a","8",",a","1",",a","20020428",",,a","36.0",",,a,28,","79.0",",,,a"
"ASN00040881","2002-05","-27.9561","153.4233","3.0","AIR SEA RESCUE ALERT, AS","8",",a","5",",a","1",",a","20020504",",,a","68.0",",,a,04,","137.0",",,,a"
"ASN00040881","2002-06","-27.9561","153.4233","3.0","AIR SEA RESCUE ALERT, AS","7",",a","4",",a","0",",a","20020603",",,a","14.0",",,a,03,","45.0",",,,a"
"ASN00040881","2002-07","-27.9561","153.4233","3.0","AIR SEA RESCUE ALERT, AS","0",",a","0",",a","0",",a","20020731","+,,a","0.0",",,a,31,+","0.0",",,,a"
"ASN00040881","2002-08","-27.9561","153.4233","3.0","AIR SEA RESCUE ALERT, AS","7",",a","6",",a","2",",a","20020822",",,a","63.0",",,a,22,","129.0",",,,a"
"ASN00040881","2002-09","-27.9561","153.4233","3.0","AIR SEA RESCUE ALERT, AS","4","4,a","2","4,a","0","4,a","20020921",",4,a","6.0","4,,a,21,","13.0","4,,,a"
"ASN00040881","2002-11","-27.9561","153.4233","3.0","AIR SEA RESCUE ALERT, AS","5",",a","3",",a","0",",a","20021116",",,a","16.0",",,a,16,","36.0",",,,a"
"ASN00040881","2002-12","-27.9561","153.4233","3.0","AIR SEA RESCUE ALERT, AS","9",",a","5",",a","2",",a","20021211","+,,a","30.0",",,a,11,+","114.0",",,,a"
"ASN00040881","2003-01","-27.9561","153.4233","3.0","AIR SEA RESCUE ALERT, AS","3",",a","1",",a","0",",a","20030106",",,a","3.0",",,a,06,","6.0",",,,a"
"ASN00040881","2003-02","-27.9561","153.4233","3.0","AIR SEA RESCUE ALERT, AS","15",",a","14",",a","4",",a","20030224",",,a","127.0",",,a,24,","445.0",",,,a"
"ASN00040881","2003-03","-27.9561","153.4233","3.0","AIR SEA RESCUE ALERT, AS","14",",a","9",",a","0",",a","20030314",",,a","23.0",",,a,14,","107.0",",,,a"
"ASN00040881","2003-04","-27.9561","153.4233","3.0","AIR SEA RESCUE ALERT, AS","8",",a","5",",a","1",",a","20030428",",,a","37.0",",,a,28,","80.0",",,,a"
"ASN00040881","2003-05","-27.9561","153.4233","3.0","AIR SEA RESCUE ALERT, AS","12",",a","8",",a","2",",a","20030515",",,a","123.0",",,a,15,","214.0",",,,a"
"ASN00040881","2003-06","-27.9561","153.4233","3.0","AIR SEA RESCUE ALERT, AS","7",",a","3",",a","0",",a","20030626",",,a","17.0",",,a,26,","41.0",",,,a"
"ASN00040881","2003-07","-27.9561","153.4233","3.0","AIR SEA RESCUE ALERT, AS","8",",a","5",",a","0",",a","20030714",",,a","11.0",",,a,14,","30.0",",,,a"
"ASN00040881","2003-08","-27.9561","153.4233","3.0","AIR SEA RESCUE ALERT, AS","3",",a","3",",a","1",",a","20030817",",,a","39.0",",,a,17,","54.0",",,,a"
"ASN00040881","2003-09","-27.9561","153.4233","3.0","AIR SEA RESCUE ALERT, AS","2",",a","1",",a","0",",a","20030927",",,a","9.0",",,a,27,","10.0",",,,a"
"ASN00040881","2003-10","-27.9561","153.4233","3.0","AIR SEA RESCUE ALERT, AS","12",",a","8",",a","1",",a","20031017",",,a","28.0",",,a,17,","90.0",",,,a"
"ASN00040881","2003-11","-27.9561","153.4233","3.0","AIR SEA RESCUE ALERT, AS","9","3,a","6","3,a","2","3,a","20031123",",3,a","29.0","3,,a,23,","90.0","3,,,a"
"ASN00040881","2003-12","-27.9561","153.4233","3.0","AIR SEA RESCUE ALERT, AS","7",",a","5",",a","0",",a","20031216",",,a","20.0",",,a,16,","62.0",",,,a"
"ASN00040881","2004-01","-27.9561","153.4233","3.0","AIR SEA RESCUE ALERT, AS","12",",a","6",",a","2",",a","20040115",",,a","38.0",",,a,15,","122.0",",,,a"
"ASN00040881","2004-02","-27.9561","153.4233","3.0","AIR SEA RESCUE ALERT, AS","7",",a","5",",a","3",",a","20040203",",,a","63.0",",,a,03,","200.0",",,,a"
"ASN00040881","2004-04","-27.9561","153.4233","3.0","AIR SEA RESCUE ALERT, AS","11",",a","8",",a","1",",a","20040405",",,a","55.0",",,a,05,","118.0",",,,a"
"ASN00040881","2004-05","-27.9561","153.4233","3.0","AIR SEA RESCUE ALERT, AS","2",",a","2",",a","0",",a","20040509",",,a","11.0",",,a,09,","18.0",",,,a"
"ASN00040881","2004-06","-27.9561","153.4233","3.0","AIR SEA RESCUE ALERT, AS","4",",a","2",",a","0",",a","20040607",",,a","8.0",",,a,07,","16.0",",,,a"
"ASN00040881","2004-07","-27.9561","153.4233","3.0","AIR SEA RESCUE ALERT, AS","2",",a","0",",a","0",",a","20040711",",,a","2.0",",,a,11,","3.0",",,,a"
"ASN00040881","2004-08","-27.9561","153.4233","3.0","AIR SEA RESCUE ALERT, AS","1",",a","1",",a","0",",a","20040818",",,a","11.0",",,a,18,","11.0",",,,a"
"ASN00040881","2004-09","-27.9561","153.4233","3.0","AIR SEA RESCUE ALERT, AS","5",",a","2",",a","0",",a","20040909","+,,a","3.0",",,a,09,+","9.0",",,,a"
"ASN00040881","2004-10","-27.9561","153.4233","3.0","AIR SEA RESCUE ALERT, AS","4",",a","3",",a","1",",a","20041018",",,a","63.0",",,a,18,","87.0",",,,a"
"ASN00040881","2004-11","-27.9561","153.4233","3.0","AIR SEA RESCUE ALERT, AS","7",",a","6",",a","3",",a","20041108",",,a","150.0",",,a,08,","336.0",",,,a"
"ASN00040881","2004-12","-27.9561","153.4233","3.0","AIR SEA RESCUE ALERT, AS","8",",a","8",",a","1",",a","20041208",",,a","66.0",",,a,08,","159.0",",,,a"
"ASN00040881","2005-01","-27.9561","153.4233","3.0","AIR SEA RESCUE ALERT, AS","9",",a","7",",a","0",",a","20050118",",,a","25.0",",,a,18,","81.0",",,,a"
"ASN00040881","2005-02","-27.9561","153.4233","3.0","AIR SEA RESCUE ALERT, AS","2",",a","1",",a","0",",a","20050203",",,a","9.0",",,a,03,","10.0",",,,a"
"ASN00040881","2005-03","-27.9561","153.4233","3.0","AIR SEA RESCUE ALERT, AS","7","2,a","3","2,a","0","2,a","20050318",",2,a","11.0","2,,a,18,","24.0","2,,,a"
"ASN00040881","2005-04","-27.9561","153.4233","3.0","AIR SEA RESCUE ALERT, AS","10",",a","8",",a","2",",a","20050428",",,a","35.0",",,a,28,","122.0",",,,a"
"ASN00040881","2005-05","-27.9561","153.4233","3.0","AIR SEA RESCUE ALERT, AS","12",",a","8",",a","0",",a","20050503",",,a","22.0",",,a,03,","65.0",",,,a"
"ASN00040881","2005-06","-27.9561","153.4233","3.0","AIR SEA RESCUE ALERT, AS","9",",a","6",",a","2",",a","20050630",",,a","322.0",",,a,30,","405.0",",,,a"
"ASN00040881","2005-07","-27.9561","153.4233","3.0","AIR SEA RESCUE ALERT, AS","8",",a","5",",a","1",",a","20050701",",,a","98.0",",,a,01,","128.0",",,,a"
"ASN00040881","2005-10","-27.9561","153.4233","3.0","AIR SEA RESCUE ALERT, AS","8",",a","7",",a","0",",a","20051028",",,a","23.0",",,a,28,","65.0",",,,a"
"ASN00040881","2005-11","-27.9561","153.4233","3.0","AIR SEA RESCUE ALERT, AS","10",",a","7",",a","0",",a","20051124",",,a","18.0",",,a,24,","50.0",",,,a"
"ASN00040881","2005-12","-27.9561","153.4233","3.0","AIR SEA RESCUE ALERT, AS","9",",a","6",",a","2",",a","20051202",",,a","56.0",",,a,02,","158.0",",,,a"
"ASN00040881","2006-01","-27.9561","153.4233","3.0","AIR SEA RESCUE ALERT, AS","11","1,a","10","1,a","2","1,a","20060120",",1,a","65.0","1,,a,20,","185.0","1,,,a"
"ASN00040881","2006-02","-27.9561","153.4233","3.0","AIR SEA RESCUE ALERT, AS","12",",a","10",",a","0",",a","20060224","+,,a","16.0",",,a,24,+","94.0",",,,a"
"ASN00040881","2006-03","-27.9561","153.4233","3.0","AIR SEA RESCUE ALERT, AS","11",",a","8",",a","2",",a","20060304",",,a","70.0",",,a,04,","176.0",",,,a"
"ASN00040881","2006-04","-27.9561","153.4233","3.0","AIR SEA RESCUE ALERT, AS","3",",a","2",",a","1",",a","20060401",",,a","26.0",",,a,01,","34.0",",,,a"
"ASN00040881","2006-05","-27.9561","153.4233","3.0","AIR SEA RESCUE ALERT, AS","6",",a","3",",a","0",",a","20060501",",,a","19.0",",,a,01,","33.0",",,,a"
"ASN00040881","2006-06","-27.9561","153.4233","3.0","AIR SEA RESCUE ALERT, AS","8",",a","8",",a","4",",a","20060621",",,a","52.0",",,a,21,","203.0",",,,a"
"ASN00040881","2006-07","-27.9561","153.4233","3.0","AIR SEA RESCUE ALERT, AS","9",",a","5",",a","0",",a","20060729",",,a","23.0",",,a,29,","57.0",",,,a"
"ASN00040881","2006-08","-27.9561","153.4233","3.0","AIR SEA RESCUE ALERT, AS","5",",a","4",",a","0",",a","20060831",",,a","22.0",",,a,31,","47.0",",,,a"
"ASN00040881","2006-09","-27.9561","153.4233","3.0","AIR SEA RESCUE ALERT, AS","13",",a","6",",a","1",",a","20060911",",,a","34.0",",,a,11,","69.0",",,,a"
"ASN00040881","2006-10","-27.9561","153.4233","3.0","AIR SEA RESCUE ALERT, AS","5",",a","2",",a","0",",a","20061022","+,,a","13.0",",,a,22,+","30.0",",,,a"
"ASN00040881","2006-11","-27.9561","153.4233","3.0","AIR SEA RESCUE ALERT, AS","6",",a","4",",a","1",",a","20061109",",,a","54.0",",,a,09,","89.0",",,,a"
"ASN00040881","2007-01","-27.9561","153.4233","3.0","AIR SEA RESCUE ALERT, AS","8",",a","3",",a","1",",a","20070126",",,a","32.0",",,a,26,","60.0",",,,a"
"ASN00040881","2007-02","-27.9561","153.4233","3.0","AIR SEA RESCUE ALERT, AS","11",",a","8",",a","1",",a","20070213",",,a","98.0",",,a,13,","144.0",",,,a"
"ASN00040881","2007-03","-27.9561","153.4233","3.0","AIR SEA RESCUE ALERT, AS","6",",a","5",",a","0",",a","20070307",",,a","23.0",",,a,07,","72.0",",,,a"
"ASN00040881","2007-04","-27.9561","153.4233","3.0","AIR SEA RESCUE ALERT, AS","4",",a","1",",a","0",",a","20070409",",,a","3.0",",,a,09,","6.0",",,,a"
"ASN00040881","2007-05","-27.9561","153.4233","3.0","AIR SEA RESCUE ALERT, AS","9",",a","5",",a","0",",a","20070513",",,a","7.0",",,a,13,","32.0",",,,a"
"ASN00040881","2007-06","-27.9561","153.4233","3.0","AIR SEA RESCUE ALERT, AS","5",",a","5",",a","2",",a","20070606",",,a","44.0",",,a,06,","121.0",",,,a"
"ASN00040881","2007-07","-27.9561","153.4233","3.0","AIR SEA RESCUE ALERT, AS","0",",a","0",",a","0",",a","20070731","+,,a","0.0",",,a,31,+","0.0",",,,a"
"ASN00040881","2007-08","-27.9561","153.4233","3.0","AIR SEA RESCUE ALERT, AS","8",",a","6",",a","3",",a","20070822",",,a","47.0",",,a,22,","152.0",",,,a"
"ASN00040881","2007-09","-27.9561","153.4233","3.0","AIR SEA RESCUE ALERT, AS","4",",a","4",",a","1",",a","20070905",",,a","60.0",",,a,05,","87.0",",,,a"
"ASN00040881","2007-10","-27.9561","153.4233","3.0","AIR SEA RESCUE ALERT, AS","9",",a","7",",a","3",",a","20071029",",,a","48.0",",,a,29,","132.0",",,,a"
"ASN00040881","2007-11","-27.9561","153.4233","3.0","AIR SEA RESCUE ALERT, AS","11",",a","9",",a","0",",a","20071108",",,a","25.0",",,a,08,","67.0",",,,a"
"ASN00040881","2007-12","-27.9561","153.4233","3.0","AIR SEA RESCUE ALERT, AS","13",",a","10",",a","1",",a","20071206",",,a","32.0",",,a,06,","122.0",",,,a"
"ASN00040881","2008-01","-27.9561","153.4233","3.0","AIR SEA RESCUE ALERT, AS","15",",a","12",",a","3",",a","20080105",",,a","49.0",",,a,05,","195.0",",,,a"
"ASN00040881","2008-02","-27.9561","153.4233","3.0","AIR SEA RESCUE ALERT, AS","13",",a","12",",a","2",",a","20080213",",,a","38.0",",,a,13,","164.0",",,,a"
"ASN00040881","2008-03","-27.9561","153.4233","3.0","AIR SEA RESCUE ALERT, AS","14",",a","8",",a","0",",a","20080327",",,a","8.0",",,a,27,","41.0",",,,a"
"ASN00040881","2008-04","-27.9561","153.4233","3.0","AIR SEA RESCUE ALERT, AS","10",",a","7",",a","0",",a","20080411",",,a","21.0",",,a,11,","80.0",",,,a"
"ASN00040881","2008-05","-27.9561","153.4233","3.0","AIR SEA RESCUE ALERT, AS","6",",a","3",",a","0",",a","20080530",",,a","23.0",",,a,30,","37.0",",,,a"
"ASN00040881","2008-06","-27.9561","153.4233","3.0","AIR SEA RESCUE ALERT, AS","8",",a","6",",a","1",",a","20080603",",,a","30.0",",,a,03,","84.0",",,,a"
"ASN00040881","2008-07","-27.9561","153.4233","3.0","AIR SEA RESCUE ALERT, AS","10",",a","7",",a","1",",a","20080705",",,a","32.0",",,a,05,","107.0",",,,a"
"ASN00040881","2008-08","-27.9561","153.4233","3.0","AIR SEA RESCUE ALERT, AS","0",",a","0",",a","0",",a","20080831","+,,a","0.0",",,a,31,+","0.0",",,,a"
"ASN00040881","2008-09","-27.9561","153.4233","3.0","AIR SEA RESCUE ALERT, AS","6",",a","3",",a","1",",a","20080905",",,a","39.0",",,a,05,","62.0",",,,a"
"ASN00040881","2008-10","-27.9561","153.4233","3.0","AIR SEA RESCUE ALERT, AS","8",",a","7",",a","0",",a","20081010",",,a","21.0",",,a,10,","91.0",",,,a"
"ASN00040881","2008-11","-27.9561","153.4233","3.0","AIR SEA RESCUE ALERT, AS","15",",a","13",",a","4",",a","20081120",",,a","86.0",",,a,20,","373.0",",,,a"
"ASN00040881","2008-12","-27.9561","153.4233","3.0","AIR SEA RESCUE ALERT, AS","12",",a","10",",a","0",",a","20081229",",,a","23.0",",,a,29,","108.0",",,,a"
"ASN00040881","2009-01","-27.9561","153.4233","3.0","AIR SEA RESCUE ALERT, AS","11",",a","8",",a","1",",a","20090123",",,a","50.0",",,a,23,","97.0",",,,a"
"ASN00040881","2009-02","-27.9561","153.4233","3.0","AIR SEA RESCUE ALERT, AS","13",",a","10",",a","3",",a","20090214",",,a","59.0",",,a,14,","178.0",",,,a"
"ASN00040881","2009-03","-27.9561","153.4233","3.0","AIR SEA RESCUE ALERT, AS","13",",a","10",",a","0",",a","20090330",",,a","23.0",",,a,30,","89.0",",,,a"
"ASN00040881","2009-04","-27.9561","153.4233","3.0","AIR SEA RESCUE ALERT, AS","12",",a","9",",a","4",",a","20090404",",,a","136.0",",,a,04,","386.0",",,,a"
"ASN00040881","2009-05","-27.9561","153.4233","3.0","AIR SEA RESCUE ALERT, AS","9",",a","8",",a","3",",a","20090521",",,a","68.0",",,a,21,","189.0",",,,a"
"ASN00040881","2009-06","-27.9561","153.4233","3.0","AIR SEA RESCUE ALERT, AS","10",",a","8",",a","2",",a","20090623",",,a","49.0",",,a,23,","123.0",",,,a"
"ASN00040881","2009-07","-27.9561","153.4233","3.0","AIR SEA RESCUE ALERT, AS","2",",a","1",",a","0",",a","20090708",",,a","4.0",",,a,08,","5.0",",,,a"
"ASN00040881","2009-08","-27.9561","153.4233","3.0","AIR SEA RESCUE ALERT, AS","1",",a","1",",a","0",",a","20090831",",,a","3.0",",,a,31,","3.0",",,,a"
"ASN00040881","2009-09","-27.9561","153.4233","3.0","AIR SEA RESCUE ALERT, AS","2",",a","2",",a","0",",a","20090908",",,a","5.0",",,a,08,","8.0",",,,a"
"ASN00040881","2009-10","-27.9561","153.4233","3.0","AIR SEA RESCUE ALERT, AS","5",",a","3",",a","0",",a","20091029",",,a","8.0",",,a,29,","18.0",",,,a"
"ASN00040881","2009-11","-27.9561","153.4233","3.0","AIR SEA RESCUE ALERT, AS","6",",a","4",",a","1",",a","20091101",",,a","28.0",",,a,01,","58.0",",,,a"
"ASN00040881","2009-12","-27.9561","153.4233","3.0","AIR SEA RESCUE ALERT, AS","8",",a","6",",a","2",",a","20091230",",,a","39.0",",,a,30,","89.0",",,,a"
"ASN00040881","2010-01","-27.9561","153.4233","3.0","AIR SEA RESCUE ALERT, AS","6",",a","3",",a","1",",a","20100129",",,a","26.0",",,a,29,","62.0",",,,a"
"ASN00040881","2010-02","-27.9561","153.4233","3.0","AIR SEA RESCUE ALERT, AS","16",",a","13",",a","4",",a","20100207",",,a","97.0",",,a,07,","272.0",",,,a"
"ASN00040881","2010-03","-27.9561","153.4233","3.0","AIR SEA RESCUE ALERT, AS","14",",a","8",",a","1",",a","20100302",",,a","104.0",",,a,02,","198.0",",,,a"
"ASN00040881","2010-04","-27.9561","153.4233","3.0","AIR SEA RESCUE ALERT, AS","8",",a","7",",a","0",",a","20100421",",,a","23.0",",,a,21,","60.0",",,,a"
"ASN00040881","2010-05","-27.9561","153.4233","3.0","AIR SEA RESCUE ALERT, AS","7",",a","6",",a","2",",a","20100504",",,a","110.0",",,a,04,","185.0",",,,a"
"ASN00040881","2010-06","-27.9561","153.4233","3.0","AIR SEA RESCUE ALERT, AS","3",",a","2",",a","0",",a","20100623",",,a","5.0",",,a,23,","9.0",",,,a"
"ASN00040881","2010-07","-27.9561","153.4233","3.0","AIR SEA RESCUE ALERT, AS","6",",a","4",",a","1",",a","20100728",",,a","35.0",",,a,28,","64.0",",,,a"
"ASN00040881","2010-08","-27.9561","153.4233","3.0","AIR SEA RESCUE ALERT, AS","5",",a","4",",a","1",",a","20100811",",,a","52.0",",,a,11,","73.0",",,,a"
"ASN00040881","2010-09","-27.9561","153.4233","3.0","AIR SEA RESCUE ALERT, AS","9",",a","5",",a","1",",a","20100929",",,a","30.0",",,a,29,","80.0",",,,a"
"ASN00040881","2010-10","-27.9561","153.4233","3.0","AIR SEA RESCUE ALERT, AS","12",",a","9",",a","5",",a","20101004",",,a","117.0",",,a,04,","359.0",",,,a"
"ASN00040881","2010-11","-27.9561","153.4233","3.0","AIR SEA RESCUE ALERT, AS","8",",a","5",",a","0",",a","20101119","+,,a","9.0",",,a,19,+","32.0",",,,a"
"ASN00040881","2010-12","-27.9561","153.4233","3.0","AIR SEA RESCUE ALERT, AS","21",",a","14",",a","7",",a","20101227",",,a","107.0",",,a,27,","512.0",",,,a"
"ASN00040881","2011-01","-27.9561","153.4233","3.0","AIR SEA RESCUE ALERT, AS","11",",a","8",",a","2",",a","20110106",",,a","39.0",",,a,06,","141.0",",,,a"
"ASN00040881","2011-02","-27.9561","153.4233","3.0","AIR SEA RESCUE ALERT, AS","10",",a","8",",a","1",",a","20110222",",,a","35.0",",,a,22,","100.0",",,,a"
"ASN00040881","2011-03","-27.9561","153.4233","3.0","AIR SEA RESCUE ALERT, AS","15",",a","10",",a","3",",a","20110303",",,a","58.0",",,a,03,","192.0",",,,a"
"ASN00040881","2011-04","-27.9561","153.4233","3.0","AIR SEA RESCUE ALERT, AS","17","1,a","12","1,a","1","1,a","20110419",",1,a","34.0","1,,a,19,","130.0","1,,,a"
"ASN00040881","2011-05","-27.9561","153.4233","3.0","AIR SEA RESCUE ALERT, AS","13",",a","8",",a","0",",a","20110520",",,a","10.0",",,a,20,","54.0",",,,a"
"ASN00040881","2011-06","-27.9561","153.4233","3.0","AIR SEA RESCUE ALERT, AS","6",",a","3",",a","0",",a","20110612",",,a","9.0",",,a,12,","20.0",",,,a"
"ASN00040881","2011-07","-27.9561","153.4233","3.0","AIR SEA RESCUE ALERT, AS","3","1,a","1","1,a","0","1,a","20110716",",1,a","21.0","1,,a,16,","25.0","1,,,a"
"ASN00040881","2011-09","-27.9561","153.4233","3.0","AIR SEA RESCUE ALERT, AS","4","1,a","3","1,a","0","1,a","20110910",",1,a","8.0","1,,a,10,","17.0","1,,,a"
"ASN00040881","2011-10","-27.9561","153.4233","3.0","AIR SEA RESCUE ALERT, AS","11",",a","8",",a","0",",a","20111015",",,a","18.0",",,a,15,","72.0",",,,a"
"ASN00040881","2011-11","-27.9561","153.4233","3.0","AIR SEA RESCUE ALERT, AS","4",",a","2",",a","0",",a","20111124",",,a","25.0",",,a,24,","32.0",",,,a"
"ASN00040881","2011-12","-27.9561","153.4233","3.0","AIR SEA RESCUE ALERT, AS","12",",a","9",",a","1",",a","20111208",",,a","68.0",",,a,08,","148.0",",,,a"
"ASN00040881","2012-01","-27.9561","153.4233","3.0","AIR SEA RESCUE ALERT, AS","11",",a","11",",a","5",",a","20120125",",,a","189.0",",,a,25,","395.0",",,,a"
"ASN00040881","2012-02","-27.9561","153.4233","3.0","AIR SEA RESCUE ALERT, AS","12",",a","7",",a","1",",a","20120225",",,a","82.0",",,a,25,","140.0",",,,a"
"ASN00040881","2012-03","-27.9561","153.4233","3.0","AIR SEA RESCUE ALERT, AS","14",",a","9",",a","1",",a","20120303",",,a","61.0",",,a,03,","135.0",",,,a"
"ASN00040881","2012-04","-27.9561","153.4233","3.0","AIR SEA RESCUE ALERT, AS","12",",a","10",",a","3",",a","20120429",",,a","141.0",",,a,29,","258.0",",,,a"
"ASN00040881","2012-05","-27.9561","153.4233","3.0","AIR SEA RESCUE ALERT, AS","6",",a","5",",a","0",",a","20120504",",,a","20.0",",,a,04,","41.0",",,,a"
"ASN00040881","2012-06","-27.9561","153.4233","3.0","AIR SEA RESCUE ALERT, AS","9",",a","8",",a","3",",a","20120603",",,a","70.0",",,a,03,","184.0",",,,a"
"ASN00040881","2012-07","-27.9561","153.4233","3.0","AIR SEA RESCUE ALERT, AS","9",",a","6",",a","0",",a","20120713",",,a","16.0",",,a,13,","57.0",",,,a"
"ASN00040881","2012-08","-27.9561","153.4233","3.0","AIR SEA RESCUE ALERT, AS","0",",a","0",",a","0",",a","20120831","+,,a","0.0",",,a,31,+","0.0",",,,a"
"ASN00040881","2012-09","-27.9561","153.4233","3.0","AIR SEA RESCUE ALERT, AS","4",",a","2",",a","0",",a","20120918",",,a","5.0",",,a,18,","10.0",",,,a"
"ASN00040881","2012-10","-27.9561","153.4233","3.0","AIR SEA RESCUE ALERT, AS","4",",a","1",",a","0",",a","20121012",",,a","9.0",",,a,12,","13.0",",,,a"
"ASN00040881","2012-11","-27.9561","153.4233","3.0","AIR SEA RESCUE ALERT, AS","5",",a","5",",a","0",",a","20121111",",,a","15.0",",,a,11,","44.0",",,,a"
"ASN00040881","2012-12","-27.9561","153.4233","3.0","AIR SEA RESCUE ALERT, AS","11",",a","5",",a","1",",a","20121229",",,a","37.0",",,a,29,","87.0",",,,a"
"ASN00040881","2013-01","-27.9561","153.4233","3.0","AIR SEA RESCUE ALERT, AS","8",",a","8",",a","3",",a","20130128",",,a","114.0",",,a,28,","237.0",",,,a"
"ASN00040881","2013-02","-27.9561","153.4233","3.0","AIR SEA RESCUE ALERT, AS","16",",a","12",",a","4",",a","20130224",",,a","50.0",",,a,24,","253.0",",,,a"
"ASN00040881","2013-03","-27.9561","153.4233","3.0","AIR SEA RESCUE ALERT, AS","15",",a","9",",a","2",",a","20130303",",,a","89.0",",,a,03,","217.0",",,,a"
"ASN00040881","2013-04","-27.9561","153.4233","3.0","AIR SEA RESCUE ALERT, AS","11",",a","8",",a","5",",a","20130408",",,a","45.0",",,a,08,","210.0",",,,a"
"ASN00040881","2013-05","-27.9561","153.4233","3.0","AIR SEA RESCUE ALERT, AS","9",",a","6",",a","0",",a","20130531",",,a","23.0",",,a,31,","71.0",",,,a"
"ASN00040881","2013-06","-27.9561","153.4233","3.0","AIR SEA RESCUE ALERT, AS","11",",a","7",",a","1",",a","20130628",",,a","50.0",",,a,28,","124.0",",,,a"
"ASN00040881","2013-07","-27.9561","153.4233","3.0","AIR SEA RESCUE ALERT, AS","14",",a","8",",a","2",",a","20130702",",,a","50.0",",,a,02,","121.0",",,,a"
"ASN00040881","2013-08","-27.9561","153.4233","3.0","AIR SEA RESCUE ALERT, AS","0",",a","0",",a","0",",a","20130831","+,,a","0.0",",,a,31,+","0.0",",,,a"
"ASN00040881","2013-09","-27.9561","153.4233","3.0","AIR SEA RESCUE ALERT, AS","2",",a","2",",a","0",",a","20130917",",,a","21.0",",,a,17,","27.0",",,,a"
"ASN00040881","2013-10","-27.9561","153.4233","3.0","AIR SEA RESCUE ALERT, AS","2",",a","1",",a","0",",a","20131030",",,a","10.0",",,a,30,","11.0",",,,a"
"ASN00040881","2013-11","-27.9561","153.4233","3.0","AIR SEA RESCUE ALERT, AS","12",",a","10",",a","0",",a","20131130","+,,a","14.0",",,a,30,+","80.0",",,,a"
"ASN00040881","2013-12","-27.9561","153.4233","3.0","AIR SEA RESCUE ALERT, AS","4",",a","2",",a","0",",a","20131201",",,a","9.0",",,a,01,","17.0",",,,a"
"ASN00040881","2014-01","-27.9561","153.4233","3.0","AIR SEA RESCUE ALERT, AS","8",",a","3",",a","0",",a","20140124",",,a","19.0",",,a,24,","43.0",",,,a"
"ASN00040881","2014-02","-27.9561","153.4233","3.0","AIR SEA RESCUE ALERT, AS","3",",a","3",",a","0",",a","20140224",",,a","6.0",",,a,24,","14.0",",,,a"
"ASN00040881","2014-03","-27.9561","153.4233","3.0","AIR SEA RESCUE ALERT, AS","12",",a","6",",a","1",",a","20140328",",,a","104.0",",,a,28,","151.0",",,,a"
"ASN00040881","2014-04","-27.9561","153.4233","3.0","AIR SEA RESCUE ALERT, AS","6",",a","3",",a","1",",a","20140428",",,a","34.0",",,a,28,","47.0",",,,a"
"ASN00040881","2014-05","-27.9561","153.4233","3.0","AIR SEA RESCUE ALERT, AS","11",",a","7",",a","0",",a","20140517",",,a","13.0",",,a,17,","55.0",",,,a"
"ASN00040881","2014-06","-27.9561","153.4233","3.0","AIR SEA RESCUE ALERT, AS","6",",a","1",",a","0",",a","20140601",",,a","6.0",",,a,01,","13.0",",,,a"
"ASN00040881","2014-07","-27.9561","153.4233","3.0","AIR SEA RESCUE ALERT, AS","2",",a","1",",a","0",",a","20140723",",,a","4.0",",,a,23,","5.0",",,,a"
"ASN00040881","2014-08","-27.9561","153.4233","3.0","AIR SEA RESCUE ALERT, AS","7",",a","5",",a","2",",a","20140817",",,a","72.0",",,a,17,","156.0",",,,a"
"ASN00040881","2014-09","-27.9561","153.4233","3.0","AIR SEA RESCUE ALERT, AS","10",",a","5",",a","0",",a","20140928",",,a","18.0",",,a,28,","43.0",",,,a"
"ASN00040881","2014-10","-27.9561","153.4233","3.0","AIR SEA RESCUE ALERT, AS","1",",a","0",",a","0",",a","20141014",",,a","1.0",",,a,14,","1.0",",,,a"
"ASN00040881","2014-11","-27.9561","153.4233","3.0","AIR SEA RESCUE ALERT, AS","4",",a","3",",a","0",",a","20141128",",,a","10.0",",,a,28,","19.0",",,,a"
"ASN00040881","2014-12","-27.9561","153.4233","3.0","AIR SEA RESCUE ALERT, AS","10",",a","10",",a","3",",a","20141210",",,a","42.0",",,a,10,","173.0",",,,a"
"ASN00040881","2015-01","-27.9561","153.4233","3.0","AIR SEA RESCUE ALERT, AS","16",",a","11",",a","5",",a","20150124",",,a","162.0",",,a,24,","389.0",",,,a"
"ASN00040881","2015-02","-27.9561","153.4233","3.0","AIR SEA RESCUE ALERT, AS","19",",a","13",",a","4",",a","20150220",",,a","110.0",",,a,20,","319.0",",,,a"
"ASN00040881","2015-03","-27.9561","153.4233","3.0","AIR SEA RESCUE ALERT, AS","5",",a","4",",a","1",",a","20150322",",,a","49.0",",,a,22,","82.0",",,,a"
"ASN00040881","2015-04","-27.9561","153.4233","3.0","AIR SEA RESCUE ALERT, AS","9",",a","8",",a","3",",a","20150401",",,a","88.0",",,a,01,","212.0",",,,a"
"ASN00040881","2015-05","-27.9561","153.4233","3.0","AIR SEA RESCUE ALERT, AS","6",",a","4",",a","2",",a","20150502",",,a","83.0",",,a,02,","147.0",",,,a"
"ASN00040881","2015-06","-27.9561","153.4233","3.0","AIR SEA RESCUE ALERT, AS","13",",a","9",",a","0",",a","20150617",",,a","14.0",",,a,17,","72.0",",,,a"
"ASN00040881","2015-07","-27.9561","153.4233","3.0","AIR SEA RESCUE ALERT, AS","5",",a","5",",a","1",",a","20150724",",,a","38.0",",,a,24,","76.0",",,,a"
"ASN00040881","2015-08","-27.9561","153.4233","3.0","AIR SEA RESCUE ALERT, AS","4",",a","3",",a","0",",a","20150822",",,a","12.0",",,a,22,","23.0",",,,a"
"ASN00040881","2015-09","-27.9561","153.4233","3.0","AIR SEA RESCUE ALERT, AS","8",",a","5",",a","0",",a","20150907",",,a","14.0",",,a,07,","38.0",",,,a"
"ASN00040881","2015-10","-27.9561","153.4233","3.0","AIR SEA RESCUE ALERT, AS","5",",a","3",",a","0",",a","20151009",",,a","7.0",",,a,09,","19.0",",,,a"
"ASN00040881","2015-11","-27.9561","153.4233","3.0","AIR SEA RESCUE ALERT, AS","11",",a","6",",a","0",",a","20151109",",,a","24.0",",,a,09,","79.0",",,,a"
"ASN00040881","2015-12","-27.9561","153.4233","3.0","AIR SEA RESCUE ALERT, AS","10",",a","6",",a","0",",a","20151228",",,a","24.0",",,a,28,","82.0",",,,a"
"ASN00040881","2016-01","-27.9561","153.4233","3.0","AIR SEA RESCUE ALERT, AS","6",",a","4",",a","0",",a","20160130",",,a","18.0",",,a,30,","55.0",",,,a"
"ASN00040881","2016-02","-27.9561","153.4233","3.0","AIR SEA RESCUE ALERT, AS","9",",a","3",",a","0",",a","20160204",",,a","11.0",",,a,04,","33.0",",,,a"
"ASN00040881","2016-03","-27.9561","153.4233","3.0","AIR SEA RESCUE ALERT, AS","14",",a","9",",a","0",",a","20160316",",,a","17.0",",,a,16,","83.0",",,,a"
"ASN00040881","2016-04","-27.9561","153.4233","3.0","AIR SEA RESCUE ALERT, AS","7",",a","6",",a","1",",a","20160412",",,a","69.0",",,a,12,","101.0",",,,a"
"ASN00040881","2016-05","-27.9561","153.4233","3.0","AIR SEA RESCUE ALERT, AS","3",",a","2",",a","0",",a","20160502",",,a","5.0",",,a,02,","10.0",",,,a"
"ASN00040881","2016-06","-27.9561","153.4233","3.0","AIR SEA RESCUE ALERT, AS","7",",a","5",",a","3",",a","20160605",",,a","125.0",",,a,05,","261.0",",,,a"
"ASN00040881","2016-07","-27.9561","153.4233","3.0","AIR SEA RESCUE ALERT, AS","2",",a","2",",a","0",",a","20160717","+,,a","5.0",",,a,17,+","10.0",",,,a"
"ASN00040881","2016-08","-27.9561","153.4233","3.0","AIR SEA RESCUE ALERT, AS","8",",a","4",",a","0",",a","20160825",",,a","24.0",",,a,25,","74.0",",,,a"
"ASN00040881","2016-09","-27.9561","153.4233","3.0","AIR SEA RESCUE ALERT, AS","7",",a","3",",a","0",",a","20160911",",,a","8.0",",,a,11,","25.0",",,,a"
"ASN00040881","2016-10","-27.9561","153.4233","3.0","AIR SEA RESCUE ALERT, AS","4",",a","2",",a","0",",a","20161004",",,a","18.0",",,a,04,","24.0",",,,a"
"ASN00040881","2016-11","-27.9561","153.4233","3.0","AIR SEA RESCUE ALERT, AS","2",",a","2",",a","0",",a","20161110",",,a","13.0",",,a,10,","18.0",",,,a"
"ASN00040881","2016-12","-27.9561","153.4233","3.0","AIR SEA RESCUE ALERT, AS","9",",a","4",",a","0",",a","20161206",",,a","16.0",",,a,06,","44.0",",,,a"
"ASN00040881","2017-01","-27.9561","153.4233","3.0","AIR SEA RESCUE ALERT, AS","9",",a","8",",a","2",",a","20170115",",,a","41.0",",,a,15,","142.0",",,,a"
"ASN00040881","2017-02","-27.9561","153.4233","3.0","AIR SEA RESCUE ALERT, AS","4",",a","2",",a","0",",a","20170210","+,,a","9.0",",,a,10,+","21.0",",,,a"
"ASN00040881","2017-03","-27.9561","153.4233","3.0","AIR SEA RESCUE ALERT, AS","16",",a","11",",a","3",",a","20170331",",,a","96.0",",,a,31,","355.0",",,,a"
"ASN00040881","2017-04","-27.9561","153.4233","3.0","AIR SEA RESCUE ALERT, AS","5",",a","2",",a","0",",a","20170422",",,a","13.0",",,a,22,","20.0",",,,a"
"ASN00040881","2017-05","-27.9561","153.4233","3.0","AIR SEA RESCUE ALERT, AS","7",",a","5",",a","1",",a","20170520",",,a","47.0",",,a,20,","67.0",",,,a"
"ASN00040881","2017-06","-27.9561","153.4233","3.0","AIR SEA RESCUE ALERT, AS","6",",a","6",",a","2",",a","20170612",",,a","37.0",",,a,12,","122.0",",,,a"
"ASN00040881","2017-07","-27.9561","153.4233","3.0","AIR SEA RESCUE ALERT, AS","3",",a","1",",a","0",",a","20170707",",,a","9.0",",,a,07,","12.0",",,,a"
"ASN00040881","2017-08","-27.9561","153.4233","3.0","AIR SEA RESCUE ALERT, AS","1",",a","0",",a","0",",a","20170825",",,a","2.0",",,a,25,","2.0",",,,a"
"ASN00040881","2017-09","-27.9561","153.4233","3.0","AIR SEA RESCUE ALERT, AS","1",",a","0",",a","0",",a","20170923",",,a","2.0",",,a,23,","2.0",",,,a"
"ASN00040881","2017-10","-27.9561","153.4233","3.0","AIR SEA RESCUE ALERT, AS","9",",a","9",",a","3",",a","20171016",",,a","42.0",",,a,16,","134.0",",,,a"
"ASN00040881","2017-11","-27.9561","153.4233","3.0","AIR SEA RESCUE ALERT, AS","12",",a","12",",a","0",",a","20171122",",,a","21.0",",,a,22,","93.0",",,,a"
"ASN00040881","2017-12","-27.9561","153.4233","3.0","AIR SEA RESCUE ALERT, AS","8",",a","7",",a","1",",a","20171205",",,a","40.0",",,a,05,","79.0",",,,a"
"ASN00040881","2018-01","-27.9561","153.4233","3.0","AIR SEA RESCUE ALERT, AS","6",",a","6",",a","0",",a","20180103",",,a","15.0",",,a,03,","49.0",",,,a"
"ASN00040881","2018-02","-27.9561","153.4233","3.0","AIR SEA RESCUE ALERT, AS","12",",a","11",",a","2",",a","20180224",",,a","129.0",",,a,24,","240.0",",,,a"
"ASN00040881","2018-03","-27.9561","153.4233","3.0","AIR SEA RESCUE ALERT, AS","16",",a","11",",a","2",",a","20180306",",,a","52.0",",,a,06,","175.0",",,,a"
"ASN00040881","2018-04","-27.9561","153.4233","3.0","AIR SEA RESCUE ALERT, AS","10",",a","5",",a","0",",a","20180404",",,a","13.0",",,a,04,","31.0",",,,a"
"ASN00040881","2018-05","-27.9561","153.4233","3.0","AIR SEA RESCUE ALERT, AS","6",",a","3",",a","0",",a","20180527","+,,a","4.0",",,a,27,+","16.0",",,,a"
"ASN00040881","2018-06","-27.9561","153.4233","3.0","AIR SEA RESCUE ALERT, AS","6",",a","4",",a","0",",a","20180607",",,a","24.0",",,a,07,","47.0",",,,a"
"ASN00040881","2018-07","-27.9561","153.4233","3.0","AIR SEA RESCUE ALERT, AS","6",",a","3",",a","0",",a","20180712",",,a","17.0",",,a,12,","38.0",",,,a"
"ASN00040881","2018-08","-27.9561","153.4233","3.0","AIR SEA RESCUE ALERT, AS","4",",a","3",",a","0",",a","20180826",",,a","23.0",",,a,26,","46.0",",,,a"
"ASN00040881","2018-09","-27.9561","153.4233","3.0","AIR SEA RESCUE ALERT, AS","9",",a","7",",a","1",",a","20180905",",,a","27.0",",,a,05,","66.0",",,,a"
"ASN00040881","2018-10","-27.9561","153.4233","3.0","AIR SEA RESCUE ALERT, AS","14",",a","8",",a","0",",a","20181011",",,a","23.0",",,a,11,","138.0",",,,a"
"ASN00040881","2018-11","-27.9561","153.4233","3.0","AIR SEA RESCUE ALERT, AS","4",",a","1",",a","0",",a","20181118",",,a","19.0",",,a,18,","25.0",",,,a"
"ASN00040881","2018-12","-27.9561","153.4233","3.0","AIR SEA RESCUE ALERT, AS","5",",a","3",",a","1",",a","20181217",",,a","31.0",",,a,17,","62.0",",,,a"
"ASN00040881","2019-01","-27.9561","153.4233","3.0","AIR SEA RESCUE ALERT, AS","2",",a","0",",a","0",",a","20190103",",,a","2.0",",,a,03,","3.0",",,,a"
"ASN00040881","2019-02","-27.9561","153.4233","3.0","AIR SEA RESCUE ALERT, AS","9",",a","4",",a","0",",a","20190207",",,a","14.0",",,a,07,","46.0",",,,a"
"ASN00040881","2019-03","-27.9561","153.4233","3.0","AIR SEA RESCUE ALERT, AS","15",",a","12",",a","4",",a","20190318",",,a","100.0",",,a,18,","303.0",",,,a"
"ASN00040881","2019-04","-27.9561","153.4233","3.0","AIR SEA RESCUE ALERT, AS","10",",a","8",",a","0",",a","20190421",",,a","25.0",",,a,21,","78.0",",,,a"
"ASN00040881","2019-05","-27.9561","153.4233","3.0","AIR SEA RESCUE ALERT, AS","13",",a","6",",a","0",",a","20190520",",,a","13.0",",,a,20,","57.0",",,,a"
"ASN00040881","2019-06","-27.9561","153.4233","3.0","AIR SEA RESCUE ALERT, AS","9",",a","7",",a","1",",a","20190626",",,a","31.0",",,a,26,","74.0",",,,a"
"ASN00040881","2019-07","-27.9561","153.4233","3.0","AIR SEA RESCUE ALERT, AS","6",",a","4",",a","0",",a","20190705",",,a","10.0",",,a,05,","27.0",",,,a"
"ASN00040881","2019-08","-27.9561","153.4233","3.0","AIR SEA RESCUE ALERT, AS","3",",a","1",",a","0",",a","20190803",",,a","4.0",",,a,03,","7.0",",,,a"
"ASN00040881","2019-09","-27.9561","153.4233","3.0","AIR SEA RESCUE ALERT, AS","2",",a","1",",a","0",",a","20190918",",,a","7.0",",,a,18,","8.0",",,,a"
"ASN00040881","2019-10","-27.9561","153.4233","3.0","AIR SEA RESCUE ALERT, AS","4",",a","3",",a","0",",a","20191012",",,a","18.0",",,a,12,","40.0",",,,a"
"ASN00040881","2019-11","-27.9561","153.4233","3.0","AIR SEA RESCUE ALERT, AS","3",",a","0",",a","0",",a","20191124","+,,a","1.0",",,a,24,+","3.0",",,,a"
"ASN00040881","2019-12","-27.9561","153.4233","3.0","AIR SEA RESCUE ALERT, AS","8",",a","6",",a","2",",a","20191214",",,a","120.0",",,a,14,","184.0",",,,a"
"ASN00040881","2020-01","-27.9561","153.4233","3.0","AIR SEA RESCUE ALERT, AS","8",",a","5",",a","3",",a","20200118",",,a","247.0",",,a,18,","334.0",",,,a"
"ASN00040881","2020-02","-27.9561","153.4233","3.0","AIR SEA RESCUE ALERT, AS","16",",a","14",",a","5",",a","20200213",",,a","161.0",",,a,13,","594.0",",,,a"
"ASN00040881","2020-03","-27.9561","153.4233","3.0","AIR SEA RESCUE ALERT, AS","10",",a","7",",a","1",",a","20200310",",,a","52.0",",,a,10,","109.0",",,,a"
"ASN00040881","2020-04","-27.9561","153.4233","3.0","AIR SEA RESCUE ALERT, AS","3",",a","3",",a","0",",a","20200411",",,a","6.0",",,a,11,","16.0",",,,a"
"ASN00040881","2020-05","-27.9561","153.4233","3.0","AIR SEA RESCUE ALERT, AS","5",",a","3",",a","0",",a","20200520",",,a","10.0",",,a,20,","20.0",",,,a"
"ASN00040881","2020-06","-27.9561","153.4233","3.0","AIR SEA RESCUE ALERT, AS","7",",a","4",",a","1",",a","20200611",",,a","26.0",",,a,11,","63.0",",,,a"
"ASN00040881","2020-07","-27.9561","153.4233","3.0","AIR SEA RESCUE ALERT, AS","6",",a","5",",a","1",",a","20200726",",,a","90.0",",,a,26,","136.0",",,,a"
"ASN00040881","2020-08","-27.9561","153.4233","3.0","AIR SEA RESCUE ALERT, AS","1",",a","1",",a","0",",a","20200808",",,a","12.0",",,a,08,","12.0",",,,a"
"ASN00040881","2020-09","-27.9561","153.4233","3.0","AIR SEA RESCUE ALERT, AS","3",",a","3",",a","1",",a","20200919",",,a","29.0",",,a,19,","41.0",",,,a"
"ASN00040881","2020-10","-27.9561","153.4233","3.0","AIR SEA RESCUE ALERT, AS","7",",a","4",",a","0",",a","20201028",",,a","20.0",",,a,28,","59.0",",,,a"
"ASN00040881","2020-11","-27.9561","153.4233","3.0","AIR SEA RESCUE ALERT, AS","3",",a","1",",a","0",",a","20201101",",,a","13.0",",,a,01,","15.0",",,,a"
"ASN00040881","2020-12","-27.9561","153.4233","3.0","AIR SEA RESCUE ALERT, AS","10",",a","9",",a","4",",a","20201213",",,a","98.0",",,a,13,","272.0",",,,a"
"ASN00040881","2021-01","-27.9561","153.4233","3.0","AIR SEA RESCUE ALERT, AS","14",",a","10",",a","2",",a","20210118",",,a","40.0",",,a,18,","134.0",",,,a"
"ASN00040881","2021-02","-27.9561","153.4233","3.0","AIR SEA RESCUE ALERT, AS","9",",a","9",",a","2",",a","20210219",",,a","43.0",",,a,19,","148.0",",,,a"
"ASN00040881","2021-03","-27.9561","153.4233","3.0","AIR SEA RESCUE ALERT, AS","18",",a","15",",a","5",",a","20210311",",,a","70.0",",,a,11,","373.0",",,,a"
"ASN00040881","2021-04","-27.9561","153.4233","3.0","AIR SEA RESCUE ALERT, AS","9",",a","7",",a","2",",a","20210406",",,a","70.0",",,a,06,","179.0",",,,a"
"ASN00040881","2021-05","-27.9561","153.4233","3.0","AIR SEA RESCUE ALERT, AS","7",",a","5",",a","1",",a","20210501",",,a","33.0",",,a,01,","89.0",",,,a"
"ASN00040881","2021-06","-27.9561","153.4233","3.0","AIR SEA RESCUE ALERT, AS","7",",a","2",",a","0",",a","20210630",",,a","8.0",",,a,30,","17.0",",,,a"
"ASN00040881","2021-07","-27.9561","153.4233","3.0","AIR SEA RESCUE ALERT, AS","7",",a","4",",a","0",",a","20210702",",,a","12.0",",,a,02,","41.0",",,,a"
"ASN00040881","2021-08","-27.9561","153.4233","3.0","AIR SEA RESCUE ALERT, AS","4",",a","0",",a","0",",a","20210819",",,a","2.0",",,a,19,","5.0",",,,a"
"ASN00040881","2021-09","-27.9561","153.4233","3.0","AIR SEA RESCUE ALERT, AS","6",",a","4",",a","0",",a","20210902",",,a","21.0",",,a,02,","53.0",",,,a"
"ASN00040881","2021-10","-27.9561","153.4233","3.0","AIR SEA RESCUE ALERT, AS","10",",a","9",",a","2",",a","20211019",",,a","32.0",",,a,19,","161.0",",,,a"
"ASN00040881","2021-11","-27.9561","153.4233","3.0","AIR SEA RESCUE ALERT, AS","12",",a","10",",a","5",",a","20211126",",,a","47.0",",,a,26,","217.0",",,,a"
"ASN00040881","2021-12","-27.9561","153.4233","3.0","AIR SEA RESCUE ALERT, AS","13",",a","10",",a","4",",a","20211228",",,a","82.0",",,a,28,","294.0",",,,a"
"ASN00040881","2022-01","-27.9561","153.4233","3.0","AIR SEA RESCUE ALERT, AS","18",",a","11",",a","2",",a","20220101",",,a","56.0",",,a,01,","190.0",",,,a"
"ASN00040881","2022-02","-27.9561","153.4233","3.0","AIR SEA RESCUE ALERT, AS","16",",a","13",",a","3",",a","20220227",",,a","169.0",",,a,27,","454.0",",,,a"
"ASN00040881","2022-03","-27.9561","153.4233","3.0","AIR SEA RESCUE ALERT, AS","13",",a","9",",a","4",",a","20220329",",,a","279.0",",,a,29,","464.0",",,,a"
"ASN00040881","2022-04","-27.9561","153.4233","3.0","AIR SEA RESCUE ALERT, AS","13",",a","8",",a","0",",a","20220408",",,a","23.0",",,a,08,","83.0",",,,a"
"ASN00040881","2022-05","-27.9561","153.4233","3.0","AIR SEA RESCUE ALERT, AS","19",",a","16",",a","2",",a","20220522",",,a","67.0",",,a,22,","254.0",",,,a"
"ASN00040881","2022-06","-27.9561","153.4233","3.0","AIR SEA RESCUE ALERT, AS","3",",a","1",",a","0",",a","20220604",",,a","8.0",",,a,04,","11.0",",,,a"
"ASN00040881","2022-07","-27.9561","153.4233","3.0","AIR SEA RESCUE ALERT, AS","10",",a","9",",a","1",",a","20220702",",,a","26.0",",,a,02,","95.0",",,,a"
"ASN00040881","2022-08","-27.9561","153.4233","3.0","AIR SEA RESCUE ALERT, AS","7",",a","3",",a","0",",a","20220824",",,a","6.0",",,a,24,","19.0",",,,a"
"ASN00040881","2022-09","-27.9561","153.4233","3.0","AIR SEA RESCUE ALERT, AS","9",",a","8",",a","1",",a","20220903",",,a","34.0",",,a,03,","111.0",",,,a"
"ASN00040881","2022-10","-27.9561","153.4233","3.0","AIR SEA RESCUE ALERT, AS","11",",a","6",",a","1",",a","20221023",",,a","55.0",",,a,23,","108.0",",,,a"
"ASN00040881","2022-11","-27.9561","153.4233","3.0","AIR SEA RESCUE ALERT, AS","4",",a","3",",a","0",",a","20221129",",,a","8.0",",,a,29,","17.0",",,,a"
"ASN00040881","2022-12","-27.9561","153.4233","3.0","AIR SEA RESCUE ALERT, AS","10",",a","8",",a","0",",a","20221225",",,a","16.0",",,a,25,","83.0",",,,a"
"ASN00040881","2023-01","-27.9561","153.4233","3.0","AIR SEA RESCUE ALERT, AS","11",",a","7",",a","0",",a","20230125",",,a","19.0",",,a,25,","47.0",",,,a"
"ASN00040881","2023-02","-27.9561","153.4233","3.0","AIR SEA RESCUE ALERT, AS","7",",a","7",",a","3",",a","20230225",",,a","37.0",",,a,25,","148.0",",,,a"
"ASN00040881","2023-03","-27.9561","153.4233","3.0","AIR SEA RESCUE ALERT, AS","8",",a","4",",a","0",",a","20230313",",,a","19.0",",,a,13,","60.0",",,,a"
"ASN00040881","2023-07","-27.9561","153.4233","3.0","AIR SEA RESCUE ALERT, AS","3","3,a","1","3,a","0","3,a","20230705",",3,a","25.0","3,,a,05,","28.0","3,,,a"
"ASN00040881","2023-08","-27.9561","153.4233","3.0","AIR SEA RESCUE ALERT, AS","1",",a","0",",a","0",",a","20230803",",,a","2.0",",,a,03,","2.0",",,,a"
"ASN00040881","2023-09","-27.9561","153.4233","3.0","AIR SEA RESCUE ALERT, AS","4",",a","3",",a","0",",a","20230904",",,a","9.0",",,a,04,","22.0",",,,a"
"ASN00040881","2023-10","-27.9561","153.4233","3.0","AIR SEA RESCUE ALERT, AS","2",",a","1",",a","0",",a","20231008",",,a","12.0",",,a,08,","13.0",",,,a"
"ASN00040881","2023-11","-27.9561","153.4233","3.0","AIR SEA RESCUE ALERT, AS","9",",a","6",",a","3",",a","20231106",",,a","67.0",",,a,06,","171.0",",,,a"
"ASN00040881","2023-12","-27.9561","153.4233","3.0","AIR SEA RESCUE ALERT, AS","8",",a","8",",a","1",",a","20231225",",,a","28.0",",,a,25,","116.0",",,,a"
