"STATION","DATE","LATITUDE","LONGITUDE","ELEVATION","NAME","DP01","DP01_ATTRIBUTES","DP10","DP10_ATTRIBUTES","DP1X","DP1X_ATTRIBUTES","DYXP","DYXP_ATTRIBUTES","EMXP","EMXP_ATTRIBUTES","PRCP","PRCP_ATTRIBUTES"
"ASN00061261","1968-05","-31.9983","150.242","490.0","MERRIWA BELLVIEW, AS","12",",a","6",",a","1",",a","19680513",",,a","57.9",",,a,13,","101.9",",,,a"
"ASN00061261","1968-06","-31.9983","150.242","490.0","MERRIWA BELLVIEW, AS","5",",a","1",",a","0",",a","19680629",",,a","10.7",",,a,29,","12.9",",,,a"
"ASN00061261","1968-07","-31.9983","150.242","490.0","MERRIWA BELLVIEW, AS","7",",a","2",",a","0",",a","19680718","+,,a","5.1",",,a,18,+","13.1",",,,a"
"ASN00061261","1968-08","-31.9983","150.242","490.0","MERRIWA BELLVIEW, AS","10",",a","6",",a","1",",a","19680809",",,a","25.4",",,a,09,","56.9",",,,a"
"ASN00061261","1968-09","-31.9983","150.242","490.0","MERRIWA BELLVIEW, AS","8",",a","4",",a","0",",a","19680915",",,a","7.1",",,a,15,","24.7",",,,a"
"ASN00061261","1968-10","-31.9983","150.242","490.0","MERRIWA BELLVIEW, AS","2",",a","1",",a","0",",a","19681007",",,a","7.6",",,a,07,","9.4",",,,a"
"ASN00061261","1968-11","-31.9983","150.242","490.0","MERRIWA BELLVIEW, AS","3",",a","3",",a","1",",a","19681110",",,a","26.7",",,a,10,","51.3",",,,a"
"ASN00061261","1968-12","-31.9983","150.242","490.0","MERRIWA BELLVIEW, AS","8",",a","7",",a","0",",a","19681205",",,a","23.1",",,a,05,","89.9",",,,a"
"ASN00061261","1969-01","-31.9983","150.242","490.0","MERRIWA BELLVIEW, AS","7",",a","6",",a","0",",a","19690118",",,a","20.8",",,a,18,","52.3",",,,a"
"ASN00061261","1969-03","-31.9983","150.242","490.0","MERRIWA BELLVIEW, AS","10",",a","8",",a","2",",a","19690329",",,a","34.5",",,a,29,","98.1",",,,a"
"ASN00061261","1969-04","-31.9983","150.242","490.0","MERRIWA BELLVIEW, AS","4",",a","3",",a","1",",a","19690416",",,a","47.5",",,a,16,","69.6",",,,a"
"ASN00061261","1969-05","-31.9983","150.242","490.0","MERRIWA BELLVIEW, AS","8",",a","3",",a","0",",a","19690528",",,a","4.3",",,a,28,","19.8",",,,a"
"ASN00061261","1969-06","-31.9983","150.242","490.0","MERRIWA BELLVIEW, AS","8",",a","6",",a","0",",a","19690621",",,a","19.8",",,a,21,","62.4",",,,a"
"ASN00061261","1969-07","-31.9983","150.242","490.0","MERRIWA BELLVIEW, AS","9",",a","4",",a","0",",a","19690716",",,a","21.8",",,a,16,","42.6",",,,a"
"ASN00061261","1969-09","-31.9983","150.242","490.0","MERRIWA BELLVIEW, AS","9",",a","5",",a","0",",a","19690906",",,a","19.3",",,a,06,","40.2",",,,a"
"ASN00061261","1969-10","-31.9983","150.242","490.0","MERRIWA BELLVIEW, AS","12",",a","9",",a","1",",a","19691030",",,a","25.7",",,a,30,","114.2",",,,a"
"ASN00061261","1969-11","-31.9983","150.242","490.0","MERRIWA BELLVIEW, AS","9",",a","6",",a","0",",a","19691107",",,a","19.3",",,a,07,","77.5",",,,a"
"ASN00061261","1969-12","-31.9983","150.242","490.0","MERRIWA BELLVIEW, AS","5",",a","5",",a","1",",a","19691212",",,a","74.4",",,a,12,","93.1",",,,a"
"ASN00061261","1970-01","-31.9983","150.242","490.0","MERRIWA BELLVIEW, AS","13",",a","10",",a","1",",a","19700119",",,a","30.0",",,a,19,","100.9",",,,a"
"ASN00061261","1970-02","-31.9983","150.242","490.0","MERRIWA BELLVIEW, AS","6",",a","5",",a","0",",a","19700223",",,a","9.4",",,a,23,","28.9",",,,a"
"ASN00061261","1970-03","-31.9983","150.242","490.0","MERRIWA BELLVIEW, AS","9",",a","3",",a","0",",a","19700320",",,a","23.6",",,a,20,","45.1",",,,a"
"ASN00061261","1970-04","-31.9983","150.242","490.0","MERRIWA BELLVIEW, AS","4",",a","2",",a","0",",a","19700410",",,a","18.0",",,a,10,","30.2",",,,a"
"ASN00061261","1970-05","-31.9983","150.242","490.0","MERRIWA BELLVIEW, AS","3",",a","1",",a","0",",a","19700516",",,a","5.3",",,a,16,","7.6",",,,a"
"ASN00061261","1970-06","-31.9983","150.242","490.0","MERRIWA BELLVIEW, AS","7",",a","4",",a","0",",a","19700603",",,a","13.0",",,a,03,","30.8",",,,a"
"ASN00061261","1970-07","-31.9983","150.242","490.0","MERRIWA BELLVIEW, AS","2",",a","0",",a","0",",a","19700731",",,a","1.0",",,a,31,","1.3",",,,a"
"ASN00061261","1970-08","-31.9983","150.242","490.0","MERRIWA BELLVIEW, AS","6",",a","1",",a","0",",a","19700811",",,a","4.6",",,a,11,","9.5",",,,a"
"ASN00061261","1970-09","-31.9983","150.242","490.0","MERRIWA BELLVIEW, AS","14",",a","8",",a","0",",a","19700925",",,a","7.6",",,a,25,","52.3",",,,a"
"ASN00061261","1970-10","-31.9983","150.242","490.0","MERRIWA BELLVIEW, AS","4",",a","3",",a","1",",a","19701021",",,a","57.4",",,a,21,","70.8",",,,a"
"ASN00061261","1970-11","-31.9983","150.242","490.0","MERRIWA BELLVIEW, AS","11",",a","7",",a","0",",a","19701107",",,a","13.2",",,a,07,","72.3",",,,a"
"ASN00061261","1970-12","-31.9983","150.242","490.0","MERRIWA BELLVIEW, AS","13",",a","11",",a","3",",a","19701209",",,a","85.9",",,a,09,","246.8",",,,a"
"ASN00061261","1971-01","-31.9983","150.242","490.0","MERRIWA BELLVIEW, AS","14",",a","10",",a","1",",a","19710131",",,a","50.8",",,a,31,","172.7",",,,a"
"ASN00061261","1971-02","-31.9983","150.242","490.0","MERRIWA BELLVIEW, AS","14",",a","10",",a","3",",a","19710201",",,a","47.5",",,a,01,","185.7",",,,a"
"ASN00061261","1971-03","-31.9983","150.242","490.0","MERRIWA BELLVIEW, AS","5",",a","1",",a","0",",a","19710323",",,a","2.5",",,a,23,","7.2",",,,a"
"ASN00061261","1971-04","-31.9983","150.242","490.0","MERRIWA BELLVIEW, AS","4",",a","1",",a","0",",a","19710401",",,a","3.3",",,a,01,","7.9",",,,a"
"ASN00061261","1971-05","-31.9983","150.242","490.0","MERRIWA BELLVIEW, AS","5",",a","4",",a","0",",a","19710520",",,a","12.7",",,a,20,","34.1",",,,a"
"ASN00061261","1971-06","-31.9983","150.242","490.0","MERRIWA BELLVIEW, AS","2",",a","0",",a","0",",a","19710603",",,a","0.5",",,a,03,","0.8",",,,a"
"ASN00061261","1971-07","-31.9983","150.242","490.0","MERRIWA BELLVIEW, AS","7",",a","4",",a","0",",a","19710715",",,a","24.9",",,a,15,","47.5",",,,a"
"ASN00061261","1971-08","-31.9983","150.242","490.0","MERRIWA BELLVIEW, AS","10",",a","6",",a","0",",a","19710807",",,a","21.6",",,a,07,","45.7",",,,a"
"ASN00061261","1971-09","-31.9983","150.242","490.0","MERRIWA BELLVIEW, AS","9",",a","5",",a","0",",a","19710916",",,a","9.7",",,a,16,","33.2",",,,a"
"ASN00061261","1971-10","-31.9983","150.242","490.0","MERRIWA BELLVIEW, AS","3",",a","2",",a","0",",a","19711023",",,a","5.3",",,a,23,","9.1",",,,a"
"ASN00061261","1971-11","-31.9983","150.242","490.0","MERRIWA BELLVIEW, AS","10",",a","6",",a","0",",a","19711115",",,a","22.9",",,a,15,","53.3",",,,a"
"ASN00061261","1971-12","-31.9983","150.242","490.0","MERRIWA BELLVIEW, AS","9",",a","7",",a","2",",a","19711208",",,a","40.1",",,a,08,","132.8",",,,a"
"ASN00061261","1972-01","-31.9983","150.242","490.0","MERRIWA BELLVIEW, AS","13",",a","9",",a","3",",a","19720124",",,a","86.6",",,a,24,","243.5",",,,a"
"ASN00061261","1972-02","-31.9983","150.242","490.0","MERRIWA BELLVIEW, AS","6","2,a","4","2,a","0","2,a","19720217",",2,a","6.4","2,,a,17,","26.0",",a,,a"
"ASN00061261","1972-03","-31.9983","150.242","490.0","MERRIWA BELLVIEW, AS","6","2,a","3","2,a","0","2,a","19720306",",2,a","14.7","2,,a,06,","40.0",",a,,a"
"ASN00061261","1972-04","-31.9983","150.242","490.0","MERRIWA BELLVIEW, AS","4",",a","2",",a","2",",a","19720403",",,a","36.6",",,a,03,","71.6",",,,a"
"ASN00061261","1972-05","-31.9983","150.242","490.0","MERRIWA BELLVIEW, AS","6","2,a","2","2,a","0","2,a","19720511",",2,a","7.6","2,,a,11,","16.5",",a,,a"
"ASN00061261","1972-06","-31.9983","150.242","490.0","MERRIWA BELLVIEW, AS","4",",a","2",",a","0",",a","19720623",",,a","7.9",",,a,23,","13.0",",,,a"
"ASN00061261","1972-07","-31.9983","150.242","490.0","MERRIWA BELLVIEW, AS","1",",a","0",",a","0",",a","19720708",",,a","1.8",",,a,08,","1.8",",,,a"
"ASN00061261","1972-08","-31.9983","150.242","490.0","MERRIWA BELLVIEW, AS","7",",a","3",",a","0",",a","19720817","+,,a","4.6",",,a,17,+","15.8",",,,a"
"ASN00061261","1972-09","-31.9983","150.242","490.0","MERRIWA BELLVIEW, AS","3",",a","2",",a","0",",a","19720908",",,a","12.4",",,a,08,","18.8",",,,a"
"ASN00061261","1972-10","-31.9983","150.242","490.0","MERRIWA BELLVIEW, AS","13",",a","9",",a","0",",a","19721018",",,a","18.8",",,a,18,","125.1",",,,a"
"ASN00061261","1972-11","-31.9983","150.242","490.0","MERRIWA BELLVIEW, AS","11",",a","7",",a","1",",a","19721125",",,a","32.8",",,a,25,","115.1",",,,a"
"ASN00061261","1972-12","-31.9983","150.242","490.0","MERRIWA BELLVIEW, AS","6",",a","4",",a","0",",a","19721208",",,a","21.3",",,a,08,","43.2",",,,a"
"ASN00061261","1973-01","-31.9983","150.242","490.0","MERRIWA BELLVIEW, AS","5",",a","5",",a","0",",a","19730129",",,a","14.5",",,a,29,","52.4",",,,a"
"ASN00061261","1973-02","-31.9983","150.242","490.0","MERRIWA BELLVIEW, AS","15",",a","8",",a","2",",a","19730226",",,a","81.0",",,a,26,","211.8",",,,a"
"ASN00061261","1973-03","-31.9983","150.242","490.0","MERRIWA BELLVIEW, AS","3",",a","1",",a","0",",a","19730330",",,a","4.8",",,a,30,","6.1",",,,a"
"ASN00061261","1973-04","-31.9983","150.242","490.0","MERRIWA BELLVIEW, AS","6",",a","2",",a","0",",a","19730430",",,a","9.9",",,a,30,","22.9",",,,a"
"ASN00061261","1973-05","-31.9983","150.242","490.0","MERRIWA BELLVIEW, AS","3",",a","2",",a","0",",a","19730502",",,a","17.0",",,a,02,","22.1",",,,a"
"ASN00061261","1973-06","-31.9983","150.242","490.0","MERRIWA BELLVIEW, AS","11",",a","6",",a","0",",a","19730602",",,a","18.0",",,a,02,","52.6",",,,a"
"ASN00061261","1973-07","-31.9983","150.242","490.0","MERRIWA BELLVIEW, AS","14",",a","5",",a","0",",a","19730717",",,a","14.2",",,a,17,","34.5",",,,a"
"ASN00061261","1973-08","-31.9983","150.242","490.0","MERRIWA BELLVIEW, AS","10",",a","7",",a","0",",a","19730826",",,a","10.4",",,a,26,","50.3",",,,a"
"ASN00061261","1973-09","-31.9983","150.242","490.0","MERRIWA BELLVIEW, AS","10",",a","3",",a","0",",a","19730924",",,a","18.5",",,a,24,","46.0",",,,a"
"ASN00061261","1973-10","-31.9983","150.242","490.0","MERRIWA BELLVIEW, AS","13",",a","8",",a","2",",a","19731010",",,a","53.1",",,a,10,","157.9",",,,a"
"ASN00061261","1973-11","-31.9983","150.242","490.0","MERRIWA BELLVIEW, AS","11",",a","10",",a","1",",a","19731111",",,a","33.0",",,a,11,","114.9",",,,a"
"ASN00061261","1973-12","-31.9983","150.242","490.0","MERRIWA BELLVIEW, AS","10",",a","7",",a","0",",a","19731208",",,a","19.6",",,a,08,","52.6",",,,a"
"ASN00061261","1974-01","-31.9983","150.242","490.0","MERRIWA BELLVIEW, AS","13",",a","12",",a","2",",a","19740107",",,a","100.2",",,a,07,","244.7",",,,a"
"ASN00061261","1974-02","-31.9983","150.242","490.0","MERRIWA BELLVIEW, AS","4",",a","4",",a","0",",a","19740220",",,a","23.0",",,a,20,","40.6",",,,a"
"ASN00061261","1974-03","-31.9983","150.242","490.0","MERRIWA BELLVIEW, AS","3",",a","0",",a","0",",a","19740331",",,a","1.6",",,a,31,","3.2",",,,a"
"ASN00061261","1974-04","-31.9983","150.242","490.0","MERRIWA BELLVIEW, AS","16",",a","10",",a","0",",a","19740412",",,a","16.6",",,a,12,","79.4",",,,a"
"ASN00061261","1974-05","-31.9983","150.242","490.0","MERRIWA BELLVIEW, AS","9",",a","7",",a","0",",a","19740526",",,a","24.0",",,a,26,","71.4",",,,a"
"ASN00061261","1974-06","-31.9983","150.242","490.0","MERRIWA BELLVIEW, AS","8",",a","3",",a","0",",a","19740604",",,a","13.6",",,a,04,","30.9",",,,a"
"ASN00061261","1974-07","-31.9983","150.242","490.0","MERRIWA BELLVIEW, AS","9",",a","2",",a","0",",a","19740708",",,a","5.4",",,a,08,","18.4",",,,a"
"ASN00061261","1974-08","-31.9983","150.242","490.0","MERRIWA BELLVIEW, AS","7",",a","3",",a","0",",a","19740826",",,a","10.2",",,a,26,","20.9",",,,a"
"ASN00061261","1974-09","-31.9983","150.242","490.0","MERRIWA BELLVIEW, AS","7",",a","3",",a","0",",a","19740902",",,a","6.4",",,a,02,","17.8",",,,a"
"ASN00061261","1974-10","-31.9983","150.242","490.0","MERRIWA BELLVIEW, AS","12",",a","6",",a","1",",a","19741030",",,a","26.2",",,a,30,","57.4",",,,a"
"ASN00061261","1974-11","-31.9983","150.242","490.0","MERRIWA BELLVIEW, AS","6",",a","3",",a","0",",a","19741101",",,a","19.4",",,a,01,","46.2",",,,a"
"ASN00061261","1974-12","-31.9983","150.242","490.0","MERRIWA BELLVIEW, AS","1",",a","0",",a","0",",a","19741229",",,a","1.6",",,a,29,","1.6",",,,a"
"ASN00061261","1975-01","-31.9983","150.242","490.0","MERRIWA BELLVIEW, AS","8",",a","3",",a","2",",a","19750104",",,a","39.4",",,a,04,","84.8",",,,a"
"ASN00061261","1975-02","-31.9983","150.242","490.0","MERRIWA BELLVIEW, AS","9",",a","7",",a","2",",a","19750215",",,a","48.4",",,a,15,","147.0",",,,a"
"ASN00061261","1975-03","-31.9983","150.242","490.0","MERRIWA BELLVIEW, AS","6",",a","4",",a","0",",a","19750312",",,a","16.4",",,a,12,","44.8",",,,a"
"ASN00061261","1975-04","-31.9983","150.242","490.0","MERRIWA BELLVIEW, AS","4",",a","2",",a","0",",a","19750420","+,,a","4.0",",,a,20,+","9.2",",,,a"
"ASN00061261","1975-05","-31.9983","150.242","490.0","MERRIWA BELLVIEW, AS","3",",a","1",",a","0",",a","19750509",",,a","2.8",",,a,09,","4.4",",,,a"
"ASN00061261","1975-06","-31.9983","150.242","490.0","MERRIWA BELLVIEW, AS","9",",a","4",",a","1",",a","19750621",",,a","59.0",",,a,21,","78.6",",,,a"
"ASN00061261","1975-07","-31.9983","150.242","490.0","MERRIWA BELLVIEW, AS","8",",a","3",",a","0",",a","19750703",",,a","5.2",",,a,03,","17.2",",,,a"
"ASN00061261","1975-08","-31.9983","150.242","490.0","MERRIWA BELLVIEW, AS","10",",a","5",",a","0",",a","19750811",",,a","13.0",",,a,11,","37.0",",,,a"
"ASN00061261","1975-09","-31.9983","150.242","490.0","MERRIWA BELLVIEW, AS","11",",a","6",",a","0",",a","19750925",",,a","13.0",",,a,25,","58.6",",,,a"
"ASN00061261","1975-10","-31.9983","150.242","490.0","MERRIWA BELLVIEW, AS","10",",a","6",",a","0",",a","19751024",",,a","14.4",",,a,24,","61.2",",,,a"
"ASN00061261","1975-11","-31.9983","150.242","490.0","MERRIWA BELLVIEW, AS","4",",a","2",",a","0",",a","19751110",",,a","7.0",",,a,10,","11.6",",,,a"
"ASN00061261","1975-12","-31.9983","150.242","490.0","MERRIWA BELLVIEW, AS","9",",a","5",",a","0",",a","19751220",",,a","12.2",",,a,20,","38.8",",,,a"
"ASN00061261","1976-01","-31.9983","150.242","490.0","MERRIWA BELLVIEW, AS","9",",a","8",",a","3",",a","19760123",",,a","58.0",",,a,23,","194.2",",,,a"
"ASN00061261","1976-02","-31.9983","150.242","490.0","MERRIWA BELLVIEW, AS","13",",a","7",",a","0",",a","19760202",",,a","19.0",",,a,02,","63.0",",,,a"
"ASN00061261","1976-03","-31.9983","150.242","490.0","MERRIWA BELLVIEW, AS","12",",a","7",",a","1",",a","19760326",",,a","60.0",",,a,26,","110.2",",,,a"
"ASN00061261","1976-04","-31.9983","150.242","490.0","MERRIWA BELLVIEW, AS","4",",a","1",",a","0",",a","19760406",",,a","3.0",",,a,06,","6.8",",,,a"
"ASN00061261","1976-05","-31.9983","150.242","490.0","MERRIWA BELLVIEW, AS","3",",a","1",",a","0",",a","19760511",",,a","20.0",",,a,11,","21.0",",,,a"
"ASN00061261","1976-06","-31.9983","150.242","490.0","MERRIWA BELLVIEW, AS","10",",a","3",",a","0",",a","19760620",",,a","6.4",",,a,20,","25.4",",,,a"
"ASN00061261","1976-07","-31.9983","150.242","490.0","MERRIWA BELLVIEW, AS","11",",a","7",",a","1",",a","19760715",",,a","41.2",",,a,15,","77.6",",,,a"
"ASN00061261","1976-08","-31.9983","150.242","490.0","MERRIWA BELLVIEW, AS","4",",a","2",",a","0",",a","19760814",",,a","8.6",",,a,14,","14.4",",,,a"
"ASN00061261","1976-09","-31.9983","150.242","490.0","MERRIWA BELLVIEW, AS","4",",a","3",",a","0",",a","19760922",",,a","16.6",",,a,22,","28.4",",,,a"
"ASN00061261","1976-10","-31.9983","150.242","490.0","MERRIWA BELLVIEW, AS","13",",a","8",",a","0",",a","19761019",",,a","25.0",",,a,19,","76.4",",,,a"
"ASN00061261","1976-11","-31.9983","150.242","490.0","MERRIWA BELLVIEW, AS","7",",a","6",",a","0",",a","19761110",",,a","24.4",",,a,10,","62.2",",,,a"
"ASN00061261","1976-12","-31.9983","150.242","490.0","MERRIWA BELLVIEW, AS","4",",a","3",",a","0",",a","19761224",",,a","14.0",",,a,24,","32.2",",,,a"
"ASN00061261","1977-01","-31.9983","150.242","490.0","MERRIWA BELLVIEW, AS","9",",a","7",",a","0",",a","19770124",",,a","22.2",",,a,24,","56.4",",,,a"
"ASN00061261","1977-02","-31.9983","150.242","490.0","MERRIWA BELLVIEW, AS","10",",a","7",",a","1",",a","19770222",",,a","62.2",",,a,22,","117.8",",,,a"
"ASN00061261","1977-03","-31.9983","150.242","490.0","MERRIWA BELLVIEW, AS","8",",a","7",",a","2",",a","19770304",",,a","113.2",",,a,04,","215.4",",,,a"
"ASN00061261","1977-04","-31.9983","150.242","490.0","MERRIWA BELLVIEW, AS","4",",a","2",",a","0",",a","19770404",",,a","8.2",",,a,04,","14.8",",,,a"
"ASN00061261","1977-05","-31.9983","150.242","490.0","MERRIWA BELLVIEW, AS","12",",a","10",",a","0",",a","19770515",",,a","23.2",",,a,15,","104.2",",,,a"
"ASN00061261","1977-06","-31.9983","150.242","490.0","MERRIWA BELLVIEW, AS","5",",a","4",",a","0",",a","19770619",",,a","5.2",",,a,19,","19.3",",,,a"
"ASN00061261","1977-07","-31.9983","150.242","490.0","MERRIWA BELLVIEW, AS","3",",a","0",",a","0",",a","19770728",",,a","1.8",",,a,28,","4.6",",,,a"
"ASN00061261","1977-08","-31.9983","150.242","490.0","MERRIWA BELLVIEW, AS","1",",a","1",",a","0",",a","19770813",",,a","21.2",",,a,13,","21.2",",,,a"
"ASN00061261","1977-09","-31.9983","150.242","490.0","MERRIWA BELLVIEW, AS","6",",a","2",",a","0",",a","19770903",",,a","21.0",",,a,03,","37.0",",,,a"
"ASN00061261","1977-10","-31.9983","150.242","490.0","MERRIWA BELLVIEW, AS","4",",a","1",",a","0",",a","19771006",",,a","7.0",",,a,06,","11.9",",,,a"
"ASN00061261","1977-11","-31.9983","150.242","490.0","MERRIWA BELLVIEW, AS","5",",a","4",",a","0",",a","19771104",",,a","9.0",",,a,04,","27.2",",,,a"
"ASN00061261","1977-12","-31.9983","150.242","490.0","MERRIWA BELLVIEW, AS","3",",a","2",",a","0",",a","19771226",",,a","6.2",",,a,26,","10.5",",,,a"
"ASN00061261","1978-01","-31.9983","150.242","490.0","MERRIWA BELLVIEW, AS","17",",a","14",",a","1",",a","19780129",",,a","41.2",",,a,29,","163.2",",,,a"
"ASN00061261","1978-02","-31.9983","150.242","490.0","MERRIWA BELLVIEW, AS","5",",a","2",",a","0",",a","19780201",",,a","3.1",",,a,01,","11.1",",,,a"
"ASN00061261","1978-03","-31.9983","150.242","490.0","MERRIWA BELLVIEW, AS","10",",a","9",",a","2",",a","19780320",",,a","35.4",",,a,20,","121.4",",,,a"
"ASN00061261","1978-04","-31.9983","150.242","490.0","MERRIWA BELLVIEW, AS","7",",a","1",",a","0",",a","19780411",",,a","3.8",",,a,11,","9.8",",,,a"
"ASN00061261","1978-05","-31.9983","150.242","490.0","MERRIWA BELLVIEW, AS","8",",a","5",",a","0",",a","19780531",",,a","19.6",",,a,31,","61.0",",,,a"
"ASN00061261","1978-06","-31.9983","150.242","490.0","MERRIWA BELLVIEW, AS","17",",a","8",",a","1",",a","19780601",",,a","25.6",",,a,01,","88.6",",,,a"
"ASN00061261","1978-07","-31.9983","150.242","490.0","MERRIWA BELLVIEW, AS","8",",a","4",",a","0",",a","19780710",",,a","11.2",",,a,10,","30.6",",,,a"
"ASN00061261","1978-08","-31.9983","150.242","490.0","MERRIWA BELLVIEW, AS","3",",a","1",",a","0",",a","19780808",",,a","6.2",",,a,08,","9.0",",,,a"
"ASN00061261","1978-09","-31.9983","150.242","490.0","MERRIWA BELLVIEW, AS","14",",a","9",",a","0",",a","19780913",",,a","14.0",",,a,13,","62.0",",,,a"
"ASN00061261","1978-10","-31.9983","150.242","490.0","MERRIWA BELLVIEW, AS","3",",a","2",",a","0",",a","19781016",",,a","10.2",",,a,16,","19.0",",,,a"
"ASN00061261","1978-11","-31.9983","150.242","490.0","MERRIWA BELLVIEW, AS","11",",a","6",",a","0",",a","19781120",",,a","16.4",",,a,20,","61.4",",,,a"
"ASN00061261","1978-12","-31.9983","150.242","490.0","MERRIWA BELLVIEW, AS","9",",a","6",",a","0",",a","19781226",",,a","21.0",",,a,26,","82.0",",,,a"
"ASN00061261","1979-01","-31.9983","150.242","490.0","MERRIWA BELLVIEW, AS","3",",a","2",",a","0",",a","19790127",",,a","11.8",",,a,27,","20.2",",,,a"
"ASN00061261","1979-02","-31.9983","150.242","490.0","MERRIWA BELLVIEW, AS","0","3,a","0","3,a","0","3,a","19790228","+,3,a","0.0","3,,a,28,+","4.2",",a,,a"
"ASN00061261","1979-03","-31.9983","150.242","490.0","MERRIWA BELLVIEW, AS","9",",a","8",",a","1",",a","19790322",",,a","26.8",",,a,22,","98.3",",,,a"
"ASN00061261","1979-04","-31.9983","150.242","490.0","MERRIWA BELLVIEW, AS","7",",a","6",",a","0",",a","19790426",",,a","17.4",",,a,26,","41.4",",,,a"
"ASN00061261","1979-05","-31.9983","150.242","490.0","MERRIWA BELLVIEW, AS","10",",a","7",",a","2",",a","19790505",",,a","35.0",",,a,05,","119.0",",,,a"
"ASN00061261","1979-06","-31.9983","150.242","490.0","MERRIWA BELLVIEW, AS","6",",a","2",",a","1",",a","19790621",",,a","28.8",",,a,21,","47.1",",,,a"
"ASN00061261","1979-07","-31.9983","150.242","490.0","MERRIWA BELLVIEW, AS","4",",a","1",",a","0",",a","19790726",",,a","11.4",",,a,26,","12.8",",,,a"
"ASN00061261","1979-08","-31.9983","150.242","490.0","MERRIWA BELLVIEW, AS","2",",a","2",",a","0",",a","19790813",",,a","8.3",",,a,13,","12.3",",,,a"
"ASN00061261","1979-09","-31.9983","150.242","490.0","MERRIWA BELLVIEW, AS","7",",a","3",",a","0",",a","19790912",",,a","18.4",",,a,12,","34.6",",,,a"
"ASN00061261","1979-10","-31.9983","150.242","490.0","MERRIWA BELLVIEW, AS","7",",a","5",",a","0",",a","19791004",",,a","11.8",",,a,04,","35.6",",,,a"
"ASN00061261","1979-11","-31.9983","150.242","490.0","MERRIWA BELLVIEW, AS","10",",a","3",",a","0",",a","19791124",",,a","8.6",",,a,24,","24.4",",,,a"
"ASN00061261","1979-12","-31.9983","150.242","490.0","MERRIWA BELLVIEW, AS","3",",a","2",",a","0",",a","19791206",",,a","4.6",",,a,06,","8.6",",,,a"
"ASN00061261","1980-01","-31.9983","150.242","490.0","MERRIWA BELLVIEW, AS","8",",a","5",",a","1",",a","19800107",",,a","30.4",",,a,07,","83.0",",,,a"
"ASN00061261","1980-02","-31.9983","150.242","490.0","MERRIWA BELLVIEW, AS","6",",a","5",",a","0",",a","19800206",",,a","14.0",",,a,06,","34.8",",,,a"
"ASN00061261","1980-03","-31.9983","150.242","490.0","MERRIWA BELLVIEW, AS","4",",a","2",",a","0",",a","19800310",",,a","18.4",",,a,10,","29.0",",,,a"
"ASN00061261","1980-04","-31.9983","150.242","490.0","MERRIWA BELLVIEW, AS","1",",a","0",",a","0",",a","19800424",",,a","0.8",",,a,24,","0.8",",,,a"
"ASN00061261","1980-05","-31.9983","150.242","490.0","MERRIWA BELLVIEW, AS","7",",a","5",",a","0",",a","19800528",",,a","21.6",",,a,28,","54.8",",,,a"
"ASN00061261","1980-06","-31.9983","150.242","490.0","MERRIWA BELLVIEW, AS","7",",a","4",",a","0",",a","19800628",",,a","11.2",",,a,28,","32.6",",,,a"
"ASN00061261","1980-07","-31.9983","150.242","490.0","MERRIWA BELLVIEW, AS","6",",a","1",",a","0",",a","19800729",",,a","3.2",",,a,29,","9.1",",,,a"
"ASN00061261","1980-08","-31.9983","150.242","490.0","MERRIWA BELLVIEW, AS","1","2,a","1","2,a","0","2,a","19800825",",2,a","7.0","2,,a,25,","16.8",",a,,a"
"ASN00061261","1980-09","-31.9983","150.242","490.0","MERRIWA BELLVIEW, AS","10",",a","6",",a","1",",a","19800905",",,a","30.0",",,a,05,","85.3",",,,a"
"ASN00061261","1980-10","-31.9983","150.242","490.0","MERRIWA BELLVIEW, AS","5",",a","3",",a","1",",a","19801021",",,a","32.6",",,a,21,","65.6",",,,a"
"ASN00061261","1980-11","-31.9983","150.242","490.0","MERRIWA BELLVIEW, AS","3",",a","0",",a","0",",a","19801129",",,a","2.2",",,a,29,","3.4",",,,a"
"ASN00061261","1980-12","-31.9983","150.242","490.0","MERRIWA BELLVIEW, AS","9",",a","3",",a","0",",a","19801204",",,a","18.4",",,a,04,","35.6",",,,a"
"ASN00061261","1981-01","-31.9983","150.242","490.0","MERRIWA BELLVIEW, AS","4",",a","2",",a","1",",a","19810108",",,a","28.4",",,a,08,","36.1",",,,a"
"ASN00061261","1981-02","-31.9983","150.242","490.0","MERRIWA BELLVIEW, AS","12",",a","7",",a","1",",a","19810211",",,a","39.6",",,a,11,","98.6",",,,a"
"ASN00061261","1981-03","-31.9983","150.242","490.0","MERRIWA BELLVIEW, AS","1",",a","1",",a","0",",a","19810304",",,a","3.6",",,a,04,","3.6",",,,a"
"ASN00061261","1981-04","-31.9983","150.242","490.0","MERRIWA BELLVIEW, AS","3",",a","2",",a","0",",a","19810404",",,a","17.6",",,a,04,","22.6",",,,a"
"ASN00061261","1981-05","-31.9983","150.242","490.0","MERRIWA BELLVIEW, AS","6",",a","3",",a","0",",a","19810522",",,a","23.0",",,a,22,","54.2",",,,a"
"ASN00061261","1981-06","-31.9983","150.242","490.0","MERRIWA BELLVIEW, AS","8",",a","6",",a","0",",a","19810611",",,a","12.8",",,a,11,","39.2",",,,a"
"ASN00061261","1981-07","-31.9983","150.242","490.0","MERRIWA BELLVIEW, AS","7",",a","5",",a","0",",a","19810722",",,a","15.0",",,a,22,","48.6",",,,a"
"ASN00061261","1981-08","-31.9983","150.242","490.0","MERRIWA BELLVIEW, AS","6",",a","1",",a","0",",a","19810828",",,a","6.4",",,a,28,","11.1",",,,a"
"ASN00061261","1981-09","-31.9983","150.242","490.0","MERRIWA BELLVIEW, AS","4",",a","2",",a","0",",a","19810927",",,a","16.6",",,a,27,","23.8",",,,a"
"ASN00061261","1981-10","-31.9983","150.242","490.0","MERRIWA BELLVIEW, AS","11",",a","11",",a","1",",a","19811031",",,a","51.0",",,a,31,","148.0",",,,a"
"ASN00061261","1981-11","-31.9983","150.242","490.0","MERRIWA BELLVIEW, AS","12",",a","9",",a","0",",a","19811102",",,a","20.0",",,a,02,","83.8",",,,a"
"ASN00061261","1981-12","-31.9983","150.242","490.0","MERRIWA BELLVIEW, AS","7",",a","5",",a","2",",a","19811225",",,a","32.0",",,a,25,","84.6",",,,a"
"ASN00061261","1982-01","-31.9983","150.242","490.0","MERRIWA BELLVIEW, AS","9",",a","5",",a","0",",a","19820116",",,a","10.2",",,a,16,","41.4",",,,a"
"ASN00061261","1982-02","-31.9983","150.242","490.0","MERRIWA BELLVIEW, AS","5",",a","4",",a","0",",a","19820224",",,a","18.8",",,a,24,","44.2",",,,a"
"ASN00061261","1982-03","-31.9983","150.242","490.0","MERRIWA BELLVIEW, AS","13",",a","10",",a","3",",a","19820310",",,a","58.8",",,a,10,","213.0",",,,a"
"ASN00061261","1982-04","-31.9983","150.242","490.0","MERRIWA BELLVIEW, AS","2",",a","0",",a","0",",a","19820426","+,,a","0.6",",,a,26,+","1.4",",,,a"
"ASN00061261","1982-05","-31.9983","150.242","490.0","MERRIWA BELLVIEW, AS","2",",a","1",",a","0",",a","19820530",",,a","10.4",",,a,30,","11.4",",,,a"
"ASN00061261","1982-06","-31.9983","150.242","490.0","MERRIWA BELLVIEW, AS","7",",a","1",",a","0",",a","19820613",",,a","2.8",",,a,13,","9.8",",,,a"
"ASN00061261","1982-07","-31.9983","150.242","490.0","MERRIWA BELLVIEW, AS","6",",a","1",",a","0",",a","19820719",",,a","3.0",",,a,19,","8.6",",,,a"
"ASN00061261","1982-08","-31.9983","150.242","490.0","MERRIWA BELLVIEW, AS","0",",a","0",",a","0",",a","19820831","+,,a","0.0",",,a,31,+","0.0",",,,a"
"ASN00061261","1982-09","-31.9983","150.242","490.0","MERRIWA BELLVIEW, AS","7",",a","2",",a","0",",a","19820921",",,a","20.2",",,a,21,","29.8",",,,a"
"ASN00061261","1982-10","-31.9983","150.242","490.0","MERRIWA BELLVIEW, AS","3",",a","2",",a","0",",a","19821010",",,a","12.6",",,a,10,","16.6",",,,a"
"ASN00061261","1982-11","-31.9983","150.242","490.0","MERRIWA BELLVIEW, AS","3",",a","2",",a","0",",a","19821118",",,a","10.8",",,a,18,","15.6",",,,a"
"ASN00061261","1982-12","-31.9983","150.242","490.0","MERRIWA BELLVIEW, AS","6",",a","4",",a","0",",a","19821201",",,a","6.0",",,a,01,","23.8",",,,a"
"ASN00061261","1983-01","-31.9983","150.242","490.0","MERRIWA BELLVIEW, AS","8",",a","4",",a","1",",a","19830103",",,a","32.8",",,a,03,","69.4",",,,a"
"ASN00061261","1983-02","-31.9983","150.242","490.0","MERRIWA BELLVIEW, AS","7",",a","3",",a","1",",a","19830214",",,a","32.2",",,a,14,","46.4",",,,a"
"ASN00061261","1983-03","-31.9983","150.242","490.0","MERRIWA BELLVIEW, AS","3",",a","1",",a","0",",a","19830321",",,a","18.0",",,a,21,","21.4",",,,a"
"ASN00061261","1983-04","-31.9983","150.242","490.0","MERRIWA BELLVIEW, AS","9",",a","7",",a","0",",a","19830430",",,a","17.8",",,a,30,","78.2",",,,a"
"ASN00061261","1983-05","-31.9983","150.242","490.0","MERRIWA BELLVIEW, AS","14",",a","12",",a","1",",a","19830523",",,a","28.6",",,a,23,","134.4",",,,a"
"ASN00061261","1983-06","-31.9983","150.242","490.0","MERRIWA BELLVIEW, AS","4",",a","1",",a","0",",a","19830619",",,a","14.8",",,a,19,","16.8",",,,a"
"ASN00061261","1983-07","-31.9983","150.242","490.0","MERRIWA BELLVIEW, AS","6",",a","4",",a","0",",a","19830728","+,,a","13.2",",,a,28,+","37.6",",,,a"
"ASN00061261","1983-08","-31.9983","150.242","490.0","MERRIWA BELLVIEW, AS","8",",a","2",",a","0",",a","19830827",",,a","6.6",",,a,27,","15.1",",,,a"
"ASN00061261","1983-09","-31.9983","150.242","490.0","MERRIWA BELLVIEW, AS","8",",a","4",",a","0",",a","19830904",",,a","10.4",",,a,04,","33.2",",,,a"
"ASN00061261","1983-10","-31.9983","150.242","490.0","MERRIWA BELLVIEW, AS","7",",a","6",",a","0",",a","19831006",",,a","21.8",",,a,06,","63.4",",,,a"
"ASN00061261","1983-11","-31.9983","150.242","490.0","MERRIWA BELLVIEW, AS","10",",a","7",",a","0",",a","19831121","+,,a","14.8",",,a,21,+","64.2",",,,a"
"ASN00061261","1983-12","-31.9983","150.242","490.0","MERRIWA BELLVIEW, AS","8",",a","4",",a","0",",a","19831227",",,a","17.8",",,a,27,","48.8",",,,a"
"ASN00061261","1984-01","-31.9983","150.242","490.0","MERRIWA BELLVIEW, AS","10",",a","9",",a","1",",a","19840130",",,a","72.2",",,a,30,","179.0",",,,a"
"ASN00061261","1984-02","-31.9983","150.242","490.0","MERRIWA BELLVIEW, AS","10",",a","5",",a","1",",a","19840218",",,a","44.0",",,a,18,","91.6",",,,a"
"ASN00061261","1984-03","-31.9983","150.242","490.0","MERRIWA BELLVIEW, AS","6",",a","4",",a","0",",a","19840326",",,a","14.2",",,a,26,","37.0",",,,a"
"ASN00061261","1984-04","-31.9983","150.242","490.0","MERRIWA BELLVIEW, AS","4",",a","4",",a","0",",a","19840409",",,a","21.0",",,a,09,","60.4",",,,a"
"ASN00061261","1984-05","-31.9983","150.242","490.0","MERRIWA BELLVIEW, AS","5",",a","3",",a","0",",a","19840516","+,,a","6.8",",,a,16,+","19.8",",,,a"
"ASN00061261","1984-06","-31.9983","150.242","490.0","MERRIWA BELLVIEW, AS","4",",a","1",",a","0",",a","19840610",",,a","2.6",",,a,10,","6.8",",,,a"
"ASN00061261","1984-07","-31.9983","150.242","490.0","MERRIWA BELLVIEW, AS","14",",a","8",",a","1",",a","19840727",",,a","42.0",",,a,27,","100.4",",,,a"
"ASN00061261","1984-08","-31.9983","150.242","490.0","MERRIWA BELLVIEW, AS","6",",a","1",",a","0",",a","19840806",",,a","18.0",",,a,06,","23.8",",,,a"
"ASN00061261","1984-09","-31.9983","150.242","490.0","MERRIWA BELLVIEW, AS","10",",a","3",",a","0",",a","19840912",",,a","12.0",",,a,12,","32.4",",,,a"
"ASN00061261","1984-10","-31.9983","150.242","490.0","MERRIWA BELLVIEW, AS","6",",a","3",",a","0",",a","19841014",",,a","11.4",",,a,14,","25.4",",,,a"
"ASN00061261","1984-11","-31.9983","150.242","490.0","MERRIWA BELLVIEW, AS","11",",a","8",",a","0",",a","19841103",",,a","17.0",",,a,03,","81.8",",,,a"
"ASN00061261","1984-12","-31.9983","150.242","490.0","MERRIWA BELLVIEW, AS","7",",a","4",",a","0",",a","19841211",",,a","13.0",",,a,11,","31.4",",,,a"
"ASN00061261","1985-01","-31.9983","150.242","490.0","MERRIWA BELLVIEW, AS","5",",a","1",",a","0",",a","19850129",",,a","4.8",",,a,29,","8.6",",,,a"
"ASN00061261","1985-02","-31.9983","150.242","490.0","MERRIWA BELLVIEW, AS","4",",a","3",",a","0",",a","19850223",",,a","5.6",",,a,23,","14.8",",,,a"
"ASN00061261","1985-03","-31.9983","150.242","490.0","MERRIWA BELLVIEW, AS","4",",a","2",",a","0",",a","19850326",",,a","11.6",",,a,26,","17.6",",,,a"
"ASN00061261","1985-04","-31.9983","150.242","490.0","MERRIWA BELLVIEW, AS","9",",a","6",",a","1",",a","19850403",",,a","26.2",",,a,03,","71.0",",,,a"
"ASN00061261","1985-05","-31.9983","150.242","490.0","MERRIWA BELLVIEW, AS","9",",a","4",",a","0",",a","19850531",",,a","7.2",",,a,31,","24.4",",,,a"
"ASN00061261","1985-06","-31.9983","150.242","490.0","MERRIWA BELLVIEW, AS","11",",a","3",",a","1",",a","19850606",",,a","27.8",",,a,06,","61.8",",,,a"
"ASN00061261","1985-07","-31.9983","150.242","490.0","MERRIWA BELLVIEW, AS","3",",a","1",",a","0",",a","19850709",",,a","4.6",",,a,09,","7.0",",,,a"
"ASN00061261","1985-08","-31.9983","150.242","490.0","MERRIWA BELLVIEW, AS","11",",a","6",",a","0",",a","19850823",",,a","25.0",",,a,23,","60.0",",,,a"
"ASN00061261","1985-09","-31.9983","150.242","490.0","MERRIWA BELLVIEW, AS","8",",a","4",",a","1",",a","19850920",",,a","29.4",",,a,20,","50.6",",,,a"
"ASN00061261","1985-10","-31.9983","150.242","490.0","MERRIWA BELLVIEW, AS","11",",a","7",",a","2",",a","19851013",",,a","53.6",",,a,13,","127.6",",,,a"
"ASN00061261","1985-11","-31.9983","150.242","490.0","MERRIWA BELLVIEW, AS","9",",a","5",",a","1",",a","19851108",",,a","25.4",",,a,08,","63.8",",,,a"
"ASN00061261","1985-12","-31.9983","150.242","490.0","MERRIWA BELLVIEW, AS","7",",a","4",",a","0",",a","19851205",",,a","20.4",",,a,05,","50.4",",,,a"
"ASN00061261","1986-01","-31.9983","150.242","490.0","MERRIWA BELLVIEW, AS","9",",a","8",",a","2",",a","19860117",",,a","40.6",",,a,17,","128.6",",,,a"
"ASN00061261","1986-02","-31.9983","150.242","490.0","MERRIWA BELLVIEW, AS","4",",a","2",",a","0",",a","19860212",",,a","11.0",",,a,12,","18.0",",,,a"
"ASN00061261","1986-03","-31.9983","150.242","490.0","MERRIWA BELLVIEW, AS","2",",a","1",",a","0",",a","19860319",",,a","8.8",",,a,19,","9.2",",,,a"
"ASN00061261","1986-04","-31.9983","150.242","490.0","MERRIWA BELLVIEW, AS","2",",a","1",",a","0",",a","19860417",",,a","5.6",",,a,17,","7.0",",,,a"
"ASN00061261","1986-05","-31.9983","150.242","490.0","MERRIWA BELLVIEW, AS","5",",a","2",",a","0",",a","19860507",",,a","6.0",",,a,07,","13.6",",,,a"
"ASN00061261","1986-06","-31.9983","150.242","490.0","MERRIWA BELLVIEW, AS","1",",a","0",",a","0",",a","19860619",",,a","2.0",",,a,19,","2.0",",,,a"
"ASN00061261","1986-07","-31.9983","150.242","490.0","MERRIWA BELLVIEW, AS","11",",a","7",",a","0",",a","19860725",",,a","15.2",",,a,25,","57.6",",,,a"
"ASN00061261","1986-08","-31.9983","150.242","490.0","MERRIWA BELLVIEW, AS","9",",a","5",",a","0",",a","19860805",",,a","15.4",",,a,05,","45.6",",,,a"
"ASN00061261","1986-09","-31.9983","150.242","490.0","MERRIWA BELLVIEW, AS","6",",a","4",",a","1",",a","19860929",",,a","26.6",",,a,29,","65.6",",,,a"
"ASN00061261","1986-10","-31.9983","150.242","490.0","MERRIWA BELLVIEW, AS","6",",a","5",",a","0",",a","19861009",",,a","6.4",",,a,09,","22.4",",,,a"
"ASN00061261","1986-11","-31.9983","150.242","490.0","MERRIWA BELLVIEW, AS","10",",a","5",",a","2",",a","19861114",",,a","28.6",",,a,14,","100.0",",,,a"
"ASN00061261","1986-12","-31.9983","150.242","490.0","MERRIWA BELLVIEW, AS","3",",a","2",",a","0",",a","19861217",",,a","3.2",",,a,17,","6.8",",,,a"
"ASN00061261","1987-01","-31.9983","150.242","490.0","MERRIWA BELLVIEW, AS","9",",a","6",",a","2",",a","19870102",",,a","113.4",",,a,02,","176.4",",,,a"
"ASN00061261","1987-02","-31.9983","150.242","490.0","MERRIWA BELLVIEW, AS","6",",a","2",",a","0",",a","19870222",",,a","6.6",",,a,22,","13.8",",,,a"
"ASN00061261","1987-03","-31.9983","150.242","490.0","MERRIWA BELLVIEW, AS","10",",a","9",",a","1",",a","19870304",",,a","30.4",",,a,04,","130.8",",,,a"
"ASN00061261","1987-04","-31.9983","150.242","490.0","MERRIWA BELLVIEW, AS","2",",a","0",",a","0",",a","19870430","+,,a","0.6",",,a,30,+","1.2",",,,a"
"ASN00061261","1987-05","-31.9983","150.242","490.0","MERRIWA BELLVIEW, AS","4",",a","2",",a","1",",a","19870503",",,a","50.2",",,a,03,","54.8",",,,a"
"ASN00061261","1987-06","-31.9983","150.242","490.0","MERRIWA BELLVIEW, AS","7",",a","4",",a","0",",a","19870622",",,a","16.4",",,a,22,","33.0",",,,a"
"ASN00061261","1987-07","-31.9983","150.242","490.0","MERRIWA BELLVIEW, AS","7",",a","3",",a","0",",a","19870728",",,a","9.6",",,a,28,","22.6",",,,a"
"ASN00061261","1987-08","-31.9983","150.242","490.0","MERRIWA BELLVIEW, AS","13",",a","13",",a","1",",a","19870818",",,a","41.0",",,a,18,","134.8",",,,a"
"ASN00061261","1987-09","-31.9983","150.242","490.0","MERRIWA BELLVIEW, AS","4",",a","1",",a","0",",a","19870906",",,a","7.2",",,a,06,","12.6",",,,a"
"ASN00061261","1987-10","-31.9983","150.242","490.0","MERRIWA BELLVIEW, AS","7",",a","4",",a","0",",a","19871016",",,a","10.0",",,a,16,","25.0",",,,a"
"ASN00061261","1987-11","-31.9983","150.242","490.0","MERRIWA BELLVIEW, AS","5",",a","4",",a","0",",a","19871112",",,a","14.6",",,a,12,","33.2",",,,a"
"ASN00061261","1987-12","-31.9983","150.242","490.0","MERRIWA BELLVIEW, AS","10",",a","8",",a","1",",a","19871221",",,a","42.2",",,a,21,","120.0",",,,a"
"ASN00061261","1988-01","-31.9983","150.242","490.0","MERRIWA BELLVIEW, AS","8",",a","6",",a","3",",a","19880117",",,a","90.0",",,a,17,","167.6",",,,a"
"ASN00061261","1988-02","-31.9983","150.242","490.0","MERRIWA BELLVIEW, AS","5",",a","4",",a","2",",a","19880207",",,a","30.6",",,a,07,","83.4",",,,a"
"ASN00061261","1988-03","-31.9983","150.242","490.0","MERRIWA BELLVIEW, AS","2",",a","0",",a","0",",a","19880305",",,a","1.2",",,a,05,","1.7",",,,a"
"ASN00061261","1988-04","-31.9983","150.242","490.0","MERRIWA BELLVIEW, AS","15",",a","9",",a","0",",a","19880408",",,a","18.0",",,a,08,","95.0",",,,a"
"ASN00061261","1988-05","-31.9983","150.242","490.0","MERRIWA BELLVIEW, AS","10",",a","7",",a","0",",a","19880518",",,a","8.6",",,a,18,","36.0",",,,a"
"ASN00061261","1988-06","-31.9983","150.242","490.0","MERRIWA BELLVIEW, AS","4",",a","2",",a","0",",a","19880605",",,a","21.0",",,a,05,","26.6",",,,a"
"ASN00061261","1988-07","-31.9983","150.242","490.0","MERRIWA BELLVIEW, AS","5",",a","4",",a","1",",a","19880706",",,a","25.8",",,a,06,","58.2",",,,a"
"ASN00061261","1988-08","-31.9983","150.242","490.0","MERRIWA BELLVIEW, AS","7",",a","4",",a","1",",a","19880824",",,a","26.8",",,a,24,","39.6",",,,a"
"ASN00061261","1988-09","-31.9983","150.242","490.0","MERRIWA BELLVIEW, AS","10",",a","8",",a","0",",a","19880927",",,a","20.0",",,a,27,","72.4",",,,a"
"ASN00061261","1988-10","-31.9983","150.242","490.0","MERRIWA BELLVIEW, AS","1",",a","0",",a","0",",a","19881006",",,a","1.0",",,a,06,","1.0",",,,a"
"ASN00061261","1988-11","-31.9983","150.242","490.0","MERRIWA BELLVIEW, AS","5",",a","3",",a","1",",a","19881116",",,a","49.6",",,a,16,","59.9",",,,a"
"ASN00061261","1988-12","-31.9983","150.242","490.0","MERRIWA BELLVIEW, AS","8",",a","7",",a","0",",a","19881211",",,a","16.8",",,a,11,","68.4",",,,a"
"ASN00061261","1989-01","-31.9983","150.242","490.0","MERRIWA BELLVIEW, AS","7",",a","3",",a","0",",a","19890119",",,a","8.2",",,a,19,","21.2",",,,a"
"ASN00061261","1989-02","-31.9983","150.242","490.0","MERRIWA BELLVIEW, AS","3",",a","3",",a","0",",a","19890205",",,a","8.6",",,a,05,","18.2",",,,a"
"ASN00061261","1989-03","-31.9983","150.242","490.0","MERRIWA BELLVIEW, AS","12",",a","10",",a","2",",a","19890315",",,a","30.4",",,a,15,","143.8",",,,a"
"ASN00061261","1989-04","-31.9983","150.242","490.0","MERRIWA BELLVIEW, AS","10",",a","5",",a","2",",a","19890402",",,a","71.8",",,a,02,","165.0",",,,a"
"ASN00061261","1989-05","-31.9983","150.242","490.0","MERRIWA BELLVIEW, AS","10",",a","7",",a","1",",a","19890517",",,a","37.4",",,a,17,","89.4",",,,a"
"ASN00061261","1989-06","-31.9983","150.242","490.0","MERRIWA BELLVIEW, AS","12",",a","7",",a","1",",a","19890606",",,a","50.6",",,a,06,","98.6",",,,a"
"ASN00061261","1989-07","-31.9983","150.242","490.0","MERRIWA BELLVIEW, AS","8",",a","5",",a","0",",a","19890731",",,a","9.2",",,a,31,","32.8",",,,a"
"ASN00061261","1989-08","-31.9983","150.242","490.0","MERRIWA BELLVIEW, AS","5",",a","1",",a","0",",a","19890817",",,a","3.4",",,a,17,","6.2",",,,a"
"ASN00061261","1989-09","-31.9983","150.242","490.0","MERRIWA BELLVIEW, AS","1",",a","0",",a","0",",a","19890918",",,a","1.2",",,a,18,","1.2",",,,a"
"ASN00061261","1989-10","-31.9983","150.242","490.0","MERRIWA BELLVIEW, AS","3",",a","2",",a","0",",a","19891027",",,a","11.0",",,a,27,","17.4",",,,a"
"ASN00061261","1989-11","-31.9983","150.242","490.0","MERRIWA BELLVIEW, AS","9",",a","6",",a","0",",a","19891112",",,a","24.0",",,a,12,","63.2",",,,a"
"ASN00061261","1989-12","-31.9983","150.242","490.0","MERRIWA BELLVIEW, AS","10",",a","6",",a","1",",a","19891204",",,a","26.0",",,a,04,","62.8",",,,a"
"ASN00061261","1990-01","-31.9983","150.242","490.0","MERRIWA BELLVIEW, AS","8",",a","5",",a","1",",a","19900108",",,a","59.0",",,a,08,","119.2",",,,a"
"ASN00061261","1990-02","-31.9983","150.242","490.0","MERRIWA BELLVIEW, AS","8",",a","4",",a","2",",a","19900204",",,a","43.4",",,a,04,","119.8",",,,a"
"ASN00061261","1990-03","-31.9983","150.242","490.0","MERRIWA BELLVIEW, AS","5",",a","5",",a","0",",a","19900330",",,a","17.0",",,a,30,","54.4",",,,a"
"ASN00061261","1990-04","-31.9983","150.242","490.0","MERRIWA BELLVIEW, AS","16",",a","9",",a","1",",a","19900420",",,a","37.2",",,a,20,","114.6",",,,a"
"ASN00061261","1990-05","-31.9983","150.242","490.0","MERRIWA BELLVIEW, AS","8",",a","7",",a","0",",a","19900519",",,a","8.6",",,a,19,","38.6",",,,a"
"ASN00061261","1990-06","-31.9983","150.242","490.0","MERRIWA BELLVIEW, AS","4",",a","2",",a","0",",a","19900618",",,a","10.0",",,a,18,","15.8",",,,a"
"ASN00061261","1990-07","-31.9983","150.242","490.0","MERRIWA BELLVIEW, AS","10",",a","6",",a","0",",a","19900719",",,a","17.0",",,a,19,","61.6",",,,a"
"ASN00061261","1990-08","-31.9983","150.242","490.0","MERRIWA BELLVIEW, AS","12",",a","9",",a","0",",a","19900831",",,a","12.4",",,a,31,","54.4",",,,a"
"ASN00061261","1990-09","-31.9983","150.242","490.0","MERRIWA BELLVIEW, AS","5",",a","4",",a","0",",a","19900901",",,a","16.0",",,a,01,","31.7",",,,a"
"ASN00061261","1990-10","-31.9983","150.242","490.0","MERRIWA BELLVIEW, AS","10",",a","4",",a","0",",a","19901009",",,a","8.4",",,a,09,","31.4",",,,a"
"ASN00061261","1990-11","-31.9983","150.242","490.0","MERRIWA BELLVIEW, AS","1",",a","1",",a","0",",a","19901116",",,a","3.0",",,a,16,","3.0",",,,a"
"ASN00061261","1990-12","-31.9983","150.242","490.0","MERRIWA BELLVIEW, AS","8",",a","5",",a","1",",a","19901209",",,a","32.0",",,a,09,","53.4",",,,a"
"ASN00061261","1991-01","-31.9983","150.242","490.0","MERRIWA BELLVIEW, AS","13",",a","8",",a","2",",a","19910124",",,a","38.6",",,a,24,","116.7",",,,a"
"ASN00061261","1991-02","-31.9983","150.242","490.0","MERRIWA BELLVIEW, AS","2",",a","2",",a","0",",a","19910207",",,a","6.2",",,a,07,","9.0",",,,a"
"ASN00061261","1991-03","-31.9983","150.242","490.0","MERRIWA BELLVIEW, AS","5",",a","4",",a","0",",a","19910330",",,a","9.2",",,a,30,","26.8",",,,a"
"ASN00061261","1991-04","-31.9983","150.242","490.0","MERRIWA BELLVIEW, AS","0",",a","0",",a","0",",a","19910430","+,,a","0.0",",,a,30,+","0.0",",,,a"
"ASN00061261","1991-05","-31.9983","150.242","490.0","MERRIWA BELLVIEW, AS","9",",a","5",",a","1",",a","19910522",",,a","25.6",",,a,22,","69.4",",,,a"
"ASN00061261","1991-06","-31.9983","150.242","490.0","MERRIWA BELLVIEW, AS","6",",a","4",",a","1",",a","19910610",",,a","42.0",",,a,10,","94.6",",,,a"
"ASN00061261","1991-07","-31.9983","150.242","490.0","MERRIWA BELLVIEW, AS","7",",a","5",",a","0",",a","19910710",",,a","25.2",",,a,10,","47.6",",,,a"
"ASN00061261","1991-08","-31.9983","150.242","490.0","MERRIWA BELLVIEW, AS","3",",a","1",",a","0",",a","19910806",",,a","6.2",",,a,06,","8.6",",,,a"
"ASN00061261","1991-09","-31.9983","150.242","490.0","MERRIWA BELLVIEW, AS","2",",a","1",",a","0",",a","19910911",",,a","13.0",",,a,11,","13.4",",,,a"
"ASN00061261","1991-10","-31.9983","150.242","490.0","MERRIWA BELLVIEW, AS","4",",a","2",",a","0",",a","19911025",",,a","10.0",",,a,25,","19.4",",,,a"
"ASN00061261","1991-11","-31.9983","150.242","490.0","MERRIWA BELLVIEW, AS","5",",a","3",",a","0",",a","19911117",",,a","13.4",",,a,17,","28.8",",,,a"
"ASN00061261","1991-12","-31.9983","150.242","490.0","MERRIWA BELLVIEW, AS","11",",a","8",",a","2",",a","19911212",",,a","53.0",",,a,12,","146.8",",,,a"
"ASN00061261","1992-01","-31.9983","150.242","490.0","MERRIWA BELLVIEW, AS","8",",a","3",",a","0",",a","19920110",",,a","11.6",",,a,10,","28.5",",,,a"
"ASN00061261","1992-02","-31.9983","150.242","490.0","MERRIWA BELLVIEW, AS","11",",a","9",",a","3",",a","19920208",",,a","62.5",",,a,08,","249.3",",,,a"
"ASN00061261","1992-03","-31.9983","150.242","490.0","MERRIWA BELLVIEW, AS","2",",a","1",",a","0",",a","19920305",",,a","20.4",",,a,05,","22.2",",,,a"
"ASN00061261","1992-04","-31.9983","150.242","490.0","MERRIWA BELLVIEW, AS","4",",a","3",",a","1",",a","19920428",",,a","29.0",",,a,28,","39.2",",,,a"
"ASN00061261","1992-05","-31.9983","150.242","490.0","MERRIWA BELLVIEW, AS","3",",a","1",",a","0",",a","19920513",",,a","6.0",",,a,13,","9.4",",,,a"
"ASN00061261","1992-06","-31.9983","150.242","490.0","MERRIWA BELLVIEW, AS","5",",a","3",",a","0",",a","19920603",",,a","6.4",",,a,03,","15.8",",,,a"
"ASN00061261","1992-07","-31.9983","150.242","490.0","MERRIWA BELLVIEW, AS","4",",a","3",",a","0",",a","19920718",",,a","10.2",",,a,18,","29.6",",,,a"
"ASN00061261","1992-08","-31.9983","150.242","490.0","MERRIWA BELLVIEW, AS","4",",a","3",",a","0",",a","19920807",",,a","17.4",",,a,07,","33.4",",,,a"
"ASN00061261","1992-09","-31.9983","150.242","490.0","MERRIWA BELLVIEW, AS","9",",a","7",",a","0",",a","19920925",",,a","13.0",",,a,25,","45.8",",,,a"
"ASN00061261","1992-10","-31.9983","150.242","490.0","MERRIWA BELLVIEW, AS","5",",a","3",",a","0",",a","19921005",",,a","7.8",",,a,05,","21.4",",,,a"
"ASN00061261","1992-11","-31.9983","150.242","490.0","MERRIWA BELLVIEW, AS","11",",a","7",",a","0",",a","19921103",",,a","19.0",",,a,03,","71.6",",,,a"
"ASN00061261","1992-12","-31.9983","150.242","490.0","MERRIWA BELLVIEW, AS","12",",a","10",",a","1",",a","19921205",",,a","59.2",",,a,05,","141.6",",,,a"
"ASN00061261","1993-01","-31.9983","150.242","490.0","MERRIWA BELLVIEW, AS","9",",a","7",",a","3",",a","19930129",",,a","40.0",",,a,29,","125.4",",,,a"
"ASN00061261","1993-02","-31.9983","150.242","490.0","MERRIWA BELLVIEW, AS","5",",a","5",",a","0",",a","19930222",",,a","20.0",",,a,22,","65.0",",,,a"
"ASN00061261","1993-03","-31.9983","150.242","490.0","MERRIWA BELLVIEW, AS","6",",a","2",",a","0",",a","19930308",",,a","17.4",",,a,08,","26.2",",,,a"
"ASN00061261","1993-04","-31.9983","150.242","490.0","MERRIWA BELLVIEW, AS","2",",a","1",",a","0",",a","19930415",",,a","5.2",",,a,15,","6.0",",,,a"
"ASN00061261","1993-05","-31.9983","150.242","490.0","MERRIWA BELLVIEW, AS","6",",a","5",",a","0",",a","19930508",",,a","17.4",",,a,08,","45.5",",,,a"
"ASN00061261","1993-06","-31.9983","150.242","490.0","MERRIWA BELLVIEW, AS","4",",a","3",",a","0",",a","19930602",",,a","21.0",",,a,02,","47.7",",,,a"
"ASN00061261","1993-07","-31.9983","150.242","490.0","MERRIWA BELLVIEW, AS","10",",a","7",",a","1",",a","19930709",",,a","37.0",",,a,09,","87.2",",,,a"
"ASN00061261","1993-08","-31.9983","150.242","490.0","MERRIWA BELLVIEW, AS","7",",a","3",",a","0",",a","19930802",",,a","9.0",",,a,02,","26.7",",,,a"
"ASN00061261","1993-09","-31.9983","150.242","490.0","MERRIWA BELLVIEW, AS","7",",a","4",",a","0",",a","19930910",",,a","25.0",",,a,10,","65.9",",,,a"
"ASN00061261","1993-10","-31.9983","150.242","490.0","MERRIWA BELLVIEW, AS","10",",a","6",",a","0",",a","19931004",",,a","25.2",",,a,04,","105.0",",,,a"
"ASN00061261","1993-11","-31.9983","150.242","490.0","MERRIWA BELLVIEW, AS","8",",a","6",",a","0",",a","19931120",",,a","13.0",",,a,20,","53.2",",,,a"
"ASN00061261","1993-12","-31.9983","150.242","490.0","MERRIWA BELLVIEW, AS","8",",a","6",",a","0",",a","19931204",",,a","24.2",",,a,04,","68.8",",,,a"
"ASN00061261","1994-01","-31.9983","150.242","490.0","MERRIWA BELLVIEW, AS","5",",a","2",",a","0",",a","19940115",",,a","7.6",",,a,15,","16.0",",,,a"
"ASN00061261","1994-02","-31.9983","150.242","490.0","MERRIWA BELLVIEW, AS","10",",a","8",",a","0",",a","19940228",",,a","25.0",",,a,28,","84.5",",,,a"
"ASN00061261","1994-03","-31.9983","150.242","490.0","MERRIWA BELLVIEW, AS","7",",a","3",",a","0",",a","19940301",",,a","16.2",",,a,01,","34.7",",,,a"
"ASN00061261","1994-04","-31.9983","150.242","490.0","MERRIWA BELLVIEW, AS","5",",a","2",",a","0",",a","19940414",",,a","9.6",",,a,14,","19.8",",,,a"
"ASN00061261","1994-05","-31.9983","150.242","490.0","MERRIWA BELLVIEW, AS","2",",a","1",",a","0",",a","19940502",",,a","7.0",",,a,02,","7.4",",,,a"
"ASN00061261","1994-06","-31.9983","150.242","490.0","MERRIWA BELLVIEW, AS","3",",a","1",",a","0",",a","19940609",",,a","19.0",",,a,09,","20.9",",,,a"
"ASN00061261","1994-07","-31.9983","150.242","490.0","MERRIWA BELLVIEW, AS","4",",a","3",",a","0",",a","19940712",",,a","15.0",",,a,12,","38.0",",,,a"
"ASN00061261","1994-08","-31.9983","150.242","490.0","MERRIWA BELLVIEW, AS","2",",a","1",",a","0",",a","19940821",",,a","10.0",",,a,21,","12.0",",,,a"
"ASN00061261","1994-09","-31.9983","150.242","490.0","MERRIWA BELLVIEW, AS","1",",a","0",",a","0",",a","19940906",",,a","2.0",",,a,06,","2.0",",,,a"
"ASN00061261","1994-10","-31.9983","150.242","490.0","MERRIWA BELLVIEW, AS","5",",a","1",",a","0",",a","19941008",",,a","2.5",",,a,08,","7.0",",,,a"
"ASN00061261","1994-11","-31.9983","150.242","490.0","MERRIWA BELLVIEW, AS","10",",a","8",",a","2",",a","19941121",",,a","39.0",",,a,21,","121.6",",,,a"
"ASN00061261","1994-12","-31.9983","150.242","490.0","MERRIWA BELLVIEW, AS","4",",a","4",",a","0",",a","19941226",",,a","13.2",",,a,26,","33.2",",,,a"
"ASN00061261","1995-01","-31.9983","150.242","490.0","MERRIWA BELLVIEW, AS","14",",a","9",",a","1",",a","19950121",",,a","27.0",",,a,21,","148.2",",,,a"
"ASN00061261","1995-02","-31.9983","150.242","490.0","MERRIWA BELLVIEW, AS","5",",a","3",",a","0",",a","19950211","+,,a","4.0",",,a,11,+","11.9",",,,a"
"ASN00061261","1995-03","-31.9983","150.242","490.0","MERRIWA BELLVIEW, AS","2",",a","1",",a","0",",a","19950305",",,a","5.4",",,a,05,","6.4",",,,a"
"ASN00061261","1995-04","-31.9983","150.242","490.0","MERRIWA BELLVIEW, AS","0",",a","0",",a","0",",a","19950430","+,,a","0.0",",,a,30,+","0.0",",,,a"
"ASN00061261","1995-05","-31.9983","150.242","490.0","MERRIWA BELLVIEW, AS","12",",a","6",",a","1",",a","19950517",",,a","40.0",",,a,17,","99.0",",,,a"
"ASN00061261","1995-06","-31.9983","150.242","490.0","MERRIWA BELLVIEW, AS","6",",a","3",",a","0",",a","19950611",",,a","12.4",",,a,11,","21.0",",,,a"
"ASN00061261","1995-07","-31.9983","150.242","490.0","MERRIWA BELLVIEW, AS","3",",a","2",",a","0",",a","19950714",",,a","12.6",",,a,14,","17.6",",,,a"
"ASN00061261","1995-08","-31.9983","150.242","490.0","MERRIWA BELLVIEW, AS","0",",a","0",",a","0",",a","19950831","+,,a","0.0",",,a,31,+","0.0",",,,a"
"ASN00061261","1995-09","-31.9983","150.242","490.0","MERRIWA BELLVIEW, AS","11",",a","9",",a","0",",a","19950925",",,a","20.4",",,a,25,","87.6",",,,a"
"ASN00061261","1995-10","-31.9983","150.242","490.0","MERRIWA BELLVIEW, AS","7",",a","5",",a","0",",a","19951026",",,a","12.0",",,a,26,","40.1",",,,a"
"ASN00061261","1995-11","-31.9983","150.242","490.0","MERRIWA BELLVIEW, AS","10",",a","10",",a","0",",a","19951118","+,,a","24.0",",,a,18,+","129.3",",,,a"
"ASN00061261","1995-12","-31.9983","150.242","490.0","MERRIWA BELLVIEW, AS","9",",a","8",",a","0",",a","19951210",",,a","25.0",",,a,10,","104.8",",,,a"
"ASN00061261","1996-01","-31.9983","150.242","490.0","MERRIWA BELLVIEW, AS","15",",a","11",",a","3",",a","19960122",",,a","44.0",",,a,22,","178.6",",,,a"
"ASN00061261","1996-02","-31.9983","150.242","490.0","MERRIWA BELLVIEW, AS","7",",a","4",",a","0",",a","19960206",",,a","3.4",",,a,06,","17.4",",,,a"
"ASN00061261","1996-03","-31.9983","150.242","490.0","MERRIWA BELLVIEW, AS","8",",a","3",",a","0",",a","19960305",",,a","24.0",",,a,05,","52.4",",,,a"
"ASN00061261","1996-04","-31.9983","150.242","490.0","MERRIWA BELLVIEW, AS","1",",a","1",",a","0",",a","19960404",",,a","4.0",",,a,04,","4.0",",,,a"
"ASN00061261","1996-05","-31.9983","150.242","490.0","MERRIWA BELLVIEW, AS","12",",a","6",",a","1",",a","19960506",",,a","31.0",",,a,06,","78.0",",,,a"
"ASN00061261","1996-06","-31.9983","150.242","490.0","MERRIWA BELLVIEW, AS","14",",a","5",",a","0",",a","19960616",",,a","10.0",",,a,16,","41.4",",,,a"
"ASN00061261","1996-07","-31.9983","150.242","490.0","MERRIWA BELLVIEW, AS","11",",a","8",",a","1",",a","19960728",",,a","45.0",",,a,28,","84.2",",,,a"
"ASN00061261","1996-08","-31.9983","150.242","490.0","MERRIWA BELLVIEW, AS","9",",a","4",",a","1",",a","19960831",",,a","86.0",",,a,31,","121.8",",,,a"
"ASN00061261","1996-09","-31.9983","150.242","490.0","MERRIWA BELLVIEW, AS","6",",a","4",",a","1",",a","19960929",",,a","30.0",",,a,29,","69.0",",,,a"
"ASN00061261","1996-10","-31.9983","150.242","490.0","MERRIWA BELLVIEW, AS","8",",a","5",",a","0",",a","19961007",",,a","22.0",",,a,07,","52.0",",,,a"
"ASN00061261","1996-11","-31.9983","150.242","490.0","MERRIWA BELLVIEW, AS","10",",a","5",",a","1",",a","19961123",",,a","36.0",",,a,23,","72.4",",,,a"
"ASN00061261","1996-12","-31.9983","150.242","490.0","MERRIWA BELLVIEW, AS","11",",a","7",",a","1",",a","19961207",",,a","31.0",",,a,07,","118.4",",,,a"
"ASN00061261","1997-01","-31.9983","150.242","490.0","MERRIWA BELLVIEW, AS","7",",a","6",",a","3",",a","19970129",",,a","66.0",",,a,29,","168.6",",,,a"
"ASN00061261","1997-02","-31.9983","150.242","490.0","MERRIWA BELLVIEW, AS","14",",a","7",",a","3",",a","19970212",",,a","37.0",",,a,12,","145.4",",,,a"
"ASN00061261","1997-03","-31.9983","150.242","490.0","MERRIWA BELLVIEW, AS","3",",a","1",",a","0",",a","19970307",",,a","9.0",",,a,07,","12.2",",,,a"
"ASN00061261","1997-04","-31.9983","150.242","490.0","MERRIWA BELLVIEW, AS","1",",a","0",",a","0",",a","19970425",",,a","1.0",",,a,25,","1.0",",,,a"
"ASN00061261","1997-05","-31.9983","150.242","490.0","MERRIWA BELLVIEW, AS","8",",a","5",",a","0",",a","19970517",",,a","14.0",",,a,17,","34.4",",,,a"
"ASN00061261","1997-06","-31.9983","150.242","490.0","MERRIWA BELLVIEW, AS","9",",a","4",",a","0",",a","19970626",",,a","21.0",",,a,26,","53.1",",,,a"
"ASN00061261","1997-07","-31.9983","150.242","490.0","MERRIWA BELLVIEW, AS","4",",a","2",",a","0",",a","19970728",",,a","15.5",",,a,28,","19.8",",,,a"
"ASN00061261","1997-08","-31.9983","150.242","490.0","MERRIWA BELLVIEW, AS","1",",a","0",",a","0",",a","19970807",",,a","1.2",",,a,07,","1.2",",,,a"
"ASN00061261","1997-09","-31.9983","150.242","490.0","MERRIWA BELLVIEW, AS","13",",a","7",",a","1",",a","19970920",",,a","39.5",",,a,20,","96.6",",,,a"
"ASN00061261","1997-10","-31.9983","150.242","490.0","MERRIWA BELLVIEW, AS","5",",a","2",",a","1",",a","19971008",",,a","39.0",",,a,08,","61.4",",,,a"
"ASN00061261","1997-11","-31.9983","150.242","490.0","MERRIWA BELLVIEW, AS","6",",a","3",",a","0",",a","19971115",",,a","7.0",",,a,15,","15.9",",,,a"
"ASN00061261","1997-12","-31.9983","150.242","490.0","MERRIWA BELLVIEW, AS","9",",a","5",",a","0",",a","19971206",",,a","10.0",",,a,06,","39.2",",,,a"
"ASN00061261","1998-01","-31.9983","150.242","490.0","MERRIWA BELLVIEW, AS","12",",a","11",",a","0",",a","19980119",",,a","20.0",",,a,19,","77.5",",,,a"
"ASN00061261","1998-02","-31.9983","150.242","490.0","MERRIWA BELLVIEW, AS","11",",a","7",",a","1",",a","19980207",",,a","27.0",",,a,07,","101.8",",,,a"
"ASN00061261","1998-03","-31.9983","150.242","490.0","MERRIWA BELLVIEW, AS","2",",a","0",",a","0",",a","19980301",",,a","2.0",",,a,01,","2.4",",,,a"
"ASN00061261","1998-04","-31.9983","150.242","490.0","MERRIWA BELLVIEW, AS","4",",a","4",",a","1",",a","19980424",",,a","34.0",",,a,24,","56.0",",,,a"
"ASN00061261","1998-05","-31.9983","150.242","490.0","MERRIWA BELLVIEW, AS","12",",a","8",",a","1",",a","19980506",",,a","47.0",",,a,06,","118.0",",,,a"
"ASN00061261","1998-06","-31.9983","150.242","490.0","MERRIWA BELLVIEW, AS","6",",a","4",",a","0",",a","19980623",",,a","23.0",",,a,23,","59.0",",,,a"
"ASN00061261","1998-07","-31.9983","150.242","490.0","MERRIWA BELLVIEW, AS","16",",a","8",",a","2",",a","19980721",",,a","60.0",",,a,21,","157.3",",,,a"
"ASN00061261","1998-08","-31.9983","150.242","490.0","MERRIWA BELLVIEW, AS","13",",a","6",",a","0",",a","19980808",",,a","14.5",",,a,08,","57.8",",,,a"
"ASN00061261","1998-10","-31.9983","150.242","490.0","MERRIWA BELLVIEW, AS","7",",a","4",",a","0",",a","19981020",",,a","19.0",",,a,20,","59.2",",,,a"
"ASN00061261","1998-11","-31.9983","150.242","490.0","MERRIWA BELLVIEW, AS","9",",a","8",",a","1",",a","19981109",",,a","25.5",",,a,09,","75.6",",,,a"
"ASN00061261","1998-12","-31.9983","150.242","490.0","MERRIWA BELLVIEW, AS","4",",a","3",",a","1",",a","19981215",",,a","30.0",",,a,15,","43.0",",,,a"
"ASN00061261","1999-01","-31.9983","150.242","490.0","MERRIWA BELLVIEW, AS","9",",a","5",",a","1",",a","19990110",",,a","39.0",",,a,10,","63.2",",,,a"
"ASN00061261","1999-02","-31.9983","150.242","490.0","MERRIWA BELLVIEW, AS","5",",a","3",",a","0",",a","19990202",",,a","12.0",",,a,02,","25.0",",,,a"
"ASN00061261","1999-03","-31.9983","150.242","490.0","MERRIWA BELLVIEW, AS","13",",a","10",",a","1",",a","19990323",",,a","35.0",",,a,23,","124.9",",,,a"
"ASN00061261","1999-04","-31.9983","150.242","490.0","MERRIWA BELLVIEW, AS","8",",a","4",",a","3",",a","19990402",",,a","38.0",",,a,02,","102.7",",,,a"
"ASN00061261","1999-05","-31.9983","150.242","490.0","MERRIWA BELLVIEW, AS","5",",a","2",",a","0",",a","19990509",",,a","6.0",",,a,09,","11.2",",,,a"
"ASN00061261","1999-06","-31.9983","150.242","490.0","MERRIWA BELLVIEW, AS","6",",a","3",",a","1",",a","19990610",",,a","49.5",",,a,10,","67.1",",,,a"
"ASN00061261","1999-07","-31.9983","150.242","490.0","MERRIWA BELLVIEW, AS","11",",a","4",",a","0",",a","19990715",",,a","18.0",",,a,15,","45.1",",,,a"
"ASN00061261","1999-08","-31.9983","150.242","490.0","MERRIWA BELLVIEW, AS","8",",a","4",",a","1",",a","19990827",",,a","27.0",",,a,27,","45.9",",,,a"
"ASN00061261","1999-09","-31.9983","150.242","490.0","MERRIWA BELLVIEW, AS","7",",a","7",",a","1",",a","19990926",",,a","32.5",",,a,26,","62.5",",,,a"
"ASN00061261","1999-10","-31.9983","150.242","490.0","MERRIWA BELLVIEW, AS","12",",a","10",",a","2",",a","19991024",",,a","29.0",",,a,24,","130.7",",,,a"
"ASN00061261","2002-04","-31.9983","150.242","490.0","MERRIWA BELLVIEW, AS","1",",a","1",",a","0",",a","20020418",",,a","7.8",",,a,18,","7.9",",,,a"
"ASN00061261","2002-05","-31.9983","150.242","490.0","MERRIWA BELLVIEW, AS","7",",a","4",",a","1",",a","20020525",",,a","30.0",",,a,25,","42.6",",,,a"
"ASN00061261","2002-06","-31.9983","150.242","490.0","MERRIWA BELLVIEW, AS","3","2,a","2","2,a","0","2,a","20020608",",2,a","20.8","2,,a,08,","27.8",",a,,a"
"ASN00061261","2004-05","-31.9983","150.242","490.0","MERRIWA BELLVIEW, AS","2","2,a","0","2,a","0","2,a","20040518",",2,a","1.0","2,,a,18,","30.4",",a,,a"
"ASN00061261","2004-06","-31.9983","150.242","490.0","MERRIWA BELLVIEW, AS","3",",a","3",",a","0",",a","20040611",",,a","8.0",",,a,11,","19.0",",,,a"
"ASN00061261","2004-07","-31.9983","150.242","490.0","MERRIWA BELLVIEW, AS","2","2,a","2","2,a","0","2,a","20040727",",2,a","22.5","2,,a,27,","43.5",",a,,a"
"ASN00061261","2004-08","-31.9983","150.242","490.0","MERRIWA BELLVIEW, AS","4",",a","3",",a","0",",a","20040831",",,a","21.0",",,a,31,","44.0",",,,a"
