"STATION","DATE","LATITUDE","LONGITUDE","ELEVATION","NAME","DP01","DP01_ATTRIBUTES","DP10","DP10_ATTRIBUTES","DP1X","DP1X_ATTRIBUTES","DYXP","DYXP_ATTRIBUTES","EMXP","EMXP_ATTRIBUTES","PRCP","PRCP_ATTRIBUTES"
"ASN00056168","1965-02","-30.05","151.0667","756.0","BUNDARRA GLEN HAZEL, AS","4",",a","2",",a","0",",a","19650214",",,a","8.6",",,a,14,","18.8",",,,a"
"ASN00056168","1965-03","-30.05","151.0667","756.0","BUNDARRA GLEN HAZEL, AS","2",",a","2",",a","0",",a","19650301",",,a","12.4",",,a,01,","17.5",",,,a"
"ASN00056168","1965-04","-30.05","151.0667","756.0","BUNDARRA GLEN HAZEL, AS","4",",a","3",",a","1",",a","19650413",",,a","29.5",",,a,13,","43.0",",,,a"
"ASN00056168","1965-05","-30.05","151.0667","756.0","BUNDARRA GLEN HAZEL, AS","3",",a","2",",a","0",",a","19650513",",,a","7.9",",,a,13,","12.2",",,,a"
"ASN00056168","1965-06","-30.05","151.0667","756.0","BUNDARRA GLEN HAZEL, AS","6",",a","4",",a","0",",a","19650622",",,a","9.1",",,a,22,","30.6",",,,a"
"ASN00056168","1965-07","-30.05","151.0667","756.0","BUNDARRA GLEN HAZEL, AS","7",",a","2",",a","0",",a","19650721",",,a","6.4",",,a,21,","17.1",",,,a"
"ASN00056168","1965-08","-30.05","151.0667","756.0","BUNDARRA GLEN HAZEL, AS","5",",a","4",",a","0",",a","19650826",",,a","18.5",",,a,26,","30.9",",,,a"
"ASN00056168","1965-09","-30.05","151.0667","756.0","BUNDARRA GLEN HAZEL, AS","4",",a","3",",a","0",",a","19650908",",,a","24.6",",,a,08,","64.3",",,,a"
"ASN00056168","1965-10","-30.05","151.0667","756.0","BUNDARRA GLEN HAZEL, AS","6",",a","6",",a","0",",a","19651018",",,a","10.4",",,a,18,","47.6",",,,a"
"ASN00056168","1965-11","-30.05","151.0667","756.0","BUNDARRA GLEN HAZEL, AS","4",",a","3",",a","0",",a","19651130",",,a","16.0",",,a,30,","38.0",",,,a"
"ASN00056168","1965-12","-30.05","151.0667","756.0","BUNDARRA GLEN HAZEL, AS","11",",a","8",",a","2",",a","19651208",",,a","53.1",",,a,08,","166.2",",,,a"
"ASN00056168","1966-01","-30.05","151.0667","756.0","BUNDARRA GLEN HAZEL, AS","4",",a","1",",a","0",",a","19660124",",,a","3.8",",,a,24,","6.6",",,,a"
"ASN00056168","1966-02","-30.05","151.0667","756.0","BUNDARRA GLEN HAZEL, AS","6",",a","3",",a","0",",a","19660218",",,a","16.5",",,a,18,","49.2",",,,a"
"ASN00056168","1966-03","-30.05","151.0667","756.0","BUNDARRA GLEN HAZEL, AS","7",",a","6",",a","0",",a","19660319",",,a","22.1",",,a,19,","69.2",",,,a"
"ASN00056168","1966-04","-30.05","151.0667","756.0","BUNDARRA GLEN HAZEL, AS","3",",a","1",",a","1",",a","19660427",",,a","34.3",",,a,27,","36.8",",,,a"
"ASN00056168","1966-05","-30.05","151.0667","756.0","BUNDARRA GLEN HAZEL, AS","2",",a","1",",a","0",",a","19660506",",,a","15.7",",,a,06,","16.7",",,,a"
"ASN00056168","1966-06","-30.05","151.0667","756.0","BUNDARRA GLEN HAZEL, AS","5",",a","3",",a","0",",a","19660601",",,a","19.3",",,a,01,","38.9",",,,a"
"ASN00056168","1966-07","-30.05","151.0667","756.0","BUNDARRA GLEN HAZEL, AS","5",",a","4",",a","0",",a","19660704",",,a","17.8",",,a,04,","29.7",",,,a"
"ASN00056168","1966-08","-30.05","151.0667","756.0","BUNDARRA GLEN HAZEL, AS","4",",a","4",",a","2",",a","19660811",",,a","33.3",",,a,11,","102.8",",,,a"
"ASN00056168","1966-09","-30.05","151.0667","756.0","BUNDARRA GLEN HAZEL, AS","6",",a","5",",a","0",",a","19660916",",,a","14.5",",,a,16,","27.6",",,,a"
"ASN00056168","1966-10","-30.05","151.0667","756.0","BUNDARRA GLEN HAZEL, AS","7",",a","6",",a","2",",a","19661015",",,a","34.8",",,a,15,","117.9",",,,a"
"ASN00056168","1966-11","-30.05","151.0667","756.0","BUNDARRA GLEN HAZEL, AS","10",",a","9",",a","1",",a","19661108",",,a","32.8",",,a,08,","100.8",",,,a"
"ASN00056168","1966-12","-30.05","151.0667","756.0","BUNDARRA GLEN HAZEL, AS","10",",a","7",",a","0",",a","19661228",",,a","19.8",",,a,28,","84.4",",,,a"
"ASN00056168","1967-01","-30.05","151.0667","756.0","BUNDARRA GLEN HAZEL, AS","9",",a","6",",a","0",",a","19670128",",,a","13.0",",,a,28,","62.2",",,,a"
"ASN00056168","1967-02","-30.05","151.0667","756.0","BUNDARRA GLEN HAZEL, AS","4",",a","4",",a","0",",a","19670223",",,a","16.0",",,a,23,","33.0",",,,a"
"ASN00056168","1967-03","-30.05","151.0667","756.0","BUNDARRA GLEN HAZEL, AS","6",",a","5",",a","1",",a","19670308",",,a","25.7",",,a,08,","100.6",",,,a"
"ASN00056168","1967-04","-30.05","151.0667","756.0","BUNDARRA GLEN HAZEL, AS","1",",a","0",",a","0",",a","19670404",",,a","2.3",",,a,04,","2.3",",,,a"
"ASN00056168","1967-05","-30.05","151.0667","756.0","BUNDARRA GLEN HAZEL, AS","3",",a","1",",a","0",",a","19670520",",,a","22.9",",,a,20,","26.4",",,,a"
"ASN00056168","1967-06","-30.05","151.0667","756.0","BUNDARRA GLEN HAZEL, AS","9",",a","6",",a","0",",a","19670621",",,a","11.9",",,a,21,","46.0",",,,a"
"ASN00056168","1967-07","-30.05","151.0667","756.0","BUNDARRA GLEN HAZEL, AS","4",",a","4",",a","0",",a","19670730",",,a","6.9",",,a,30,","19.1",",,,a"
"ASN00056168","1967-08","-30.05","151.0667","756.0","BUNDARRA GLEN HAZEL, AS","5",",a","4",",a","0",",a","19670806",",,a","14.2",",,a,06,","32.7",",,,a"
"ASN00056168","1967-09","-30.05","151.0667","756.0","BUNDARRA GLEN HAZEL, AS","4",",a","3",",a","0",",a","19670905",",,a","17.8",",,a,05,","31.8",",,,a"
"ASN00056168","1967-10","-30.05","151.0667","756.0","BUNDARRA GLEN HAZEL, AS","9",",a","7",",a","1",",a","19671008",",,a","38.1",",,a,08,","110.3",",,,a"
"ASN00056168","1967-11","-30.05","151.0667","756.0","BUNDARRA GLEN HAZEL, AS","2",",a","1",",a","0",",a","19671108",",,a","7.9",",,a,08,","9.9",",,,a"
"ASN00056168","1967-12","-30.05","151.0667","756.0","BUNDARRA GLEN HAZEL, AS","4",",a","2",",a","1",",a","19671229",",,a","27.9",",,a,29,","44.2",",,,a"
"ASN00056168","1968-01","-30.05","151.0667","756.0","BUNDARRA GLEN HAZEL, AS","8",",a","8",",a","1",",a","19680112",",,a","86.4",",,a,12,","166.4",",,,a"
"ASN00056168","1968-02","-30.05","151.0667","756.0","BUNDARRA GLEN HAZEL, AS","3",",a","3",",a","0",",a","19680210",",,a","17.8",",,a,10,","44.2",",,,a"
"ASN00056168","1968-03","-30.05","151.0667","756.0","BUNDARRA GLEN HAZEL, AS","6",",a","6",",a","0",",a","19680301",",,a","15.2",",,a,01,","59.6",",,,a"
"ASN00056168","1968-04","-30.05","151.0667","756.0","BUNDARRA GLEN HAZEL, AS","4",",a","3",",a","0",",a","19680429",",,a","13.7",",,a,29,","25.9",",,,a"
"ASN00056168","1968-05","-30.05","151.0667","756.0","BUNDARRA GLEN HAZEL, AS","9",",a","8",",a","1",",a","19680512",",,a","70.1",",,a,12,","110.1",",,,a"
"ASN00056168","1968-06","-30.05","151.0667","756.0","BUNDARRA GLEN HAZEL, AS","1",",a","1",",a","0",",a","19680628",",,a","6.4",",,a,28,","6.4",",,,a"
"ASN00056168","1968-07","-30.05","151.0667","756.0","BUNDARRA GLEN HAZEL, AS","4",",a","3",",a","1",",a","19680718",",,a","26.4",",,a,18,","49.8",",,,a"
"ASN00056168","1968-08","-30.05","151.0667","756.0","BUNDARRA GLEN HAZEL, AS","8",",a","7",",a","0",",a","19680804",",,a","19.8",",,a,04,","77.7",",,,a"
"ASN00056168","1968-09","-30.05","151.0667","756.0","BUNDARRA GLEN HAZEL, AS","7",",a","6",",a","0",",a","19680929",",,a","15.2",",,a,29,","52.2",",,,a"
"ASN00056168","1968-10","-30.05","151.0667","756.0","BUNDARRA GLEN HAZEL, AS","2",",a","2",",a","1",",a","19681026",",,a","44.5",",,a,26,","49.6",",,,a"
"ASN00056168","1968-11","-30.05","151.0667","756.0","BUNDARRA GLEN HAZEL, AS","3",",a","3",",a","1",",a","19681106",",,a","39.4",",,a,06,","53.7",",,,a"
"ASN00056168","1968-12","-30.05","151.0667","756.0","BUNDARRA GLEN HAZEL, AS","6",",a","6",",a","1",",a","19681203",",,a","34.0",",,a,03,","90.7",",,,a"
"ASN00056168","1969-01","-30.05","151.0667","756.0","BUNDARRA GLEN HAZEL, AS","9",",a","8",",a","2",",a","19690102",",,a","35.6",",,a,02,","143.1",",,,a"
"ASN00056168","1969-02","-30.05","151.0667","756.0","BUNDARRA GLEN HAZEL, AS","3",",a","3",",a","1",",a","19690210",",,a","26.2",",,a,10,","37.6",",,,a"
"ASN00056168","1969-03","-30.05","151.0667","756.0","BUNDARRA GLEN HAZEL, AS","3",",a","3",",a","0",",a","19690318",",,a","21.6",",,a,18,","33.5",",,,a"
"ASN00056168","1969-04","-30.05","151.0667","756.0","BUNDARRA GLEN HAZEL, AS","2",",a","2",",a","1",",a","19690415",",,a","41.1",",,a,15,","46.9",",,,a"
"ASN00056168","1969-05","-30.05","151.0667","756.0","BUNDARRA GLEN HAZEL, AS","7",",a","7",",a","1",",a","19690512",",,a","38.6",",,a,12,","89.6",",,,a"
"ASN00056168","1969-06","-30.05","151.0667","756.0","BUNDARRA GLEN HAZEL, AS","2",",a","2",",a","0",",a","19690621","+,,a","12.7",",,a,21,+","25.4",",,,a"
"ASN00056168","1969-07","-30.05","151.0667","756.0","BUNDARRA GLEN HAZEL, AS","4",",a","4",",a","1",",a","19690721",",,a","32.5",",,a,21,","47.4",",,,a"
"ASN00056168","1969-08","-30.05","151.0667","756.0","BUNDARRA GLEN HAZEL, AS","4",",a","4",",a","0",",a","19690809",",,a","16.8",",,a,09,","34.4",",,,a"
"ASN00056168","1969-09","-30.05","151.0667","756.0","BUNDARRA GLEN HAZEL, AS","7",",a","7",",a","1",",a","19690906",",,a","39.4",",,a,06,","77.0",",,,a"
"ASN00056168","1969-10","-30.05","151.0667","756.0","BUNDARRA GLEN HAZEL, AS","7",",a","7",",a","1",",a","19691011",",,a","27.2",",,a,11,","109.7",",,,a"
"ASN00056168","1969-11","-30.05","151.0667","756.0","BUNDARRA GLEN HAZEL, AS","7",",a","7",",a","1",",a","19691113",",,a","35.1",",,a,13,","98.4",",,,a"
"ASN00056168","1969-12","-30.05","151.0667","756.0","BUNDARRA GLEN HAZEL, AS","6",",a","6",",a","1",",a","19691222",",,a","55.9",",,a,22,","134.8",",,,a"
"ASN00056168","1970-01","-30.05","151.0667","756.0","BUNDARRA GLEN HAZEL, AS","11",",a","11",",a","2",",a","19700109",",,a","38.1",",,a,09,","186.8",",,,a"
"ASN00056168","1970-02","-30.05","151.0667","756.0","BUNDARRA GLEN HAZEL, AS","4",",a","4",",a","0",",a","19700222","+,,a","12.7",",,a,22,+","36.5",",,,a"
"ASN00056168","1970-03","-30.05","151.0667","756.0","BUNDARRA GLEN HAZEL, AS","4",",a","4",",a","0",",a","19700320",",,a","8.4",",,a,20,","17.3",",,,a"
"ASN00056168","1970-04","-30.05","151.0667","756.0","BUNDARRA GLEN HAZEL, AS","2",",a","2",",a","1",",a","19700423",",,a","48.3",",,a,23,","51.1",",,,a"
"ASN00056168","1970-05","-30.05","151.0667","756.0","BUNDARRA GLEN HAZEL, AS","3",",a","3",",a","0",",a","19700526",",,a","3.8",",,a,26,","10.7",",,,a"
"ASN00056168","1970-06","-30.05","151.0667","756.0","BUNDARRA GLEN HAZEL, AS","3",",a","3",",a","0",",a","19700603",",,a","13.0",",,a,03,","30.3",",,,a"
"ASN00056168","1970-07","-30.05","151.0667","756.0","BUNDARRA GLEN HAZEL, AS","1",",a","1",",a","0",",a","19700731",",,a","2.5",",,a,31,","2.5",",,,a"
"ASN00056168","1970-08","-30.05","151.0667","756.0","BUNDARRA GLEN HAZEL, AS","4",",a","3",",a","0",",a","19700823",",,a","14.2",",,a,23,","29.2",",,,a"
"ASN00056168","1970-09","-30.05","151.0667","756.0","BUNDARRA GLEN HAZEL, AS","10",",a","9",",a","3",",a","19700914",",,a","49.8",",,a,14,","181.7",",,,a"
"ASN00056168","1970-10","-30.05","151.0667","756.0","BUNDARRA GLEN HAZEL, AS","5",",a","5",",a","0",",a","19701012",",,a","17.8",",,a,12,","53.0",",,,a"
"ASN00056168","1970-11","-30.05","151.0667","756.0","BUNDARRA GLEN HAZEL, AS","8",",a","7",",a","2",",a","19701106",",,a","63.0",",,a,06,","137.0",",,,a"
"ASN00056168","1970-12","-30.05","151.0667","756.0","BUNDARRA GLEN HAZEL, AS","10",",a","10",",a","4",",a","19701207",",,a","66.0",",,a,07,","227.9",",,,a"
"ASN00056168","1971-01","-30.05","151.0667","756.0","BUNDARRA GLEN HAZEL, AS","13",",a","13",",a","2",",a","19710128",",,a","90.9",",,a,28,","263.0",",,,a"
"ASN00056168","1971-02","-30.05","151.0667","756.0","BUNDARRA GLEN HAZEL, AS","8",",a","8",",a","2",",a","19710206",",,a","57.2",",,a,06,","150.0",",,,a"
"ASN00056168","1971-03","-30.05","151.0667","756.0","BUNDARRA GLEN HAZEL, AS","1",",a","1",",a","0",",a","19710320",",,a","3.6",",,a,20,","3.6",",,,a"
"ASN00056168","1971-04","-30.05","151.0667","756.0","BUNDARRA GLEN HAZEL, AS","1",",a","1",",a","0",",a","19710417",",,a","10.9",",,a,17,","10.9",",,,a"
"ASN00056168","1971-05","-30.05","151.0667","756.0","BUNDARRA GLEN HAZEL, AS","3",",a","2",",a","0",",a","19710529",",,a","3.0",",,a,29,","7.3",",,,a"
"ASN00056168","1971-06","-30.05","151.0667","756.0","BUNDARRA GLEN HAZEL, AS","3",",a","1",",a","0",",a","19710611",",,a","3.0",",,a,11,","6.6",",,,a"
"ASN00056168","1971-07","-30.05","151.0667","756.0","BUNDARRA GLEN HAZEL, AS","6",",a","4",",a","2",",a","19710715",",,a","73.7",",,a,15,","141.7",",,,a"
"ASN00056168","1971-08","-30.05","151.0667","756.0","BUNDARRA GLEN HAZEL, AS","5",",a","5",",a","3",",a","19710807",",,a","53.3",",,a,07,","142.4",",,,a"
"ASN00056168","1971-09","-30.05","151.0667","756.0","BUNDARRA GLEN HAZEL, AS","6",",a","6",",a","1",",a","19710919",",,a","28.4",",,a,19,","88.8",",,,a"
"ASN00056168","1971-10","-30.05","151.0667","756.0","BUNDARRA GLEN HAZEL, AS","5",",a","4",",a","0",",a","19711007",",,a","17.8",",,a,07,","51.4",",,,a"
"ASN00056168","1971-11","-30.05","151.0667","756.0","BUNDARRA GLEN HAZEL, AS","9",",a","8",",a","1",",a","19711126",",,a","28.2",",,a,26,","69.3",",,,a"
"ASN00056168","1971-12","-30.05","151.0667","756.0","BUNDARRA GLEN HAZEL, AS","5","2,a","3","2,a","0","2,a","19711215",",2,a","24.9","2,,a,15,","59.2",",a,,a"
"ASN00056168","1972-01","-30.05","151.0667","756.0","BUNDARRA GLEN HAZEL, AS","8",",a","8",",a","1",",a","19720114",",,a","25.4",",,a,14,","97.0",",,,a"
"ASN00056168","1972-02","-30.05","151.0667","756.0","BUNDARRA GLEN HAZEL, AS","4",",a","4",",a","0",",a","19720216",",,a","23.9",",,a,16,","52.1",",,,a"
"ASN00056168","1972-03","-30.05","151.0667","756.0","BUNDARRA GLEN HAZEL, AS","2",",a","2",",a","0",",a","19720305",",,a","9.7",",,a,05,","16.3",",,,a"
"ASN00056168","1972-04","-30.05","151.0667","756.0","BUNDARRA GLEN HAZEL, AS","2",",a","2",",a","1",",a","19720403",",,a","48.8",",,a,03,","54.9",",,,a"
"ASN00056168","1972-05","-30.05","151.0667","756.0","BUNDARRA GLEN HAZEL, AS","3",",a","1",",a","0",",a","19720511",",,a","17.8",",,a,11,","20.6",",,,a"
"ASN00056168","1972-06","-30.05","151.0667","756.0","BUNDARRA GLEN HAZEL, AS","1",",a","1",",a","0",",a","19720623",",,a","9.4",",,a,23,","9.4",",,,a"
"ASN00056168","1972-07","-30.05","151.0667","756.0","BUNDARRA GLEN HAZEL, AS","0",",a","0",",a","0",",a","19720731","+,,a","0.0",",,a,31,+","0.0",",,,a"
"ASN00056168","1972-08","-30.05","151.0667","756.0","BUNDARRA GLEN HAZEL, AS","8",",a","6",",a","1",",a","19720806",",,a","29.0",",,a,06,","67.3",",,,a"
"ASN00056168","1972-09","-30.05","151.0667","756.0","BUNDARRA GLEN HAZEL, AS","5",",a","4",",a","0",",a","19720908",",,a","18.3",",,a,08,","57.7",",,,a"
"ASN00056168","1972-10","-30.05","151.0667","756.0","BUNDARRA GLEN HAZEL, AS","12",",a","11",",a","2",",a","19721028","+,,a","30.5",",,a,28,+","127.2",",,,a"
"ASN00056168","1972-11","-30.05","151.0667","756.0","BUNDARRA GLEN HAZEL, AS","7",",a","6",",a","2",",a","19721124",",,a","39.6",",,a,24,","121.4",",,,a"
"ASN00056168","1972-12","-30.05","151.0667","756.0","BUNDARRA GLEN HAZEL, AS","5",",a","5",",a","1",",a","19721209",",,a","53.3",",,a,09,","116.3",",,,a"
"ASN00056168","1973-01","-30.05","151.0667","756.0","BUNDARRA GLEN HAZEL, AS","6",",a","6",",a","1",",a","19730128",",,a","39.1",",,a,28,","108.5",",,,a"
"ASN00056168","1973-02","-30.05","151.0667","756.0","BUNDARRA GLEN HAZEL, AS","6",",a","5",",a","1",",a","19730211",",,a","110.7",",,a,11,","146.0",",,,a"
"ASN00056168","1973-03","-30.05","151.0667","756.0","BUNDARRA GLEN HAZEL, AS","3",",a","3",",a","1",",a","19730321",",,a","25.9",",,a,21,","48.0",",,,a"
"ASN00056168","1973-04","-30.05","151.0667","756.0","BUNDARRA GLEN HAZEL, AS","1",",a","1",",a","0",",a","19730419",",,a","3.3",",,a,19,","3.3",",,,a"
"ASN00056168","1973-05","-30.05","151.0667","756.0","BUNDARRA GLEN HAZEL, AS","3",",a","2",",a","1",",a","19730501",",,a","39.1",",,a,01,","43.7",",,,a"
"ASN00056168","1973-06","-30.05","151.0667","756.0","BUNDARRA GLEN HAZEL, AS","5","2,a","4","2,a","0","2,a","19730609",",2,a","8.4","2,,a,09,","50.2",",a,,a"
"ASN00056168","1973-07","-30.05","151.0667","756.0","BUNDARRA GLEN HAZEL, AS","5",",a","5",",a","1",",a","19730718",",,a","36.6",",,a,18,","68.2",",,,a"
"ASN00056168","1973-08","-30.05","151.0667","756.0","BUNDARRA GLEN HAZEL, AS","6",",a","6",",a","0",",a","19730828",",,a","23.4",",,a,28,","64.0",",,,a"
"ASN00056168","1973-09","-30.05","151.0667","756.0","BUNDARRA GLEN HAZEL, AS","7",",a","7",",a","3",",a","19730902",",,a","33.8",",,a,02,","128.8",",,,a"
"ASN00056168","1973-10","-30.05","151.0667","756.0","BUNDARRA GLEN HAZEL, AS","7",",a","7",",a","2",",a","19731010",",,a","64.3",",,a,10,","169.7",",,,a"
"ASN00056168","1973-11","-30.05","151.0667","756.0","BUNDARRA GLEN HAZEL, AS","7",",a","6",",a","2",",a","19731127",",,a","51.6",",,a,27,","143.8",",,,a"
"ASN00056168","1973-12","-30.05","151.0667","756.0","BUNDARRA GLEN HAZEL, AS","9",",a","8",",a","1",",a","19731220",",,a","39.6",",,a,20,","81.7",",,,a"
"ASN00056168","1974-01","-30.05","151.0667","756.0","BUNDARRA GLEN HAZEL, AS","3",",a","3",",a","2",",a","19740107",",,a","94.0",",,a,07,","142.6",",,,a"
"ASN00056168","1974-02","-30.05","151.0667","756.0","BUNDARRA GLEN HAZEL, AS","4",",a","4",",a","0",",a","19740217",",,a","18.6",",,a,17,","45.8",",,,a"
"ASN00056168","1974-03","-30.05","151.0667","756.0","BUNDARRA GLEN HAZEL, AS","4",",a","4",",a","0",",a","19740310",",,a","18.0",",,a,10,","50.8",",,,a"
"ASN00056168","1974-04","-30.05","151.0667","756.0","BUNDARRA GLEN HAZEL, AS","7",",a","6",",a","1",",a","19740404",",,a","38.0",",,a,04,","81.8",",,,a"
"ASN00056168","1974-05","-30.05","151.0667","756.0","BUNDARRA GLEN HAZEL, AS","5",",a","3",",a","1",",a","19740516",",,a","44.4",",,a,16,","61.6",",,,a"
"ASN00056168","1974-06","-30.05","151.0667","756.0","BUNDARRA GLEN HAZEL, AS","4",",a","3",",a","1",",a","19740630",",,a","41.0",",,a,30,","50.8",",,,a"
"ASN00056168","1974-07","-30.05","151.0667","756.0","BUNDARRA GLEN HAZEL, AS","4",",a","4",",a","0",",a","19740707",",,a","10.2",",,a,07,","30.4",",,,a"
"ASN00056168","1974-08","-30.05","151.0667","756.0","BUNDARRA GLEN HAZEL, AS","5",",a","4",",a","0",",a","19740826",",,a","25.0",",,a,26,","51.8",",,,a"
"ASN00056168","1974-09","-30.05","151.0667","756.0","BUNDARRA GLEN HAZEL, AS","3",",a","3",",a","0",",a","19740905",",,a","21.0",",,a,05,","32.0",",,,a"
"ASN00056168","1974-10","-30.05","151.0667","756.0","BUNDARRA GLEN HAZEL, AS","6",",a","6",",a","0",",a","19741030",",,a","18.4",",,a,30,","75.2",",,,a"
"ASN00056168","1974-11","-30.05","151.0667","756.0","BUNDARRA GLEN HAZEL, AS","6",",a","5",",a","1",",a","19741119",",,a","32.2",",,a,19,","97.0",",,,a"
"ASN00056168","1974-12","-30.05","151.0667","756.0","BUNDARRA GLEN HAZEL, AS","5",",a","4",",a","1",",a","19741209",",,a","32.0",",,a,09,","55.2",",,,a"
"ASN00056168","1975-01","-30.05","151.0667","756.0","BUNDARRA GLEN HAZEL, AS","2",",a","2",",a","1",",a","19750103",",,a","36.0",",,a,03,","53.0",",,,a"
"ASN00056168","1975-02","-30.05","151.0667","756.0","BUNDARRA GLEN HAZEL, AS","7",",a","7",",a","2",",a","19750223",",,a","70.8",",,a,23,","156.8",",,,a"
"ASN00056168","1975-03","-30.05","151.0667","756.0","BUNDARRA GLEN HAZEL, AS","8","3,a","8","3,a","1","3,a","19750317",",3,a","27.0","3,,a,17,","137.4",",a,,a"
"ASN00056168","1975-05","-30.05","151.0667","756.0","BUNDARRA GLEN HAZEL, AS","1",",a","1",",a","0",",a","19750514",",,a","3.0",",,a,14,","3.0",",,,a"
"ASN00056168","1975-12","-30.05","151.0667","756.0","BUNDARRA GLEN HAZEL, AS","6",",a","6",",a","0",",a","19751219",",,a","25.0",",,a,19,","62.4",",,,a"
"ASN00056168","1976-01","-30.05","151.0667","756.0","BUNDARRA GLEN HAZEL, AS","10",",a","5",",a","3",",a","19760124",",,a","73.6",",,a,24,","199.1",",,,a"
"ASN00056168","1976-02","-30.05","151.0667","756.0","BUNDARRA GLEN HAZEL, AS","16",",a","10",",a","2",",a","19760211",",,a","126.0",",,a,11,","293.2",",,,a"
"ASN00056168","1976-03","-30.05","151.0667","756.0","BUNDARRA GLEN HAZEL, AS","10","3,a","7","3,a","0","3,a","19760301",",3,a","18.5","3,,a,01,","68.1",",a,,a"
"ASN00056168","1976-04","-30.05","151.0667","756.0","BUNDARRA GLEN HAZEL, AS","1","4,a","1","4,a","0","4,a","19760406",",4,a","4.1","4,,a,06,","10.8",",a,,a"
"ASN00056168","1976-05","-30.05","151.0667","756.0","BUNDARRA GLEN HAZEL, AS","7",",a","5",",a","0",",a","19760510",",,a","9.8",",,a,10,","34.0",",,,a"
"ASN00056168","1976-06","-30.05","151.0667","756.0","BUNDARRA GLEN HAZEL, AS","7",",a","7",",a","0",",a","19760619",",,a","22.0",",,a,19,","80.5",",,,a"
"ASN00056168","1976-07","-30.05","151.0667","756.0","BUNDARRA GLEN HAZEL, AS","8",",a","5",",a","0",",a","19760714",",,a","19.8",",,a,14,","64.2",",,,a"
"ASN00056168","1976-08","-30.05","151.0667","756.0","BUNDARRA GLEN HAZEL, AS","6",",a","2",",a","0",",a","19760813",",,a","4.6",",,a,13,","11.8",",,,a"
"ASN00056168","1976-09","-30.05","151.0667","756.0","BUNDARRA GLEN HAZEL, AS","7",",a","3",",a","0",",a","19760921",",,a","15.0",",,a,21,","26.0",",,,a"
"ASN00056168","1976-10","-30.05","151.0667","756.0","BUNDARRA GLEN HAZEL, AS","8",",a","7",",a","0",",a","19761015",",,a","11.5",",,a,15,","51.3",",,,a"
"ASN00056168","1976-11","-30.05","151.0667","756.0","BUNDARRA GLEN HAZEL, AS","11",",a","7",",a","1",",a","19761114",",,a","29.0",",,a,14,","91.4",",,,a"
"ASN00056168","1976-12","-30.05","151.0667","756.0","BUNDARRA GLEN HAZEL, AS","7",",a","4",",a","0",",a","19761224",",,a","10.3",",,a,24,","39.3",",,,a"
"ASN00056168","1977-01","-30.05","151.0667","756.0","BUNDARRA GLEN HAZEL, AS","12",",a","10",",a","1",",a","19770122",",,a","37.0",",,a,22,","132.3",",,,a"
"ASN00056168","1977-02","-30.05","151.0667","756.0","BUNDARRA GLEN HAZEL, AS","9",",a","6",",a","1",",a","19770222",",,a","67.0",",,a,22,","121.7",",,,a"
"ASN00056168","1977-03","-30.05","151.0667","756.0","BUNDARRA GLEN HAZEL, AS","13",",a","5",",a","4",",a","19770304",",,a","32.6",",,a,04,","146.9",",,,a"
"ASN00056168","1977-04","-30.05","151.0667","756.0","BUNDARRA GLEN HAZEL, AS","6",",a","5",",a","1",",a","19770408",",,a","30.2",",,a,08,","70.6",",,,a"
"ASN00056168","1977-06","-30.05","151.0667","756.0","BUNDARRA GLEN HAZEL, AS","7",",a","3",",a","0",",a","19770625",",,a","14.0",",,a,25,","28.6",",,,a"
"ASN00056168","1977-07","-30.05","151.0667","756.0","BUNDARRA GLEN HAZEL, AS","1",",a","1",",a","0",",a","19770701",",,a","5.8",",,a,01,","5.8",",,,a"
"ASN00056168","1977-08","-30.05","151.0667","756.0","BUNDARRA GLEN HAZEL, AS","1",",a","1",",a","0",",a","19770813",",,a","22.0",",,a,13,","22.0",",,,a"
"ASN00056168","1977-09","-30.05","151.0667","756.0","BUNDARRA GLEN HAZEL, AS","7",",a","4",",a","0",",a","19770907",",,a","22.0",",,a,07,","45.1",",,,a"
"ASN00056168","1977-10","-30.05","151.0667","756.0","BUNDARRA GLEN HAZEL, AS","6",",a","4",",a","0",",a","19771006",",,a","17.0",",,a,06,","28.3",",,,a"
"ASN00056168","1977-11","-30.05","151.0667","756.0","BUNDARRA GLEN HAZEL, AS","9",",a","6",",a","1",",a","19771121",",,a","27.4",",,a,21,","55.4",",,,a"
"ASN00056168","1977-12","-30.05","151.0667","756.0","BUNDARRA GLEN HAZEL, AS","5",",a","3",",a","1",",a","19771202",",,a","53.0",",,a,02,","70.8",",,,a"
"ASN00056168","1978-01","-30.05","151.0667","756.0","BUNDARRA GLEN HAZEL, AS","15","5,a","6","5,a","3","5,a","19780129",",5,a","48.2","5,,a,29,","213.4",",a,,a"
"ASN00056168","1978-02","-30.05","151.0667","756.0","BUNDARRA GLEN HAZEL, AS","8",",a","6",",a","0",",a","19780215",",,a","19.7",",,a,15,","67.4",",,,a"
"ASN00056168","1978-03","-30.05","151.0667","756.0","BUNDARRA GLEN HAZEL, AS","10",",a","7",",a","2",",a","19780330",",,a","50.3",",,a,30,","127.1",",,,a"
"ASN00056168","1978-04","-30.05","151.0667","756.0","BUNDARRA GLEN HAZEL, AS","3",",a","1",",a","0",",a","19780401",",,a","14.2",",,a,01,","15.8",",,,a"
"ASN00056168","1978-05","-30.05","151.0667","756.0","BUNDARRA GLEN HAZEL, AS","9",",a","6",",a","1",",a","19780511",",,a","35.4",",,a,11,","94.8",",,,a"
"ASN00056168","1978-06","-30.05","151.0667","756.0","BUNDARRA GLEN HAZEL, AS","14","5,a","10","5,a","0","5,a","19780601",",5,a","17.6","5,,a,01,","88.3",",a,,a"
"ASN00056168","1978-07","-30.05","151.0667","756.0","BUNDARRA GLEN HAZEL, AS","8",",a","7",",a","1",",a","19780710",",,a","28.5",",,a,10,","90.0",",,,a"
"ASN00056168","1978-08","-30.05","151.0667","756.0","BUNDARRA GLEN HAZEL, AS","7",",a","5",",a","0",",a","19780808",",,a","15.4",",,a,08,","42.3",",,,a"
"ASN00056168","1978-09","-30.05","151.0667","756.0","BUNDARRA GLEN HAZEL, AS","15",",a","9",",a","1",",a","19780929",",,a","28.0",",,a,29,","131.1",",,,a"
"ASN00056168","1978-10","-30.05","151.0667","756.0","BUNDARRA GLEN HAZEL, AS","5",",a","2",",a","0",",a","19781016",",,a","15.8",",,a,16,","28.4",",,,a"
"ASN00056168","1978-11","-30.05","151.0667","756.0","BUNDARRA GLEN HAZEL, AS","7","5,a","7","5,a","0","5,a","19781104",",5,a","22.0","5,,a,04,","114.7",",a,,a"
"ASN00056168","1978-12","-30.05","151.0667","756.0","BUNDARRA GLEN HAZEL, AS","12",",a","11",",a","0",",a","19781205",",,a","22.0",",,a,05,","131.1",",,,a"
"ASN00056168","1979-01","-30.05","151.0667","756.0","BUNDARRA GLEN HAZEL, AS","6",",a","6",",a","1",",a","19790118",",,a","25.6",",,a,18,","70.6",",,,a"
"ASN00056168","1979-02","-30.05","151.0667","756.0","BUNDARRA GLEN HAZEL, AS","3",",a","1",",a","0",",a","19790206",",,a","8.4",",,a,06,","11.4",",,,a"
"ASN00056168","1979-03","-30.05","151.0667","756.0","BUNDARRA GLEN HAZEL, AS","9",",a","9",",a","1",",a","19790305",",,a","48.6",",,a,05,","137.1",",,,a"
"ASN00056168","1979-04","-30.05","151.0667","756.0","BUNDARRA GLEN HAZEL, AS","8",",a","5",",a","0",",a","19790418",",,a","9.8",",,a,18,","37.4",",,,a"
"ASN00056168","1979-05","-30.05","151.0667","756.0","BUNDARRA GLEN HAZEL, AS","4",",a","4",",a","1",",a","19790506",",,a","38.8",",,a,06,","79.7",",,,a"
"ASN00056168","1979-06","-30.05","151.0667","756.0","BUNDARRA GLEN HAZEL, AS","3",",a","3",",a","1",",a","19790621",",,a","39.0",",,a,21,","55.6",",,,a"
"ASN00056168","1979-07","-30.05","151.0667","756.0","BUNDARRA GLEN HAZEL, AS","6",",a","2",",a","0",",a","19790726",",,a","9.6",",,a,26,","18.2",",,,a"
"ASN00056168","1979-08","-30.05","151.0667","756.0","BUNDARRA GLEN HAZEL, AS","7",",a","3",",a","0",",a","19790828",",,a","7.5",",,a,28,","20.7",",,,a"
"ASN00056168","1979-09","-30.05","151.0667","756.0","BUNDARRA GLEN HAZEL, AS","4",",a","3",",a","0",",a","19790912",",,a","19.4",",,a,12,","48.6",",,,a"
"ASN00056168","1979-10","-30.05","151.0667","756.0","BUNDARRA GLEN HAZEL, AS","9",",a","5",",a","1",",a","19791020",",,a","31.5",",,a,20,","97.0",",,,a"
"ASN00056168","1979-11","-30.05","151.0667","756.0","BUNDARRA GLEN HAZEL, AS","11",",a","10",",a","1",",a","19791112",",,a","33.0",",,a,12,","95.6",",,,a"
"ASN00056168","1979-12","-30.05","151.0667","756.0","BUNDARRA GLEN HAZEL, AS","4",",a","3",",a","0",",a","19791215",",,a","4.8",",,a,15,","13.0",",,,a"
"ASN00056168","1980-01","-30.05","151.0667","756.0","BUNDARRA GLEN HAZEL, AS","10",",a","8",",a","0",",a","19800102",",,a","16.0",",,a,02,","86.4",",,,a"
"ASN00056168","1980-02","-30.05","151.0667","756.0","BUNDARRA GLEN HAZEL, AS","3",",a","2",",a","0",",a","19800206",",,a","13.8",",,a,06,","21.1",",,,a"
"ASN00056168","1980-03","-30.05","151.0667","756.0","BUNDARRA GLEN HAZEL, AS","3",",a","1",",a","0",",a","19800310",",,a","10.2",",,a,10,","12.8",",,,a"
"ASN00056168","1980-04","-30.05","151.0667","756.0","BUNDARRA GLEN HAZEL, AS","2",",a","1",",a","0",",a","19800421",",,a","3.2",",,a,21,","4.4",",,,a"
"ASN00056168","1980-05","-30.05","151.0667","756.0","BUNDARRA GLEN HAZEL, AS","10",",a","6",",a","2",",a","19800509",",,a","37.0",",,a,09,","110.0",",,,a"
