"STATION","DATE","LATITUDE","LONGITUDE","ELEVATION","NAME","DP01","DP01_ATTRIBUTES","DP10","DP10_ATTRIBUTES","DP1X","DP1X_ATTRIBUTES","DYXP","DYXP_ATTRIBUTES","EMXP","EMXP_ATTRIBUTES","PRCP","PRCP_ATTRIBUTES"
"ASN00055164","1750-03","-31.1805","151.3031","690.0","WEABONGA STONELEIGH, AS","9","2,a","7","2,a","0","2,a","17500316",",2,a","22.2","2,,a,16,","54.6","2,,,a"
"ASN00055164","1750-05","-31.1805","151.3031","690.0","WEABONGA STONELEIGH, AS","7","1,a","6","1,a","1","1,a","17500506",",1,a","31.8","1,,a,06,","76.2","1,,,a"
"ASN00055164","1913-01","-31.1805","151.3031","690.0","WEABONGA STONELEIGH, AS","9",",a","9",",a","1",",a","19130119",",,a","38.1",",,a,19,","116.0",",,,a"
"ASN00055164","1913-02","-31.1805","151.3031","690.0","WEABONGA STONELEIGH, AS","6",",a","5",",a","2",",a","19130215",",,a","43.2",",,a,15,","120.7",",,,a"
"ASN00055164","1913-03","-31.1805","151.3031","690.0","WEABONGA STONELEIGH, AS","7",",a","5",",a","2",",a","19130320",",,a","43.2",",,a,20,","100.0",",,,a"
"ASN00055164","1913-04","-31.1805","151.3031","690.0","WEABONGA STONELEIGH, AS","4",",a","3",",a","1",",a","19130404",",,a","25.4",",,a,04,","34.3",",,,a"
"ASN00055164","1913-06","-31.1805","151.3031","690.0","WEABONGA STONELEIGH, AS","2",",a","2",",a","0",",a","19130619",",,a","13.2",",,a,19,","19.6",",,,a"
"ASN00055164","1913-07","-31.1805","151.3031","690.0","WEABONGA STONELEIGH, AS","1",",a","1",",a","0",",a","19130708",",,a","12.7",",,a,08,","12.7",",,,a"
"ASN00055164","1913-08","-31.1805","151.3031","690.0","WEABONGA STONELEIGH, AS","3",",a","3",",a","0",",a","19130819",",,a","12.7",",,a,19,","31.3",",,,a"
"ASN00055164","1913-09","-31.1805","151.3031","690.0","WEABONGA STONELEIGH, AS","4",",a","3",",a","1",",a","19130919",",,a","30.5",",,a,19,","61.2",",,,a"
"ASN00055164","1913-10","-31.1805","151.3031","690.0","WEABONGA STONELEIGH, AS","3",",a","3",",a","0",",a","19131028",",,a","21.8",",,a,28,","54.3",",,,a"
"ASN00055164","1913-11","-31.1805","151.3031","690.0","WEABONGA STONELEIGH, AS","4",",a","4",",a","1",",a","19131118",",,a","59.7",",,a,18,","83.6",",,,a"
"ASN00055164","1913-12","-31.1805","151.3031","690.0","WEABONGA STONELEIGH, AS","3",",a","3",",a","1",",a","19131216",",,a","47.0",",,a,16,","54.6",",,,a"
"ASN00055164","1914-01","-31.1805","151.3031","690.0","WEABONGA STONELEIGH, AS","8",",a","7",",a","1",",a","19140119",",,a","59.7",",,a,19,","136.4",",,,a"
"ASN00055164","1914-02","-31.1805","151.3031","690.0","WEABONGA STONELEIGH, AS","4",",a","2",",a","1",",a","19140227",",,a","25.4",",,a,27,","44.5",",,,a"
"ASN00055164","1914-03","-31.1805","151.3031","690.0","WEABONGA STONELEIGH, AS","4",",a","4",",a","1",",a","19140321",",,a","29.5",",,a,21,","90.0",",,,a"
"ASN00055164","1914-04","-31.1805","151.3031","690.0","WEABONGA STONELEIGH, AS","3",",a","2",",a","0",",a","19140421",",,a","17.8",",,a,21,","31.5",",,,a"
"ASN00055164","1914-05","-31.1805","151.3031","690.0","WEABONGA STONELEIGH, AS","2",",a","2",",a","1",",a","19140516",",,a","27.4",",,a,16,","36.3",",,,a"
"ASN00055164","1914-06","-31.1805","151.3031","690.0","WEABONGA STONELEIGH, AS","3",",a","3",",a","1",",a","19140617",",,a","34.3",",,a,17,","45.5",",,,a"
"ASN00055164","1914-07","-31.1805","151.3031","690.0","WEABONGA STONELEIGH, AS","1",",a","1",",a","0",",a","19140701",",,a","8.1",",,a,01,","8.1",",,,a"
"ASN00055164","1914-08","-31.1805","151.3031","690.0","WEABONGA STONELEIGH, AS","0",",a","0",",a","0",",a","19140831","+,,a","0.0",",,a,31,+","0.0",",,,a"
"ASN00055164","1914-09","-31.1805","151.3031","690.0","WEABONGA STONELEIGH, AS","1",",a","1",",a","0",",a","19140918",",,a","9.4",",,a,18,","9.4",",,,a"
"ASN00055164","1914-10","-31.1805","151.3031","690.0","WEABONGA STONELEIGH, AS","10",",a","6",",a","1",",a","19141017",",,a","29.2",",,a,17,","70.4",",,,a"
"ASN00055164","1914-11","-31.1805","151.3031","690.0","WEABONGA STONELEIGH, AS","10",",a","8",",a","0",",a","19141112",",,a","19.1",",,a,12,","80.6",",,,a"
"ASN00055164","1914-12","-31.1805","151.3031","690.0","WEABONGA STONELEIGH, AS","11",",a","7",",a","1",",a","19141221",",,a","26.4",",,a,21,","120.2",",,,a"
"ASN00055164","1915-01","-31.1805","151.3031","690.0","WEABONGA STONELEIGH, AS","3",",a","3",",a","1",",a","19150131",",,a","31.8",",,a,31,","42.2",",,,a"
"ASN00055164","1915-02","-31.1805","151.3031","690.0","WEABONGA STONELEIGH, AS","3",",a","3",",a","0",",a","19150209",",,a","11.9",",,a,09,","27.9",",,,a"
"ASN00055164","1915-03","-31.1805","151.3031","690.0","WEABONGA STONELEIGH, AS","4",",a","2",",a","0",",a","19150330",",,a","12.7",",,a,30,","21.4",",,,a"
"ASN00055164","1915-04","-31.1805","151.3031","690.0","WEABONGA STONELEIGH, AS","4",",a","2",",a","0",",a","19150404",",,a","19.3",",,a,04,","26.2",",,,a"
"ASN00055164","1915-05","-31.1805","151.3031","690.0","WEABONGA STONELEIGH, AS","5",",a","5",",a","1",",a","19150506",",,a","31.0",",,a,06,","61.2",",,,a"
"ASN00055164","1915-06","-31.1805","151.3031","690.0","WEABONGA STONELEIGH, AS","9",",a","7",",a","1",",a","19150609",",,a","34.8",",,a,09,","98.8",",,,a"
"ASN00055164","1915-07","-31.1805","151.3031","690.0","WEABONGA STONELEIGH, AS","10",",a","8",",a","1",",a","19150720",",,a","58.4",",,a,20,","98.9",",,,a"
"ASN00055164","1915-08","-31.1805","151.3031","690.0","WEABONGA STONELEIGH, AS","6",",a","6",",a","0",",a","19150805",",,a","12.2",",,a,05,","41.4",",,,a"
"ASN00055164","1915-09","-31.1805","151.3031","690.0","WEABONGA STONELEIGH, AS","7",",a","7",",a","1",",a","19150920",",,a","39.4",",,a,20,","87.9",",,,a"
"ASN00055164","1915-10","-31.1805","151.3031","690.0","WEABONGA STONELEIGH, AS","4",",a","3",",a","1",",a","19151015",",,a","39.4",",,a,15,","50.6",",,,a"
"ASN00055164","1915-11","-31.1805","151.3031","690.0","WEABONGA STONELEIGH, AS","3",",a","3",",a","0",",a","19151122",",,a","15.2",",,a,22,","21.8",",,,a"
"ASN00055164","1915-12","-31.1805","151.3031","690.0","WEABONGA STONELEIGH, AS","10",",a","8",",a","1",",a","19151215",",,a","25.4",",,a,15,","92.0",",,,a"
"ASN00055164","1916-01","-31.1805","151.3031","690.0","WEABONGA STONELEIGH, AS","7",",a","7",",a","2",",a","19160116",",,a","33.0",",,a,16,","100.2",",,,a"
"ASN00055164","1916-02","-31.1805","151.3031","690.0","WEABONGA STONELEIGH, AS","7",",a","7",",a","0",",a","19160222",",,a","22.1",",,a,22,","88.0",",,,a"
"ASN00055164","1916-03","-31.1805","151.3031","690.0","WEABONGA STONELEIGH, AS","4",",a","3",",a","1",",a","19160328",",,a","32.3",",,a,28,","54.4",",,,a"
"ASN00055164","1916-04","-31.1805","151.3031","690.0","WEABONGA STONELEIGH, AS","6",",a","6",",a","2",",a","19160411",",,a","26.9",",,a,11,","82.9",",,,a"
"ASN00055164","1916-05","-31.1805","151.3031","690.0","WEABONGA STONELEIGH, AS","1",",a","1",",a","0",",a","19160505",",,a","6.1",",,a,05,","6.1",",,,a"
"ASN00055164","1916-06","-31.1805","151.3031","690.0","WEABONGA STONELEIGH, AS","5",",a","5",",a","3",",a","19160616",",,a","56.9",",,a,16,","145.6",",,,a"
"ASN00055164","1916-07","-31.1805","151.3031","690.0","WEABONGA STONELEIGH, AS","5",",a","5",",a","0",",a","19160719",",,a","22.9",",,a,19,","75.5",",,,a"
"ASN00055164","1916-08","-31.1805","151.3031","690.0","WEABONGA STONELEIGH, AS","8",",a","8",",a","1",",a","19160829",",,a","39.4",",,a,29,","98.5",",,,a"
"ASN00055164","1916-09","-31.1805","151.3031","690.0","WEABONGA STONELEIGH, AS","7",",a","7",",a","1",",a","19160929",",,a","26.2",",,a,29,","77.5",",,,a"
"ASN00055164","1916-10","-31.1805","151.3031","690.0","WEABONGA STONELEIGH, AS","7",",a","6",",a","0",",a","19161016",",,a","24.6",",,a,16,","84.4",",,,a"
"ASN00055164","1916-11","-31.1805","151.3031","690.0","WEABONGA STONELEIGH, AS","11",",a","10",",a","2",",a","19161125",",,a","28.4",",,a,25,","130.9",",,,a"
"ASN00055164","1916-12","-31.1805","151.3031","690.0","WEABONGA STONELEIGH, AS","11",",a","8",",a","3",",a","19161213",",,a","50.8",",,a,13,","158.5",",,,a"
"ASN00055164","1917-01","-31.1805","151.3031","690.0","WEABONGA STONELEIGH, AS","8",",a","8",",a","3",",a","19170113",",,a","33.0",",,a,13,","156.2",",,,a"
"ASN00055164","1917-02","-31.1805","151.3031","690.0","WEABONGA STONELEIGH, AS","4",",a","4",",a","1",",a","19170203",",,a","25.4",",,a,03,","38.6",",,,a"
"ASN00055164","1917-03","-31.1805","151.3031","690.0","WEABONGA STONELEIGH, AS","3",",a","2",",a","0",",a","19170315",",,a","14.0",",,a,15,","20.3",",,,a"
"ASN00055164","1917-04","-31.1805","151.3031","690.0","WEABONGA STONELEIGH, AS","5",",a","2",",a","0",",a","19170420","+,,a","2.8",",,a,20,+","11.0",",,,a"
"ASN00055164","1917-05","-31.1805","151.3031","690.0","WEABONGA STONELEIGH, AS","4",",a","4",",a","0",",a","19170504",",,a","9.1",",,a,04,","20.0",",,,a"
"ASN00055164","1917-06","-31.1805","151.3031","690.0","WEABONGA STONELEIGH, AS","7",",a","6",",a","0",",a","19170613",",,a","20.1",",,a,13,","65.3",",,,a"
"ASN00055164","1917-07","-31.1805","151.3031","690.0","WEABONGA STONELEIGH, AS","7",",a","7",",a","1",",a","19170718",",,a","27.4",",,a,18,","66.5",",,,a"
"ASN00055164","1917-08","-31.1805","151.3031","690.0","WEABONGA STONELEIGH, AS","5",",a","5",",a","0",",a","19170831",",,a","16.5",",,a,31,","48.6",",,,a"
"ASN00055164","1917-09","-31.1805","151.3031","690.0","WEABONGA STONELEIGH, AS","6",",a","6",",a","3",",a","19170920",",,a","61.0",",,a,20,","180.8",",,,a"
"ASN00055164","1917-10","-31.1805","151.3031","690.0","WEABONGA STONELEIGH, AS","7",",a","7",",a","1",",a","19171006",",,a","25.4",",,a,06,","64.2",",,,a"
"ASN00055164","1917-11","-31.1805","151.3031","690.0","WEABONGA STONELEIGH, AS","9",",a","9",",a","3",",a","19171111",",,a","38.6",",,a,11,","193.4",",,,a"
"ASN00055164","1917-12","-31.1805","151.3031","690.0","WEABONGA STONELEIGH, AS","3",",a","3",",a","1",",a","19171212",",,a","33.8",",,a,12,","49.1",",,,a"
"ASN00055164","1918-01","-31.1805","151.3031","690.0","WEABONGA STONELEIGH, AS","3",",a","3",",a","2",",a","19180102",",,a","96.5",",,a,02,","132.6",",,,a"
"ASN00055164","1918-02","-31.1805","151.3031","690.0","WEABONGA STONELEIGH, AS","2",",a","1",",a","0",",a","19180217",",,a","7.1",",,a,17,","7.9",",,,a"
"ASN00055164","1918-03","-31.1805","151.3031","690.0","WEABONGA STONELEIGH, AS","2",",a","2",",a","0",",a","19180312",",,a","3.3",",,a,12,","6.3",",,,a"
"ASN00055164","1918-04","-31.1805","151.3031","690.0","WEABONGA STONELEIGH, AS","3",",a","3",",a","0",",a","19180424",",,a","12.2",",,a,24,","24.4",",,,a"
"ASN00055164","1918-05","-31.1805","151.3031","690.0","WEABONGA STONELEIGH, AS","1",",a","1",",a","0",",a","19180516",",,a","11.7",",,a,16,","11.7",",,,a"
"ASN00055164","1918-06","-31.1805","151.3031","690.0","WEABONGA STONELEIGH, AS","2",",a","2",",a","0",",a","19180608",",,a","5.6",",,a,08,","8.6",",,,a"
"ASN00055164","1918-07","-31.1805","151.3031","690.0","WEABONGA STONELEIGH, AS","5",",a","2",",a","0",",a","19180722",",,a","21.6",",,a,22,","36.9",",,,a"
"ASN00055164","1918-08","-31.1805","151.3031","690.0","WEABONGA STONELEIGH, AS","9",",a","9",",a","0",",a","19180806",",,a","24.6",",,a,06,","135.2",",,,a"
"ASN00055164","1918-09","-31.1805","151.3031","690.0","WEABONGA STONELEIGH, AS","2",",a","2",",a","0",",a","19180916",",,a","14.7",",,a,16,","22.3",",,,a"
"ASN00055164","1918-10","-31.1805","151.3031","690.0","WEABONGA STONELEIGH, AS","3",",a","1",",a","0",",a","19181024",",,a","10.9",",,a,24,","14.7",",,,a"
"ASN00055164","1918-11","-31.1805","151.3031","690.0","WEABONGA STONELEIGH, AS","5",",a","2",",a","1",",a","19181127",",,a","42.7",",,a,27,","62.2",",,,a"
"ASN00055164","1918-12","-31.1805","151.3031","690.0","WEABONGA STONELEIGH, AS","3",",a","3",",a","0",",a","19181215",",,a","11.7",",,a,15,","21.9",",,,a"
"ASN00055164","1919-01","-31.1805","151.3031","690.0","WEABONGA STONELEIGH, AS","9",",a","8",",a","2",",a","19190107",",,a","36.8",",,a,07,","100.8",",,,a"
"ASN00055164","1919-02","-31.1805","151.3031","690.0","WEABONGA STONELEIGH, AS","4",",a","2",",a","0",",a","19190219",",,a","9.7",",,a,19,","15.7",",,,a"
"ASN00055164","1919-03","-31.1805","151.3031","690.0","WEABONGA STONELEIGH, AS","4",",a","4",",a","0",",a","19190301",",,a","16.8",",,a,01,","42.7",",,,a"
"ASN00055164","1919-04","-31.1805","151.3031","690.0","WEABONGA STONELEIGH, AS","4",",a","3",",a","0",",a","19190402",",,a","17.3",",,a,02,","26.2",",,,a"
"ASN00055164","1919-05","-31.1805","151.3031","690.0","WEABONGA STONELEIGH, AS","7",",a","6",",a","1",",a","19190523",",,a","35.6",",,a,23,","69.2",",,,a"
"ASN00055164","1919-06","-31.1805","151.3031","690.0","WEABONGA STONELEIGH, AS","2",",a","2",",a","0",",a","19190612",",,a","19.1",",,a,12,","21.6",",,,a"
"ASN00055164","1919-07","-31.1805","151.3031","690.0","WEABONGA STONELEIGH, AS","1",",a","1",",a","0",",a","19190726",",,a","12.7",",,a,26,","12.7",",,,a"
"ASN00055164","1919-08","-31.1805","151.3031","690.0","WEABONGA STONELEIGH, AS","3",",a","3",",a","0",",a","19190813",",,a","10.7",",,a,13,","23.9",",,,a"
"ASN00055164","1919-09","-31.1805","151.3031","690.0","WEABONGA STONELEIGH, AS","4",",a","4",",a","0",",a","19190906",",,a","8.1",",,a,06,","20.0",",,,a"
"ASN00055164","1919-10","-31.1805","151.3031","690.0","WEABONGA STONELEIGH, AS","4",",a","4",",a","1",",a","19191008",",,a","55.6",",,a,08,","88.9",",,,a"
"ASN00055164","1919-11","-31.1805","151.3031","690.0","WEABONGA STONELEIGH, AS","7",",a","7",",a","0",",a","19191130",",,a","10.2",",,a,30,","47.3",",,,a"
"ASN00055164","1919-12","-31.1805","151.3031","690.0","WEABONGA STONELEIGH, AS","7",",a","6",",a","1",",a","19191202",",,a","32.0",",,a,02,","95.0",",,,a"
"ASN00055164","1920-01","-31.1805","151.3031","690.0","WEABONGA STONELEIGH, AS","11",",a","8",",a","0",",a","19200113",",,a","21.8",",,a,13,","74.5",",,,a"
"ASN00055164","1920-02","-31.1805","151.3031","690.0","WEABONGA STONELEIGH, AS","1",",a","1",",a","1",",a","19200206",",,a","64.8",",,a,06,","64.8",",,,a"
"ASN00055164","1920-03","-31.1805","151.3031","690.0","WEABONGA STONELEIGH, AS","4",",a","1",",a","0",",a","19200316",",,a","4.1",",,a,16,","7.5",",,,a"
"ASN00055164","1920-04","-31.1805","151.3031","690.0","WEABONGA STONELEIGH, AS","6",",a","5",",a","0",",a","19200402",",,a","13.0",",,a,02,","38.8",",,,a"
"ASN00055164","1920-05","-31.1805","151.3031","690.0","WEABONGA STONELEIGH, AS","4",",a","3",",a","0",",a","19200501",",,a","24.1",",,a,01,","43.2",",,,a"
"ASN00055164","1920-06","-31.1805","151.3031","690.0","WEABONGA STONELEIGH, AS","10",",a","10",",a","3",",a","19200630",",,a","39.1",",,a,30,","188.9",",,,a"
"ASN00055164","1920-07","-31.1805","151.3031","690.0","WEABONGA STONELEIGH, AS","7",",a","7",",a","1",",a","19200702",",,a","30.5",",,a,02,","96.6",",,,a"
"ASN00055164","1920-08","-31.1805","151.3031","690.0","WEABONGA STONELEIGH, AS","8",",a","8",",a","1",",a","19200825",",,a","52.1",",,a,25,","106.4",",,,a"
"ASN00055164","1920-09","-31.1805","151.3031","690.0","WEABONGA STONELEIGH, AS","7",",a","7",",a","1",",a","19200909",",,a","29.5",",,a,09,","114.4",",,,a"
"ASN00055164","1920-10","-31.1805","151.3031","690.0","WEABONGA STONELEIGH, AS","4",",a","4",",a","1",",a","19201026",",,a","31.2",",,a,26,","58.2",",,,a"
"ASN00055164","1920-11","-31.1805","151.3031","690.0","WEABONGA STONELEIGH, AS","3",",a","3",",a","1",",a","19201117",",,a","25.4",",,a,17,","48.3",",,,a"
"ASN00055164","1920-12","-31.1805","151.3031","690.0","WEABONGA STONELEIGH, AS","7",",a","7",",a","1",",a","19201206",",,a","28.7",",,a,06,","97.1",",,,a"
"ASN00055164","1935-01","-31.1805","151.3031","690.0","WEABONGA STONELEIGH, AS","7",",a","6",",a","2",",a","19350114",",,a","71.1",",,a,14,","132.6",",,,a"
"ASN00055164","1935-02","-31.1805","151.3031","690.0","WEABONGA STONELEIGH, AS","2",",a","2",",a","1",",a","19350209",",,a","44.5",",,a,09,","55.9",",,,a"
"ASN00055164","1935-03","-31.1805","151.3031","690.0","WEABONGA STONELEIGH, AS","1",",a","1",",a","0",",a","19350312",",,a","19.1",",,a,12,","19.1",",,,a"
"ASN00055164","1935-04","-31.1805","151.3031","690.0","WEABONGA STONELEIGH, AS","5",",a","3",",a","0",",a","19350420",",,a","17.0",",,a,20,","31.7",",,,a"
"ASN00055164","1935-05","-31.1805","151.3031","690.0","WEABONGA STONELEIGH, AS","3",",a","3",",a","1",",a","19350530",",,a","45.7",",,a,30,","56.4",",,,a"
"ASN00055164","1935-06","-31.1805","151.3031","690.0","WEABONGA STONELEIGH, AS","2",",a","2",",a","0",",a","19350607",",,a","7.9",",,a,07,","15.0",",,,a"
"ASN00055164","1935-07","-31.1805","151.3031","690.0","WEABONGA STONELEIGH, AS","4",",a","3",",a","0",",a","19350720",",,a","8.9",",,a,20,","18.5",",,,a"
"ASN00055164","1935-08","-31.1805","151.3031","690.0","WEABONGA STONELEIGH, AS","5",",a","5",",a","0",",a","19350810",",,a","12.7",",,a,10,","44.1",",,,a"
"ASN00055164","1935-09","-31.1805","151.3031","690.0","WEABONGA STONELEIGH, AS","8",",a","7",",a","0",",a","19350926",",,a","19.1",",,a,26,","74.2",",,,a"
"ASN00055164","1935-10","-31.1805","151.3031","690.0","WEABONGA STONELEIGH, AS","3",",a","3",",a","1",",a","19351021",",,a","35.6",",,a,21,","58.5",",,,a"
"ASN00055164","1935-11","-31.1805","151.3031","690.0","WEABONGA STONELEIGH, AS","3",",a","2",",a","0",",a","19351103",",,a","3.0",",,a,03,","7.3",",,,a"
"ASN00055164","1935-12","-31.1805","151.3031","690.0","WEABONGA STONELEIGH, AS","3",",a","2",",a","1",",a","19351201",",,a","40.9",",,a,01,","47.3",",,,a"
"ASN00055164","1936-01","-31.1805","151.3031","690.0","WEABONGA STONELEIGH, AS","6",",a","6",",a","0",",a","19360111",",,a","23.6",",,a,11,","89.1",",,,a"
"ASN00055164","1936-02","-31.1805","151.3031","690.0","WEABONGA STONELEIGH, AS","8",",a","4",",a","1",",a","19360207",",,a","32.3",",,a,07,","75.7",",,,a"
"ASN00055164","1936-03","-31.1805","151.3031","690.0","WEABONGA STONELEIGH, AS","4",",a","4",",a","1",",a","19360302",",,a","49.3",",,a,02,","97.6",",,,a"
"ASN00055164","1936-04","-31.1805","151.3031","690.0","WEABONGA STONELEIGH, AS","1",",a","1",",a","0",",a","19360408",",,a","21.6",",,a,08,","21.6",",,,a"
"ASN00055164","1936-05","-31.1805","151.3031","690.0","WEABONGA STONELEIGH, AS","1",",a","1",",a","0",",a","19360518",",,a","20.3",",,a,18,","20.3",",,,a"
"ASN00055164","1936-06","-31.1805","151.3031","690.0","WEABONGA STONELEIGH, AS","4",",a","3",",a","0",",a","19360624",",,a","14.0",",,a,24,","31.5",",,,a"
"ASN00055164","1936-07","-31.1805","151.3031","690.0","WEABONGA STONELEIGH, AS","6",",a","6",",a","2",",a","19360717",",,a","33.0",",,a,17,","101.9",",,,a"
"ASN00055164","1936-08","-31.1805","151.3031","690.0","WEABONGA STONELEIGH, AS","2",",a","2",",a","1",",a","19360803",",,a","71.9",",,a,03,","74.4",",,,a"
"ASN00055164","1936-09","-31.1805","151.3031","690.0","WEABONGA STONELEIGH, AS","2",",a","2",",a","1",",a","19360908",",,a","35.3",",,a,08,","50.5",",,,a"
"ASN00055164","1936-10","-31.1805","151.3031","690.0","WEABONGA STONELEIGH, AS","2",",a","1",",a","0",",a","19361014",",,a","3.6",",,a,14,","5.9",",,,a"
"ASN00055164","1936-11","-31.1805","151.3031","690.0","WEABONGA STONELEIGH, AS","4",",a","3",",a","0",",a","19361115",",,a","5.3",",,a,15,","14.5",",,,a"
"ASN00055164","1936-12","-31.1805","151.3031","690.0","WEABONGA STONELEIGH, AS","7",",a","7",",a","2",",a","19361223",",,a","27.4",",,a,23,","114.4",",,,a"
"ASN00055164","1937-01","-31.1805","151.3031","690.0","WEABONGA STONELEIGH, AS","7",",a","7",",a","0",",a","19370110",",,a","21.6",",,a,10,","83.9",",,,a"
"ASN00055164","1937-02","-31.1805","151.3031","690.0","WEABONGA STONELEIGH, AS","6",",a","5",",a","0",",a","19370208",",,a","13.2",",,a,08,","35.0",",,,a"
"ASN00055164","1937-03","-31.1805","151.3031","690.0","WEABONGA STONELEIGH, AS","3",",a","3",",a","1",",a","19370316",",,a","39.4",",,a,16,","68.8",",,,a"
"ASN00055164","1937-04","-31.1805","151.3031","690.0","WEABONGA STONELEIGH, AS","5",",a","4",",a","0",",a","19370412",",,a","9.7",",,a,12,","22.4",",,,a"
"ASN00055164","1937-05","-31.1805","151.3031","690.0","WEABONGA STONELEIGH, AS","3",",a","3",",a","0",",a","19370508",",,a","16.0",",,a,08,","32.0",",,,a"
"ASN00055164","1937-06","-31.1805","151.3031","690.0","WEABONGA STONELEIGH, AS","5",",a","5",",a","0",",a","19370613",",,a","19.8",",,a,13,","45.0",",,,a"
"ASN00055164","1937-07","-31.1805","151.3031","690.0","WEABONGA STONELEIGH, AS","2",",a","1",",a","1",",a","19370723",",,a","40.9",",,a,23,","41.9",",,,a"
"ASN00055164","1937-08","-31.1805","151.3031","690.0","WEABONGA STONELEIGH, AS","5",",a","5",",a","1",",a","19370821",",,a","55.9",",,a,21,","91.7",",,,a"
"ASN00055164","1937-09","-31.1805","151.3031","690.0","WEABONGA STONELEIGH, AS","4",",a","4",",a","0",",a","19370901",",,a","21.6",",,a,01,","39.4",",,,a"
"ASN00055164","1937-10","-31.1805","151.3031","690.0","WEABONGA STONELEIGH, AS","7",",a","6",",a","0",",a","19371011",",,a","20.3",",,a,11,","58.2",",,,a"
"ASN00055164","1937-11","-31.1805","151.3031","690.0","WEABONGA STONELEIGH, AS","7",",a","6",",a","0",",a","19371106",",,a","17.0",",,a,06,","49.0",",,,a"
"ASN00055164","1937-12","-31.1805","151.3031","690.0","WEABONGA STONELEIGH, AS","6",",a","5",",a","1",",a","19371209",",,a","57.9",",,a,09,","93.7",",,,a"
"ASN00055164","1938-01","-31.1805","151.3031","690.0","WEABONGA STONELEIGH, AS","10",",a","8",",a","1",",a","19380120",",,a","48.5",",,a,20,","105.0",",,,a"
"ASN00055164","1938-02","-31.1805","151.3031","690.0","WEABONGA STONELEIGH, AS","5",",a","4",",a","0",",a","19380204",",,a","19.1",",,a,04,","55.8",",,,a"
"ASN00055164","1938-03","-31.1805","151.3031","690.0","WEABONGA STONELEIGH, AS","2",",a","2",",a","0",",a","19380304",",,a","7.4",",,a,04,","10.2",",,,a"
"ASN00055164","1938-04","-31.1805","151.3031","690.0","WEABONGA STONELEIGH, AS","4",",a","4",",a","0",",a","19380426",",,a","19.1",",,a,26,","42.8",",,,a"
"ASN00055164","1938-05","-31.1805","151.3031","690.0","WEABONGA STONELEIGH, AS","4",",a","3",",a","1",",a","19380527",",,a","36.8",",,a,27,","47.5",",,,a"
"ASN00055164","1938-06","-31.1805","151.3031","690.0","WEABONGA STONELEIGH, AS","2",",a","2",",a","0",",a","19380623",",,a","9.7",",,a,23,","12.5",",,,a"
"ASN00055164","1938-07","-31.1805","151.3031","690.0","WEABONGA STONELEIGH, AS","5",",a","5",",a","0",",a","19380730",",,a","22.9",",,a,30,","71.9",",,,a"
"ASN00055164","1938-08","-31.1805","151.3031","690.0","WEABONGA STONELEIGH, AS","5",",a","5",",a","2",",a","19380808",",,a","47.5",",,a,08,","110.3",",,,a"
"ASN00055164","1938-09","-31.1805","151.3031","690.0","WEABONGA STONELEIGH, AS","3",",a","1",",a","0",",a","19380930",",,a","5.6",",,a,30,","8.9",",,,a"
"ASN00055164","1938-10","-31.1805","151.3031","690.0","WEABONGA STONELEIGH, AS","7",",a","6",",a","1",",a","19381025",",,a","33.5",",,a,25,","79.8",",,,a"
"ASN00055164","1938-11","-31.1805","151.3031","690.0","WEABONGA STONELEIGH, AS","7",",a","6",",a","0",",a","19381101",",,a","16.5",",,a,01,","63.4",",,,a"
"ASN00055164","1938-12","-31.1805","151.3031","690.0","WEABONGA STONELEIGH, AS","3",",a","2",",a","0",",a","19381231",",,a","12.7",",,a,31,","18.3",",,,a"
"ASN00055164","1939-01","-31.1805","151.3031","690.0","WEABONGA STONELEIGH, AS","5",",a","4",",a","1",",a","19390127",",,a","35.1",",,a,27,","56.0",",,,a"
"ASN00055164","1939-02","-31.1805","151.3031","690.0","WEABONGA STONELEIGH, AS","2",",a","2",",a","0",",a","19390221",",,a","5.3",",,a,21,","7.8",",,,a"
"ASN00055164","1939-03","-31.1805","151.3031","690.0","WEABONGA STONELEIGH, AS","7",",a","6",",a","0",",a","19390312",",,a","24.1",",,a,12,","78.7",",,,a"
"ASN00055164","1939-04","-31.1805","151.3031","690.0","WEABONGA STONELEIGH, AS","4",",a","4",",a","1",",a","19390413",",,a","33.8",",,a,13,","55.1",",,,a"
"ASN00055164","1939-05","-31.1805","151.3031","690.0","WEABONGA STONELEIGH, AS","1",",a","1",",a","0",",a","19390530",",,a","3.8",",,a,30,","3.8",",,,a"
"ASN00055164","1939-06","-31.1805","151.3031","690.0","WEABONGA STONELEIGH, AS","6",",a","5",",a","0",",a","19390618",",,a","21.1",",,a,18,","69.6",",,,a"
"ASN00055164","1939-07","-31.1805","151.3031","690.0","WEABONGA STONELEIGH, AS","3",",a","2",",a","1",",a","19390711",",,a","38.6",",,a,11,","46.5",",,,a"
"ASN00055164","1939-08","-31.1805","151.3031","690.0","WEABONGA STONELEIGH, AS","12",",a","9",",a","1",",a","19390824",",,a","25.7",",,a,24,","90.2",",,,a"
"ASN00055164","1939-09","-31.1805","151.3031","690.0","WEABONGA STONELEIGH, AS","3",",a","1",",a","0",",a","19390928",",,a","3.8",",,a,28,","6.9",",,,a"
"ASN00055164","1939-10","-31.1805","151.3031","690.0","WEABONGA STONELEIGH, AS","7",",a","4",",a","0",",a","19391023",",,a","20.6",",,a,23,","82.0",",,,a"
"ASN00055164","1939-11","-31.1805","151.3031","690.0","WEABONGA STONELEIGH, AS","10",",a","9",",a","1",",a","19391127",",,a","28.2",",,a,27,","109.2",",,,a"
"ASN00055164","1939-12","-31.1805","151.3031","690.0","WEABONGA STONELEIGH, AS","7",",a","6",",a","0",",a","19391220",",,a","14.7",",,a,20,","40.4",",,,a"
"ASN00055164","1940-01","-31.1805","151.3031","690.0","WEABONGA STONELEIGH, AS","3",",a","3",",a","1",",a","19400101",",,a","34.5",",,a,01,","46.1",",,,a"
"ASN00055164","1940-02","-31.1805","151.3031","690.0","WEABONGA STONELEIGH, AS","3",",a","3",",a","1",",a","19400205",",,a","33.8",",,a,05,","60.3",",,,a"
"ASN00055164","1940-03","-31.1805","151.3031","690.0","WEABONGA STONELEIGH, AS","2",",a","1",",a","1",",a","19400319",",,a","64.8",",,a,19,","66.6",",,,a"
"ASN00055164","1940-04","-31.1805","151.3031","690.0","WEABONGA STONELEIGH, AS","6",",a","5",",a","1",",a","19400414",",,a","38.1",",,a,14,","68.6",",,,a"
"ASN00055164","1940-05","-31.1805","151.3031","690.0","WEABONGA STONELEIGH, AS","2",",a","2",",a","0",",a","19400512",",,a","10.2",",,a,12,","14.0",",,,a"
"ASN00055164","1940-06","-31.1805","151.3031","690.0","WEABONGA STONELEIGH, AS","1",",a","1",",a","0",",a","19400620",",,a","2.5",",,a,20,","2.5",",,,a"
"ASN00055164","1940-07","-31.1805","151.3031","690.0","WEABONGA STONELEIGH, AS","1",",a","1",",a","0",",a","19400718",",,a","5.1",",,a,18,","5.1",",,,a"
"ASN00055164","1940-08","-31.1805","151.3031","690.0","WEABONGA STONELEIGH, AS","1",",a","1",",a","0",",a","19400803",",,a","9.7",",,a,03,","9.7",",,,a"
"ASN00055164","1940-09","-31.1805","151.3031","690.0","WEABONGA STONELEIGH, AS","4",",a","4",",a","1",",a","19400922",",,a","32.3",",,a,22,","67.4",",,,a"
"ASN00055164","1940-10","-31.1805","151.3031","690.0","WEABONGA STONELEIGH, AS","2",",a","2",",a","1",",a","19401026",",,a","44.5",",,a,26,","59.7",",,,a"
"ASN00055164","1940-11","-31.1805","151.3031","690.0","WEABONGA STONELEIGH, AS","5",",a","5",",a","1",",a","19401101",",,a","32.0",",,a,01,","56.9",",,,a"
"ASN00055164","1940-12","-31.1805","151.3031","690.0","WEABONGA STONELEIGH, AS","10",",a","9",",a","1",",a","19401221",",,a","27.9",",,a,21,","86.6",",,,a"
"ASN00055164","1941-01","-31.1805","151.3031","690.0","WEABONGA STONELEIGH, AS","12",",a","11",",a","2",",a","19410106",",,a","36.8",",,a,06,","163.4",",,,a"
"ASN00055164","1941-02","-31.1805","151.3031","690.0","WEABONGA STONELEIGH, AS","5",",a","4",",a","1",",a","19410211",",,a","40.9",",,a,11,","82.5",",,,a"
"ASN00055164","1941-03","-31.1805","151.3031","690.0","WEABONGA STONELEIGH, AS","10",",a","10",",a","2",",a","19410309",",,a","66.0",",,a,09,","151.0",",,,a"
"ASN00055164","1941-04","-31.1805","151.3031","690.0","WEABONGA STONELEIGH, AS","1",",a","1",",a","0",",a","19410404",",,a","8.1",",,a,04,","8.1",",,,a"
"ASN00055164","1941-05","-31.1805","151.3031","690.0","WEABONGA STONELEIGH, AS","2",",a","2",",a","1",",a","19410525",",,a","31.8",",,a,25,","43.0",",,,a"
"ASN00055164","1941-06","-31.1805","151.3031","690.0","WEABONGA STONELEIGH, AS","7",",a","7",",a","1",",a","19410602",",,a","33.0",",,a,02,","98.3",",,,a"
"ASN00055164","1941-07","-31.1805","151.3031","690.0","WEABONGA STONELEIGH, AS","3",",a","3",",a","0",",a","19410710",",,a","10.2",",,a,10,","21.7",",,,a"
"ASN00055164","1941-08","-31.1805","151.3031","690.0","WEABONGA STONELEIGH, AS","3",",a","3",",a","0",",a","19410823",",,a","22.6",",,a,23,","32.0",",,,a"
"ASN00055164","1941-09","-31.1805","151.3031","690.0","WEABONGA STONELEIGH, AS","3",",a","2",",a","0",",a","19410923",",,a","20.3",",,a,23,","24.6",",,,a"
"ASN00055164","1941-10","-31.1805","151.3031","690.0","WEABONGA STONELEIGH, AS","6",",a","5",",a","1",",a","19411012",",,a","36.3",",,a,12,","88.3",",,,a"
"ASN00055164","1941-11","-31.1805","151.3031","690.0","WEABONGA STONELEIGH, AS","5",",a","5",",a","0",",a","19411111",",,a","10.4",",,a,11,","32.5",",,,a"
"ASN00055164","1941-12","-31.1805","151.3031","690.0","WEABONGA STONELEIGH, AS","3",",a","3",",a","0",",a","19411228","+,,a","5.1",",,a,28,+","12.7",",,,a"
"ASN00055164","1942-01","-31.1805","151.3031","690.0","WEABONGA STONELEIGH, AS","3",",a","2",",a","0",",a","19420125",",,a","8.9",",,a,25,","16.8",",,,a"
"ASN00055164","1942-02","-31.1805","151.3031","690.0","WEABONGA STONELEIGH, AS","5",",a","5",",a","2",",a","19420202",",,a","70.1",",,a,02,","157.2",",,,a"
"ASN00055164","1942-03","-31.1805","151.3031","690.0","WEABONGA STONELEIGH, AS","6",",a","5",",a","1",",a","19420324",",,a","54.6",",,a,24,","92.3",",,,a"
"ASN00055164","1942-04","-31.1805","151.3031","690.0","WEABONGA STONELEIGH, AS","0",",a","0",",a","0",",a","19420430","+,,a","0.0",",,a,30,+","0.0",",,,a"
"ASN00055164","1942-05","-31.1805","151.3031","690.0","WEABONGA STONELEIGH, AS","5",",a","5",",a","0",",a","19420527",",,a","24.1",",,a,27,","44.3",",,,a"
"ASN00055164","1942-06","-31.1805","151.3031","690.0","WEABONGA STONELEIGH, AS","4",",a","4",",a","0",",a","19420628",",,a","17.8",",,a,28,","42.0",",,,a"
"ASN00055164","1942-07","-31.1805","151.3031","690.0","WEABONGA STONELEIGH, AS","8",",a","8",",a","2",",a","19420711",",,a","76.2",",,a,11,","203.8",",,,a"
"ASN00055164","1942-08","-31.1805","151.3031","690.0","WEABONGA STONELEIGH, AS","2",",a","2",",a","0",",a","19420803",",,a","7.6",",,a,03,","12.9",",,,a"
"ASN00055164","1942-09","-31.1805","151.3031","690.0","WEABONGA STONELEIGH, AS","4",",a","3",",a","0",",a","19420913",",,a","21.6",",,a,13,","52.8",",,,a"
"ASN00055164","1942-10","-31.1805","151.3031","690.0","WEABONGA STONELEIGH, AS","10",",a","9",",a","1",",a","19421011",",,a","27.2",",,a,11,","87.5",",,,a"
"ASN00055164","1942-11","-31.1805","151.3031","690.0","WEABONGA STONELEIGH, AS","7",",a","7",",a","3",",a","19421106",",,a","43.2",",,a,06,","132.2",",,,a"
"ASN00055164","1942-12","-31.1805","151.3031","690.0","WEABONGA STONELEIGH, AS","7",",a","6",",a","1",",a","19421227",",,a","31.8",",,a,27,","91.5",",,,a"
"ASN00055164","1943-01","-31.1805","151.3031","690.0","WEABONGA STONELEIGH, AS","8",",a","6",",a","2",",a","19430104",",,a","55.9",",,a,04,","158.4",",,,a"
"ASN00055164","1943-02","-31.1805","151.3031","690.0","WEABONGA STONELEIGH, AS","3",",a","3",",a","0",",a","19430204",",,a","12.7",",,a,04,","29.2",",,,a"
"ASN00055164","1943-03","-31.1805","151.3031","690.0","WEABONGA STONELEIGH, AS","3",",a","3",",a","0",",a","19430314",",,a","15.2",",,a,14,","20.7",",,,a"
"ASN00055164","1943-04","-31.1805","151.3031","690.0","WEABONGA STONELEIGH, AS","4",",a","4",",a","1",",a","19430414",",,a","25.7",",,a,14,","46.4",",,,a"
"ASN00055164","1943-05","-31.1805","151.3031","690.0","WEABONGA STONELEIGH, AS","5",",a","4",",a","0",",a","19430520",",,a","11.7",",,a,20,","46.0",",,,a"
"ASN00055164","1943-06","-31.1805","151.3031","690.0","WEABONGA STONELEIGH, AS","4",",a","4",",a","0",",a","19430601",",,a","23.4",",,a,01,","44.5",",,,a"
"ASN00055164","1943-07","-31.1805","151.3031","690.0","WEABONGA STONELEIGH, AS","6",",a","6",",a","0",",a","19430729",",,a","12.7",",,a,29,","46.2",",,,a"
"ASN00055164","1943-08","-31.1805","151.3031","690.0","WEABONGA STONELEIGH, AS","5",",a","5",",a","0",",a","19430811",",,a","9.4",",,a,11,","35.4",",,,a"
"ASN00055164","1943-09","-31.1805","151.3031","690.0","WEABONGA STONELEIGH, AS","7",",a","6",",a","0",",a","19430927",",,a","16.5",",,a,27,","67.3",",,,a"
"ASN00055164","1943-10","-31.1805","151.3031","690.0","WEABONGA STONELEIGH, AS","4",",a","4",",a","1",",a","19431018",",,a","28.4",",,a,18,","51.7",",,,a"
"ASN00055164","1943-11","-31.1805","151.3031","690.0","WEABONGA STONELEIGH, AS","7",",a","7",",a","0",",a","19431119",",,a","24.6",",,a,19,","75.1",",,,a"
"ASN00055164","1943-12","-31.1805","151.3031","690.0","WEABONGA STONELEIGH, AS","10",",a","10",",a","0",",a","19431226","+,,a","24.1",",,a,26,+","124.2",",,,a"
"ASN00055164","1944-01","-31.1805","151.3031","690.0","WEABONGA STONELEIGH, AS","6",",a","6",",a","1",",a","19440116",",,a","28.4",",,a,16,","92.0",",,,a"
"ASN00055164","1944-02","-31.1805","151.3031","690.0","WEABONGA STONELEIGH, AS","4",",a","4",",a","1",",a","19440208",",,a","26.2",",,a,08,","55.9",",,,a"
"ASN00055164","1944-03","-31.1805","151.3031","690.0","WEABONGA STONELEIGH, AS","1",",a","1",",a","0",",a","19440310",",,a","5.8",",,a,10,","5.8",",,,a"
"ASN00055164","1944-04","-31.1805","151.3031","690.0","WEABONGA STONELEIGH, AS","2",",a","2",",a","0",",a","19440410",",,a","15.2",",,a,10,","26.9",",,,a"
"ASN00055164","1944-05","-31.1805","151.3031","690.0","WEABONGA STONELEIGH, AS","6",",a","5",",a","0",",a","19440524",",,a","24.9",",,a,24,","81.3",",,,a"
"ASN00055164","1944-06","-31.1805","151.3031","690.0","WEABONGA STONELEIGH, AS","1",",a","1",",a","0",",a","19440615",",,a","8.4",",,a,15,","8.4",",,,a"
"ASN00055164","1944-07","-31.1805","151.3031","690.0","WEABONGA STONELEIGH, AS","4",",a","4",",a","0",",a","19440710",",,a","17.8",",,a,10,","38.9",",,,a"
"ASN00055164","1944-08","-31.1805","151.3031","690.0","WEABONGA STONELEIGH, AS","4",",a","4",",a","2",",a","19440823",",,a","42.4",",,a,23,","85.0",",,,a"
"ASN00055164","1944-09","-31.1805","151.3031","690.0","WEABONGA STONELEIGH, AS","1",",a","1",",a","0",",a","19440915",",,a","8.6",",,a,15,","8.6",",,,a"
"ASN00055164","1944-10","-31.1805","151.3031","690.0","WEABONGA STONELEIGH, AS","1",",a","1",",a","0",",a","19441018",",,a","6.6",",,a,18,","6.6",",,,a"
"ASN00055164","1944-11","-31.1805","151.3031","690.0","WEABONGA STONELEIGH, AS","5",",a","5",",a","0",",a","19441130",",,a","15.5",",,a,30,","46.8",",,,a"
"ASN00055164","1944-12","-31.1805","151.3031","690.0","WEABONGA STONELEIGH, AS","3",",a","3",",a","1",",a","19441221",",,a","31.0",",,a,21,","48.3",",,,a"
"ASN00055164","1945-01","-31.1805","151.3031","690.0","WEABONGA STONELEIGH, AS","6",",a","6",",a","2",",a","19450129",",,a","47.2",",,a,29,","99.3",",,,a"
"ASN00055164","1945-02","-31.1805","151.3031","690.0","WEABONGA STONELEIGH, AS","9",",a","9",",a","1",",a","19450225",",,a","30.5",",,a,25,","137.5",",,,a"
"ASN00055164","1945-03","-31.1805","151.3031","690.0","WEABONGA STONELEIGH, AS","2",",a","2",",a","0",",a","19450331",",,a","8.1",",,a,31,","11.7",",,,a"
"ASN00055164","1945-04","-31.1805","151.3031","690.0","WEABONGA STONELEIGH, AS","3",",a","3",",a","1",",a","19450407",",,a","30.2",",,a,07,","44.6",",,,a"
"ASN00055164","1945-05","-31.1805","151.3031","690.0","WEABONGA STONELEIGH, AS","7",",a","7",",a","1",",a","19450508",",,a","27.9",",,a,08,","71.8",",,,a"
"ASN00055164","1945-06","-31.1805","151.3031","690.0","WEABONGA STONELEIGH, AS","7",",a","6",",a","1",",a","19450623",",,a","57.2",",,a,23,","91.2",",,,a"
"ASN00055164","1945-07","-31.1805","151.3031","690.0","WEABONGA STONELEIGH, AS","6",",a","5",",a","0",",a","19450713",",,a","17.5",",,a,13,","35.1",",,,a"
"ASN00055164","1945-08","-31.1805","151.3031","690.0","WEABONGA STONELEIGH, AS","8",",a","8",",a","1",",a","19450831",",,a","35.1",",,a,31,","123.3",",,,a"
"ASN00055164","1945-09","-31.1805","151.3031","690.0","WEABONGA STONELEIGH, AS","2",",a","2",",a","0",",a","19450914",",,a","7.9",",,a,14,","14.8",",,,a"
"ASN00055164","1945-10","-31.1805","151.3031","690.0","WEABONGA STONELEIGH, AS","5",",a","5",",a","0",",a","19451028",",,a","22.9",",,a,28,","44.1",",,,a"
"ASN00055164","1945-11","-31.1805","151.3031","690.0","WEABONGA STONELEIGH, AS","6",",a","6",",a","1",",a","19451130",",,a","29.2",",,a,30,","95.2",",,,a"
"ASN00055164","1945-12","-31.1805","151.3031","690.0","WEABONGA STONELEIGH, AS","3",",a","3",",a","1",",a","19451219",",,a","33.5",",,a,19,","62.0",",,,a"
"ASN00055164","1946-01","-31.1805","151.3031","690.0","WEABONGA STONELEIGH, AS","5",",a","3",",a","1",",a","19460122",",,a","26.7",",,a,22,","59.5",",,,a"
"ASN00055164","1946-02","-31.1805","151.3031","690.0","WEABONGA STONELEIGH, AS","2",",a","2",",a","0",",a","19460223",",,a","7.6",",,a,23,","13.7",",,,a"
"ASN00055164","1946-03","-31.1805","151.3031","690.0","WEABONGA STONELEIGH, AS","3",",a","3",",a","1",",a","19460326",",,a","62.2",",,a,26,","79.7",",,,a"
"ASN00055164","1946-04","-31.1805","151.3031","690.0","WEABONGA STONELEIGH, AS","5",",a","5",",a","1",",a","19460418",",,a","27.9",",,a,18,","50.8",",,,a"
"ASN00055164","1946-05","-31.1805","151.3031","690.0","WEABONGA STONELEIGH, AS","5",",a","5",",a","0",",a","19460519",",,a","21.3",",,a,19,","49.0",",,,a"
"ASN00055164","1946-06","-31.1805","151.3031","690.0","WEABONGA STONELEIGH, AS","2",",a","2",",a","0",",a","19460621",",,a","14.7",",,a,21,","22.3",",,,a"
"ASN00055164","1946-07","-31.1805","151.3031","690.0","WEABONGA STONELEIGH, AS","3",",a","3",",a","0",",a","19460702",",,a","11.4",",,a,02,","18.0",",,,a"
"ASN00055164","1946-08","-31.1805","151.3031","690.0","WEABONGA STONELEIGH, AS","1",",a","1",",a","0",",a","19460828",",,a","2.5",",,a,28,","2.5",",,,a"
"ASN00055164","1946-09","-31.1805","151.3031","690.0","WEABONGA STONELEIGH, AS","5",",a","5",",a","0",",a","19460920",",,a","22.1",",,a,20,","61.2",",,,a"
"ASN00055164","1946-10","-31.1805","151.3031","690.0","WEABONGA STONELEIGH, AS","3",",a","2",",a","0",",a","19461016",",,a","12.7",",,a,16,","18.3",",,,a"
"ASN00055164","1946-11","-31.1805","151.3031","690.0","WEABONGA STONELEIGH, AS","3",",a","3",",a","1",",a","19461109",",,a","38.9",",,a,09,","52.1",",,,a"
"ASN00055164","1946-12","-31.1805","151.3031","690.0","WEABONGA STONELEIGH, AS","7",",a","7",",a","1",",a","19461206",",,a","31.0",",,a,06,","95.3",",,,a"
"ASN00055164","1947-01","-31.1805","151.3031","690.0","WEABONGA STONELEIGH, AS","4",",a","4",",a","0",",a","19470130",",,a","19.3",",,a,30,","39.1",",,,a"
"ASN00055164","1947-02","-31.1805","151.3031","690.0","WEABONGA STONELEIGH, AS","11",",a","11",",a","0",",a","19470213",",,a","21.1",",,a,13,","109.7",",,,a"
"ASN00055164","1947-03","-31.1805","151.3031","690.0","WEABONGA STONELEIGH, AS","2",",a","2",",a","0",",a","19470301",",,a","18.5",",,a,01,","30.2",",,,a"
"ASN00055164","1947-04","-31.1805","151.3031","690.0","WEABONGA STONELEIGH, AS","5",",a","5",",a","0",",a","19470423",",,a","22.1",",,a,23,","58.4",",,,a"
"ASN00055164","1947-05","-31.1805","151.3031","690.0","WEABONGA STONELEIGH, AS","1",",a","1",",a","0",",a","19470525",",,a","14.2",",,a,25,","14.2",",,,a"
"ASN00055164","1947-06","-31.1805","151.3031","690.0","WEABONGA STONELEIGH, AS","2",",a","2",",a","1",",a","19470605",",,a","30.5",",,a,05,","33.5",",,,a"
"ASN00055164","1947-07","-31.1805","151.3031","690.0","WEABONGA STONELEIGH, AS","6",",a","6",",a","0",",a","19470714",",,a","13.7",",,a,14,","49.6",",,,a"
"ASN00055164","1947-08","-31.1805","151.3031","690.0","WEABONGA STONELEIGH, AS","7",",a","7",",a","0",",a","19470810",",,a","18.3",",,a,10,","60.2",",,,a"
"ASN00055164","1947-09","-31.1805","151.3031","690.0","WEABONGA STONELEIGH, AS","5",",a","5",",a","1",",a","19470903",",,a","51.1",",,a,03,","94.3",",,,a"
"ASN00055164","1947-10","-31.1805","151.3031","690.0","WEABONGA STONELEIGH, AS","7",",a","7",",a","0",",a","19471004",",,a","24.1",",,a,04,","124.3",",,,a"
"ASN00055164","1947-11","-31.1805","151.3031","690.0","WEABONGA STONELEIGH, AS","9",",a","9",",a","0",",a","19471102",",,a","23.6",",,a,02,","97.8",",,,a"
"ASN00055164","1947-12","-31.1805","151.3031","690.0","WEABONGA STONELEIGH, AS","16",",a","16",",a","2",",a","19471225",",,a","41.7",",,a,25,","211.5",",,,a"
"ASN00055164","1948-01","-31.1805","151.3031","690.0","WEABONGA STONELEIGH, AS","7",",a","6",",a","1",",a","19480102",",,a","39.6",",,a,02,","100.4",",,,a"
"ASN00055164","1948-02","-31.1805","151.3031","690.0","WEABONGA STONELEIGH, AS","4",",a","4",",a","1",",a","19480229",",,a","57.4",",,a,29,","82.0",",,,a"
"ASN00055164","1948-03","-31.1805","151.3031","690.0","WEABONGA STONELEIGH, AS","4",",a","4",",a","0",",a","19480311",",,a","5.1",",,a,11,","16.0",",,,a"
"ASN00055164","1948-04","-31.1805","151.3031","690.0","WEABONGA STONELEIGH, AS","5",",a","5",",a","0",",a","19480412",",,a","9.1",",,a,12,","37.8",",,,a"
"ASN00055164","1948-05","-31.1805","151.3031","690.0","WEABONGA STONELEIGH, AS","4",",a","4",",a","0",",a","19480504",",,a","15.7",",,a,04,","39.3",",,,a"
"ASN00055164","1948-06","-31.1805","151.3031","690.0","WEABONGA STONELEIGH, AS","5",",a","5",",a","1",",a","19480608",",,a","52.3",",,a,08,","106.2",",,,a"
"ASN00055164","1948-07","-31.1805","151.3031","690.0","WEABONGA STONELEIGH, AS","3",",a","3",",a","0",",a","19480705",",,a","19.1",",,a,05,","46.5",",,,a"
"ASN00055164","1948-08","-31.1805","151.3031","690.0","WEABONGA STONELEIGH, AS","6",",a","5",",a","1",",a","19480823",",,a","27.2",",,a,23,","69.4",",,,a"
"ASN00055164","1948-09","-31.1805","151.3031","690.0","WEABONGA STONELEIGH, AS","5",",a","5",",a","1",",a","19480925",",,a","26.7",",,a,25,","66.7",",,,a"
"ASN00055164","1948-10","-31.1805","151.3031","690.0","WEABONGA STONELEIGH, AS","3",",a","3",",a","0",",a","19481031",",,a","12.7",",,a,31,","24.2",",,,a"
"ASN00055164","1948-11","-31.1805","151.3031","690.0","WEABONGA STONELEIGH, AS","5",",a","4",",a","1",",a","19481106",",,a","25.4",",,a,06,","63.5",",,,a"
"ASN00055164","1948-12","-31.1805","151.3031","690.0","WEABONGA STONELEIGH, AS","6",",a","6",",a","0",",a","19481217",",,a","22.9",",,a,17,","95.0",",,,a"
"ASN00055164","1949-01","-31.1805","151.3031","690.0","WEABONGA STONELEIGH, AS","6",",a","5",",a","2",",a","19490110",",,a","50.0",",,a,10,","131.2",",,,a"
"ASN00055164","1949-02","-31.1805","151.3031","690.0","WEABONGA STONELEIGH, AS","8",",a","8",",a","0",",a","19490220",",,a","20.3",",,a,20,","81.1",",,,a"
"ASN00055164","1949-03","-31.1805","151.3031","690.0","WEABONGA STONELEIGH, AS","5",",a","3",",a","0",",a","19490331",",,a","10.4",",,a,31,","20.5",",,,a"
"ASN00055164","1949-04","-31.1805","151.3031","690.0","WEABONGA STONELEIGH, AS","2",",a","2",",a","1",",a","19490422",",,a","40.4",",,a,22,","60.7",",,,a"
"ASN00055164","1949-05","-31.1805","151.3031","690.0","WEABONGA STONELEIGH, AS","3",",a","2",",a","0",",a","19490522",",,a","18.8",",,a,22,","38.1",",,,a"
"ASN00055164","1949-06","-31.1805","151.3031","690.0","WEABONGA STONELEIGH, AS","9",",a","6",",a","2",",a","19490604",",,a","30.7",",,a,04,","112.5",",,,a"
"ASN00055164","1949-07","-31.1805","151.3031","690.0","WEABONGA STONELEIGH, AS","6",",a","5",",a","0",",a","19490726",",,a","18.3",",,a,26,","52.3",",,,a"
"ASN00055164","1949-08","-31.1805","151.3031","690.0","WEABONGA STONELEIGH, AS","4",",a","4",",a","0",",a","19490826",",,a","12.7",",,a,26,","25.9",",,,a"
"ASN00055164","1949-09","-31.1805","151.3031","690.0","WEABONGA STONELEIGH, AS","8",",a","8",",a","3",",a","19490910",",,a","39.4",",,a,10,","150.2",",,,a"
"ASN00055164","1949-10","-31.1805","151.3031","690.0","WEABONGA STONELEIGH, AS","10",",a","10",",a","0",",a","19491006",",,a","21.1",",,a,06,","124.3",",,,a"
"ASN00055164","1949-11","-31.1805","151.3031","690.0","WEABONGA STONELEIGH, AS","11",",a","10",",a","2",",a","19491121",",,a","36.8",",,a,21,","151.8",",,,a"
"ASN00055164","1949-12","-31.1805","151.3031","690.0","WEABONGA STONELEIGH, AS","5",",a","4",",a","0",",a","19491214",",,a","22.9",",,a,14,","59.4",",,,a"
"ASN00055164","1950-01","-31.1805","151.3031","690.0","WEABONGA STONELEIGH, AS","7",",a","7",",a","0",",a","19500109",",,a","11.4",",,a,09,","52.6",",,,a"
"ASN00055164","1950-02","-31.1805","151.3031","690.0","WEABONGA STONELEIGH, AS","5",",a","5",",a","2",",a","19500206",",,a","37.6",",,a,06,","117.1",",,,a"
"ASN00055164","1950-03","-31.1805","151.3031","690.0","WEABONGA STONELEIGH, AS","2",",a","2",",a","0",",a","19500328",",,a","15.5",",,a,28,","27.7",",,,a"
"ASN00055164","1950-04","-31.1805","151.3031","690.0","WEABONGA STONELEIGH, AS","5",",a","5",",a","2",",a","19500405",",,a","38.1",",,a,05,","97.5",",,,a"
"ASN00055164","1950-05","-31.1805","151.3031","690.0","WEABONGA STONELEIGH, AS","6",",a","5",",a","1",",a","19500524",",,a","29.7",",,a,24,","61.2",",,,a"
"ASN00055164","1950-06","-31.1805","151.3031","690.0","WEABONGA STONELEIGH, AS","14",",a","14",",a","1",",a","19500607",",,a","26.9",",,a,07,","132.7",",,,a"
"ASN00055164","1950-07","-31.1805","151.3031","690.0","WEABONGA STONELEIGH, AS","10",",a","10",",a","2",",a","19500722",",,a","46.7",",,a,22,","144.9",",,,a"
"ASN00055164","1950-08","-31.1805","151.3031","690.0","WEABONGA STONELEIGH, AS","6",",a","5",",a","0",",a","19500821",",,a","14.0",",,a,21,","46.8",",,,a"
"ASN00055164","1950-09","-31.1805","151.3031","690.0","WEABONGA STONELEIGH, AS","6",",a","6",",a","0",",a","19500917",",,a","12.7",",,a,17,","44.5",",,,a"
"ASN00055164","1950-10","-31.1805","151.3031","690.0","WEABONGA STONELEIGH, AS","12",",a","10",",a","3",",a","19501026",",,a","42.2",",,a,26,","183.4",",,,a"
"ASN00055164","1950-11","-31.1805","151.3031","690.0","WEABONGA STONELEIGH, AS","11",",a","10",",a","2",",a","19501122",",,a","45.7",",,a,22,","147.5",",,,a"
"ASN00055164","1950-12","-31.1805","151.3031","690.0","WEABONGA STONELEIGH, AS","2",",a","2",",a","1",",a","19501231",",,a","25.9",",,a,31,","38.6",",,,a"
"ASN00055164","1951-01","-31.1805","151.3031","690.0","WEABONGA STONELEIGH, AS","7",",a","7",",a","0",",a","19510119",",,a","21.1",",,a,19,","65.3",",,,a"
"ASN00055164","1951-02","-31.1805","151.3031","690.0","WEABONGA STONELEIGH, AS","6",",a","6",",a","3",",a","19510223",",,a","54.6",",,a,23,","152.2",",,,a"
"ASN00055164","1951-03","-31.1805","151.3031","690.0","WEABONGA STONELEIGH, AS","4",",a","4",",a","1",",a","19510321",",,a","54.9",",,a,21,","74.5",",,,a"
"ASN00055164","1951-04","-31.1805","151.3031","690.0","WEABONGA STONELEIGH, AS","3",",a","3",",a","0",",a","19510417",",,a","24.9",",,a,17,","47.8",",,,a"
"ASN00055164","1951-05","-31.1805","151.3031","690.0","WEABONGA STONELEIGH, AS","4",",a","4",",a","0",",a","19510514",",,a","21.6",",,a,14,","52.3",",,,a"
"ASN00055164","1951-06","-31.1805","151.3031","690.0","WEABONGA STONELEIGH, AS","8",",a","8",",a","1",",a","19510626",",,a","34.5",",,a,26,","130.4",",,,a"
"ASN00055164","1951-07","-31.1805","151.3031","690.0","WEABONGA STONELEIGH, AS","6",",a","6",",a","1",",a","19510716",",,a","29.2",",,a,16,","73.9",",,,a"
"ASN00055164","1951-08","-31.1805","151.3031","690.0","WEABONGA STONELEIGH, AS","7",",a","7",",a","2",",a","19510804",",,a","34.8",",,a,04,","109.3",",,,a"
"ASN00055164","1951-09","-31.1805","151.3031","690.0","WEABONGA STONELEIGH, AS","3",",a","3",",a","0",",a","19510925",",,a","18.3",",,a,25,","38.9",",,,a"
"ASN00055164","1951-10","-31.1805","151.3031","690.0","WEABONGA STONELEIGH, AS","1",",a","1",",a","0",",a","19511029",",,a","2.5",",,a,29,","2.5",",,,a"
"ASN00055164","1951-11","-31.1805","151.3031","690.0","WEABONGA STONELEIGH, AS","2",",a","2",",a","1",",a","19511127",",,a","25.7",",,a,27,","30.3",",,,a"
"ASN00055164","1951-12","-31.1805","151.3031","690.0","WEABONGA STONELEIGH, AS","2",",a","2",",a","0",",a","19511221",",,a","9.4",",,a,21,","11.9",",,,a"
"ASN00055164","1952-01","-31.1805","151.3031","690.0","WEABONGA STONELEIGH, AS","4",",a","3",",a","0",",a","19520108",",,a","18.5",",,a,08,","42.2",",,,a"
"ASN00055164","1952-02","-31.1805","151.3031","690.0","WEABONGA STONELEIGH, AS","8",",a","6",",a","1",",a","19520219",",,a","30.5",",,a,19,","107.1",",,,a"
"ASN00055164","1952-03","-31.1805","151.3031","690.0","WEABONGA STONELEIGH, AS","6",",a","6",",a","1",",a","19520323",",,a","32.3",",,a,23,","108.5",",,,a"
"ASN00055164","1952-04","-31.1805","151.3031","690.0","WEABONGA STONELEIGH, AS","7",",a","4",",a","0",",a","19520409",",,a","11.4",",,a,09,","38.2",",,,a"
"ASN00055164","1952-05","-31.1805","151.3031","690.0","WEABONGA STONELEIGH, AS","9",",a","8",",a","1",",a","19520524",",,a","49.5",",,a,24,","111.7",",,,a"
"ASN00055164","1952-06","-31.1805","151.3031","690.0","WEABONGA STONELEIGH, AS","6",",a","6",",a","1",",a","19520616",",,a","34.3",",,a,16,","88.4",",,,a"
"ASN00055164","1952-07","-31.1805","151.3031","690.0","WEABONGA STONELEIGH, AS","3",",a","3",",a","0",",a","19520714",",,a","17.8",",,a,14,","44.5",",,,a"
"ASN00055164","1952-08","-31.1805","151.3031","690.0","WEABONGA STONELEIGH, AS","10",",a","10",",a","3",",a","19520809",",,a","38.4",",,a,09,","162.0",",,,a"
"ASN00055164","1952-09","-31.1805","151.3031","690.0","WEABONGA STONELEIGH, AS","7",",a","6",",a","0",",a","19520916",",,a","23.1",",,a,16,","61.9",",,,a"
"ASN00055164","1952-10","-31.1805","151.3031","690.0","WEABONGA STONELEIGH, AS","6",",a","5",",a","0",",a","19521029","+,,a","19.1",",,a,29,+","72.8",",,,a"
"ASN00055164","1952-11","-31.1805","151.3031","690.0","WEABONGA STONELEIGH, AS","4",",a","4",",a","0",",a","19521126",",,a","11.9",",,a,26,","26.6",",,,a"
"ASN00055164","1952-12","-31.1805","151.3031","690.0","WEABONGA STONELEIGH, AS","6",",a","5",",a","0",",a","19521226",",,a","19.1",",,a,26,","59.0",",,,a"
"ASN00055164","1953-01","-31.1805","151.3031","690.0","WEABONGA STONELEIGH, AS","4",",a","4",",a","0",",a","19530105",",,a","8.1",",,a,05,","23.8",",,,a"
"ASN00055164","1953-02","-31.1805","151.3031","690.0","WEABONGA STONELEIGH, AS","10",",a","9",",a","2",",a","19530217",",,a","29.7",",,a,17,","127.6",",,,a"
"ASN00055164","1953-03","-31.1805","151.3031","690.0","WEABONGA STONELEIGH, AS","3",",a","3",",a","0",",a","19530324",",,a","10.4",",,a,24,","29.0",",,,a"
"ASN00055164","1953-04","-31.1805","151.3031","690.0","WEABONGA STONELEIGH, AS","1",",a","1",",a","0",",a","19530429",",,a","5.3",",,a,29,","5.3",",,,a"
"ASN00055164","1953-05","-31.1805","151.3031","690.0","WEABONGA STONELEIGH, AS","11",",a","10",",a","1",",a","19530502",",,a","63.5",",,a,02,","145.5",",,,a"
"ASN00055164","1953-06","-31.1805","151.3031","690.0","WEABONGA STONELEIGH, AS","2",",a","2",",a","0",",a","19530623",",,a","7.6",",,a,23,","10.1",",,,a"
"ASN00055164","1953-07","-31.1805","151.3031","690.0","WEABONGA STONELEIGH, AS","2",",a","2",",a","0",",a","19530709",",,a","21.8",",,a,09,","43.4",",,,a"
"ASN00055164","1953-08","-31.1805","151.3031","690.0","WEABONGA STONELEIGH, AS","8",",a","7",",a","2",",a","19530822",",,a","30.5",",,a,22,","126.3",",,,a"
"ASN00055164","1953-09","-31.1805","151.3031","690.0","WEABONGA STONELEIGH, AS","3",",a","3",",a","0",",a","19530929",",,a","14.7",",,a,29,","33.0",",,,a"
"ASN00055164","1953-10","-31.1805","151.3031","690.0","WEABONGA STONELEIGH, AS","3",",a","3",",a","0",",a","19531017",",,a","24.1",",,a,17,","52.1",",,,a"
"ASN00055164","1953-11","-31.1805","151.3031","690.0","WEABONGA STONELEIGH, AS","6",",a","6",",a","1",",a","19531106",",,a","27.4",",,a,06,","70.1",",,,a"
"ASN00055164","1953-12","-31.1805","151.3031","690.0","WEABONGA STONELEIGH, AS","2",",a","2",",a","0",",a","19531224",",,a","5.1",",,a,24,","7.6",",,,a"
"ASN00055164","1954-01","-31.1805","151.3031","690.0","WEABONGA STONELEIGH, AS","2",",a","2",",a","1",",a","19540112",",,a","39.4",",,a,12,","49.6",",,,a"
"ASN00055164","1954-02","-31.1805","151.3031","690.0","WEABONGA STONELEIGH, AS","9",",a","9",",a","1",",a","19540210",",,a","25.4",",,a,10,","91.9",",,,a"
"ASN00055164","1954-03","-31.1805","151.3031","690.0","WEABONGA STONELEIGH, AS","0",",a","0",",a","0",",a","19540331","+,,a","0.0",",,a,31,+","0.0",",,,a"
"ASN00055164","1954-04","-31.1805","151.3031","690.0","WEABONGA STONELEIGH, AS","3",",a","3",",a","0",",a","19540408",",,a","14.5",",,a,08,","27.0",",,,a"
"ASN00055164","1954-05","-31.1805","151.3031","690.0","WEABONGA STONELEIGH, AS","0",",a","0",",a","0",",a","19540531","+,,a","0.0",",,a,31,+","0.0",",,,a"
"ASN00055164","1954-06","-31.1805","151.3031","690.0","WEABONGA STONELEIGH, AS","5",",a","4",",a","1",",a","19540605",",,a","44.5",",,a,05,","70.1",",,,a"
"ASN00055164","1954-07","-31.1805","151.3031","690.0","WEABONGA STONELEIGH, AS","6",",a","5",",a","0",",a","19540717",",,a","10.7",",,a,17,","30.1",",,,a"
"ASN00055164","1954-08","-31.1805","151.3031","690.0","WEABONGA STONELEIGH, AS","4",",a","3",",a","0",",a","19540808",",,a","12.7",",,a,08,","27.4",",,,a"
"ASN00055164","1954-09","-31.1805","151.3031","690.0","WEABONGA STONELEIGH, AS","3",",a","3",",a","0",",a","19540925",",,a","13.2",",,a,25,","32.0",",,,a"
"ASN00055164","1954-10","-31.1805","151.3031","690.0","WEABONGA STONELEIGH, AS","7",",a","7",",a","2",",a","19541019",",,a","39.4",",,a,19,","143.0",",,,a"
"ASN00055164","1954-11","-31.1805","151.3031","690.0","WEABONGA STONELEIGH, AS","6",",a","6",",a","0",",a","19541110",",,a","20.3",",,a,10,","87.9",",,,a"
"ASN00055164","1954-12","-31.1805","151.3031","690.0","WEABONGA STONELEIGH, AS","9",",a","9",",a","1",",a","19541230",",,a","57.2",",,a,30,","155.1",",,,a"
"ASN00055164","1955-01","-31.1805","151.3031","690.0","WEABONGA STONELEIGH, AS","10",",a","10",",a","0",",a","19550128",",,a","24.9",",,a,28,","104.1",",,,a"
"ASN00055164","1955-02","-31.1805","151.3031","690.0","WEABONGA STONELEIGH, AS","8",",a","7",",a","4",",a","19550225",",,a","86.4",",,a,25,","279.0",",,,a"
"ASN00055164","1955-03","-31.1805","151.3031","690.0","WEABONGA STONELEIGH, AS","1",",a","1",",a","0",",a","19550327",",,a","2.5",",,a,27,","2.5",",,,a"
"ASN00055164","1955-04","-31.1805","151.3031","690.0","WEABONGA STONELEIGH, AS","4",",a","4",",a","0",",a","19550406",",,a","19.1",",,a,06,","35.6",",,,a"
"ASN00055164","1955-05","-31.1805","151.3031","690.0","WEABONGA STONELEIGH, AS","6",",a","5",",a","0",",a","19550518",",,a","19.1",",,a,18,","59.4",",,,a"
"ASN00055164","1955-06","-31.1805","151.3031","690.0","WEABONGA STONELEIGH, AS","11",",a","9",",a","2",",a","19550630",",,a","84.6",",,a,30,","169.4",",,,a"
"ASN00055164","1955-07","-31.1805","151.3031","690.0","WEABONGA STONELEIGH, AS","7",",a","6",",a","0",",a","19550713",",,a","17.3",",,a,13,","66.1",",,,a"
"ASN00055164","1955-08","-31.1805","151.3031","690.0","WEABONGA STONELEIGH, AS","9",",a","9",",a","0",",a","19550820",",,a","20.6",",,a,20,","78.2",",,,a"
"ASN00055164","1955-09","-31.1805","151.3031","690.0","WEABONGA STONELEIGH, AS","3",",a","3",",a","0",",a","19550927",",,a","24.9",",,a,27,","56.7",",,,a"
"ASN00055164","1955-10","-31.1805","151.3031","690.0","WEABONGA STONELEIGH, AS","14",",a","14",",a","1",",a","19551025",",,a","87.4",",,a,25,","222.1",",,,a"
"ASN00055164","1955-11","-31.1805","151.3031","690.0","WEABONGA STONELEIGH, AS","7",",a","5",",a","1",",a","19551119",",,a","26.2",",,a,19,","64.5",",,,a"
"ASN00055164","1955-12","-31.1805","151.3031","690.0","WEABONGA STONELEIGH, AS","6",",a","5",",a","0",",a","19551221",",,a","13.5",",,a,21,","47.5",",,,a"
"ASN00055164","1956-01","-31.1805","151.3031","690.0","WEABONGA STONELEIGH, AS","7",",a","5",",a","1",",a","19560121",",,a","61.0",",,a,21,","96.8",",,,a"
"ASN00055164","1956-02","-31.1805","151.3031","690.0","WEABONGA STONELEIGH, AS","10",",a","7",",a","2",",a","19560210",",,a","74.9",",,a,10,","173.9",",,,a"
"ASN00055164","1956-03","-31.1805","151.3031","690.0","WEABONGA STONELEIGH, AS","5",",a","5",",a","0",",a","19560303",",,a","16.8",",,a,03,","34.3",",,,a"
"ASN00055164","1956-04","-31.1805","151.3031","690.0","WEABONGA STONELEIGH, AS","6",",a","5",",a","0",",a","19560426",",,a","21.1",",,a,26,","57.4",",,,a"
"ASN00055164","1956-05","-31.1805","151.3031","690.0","WEABONGA STONELEIGH, AS","12",",a","10",",a","2",",a","19560502",",,a","40.6",",,a,02,","155.8",",,,a"
"ASN00055164","1956-06","-31.1805","151.3031","690.0","WEABONGA STONELEIGH, AS","13",",a","11",",a","1",",a","19560625",",,a","29.2",",,a,25,","115.1",",,,a"
"ASN00055164","1956-07","-31.1805","151.3031","690.0","WEABONGA STONELEIGH, AS","7",",a","6",",a","0",",a","19560712",",,a","16.5",",,a,12,","58.9",",,,a"
"ASN00055164","1956-08","-31.1805","151.3031","690.0","WEABONGA STONELEIGH, AS","6",",a","5",",a","0",",a","19560801",",,a","15.5",",,a,01,","43.9",",,,a"
"ASN00055164","1956-09","-31.1805","151.3031","690.0","WEABONGA STONELEIGH, AS","8",",a","6",",a","0",",a","19560921",",,a","15.2",",,a,21,","35.9",",,,a"
"ASN00055164","1956-10","-31.1805","151.3031","690.0","WEABONGA STONELEIGH, AS","10",",a","8",",a","2",",a","19561011",",,a","34.5",",,a,11,","126.5",",,,a"
"ASN00055164","1956-11","-31.1805","151.3031","690.0","WEABONGA STONELEIGH, AS","3",",a","3",",a","0",",a","19561111",",,a","16.0",",,a,11,","26.2",",,,a"
"ASN00055164","1956-12","-31.1805","151.3031","690.0","WEABONGA STONELEIGH, AS","7",",a","5",",a","0",",a","19561221",",,a","24.9",",,a,21,","63.1",",,,a"
"ASN00055164","1957-01","-31.1805","151.3031","690.0","WEABONGA STONELEIGH, AS","5",",a","5",",a","1",",a","19570110",",,a","42.7",",,a,10,","98.9",",,,a"
"ASN00055164","1957-02","-31.1805","151.3031","690.0","WEABONGA STONELEIGH, AS","4",",a","2",",a","0",",a","19570219",",,a","23.9",",,a,19,","41.9",",,,a"
"ASN00055164","1957-03","-31.1805","151.3031","690.0","WEABONGA STONELEIGH, AS","5",",a","3",",a","1",",a","19570310",",,a","27.9",",,a,10,","65.0",",,,a"
"ASN00055164","1957-04","-31.1805","151.3031","690.0","WEABONGA STONELEIGH, AS","4",",a","4",",a","1",",a","19570429",",,a","31.2",",,a,29,","78.7",",,,a"
"ASN00055164","1957-05","-31.1805","151.3031","690.0","WEABONGA STONELEIGH, AS","2",",a","0",",a","0",",a","19570529",",,a","1.3",",,a,29,","2.1",",,,a"
"ASN00055164","1957-06","-31.1805","151.3031","690.0","WEABONGA STONELEIGH, AS","4",",a","4",",a","1",",a","19570621",",,a","25.4",",,a,21,","71.7",",,,a"
"ASN00055164","1957-07","-31.1805","151.3031","690.0","WEABONGA STONELEIGH, AS","10",",a","8",",a","0",",a","19570729","+,,a","5.8",",,a,29,+","34.5",",,,a"
"ASN00055164","1957-08","-31.1805","151.3031","690.0","WEABONGA STONELEIGH, AS","5",",a","4",",a","1",",a","19570827",",,a","27.7",",,a,27,","53.9",",,,a"
"ASN00055164","1957-09","-31.1805","151.3031","690.0","WEABONGA STONELEIGH, AS","1",",a","1",",a","0",",a","19570907",",,a","10.2",",,a,07,","10.2",",,,a"
"ASN00055164","1957-10","-31.1805","151.3031","690.0","WEABONGA STONELEIGH, AS","4",",a","2",",a","0",",a","19571027","+,,a","2.8",",,a,27,+","8.6",",,,a"
"ASN00055164","1957-11","-31.1805","151.3031","690.0","WEABONGA STONELEIGH, AS","2",",a","2",",a","0",",a","19571105",",,a","11.4",",,a,05,","17.5",",,,a"
"ASN00055164","1957-12","-31.1805","151.3031","690.0","WEABONGA STONELEIGH, AS","6",",a","6",",a","1",",a","19571210",",,a","27.9",",,a,10,","86.0",",,,a"
"ASN00055164","1958-10","-31.1805","151.3031","690.0","WEABONGA STONELEIGH, AS","10",",a","7",",a","2",",a","19581011",",,a","59.7",",,a,11,","123.7",",,,a"
"ASN00055164","1958-11","-31.1805","151.3031","690.0","WEABONGA STONELEIGH, AS","4",",a","3",",a","1",",a","19581126",",,a","39.4",",,a,26,","64.1",",,,a"
"ASN00055164","1958-12","-31.1805","151.3031","690.0","WEABONGA STONELEIGH, AS","14",",a","13",",a","3",",a","19581225",",,a","101.6",",,a,25,","279.5",",,,a"
"ASN00055164","1959-01","-31.1805","151.3031","690.0","WEABONGA STONELEIGH, AS","8",",a","6",",a","0",",a","19590103",",,a","18.5",",,a,03,","66.6",",,,a"
"ASN00055164","1959-02","-31.1805","151.3031","690.0","WEABONGA STONELEIGH, AS","11",",a","7",",a","1",",a","19590216",",,a","35.6",",,a,16,","94.3",",,,a"
"ASN00055164","1959-03","-31.1805","151.3031","690.0","WEABONGA STONELEIGH, AS","9",",a","6",",a","0",",a","19590329",",,a","14.5",",,a,29,","51.0",",,,a"
"ASN00055164","1959-04","-31.1805","151.3031","690.0","WEABONGA STONELEIGH, AS","3",",a","2",",a","0",",a","19590403",",,a","8.9",",,a,03,","14.0",",,,a"
"ASN00055164","1959-05","-31.1805","151.3031","690.0","WEABONGA STONELEIGH, AS","3",",a","2",",a","0",",a","19590521",",,a","16.5",",,a,21,","27.7",",,,a"
"ASN00055164","1959-06","-31.1805","151.3031","690.0","WEABONGA STONELEIGH, AS","6",",a","2",",a","0",",a","19590626",",,a","6.1",",,a,26,","16.0",",,,a"
"ASN00055164","1959-07","-31.1805","151.3031","690.0","WEABONGA STONELEIGH, AS","10",",a","5",",a","1",",a","19590722",",,a","41.4",",,a,22,","77.5",",,,a"
"ASN00055164","1959-08","-31.1805","151.3031","690.0","WEABONGA STONELEIGH, AS","4",",a","0",",a","0",",a","19590810",",,a","2.0",",,a,10,","4.8",",,,a"
"ASN00055164","1959-09","-31.1805","151.3031","690.0","WEABONGA STONELEIGH, AS","13",",a","7",",a","0",",a","19590926",",,a","15.7",",,a,26,","65.7",",,,a"
"ASN00055164","1959-10","-31.1805","151.3031","690.0","WEABONGA STONELEIGH, AS","8",",a","7",",a","0",",a","19591020",",,a","23.4",",,a,20,","106.2",",,,a"
"ASN00055164","1959-11","-31.1805","151.3031","690.0","WEABONGA STONELEIGH, AS","11",",a","11",",a","1",",a","19591111",",,a","30.5",",,a,11,","107.1",",,,a"
"ASN00055164","1959-12","-31.1805","151.3031","690.0","WEABONGA STONELEIGH, AS","10",",a","9",",a","4",",a","19591226",",,a","76.2",",,a,26,","261.4",",,,a"
"ASN00055164","1960-01","-31.1805","151.3031","690.0","WEABONGA STONELEIGH, AS","10",",a","7",",a","0",",a","19600105",",,a","18.0",",,a,05,","85.5",",,,a"
"ASN00055164","1960-02","-31.1805","151.3031","690.0","WEABONGA STONELEIGH, AS","6",",a","4",",a","0",",a","19600211",",,a","10.2",",,a,11,","25.6",",,,a"
"ASN00055164","1960-03","-31.1805","151.3031","690.0","WEABONGA STONELEIGH, AS","4",",a","4",",a","0",",a","19600316",",,a","15.5",",,a,16,","27.6",",,,a"
"ASN00055164","1960-04","-31.1805","151.3031","690.0","WEABONGA STONELEIGH, AS","8",",a","3",",a","1",",a","19600422",",,a","38.1",",,a,22,","68.3",",,,a"
"ASN00055164","1960-05","-31.1805","151.3031","690.0","WEABONGA STONELEIGH, AS","10",",a","8",",a","0",",a","19600513",",,a","14.2",",,a,13,","55.2",",,,a"
"ASN00055164","1960-06","-31.1805","151.3031","690.0","WEABONGA STONELEIGH, AS","4",",a","2",",a","0",",a","19600616",",,a","16.8",",,a,16,","23.7",",,,a"
"ASN00055164","1960-07","-31.1805","151.3031","690.0","WEABONGA STONELEIGH, AS","15",",a","11",",a","2",",a","19600715",",,a","27.9",",,a,15,","139.4",",,,a"
"ASN00055164","1960-08","-31.1805","151.3031","690.0","WEABONGA STONELEIGH, AS","7",",a","5",",a","1",",a","19600802",",,a","36.6",",,a,02,","69.6",",,,a"
"ASN00055164","1960-09","-31.1805","151.3031","690.0","WEABONGA STONELEIGH, AS","9",",a","8",",a","0",",a","19600915",",,a","14.7",",,a,15,","70.5",",,,a"
"ASN00055164","1960-10","-31.1805","151.3031","690.0","WEABONGA STONELEIGH, AS","11",",a","8",",a","0",",a","19601019",",,a","15.7",",,a,19,","81.0",",,,a"
"ASN00055164","1960-11","-31.1805","151.3031","690.0","WEABONGA STONELEIGH, AS","7",",a","5",",a","2",",a","19601122",",,a","51.8",",,a,22,","108.7",",,,a"
"ASN00055164","1960-12","-31.1805","151.3031","690.0","WEABONGA STONELEIGH, AS","9",",a","7",",a","2",",a","19601204",",,a","37.1",",,a,04,","133.5",",,,a"
"ASN00055164","1961-01","-31.1805","151.3031","690.0","WEABONGA STONELEIGH, AS","3",",a","3",",a","1",",a","19610103",",,a","39.6",",,a,03,","57.6",",,,a"
"ASN00055164","1961-02","-31.1805","151.3031","690.0","WEABONGA STONELEIGH, AS","7",",a","7",",a","1",",a","19610219",",,a","27.7",",,a,19,","94.5",",,,a"
"ASN00055164","1961-03","-31.1805","151.3031","690.0","WEABONGA STONELEIGH, AS","7",",a","7",",a","0",",a","19610331",",,a","7.6",",,a,31,","40.6",",,,a"
"ASN00055164","1961-04","-31.1805","151.3031","690.0","WEABONGA STONELEIGH, AS","3",",a","3",",a","0",",a","19610425",",,a","11.9",",,a,25,","24.3",",,,a"
"ASN00055164","1961-05","-31.1805","151.3031","690.0","WEABONGA STONELEIGH, AS","3",",a","2",",a","0",",a","19610504",",,a","15.7",",,a,04,","23.4",",,,a"
"ASN00055164","1961-06","-31.1805","151.3031","690.0","WEABONGA STONELEIGH, AS","5",",a","3",",a","0",",a","19610609",",,a","8.9",",,a,09,","18.3",",,,a"
"ASN00055164","1961-07","-31.1805","151.3031","690.0","WEABONGA STONELEIGH, AS","6",",a","4",",a","1",",a","19610724",",,a","26.2",",,a,24,","56.9",",,,a"
"ASN00055164","1961-08","-31.1805","151.3031","690.0","WEABONGA STONELEIGH, AS","11",",a","8",",a","1",",a","19610818",",,a","30.5",",,a,18,","88.8",",,,a"
"ASN00055164","1961-09","-31.1805","151.3031","690.0","WEABONGA STONELEIGH, AS","3",",a","2",",a","0",",a","19610915",",,a","11.4",",,a,15,","17.5",",,,a"
"ASN00055164","1961-10","-31.1805","151.3031","690.0","WEABONGA STONELEIGH, AS","8",",a","8",",a","1",",a","19611014",",,a","57.4",",,a,14,","89.4",",,,a"
"ASN00055164","1961-11","-31.1805","151.3031","690.0","WEABONGA STONELEIGH, AS","15",",a","13",",a","2",",a","19611118",",,a","34.8",",,a,18,","181.8",",,,a"
"ASN00055164","1961-12","-31.1805","151.3031","690.0","WEABONGA STONELEIGH, AS","14",",a","9",",a","0",",a","19611217",",,a","18.0",",,a,17,","84.4",",,,a"
"ASN00055164","1962-01","-31.1805","151.3031","690.0","WEABONGA STONELEIGH, AS","14",",a","13",",a","3",",a","19620112",",,a","99.1",",,a,12,","307.4",",,,a"
"ASN00055164","1962-02","-31.1805","151.3031","690.0","WEABONGA STONELEIGH, AS","10",",a","7",",a","2",",a","19620222",",,a","36.6",",,a,22,","116.7",",,,a"
"ASN00055164","1962-03","-31.1805","151.3031","690.0","WEABONGA STONELEIGH, AS","7",",a","5",",a","0",",a","19620309",",,a","7.9",",,a,09,","32.0",",,,a"
"ASN00055164","1962-04","-31.1805","151.3031","690.0","WEABONGA STONELEIGH, AS","3",",a","2",",a","1",",a","19620405",",,a","31.5",",,a,05,","37.1",",,,a"
"ASN00055164","1962-05","-31.1805","151.3031","690.0","WEABONGA STONELEIGH, AS","10",",a","9",",a","0",",a","19620513",",,a","21.8",",,a,13,","85.6",",,,a"
"ASN00055164","1962-06","-31.1805","151.3031","690.0","WEABONGA STONELEIGH, AS","2",",a","1",",a","0",",a","19620603",",,a","7.6",",,a,03,","9.1",",,,a"
"ASN00055164","1962-07","-31.1805","151.3031","690.0","WEABONGA STONELEIGH, AS","5",",a","4",",a","0",",a","19620725",",,a","12.7",",,a,25,","30.0",",,,a"
"ASN00055164","1962-08","-31.1805","151.3031","690.0","WEABONGA STONELEIGH, AS","9",",a","7",",a","0",",a","19620820",",,a","21.6",",,a,20,","69.6",",,,a"
"ASN00055164","1962-09","-31.1805","151.3031","690.0","WEABONGA STONELEIGH, AS","8",",a","6",",a","0",",a","19620925",",,a","18.5",",,a,25,","55.5",",,,a"
"ASN00055164","1962-10","-31.1805","151.3031","690.0","WEABONGA STONELEIGH, AS","8",",a","7",",a","2",",a","19621020",",,a","68.6",",,a,20,","143.3",",,,a"
"ASN00055164","1962-11","-31.1805","151.3031","690.0","WEABONGA STONELEIGH, AS","5",",a","3",",a","0",",a","19621122",",,a","10.9",",,a,22,","23.7",",,,a"
"ASN00055164","1962-12","-31.1805","151.3031","690.0","WEABONGA STONELEIGH, AS","11",",a","6",",a","1",",a","19621205",",,a","26.2",",,a,05,","84.9",",,,a"
"ASN00055164","1963-01","-31.1805","151.3031","690.0","WEABONGA STONELEIGH, AS","8",",a","7",",a","2",",a","19630104",",,a","50.8",",,a,04,","125.8",",,,a"
"ASN00055164","1963-02","-31.1805","151.3031","690.0","WEABONGA STONELEIGH, AS","8",",a","4",",a","0",",a","19630201",",,a","9.1",",,a,01,","36.3",",,,a"
"ASN00055164","1963-03","-31.1805","151.3031","690.0","WEABONGA STONELEIGH, AS","11",",a","8",",a","1",",a","19630325",",,a","59.9",",,a,25,","115.6",",,,a"
"ASN00055164","1963-04","-31.1805","151.3031","690.0","WEABONGA STONELEIGH, AS","6",",a","5",",a","0",",a","19630429",",,a","16.3",",,a,29,","44.2",",,,a"
"ASN00055164","1963-05","-31.1805","151.3031","690.0","WEABONGA STONELEIGH, AS","15",",a","6",",a","2",",a","19630519",",,a","53.6",",,a,19,","152.4",",,,a"
"ASN00055164","1963-06","-31.1805","151.3031","690.0","WEABONGA STONELEIGH, AS","13",",a","7",",a","1",",a","19630605",",,a","30.5",",,a,05,","103.4",",,,a"
"ASN00055164","1963-07","-31.1805","151.3031","690.0","WEABONGA STONELEIGH, AS","15",",a","6",",a","0",",a","19630714",",,a","17.3",",,a,14,","61.5",",,,a"
"ASN00055164","1963-08","-31.1805","151.3031","690.0","WEABONGA STONELEIGH, AS","9",",a","7",",a","0",",a","19630825",",,a","22.9",",,a,25,","85.0",",,,a"
"ASN00055164","1963-09","-31.1805","151.3031","690.0","WEABONGA STONELEIGH, AS","4",",a","4",",a","0",",a","19630927",",,a","18.5",",,a,27,","28.9",",,,a"
"ASN00055164","1963-10","-31.1805","151.3031","690.0","WEABONGA STONELEIGH, AS","5",",a","5",",a","0",",a","19631014",",,a","22.9",",,a,14,","49.5",",,,a"
"ASN00055164","1963-11","-31.1805","151.3031","690.0","WEABONGA STONELEIGH, AS","11",",a","9",",a","0",",a","19631124",",,a","20.8",",,a,24,","98.7",",,,a"
"ASN00055164","1963-12","-31.1805","151.3031","690.0","WEABONGA STONELEIGH, AS","9",",a","9",",a","1",",a","19631210",",,a","34.5",",,a,10,","107.0",",,,a"
"ASN00055164","1964-01","-31.1805","151.3031","690.0","WEABONGA STONELEIGH, AS","5",",a","4",",a","1",",a","19640114",",,a","107.2",",,a,14,","150.9",",,,a"
"ASN00055164","1964-02","-31.1805","151.3031","690.0","WEABONGA STONELEIGH, AS","1",",a","1",",a","0",",a","19640228",",,a","3.8",",,a,28,","3.8",",,,a"
"ASN00055164","1964-03","-31.1805","151.3031","690.0","WEABONGA STONELEIGH, AS","6",",a","5",",a","1",",a","19640307",",,a","48.3",",,a,07,","86.0",",,,a"
"ASN00055164","1964-04","-31.1805","151.3031","690.0","WEABONGA STONELEIGH, AS","7",",a","5",",a","1",",a","19640422",",,a","87.4",",,a,22,","118.3",",,,a"
"ASN00055164","1964-05","-31.1805","151.3031","690.0","WEABONGA STONELEIGH, AS","4",",a","2",",a","0",",a","19640531",",,a","21.6",",,a,31,","37.8",",,,a"
"ASN00055164","1964-06","-31.1805","151.3031","690.0","WEABONGA STONELEIGH, AS","9",",a","4",",a","0",",a","19640609",",,a","9.9",",,a,09,","40.0",",,,a"
"ASN00055164","1964-07","-31.1805","151.3031","690.0","WEABONGA STONELEIGH, AS","11",",a","7",",a","1",",a","19640703",",,a","33.3",",,a,03,","103.6",",,,a"
"ASN00055164","1964-08","-31.1805","151.3031","690.0","WEABONGA STONELEIGH, AS","4",",a","3",",a","1",",a","19640825",",,a","25.4",",,a,25,","42.7",",,,a"
"ASN00055164","1964-09","-31.1805","151.3031","690.0","WEABONGA STONELEIGH, AS","10",",a","7",",a","1",",a","19640929",",,a","30.0",",,a,29,","70.7",",,,a"
"ASN00055164","1964-10","-31.1805","151.3031","690.0","WEABONGA STONELEIGH, AS","11",",a","8",",a","1",",a","19641011",",,a","33.0",",,a,11,","117.6",",,,a"
"ASN00055164","1964-11","-31.1805","151.3031","690.0","WEABONGA STONELEIGH, AS","8",",a","6",",a","0",",a","19641123",",,a","24.1",",,a,23,","65.1",",,,a"
"ASN00055164","1964-12","-31.1805","151.3031","690.0","WEABONGA STONELEIGH, AS","8",",a","6",",a","0",",a","19641229","+,,a","15.2",",,a,29,+","55.6",",,,a"
"ASN00055164","1965-01","-31.1805","151.3031","690.0","WEABONGA STONELEIGH, AS","8",",a","5",",a","0",",a","19650125",",,a","15.2",",,a,25,","48.7",",,,a"
"ASN00055164","1965-02","-31.1805","151.3031","690.0","WEABONGA STONELEIGH, AS","4",",a","4",",a","0",",a","19650214",",,a","9.4",",,a,14,","18.3",",,,a"
"ASN00055164","1965-03","-31.1805","151.3031","690.0","WEABONGA STONELEIGH, AS","3",",a","3",",a","0",",a","19650313",",,a","4.6",",,a,13,","12.3",",,,a"
"ASN00055164","1965-04","-31.1805","151.3031","690.0","WEABONGA STONELEIGH, AS","3",",a","2",",a","1",",a","19650413",",,a","28.4",",,a,13,","36.6",",,,a"
"ASN00055164","1965-05","-31.1805","151.3031","690.0","WEABONGA STONELEIGH, AS","2",",a","1",",a","0",",a","19650514",",,a","7.1",",,a,14,","7.9",",,,a"
"ASN00055164","1965-06","-31.1805","151.3031","690.0","WEABONGA STONELEIGH, AS","4",",a","4",",a","0",",a","19650623",",,a","20.3",",,a,23,","48.3",",,,a"
"ASN00055164","1965-07","-31.1805","151.3031","690.0","WEABONGA STONELEIGH, AS","8",",a","4",",a","0",",a","19650704",",,a","5.8",",,a,04,","22.3",",,,a"
"ASN00055164","1965-08","-31.1805","151.3031","690.0","WEABONGA STONELEIGH, AS","7",",a","7",",a","0",",a","19650820",",,a","11.2",",,a,20,","38.9",",,,a"
"ASN00055164","1965-09","-31.1805","151.3031","690.0","WEABONGA STONELEIGH, AS","9",",a","4",",a","0",",a","19650917",",,a","5.3",",,a,17,","24.7",",,,a"
"ASN00055164","1965-10","-31.1805","151.3031","690.0","WEABONGA STONELEIGH, AS","6",",a","3",",a","1",",a","19651018",",,a","48.8",",,a,18,","74.0",",,,a"
"ASN00055164","1965-11","-31.1805","151.3031","690.0","WEABONGA STONELEIGH, AS","6",",a","4",",a","0",",a","19651110",",,a","15.2",",,a,10,","39.9",",,,a"
"ASN00055164","1965-12","-31.1805","151.3031","690.0","WEABONGA STONELEIGH, AS","8",",a","8",",a","2",",a","19651207",",,a","29.2",",,a,07,","147.8",",,,a"
"ASN00055164","1966-01","-31.1805","151.3031","690.0","WEABONGA STONELEIGH, AS","4",",a","4",",a","0",",a","19660111",",,a","8.9",",,a,11,","19.5",",,,a"
"ASN00055164","1966-02","-31.1805","151.3031","690.0","WEABONGA STONELEIGH, AS","5",",a","1",",a","0",",a","19660217",",,a","11.4",",,a,17,","13.7",",,,a"
"ASN00055164","1966-03","-31.1805","151.3031","690.0","WEABONGA STONELEIGH, AS","7",",a","4",",a","1",",a","19660309",",,a","34.5",",,a,09,","64.3",",,,a"
"ASN00055164","1966-04","-31.1805","151.3031","690.0","WEABONGA STONELEIGH, AS","3",",a","2",",a","0",",a","19660430",",,a","2.8",",,a,30,","7.3",",,,a"
"ASN00055164","1966-05","-31.1805","151.3031","690.0","WEABONGA STONELEIGH, AS","3",",a","3",",a","0",",a","19660521",",,a","20.6",",,a,21,","40.4",",,,a"
"ASN00055164","1966-06","-31.1805","151.3031","690.0","WEABONGA STONELEIGH, AS","6",",a","5",",a","1",",a","19660601",",,a","27.2",",,a,01,","54.5",",,,a"
"ASN00055164","1966-07","-31.1805","151.3031","690.0","WEABONGA STONELEIGH, AS","6",",a","3",",a","0",",a","19660703",",,a","11.7",",,a,03,","26.2",",,,a"
"ASN00055164","1966-08","-31.1805","151.3031","690.0","WEABONGA STONELEIGH, AS","7",",a","5",",a","1",",a","19660820",",,a","26.2",",,a,20,","86.5",",,,a"
"ASN00055164","1966-09","-31.1805","151.3031","690.0","WEABONGA STONELEIGH, AS","8",",a","4",",a","0",",a","19660916",",,a","11.4",",,a,16,","35.6",",,,a"
"ASN00055164","1966-10","-31.1805","151.3031","690.0","WEABONGA STONELEIGH, AS","10",",a","8",",a","0",",a","19661014",",,a","24.4",",,a,14,","78.3",",,,a"
"ASN00055164","1966-11","-31.1805","151.3031","690.0","WEABONGA STONELEIGH, AS","11",",a","10",",a","3",",a","19661101",",,a","60.7",",,a,01,","169.2",",,,a"
"ASN00055164","1966-12","-31.1805","151.3031","690.0","WEABONGA STONELEIGH, AS","10",",a","9",",a","1",",a","19661231",",,a","43.4",",,a,31,","118.7",",,,a"
"ASN00055164","1967-01","-31.1805","151.3031","690.0","WEABONGA STONELEIGH, AS","9",",a","7",",a","2",",a","19670104",",,a","57.9",",,a,04,","138.1",",,,a"
"ASN00055164","1967-02","-31.1805","151.3031","690.0","WEABONGA STONELEIGH, AS","6",",a","5",",a","0",",a","19670225",",,a","15.7",",,a,25,","29.1",",,,a"
"ASN00055164","1967-03","-31.1805","151.3031","690.0","WEABONGA STONELEIGH, AS","4",",a","3",",a","2",",a","19670309","+,,a","37.6",",,a,09,+","92.5",",,,a"
"ASN00055164","1967-04","-31.1805","151.3031","690.0","WEABONGA STONELEIGH, AS","2",",a","1",",a","0",",a","19670401",",,a","2.8",",,a,01,","4.6",",,,a"
"ASN00055164","1967-05","-31.1805","151.3031","690.0","WEABONGA STONELEIGH, AS","5",",a","3",",a","1",",a","19670521",",,a","33.3",",,a,21,","47.3",",,,a"
"ASN00055164","1967-06","-31.1805","151.3031","690.0","WEABONGA STONELEIGH, AS","14",",a","5",",a","0",",a","19670615",",,a","18.8",",,a,15,","48.5",",,,a"
"ASN00055164","1967-07","-31.1805","151.3031","690.0","WEABONGA STONELEIGH, AS","3",",a","1",",a","0",",a","19670710",",,a","12.4",",,a,10,","15.7",",,,a"
"ASN00055164","1967-08","-31.1805","151.3031","690.0","WEABONGA STONELEIGH, AS","13",",a","9",",a","0",",a","19670806",",,a","22.9",",,a,06,","64.3",",,,a"
"ASN00055164","1967-09","-31.1805","151.3031","690.0","WEABONGA STONELEIGH, AS","6",",a","4",",a","0",",a","19670905",",,a","16.5",",,a,05,","40.6",",,,a"
"ASN00055164","1967-10","-31.1805","151.3031","690.0","WEABONGA STONELEIGH, AS","14",",a","9",",a","2",",a","19671014",",,a","43.4",",,a,14,","141.6",",,,a"
"ASN00055164","1967-11","-31.1805","151.3031","690.0","WEABONGA STONELEIGH, AS","3",",a","2",",a","0",",a","19671106",",,a","5.3",",,a,06,","10.4",",,,a"
"ASN00055164","1967-12","-31.1805","151.3031","690.0","WEABONGA STONELEIGH, AS","5",",a","3",",a","1",",a","19671203",",,a","41.9",",,a,03,","82.3",",,,a"
"ASN00055164","1968-01","-31.1805","151.3031","690.0","WEABONGA STONELEIGH, AS","13",",a","9",",a","2",",a","19680112",",,a","69.9",",,a,12,","170.5",",,,a"
"ASN00055164","1968-02","-31.1805","151.3031","690.0","WEABONGA STONELEIGH, AS","4",",a","2",",a","0",",a","19680212",",,a","14.0",",,a,12,","19.3",",,,a"
"ASN00055164","1968-03","-31.1805","151.3031","690.0","WEABONGA STONELEIGH, AS","14",",a","7",",a","1",",a","19680303",",,a","31.2",",,a,03,","74.0",",,,a"
"ASN00055164","1968-04","-31.1805","151.3031","690.0","WEABONGA STONELEIGH, AS","3",",a","1",",a","0",",a","19680417",",,a","2.5",",,a,17,","5.8",",,,a"
"ASN00055164","1968-05","-31.1805","151.3031","690.0","WEABONGA STONELEIGH, AS","14",",a","12",",a","2",",a","19680513",",,a","49.3",",,a,13,","143.7",",,,a"
"ASN00055164","1968-06","-31.1805","151.3031","690.0","WEABONGA STONELEIGH, AS","4",",a","2",",a","0",",a","19680629",",,a","9.1",",,a,29,","14.6",",,,a"
"ASN00055164","1968-07","-31.1805","151.3031","690.0","WEABONGA STONELEIGH, AS","9",",a","5",",a","0",",a","19680719",",,a","22.9",",,a,19,","68.9",",,,a"
"ASN00055164","1968-08","-31.1805","151.3031","690.0","WEABONGA STONELEIGH, AS","13",",a","10",",a","3",",a","19680829",",,a","38.4",",,a,29,","150.8",",,,a"
"ASN00055164","1968-09","-31.1805","151.3031","690.0","WEABONGA STONELEIGH, AS","7",",a","6",",a","1",",a","19680930",",,a","30.7",",,a,30,","68.0",",,,a"
"ASN00055164","1968-10","-31.1805","151.3031","690.0","WEABONGA STONELEIGH, AS","5",",a","3",",a","1",",a","19681025",",,a","25.4",",,a,25,","47.5",",,,a"
"ASN00055164","1968-11","-31.1805","151.3031","690.0","WEABONGA STONELEIGH, AS","6",",a","2",",a","1",",a","19681107",",,a","37.6",",,a,07,","57.1",",,,a"
"ASN00055164","1968-12","-31.1805","151.3031","690.0","WEABONGA STONELEIGH, AS","8",",a","5",",a","2",",a","19681205",",,a","32.8",",,a,05,","98.3",",,,a"
"ASN00055164","1969-01","-31.1805","151.3031","690.0","WEABONGA STONELEIGH, AS","7",",a","6",",a","2",",a","19690103",",,a","34.5",",,a,03,","122.4",",,,a"
"ASN00055164","1969-02","-31.1805","151.3031","690.0","WEABONGA STONELEIGH, AS","5",",a","5",",a","2",",a","19690210",",,a","32.5",",,a,10,","102.2",",,,a"
"ASN00055164","1969-03","-31.1805","151.3031","690.0","WEABONGA STONELEIGH, AS","4",",a","4",",a","1",",a","19690319",",,a","48.3",",,a,19,","73.7",",,,a"
"ASN00055164","1969-04","-31.1805","151.3031","690.0","WEABONGA STONELEIGH, AS","7",",a","5",",a","1",",a","19690416",",,a","34.3",",,a,16,","59.9",",,,a"
"ASN00055164","1969-05","-31.1805","151.3031","690.0","WEABONGA STONELEIGH, AS","9",",a","7",",a","1",",a","19690512",",,a","34.5",",,a,12,","76.7",",,,a"
"ASN00055164","1969-06","-31.1805","151.3031","690.0","WEABONGA STONELEIGH, AS","9",",a","5",",a","0",",a","19690621",",,a","23.1",",,a,21,","61.2",",,,a"
"ASN00055164","1969-07","-31.1805","151.3031","690.0","WEABONGA STONELEIGH, AS","5",",a","5",",a","1",",a","19690721",",,a","26.4",",,a,21,","60.4",",,,a"
"ASN00055164","1969-08","-31.1805","151.3031","690.0","WEABONGA STONELEIGH, AS","11",",a","5",",a","0",",a","19690825",",,a","18.0",",,a,25,","70.8",",,,a"
"ASN00055164","1969-09","-31.1805","151.3031","690.0","WEABONGA STONELEIGH, AS","13",",a","10",",a","0",",a","19690908",",,a","18.5",",,a,08,","69.5",",,,a"
"ASN00055164","1969-10","-31.1805","151.3031","690.0","WEABONGA STONELEIGH, AS","13",",a","6",",a","1",",a","19691030",",,a","33.3",",,a,30,","91.0",",,,a"
"ASN00055164","1969-11","-31.1805","151.3031","690.0","WEABONGA STONELEIGH, AS","8",",a","5",",a","1",",a","19691114",",,a","29.0",",,a,14,","65.9",",,,a"
"ASN00055164","1969-12","-31.1805","151.3031","690.0","WEABONGA STONELEIGH, AS","8",",a","6",",a","1",",a","19691223",",,a","29.0",",,a,23,","86.1",",,,a"
"ASN00055164","1970-01","-31.1805","151.3031","690.0","WEABONGA STONELEIGH, AS","16",",a","14",",a","3",",a","19700127",",,a","37.1",",,a,27,","252.9",",,,a"
"ASN00055164","1970-02","-31.1805","151.3031","690.0","WEABONGA STONELEIGH, AS","6",",a","5",",a","0",",a","19700224",",,a","24.1",",,a,24,","67.2",",,,a"
"ASN00055164","1970-03","-31.1805","151.3031","690.0","WEABONGA STONELEIGH, AS","6",",a","4",",a","0",",a","19700321",",,a","13.5",",,a,21,","33.1",",,,a"
"ASN00055164","1970-04","-31.1805","151.3031","690.0","WEABONGA STONELEIGH, AS","4",",a","4",",a","1",",a","19700424",",,a","37.8",",,a,24,","59.2",",,,a"
"ASN00055164","1970-05","-31.1805","151.3031","690.0","WEABONGA STONELEIGH, AS","3",",a","2",",a","0",",a","19700516",",,a","19.1",",,a,16,","27.8",",,,a"
"ASN00055164","1970-06","-31.1805","151.3031","690.0","WEABONGA STONELEIGH, AS","6",",a","3",",a","1",",a","19700623",",,a","26.9",",,a,23,","41.2",",,,a"
"ASN00055164","1970-07","-31.1805","151.3031","690.0","WEABONGA STONELEIGH, AS","3",",a","2",",a","0",",a","19700720",",,a","3.0",",,a,20,","7.1",",,,a"
"ASN00055164","1970-08","-31.1805","151.3031","690.0","WEABONGA STONELEIGH, AS","6",",a","6",",a","0",",a","19700811",",,a","8.6",",,a,11,","37.3",",,,a"
"ASN00055164","1970-09","-31.1805","151.3031","690.0","WEABONGA STONELEIGH, AS","15",",a","12",",a","2",",a","19700923",",,a","30.7",",,a,23,","160.8",",,,a"
"ASN00055164","1970-10","-31.1805","151.3031","690.0","WEABONGA STONELEIGH, AS","8",",a","6",",a","1",",a","19701021",",,a","35.6",",,a,21,","93.3",",,,a"
"ASN00055164","1970-11","-31.1805","151.3031","690.0","WEABONGA STONELEIGH, AS","10",",a","9",",a","0",",a","19701107",",,a","21.1",",,a,07,","106.2",",,,a"
"ASN00055164","1970-12","-31.1805","151.3031","690.0","WEABONGA STONELEIGH, AS","17",",a","14",",a","2",",a","19701209",",,a","39.6",",,a,09,","186.4",",,,a"
"ASN00055164","1971-01","-31.1805","151.3031","690.0","WEABONGA STONELEIGH, AS","14",",a","11",",a","4",",a","19710131",",,a","40.4",",,a,31,","224.9",",,,a"
"ASN00055164","1971-02","-31.1805","151.3031","690.0","WEABONGA STONELEIGH, AS","9",",a","6",",a","3",",a","19710206",",,a","36.3",",,a,06,","153.2",",,,a"
"ASN00055164","1971-03","-31.1805","151.3031","690.0","WEABONGA STONELEIGH, AS","1",",a","1",",a","0",",a","19710323",",,a","5.1",",,a,23,","5.1",",,,a"
"ASN00055164","1971-04","-31.1805","151.3031","690.0","WEABONGA STONELEIGH, AS","3",",a","1",",a","0",",a","19710418",",,a","8.1",",,a,18,","9.6",",,,a"
"ASN00055164","1971-05","-31.1805","151.3031","690.0","WEABONGA STONELEIGH, AS","6",",a","3",",a","0",",a","19710522",",,a","9.7",",,a,22,","27.0",",,,a"
"ASN00055164","1971-06","-31.1805","151.3031","690.0","WEABONGA STONELEIGH, AS","4",",a","2",",a","0",",a","19710603",",,a","7.6",",,a,03,","13.7",",,,a"
"ASN00055164","1971-07","-31.1805","151.3031","690.0","WEABONGA STONELEIGH, AS","9",",a","6",",a","0",",a","19710716",",,a","17.8",",,a,16,","56.7",",,,a"
"ASN00055164","1971-08","-31.1805","151.3031","690.0","WEABONGA STONELEIGH, AS","10",",a","7",",a","2",",a","19710807",",,a","51.3",",,a,07,","135.4",",,,a"
"ASN00055164","1971-09","-31.1805","151.3031","690.0","WEABONGA STONELEIGH, AS","10",",a","9",",a","1",",a","19710926",",,a","36.1",",,a,26,","110.4",",,,a"
"ASN00055164","1971-10","-31.1805","151.3031","690.0","WEABONGA STONELEIGH, AS","9",",a","2",",a","0",",a","19711027",",,a","11.4",",,a,27,","23.1",",,,a"
"ASN00055164","1971-11","-31.1805","151.3031","690.0","WEABONGA STONELEIGH, AS","11",",a","8",",a","0",",a","19711129",",,a","8.9",",,a,29,","50.4",",,,a"
"ASN00055164","1971-12","-31.1805","151.3031","690.0","WEABONGA STONELEIGH, AS","11",",a","7",",a","1",",a","19711215",",,a","40.4",",,a,15,","138.1",",,,a"
"ASN00055164","1972-01","-31.1805","151.3031","690.0","WEABONGA STONELEIGH, AS","10",",a","8",",a","0",",a","19720113",",,a","22.9",",,a,13,","91.2",",,,a"
"ASN00055164","1972-02","-31.1805","151.3031","690.0","WEABONGA STONELEIGH, AS","6",",a","4",",a","0",",a","19720218",",,a","10.7",",,a,18,","30.4",",,,a"
"ASN00055164","1972-03","-31.1805","151.3031","690.0","WEABONGA STONELEIGH, AS","3",",a","2",",a","1",",a","19720322",",,a","30.2",",,a,22,","50.5",",,,a"
"ASN00055164","1972-04","-31.1805","151.3031","690.0","WEABONGA STONELEIGH, AS","4",",a","3",",a","0",",a","19720403",",,a","23.4",",,a,03,","45.3",",,,a"
"ASN00055164","1972-05","-31.1805","151.3031","690.0","WEABONGA STONELEIGH, AS","4",",a","2",",a","0",",a","19720512",",,a","18.8",",,a,12,","26.2",",,,a"
"ASN00055164","1972-06","-31.1805","151.3031","690.0","WEABONGA STONELEIGH, AS","2",",a","1",",a","0",",a","19720623",",,a","20.8",",,a,23,","21.6",",,,a"
"ASN00055164","1972-07","-31.1805","151.3031","690.0","WEABONGA STONELEIGH, AS","3",",a","1",",a","0",",a","19720708",",,a","5.8",",,a,08,","8.4",",,,a"
"ASN00055164","1972-08","-31.1805","151.3031","690.0","WEABONGA STONELEIGH, AS","14",",a","5",",a","0",",a","19720811",",,a","15.2",",,a,11,","40.5",",,,a"
"ASN00055164","1972-09","-31.1805","151.3031","690.0","WEABONGA STONELEIGH, AS","4",",a","4",",a","0",",a","19720908",",,a","12.7",",,a,08,","32.8",",,,a"
"ASN00055164","1972-10","-31.1805","151.3031","690.0","WEABONGA STONELEIGH, AS","14",",a","13",",a","2",",a","19721017",",,a","37.3",",,a,17,","172.2",",,,a"
"ASN00055164","1972-11","-31.1805","151.3031","690.0","WEABONGA STONELEIGH, AS","10",",a","10",",a","2",",a","19721127",",,a","43.2",",,a,27,","150.9",",,,a"
"ASN00055164","1972-12","-31.1805","151.3031","690.0","WEABONGA STONELEIGH, AS","7",",a","6",",a","1",",a","19721208",",,a","27.9",",,a,08,","73.1",",,,a"
"ASN00055164","1973-01","-31.1805","151.3031","690.0","WEABONGA STONELEIGH, AS","10",",a","9",",a","2",",a","19730113",",,a","49.5",",,a,13,","164.8",",,,a"
"ASN00055164","1973-02","-31.1805","151.3031","690.0","WEABONGA STONELEIGH, AS","10",",a","6",",a","0",",a","19730212",",,a","19.3",",,a,12,","76.9",",,,a"
"ASN00055164","1973-03","-31.1805","151.3031","690.0","WEABONGA STONELEIGH, AS","5",",a","3",",a","0",",a","19730331",",,a","8.1",",,a,31,","21.6",",,,a"
"ASN00055164","1973-04","-31.1805","151.3031","690.0","WEABONGA STONELEIGH, AS","5",",a","3",",a","0",",a","19730408",",,a","6.4",",,a,08,","15.8",",,,a"
"ASN00055164","1973-05","-31.1805","151.3031","690.0","WEABONGA STONELEIGH, AS","5",",a","3",",a","1",",a","19730502",",,a","25.7",",,a,02,","50.1",",,,a"
"ASN00055164","1973-06","-31.1805","151.3031","690.0","WEABONGA STONELEIGH, AS","9",",a","8",",a","0",",a","19730613",",,a","24.9",",,a,13,","87.9",",,,a"
"ASN00055164","1973-07","-31.1805","151.3031","690.0","WEABONGA STONELEIGH, AS","7",",a","4",",a","0",",a","19730718",",,a","19.1",",,a,18,","47.5",",,,a"
"ASN00055164","1973-08","-31.1805","151.3031","690.0","WEABONGA STONELEIGH, AS","12",",a","7",",a","0",",a","19730817",",,a","20.1",",,a,17,","76.2",",,,a"
"ASN00055164","1973-09","-31.1805","151.3031","690.0","WEABONGA STONELEIGH, AS","8",",a","7",",a","0",",a","19730924",",,a","22.6",",,a,24,","59.2",",,,a"
"ASN00055164","1973-10","-31.1805","151.3031","690.0","WEABONGA STONELEIGH, AS","10",",a","7",",a","2",",a","19731010",",,a","41.4",",,a,10,","115.4",",,,a"
"ASN00055164","1973-11","-31.1805","151.3031","690.0","WEABONGA STONELEIGH, AS","10",",a","10",",a","2",",a","19731128",",,a","26.4",",,a,28,","126.6",",,,a"
"ASN00055164","1973-12","-31.1805","151.3031","690.0","WEABONGA STONELEIGH, AS","9",",a","8",",a","0",",a","19731219",",,a","20.1",",,a,19,","104.2",",,,a"
"ASN00055164","1974-01","-31.1805","151.3031","690.0","WEABONGA STONELEIGH, AS","10",",a","6",",a","1",",a","19740108",",,a","62.2",",,a,08,","121.4",",,,a"
"ASN00055164","1974-02","-31.1805","151.3031","690.0","WEABONGA STONELEIGH, AS","3",",a","1",",a","0",",a","19740221",",,a","3.0",",,a,21,","6.0",",,,a"
"ASN00055164","1974-03","-31.1805","151.3031","690.0","WEABONGA STONELEIGH, AS","7",",a","4",",a","1",",a","19740325",",,a","39.4",",,a,25,","67.6",",,,a"
"ASN00055164","1974-04","-31.1805","151.3031","690.0","WEABONGA STONELEIGH, AS","12",",a","10",",a","0",",a","19740412",",,a","14.0",",,a,12,","65.2",",,,a"
"ASN00055164","1974-05","-31.1805","151.3031","690.0","WEABONGA STONELEIGH, AS","8",",a","4",",a","0",",a","19740517",",,a","24.2",",,a,17,","53.0",",,,a"
"ASN00055164","1974-06","-31.1805","151.3031","690.0","WEABONGA STONELEIGH, AS","8",",a","6",",a","0",",a","19740630",",,a","8.2",",,a,30,","31.6",",,,a"
"ASN00055164","1974-07","-31.1805","151.3031","690.0","WEABONGA STONELEIGH, AS","12",",a","8",",a","0",",a","19740708",",,a","16.8",",,a,08,","62.8",",,,a"
"ASN00055164","1974-08","-31.1805","151.3031","690.0","WEABONGA STONELEIGH, AS","8",",a","6",",a","1",",a","19740827",",,a","30.0",",,a,27,","77.8",",,,a"
"ASN00055164","1974-09","-31.1805","151.3031","690.0","WEABONGA STONELEIGH, AS","9",",a","4",",a","0",",a","19740906",",,a","15.2",",,a,06,","56.0",",,,a"
"ASN00055164","1974-10","-31.1805","151.3031","690.0","WEABONGA STONELEIGH, AS","11",",a","10",",a","0",",a","19741011",",,a","17.6",",,a,11,","82.8",",,,a"
"ASN00055164","1974-11","-31.1805","151.3031","690.0","WEABONGA STONELEIGH, AS","8",",a","6",",a","0",",a","19741102",",,a","18.0",",,a,02,","66.2",",,,a"
"ASN00055164","1974-12","-31.1805","151.3031","690.0","WEABONGA STONELEIGH, AS","2",",a","1",",a","0",",a","19741210",",,a","5.2",",,a,10,","5.8",",,,a"
"ASN00055164","1975-01","-31.1805","151.3031","690.0","WEABONGA STONELEIGH, AS","8",",a","7",",a","2",",a","19750105",",,a","29.6",",,a,05,","109.0",",,,a"
"ASN00055164","1975-02","-31.1805","151.3031","690.0","WEABONGA STONELEIGH, AS","9",",a","9",",a","2",",a","19750214",",,a","39.0",",,a,14,","153.0",",,,a"
"ASN00055164","1975-03","-31.1805","151.3031","690.0","WEABONGA STONELEIGH, AS","5",",a","5",",a","1",",a","19750320",",,a","35.6",",,a,20,","89.4",",,,a"
"ASN00055164","1975-04","-31.1805","151.3031","690.0","WEABONGA STONELEIGH, AS","2","3,a","2","3,a","0","3,a","19750401",",3,a","9.0","3,,a,01,","17.4",",a,,a"
"ASN00055164","1975-05","-31.1805","151.3031","690.0","WEABONGA STONELEIGH, AS","4",",a","2",",a","0",",a","19750515",",,a","3.2",",,a,15,","10.8",",,,a"
"ASN00055164","1975-06","-31.1805","151.3031","690.0","WEABONGA STONELEIGH, AS","11",",a","8",",a","2",",a","19750622",",,a","43.0",",,a,22,","143.2",",,,a"
"ASN00055164","1975-07","-31.1805","151.3031","690.0","WEABONGA STONELEIGH, AS","6",",a","6",",a","0",",a","19750704",",,a","8.0",",,a,04,","29.8",",,,a"
"ASN00055164","1975-08","-31.1805","151.3031","690.0","WEABONGA STONELEIGH, AS","11",",a","9",",a","0",",a","19750812",",,a","15.6",",,a,12,","73.0",",,,a"
"ASN00055164","1975-09","-31.1805","151.3031","690.0","WEABONGA STONELEIGH, AS","7",",a","3",",a","0",",a","19750919",",,a","17.8",",,a,19,","35.6",",,,a"
"ASN00055164","1975-10","-31.1805","151.3031","690.0","WEABONGA STONELEIGH, AS","11",",a","7",",a","1",",a","19751020",",,a","32.4",",,a,20,","104.2",",,,a"
"ASN00055164","1975-11","-31.1805","151.3031","690.0","WEABONGA STONELEIGH, AS","9",",a","5",",a","0",",a","19751101",",,a","16.4",",,a,01,","52.0",",,,a"
"ASN00055164","1975-12","-31.1805","151.3031","690.0","WEABONGA STONELEIGH, AS","10",",a","7",",a","1",",a","19751220",",,a","25.4",",,a,20,","77.6",",,,a"
"ASN00055164","1976-01","-31.1805","151.3031","690.0","WEABONGA STONELEIGH, AS","8",",a","8",",a","5",",a","19760114",",,a","79.2",",,a,14,","251.0",",,,a"
"ASN00055164","1976-02","-31.1805","151.3031","690.0","WEABONGA STONELEIGH, AS","14",",a","9",",a","1",",a","19760211",",,a","28.8",",,a,11,","123.2",",,,a"
"ASN00055164","1976-03","-31.1805","151.3031","690.0","WEABONGA STONELEIGH, AS","7",",a","4",",a","0",",a","19760321",",,a","10.6",",,a,21,","32.6",",,,a"
"ASN00055164","1976-04","-31.1805","151.3031","690.0","WEABONGA STONELEIGH, AS","2",",a","1",",a","0",",a","19760406",",,a","15.8",",,a,06,","16.8",",,,a"
"ASN00055164","1976-05","-31.1805","151.3031","690.0","WEABONGA STONELEIGH, AS","5",",a","5",",a","0",",a","19760518",",,a","8.0",",,a,18,","25.6",",,,a"
"ASN00055164","1976-06","-31.1805","151.3031","690.0","WEABONGA STONELEIGH, AS","7",",a","5",",a","0",",a","19760620",",,a","17.0",",,a,20,","37.4",",,,a"
"ASN00055164","1976-07","-31.1805","151.3031","690.0","WEABONGA STONELEIGH, AS","7",",a","5",",a","1",",a","19760714",",,a","38.0",",,a,14,","84.0",",,,a"
"ASN00055164","1976-08","-31.1805","151.3031","690.0","WEABONGA STONELEIGH, AS","5",",a","5",",a","0",",a","19760814",",,a","14.2",",,a,14,","34.6",",,,a"
"ASN00055164","1976-09","-31.1805","151.3031","690.0","WEABONGA STONELEIGH, AS","7",",a","4",",a","1",",a","19760902",",,a","27.8",",,a,02,","62.4",",,,a"
"ASN00055164","1976-10","-31.1805","151.3031","690.0","WEABONGA STONELEIGH, AS","14",",a","11",",a","0",",a","19761014",",,a","24.6",",,a,14,","107.0",",,,a"
"ASN00055164","1976-11","-31.1805","151.3031","690.0","WEABONGA STONELEIGH, AS","12",",a","8",",a","0",",a","19761111",",,a","14.8",",,a,11,","89.0",",,,a"
"ASN00055164","1976-12","-31.1805","151.3031","690.0","WEABONGA STONELEIGH, AS","6",",a","5",",a","0",",a","19761216",",,a","16.2",",,a,16,","49.4",",,,a"
"ASN00055164","1977-01","-31.1805","151.3031","690.0","WEABONGA STONELEIGH, AS","12",",a","10",",a","0",",a","19770112",",,a","25.0",",,a,12,","135.2",",,,a"
"ASN00055164","1977-02","-31.1805","151.3031","690.0","WEABONGA STONELEIGH, AS","8",",a","6",",a","2",",a","19770223",",,a","76.2",",,a,23,","206.8",",,,a"
"ASN00055164","1977-03","-31.1805","151.3031","690.0","WEABONGA STONELEIGH, AS","10",",a","5",",a","1",",a","19770306",",,a","42.6",",,a,06,","91.8",",,,a"
"ASN00055164","1977-04","-31.1805","151.3031","690.0","WEABONGA STONELEIGH, AS","3",",a","3",",a","1",",a","19770407",",,a","92.2",",,a,07,","113.2",",,,a"
"ASN00055164","1977-05","-31.1805","151.3031","690.0","WEABONGA STONELEIGH, AS","10",",a","8",",a","1",",a","19770515",",,a","40.2",",,a,15,","155.2",",,,a"
"ASN00055164","1977-06","-31.1805","151.3031","690.0","WEABONGA STONELEIGH, AS","9",",a","6",",a","0",",a","19770624",",,a","20.6",",,a,24,","80.0",",,,a"
"ASN00055164","1977-07","-31.1805","151.3031","690.0","WEABONGA STONELEIGH, AS","3",",a","2",",a","0",",a","19770701",",,a","12.8",",,a,01,","17.8",",,,a"
"ASN00055164","1977-08","-31.1805","151.3031","690.0","WEABONGA STONELEIGH, AS","1",",a","1",",a","0",",a","19770813",",,a","22.8",",,a,13,","22.8",",,,a"
"ASN00055164","1977-09","-31.1805","151.3031","690.0","WEABONGA STONELEIGH, AS","8",",a","6",",a","0",",a","19770907",",,a","18.0",",,a,07,","55.0",",,,a"
"ASN00055164","1977-10","-31.1805","151.3031","690.0","WEABONGA STONELEIGH, AS","5",",a","3",",a","0",",a","19771017",",,a","13.6",",,a,17,","28.0",",,,a"
"ASN00055164","1977-11","-31.1805","151.3031","690.0","WEABONGA STONELEIGH, AS","8",",a","7",",a","1",",a","19771125",",,a","31.0",",,a,25,","107.6",",,,a"
"ASN00055164","1977-12","-31.1805","151.3031","690.0","WEABONGA STONELEIGH, AS","7",",a","4",",a","0",",a","19771202",",,a","15.0",",,a,02,","46.8",",,,a"
"ASN00055164","1978-01","-31.1805","151.3031","690.0","WEABONGA STONELEIGH, AS","17",",a","12",",a","2",",a","19780131",",,a","30.6",",,a,31,","195.8",",,,a"
"ASN00055164","1978-02","-31.1805","151.3031","690.0","WEABONGA STONELEIGH, AS","4",",a","3",",a","2",",a","19780222",",,a","35.6",",,a,22,","67.0",",,,a"
"ASN00055164","1978-03","-31.1805","151.3031","690.0","WEABONGA STONELEIGH, AS","9",",a","7",",a","1",",a","19780320",",,a","33.8",",,a,20,","77.6",",,,a"
"ASN00055164","1978-04","-31.1805","151.3031","690.0","WEABONGA STONELEIGH, AS","4",",a","2",",a","0",",a","19780401",",,a","10.2",",,a,01,","15.6",",,,a"
"ASN00055164","1978-05","-31.1805","151.3031","690.0","WEABONGA STONELEIGH, AS","8",",a","6",",a","1",",a","19780511",",,a","32.8",",,a,11,","92.2",",,,a"
"ASN00055164","1978-06","-31.1805","151.3031","690.0","WEABONGA STONELEIGH, AS","15",",a","11",",a","1",",a","19780601",",,a","37.2",",,a,01,","105.3",",,,a"
"ASN00055164","1978-07","-31.1805","151.3031","690.0","WEABONGA STONELEIGH, AS","12",",a","8",",a","1",",a","19780709",",,a","38.0",",,a,09,","110.6",",,,a"
"ASN00055164","1978-08","-31.1805","151.3031","690.0","WEABONGA STONELEIGH, AS","7",",a","3",",a","0",",a","19780808",",,a","19.4",",,a,08,","37.4",",,,a"
"ASN00055164","1978-09","-31.1805","151.3031","690.0","WEABONGA STONELEIGH, AS","11",",a","8",",a","0",",a","19780913",",,a","22.4",",,a,13,","89.4",",,,a"
"ASN00055164","1978-10","-31.1805","151.3031","690.0","WEABONGA STONELEIGH, AS","8",",a","3",",a","0",",a","19781030",",,a","17.8",",,a,30,","46.6",",,,a"
"ASN00055164","1978-11","-31.1805","151.3031","690.0","WEABONGA STONELEIGH, AS","11",",a","7",",a","1",",a","19781102",",,a","32.8",",,a,02,","91.0",",,,a"
"ASN00055164","1978-12","-31.1805","151.3031","690.0","WEABONGA STONELEIGH, AS","8",",a","7",",a","1",",a","19781223",",,a","31.4",",,a,23,","87.2",",,,a"
"ASN00055164","1979-01","-31.1805","151.3031","690.0","WEABONGA STONELEIGH, AS","5",",a","4",",a","0",",a","19790118",",,a","20.4",",,a,18,","56.4",",,,a"
"ASN00055164","1979-02","-31.1805","151.3031","690.0","WEABONGA STONELEIGH, AS","1","3,a","0","3,a","0","3,a","19790206",",3,a","1.2","3,,a,06,","12.4",",a,,a"
"ASN00055164","1979-03","-31.1805","151.3031","690.0","WEABONGA STONELEIGH, AS","10",",a","9",",a","1",",a","19790304",",,a","25.4",",,a,04,","104.8",",,,a"
"ASN00055164","1979-04","-31.1805","151.3031","690.0","WEABONGA STONELEIGH, AS","8",",a","4",",a","0",",a","19790426",",,a","14.0",",,a,26,","38.2",",,,a"
"ASN00055164","1979-05","-31.1805","151.3031","690.0","WEABONGA STONELEIGH, AS","6",",a","5",",a","0",",a","19790507",",,a","17.6",",,a,07,","62.2",",,,a"
"ASN00055164","1979-06","-31.1805","151.3031","690.0","WEABONGA STONELEIGH, AS","6",",a","4",",a","0",",a","19790620",",,a","19.2",",,a,20,","55.4",",,,a"
"ASN00055164","1979-07","-31.1805","151.3031","690.0","WEABONGA STONELEIGH, AS","3",",a","2",",a","0",",a","19790727",",,a","7.0",",,a,27,","13.4",",,,a"
"ASN00055164","1979-08","-31.1805","151.3031","690.0","WEABONGA STONELEIGH, AS","7",",a","5",",a","0",",a","19790807",",,a","24.2",",,a,07,","57.8",",,,a"
"ASN00055164","1979-09","-31.1805","151.3031","690.0","WEABONGA STONELEIGH, AS","7",",a","3",",a","2",",a","19790912",",,a","52.6",",,a,12,","113.6",",,,a"
"ASN00055164","1979-10","-31.1805","151.3031","690.0","WEABONGA STONELEIGH, AS","10",",a","7",",a","1",",a","19791025",",,a","25.6",",,a,25,","66.6",",,,a"
"ASN00055164","1979-11","-31.1805","151.3031","690.0","WEABONGA STONELEIGH, AS","14",",a","13",",a","2",",a","19791107",",,a","30.6",",,a,07,","141.4",",,,a"
"ASN00055164","1979-12","-31.1805","151.3031","690.0","WEABONGA STONELEIGH, AS","4",",a","4",",a","0",",a","19791227","+,,a","7.4",",,a,27,+","28.2",",,,a"
"ASN00055164","1980-01","-31.1805","151.3031","690.0","WEABONGA STONELEIGH, AS","7",",a","5",",a","1",",a","19800103",",,a","39.8",",,a,03,","64.8",",,,a"
"ASN00055164","1980-02","-31.1805","151.3031","690.0","WEABONGA STONELEIGH, AS","3",",a","3",",a","0",",a","19800209","+,,a","3.0",",,a,09,+","8.8",",,,a"
"ASN00055164","1980-03","-31.1805","151.3031","690.0","WEABONGA STONELEIGH, AS","2",",a","1",",a","1",",a","19800310",",,a","30.0",",,a,10,","30.8",",,,a"
"ASN00055164","1980-04","-31.1805","151.3031","690.0","WEABONGA STONELEIGH, AS","2",",a","0",",a","0",",a","19800426",",,a","2.4",",,a,26,","3.2",",,,a"
"ASN00055164","1980-05","-31.1805","151.3031","690.0","WEABONGA STONELEIGH, AS","7",",a","6",",a","0",",a","19800528",",,a","18.6",",,a,28,","63.2",",,,a"
"ASN00055164","1980-06","-31.1805","151.3031","690.0","WEABONGA STONELEIGH, AS","8",",a","7",",a","1",",a","19800628",",,a","33.4",",,a,28,","76.8",",,,a"
"ASN00055164","1980-07","-31.1805","151.3031","690.0","WEABONGA STONELEIGH, AS","6",",a","6",",a","0",",a","19800729",",,a","20.0",",,a,29,","70.2",",,,a"
"ASN00055164","1980-08","-31.1805","151.3031","690.0","WEABONGA STONELEIGH, AS","3",",a","2",",a","0",",a","19800821",",,a","13.0",",,a,21,","20.4",",,,a"
"ASN00055164","1980-09","-31.1805","151.3031","690.0","WEABONGA STONELEIGH, AS","1",",a","0",",a","0",",a","19800918",",,a","2.4",",,a,18,","2.4",",,,a"
"ASN00055164","1980-10","-31.1805","151.3031","690.0","WEABONGA STONELEIGH, AS","6",",a","4",",a","0",",a","19801018",",,a","20.4",",,a,18,","55.2",",,,a"
"ASN00055164","1980-11","-31.1805","151.3031","690.0","WEABONGA STONELEIGH, AS","3",",a","3",",a","0",",a","19801122",",,a","21.0",",,a,22,","32.8",",,,a"
"ASN00055164","1980-12","-31.1805","151.3031","690.0","WEABONGA STONELEIGH, AS","10",",a","8",",a","0",",a","19801203",",,a","11.0",",,a,03,","59.2",",,,a"
"ASN00055164","1981-01","-31.1805","151.3031","690.0","WEABONGA STONELEIGH, AS","5",",a","1",",a","0",",a","19810130",",,a","3.0",",,a,30,","8.8",",,,a"
"ASN00055164","1981-02","-31.1805","151.3031","690.0","WEABONGA STONELEIGH, AS","9",",a","7",",a","2",",a","19810219",",,a","45.4",",,a,19,","126.2",",,,a"
"ASN00055164","1981-03","-31.1805","151.3031","690.0","WEABONGA STONELEIGH, AS","0",",a","0",",a","0",",a","19810331","+,,a","0.0",",,a,31,+","0.0",",,,a"
"ASN00055164","1981-04","-31.1805","151.3031","690.0","WEABONGA STONELEIGH, AS","4",",a","2",",a","0",",a","19810404",",,a","15.0",",,a,04,","19.8",",,,a"
"ASN00055164","1981-05","-31.1805","151.3031","690.0","WEABONGA STONELEIGH, AS","8",",a","6",",a","1",",a","19810523",",,a","31.6",",,a,23,","80.2",",,,a"
"ASN00055164","1981-06","-31.1805","151.3031","690.0","WEABONGA STONELEIGH, AS","11",",a","9",",a","1",",a","19810601",",,a","31.6",",,a,01,","134.6",",,,a"
"ASN00055164","1981-07","-31.1805","151.3031","690.0","WEABONGA STONELEIGH, AS","7",",a","5",",a","1",",a","19810722",",,a","28.8",",,a,22,","107.0",",,,a"
"ASN00055164","1981-08","-31.1805","151.3031","690.0","WEABONGA STONELEIGH, AS","9",",a","4",",a","0",",a","19810828",",,a","9.8",",,a,28,","32.0",",,,a"
"ASN00055164","1981-09","-31.1805","151.3031","690.0","WEABONGA STONELEIGH, AS","5",",a","5",",a","1",",a","19810927",",,a","31.0",",,a,27,","46.0",",,,a"
"ASN00055164","1981-10","-31.1805","151.3031","690.0","WEABONGA STONELEIGH, AS","8",",a","6",",a","1",",a","19811004",",,a","30.0",",,a,04,","86.8",",,,a"
"ASN00055164","1981-11","-31.1805","151.3031","690.0","WEABONGA STONELEIGH, AS","12",",a","12",",a","2",",a","19811122",",,a","33.8",",,a,22,","136.0",",,,a"
"ASN00055164","1981-12","-31.1805","151.3031","690.0","WEABONGA STONELEIGH, AS","8",",a","7",",a","0",",a","19811224",",,a","24.3",",,a,24,","77.1",",,,a"
"ASN00055164","1982-01","-31.1805","151.3031","690.0","WEABONGA STONELEIGH, AS","6",",a","4",",a","0",",a","19820108",",,a","13.4",",,a,08,","44.4",",,,a"
"ASN00055164","1982-02","-31.1805","151.3031","690.0","WEABONGA STONELEIGH, AS","5",",a","4",",a","1",",a","19820201",",,a","27.6",",,a,01,","58.0",",,,a"
"ASN00055164","1982-03","-31.1805","151.3031","690.0","WEABONGA STONELEIGH, AS","10",",a","7",",a","2",",a","19820305",",,a","51.8",",,a,05,","154.6",",,,a"
"ASN00055164","1982-04","-31.1805","151.3031","690.0","WEABONGA STONELEIGH, AS","3",",a","3",",a","0",",a","19820404",",,a","7.8",",,a,04,","13.8",",,,a"
"ASN00055164","1982-05","-31.1805","151.3031","690.0","WEABONGA STONELEIGH, AS","2",",a","1",",a","0",",a","19820530",",,a","6.8",",,a,30,","7.2",",,,a"
"ASN00055164","1982-06","-31.1805","151.3031","690.0","WEABONGA STONELEIGH, AS","7",",a","3",",a","0",",a","19820622",",,a","8.2",",,a,22,","26.6",",,,a"
"ASN00055164","1982-07","-31.1805","151.3031","690.0","WEABONGA STONELEIGH, AS","4",",a","4",",a","0",",a","19820719",",,a","24.0",",,a,19,","45.0",",,,a"
"ASN00055164","1982-08","-31.1805","151.3031","690.0","WEABONGA STONELEIGH, AS","0",",a","0",",a","0",",a","19820831","+,,a","0.0",",,a,31,+","0.0",",,,a"
"ASN00055164","1982-09","-31.1805","151.3031","690.0","WEABONGA STONELEIGH, AS","6",",a","4",",a","1",",a","19820920",",,a","26.2",",,a,20,","38.8",",,,a"
"ASN00055164","1982-10","-31.1805","151.3031","690.0","WEABONGA STONELEIGH, AS","4",",a","2",",a","0",",a","19821010",",,a","22.8",",,a,10,","32.0",",,,a"
"ASN00055164","1982-11","-31.1805","151.3031","690.0","WEABONGA STONELEIGH, AS","3",",a","2",",a","0",",a","19821101",",,a","9.0",",,a,01,","16.6",",,,a"
"ASN00055164","1982-12","-31.1805","151.3031","690.0","WEABONGA STONELEIGH, AS","10",",a","8",",a","0",",a","19821231",",,a","17.2",",,a,31,","73.4",",,,a"
"ASN00055164","1983-01","-31.1805","151.3031","690.0","WEABONGA STONELEIGH, AS","9",",a","5",",a","0",",a","19830127",",,a","15.0",",,a,27,","50.4",",,,a"
"ASN00055164","1983-02","-31.1805","151.3031","690.0","WEABONGA STONELEIGH, AS","10",",a","9",",a","1",",a","19830214",",,a","25.6",",,a,14,","105.4",",,,a"
"ASN00055164","1983-03","-31.1805","151.3031","690.0","WEABONGA STONELEIGH, AS","5",",a","4",",a","0",",a","19830317",",,a","13.0",",,a,17,","34.8",",,,a"
"ASN00055164","1983-04","-31.1805","151.3031","690.0","WEABONGA STONELEIGH, AS","9",",a","9",",a","1",",a","19830413",",,a","29.4",",,a,13,","122.8",",,,a"
"ASN00055164","1983-05","-31.1805","151.3031","690.0","WEABONGA STONELEIGH, AS","10",",a","7",",a","2",",a","19830528",",,a","57.0",",,a,28,","146.2",",,,a"
"ASN00055164","1983-06","-31.1805","151.3031","690.0","WEABONGA STONELEIGH, AS","5",",a","2",",a","0",",a","19830619",",,a","16.4",",,a,19,","27.0",",,,a"
"ASN00055164","1983-07","-31.1805","151.3031","690.0","WEABONGA STONELEIGH, AS","11",",a","9",",a","0",",a","19830729",",,a","21.0",",,a,29,","76.4",",,,a"
"ASN00055164","1983-08","-31.1805","151.3031","690.0","WEABONGA STONELEIGH, AS","7",",a","5",",a","0",",a","19830827",",,a","22.4",",,a,27,","49.2",",,,a"
"ASN00055164","1983-09","-31.1805","151.3031","690.0","WEABONGA STONELEIGH, AS","9",",a","7",",a","0",",a","19830906",",,a","23.0",",,a,06,","83.6",",,,a"
"ASN00055164","1983-10","-31.1805","151.3031","690.0","WEABONGA STONELEIGH, AS","12",",a","10",",a","0",",a","19831006",",,a","21.6",",,a,06,","112.6",",,,a"
"ASN00055164","1983-11","-31.1805","151.3031","690.0","WEABONGA STONELEIGH, AS","10",",a","7",",a","1",",a","19831116",",,a","28.8",",,a,16,","79.8",",,,a"
"ASN00055164","1983-12","-31.1805","151.3031","690.0","WEABONGA STONELEIGH, AS","9",",a","6",",a","1",",a","19831227",",,a","37.4",",,a,27,","122.4",",,,a"
"ASN00055164","1984-01","-31.1805","151.3031","690.0","WEABONGA STONELEIGH, AS","16",",a","10",",a","5",",a","19840130",",,a","63.0",",,a,30,","273.5",",,,a"
"ASN00055164","1984-02","-31.1805","151.3031","690.0","WEABONGA STONELEIGH, AS","14",",a","12",",a","1",",a","19840222",",,a","66.8",",,a,22,","175.0",",,,a"
"ASN00055164","1984-03","-31.1805","151.3031","690.0","WEABONGA STONELEIGH, AS","7",",a","4",",a","1",",a","19840326",",,a","25.8",",,a,26,","55.4",",,,a"
"ASN00055164","1984-04","-31.1805","151.3031","690.0","WEABONGA STONELEIGH, AS","5",",a","5",",a","0",",a","19840421",",,a","20.0",",,a,21,","62.8",",,,a"
"ASN00055164","1984-05","-31.1805","151.3031","690.0","WEABONGA STONELEIGH, AS","3",",a","1",",a","0",",a","19840506",",,a","3.2",",,a,06,","5.6",",,,a"
"ASN00055164","1984-06","-31.1805","151.3031","690.0","WEABONGA STONELEIGH, AS","4",",a","2",",a","0",",a","19840629",",,a","6.2",",,a,29,","13.2",",,,a"
"ASN00055164","1984-07","-31.1805","151.3031","690.0","WEABONGA STONELEIGH, AS","17",",a","11",",a","2",",a","19840723",",,a","40.0",",,a,23,","182.4",",,,a"
"ASN00055164","1984-08","-31.1805","151.3031","690.0","WEABONGA STONELEIGH, AS","8",",a","5",",a","0",",a","19840811",",,a","15.6",",,a,11,","56.2",",,,a"
"ASN00055164","1984-09","-31.1805","151.3031","690.0","WEABONGA STONELEIGH, AS","8",",a","8",",a","0",",a","19840912",",,a","25.0",",,a,12,","100.0",",,,a"
"ASN00055164","1984-10","-31.1805","151.3031","690.0","WEABONGA STONELEIGH, AS","8",",a","6",",a","1",",a","19841030",",,a","38.0",",,a,30,","65.6",",,,a"
"ASN00055164","1984-11","-31.1805","151.3031","690.0","WEABONGA STONELEIGH, AS","10",",a","9",",a","3",",a","19841103",",,a","32.6",",,a,03,","153.4",",,,a"
"ASN00055164","1984-12","-31.1805","151.3031","690.0","WEABONGA STONELEIGH, AS","9",",a","9",",a","1",",a","19841211",",,a","51.2",",,a,11,","102.4",",,,a"
"ASN00055164","1985-01","-31.1805","151.3031","690.0","WEABONGA STONELEIGH, AS","6",",a","4",",a","0",",a","19850129",",,a","10.0",",,a,29,","26.2",",,,a"
"ASN00055164","1985-02","-31.1805","151.3031","690.0","WEABONGA STONELEIGH, AS","9",",a","8",",a","0",",a","19850223",",,a","15.2",",,a,23,","50.6",",,,a"
"ASN00055164","1985-03","-31.1805","151.3031","690.0","WEABONGA STONELEIGH, AS","4",",a","3",",a","0",",a","19850326",",,a","19.8",",,a,26,","37.0",",,,a"
"ASN00055164","1985-04","-31.1805","151.3031","690.0","WEABONGA STONELEIGH, AS","7",",a","6",",a","0",",a","19850404",",,a","20.4",",,a,04,","62.6",",,,a"
"ASN00055164","1985-05","-31.1805","151.3031","690.0","WEABONGA STONELEIGH, AS","8",",a","4",",a","1",",a","19850508",",,a","33.8",",,a,08,","50.0",",,,a"
"ASN00055164","1985-06","-31.1805","151.3031","690.0","WEABONGA STONELEIGH, AS","8",",a","6",",a","0",",a","19850605",",,a","14.4",",,a,05,","65.8",",,,a"
"ASN00055164","1985-07","-31.1805","151.3031","690.0","WEABONGA STONELEIGH, AS","3",",a","1",",a","0",",a","19850710",",,a","4.0",",,a,10,","7.0",",,,a"
"ASN00055164","1985-08","-31.1805","151.3031","690.0","WEABONGA STONELEIGH, AS","11",",a","8",",a","3",",a","19850806",",,a","46.6",",,a,06,","168.4",",,,a"
"ASN00055164","1985-09","-31.1805","151.3031","690.0","WEABONGA STONELEIGH, AS","12",",a","7",",a","1",",a","19850902",",,a","37.0",",,a,02,","100.2",",,,a"
"ASN00055164","1985-10","-31.1805","151.3031","690.0","WEABONGA STONELEIGH, AS","13",",a","9",",a","2",",a","19851013",",,a","37.4",",,a,13,","118.2",",,,a"
"ASN00055164","1985-11","-31.1805","151.3031","690.0","WEABONGA STONELEIGH, AS","10",",a","6",",a","0",",a","19851108",",,a","15.4",",,a,08,","57.8",",,,a"
"ASN00055164","1985-12","-31.1805","151.3031","690.0","WEABONGA STONELEIGH, AS","16",",a","10",",a","3",",a","19851205",",,a","53.6",",,a,05,","181.0",",,,a"
"ASN00055164","1986-01","-31.1805","151.3031","690.0","WEABONGA STONELEIGH, AS","8",",a","7",",a","0",",a","19860123",",,a","15.8",",,a,23,","48.6",",,,a"
"ASN00055164","1986-02","-31.1805","151.3031","690.0","WEABONGA STONELEIGH, AS","7",",a","6",",a","1",",a","19860212",",,a","55.6",",,a,12,","104.8",",,,a"
"ASN00055164","1986-03","-31.1805","151.3031","690.0","WEABONGA STONELEIGH, AS","3",",a","2",",a","0",",a","19860303",",,a","12.4",",,a,03,","24.4",",,,a"
"ASN00055164","1986-04","-31.1805","151.3031","690.0","WEABONGA STONELEIGH, AS","0",",a","0",",a","0",",a","19860430","+,,a","0.0",",,a,30,+","0.0",",,,a"
"ASN00055164","1986-05","-31.1805","151.3031","690.0","WEABONGA STONELEIGH, AS","6",",a","5",",a","0",",a","19860508",",,a","23.0",",,a,08,","63.0",",,,a"
"ASN00055164","1986-06","-31.1805","151.3031","690.0","WEABONGA STONELEIGH, AS","1",",a","1",",a","0",",a","19860619",",,a","6.2",",,a,19,","6.2",",,,a"
"ASN00055164","1986-07","-31.1805","151.3031","690.0","WEABONGA STONELEIGH, AS","12",",a","9",",a","3",",a","19860717",",,a","70.8",",,a,17,","230.6",",,,a"
"ASN00055164","1986-08","-31.1805","151.3031","690.0","WEABONGA STONELEIGH, AS","10",",a","7",",a","0",",a","19860806",",,a","19.4",",,a,06,","75.8",",,,a"
"ASN00055164","1986-09","-31.1805","151.3031","690.0","WEABONGA STONELEIGH, AS","7",",a","4",",a","1",",a","19860913",",,a","25.8",",,a,13,","69.6",",,,a"
"ASN00055164","1986-10","-31.1805","151.3031","690.0","WEABONGA STONELEIGH, AS","10",",a","6",",a","0",",a","19861002",",,a","18.2",",,a,02,","53.4",",,,a"
"ASN00055164","1986-11","-31.1805","151.3031","690.0","WEABONGA STONELEIGH, AS","10",",a","9",",a","0",",a","19861113",",,a","25.3",",,a,13,","109.9",",,,a"
"ASN00055164","1986-12","-31.1805","151.3031","690.0","WEABONGA STONELEIGH, AS","4",",a","3",",a","0",",a","19861217",",,a","6.8",",,a,17,","17.6",",,,a"
"ASN00055164","1987-01","-31.1805","151.3031","690.0","WEABONGA STONELEIGH, AS","12",",a","9",",a","0",",a","19870105",",,a","19.8",",,a,05,","101.4",",,,a"
"ASN00055164","1987-02","-31.1805","151.3031","690.0","WEABONGA STONELEIGH, AS","5",",a","3",",a","0",",a","19870222",",,a","19.0",",,a,22,","36.6",",,,a"
"ASN00055164","1987-03","-31.1805","151.3031","690.0","WEABONGA STONELEIGH, AS","12",",a","8",",a","1",",a","19870328",",,a","27.0",",,a,28,","101.8",",,,a"
"ASN00055164","1987-04","-31.1805","151.3031","690.0","WEABONGA STONELEIGH, AS","2",",a","1",",a","0",",a","19870430",",,a","8.2",",,a,30,","10.4",",,,a"
"ASN00055164","1987-05","-31.1805","151.3031","690.0","WEABONGA STONELEIGH, AS","10",",a","6",",a","2",",a","19870503",",,a","36.0",",,a,03,","104.2",",,,a"
"ASN00055164","1987-06","-31.1805","151.3031","690.0","WEABONGA STONELEIGH, AS","8",",a","5",",a","0",",a","19870622",",,a","25.0",",,a,22,","54.8",",,,a"
"ASN00055164","1987-07","-31.1805","151.3031","690.0","WEABONGA STONELEIGH, AS","3",",a","2",",a","0",",a","19870728",",,a","11.6",",,a,28,","20.4",",,,a"
"ASN00055164","1987-08","-31.1805","151.3031","690.0","WEABONGA STONELEIGH, AS","13",",a","11",",a","1",",a","19870803",",,a","25.4",",,a,03,","144.8",",,,a"
"ASN00055164","1987-09","-31.1805","151.3031","690.0","WEABONGA STONELEIGH, AS","4",",a","4",",a","0",",a","19870907",",,a","24.2",",,a,07,","49.8",",,,a"
"ASN00055164","1987-10","-31.1805","151.3031","690.0","WEABONGA STONELEIGH, AS","10",",a","8",",a","1",",a","19871017",",,a","44.0",",,a,17,","101.6",",,,a"
"ASN00055164","1987-11","-31.1805","151.3031","690.0","WEABONGA STONELEIGH, AS","8",",a","4",",a","0",",a","19871111",",,a","21.6",",,a,11,","61.0",",,,a"
"ASN00055164","1987-12","-31.1805","151.3031","690.0","WEABONGA STONELEIGH, AS","11",",a","10",",a","1",",a","19871202",",,a","27.8",",,a,02,","111.8",",,,a"
"ASN00055164","1988-01","-31.1805","151.3031","690.0","WEABONGA STONELEIGH, AS","9",",a","8",",a","3",",a","19880103",",,a","35.8",",,a,03,","151.6",",,,a"
"ASN00055164","1988-02","-31.1805","151.3031","690.0","WEABONGA STONELEIGH, AS","4",",a","4",",a","0",",a","19880208",",,a","23.8",",,a,08,","53.6",",,,a"
"ASN00055164","1988-03","-31.1805","151.3031","690.0","WEABONGA STONELEIGH, AS","1",",a","1",",a","0",",a","19880312",",,a","2.6",",,a,12,","2.6",",,,a"
"ASN00055164","1988-04","-31.1805","151.3031","690.0","WEABONGA STONELEIGH, AS","14",",a","8",",a","0",",a","19880412",",,a","22.8",",,a,12,","103.2",",,,a"
"ASN00055164","1988-05","-31.1805","151.3031","690.0","WEABONGA STONELEIGH, AS","9",",a","5",",a","1",",a","19880518",",,a","28.0",",,a,18,","59.0",",,,a"
"ASN00055164","1988-06","-31.1805","151.3031","690.0","WEABONGA STONELEIGH, AS","4",",a","3",",a","0",",a","19880605",",,a","7.0",",,a,05,","18.6",",,,a"
"ASN00055164","1988-07","-31.1805","151.3031","690.0","WEABONGA STONELEIGH, AS","6",",a","6",",a","0",",a","19880705",",,a","16.0",",,a,05,","69.6",",,,a"
"ASN00055164","1988-08","-31.1805","151.3031","690.0","WEABONGA STONELEIGH, AS","8",",a","7",",a","0",",a","19880824",",,a","13.0",",,a,24,","52.2",",,,a"
"ASN00055164","1988-09","-31.1805","151.3031","690.0","WEABONGA STONELEIGH, AS","12",",a","11",",a","1",",a","19880912",",,a","32.4",",,a,12,","113.6",",,,a"
"ASN00055164","1988-10","-31.1805","151.3031","690.0","WEABONGA STONELEIGH, AS","4",",a","3",",a","0",",a","19881006",",,a","13.0",",,a,06,","23.8",",,,a"
"ASN00055164","1988-11","-31.1805","151.3031","690.0","WEABONGA STONELEIGH, AS","6",",a","6",",a","1",",a","19881116",",,a","42.0",",,a,16,","87.2",",,,a"
"ASN00055164","1988-12","-31.1805","151.3031","690.0","WEABONGA STONELEIGH, AS","8",",a","7",",a","1",",a","19881212",",,a","40.0",",,a,12,","143.8",",,,a"
"ASN00055164","1989-01","-31.1805","151.3031","690.0","WEABONGA STONELEIGH, AS","6",",a","2",",a","0",",a","19890119",",,a","17.4",",,a,19,","29.8",",,,a"
"ASN00055164","1989-02","-31.1805","151.3031","690.0","WEABONGA STONELEIGH, AS","6",",a","4",",a","1",",a","19890204",",,a","33.6",",,a,04,","73.6",",,,a"
"ASN00055164","1989-03","-31.1805","151.3031","690.0","WEABONGA STONELEIGH, AS","6",",a","5",",a","1",",a","19890326",",,a","27.0",",,a,26,","70.8",",,,a"
"ASN00055164","1989-04","-31.1805","151.3031","690.0","WEABONGA STONELEIGH, AS","11",",a","5",",a","0",",a","19890413",",,a","17.6",",,a,13,","61.2",",,,a"
"ASN00055164","1989-05","-31.1805","151.3031","690.0","WEABONGA STONELEIGH, AS","10",",a","5",",a","0",",a","19890513",",,a","21.0",",,a,13,","55.8",",,,a"
"ASN00055164","1989-06","-31.1805","151.3031","690.0","WEABONGA STONELEIGH, AS","12",",a","10",",a","1",",a","19890606",",,a","36.6",",,a,06,","108.6",",,,a"
"ASN00055164","1989-07","-31.1805","151.3031","690.0","WEABONGA STONELEIGH, AS","10",",a","10",",a","2",",a","19890731",",,a","38.0",",,a,31,","146.4",",,,a"
"ASN00055164","1989-08","-31.1805","151.3031","690.0","WEABONGA STONELEIGH, AS","8",",a","5",",a","0",",a","19890805",",,a","11.2",",,a,05,","37.1",",,,a"
"ASN00055164","1989-09","-31.1805","151.3031","690.0","WEABONGA STONELEIGH, AS","6",",a","3",",a","0",",a","19890927",",,a","8.4",",,a,27,","24.2",",,,a"
"ASN00055164","1989-10","-31.1805","151.3031","690.0","WEABONGA STONELEIGH, AS","5",",a","3",",a","1",",a","19891027",",,a","34.4",",,a,27,","50.6",",,,a"
"ASN00055164","1989-11","-31.1805","151.3031","690.0","WEABONGA STONELEIGH, AS","13",",a","9",",a","0",",a","19891101",",,a","19.0",",,a,01,","81.4",",,,a"
"ASN00055164","1989-12","-31.1805","151.3031","690.0","WEABONGA STONELEIGH, AS","13",",a","9",",a","0",",a","19891214",",,a","17.2",",,a,14,","74.4",",,,a"
"ASN00055164","1990-01","-31.1805","151.3031","690.0","WEABONGA STONELEIGH, AS","5",",a","4",",a","1",",a","19900108",",,a","29.0",",,a,08,","62.4",",,,a"
"ASN00055164","1990-02","-31.1805","151.3031","690.0","WEABONGA STONELEIGH, AS","10",",a","7",",a","2",",a","19900204",",,a","57.0",",,a,04,","135.4",",,,a"
"ASN00055164","1990-03","-31.1805","151.3031","690.0","WEABONGA STONELEIGH, AS","6",",a","5",",a","0",",a","19900308",",,a","18.2",",,a,08,","47.8",",,,a"
"ASN00055164","1990-04","-31.1805","151.3031","690.0","WEABONGA STONELEIGH, AS","20",",a","14",",a","2",",a","19900421",",,a","35.8",",,a,21,","138.8",",,,a"
"ASN00055164","1990-05","-31.1805","151.3031","690.0","WEABONGA STONELEIGH, AS","12",",a","7",",a","0",",a","19900523",",,a","22.4",",,a,23,","67.8",",,,a"
"ASN00055164","1990-06","-31.1805","151.3031","690.0","WEABONGA STONELEIGH, AS","10",",a","7",",a","0",",a","19900625",",,a","19.8",",,a,25,","80.6",",,,a"
"ASN00055164","1990-07","-31.1805","151.3031","690.0","WEABONGA STONELEIGH, AS","12",",a","10",",a","0",",a","19900727",",,a","25.2",",,a,27,","87.2",",,,a"
"ASN00055164","1990-08","-31.1805","151.3031","690.0","WEABONGA STONELEIGH, AS","18",",a","12",",a","1",",a","19900804",",,a","63.6",",,a,04,","175.8",",,,a"
"ASN00055164","1990-09","-31.1805","151.3031","690.0","WEABONGA STONELEIGH, AS","6",",a","5",",a","0",",a","19900901",",,a","23.4",",,a,01,","60.0",",,,a"
"ASN00055164","1990-10","-31.1805","151.3031","690.0","WEABONGA STONELEIGH, AS","13",",a","10",",a","0",",a","19901020",",,a","14.4",",,a,20,","78.4",",,,a"
"ASN00055164","1990-11","-31.1805","151.3031","690.0","WEABONGA STONELEIGH, AS","4",",a","4",",a","0",",a","19901116",",,a","6.2",",,a,16,","20.2",",,,a"
"ASN00055164","1990-12","-31.1805","151.3031","690.0","WEABONGA STONELEIGH, AS","12",",a","7",",a","1",",a","19901210",",,a","25.4",",,a,10,","105.8",",,,a"
"ASN00055164","1991-01","-31.1805","151.3031","690.0","WEABONGA STONELEIGH, AS","13",",a","10",",a","3",",a","19910127",",,a","62.0",",,a,27,","243.4",",,,a"
"ASN00055164","1991-02","-31.1805","151.3031","690.0","WEABONGA STONELEIGH, AS","5",",a","4",",a","1",",a","19910207",",,a","39.4",",,a,07,","71.6",",,,a"
"ASN00055164","1991-03","-31.1805","151.3031","690.0","WEABONGA STONELEIGH, AS","6",",a","3",",a","0",",a","19910331",",,a","13.8",",,a,31,","32.8",",,,a"
"ASN00055164","1991-04","-31.1805","151.3031","690.0","WEABONGA STONELEIGH, AS","4",",a","2",",a","0",",a","19910426","+,,a","3.0",",,a,26,+","7.4",",,,a"
"ASN00055164","1991-05","-31.1805","151.3031","690.0","WEABONGA STONELEIGH, AS","11",",a","10",",a","0",",a","19910521",",,a","18.2",",,a,21,","68.2",",,,a"
"ASN00055164","1991-06","-31.1805","151.3031","690.0","WEABONGA STONELEIGH, AS","8",",a","3",",a","0",",a","19910608",",,a","13.8",",,a,08,","36.6",",,,a"
"ASN00055164","1991-07","-31.1805","151.3031","690.0","WEABONGA STONELEIGH, AS","10",",a","10",",a","0",",a","19910710",",,a","20.4",",,a,10,","85.4",",,,a"
"ASN00055164","1991-08","-31.1805","151.3031","690.0","WEABONGA STONELEIGH, AS","5",",a","1",",a","0",",a","19910824",",,a","3.4",",,a,24,","11.2",",,,a"
"ASN00055164","1991-09","-31.1805","151.3031","690.0","WEABONGA STONELEIGH, AS","7",",a","5",",a","0",",a","19910911",",,a","20.6",",,a,11,","39.2",",,,a"
"ASN00055164","1991-10","-31.1805","151.3031","690.0","WEABONGA STONELEIGH, AS","4",",a","2",",a","0",",a","19911022",",,a","10.6",",,a,22,","21.8",",,,a"
"ASN00055164","1991-11","-31.1805","151.3031","690.0","WEABONGA STONELEIGH, AS","6",",a","5",",a","1",",a","19911117",",,a","27.8",",,a,17,","66.0",",,,a"
"ASN00055164","1991-12","-31.1805","151.3031","690.0","WEABONGA STONELEIGH, AS","13",",a","9",",a","2",",a","19911231",",,a","37.6",",,a,31,","111.8",",,,a"
"ASN00055164","1992-01","-31.1805","151.3031","690.0","WEABONGA STONELEIGH, AS","10",",a","8",",a","1",",a","19920110",",,a","27.4",",,a,10,","101.4",",,,a"
"ASN00055164","1992-02","-31.1805","151.3031","690.0","WEABONGA STONELEIGH, AS","14",",a","8",",a","2",",a","19920204",",,a","67.0",",,a,04,","201.6",",,,a"
"ASN00055164","1992-03","-31.1805","151.3031","690.0","WEABONGA STONELEIGH, AS","1",",a","0",",a","0",",a","19920305",",,a","0.8",",,a,05,","1.0",",,,a"
"ASN00055164","1992-04","-31.1805","151.3031","690.0","WEABONGA STONELEIGH, AS","9",",a","6",",a","0",",a","19920428",",,a","11.8",",,a,28,","41.4",",,,a"
"ASN00055164","1992-05","-31.1805","151.3031","690.0","WEABONGA STONELEIGH, AS","9",",a","4",",a","0",",a","19920513",",,a","16.0",",,a,13,","33.2",",,,a"
"ASN00055164","1992-06","-31.1805","151.3031","690.0","WEABONGA STONELEIGH, AS","9",",a","3",",a","0",",a","19920626",",,a","12.6",",,a,26,","37.6",",,,a"
"ASN00055164","1992-07","-31.1805","151.3031","690.0","WEABONGA STONELEIGH, AS","7",",a","7",",a","0",",a","19920718",",,a","13.2",",,a,18,","57.0",",,,a"
"ASN00055164","1992-08","-31.1805","151.3031","690.0","WEABONGA STONELEIGH, AS","7",",a","6",",a","0",",a","19920807",",,a","20.2",",,a,07,","78.2",",,,a"
"ASN00055164","1992-09","-31.1805","151.3031","690.0","WEABONGA STONELEIGH, AS","12",",a","5",",a","0",",a","19920930",",,a","12.8",",,a,30,","57.0",",,,a"
"ASN00055164","1992-10","-31.1805","151.3031","690.0","WEABONGA STONELEIGH, AS","7",",a","5",",a","0",",a","19921005",",,a","25.2",",,a,05,","73.6",",,,a"
"ASN00055164","1992-11","-31.1805","151.3031","690.0","WEABONGA STONELEIGH, AS","17",",a","12",",a","1",",a","19921103",",,a","30.6",",,a,03,","127.8",",,,a"
"ASN00055164","1992-12","-31.1805","151.3031","690.0","WEABONGA STONELEIGH, AS","10",",a","6",",a","0",",a","19921214",",,a","24.2",",,a,14,","86.0",",,,a"
"ASN00055164","1993-01","-31.1805","151.3031","690.0","WEABONGA STONELEIGH, AS","9",",a","6",",a","0",",a","19930126",",,a","22.0",",,a,26,","81.4",",,,a"
"ASN00055164","1993-02","-31.1805","151.3031","690.0","WEABONGA STONELEIGH, AS","7",",a","5",",a","0",",a","19930222",",,a","24.2",",,a,22,","51.6",",,,a"
"ASN00055164","1993-03","-31.1805","151.3031","690.0","WEABONGA STONELEIGH, AS","6",",a","2",",a","0",",a","19930327",",,a","5.0",",,a,27,","14.2",",,,a"
"ASN00055164","1993-04","-31.1805","151.3031","690.0","WEABONGA STONELEIGH, AS","1",",a","0",",a","0",",a","19930415",",,a","1.4",",,a,15,","1.4",",,,a"
"ASN00055164","1993-05","-31.1805","151.3031","690.0","WEABONGA STONELEIGH, AS","6",",a","4",",a","0",",a","19930514",",,a","8.0",",,a,14,","29.4",",,,a"
"ASN00055164","1993-06","-31.1805","151.3031","690.0","WEABONGA STONELEIGH, AS","7",",a","4",",a","1",",a","19930602",",,a","40.4",",,a,02,","71.4",",,,a"
"ASN00055164","1993-07","-31.1805","151.3031","690.0","WEABONGA STONELEIGH, AS","9",",a","6",",a","1",",a","19930710",",,a","30.0",",,a,10,","84.4",",,,a"
"ASN00055164","1993-08","-31.1805","151.3031","690.0","WEABONGA STONELEIGH, AS","11",",a","6",",a","0",",a","19930802",",,a","21.4",",,a,02,","55.2",",,,a"
"ASN00055164","1993-09","-31.1805","151.3031","690.0","WEABONGA STONELEIGH, AS","10",",a","5",",a","0",",a","19930910",",,a","24.2",",,a,10,","48.4",",,,a"
"ASN00055164","1993-10","-31.1805","151.3031","690.0","WEABONGA STONELEIGH, AS","11",",a","9",",a","0",",a","19931019",",,a","24.6",",,a,19,","133.3",",,,a"
"ASN00055164","1993-11","-31.1805","151.3031","690.0","WEABONGA STONELEIGH, AS","8",",a","6",",a","0",",a","19931114",",,a","23.4",",,a,14,","85.4",",,,a"
"ASN00055164","1993-12","-31.1805","151.3031","690.0","WEABONGA STONELEIGH, AS","10",",a","8",",a","1",",a","19931208",",,a","33.2",",,a,08,","103.0",",,,a"
"ASN00055164","1994-01","-31.1805","151.3031","690.0","WEABONGA STONELEIGH, AS","7",",a","5",",a","0",",a","19940115",",,a","13.0",",,a,15,","44.2",",,,a"
"ASN00055164","1994-02","-31.1805","151.3031","690.0","WEABONGA STONELEIGH, AS","10",",a","7",",a","1",",a","19940213",",,a","26.2",",,a,13,","82.6",",,,a"
"ASN00055164","1994-03","-31.1805","151.3031","690.0","WEABONGA STONELEIGH, AS","4",",a","4",",a","0",",a","19940301",",,a","15.6",",,a,01,","40.4",",,,a"
"ASN00055164","1994-04","-31.1805","151.3031","690.0","WEABONGA STONELEIGH, AS","6",",a","3",",a","0",",a","19940413",",,a","17.2",",,a,13,","28.8",",,,a"
"ASN00055164","1994-05","-31.1805","151.3031","690.0","WEABONGA STONELEIGH, AS","1",",a","1",",a","0",",a","19940511",",,a","2.6",",,a,11,","2.6",",,,a"
"ASN00055164","1994-06","-31.1805","151.3031","690.0","WEABONGA STONELEIGH, AS","6",",a","3",",a","0",",a","19940608",",,a","10.8",",,a,08,","24.0",",,,a"
"ASN00055164","1994-07","-31.1805","151.3031","690.0","WEABONGA STONELEIGH, AS","3",",a","2",",a","0",",a","19940713",",,a","12.0",",,a,13,","17.6",",,,a"
"ASN00055164","1994-08","-31.1805","151.3031","690.0","WEABONGA STONELEIGH, AS","3",",a","3",",a","1",",a","19940821",",,a","25.8",",,a,21,","36.8",",,,a"
"ASN00055164","1994-09","-31.1805","151.3031","690.0","WEABONGA STONELEIGH, AS","6",",a","3",",a","0",",a","19940906",",,a","9.0",",,a,06,","21.8",",,,a"
"ASN00055164","1994-10","-31.1805","151.3031","690.0","WEABONGA STONELEIGH, AS","7",",a","7",",a","1",",a","19941029",",,a","28.2",",,a,29,","67.6",",,,a"
"ASN00055164","1994-11","-31.1805","151.3031","690.0","WEABONGA STONELEIGH, AS","10",",a","9",",a","1",",a","19941126",",,a","36.2",",,a,26,","102.6",",,,a"
"ASN00055164","1994-12","-31.1805","151.3031","690.0","WEABONGA STONELEIGH, AS","6",",a","4",",a","0",",a","19941225",",,a","23.2",",,a,25,","56.8",",,,a"
"ASN00055164","1995-01","-31.1805","151.3031","690.0","WEABONGA STONELEIGH, AS","11",",a","5",",a","1",",a","19950129",",,a","30.4",",,a,29,","96.6",",,,a"
"ASN00055164","1995-02","-31.1805","151.3031","690.0","WEABONGA STONELEIGH, AS","4",",a","3",",a","0",",a","19950206",",,a","4.0",",,a,06,","11.2",",,,a"
"ASN00055164","1995-03","-31.1805","151.3031","690.0","WEABONGA STONELEIGH, AS","2",",a","2",",a","1",",a","19950327",",,a","33.6",",,a,27,","44.6",",,,a"
"ASN00055164","1995-04","-31.1805","151.3031","690.0","WEABONGA STONELEIGH, AS","4",",a","1",",a","0",",a","19950414",",,a","7.2",",,a,14,","12.2",",,,a"
"ASN00055164","1995-05","-31.1805","151.3031","690.0","WEABONGA STONELEIGH, AS","10",",a","8",",a","1",",a","19950518",",,a","28.6",",,a,18,","99.0",",,,a"
"ASN00055164","1995-06","-31.1805","151.3031","690.0","WEABONGA STONELEIGH, AS","10",",a","7",",a","1",",a","19950611",",,a","25.6",",,a,11,","65.4",",,,a"
"ASN00055164","1995-07","-31.1805","151.3031","690.0","WEABONGA STONELEIGH, AS","6",",a","5",",a","1",",a","19950714",",,a","28.4",",,a,14,","51.8",",,,a"
"ASN00055164","1995-08","-31.1805","151.3031","690.0","WEABONGA STONELEIGH, AS","0",",a","0",",a","0",",a","19950805",",,a","0.2",",,a,05,","0.2",",,,a"
"ASN00055164","1995-09","-31.1805","151.3031","690.0","WEABONGA STONELEIGH, AS","10",",a","8",",a","0",",a","19950903",",,a","24.0",",,a,03,","95.9",",,,a"
"ASN00055164","1995-10","-31.1805","151.3031","690.0","WEABONGA STONELEIGH, AS","10",",a","7",",a","1",",a","19951003",",,a","28.4",",,a,03,","96.6",",,,a"
"ASN00055164","1995-11","-31.1805","151.3031","690.0","WEABONGA STONELEIGH, AS","13",",a","11",",a","1",",a","19951123",",,a","30.0",",,a,23,","109.6",",,,a"
"ASN00055164","1995-12","-31.1805","151.3031","690.0","WEABONGA STONELEIGH, AS","11",",a","8",",a","1",",a","19951202",",,a","29.8",",,a,02,","104.5",",,,a"
"ASN00055164","1996-01","-31.1805","151.3031","690.0","WEABONGA STONELEIGH, AS","14",",a","11",",a","2",",a","19960103",",,a","51.4",",,a,03,","186.0",",,,a"
"ASN00055164","1996-02","-31.1805","151.3031","690.0","WEABONGA STONELEIGH, AS","7",",a","5",",a","0",",a","19960201",",,a","12.4",",,a,01,","37.4",",,,a"
"ASN00055164","1996-03","-31.1805","151.3031","690.0","WEABONGA STONELEIGH, AS","2",",a","0",",a","0",",a","19960305",",,a","1.4",",,a,05,","2.4",",,,a"
"ASN00055164","1996-04","-31.1805","151.3031","690.0","WEABONGA STONELEIGH, AS","4",",a","3",",a","0",",a","19960425",",,a","6.2",",,a,25,","12.4",",,,a"
"ASN00055164","1996-05","-31.1805","151.3031","690.0","WEABONGA STONELEIGH, AS","6",",a","2",",a","1",",a","19960506",",,a","45.8",",,a,06,","58.6",",,,a"
"ASN00055164","1996-06","-31.1805","151.3031","690.0","WEABONGA STONELEIGH, AS","10",",a","7",",a","0",",a","19960623",",,a","17.8",",,a,23,","74.0",",,,a"
"ASN00055164","1996-07","-31.1805","151.3031","690.0","WEABONGA STONELEIGH, AS","7","3,a","7","3,a","1","3,a","19960728",",3,a","27.0","3,,a,28,","82.8",",a,,a"
"ASN00055164","1996-08","-31.1805","151.3031","690.0","WEABONGA STONELEIGH, AS","10",",a","7",",a","1",",a","19960831",",,a","27.8",",,a,31,","84.8",",,,a"
"ASN00055164","1996-09","-31.1805","151.3031","690.0","WEABONGA STONELEIGH, AS","10",",a","7",",a","1",",a","19960920",",,a","26.2",",,a,20,","80.6",",,,a"
"ASN00055164","1996-10","-31.1805","151.3031","690.0","WEABONGA STONELEIGH, AS","5",",a","5",",a","1",",a","19961007",",,a","31.0",",,a,07,","64.0",",,,a"
"ASN00055164","1996-11","-31.1805","151.3031","690.0","WEABONGA STONELEIGH, AS","9",",a","5",",a","1",",a","19961124",",,a","38.2",",,a,24,","95.8",",,,a"
"ASN00055164","1996-12","-31.1805","151.3031","690.0","WEABONGA STONELEIGH, AS","9",",a","7",",a","4",",a","19961218","+,,a","58.0",",,a,18,+","208.2",",,,a"
"ASN00055164","1997-01","-31.1805","151.3031","690.0","WEABONGA STONELEIGH, AS","6",",a","6",",a","1",",a","19970131",",,a","34.0",",,a,31,","85.4",",,,a"
"ASN00055164","1997-02","-31.1805","151.3031","690.0","WEABONGA STONELEIGH, AS","8",",a","6",",a","1",",a","19970202",",,a","26.0",",,a,02,","116.6",",,,a"
"ASN00055164","1997-03","-31.1805","151.3031","690.0","WEABONGA STONELEIGH, AS","4",",a","3",",a","0",",a","19970330",",,a","21.0",",,a,30,","36.2",",,,a"
"ASN00055164","1997-04","-31.1805","151.3031","690.0","WEABONGA STONELEIGH, AS","0",",a","0",",a","0",",a","19970430","+,,a","0.0",",,a,30,+","0.0",",,,a"
"ASN00055164","1997-05","-31.1805","151.3031","690.0","WEABONGA STONELEIGH, AS","8",",a","5",",a","1",",a","19970517",",,a","28.2",",,a,17,","58.8",",,,a"
"ASN00055164","1997-06","-31.1805","151.3031","690.0","WEABONGA STONELEIGH, AS","6",",a","5",",a","0",",a","19970607",",,a","12.0",",,a,07,","28.6",",,,a"
"ASN00055164","1997-07","-31.1805","151.3031","690.0","WEABONGA STONELEIGH, AS","2",",a","1",",a","0",",a","19970728",",,a","6.4",",,a,28,","8.0",",,,a"
"ASN00055164","1997-08","-31.1805","151.3031","690.0","WEABONGA STONELEIGH, AS","5",",a","1",",a","0",",a","19970807",",,a","5.0",",,a,07,","10.0",",,,a"
"ASN00055164","1997-09","-31.1805","151.3031","690.0","WEABONGA STONELEIGH, AS","13",",a","9",",a","1",",a","19970920",",,a","39.4",",,a,20,","119.0",",,,a"
"ASN00055164","1997-10","-31.1805","151.3031","690.0","WEABONGA STONELEIGH, AS","8",",a","7",",a","0",",a","19971008",",,a","18.0",",,a,08,","52.4",",,,a"
"ASN00055164","1997-11","-31.1805","151.3031","690.0","WEABONGA STONELEIGH, AS","9",",a","3",",a","1",",a","19971110",",,a","33.4",",,a,10,","74.0",",,,a"
"ASN00055164","1997-12","-31.1805","151.3031","690.0","WEABONGA STONELEIGH, AS","11",",a","8",",a","1",",a","19971220",",,a","26.0",",,a,20,","107.3",",,,a"
"ASN00055164","1998-01","-31.1805","151.3031","690.0","WEABONGA STONELEIGH, AS","8",",a","3",",a","0",",a","19980122",",,a","24.8",",,a,22,","49.4",",,,a"
"ASN00055164","1998-02","-31.1805","151.3031","690.0","WEABONGA STONELEIGH, AS","7",",a","6",",a","2",",a","19980206",",,a","34.0",",,a,06,","127.6",",,,a"
"ASN00055164","1998-03","-31.1805","151.3031","690.0","WEABONGA STONELEIGH, AS","3",",a","3",",a","0",",a","19980306",",,a","4.2",",,a,06,","10.4",",,,a"
"ASN00055164","1998-04","-31.1805","151.3031","690.0","WEABONGA STONELEIGH, AS","6",",a","3",",a","0",",a","19980423",",,a","22.8",",,a,23,","53.2",",,,a"
"ASN00055164","1998-05","-31.1805","151.3031","690.0","WEABONGA STONELEIGH, AS","10",",a","7",",a","0",",a","19980519",",,a","20.0",",,a,19,","74.2",",,,a"
"ASN00055164","1998-06","-31.1805","151.3031","690.0","WEABONGA STONELEIGH, AS","10",",a","5",",a","1",",a","19980623",",,a","45.0",",,a,23,","74.4",",,,a"
"ASN00055164","1998-07","-31.1805","151.3031","690.0","WEABONGA STONELEIGH, AS","15",",a","14",",a","2",",a","19980728",",,a","55.8",",,a,28,","165.4",",,,a"
"ASN00055164","1998-08","-31.1805","151.3031","690.0","WEABONGA STONELEIGH, AS","9",",a","6",",a","1",",a","19980808",",,a","30.0",",,a,08,","92.4",",,,a"
"ASN00055164","1998-09","-31.1805","151.3031","690.0","WEABONGA STONELEIGH, AS","10",",a","8",",a","1",",a","19980905",",,a","49.0",",,a,05,","133.8",",,,a"
"ASN00055164","1998-10","-31.1805","151.3031","690.0","WEABONGA STONELEIGH, AS","10",",a","9",",a","1",",a","19981007",",,a","34.0",",,a,07,","120.6",",,,a"
"ASN00055164","1998-11","-31.1805","151.3031","690.0","WEABONGA STONELEIGH, AS","9",",a","7",",a","0",",a","19981118",",,a","15.4",",,a,18,","63.6",",,,a"
"ASN00055164","1998-12","-31.1805","151.3031","690.0","WEABONGA STONELEIGH, AS","6",",a","6",",a","0",",a","19981225",",,a","17.6",",,a,25,","59.8",",,,a"
"ASN00055164","1999-01","-31.1805","151.3031","690.0","WEABONGA STONELEIGH, AS","8",",a","6",",a","0",",a","19990122",",,a","10.0",",,a,22,","36.0",",,,a"
"ASN00055164","1999-02","-31.1805","151.3031","690.0","WEABONGA STONELEIGH, AS","3",",a","2",",a","1",",a","19990202",",,a","27.2",",,a,02,","37.0",",,,a"
"ASN00055164","1999-03","-31.1805","151.3031","690.0","WEABONGA STONELEIGH, AS","10",",a","6",",a","0",",a","19990323",",,a","15.0",",,a,23,","48.6",",,,a"
"ASN00055164","1999-04","-31.1805","151.3031","690.0","WEABONGA STONELEIGH, AS","6",",a","4",",a","2",",a","19990402",",,a","43.2",",,a,02,","86.6",",,,a"
"ASN00055164","1999-05","-31.1805","151.3031","690.0","WEABONGA STONELEIGH, AS","4",",a","3",",a","0",",a","19990513",",,a","4.4",",,a,13,","12.8",",,,a"
"ASN00055164","1999-06","-31.1805","151.3031","690.0","WEABONGA STONELEIGH, AS","7",",a","5",",a","0",",a","19990610",",,a","9.8",",,a,10,","31.4",",,,a"
"ASN00055164","1999-07","-31.1805","151.3031","690.0","WEABONGA STONELEIGH, AS","8",",a","5",",a","0",",a","19990701",",,a","8.6",",,a,01,","28.4",",,,a"
"ASN00055164","1999-08","-31.1805","151.3031","690.0","WEABONGA STONELEIGH, AS","6","2,a","4","2,a","0","2,a","19990827",",2,a","24.0","2,,a,27,","69.8",",a,,a"
"ASN00055164","1999-10","-31.1805","151.3031","690.0","WEABONGA STONELEIGH, AS","11","2,a","7","2,a","1","2,a","19991023",",2,a","32.0","2,,a,23,","119.4",",a,,a"
"ASN00055164","1999-11","-31.1805","151.3031","690.0","WEABONGA STONELEIGH, AS","10",",a","8",",a","1",",a","19991101",",,a","27.0",",,a,01,","115.6",",,,a"
"ASN00055164","1999-12","-31.1805","151.3031","690.0","WEABONGA STONELEIGH, AS","7","5,a","6","5,a","0","5,a","19991218",",5,a","19.0","5,,a,18,","127.8",",a,,a"
"ASN00055164","2000-01","-31.1805","151.3031","690.0","WEABONGA STONELEIGH, AS","5",",a","3",",a","0",",a","20000128",",,a","13.8",",,a,28,","24.4",",,,a"
"ASN00055164","2000-02","-31.1805","151.3031","690.0","WEABONGA STONELEIGH, AS","3",",a","3",",a","0",",a","20000202",",,a","16.0",",,a,02,","27.0",",,,a"
"ASN00055164","2000-03","-31.1805","151.3031","690.0","WEABONGA STONELEIGH, AS","11",",a","6",",a","1",",a","20000306",",,a","32.2",",,a,06,","91.4",",,,a"
"ASN00055164","2000-04","-31.1805","151.3031","690.0","WEABONGA STONELEIGH, AS","5",",a","4",",a","0",",a","20000402",",,a","21.0",",,a,02,","56.0",",,,a"
"ASN00055164","2000-05","-31.1805","151.3031","690.0","WEABONGA STONELEIGH, AS","7",",a","4",",a","0",",a","20000506",",,a","11.4",",,a,06,","36.0",",,,a"
"ASN00055164","2000-06","-31.1805","151.3031","690.0","WEABONGA STONELEIGH, AS","5",",a","3",",a","0",",a","20000630",",,a","18.0",",,a,30,","28.4",",,,a"
"ASN00055164","2000-07","-31.1805","151.3031","690.0","WEABONGA STONELEIGH, AS","9",",a","7",",a","1",",a","20000726",",,a","43.6",",,a,26,","86.6",",,,a"
"ASN00055164","2000-08","-31.1805","151.3031","690.0","WEABONGA STONELEIGH, AS","16",",a","9",",a","0",",a","20000814",",,a","21.6",",,a,14,","88.4",",,,a"
"ASN00055164","2000-09","-31.1805","151.3031","690.0","WEABONGA STONELEIGH, AS","7",",a","3",",a","0",",a","20000902",",,a","14.0",",,a,02,","26.2",",,,a"
"ASN00055164","2000-10","-31.1805","151.3031","690.0","WEABONGA STONELEIGH, AS","7",",a","6",",a","1",",a","20001014",",,a","68.8",",,a,14,","118.6",",,,a"
"ASN00055164","2000-11","-31.1805","151.3031","690.0","WEABONGA STONELEIGH, AS","14",",a","10",",a","4",",a","20001115",",,a","45.6",",,a,15,","225.2",",,,a"
"ASN00055164","2000-12","-31.1805","151.3031","690.0","WEABONGA STONELEIGH, AS","7",",a","6",",a","0",",a","20001228",",,a","17.8",",,a,28,","59.4",",,,a"
"ASN00055164","2001-01","-31.1805","151.3031","690.0","WEABONGA STONELEIGH, AS","5",",a","4",",a","1",",a","20010131",",,a","38.2",",,a,31,","65.4",",,,a"
"ASN00055164","2001-02","-31.1805","151.3031","690.0","WEABONGA STONELEIGH, AS","6",",a","5",",a","1",",a","20010211",",,a","26.4",",,a,11,","44.8",",,,a"
"ASN00055164","2001-03","-31.1805","151.3031","690.0","WEABONGA STONELEIGH, AS","7","4,a","5","4,a","2","4,a","20010326",",4,a","58.4","4,,a,26,","155.8",",a,,a"
"ASN00055164","2001-04","-31.1805","151.3031","690.0","WEABONGA STONELEIGH, AS","1","2,a","0","2,a","0","2,a","20010409",",2,a","1.0","2,,a,09,","16.8",",a,,a"
"ASN00055164","2001-05","-31.1805","151.3031","690.0","WEABONGA STONELEIGH, AS","11",",a","4",",a","0",",a","20010502",",,a","21.4",",,a,02,","43.0",",,,a"
"ASN00055164","2001-06","-31.1805","151.3031","690.0","WEABONGA STONELEIGH, AS","3",",a","2",",a","0",",a","20010614","+,,a","9.0",",,a,14,+","19.0",",,,a"
"ASN00055164","2001-07","-31.1805","151.3031","690.0","WEABONGA STONELEIGH, AS","9","3,a","4","3,a","0","3,a","20010727",",3,a","23.0","3,,a,27,","72.4",",a,,a"
"ASN00055164","2001-08","-31.1805","151.3031","690.0","WEABONGA STONELEIGH, AS","7",",a","4",",a","1",",a","20010828",",,a","33.0",",,a,28,","61.8",",,,a"
"ASN00055164","2001-09","-31.1805","151.3031","690.0","WEABONGA STONELEIGH, AS","8",",a","4",",a","0",",a","20010926",",,a","22.6",",,a,26,","49.8",",,,a"
"ASN00055164","2001-10","-31.1805","151.3031","690.0","WEABONGA STONELEIGH, AS","9",",a","7",",a","0",",a","20011014",",,a","23.8",",,a,14,","79.8",",,,a"
"ASN00055164","2001-11","-31.1805","151.3031","690.0","WEABONGA STONELEIGH, AS","13",",a","11",",a","0",",a","20011107",",,a","23.2",",,a,07,","113.6",",,,a"
"ASN00055164","2001-12","-31.1805","151.3031","690.0","WEABONGA STONELEIGH, AS","9",",a","5",",a","1",",a","20011208",",,a","42.6",",,a,08,","94.8",",,,a"
"ASN00055164","2002-01","-31.1805","151.3031","690.0","WEABONGA STONELEIGH, AS","6","2,a","4","2,a","0","2,a","20020124",",2,a","23.6","2,,a,24,","58.2",",a,,a"
"ASN00055164","2002-02","-31.1805","151.3031","690.0","WEABONGA STONELEIGH, AS","10",",a","5",",a","0",",a","20020205",",,a","16.6",",,a,05,","39.0",",,,a"
"ASN00055164","2002-03","-31.1805","151.3031","690.0","WEABONGA STONELEIGH, AS","6",",a","4",",a","1",",a","20020329",",,a","59.6",",,a,29,","108.8",",,,a"
"ASN00055164","2002-04","-31.1805","151.3031","690.0","WEABONGA STONELEIGH, AS","0",",a","0",",a","0",",a","20020430","+,,a","0.0",",,a,30,+","0.0",",,,a"
"ASN00055164","2002-05","-31.1805","151.3031","690.0","WEABONGA STONELEIGH, AS","3",",a","2",",a","0",",a","20020525",",,a","8.8",",,a,25,","13.4",",,,a"
"ASN00055164","2002-06","-31.1805","151.3031","690.0","WEABONGA STONELEIGH, AS","4",",a","3",",a","0",",a","20020609",",,a","12.6",",,a,09,","33.0",",,,a"
"ASN00055164","2002-07","-31.1805","151.3031","690.0","WEABONGA STONELEIGH, AS","2",",a","1",",a","0",",a","20020715",",,a","5.0",",,a,15,","5.8",",,,a"
"ASN00055164","2002-08","-31.1805","151.3031","690.0","WEABONGA STONELEIGH, AS","7",",a","4",",a","0",",a","20020824",",,a","17.0",",,a,24,","47.6",",,,a"
"ASN00055164","2002-09","-31.1805","151.3031","690.0","WEABONGA STONELEIGH, AS","10",",a","7",",a","0",",a","20020918",",,a","21.6",",,a,18,","56.4",",,,a"
"ASN00055164","2002-10","-31.1805","151.3031","690.0","WEABONGA STONELEIGH, AS","5",",a","4",",a","0",",a","20021028",",,a","5.2",",,a,28,","18.2",",,,a"
"ASN00055164","2002-11","-31.1805","151.3031","690.0","WEABONGA STONELEIGH, AS","7",",a","6",",a","1",",a","20021130",",,a","48.8",",,a,30,","98.8",",,,a"
"ASN00055164","2002-12","-31.1805","151.3031","690.0","WEABONGA STONELEIGH, AS","7",",a","7",",a","1",",a","20021211",",,a","72.0",",,a,11,","137.4",",,,a"
"ASN00055164","2003-01","-31.1805","151.3031","690.0","WEABONGA STONELEIGH, AS","1",",a","1",",a","0",",a","20030102",",,a","11.0",",,a,02,","11.0",",,,a"
"ASN00055164","2003-02","-31.1805","151.3031","690.0","WEABONGA STONELEIGH, AS","8",",a","6",",a","1",",a","20030222",",,a","56.8",",,a,22,","131.6",",,,a"
"ASN00055164","2003-03","-31.1805","151.3031","690.0","WEABONGA STONELEIGH, AS","6",",a","5",",a","0",",a","20030317",",,a","12.8",",,a,17,","34.4",",,,a"
"ASN00055164","2003-04","-31.1805","151.3031","690.0","WEABONGA STONELEIGH, AS","8",",a","7",",a","1",",a","20030415",",,a","28.0",",,a,15,","86.6",",,,a"
"ASN00055164","2003-05","-31.1805","151.3031","690.0","WEABONGA STONELEIGH, AS","3",",a","0",",a","0",",a","20030520",",,a","2.2",",,a,20,","5.2",",,,a"
"ASN00055164","2003-06","-31.1805","151.3031","690.0","WEABONGA STONELEIGH, AS","9",",a","7",",a","0",",a","20030629",",,a","11.4",",,a,29,","49.2",",,,a"
"ASN00055164","2003-07","-31.1805","151.3031","690.0","WEABONGA STONELEIGH, AS","7",",a","3",",a","0",",a","20030713",",,a","16.0",",,a,13,","40.6",",,,a"
"ASN00055164","2003-08","-31.1805","151.3031","690.0","WEABONGA STONELEIGH, AS","6",",a","6",",a","1",",a","20030824",",,a","29.0",",,a,24,","72.6",",,,a"
"ASN00055164","2003-09","-31.1805","151.3031","690.0","WEABONGA STONELEIGH, AS","1",",a","1",",a","0",",a","20030913",",,a","20.0",",,a,13,","20.0",",,,a"
"ASN00055164","2003-10","-31.1805","151.3031","690.0","WEABONGA STONELEIGH, AS","11",",a","7",",a","1",",a","20031002",",,a","31.4",",,a,02,","99.2",",,,a"
"ASN00055164","2003-11","-31.1805","151.3031","690.0","WEABONGA STONELEIGH, AS","9",",a","7",",a","0",",a","20031122",",,a","21.4",",,a,22,","68.0",",,,a"
"ASN00055164","2003-12","-31.1805","151.3031","690.0","WEABONGA STONELEIGH, AS","5",",a","4",",a","1",",a","20031205",",,a","36.6",",,a,05,","58.0",",,,a"
"ASN00055164","2004-01","-31.1805","151.3031","690.0","WEABONGA STONELEIGH, AS","12","2,a","10","2,a","2","2,a","20040117",",2,a","114.6","2,,a,17,","276.3",",a,,a"
"ASN00055164","2004-02","-31.1805","151.3031","690.0","WEABONGA STONELEIGH, AS","7",",a","3",",a","2",",a","20040225",",,a","46.8",",,a,25,","88.0",",,,a"
"ASN00055164","2004-03","-31.1805","151.3031","690.0","WEABONGA STONELEIGH, AS","5",",a","3",",a","0",",a","20040315",",,a","23.6",",,a,15,","47.8",",,,a"
"ASN00055164","2004-04","-31.1805","151.3031","690.0","WEABONGA STONELEIGH, AS","3",",a","3",",a","1",",a","20040430",",,a","25.6",",,a,30,","39.2",",,,a"
"ASN00055164","2004-05","-31.1805","151.3031","690.0","WEABONGA STONELEIGH, AS","3",",a","2",",a","0",",a","20040526",",,a","19.0",",,a,26,","28.4",",,,a"
"ASN00055164","2004-06","-31.1805","151.3031","690.0","WEABONGA STONELEIGH, AS","5",",a","5",",a","0",",a","20040620",",,a","15.6",",,a,20,","41.4",",,,a"
"ASN00055164","2004-07","-31.1805","151.3031","690.0","WEABONGA STONELEIGH, AS","7",",a","5",",a","1",",a","20040727",",,a","32.6",",,a,27,","66.6",",,,a"
"ASN00055164","2004-08","-31.1805","151.3031","690.0","WEABONGA STONELEIGH, AS","7",",a","4",",a","1",",a","20040831",",,a","32.0",",,a,31,","65.4",",,,a"
"ASN00055164","2004-09","-31.1805","151.3031","690.0","WEABONGA STONELEIGH, AS","5",",a","5",",a","0",",a","20040909",",,a","22.8",",,a,09,","64.8",",,,a"
"ASN00055164","2004-10","-31.1805","151.3031","690.0","WEABONGA STONELEIGH, AS","8",",a","5",",a","0",",a","20041022",",,a","23.2",",,a,22,","75.8",",,,a"
"ASN00055164","2004-11","-31.1805","151.3031","690.0","WEABONGA STONELEIGH, AS","7",",a","6",",a","1",",a","20041106",",,a","42.6",",,a,06,","85.0",",,,a"
"ASN00055164","2004-12","-31.1805","151.3031","690.0","WEABONGA STONELEIGH, AS","14",",a","10",",a","3",",a","20041224",",,a","53.0",",,a,24,","187.0",",,,a"
"ASN00055164","2005-01","-31.1805","151.3031","690.0","WEABONGA STONELEIGH, AS","8",",a","6",",a","1",",a","20050117",",,a","60.0",",,a,17,","118.6",",,,a"
"ASN00055164","2005-02","-31.1805","151.3031","690.0","WEABONGA STONELEIGH, AS","7",",a","3",",a","0",",a","20050210",",,a","22.0",",,a,10,","44.0",",,,a"
"ASN00055164","2005-03","-31.1805","151.3031","690.0","WEABONGA STONELEIGH, AS","3",",a","2",",a","0",",a","20050318",",,a","7.6",",,a,18,","15.6",",,,a"
"ASN00055164","2005-04","-31.1805","151.3031","690.0","WEABONGA STONELEIGH, AS","0",",a","0",",a","0",",a","20050430","+,,a","0.0",",,a,30,+","0.0",",,,a"
"ASN00055164","2005-05","-31.1805","151.3031","690.0","WEABONGA STONELEIGH, AS","2",",a","1",",a","0",",a","20050513",",,a","7.4",",,a,13,","9.8",",,,a"
"ASN00055164","2005-06","-31.1805","151.3031","690.0","WEABONGA STONELEIGH, AS","11",",a","10",",a","0",",a","20050615",",,a","19.0",",,a,15,","100.6",",,,a"
"ASN00055164","2005-07","-31.1805","151.3031","690.0","WEABONGA STONELEIGH, AS","9",",a","8",",a","1",",a","20050713",",,a","27.0",",,a,13,","84.2",",,,a"
"ASN00055164","2005-08","-31.1805","151.3031","690.0","WEABONGA STONELEIGH, AS","4",",a","3",",a","0",",a","20050805",",,a","24.0",",,a,05,","39.6",",,,a"
"ASN00055164","2005-09","-31.1805","151.3031","690.0","WEABONGA STONELEIGH, AS","11",",a","6",",a","2",",a","20050904",",,a","46.2",",,a,04,","124.6",",,,a"
"ASN00055164","2005-10","-31.1805","151.3031","690.0","WEABONGA STONELEIGH, AS","10",",a","8",",a","1",",a","20051031",",,a","29.8",",,a,31,","80.2",",,,a"
"ASN00055164","2005-11","-31.1805","151.3031","690.0","WEABONGA STONELEIGH, AS","10",",a","7",",a","3",",a","20051128",",,a","36.0",",,a,28,","136.8",",,,a"
"ASN00055164","2005-12","-31.1805","151.3031","690.0","WEABONGA STONELEIGH, AS","9",",a","9",",a","0",",a","20051229",",,a","18.8",",,a,29,","87.6",",,,a"
"ASN00055164","2006-01","-31.1805","151.3031","690.0","WEABONGA STONELEIGH, AS","8",",a","7",",a","1",",a","20060127",",,a","33.2",",,a,27,","81.4",",,,a"
"ASN00055164","2006-02","-31.1805","151.3031","690.0","WEABONGA STONELEIGH, AS","6",",a","3",",a","2",",a","20060227",",,a","54.8",",,a,27,","102.2",",,,a"
"ASN00055164","2006-03","-31.1805","151.3031","690.0","WEABONGA STONELEIGH, AS","3",",a","2",",a","0",",a","20060331",",,a","12.0",",,a,31,","16.2",",,,a"
"ASN00055164","2006-04","-31.1805","151.3031","690.0","WEABONGA STONELEIGH, AS","4",",a","2",",a","0",",a","20060420",",,a","20.6",",,a,20,","34.6",",,,a"
"ASN00055164","2006-05","-31.1805","151.3031","690.0","WEABONGA STONELEIGH, AS","0",",a","0",",a","0",",a","20060531","+,,a","0.0",",,a,31,+","0.0",",,,a"
"ASN00055164","2006-06","-31.1805","151.3031","690.0","WEABONGA STONELEIGH, AS","6",",a","5",",a","1",",a","20060611",",,a","51.0",",,a,11,","70.4",",,,a"
"ASN00055164","2006-07","-31.1805","151.3031","690.0","WEABONGA STONELEIGH, AS","7",",a","5",",a","1",",a","20060716",",,a","28.6",",,a,16,","54.0",",,,a"
"ASN00055164","2006-08","-31.1805","151.3031","690.0","WEABONGA STONELEIGH, AS","3",",a","0",",a","0",",a","20060828",",,a","0.8",",,a,28,","2.0",",,,a"
"ASN00055164","2006-09","-31.1805","151.3031","690.0","WEABONGA STONELEIGH, AS","7",",a","6",",a","0",",a","20060927",",,a","17.0",",,a,27,","55.2",",,,a"
"ASN00055164","2006-10","-31.1805","151.3031","690.0","WEABONGA STONELEIGH, AS","5",",a","4",",a","0",",a","20061020",",,a","7.0",",,a,20,","21.6",",,,a"
"ASN00055164","2006-11","-31.1805","151.3031","690.0","WEABONGA STONELEIGH, AS","12",",a","10",",a","1",",a","20061105",",,a","33.8",",,a,05,","123.2",",,,a"
"ASN00055164","2006-12","-31.1805","151.3031","690.0","WEABONGA STONELEIGH, AS","6",",a","4",",a","1",",a","20061222",",,a","30.8",",,a,22,","56.0",",,,a"
"ASN00055164","2007-01","-31.1805","151.3031","690.0","WEABONGA STONELEIGH, AS","8",",a","5",",a","0",",a","20070123",",,a","19.8",",,a,23,","65.2",",,,a"
"ASN00055164","2007-02","-31.1805","151.3031","690.0","WEABONGA STONELEIGH, AS","13",",a","10",",a","1",",a","20070210",",,a","33.2",",,a,10,","143.0",",,,a"
"ASN00055164","2007-03","-31.1805","151.3031","690.0","WEABONGA STONELEIGH, AS","8",",a","6",",a","0",",a","20070309",",,a","19.2",",,a,09,","72.8",",,,a"
"ASN00055164","2007-04","-31.1805","151.3031","690.0","WEABONGA STONELEIGH, AS","7",",a","4",",a","1",",a","20070428",",,a","27.6",",,a,28,","44.2",",,,a"
"ASN00055164","2007-05","-31.1805","151.3031","690.0","WEABONGA STONELEIGH, AS","6",",a","5",",a","0",",a","20070519",",,a","17.2",",,a,19,","38.2",",,,a"
"ASN00055164","2007-06","-31.1805","151.3031","690.0","WEABONGA STONELEIGH, AS","15","1,a","10","1,a","0","1,a","20070629",",1,a","15.8","1,,a,29,","92.0","1,,,a"
"ASN00055164","2007-07","-31.1805","151.3031","690.0","WEABONGA STONELEIGH, AS","5",",a","3",",a","0",",a","20070709",",,a","12.6",",,a,09,","31.4",",,,a"
"ASN00055164","2007-08","-31.1805","151.3031","690.0","WEABONGA STONELEIGH, AS","6",",a","5",",a","1",",a","20070821",",,a","39.2",",,a,21,","91.4",",,,a"
"ASN00055164","2007-09","-31.1805","151.3031","690.0","WEABONGA STONELEIGH, AS","3",",a","1",",a","0",",a","20070905",",,a","3.4",",,a,05,","5.0",",,,a"
"ASN00055164","2007-10","-31.1805","151.3031","690.0","WEABONGA STONELEIGH, AS","7",",a","6",",a","0",",a","20071025",",,a","17.4",",,a,25,","78.8",",,,a"
"ASN00055164","2007-11","-31.1805","151.3031","690.0","WEABONGA STONELEIGH, AS","13",",a","12",",a","1",",a","20071122",",,a","31.4",",,a,22,","149.0",",,,a"
"ASN00055164","2007-12","-31.1805","151.3031","690.0","WEABONGA STONELEIGH, AS","15",",a","14",",a","4",",a","20071211",",,a","35.6",",,a,11,","180.2",",,,a"
"ASN00055164","2008-01","-31.1805","151.3031","690.0","WEABONGA STONELEIGH, AS","5",",a","3",",a","1",",a","20080117",",,a","34.8",",,a,17,","59.8",",,,a"
"ASN00055164","2008-02","-31.1805","151.3031","690.0","WEABONGA STONELEIGH, AS","9",",a","9",",a","2",",a","20080206",",,a","42.8",",,a,06,","158.4",",,,a"
"ASN00055164","2008-03","-31.1805","151.3031","690.0","WEABONGA STONELEIGH, AS","2",",a","1",",a","0",",a","20080326",",,a","4.0",",,a,26,","5.8",",,,a"
"ASN00055164","2008-04","-31.1805","151.3031","690.0","WEABONGA STONELEIGH, AS","5",",a","2",",a","0",",a","20080425",",,a","7.0",",,a,25,","16.6",",,,a"
"ASN00055164","2008-05","-31.1805","151.3031","690.0","WEABONGA STONELEIGH, AS","5",",a","4",",a","0",",a","20080516",",,a","8.0",",,a,16,","21.4",",,,a"
"ASN00055164","2008-06","-31.1805","151.3031","690.0","WEABONGA STONELEIGH, AS","5",",a","5",",a","0",",a","20080604",",,a","24.0",",,a,04,","73.0",",,,a"
"ASN00055164","2008-07","-31.1805","151.3031","690.0","WEABONGA STONELEIGH, AS","7",",a","5",",a","0",",a","20080709",",,a","12.0",",,a,09,","39.4",",,,a"
"ASN00055164","2008-08","-31.1805","151.3031","690.0","WEABONGA STONELEIGH, AS","7",",a","5",",a","0",",a","20080822",",,a","16.0",",,a,22,","64.4",",,,a"
"ASN00055164","2008-09","-31.1805","151.3031","690.0","WEABONGA STONELEIGH, AS","6",",a","4",",a","0",",a","20080901",",,a","22.6",",,a,01,","52.4",",,,a"
"ASN00055164","2008-10","-31.1805","151.3031","690.0","WEABONGA STONELEIGH, AS","7",",a","7",",a","1",",a","20081015",",,a","40.4",",,a,15,","88.8",",,,a"
"ASN00055164","2008-11","-31.1805","151.3031","690.0","WEABONGA STONELEIGH, AS","14",",a","11",",a","2",",a","20081129",",,a","163.6",",,a,29,","277.2",",,,a"
"ASN00055164","2008-12","-31.1805","151.3031","690.0","WEABONGA STONELEIGH, AS","12",",a","9",",a","1",",a","20081213",",,a","37.2",",,a,13,","103.6",",,,a"
"ASN00055164","2009-01","-31.1805","151.3031","690.0","WEABONGA STONELEIGH, AS","4",",a","2",",a","0",",a","20090122",",,a","7.2",",,a,22,","16.0",",,,a"
"ASN00055164","2009-02","-31.1805","151.3031","690.0","WEABONGA STONELEIGH, AS","10",",a","8",",a","1",",a","20090222",",,a","28.8",",,a,22,","110.4",",,,a"
"ASN00055164","2009-03","-31.1805","151.3031","690.0","WEABONGA STONELEIGH, AS","3",",a","3",",a","1",",a","20090315",",,a","26.4",",,a,15,","37.2",",,,a"
"ASN00055164","2009-04","-31.1805","151.3031","690.0","WEABONGA STONELEIGH, AS","7",",a","5",",a","0",",a","20090413",",,a","19.0",",,a,13,","47.2",",,,a"
"ASN00055164","2009-05","-31.1805","151.3031","690.0","WEABONGA STONELEIGH, AS","2",",a","1",",a","0",",a","20090522",",,a","3.8",",,a,22,","4.8",",,,a"
"ASN00055164","2009-06","-31.1805","151.3031","690.0","WEABONGA STONELEIGH, AS","12",",a","6",",a","0",",a","20090622",",,a","11.2",",,a,22,","45.0",",,,a"
"ASN00055164","2009-07","-31.1805","151.3031","690.0","WEABONGA STONELEIGH, AS","8",",a","6",",a","0",",a","20090716",",,a","21.6",",,a,16,","59.6",",,,a"
"ASN00055164","2009-08","-31.1805","151.3031","690.0","WEABONGA STONELEIGH, AS","7",",a","3",",a","0",",a","20090830",",,a","15.2",",,a,30,","32.2",",,,a"
"ASN00055164","2009-09","-31.1805","151.3031","690.0","WEABONGA STONELEIGH, AS","7",",a","4",",a","2",",a","20090923",",,a","32.4",",,a,23,","95.0",",,,a"
"ASN00055164","2009-10","-31.1805","151.3031","690.0","WEABONGA STONELEIGH, AS","8",",a","5",",a","0",",a","20091027",",,a","13.4",",,a,27,","36.4",",,,a"
"ASN00055164","2009-11","-31.1805","151.3031","690.0","WEABONGA STONELEIGH, AS","7",",a","4",",a","0",",a","20091121",",,a","20.0",",,a,21,","44.2",",,,a"
"ASN00055164","2009-12","-31.1805","151.3031","690.0","WEABONGA STONELEIGH, AS","11",",a","7",",a","2",",a","20091228",",,a","58.6",",,a,28,","167.0",",,,a"
"ASN00055164","2010-01","-31.1805","151.3031","690.0","WEABONGA STONELEIGH, AS","10",",a","10",",a","2",",a","20100115",",,a","44.0",",,a,15,","159.4",",,,a"
"ASN00055164","2010-02","-31.1805","151.3031","690.0","WEABONGA STONELEIGH, AS","4",",a","3",",a","0",",a","20100216",",,a","22.0",",,a,16,","47.2",",,,a"
"ASN00055164","2010-03","-31.1805","151.3031","690.0","WEABONGA STONELEIGH, AS","3",",a","3",",a","0",",a","20100306",",,a","9.4",",,a,06,","21.4",",,,a"
"ASN00055164","2010-04","-31.1805","151.3031","690.0","WEABONGA STONELEIGH, AS","7",",a","4",",a","0",",a","20100426",",,a","19.2",",,a,26,","57.8",",,,a"
"ASN00055164","2010-05","-31.1805","151.3031","690.0","WEABONGA STONELEIGH, AS","8",",a","8",",a","0",",a","20100529",",,a","23.4",",,a,29,","86.4",",,,a"
"ASN00055164","2010-06","-31.1805","151.3031","690.0","WEABONGA STONELEIGH, AS","6",",a","4",",a","0",",a","20100618",",,a","15.0",",,a,18,","39.0",",,,a"
"ASN00055164","2010-07","-31.1805","151.3031","690.0","WEABONGA STONELEIGH, AS","11",",a","9",",a","2",",a","20100731",",,a","41.2",",,a,31,","122.0",",,,a"
"ASN00055164","2010-08","-31.1805","151.3031","690.0","WEABONGA STONELEIGH, AS","14",",a","12",",a","0",",a","20100819",",,a","23.8",",,a,19,","141.0",",,,a"
"ASN00055164","2010-09","-31.1805","151.3031","690.0","WEABONGA STONELEIGH, AS","8",",a","4",",a","0",",a","20100910",",,a","17.0",",,a,10,","49.6",",,,a"
"ASN00055164","2010-10","-31.1805","151.3031","690.0","WEABONGA STONELEIGH, AS","5","2,a","3","2,a","0","2,a","20101026",",2,a","16.5","2,,a,26,","74.2",",a,,a"
"ASN00055164","2010-11","-31.1805","151.3031","690.0","WEABONGA STONELEIGH, AS","11",",a","8",",a","1",",a","20101117",",,a","29.2",",,a,17,","130.8",",,,a"
"ASN00055164","2010-12","-31.1805","151.3031","690.0","WEABONGA STONELEIGH, AS","14",",a","11",",a","3",",a","20101202",",,a","47.6",",,a,02,","173.4",",,,a"
"ASN00055164","2011-01","-31.1805","151.3031","690.0","WEABONGA STONELEIGH, AS","7",",a","3",",a","1",",a","20110106",",,a","28.6",",,a,06,","51.0",",,,a"
"ASN00055164","2011-02","-31.1805","151.3031","690.0","WEABONGA STONELEIGH, AS","6",",a","4",",a","0",",a","20110218",",,a","22.2",",,a,18,","48.8",",,,a"
"ASN00055164","2011-03","-31.1805","151.3031","690.0","WEABONGA STONELEIGH, AS","11",",a","9",",a","1",",a","20110303",",,a","30.4",",,a,03,","96.8",",,,a"
"ASN00055164","2011-04","-31.1805","151.3031","690.0","WEABONGA STONELEIGH, AS","5",",a","2",",a","0",",a","20110411",",,a","20.6",",,a,11,","35.4",",,,a"
"ASN00055164","2011-05","-31.1805","151.3031","690.0","WEABONGA STONELEIGH, AS","8",",a","6",",a","1",",a","20110531",",,a","29.8",",,a,31,","88.9",",,,a"
"ASN00055164","2011-06","-31.1805","151.3031","690.0","WEABONGA STONELEIGH, AS","4","2,a","2","2,a","0","2,a","20110622",",2,a","8.0","2,,a,22,","40.8",",a,,a"
"ASN00055164","2011-07","-31.1805","151.3031","690.0","WEABONGA STONELEIGH, AS","3",",a","2",",a","0",",a","20110720",",,a","12.4",",,a,20,","16.2",",,,a"
"ASN00055164","2011-08","-31.1805","151.3031","690.0","WEABONGA STONELEIGH, AS","11",",a","10",",a","0",",a","20110828",",,a","16.2",",,a,28,","78.6",",,,a"
"ASN00055164","2011-09","-31.1805","151.3031","690.0","WEABONGA STONELEIGH, AS","7",",a","6",",a","1",",a","20110929",",,a","54.2",",,a,29,","110.4",",,,a"
"ASN00055164","2011-10","-31.1805","151.3031","690.0","WEABONGA STONELEIGH, AS","9",",a","4",",a","0",",a","20111026",",,a","17.0",",,a,26,","51.0",",,,a"
"ASN00055164","2011-11","-31.1805","151.3031","690.0","WEABONGA STONELEIGH, AS","11",",a","9",",a","2",",a","20111124",",,a","57.0",",,a,24,","168.2",",,,a"
"ASN00055164","2011-12","-31.1805","151.3031","690.0","WEABONGA STONELEIGH, AS","15",",a","11",",a","0",",a","20111208",",,a","12.0",",,a,08,","76.1",",,,a"
"ASN00055164","2012-01","-31.1805","151.3031","690.0","WEABONGA STONELEIGH, AS","10",",a","7",",a","0",",a","20120106",",,a","24.6",",,a,06,","86.0",",,,a"
"ASN00055164","2012-02","-31.1805","151.3031","690.0","WEABONGA STONELEIGH, AS","8",",a","7",",a","3",",a","20120202",",,a","52.6",",,a,02,","189.0",",,,a"
"ASN00055164","2012-03","-31.1805","151.3031","690.0","WEABONGA STONELEIGH, AS","4",",a","4",",a","0",",a","20120306",",,a","19.6",",,a,06,","49.6",",,,a"
"ASN00055164","2012-04","-31.1805","151.3031","690.0","WEABONGA STONELEIGH, AS","8",",a","5",",a","0",",a","20120416",",,a","15.8",",,a,16,","44.8",",,,a"
"ASN00055164","2012-05","-31.1805","151.3031","690.0","WEABONGA STONELEIGH, AS","4",",a","4",",a","0",",a","20120525",",,a","13.4",",,a,25,","28.0",",,,a"
"ASN00055164","2012-06","-31.1805","151.3031","690.0","WEABONGA STONELEIGH, AS","7",",a","5",",a","2",",a","20120605",",,a","34.0",",,a,05,","86.6",",,,a"
"ASN00055164","2012-07","-31.1805","151.3031","690.0","WEABONGA STONELEIGH, AS","8",",a","5",",a","2",",a","20120714",",,a","36.6",",,a,14,","105.6",",,,a"
"ASN00055164","2012-08","-31.1805","151.3031","690.0","WEABONGA STONELEIGH, AS","3",",a","1",",a","0",",a","20120824",",,a","13.4",",,a,24,","17.0",",,,a"
"ASN00055164","2012-09","-31.1805","151.3031","690.0","WEABONGA STONELEIGH, AS","5",",a","2",",a","0",",a","20120929",",,a","9.4",",,a,29,","16.0",",,,a"
"ASN00055164","2012-10","-31.1805","151.3031","690.0","WEABONGA STONELEIGH, AS","5",",a","3",",a","0",",a","20121012",",,a","8.6",",,a,12,","21.2",",,,a"
"ASN00055164","2012-11","-31.1805","151.3031","690.0","WEABONGA STONELEIGH, AS","6","2,a","3","2,a","0","2,a","20121109",",2,a","8.0","2,,a,09,","27.8",",a,,a"
"ASN00055164","2012-12","-31.1805","151.3031","690.0","WEABONGA STONELEIGH, AS","9",",a","7",",a","2",",a","20121226",",,a","34.0",",,a,26,","129.4",",,,a"
"ASN00055164","2013-01","-31.1805","151.3031","690.0","WEABONGA STONELEIGH, AS","7",",a","7",",a","1",",a","20130128",",,a","36.8",",,a,28,","85.8",",,,a"
"ASN00055164","2013-02","-31.1805","151.3031","690.0","WEABONGA STONELEIGH, AS","5",",a","5",",a","1",",a","20130202",",,a","78.0",",,a,02,","124.2",",,,a"
"ASN00055164","2013-03","-31.1805","151.3031","690.0","WEABONGA STONELEIGH, AS","4",",a","4",",a","1",",a","20130301",",,a","27.2",",,a,01,","52.0",",,,a"
"ASN00055164","2013-04","-31.1805","151.3031","690.0","WEABONGA STONELEIGH, AS","1",",a","1",",a","0",",a","20130417",",,a","3.6",",,a,17,","3.6",",,,a"
"ASN00055164","2013-05","-31.1805","151.3031","690.0","WEABONGA STONELEIGH, AS","4",",a","3",",a","0",",a","20130514",",,a","4.0",",,a,14,","12.8",",,,a"
"ASN00055164","2013-06","-31.1805","151.3031","690.0","WEABONGA STONELEIGH, AS","9",",a","7",",a","2",",a","20130613",",,a","40.4",",,a,13,","103.4",",,,a"
"ASN00055164","2013-07","-31.1805","151.3031","690.0","WEABONGA STONELEIGH, AS","6",",a","1",",a","0",",a","20130720",",,a","14.6",",,a,20,","20.0",",,,a"
"ASN00055164","2013-08","-31.1805","151.3031","690.0","WEABONGA STONELEIGH, AS","4",",a","2",",a","0",",a","20130817",",,a","8.8",",,a,17,","13.6",",,,a"
"ASN00055164","2013-09","-31.1805","151.3031","690.0","WEABONGA STONELEIGH, AS","2",",a","2",",a","0",",a","20130917",",,a","22.6",",,a,17,","38.2",",,,a"
"ASN00055164","2013-10","-31.1805","151.3031","690.0","WEABONGA STONELEIGH, AS","3",",a","1",",a","0",",a","20131002",",,a","8.4",",,a,02,","12.6",",,,a"
"ASN00055164","2013-11","-31.1805","151.3031","690.0","WEABONGA STONELEIGH, AS","7",",a","7",",a","0",",a","20131123",",,a","23.2",",,a,23,","93.2",",,,a"
"ASN00055164","2013-12","-31.1805","151.3031","690.0","WEABONGA STONELEIGH, AS","6",",a","6",",a","0",",a","20131206",",,a","18.8",",,a,06,","58.4",",,,a"
"ASN00055164","2014-01","-31.1805","151.3031","690.0","WEABONGA STONELEIGH, AS","2",",a","1",",a","0",",a","20140110",",,a","3.6",",,a,10,","5.0",",,,a"
"ASN00055164","2014-02","-31.1805","151.3031","690.0","WEABONGA STONELEIGH, AS","8",",a","7",",a","0",",a","20140217",",,a","16.4",",,a,17,","55.8",",,,a"
"ASN00055164","2014-03","-31.1805","151.3031","690.0","WEABONGA STONELEIGH, AS","12",",a","9",",a","0",",a","20140314",",,a","25.0",",,a,14,","119.2",",,,a"
"ASN00055164","2014-04","-31.1805","151.3031","690.0","WEABONGA STONELEIGH, AS","5",",a","2",",a","0",",a","20140406",",,a","13.4",",,a,06,","20.2",",,,a"
"ASN00055164","2014-05","-31.1805","151.3031","690.0","WEABONGA STONELEIGH, AS","7",",a","5",",a","0",",a","20140505",",,a","23.2",",,a,05,","54.2",",,,a"
"ASN00055164","2014-06","-31.1805","151.3031","690.0","WEABONGA STONELEIGH, AS","7",",a","6",",a","0",",a","20140614",",,a","9.4",",,a,14,","45.4",",,,a"
"ASN00055164","2014-07","-31.1805","151.3031","690.0","WEABONGA STONELEIGH, AS","5",",a","4",",a","0",",a","20140727",",,a","9.6",",,a,27,","29.4",",,,a"
"ASN00055164","2014-08","-31.1805","151.3031","690.0","WEABONGA STONELEIGH, AS","7",",a","4",",a","0",",a","20140827",",,a","22.6",",,a,27,","70.2",",,,a"
"ASN00055164","2014-09","-31.1805","151.3031","690.0","WEABONGA STONELEIGH, AS","5",",a","4",",a","0",",a","20140926",",,a","20.4",",,a,26,","50.8",",,,a"
"ASN00055164","2014-10","-31.1805","151.3031","690.0","WEABONGA STONELEIGH, AS","2",",a","1",",a","1",",a","20141014",",,a","34.2",",,a,14,","35.4",",,,a"
"ASN00055164","2014-11","-31.1805","151.3031","690.0","WEABONGA STONELEIGH, AS","5",",a","4",",a","0",",a","20141106",",,a","21.4",",,a,06,","34.0",",,,a"
"ASN00055164","2014-12","-31.1805","151.3031","690.0","WEABONGA STONELEIGH, AS","16",",a","13",",a","1",",a","20141227",",,a","29.8",",,a,27,","176.4",",,,a"
"ASN00055164","2015-01","-31.1805","151.3031","690.0","WEABONGA STONELEIGH, AS","11",",a","11",",a","2",",a","20150105",",,a","26.8",",,a,05,","139.6",",,,a"
"ASN00055164","2015-02","-31.1805","151.3031","690.0","WEABONGA STONELEIGH, AS","3",",a","3",",a","0",",a","20150216",",,a","14.4",",,a,16,","29.4",",,,a"
"ASN00055164","2015-03","-31.1805","151.3031","690.0","WEABONGA STONELEIGH, AS","6",",a","4",",a","1",",a","20150312",",,a","31.4",",,a,12,","51.4",",,,a"
"ASN00055164","2015-04","-31.1805","151.3031","690.0","WEABONGA STONELEIGH, AS","8","3,a","5","3,a","0","3,a","20150422",",3,a","16.6","3,,a,22,","99.8",",a,,a"
"ASN00055164","2015-05","-31.1805","151.3031","690.0","WEABONGA STONELEIGH, AS","11",",a","5",",a","0",",a","20150521",",,a","15.0",",,a,21,","52.2",",,,a"
"ASN00055164","2015-06","-31.1805","151.3031","690.0","WEABONGA STONELEIGH, AS","7",",a","3",",a","2",",a","20150617",",,a","38.8",",,a,17,","89.0",",,,a"
"ASN00055164","2015-07","-31.1805","151.3031","690.0","WEABONGA STONELEIGH, AS","11",",a","7",",a","0",",a","20150713",",,a","20.6",",,a,13,","73.0",",,,a"
"ASN00055164","2015-08","-31.1805","151.3031","690.0","WEABONGA STONELEIGH, AS","3",",a","2",",a","1",",a","20150824",",,a","48.8",",,a,24,","54.6",",,,a"
"ASN00055164","2015-09","-31.1805","151.3031","690.0","WEABONGA STONELEIGH, AS","6",",a","3",",a","0",",a","20150903",",,a","14.8",",,a,03,","27.0",",,,a"
"ASN00055164","2015-10","-31.1805","151.3031","690.0","WEABONGA STONELEIGH, AS","8",",a","5",",a","0",",a","20151022",",,a","12.4",",,a,22,","45.2",",,,a"
"ASN00055164","2015-11","-31.1805","151.3031","690.0","WEABONGA STONELEIGH, AS","7","2,a","7","2,a","1","2,a","20151102",",2,a","27.2","2,,a,02,","123.6",",a,,a"
"ASN00055164","2015-12","-31.1805","151.3031","690.0","WEABONGA STONELEIGH, AS","8","2,a","7","2,a","0","2,a","20151211",",2,a","20.2","2,,a,11,","150.6",",a,,a"
"ASN00055164","2016-01","-31.1805","151.3031","690.0","WEABONGA STONELEIGH, AS","11",",a","9",",a","0",",a","20160106",",,a","23.2",",,a,06,","107.8",",,,a"
"ASN00055164","2016-02","-31.1805","151.3031","690.0","WEABONGA STONELEIGH, AS","0",",a","0",",a","0",",a","20160229","+,,a","0.0",",,a,29,+","0.0",",,,a"
"ASN00055164","2016-03","-31.1805","151.3031","690.0","WEABONGA STONELEIGH, AS","4",",a","4",",a","0",",a","20160315",",,a","5.4",",,a,15,","17.6",",,,a"
"ASN00055164","2016-04","-31.1805","151.3031","690.0","WEABONGA STONELEIGH, AS","2",",a","1",",a","0",",a","20160422",",,a","5.6",",,a,22,","7.6",",,,a"
"ASN00055164","2016-05","-31.1805","151.3031","690.0","WEABONGA STONELEIGH, AS","5",",a","5",",a","0",",a","20160502",",,a","22.4",",,a,02,","66.6",",,,a"
"ASN00055164","2016-06","-31.1805","151.3031","690.0","WEABONGA STONELEIGH, AS","14","2,a","9","2,a","2","2,a","20160605",",2,a","53.0","2,,a,05,","177.2",",a,,a"
"ASN00055164","2016-07","-31.1805","151.3031","690.0","WEABONGA STONELEIGH, AS","7",",a","5",",a","0",",a","20160708",",,a","20.8",",,a,08,","57.7",",,,a"
"ASN00055164","2016-08","-31.1805","151.3031","690.0","WEABONGA STONELEIGH, AS","8",",a","5",",a","2",",a","20160823",",,a","31.6",",,a,23,","94.8",",,,a"
"ASN00055164","2016-09","-31.1805","151.3031","690.0","WEABONGA STONELEIGH, AS","17",",a","9",",a","1",",a","20160914",",,a","35.4",",,a,14,","141.8",",,,a"
"ASN00055164","2016-10","-31.1805","151.3031","690.0","WEABONGA STONELEIGH, AS","8",",a","6",",a","1",",a","20161031",",,a","27.0",",,a,31,","81.2",",,,a"
"ASN00055164","2016-11","-31.1805","151.3031","690.0","WEABONGA STONELEIGH, AS","6",",a","5",",a","0",",a","20161112",",,a","13.0",",,a,12,","38.4",",,,a"
"ASN00055164","2016-12","-31.1805","151.3031","690.0","WEABONGA STONELEIGH, AS","10",",a","8",",a","1",",a","20161209",",,a","31.2",",,a,09,","101.6",",,,a"
"ASN00055164","2017-01","-31.1805","151.3031","690.0","WEABONGA STONELEIGH, AS","9","1,a","8","1,a","2","1,a","20170121",",1,a","54.6","1,,a,21,","160.6","1,,,a"
"ASN00055164","2017-02","-31.1805","151.3031","690.0","WEABONGA STONELEIGH, AS","5",",a","4",",a","0",",a","20170205",",,a","17.8",",,a,05,","42.0",",,,a"
"ASN00055164","2017-03","-31.1805","151.3031","690.0","WEABONGA STONELEIGH, AS","14",",a","10",",a","1",",a","20170323",",,a","26.2",",,a,23,","115.2",",,,a"
"ASN00055164","2017-04","-31.1805","151.3031","690.0","WEABONGA STONELEIGH, AS","2",",a","2",",a","0",",a","20170426",",,a","21.8",",,a,26,","40.6",",,,a"
"ASN00055164","2017-05","-31.1805","151.3031","690.0","WEABONGA STONELEIGH, AS","9",",a","2",",a","0",",a","20170520",",,a","19.8",",,a,20,","34.2",",,,a"
"ASN00055164","2017-06","-31.1805","151.3031","690.0","WEABONGA STONELEIGH, AS","9",",a","5",",a","1",",a","20170629",",,a","38.2",",,a,29,","63.8",",,,a"
"ASN00055164","2017-07","-31.1805","151.3031","690.0","WEABONGA STONELEIGH, AS","5",",a","4",",a","0",",a","20170716",",,a","7.4",",,a,16,","22.0",",,,a"
"ASN00055164","2017-08","-31.1805","151.3031","690.0","WEABONGA STONELEIGH, AS","2",",a","1",",a","0",",a","20170804",",,a","21.8",",,a,04,","22.6",",,,a"
"ASN00055164","2017-09","-31.1805","151.3031","690.0","WEABONGA STONELEIGH, AS","4",",a","2",",a","0",",a","20170914",",,a","6.6",",,a,14,","11.8",",,,a"
"ASN00055164","2017-10","-31.1805","151.3031","690.0","WEABONGA STONELEIGH, AS","8","2,a","3","2,a","2","2,a","20171012",",2,a","43.0","2,,a,12,","93.2",",a,,a"
"ASN00055164","2017-11","-31.1805","151.3031","690.0","WEABONGA STONELEIGH, AS","8",",a","4",",a","0",",a","20171107",",,a","12.2",",,a,07,","31.8",",,,a"
"ASN00055164","2017-12","-31.1805","151.3031","690.0","WEABONGA STONELEIGH, AS","11",",a","8",",a","1",",a","20171219",",,a","33.0",",,a,19,","105.0",",,,a"
"ASN00055164","2018-01","-31.1805","151.3031","690.0","WEABONGA STONELEIGH, AS","5",",a","3",",a","0",",a","20180110",",,a","7.4",",,a,10,","18.4",",,,a"
"ASN00055164","2018-02","-31.1805","151.3031","690.0","WEABONGA STONELEIGH, AS","5","3,a","3","3,a","1","3,a","20180226",",3,a","29.2","3,,a,26,","61.4","1,a,,a"
"ASN00055164","2018-03","-31.1805","151.3031","690.0","WEABONGA STONELEIGH, AS","5",",a","4",",a","0",",a","20180306",",,a","13.0",",,a,06,","30.4",",,,a"
"ASN00055164","2018-04","-31.1805","151.3031","690.0","WEABONGA STONELEIGH, AS","4",",a","3",",a","0",",a","20180420",",,a","13.6",",,a,20,","21.8",",,,a"
"ASN00055164","2018-05","-31.1805","151.3031","690.0","WEABONGA STONELEIGH, AS","4",",a","2",",a","0",",a","20180509",",,a","3.8",",,a,09,","10.8",",,,a"
"ASN00055164","2018-06","-31.1805","151.3031","690.0","WEABONGA STONELEIGH, AS","6","1,a","2","1,a","0","1,a","20180629",",1,a","3.4","1,,a,29,","10.8","1,,,a"
"ASN00055164","2018-07","-31.1805","151.3031","690.0","WEABONGA STONELEIGH, AS","7","1,a","4","1,a","0","1,a","20180730",",1,a","16.0","1,,a,30,","33.0","1,,,a"
"ASN00055164","2018-08","-31.1805","151.3031","690.0","WEABONGA STONELEIGH, AS","6",",a","3",",a","0",",a","20180807",",,a","11.2",",,a,07,","21.2",",,,a"
"ASN00055164","2018-09","-31.1805","151.3031","690.0","WEABONGA STONELEIGH, AS","7","1,a","5","1,a","0","1,a","20180901",",1,a","10.6","1,,a,01,","31.0","1,,,a"
"ASN00055164","2018-10","-31.1805","151.3031","690.0","WEABONGA STONELEIGH, AS","8",",a","4",",a","1",",a","20181011",",,a","29.8",",,a,11,","71.0",",,,a"
"ASN00055164","2018-11","-31.1805","151.3031","690.0","WEABONGA STONELEIGH, AS","5","1,a","3","1,a","2","1,a","20181122",",1,a","37.4","1,,a,22,","84.6","1,,,a"
"ASN00055164","2018-12","-31.1805","151.3031","690.0","WEABONGA STONELEIGH, AS","9",",a","5",",a","0",",a","20181220",",,a","24.2",",,a,20,","84.4",",,,a"
"ASN00055164","2019-01","-31.1805","151.3031","690.0","WEABONGA STONELEIGH, AS","9",",a","8",",a","0",",a","20190112",",,a","21.8",",,a,12,","110.2",",,,a"
"ASN00055164","2019-02","-31.1805","151.3031","690.0","WEABONGA STONELEIGH, AS","4",",a","3",",a","0",",a","20190210",",,a","15.2",",,a,10,","23.8",",,,a"
"ASN00055164","2019-03","-31.1805","151.3031","690.0","WEABONGA STONELEIGH, AS","8",",a","5",",a","2",",a","20190330",",,a","29.2",",,a,30,","86.0",",,,a"
"ASN00055164","2019-04","-31.1805","151.3031","690.0","WEABONGA STONELEIGH, AS","0",",a","0",",a","0",",a","20190430","+,,a","0.0",",,a,30,+","0.0",",,,a"
"ASN00055164","2019-05","-31.1805","151.3031","690.0","WEABONGA STONELEIGH, AS","4","1,a","1","1,a","1","1,a","20190504",",1,a","38.6","1,,a,04,","43.4","1,,,a"
"ASN00055164","2019-06","-31.1805","151.3031","690.0","WEABONGA STONELEIGH, AS","5","2,a","2","2,a","0","2,a","20190603",",2,a","11.8","2,,a,03,","23.8",",a,,a"
"ASN00055164","2019-07","-31.1805","151.3031","690.0","WEABONGA STONELEIGH, AS","4",",a","3",",a","0",",a","20190709",",,a","12.2",",,a,09,","20.4",",,,a"
"ASN00055164","2019-08","-31.1805","151.3031","690.0","WEABONGA STONELEIGH, AS","4",",a","1",",a","0",",a","20190812",",,a","8.0",",,a,12,","11.6",",,,a"
"ASN00055164","2019-09","-31.1805","151.3031","690.0","WEABONGA STONELEIGH, AS","3",",a","0",",a","0",",a","20190923",",,a","1.4",",,a,23,","2.4",",,,a"
"ASN00055164","2019-10","-31.1805","151.3031","690.0","WEABONGA STONELEIGH, AS","3",",a","2",",a","0",",a","20191012",",,a","4.4",",,a,12,","9.0",",,,a"
"ASN00055164","2019-11","-31.1805","151.3031","690.0","WEABONGA STONELEIGH, AS","5",",a","4",",a","0",",a","20191104",",,a","21.4",",,a,04,","43.6",",,,a"
"ASN00055164","2019-12","-31.1805","151.3031","690.0","WEABONGA STONELEIGH, AS","5",",a","1",",a","0",",a","20191203",",,a","2.8",",,a,03,","7.2",",,,a"
"ASN00055164","2020-01","-31.1805","151.3031","690.0","WEABONGA STONELEIGH, AS","14",",a","10",",a","1",",a","20200126",",,a","38.6",",,a,26,","150.2",",,,a"
"ASN00055164","2020-02","-31.1805","151.3031","690.0","WEABONGA STONELEIGH, AS","15",",a","13",",a","0",",a","20200213",",,a","18.0",",,a,13,","136.8",",,,a"
"ASN00055164","2020-03","-31.1805","151.3031","690.0","WEABONGA STONELEIGH, AS","9",",a","4",",a","0",",a","20200306",",,a","22.6",",,a,06,","89.4",",,,a"
"ASN00055164","2020-04","-31.1805","151.3031","690.0","WEABONGA STONELEIGH, AS","5",",a","3",",a","0",",a","20200411",",,a","16.8",",,a,11,","37.2",",,,a"
"ASN00055164","2020-05","-31.1805","151.3031","690.0","WEABONGA STONELEIGH, AS","8",",a","6",",a","0",",a","20200501",",,a","19.2",",,a,01,","60.0",",,,a"
"ASN00055164","2020-06","-31.1805","151.3031","690.0","WEABONGA STONELEIGH, AS","7",",a","3",",a","0",",a","20200614",",,a","18.2",",,a,14,","43.4",",,,a"
"ASN00055164","2020-07","-31.1805","151.3031","690.0","WEABONGA STONELEIGH, AS","11",",a","6",",a","1",",a","20200726",",,a","28.8",",,a,26,","97.0",",,,a"
"ASN00055164","2020-08","-31.1805","151.3031","690.0","WEABONGA STONELEIGH, AS","9",",a","7",",a","0",",a","20200808",",,a","15.8",",,a,08,","63.6",",,,a"
"ASN00055164","2020-09","-31.1805","151.3031","690.0","WEABONGA STONELEIGH, AS","7",",a","5",",a","0",",a","20200910",",,a","15.2",",,a,10,","37.6",",,,a"
"ASN00055164","2020-10","-31.1805","151.3031","690.0","WEABONGA STONELEIGH, AS","11",",a","8",",a","0",",a","20201025",",,a","23.4",",,a,25,","106.8",",,,a"
"ASN00055164","2020-11","-31.1805","151.3031","690.0","WEABONGA STONELEIGH, AS","5",",a","2",",a","0",",a","20201113",",,a","10.6",",,a,13,","20.2",",,,a"
"ASN00055164","2020-12","-31.1805","151.3031","690.0","WEABONGA STONELEIGH, AS","18",",a","12",",a","2",",a","20201222",",,a","86.2",",,a,22,","209.4",",,,a"
"ASN00055164","2021-01","-31.1805","151.3031","690.0","WEABONGA STONELEIGH, AS","9",",a","5",",a","0",",a","20210105",",,a","14.4",",,a,05,","40.8",",,,a"
"ASN00055164","2021-02","-31.1805","151.3031","690.0","WEABONGA STONELEIGH, AS","9",",a","6",",a","0",",a","20210225",",,a","16.4",",,a,25,","76.0",",,,a"
"ASN00055164","2021-03","-31.1805","151.3031","690.0","WEABONGA STONELEIGH, AS","10",",a","7",",a","2",",a","20210324",",,a","48.4",",,a,24,","153.2",",,,a"
"ASN00055164","2021-04","-31.1805","151.3031","690.0","WEABONGA STONELEIGH, AS","2",",a","2",",a","0",",a","20210418",",,a","21.0",",,a,18,","38.8",",,,a"
"ASN00055164","2021-05","-31.1805","151.3031","690.0","WEABONGA STONELEIGH, AS","7","2,a","5","2,a","0","2,a","20210509",",2,a","12.0","2,,a,09,","46.6",",a,,a"
"ASN00055164","2021-06","-31.1805","151.3031","690.0","WEABONGA STONELEIGH, AS","9",",a","7",",a","3",",a","20210611",",,a","29.6",",,a,11,","133.0",",,,a"
"ASN00055164","2021-07","-31.1805","151.3031","690.0","WEABONGA STONELEIGH, AS","13","2,a","9","2,a","0","2,a","20210702",",2,a","18.0","2,,a,02,","105.0",",a,,a"
"ASN00055164","2021-08","-31.1805","151.3031","690.0","WEABONGA STONELEIGH, AS","7",",a","5",",a","1",",a","20210824",",,a","36.2",",,a,24,","69.8",",,,a"
"ASN00055164","2021-09","-31.1805","151.3031","690.0","WEABONGA STONELEIGH, AS","5","2,a","3","2,a","0","2,a","20210930",",2,a","21.8","2,,a,30,","48.6",",a,,a"
"ASN00055164","2021-10","-31.1805","151.3031","690.0","WEABONGA STONELEIGH, AS","10",",a","8",",a","1",",a","20211011",",,a","27.8",",,a,11,","61.8",",,,a"
"ASN00055164","2021-11","-31.1805","151.3031","690.0","WEABONGA STONELEIGH, AS","16","1,a","10","1,a","2","1,a","20211108",",1,a","47.2","1,,a,08,","149.0","1,,,a"
"ASN00055164","2021-12","-31.1805","151.3031","690.0","WEABONGA STONELEIGH, AS","9",",a","9",",a","2",",a","20211222",",,a","32.0",",,a,22,","115.2",",,,a"
"ASN00055164","2022-01","-31.1805","151.3031","690.0","WEABONGA STONELEIGH, AS","9",",a","6",",a","0",",a","20220119",",,a","18.6",",,a,19,","79.6",",,,a"
"ASN00055164","2022-02","-31.1805","151.3031","690.0","WEABONGA STONELEIGH, AS","6","4,a","3","4,a","0","4,a","20220225",",4,a","7.2","4,,a,25,","47.0","1,a,,a"
"ASN00055164","2022-03","-31.1805","151.3031","690.0","WEABONGA STONELEIGH, AS","13","1,a","10","1,a","0","1,a","20220303",",1,a","24.6","1,,a,03,","112.0","1,,,a"
"ASN00055164","2022-04","-31.1805","151.3031","690.0","WEABONGA STONELEIGH, AS","3",",a","0",",a","0",",a","20220407",",,a","2.4",",,a,07,","7.0",",,,a"
"ASN00055164","2022-05","-31.1805","151.3031","690.0","WEABONGA STONELEIGH, AS","12",",a","7",",a","0",",a","20220513",",,a","19.0",",,a,13,","63.6",",,,a"
"ASN00055164","2022-06","-31.1805","151.3031","690.0","WEABONGA STONELEIGH, AS","3",",a","2",",a","0",",a","20220604",",,a","15.8",",,a,04,","22.4",",,,a"
"ASN00055164","2022-07","-31.1805","151.3031","690.0","WEABONGA STONELEIGH, AS","7",",a","4",",a","0",",a","20220707",",,a","15.0",",,a,07,","37.8",",,,a"
"ASN00055164","2022-08","-31.1805","151.3031","690.0","WEABONGA STONELEIGH, AS","13",",a","8",",a","1",",a","20220805",",,a","50.6",",,a,05,","116.6",",,,a"
"ASN00055164","2022-09","-31.1805","151.3031","690.0","WEABONGA STONELEIGH, AS","11",",a","8",",a","2",",a","20220916",",,a","51.8",",,a,16,","148.0",",,,a"
"ASN00055164","2022-10","-31.1805","151.3031","690.0","WEABONGA STONELEIGH, AS","14","4,a","9","4,a","2","4,a","20221021",",4,a","41.8","4,,a,21,","158.2",",a,,a"
"ASN00055164","2022-11","-31.1805","151.3031","690.0","WEABONGA STONELEIGH, AS","8",",a","4",",a","2",",a","20221114",",,a","52.0",",,a,14,","116.0",",,,a"
"ASN00055164","2022-12","-31.1805","151.3031","690.0","WEABONGA STONELEIGH, AS","5",",a","3",",a","0",",a","20221223",",,a","19.8",",,a,23,","48.6",",,,a"
"ASN00055164","2023-01","-31.1805","151.3031","690.0","WEABONGA STONELEIGH, AS","10",",a","6",",a","2",",a","20230131",",,a","36.4",",,a,31,","114.4",",,,a"
"ASN00055164","2023-02","-31.1805","151.3031","690.0","WEABONGA STONELEIGH, AS","5",",a","3",",a","0",",a","20230228",",,a","6.2",",,a,28,","18.8",",,,a"
"ASN00055164","2023-03","-31.1805","151.3031","690.0","WEABONGA STONELEIGH, AS","8","4,a","7","4,a","1","4,a","20230312",",4,a","64.0","4,,a,12,","168.8","1,a,,a"
"ASN00055164","2023-04","-31.1805","151.3031","690.0","WEABONGA STONELEIGH, AS","4","2,a","2","2,a","0","2,a","20230408",",2,a","25.2","2,,a,08,","41.6",",a,,a"
"ASN00055164","2023-05","-31.1805","151.3031","690.0","WEABONGA STONELEIGH, AS","2",",a","0",",a","0",",a","20230527",",,a","1.4",",,a,27,","2.2",",,,a"
"ASN00055164","2023-06","-31.1805","151.3031","690.0","WEABONGA STONELEIGH, AS","7","1,a","5","1,a","0","1,a","20230623",",1,a","16.6","1,,a,23,","58.2","1,,,a"
"ASN00055164","2023-07","-31.1805","151.3031","690.0","WEABONGA STONELEIGH, AS","7",",a","3",",a","0",",a","20230704",",,a","9.4",",,a,04,","23.6",",,,a"
"ASN00055164","2023-08","-31.1805","151.3031","690.0","WEABONGA STONELEIGH, AS","5",",a","2",",a","0",",a","20230831",",,a","9.8",",,a,31,","20.0",",,,a"
"ASN00055164","2023-09","-31.1805","151.3031","690.0","WEABONGA STONELEIGH, AS","0","2,a","0","2,a","0","2,a","20230930","+,2,a","0.0","2,,a,30,+","4.6",",a,,a"
"ASN00055164","2023-10","-31.1805","151.3031","690.0","WEABONGA STONELEIGH, AS","2",",a","2",",a","0",",a","20231005",",,a","15.4",",,a,05,","23.4",",,,a"
"ASN00055164","2023-11","-31.1805","151.3031","690.0","WEABONGA STONELEIGH, AS","12",",a","8",",a","0",",a","20231110",",,a","22.0",",,a,10,","94.4",",,,a"
"ASN00055164","2023-12","-31.1805","151.3031","690.0","WEABONGA STONELEIGH, AS","9","1,a","5","1,a","0","1,a","20231220",",1,a","22.6","1,,a,20,","61.8","1,,,a"
