"STATION","DATE","LATITUDE","LONGITUDE","ELEVATION","NAME","DP01","DP01_ATTRIBUTES","DP10","DP10_ATTRIBUTES","DP1X","DP1X_ATTRIBUTES","DYXP","DYXP_ATTRIBUTES","EMXP","EMXP_ATTRIBUTES","PRCP","PRCP_ATTRIBUTES"
"ASN00060016","1908-05","-31.8","151.5","914.4","GREENWOOD, AS","15",",a","2",",a","0",",a","19080515",",,a","21.1",",,a,15,","36.5",",,,a"
"ASN00060016","1908-06","-31.8","151.5","914.4","GREENWOOD, AS","10",",a","4",",a","1",",a","19080611",",,a","29.5",",,a,11,","44.3",",,,a"
"ASN00060016","1908-07","-31.8","151.5","914.4","GREENWOOD, AS","16",",a","6",",a","0",",a","19080721",",,a","13.0",",,a,21,","49.9",",,,a"
"ASN00060016","1908-08","-31.8","151.5","914.4","GREENWOOD, AS","17",",a","11",",a","1",",a","19080804",",,a","27.2",",,a,04,","121.2",",,,a"
"ASN00060016","1908-09","-31.8","151.5","914.4","GREENWOOD, AS","12",",a","8",",a","2",",a","19080905",",,a","31.5",",,a,05,","100.4",",,,a"
"ASN00060016","1908-10","-31.8","151.5","914.4","GREENWOOD, AS","8",",a","3",",a","1",",a","19081018",",,a","25.4",",,a,18,","47.1",",,,a"
"ASN00060016","1908-11","-31.8","151.5","914.4","GREENWOOD, AS","18",",a","6",",a","0",",a","19081109",",,a","19.8",",,a,09,","77.4",",,,a"
"ASN00060016","1908-12","-31.8","151.5","914.4","GREENWOOD, AS","9",",a","5",",a","1",",a","19081212",",,a","44.7",",,a,12,","76.4",",,,a"
"ASN00060016","1909-01","-31.8","151.5","914.4","GREENWOOD, AS","10",",a","6",",a","1",",a","19090131",",,a","52.3",",,a,31,","93.2",",,,a"
"ASN00060016","1909-02","-31.8","151.5","914.4","GREENWOOD, AS","12",",a","6",",a","2",",a","19090201",",,a","32.3",",,a,01,","92.3",",,,a"
"ASN00060016","1909-03","-31.8","151.5","914.4","GREENWOOD, AS","14",",a","4",",a","0",",a","19090306",",,a","12.7",",,a,06,","44.4",",,,a"
"ASN00060016","1909-04","-31.8","151.5","914.4","GREENWOOD, AS","11",",a","4",",a","0",",a","19090427",",,a","10.4",",,a,27,","29.7",",,,a"
"ASN00060016","1909-05","-31.8","151.5","914.4","GREENWOOD, AS","10",",a","4",",a","1",",a","19090501",",,a","27.2",",,a,01,","47.6",",,,a"
"ASN00060016","1909-06","-31.8","151.5","914.4","GREENWOOD, AS","15",",a","7",",a","1",",a","19090627",",,a","39.9",",,a,27,","99.3",",,,a"
"ASN00060016","1909-07","-31.8","151.5","914.4","GREENWOOD, AS","14",",a","4",",a","0",",a","19090703",",,a","22.4",",,a,03,","44.8",",,,a"
"ASN00060016","1909-08","-31.8","151.5","914.4","GREENWOOD, AS","18",",a","10",",a","0",",a","19090813",",,a","22.1",",,a,13,","110.7",",,,a"
"ASN00060016","1909-09","-31.8","151.5","914.4","GREENWOOD, AS","15",",a","6",",a","0",",a","19090917",",,a","15.5",",,a,17,","56.0",",,,a"
"ASN00060016","1909-10","-31.8","151.5","914.4","GREENWOOD, AS","11",",a","5",",a","0",",a","19091009",",,a","13.2",",,a,09,","50.1",",,,a"
"ASN00060016","1909-11","-31.8","151.5","914.4","GREENWOOD, AS","11",",a","7",",a","1",",a","19091101",",,a","26.4",",,a,01,","105.7",",,,a"
"ASN00060016","1909-12","-31.8","151.5","914.4","GREENWOOD, AS","12",",a","8",",a","3",",a","19091224",",,a","72.1",",,a,24,","203.9",",,,a"
"ASN00060016","1910-01","-31.8","151.5","914.4","GREENWOOD, AS","15",",a","8",",a","3",",a","19100115",",,a","82.6",",,a,15,","243.8",",,,a"
"ASN00060016","1910-02","-31.8","151.5","914.4","GREENWOOD, AS","9",",a","5",",a","0",",a","19100212",",,a","12.4",",,a,12,","33.2",",,,a"
"ASN00060016","1910-03","-31.8","151.5","914.4","GREENWOOD, AS","23",",a","12",",a","1",",a","19100312",",,a","47.8",",,a,12,","141.5",",,,a"
"ASN00060016","1910-04","-31.8","151.5","914.4","GREENWOOD, AS","14",",a","4",",a","0",",a","19100421",",,a","13.5",",,a,21,","32.6",",,,a"
"ASN00060016","1910-05","-31.8","151.5","914.4","GREENWOOD, AS","9",",a","4",",a","0",",a","19100519",",,a","13.7",",,a,19,","37.9",",,,a"
"ASN00060016","1910-06","-31.8","151.5","914.4","GREENWOOD, AS","13",",a","7",",a","0",",a","19100602",",,a","24.6",",,a,02,","101.8",",,,a"
"ASN00060016","1910-07","-31.8","151.5","914.4","GREENWOOD, AS","17",",a","7",",a","0",",a","19100720",",,a","19.1",",,a,20,","55.7",",,,a"
"ASN00060016","1910-08","-31.8","151.5","914.4","GREENWOOD, AS","6",",a","5",",a","0",",a","19100820",",,a","13.2",",,a,20,","42.6",",,,a"
"ASN00060016","1910-09","-31.8","151.5","914.4","GREENWOOD, AS","7",",a","3",",a","0",",a","19100923",",,a","19.1",",,a,23,","46.3",",,,a"
"ASN00060016","1910-10","-31.8","151.5","914.4","GREENWOOD, AS","13",",a","5",",a","0",",a","19101029",",,a","16.5",",,a,29,","46.2",",,,a"
"ASN00060016","1910-11","-31.8","151.5","914.4","GREENWOOD, AS","14",",a","7",",a","0",",a","19101112",",,a","13.5",",,a,12,","54.2",",,,a"
"ASN00060016","1910-12","-31.8","151.5","914.4","GREENWOOD, AS","13",",a","8",",a","2",",a","19101212",",,a","62.7",",,a,12,","161.9",",,,a"
"ASN00060016","1911-01","-31.8","151.5","914.4","GREENWOOD, AS","26",",a","18",",a","3",",a","19110112",",,a","84.3",",,a,12,","268.4",",,,a"
"ASN00060016","1911-02","-31.8","151.5","914.4","GREENWOOD, AS","18",",a","13",",a","3",",a","19110204",",,a","38.4",",,a,04,","201.2",",,,a"
"ASN00060016","1911-03","-31.8","151.5","914.4","GREENWOOD, AS","18",",a","9",",a","2",",a","19110312",",,a","54.4",",,a,12,","181.9",",,,a"
"ASN00060016","1911-04","-31.8","151.5","914.4","GREENWOOD, AS","5",",a","3",",a","1",",a","19110417",",,a","33.0",",,a,17,","59.6",",,,a"
"ASN00060016","1911-05","-31.8","151.5","914.4","GREENWOOD, AS","11",",a","5",",a","0",",a","19110529",",,a","14.7",",,a,29,","49.8",",,,a"
"ASN00060016","1911-06","-31.8","151.5","914.4","GREENWOOD, AS","11",",a","7",",a","0",",a","19110620",",,a","11.9",",,a,20,","52.4",",,,a"
"ASN00060016","1911-07","-31.8","151.5","914.4","GREENWOOD, AS","15",",a","11",",a","2",",a","19110714",",,a","31.5",",,a,14,","132.8",",,,a"
"ASN00060016","1911-08","-31.8","151.5","914.4","GREENWOOD, AS","13",",a","8",",a","1",",a","19110825",",,a","81.5",",,a,25,","162.2",",,,a"
"ASN00060016","1911-09","-31.8","151.5","914.4","GREENWOOD, AS","14",",a","9",",a","0",",a","19110916",",,a","15.2",",,a,16,","77.1",",,,a"
"ASN00060016","1911-10","-31.8","151.5","914.4","GREENWOOD, AS","11",",a","5",",a","0",",a","19111010",",,a","14.2",",,a,10,","46.0",",,,a"
"ASN00060016","1911-11","-31.8","151.5","914.4","GREENWOOD, AS","7",",a","4",",a","2",",a","19111125",",,a","56.4",",,a,25,","130.3",",,,a"
"ASN00060016","1911-12","-31.8","151.5","914.4","GREENWOOD, AS","7",",a","5",",a","1",",a","19111203",",,a","25.7",",,a,03,","62.9",",,,a"
"ASN00060016","1912-01","-31.8","151.5","914.4","GREENWOOD, AS","7",",a","5",",a","1",",a","19120106",",,a","26.4",",,a,06,","64.5",",,,a"
"ASN00060016","1912-02","-31.8","151.5","914.4","GREENWOOD, AS","12",",a","7",",a","1",",a","19120210",",,a","55.1",",,a,10,","128.8",",,,a"
"ASN00060016","1912-03","-31.8","151.5","914.4","GREENWOOD, AS","12",",a","11",",a","1",",a","19120303",",,a","33.0",",,a,03,","111.4",",,,a"
"ASN00060016","1912-04","-31.8","151.5","914.4","GREENWOOD, AS","3",",a","3",",a","0",",a","19120423",",,a","16.5",",,a,23,","24.6",",,,a"
"ASN00060016","1912-05","-31.8","151.5","914.4","GREENWOOD, AS","10",",a","5",",a","0",",a","19120524",",,a","20.1",",,a,24,","44.2",",,,a"
"ASN00060016","1912-06","-31.8","151.5","914.4","GREENWOOD, AS","11",",a","6",",a","1",",a","19120610",",,a","36.6",",,a,10,","107.3",",,,a"
"ASN00060016","1912-07","-31.8","151.5","914.4","GREENWOOD, AS","22",",a","14",",a","2",",a","19120714",",,a","33.5",",,a,14,","154.0",",,,a"
"ASN00060016","1912-08","-31.8","151.5","914.4","GREENWOOD, AS","13",",a","7",",a","0",",a","19120814",",,a","14.0",",,a,14,","58.5",",,,a"
"ASN00060016","1912-09","-31.8","151.5","914.4","GREENWOOD, AS","5",",a","2",",a","0",",a","19120919",",,a","14.5",",,a,19,","26.7",",,,a"
"ASN00060016","1912-10","-31.8","151.5","914.4","GREENWOOD, AS","5",",a","3",",a","0",",a","19121005",",,a","22.9",",,a,05,","57.3",",,,a"
"ASN00060016","1912-11","-31.8","151.5","914.4","GREENWOOD, AS","11",",a","6",",a","0",",a","19121121",",,a","12.2",",,a,21,","52.1",",,,a"
"ASN00060016","1912-12","-31.8","151.5","914.4","GREENWOOD, AS","10",",a","7",",a","2",",a","19121213",",,a","31.5",",,a,13,","96.0",",,,a"
"ASN00060016","1913-01","-31.8","151.5","914.4","GREENWOOD, AS","13",",a","6",",a","0",",a","19130105",",,a","22.6",",,a,05,","86.8",",,,a"
"ASN00060016","1913-02","-31.8","151.5","914.4","GREENWOOD, AS","11",",a","8",",a","3",",a","19130210",",,a","45.5",",,a,10,","125.5",",,,a"
"ASN00060016","1913-03","-31.8","151.5","914.4","GREENWOOD, AS","9",",a","8",",a","2",",a","19130322",",,a","35.6",",,a,22,","118.6",",,,a"
"ASN00060016","1913-04","-31.8","151.5","914.4","GREENWOOD, AS","17",",a","10",",a","3",",a","19130406",",,a","67.8",",,a,06,","224.9",",,,a"
"ASN00060016","1913-05","-31.8","151.5","914.4","GREENWOOD, AS","21",",a","12",",a","3",",a","19130514",",,a","85.9",",,a,14,","261.4",",,,a"
"ASN00060016","1913-06","-31.8","151.5","914.4","GREENWOOD, AS","12",",a","11",",a","1",",a","19130630",",,a","26.7",",,a,30,","145.2",",,,a"
"ASN00060016","1913-07","-31.8","151.5","914.4","GREENWOOD, AS","9",",a","5",",a","1",",a","19130701",",,a","38.1",",,a,01,","74.2",",,,a"
"ASN00060016","1913-08","-31.8","151.5","914.4","GREENWOOD, AS","7",",a","3",",a","0",",a","19130821",",,a","15.2",",,a,21,","37.3",",,,a"
"ASN00060016","1913-09","-31.8","151.5","914.4","GREENWOOD, AS","10",",a","7",",a","0",",a","19130919",",,a","15.0",",,a,19,","66.6",",,,a"
"ASN00060016","1913-10","-31.8","151.5","914.4","GREENWOOD, AS","7",",a","5",",a","0",",a","19131028",",,a","20.1",",,a,28,","60.9",",,,a"
"ASN00060016","1913-11","-31.8","151.5","914.4","GREENWOOD, AS","7",",a","5",",a","1",",a","19131113",",,a","38.1",",,a,13,","59.7",",,,a"
"ASN00060016","1913-12","-31.8","151.5","914.4","GREENWOOD, AS","6",",a","4",",a","1",",a","19131219",",,a","34.5",",,a,19,","60.0",",,,a"
"ASN00060016","1914-01","-31.8","151.5","914.4","GREENWOOD, AS","10",",a","8",",a","0",",a","19140120",",,a","22.6",",,a,20,","69.9",",,,a"
"ASN00060016","1914-02","-31.8","151.5","914.4","GREENWOOD, AS","9",",a","5",",a","1",",a","19140228",",,a","42.9",",,a,28,","72.1",",,,a"
"ASN00060016","1914-03","-31.8","151.5","914.4","GREENWOOD, AS","15",",a","13",",a","2",",a","19140324",",,a","77.0",",,a,24,","202.5",",,,a"
"ASN00060016","1914-04","-31.8","151.5","914.4","GREENWOOD, AS","3",",a","3",",a","0",",a","19140417",",,a","19.3",",,a,17,","32.8",",,,a"
"ASN00060016","1914-05","-31.8","151.5","914.4","GREENWOOD, AS","10",",a","8",",a","1",",a","19140508",",,a","32.3",",,a,08,","93.6",",,,a"
"ASN00060016","1914-06","-31.8","151.5","914.4","GREENWOOD, AS","12",",a","7",",a","1",",a","19140618",",,a","84.8",",,a,18,","127.6",",,,a"
"ASN00060016","1914-07","-31.8","151.5","914.4","GREENWOOD, AS","13",",a","4",",a","0",",a","19140731",",,a","9.7",",,a,31,","31.9",",,,a"
"ASN00060016","1914-08","-31.8","151.5","914.4","GREENWOOD, AS","8",",a","5",",a","0",",a","19140820",",,a","5.3",",,a,20,","22.1",",,,a"
"ASN00060016","1914-09","-31.8","151.5","914.4","GREENWOOD, AS","8",",a","6",",a","1",",a","19140918",",,a","30.2",",,a,18,","73.4",",,,a"
"ASN00060016","1914-10","-31.8","151.5","914.4","GREENWOOD, AS","16",",a","8",",a","1",",a","19141018",",,a","51.6",",,a,18,","131.7",",,,a"
"ASN00060016","1914-11","-31.8","151.5","914.4","GREENWOOD, AS","16",",a","10",",a","1",",a","19141107",",,a","79.2",",,a,07,","177.6",",,,a"
"ASN00060016","1914-12","-31.8","151.5","914.4","GREENWOOD, AS","14",",a","10",",a","1",",a","19141221",",,a","41.1",",,a,21,","156.0",",,,a"
"ASN00060016","1915-01","-31.8","151.5","914.4","GREENWOOD, AS","7",",a","4",",a","1",",a","19150131",",,a","53.1",",,a,31,","74.5",",,,a"
"ASN00060016","1915-02","-31.8","151.5","914.4","GREENWOOD, AS","5",",a","4",",a","0",",a","19150210",",,a","15.2",",,a,10,","28.5",",,,a"
"ASN00060016","1915-03","-31.8","151.5","914.4","GREENWOOD, AS","7",",a","4",",a","0",",a","19150331",",,a","17.3",",,a,31,","37.0",",,,a"
"ASN00060016","1915-04","-31.8","151.5","914.4","GREENWOOD, AS","7",",a","5",",a","0",",a","19150422",",,a","4.6",",,a,22,","20.0",",,,a"
"ASN00060016","1915-05","-31.8","151.5","914.4","GREENWOOD, AS","9",",a","6",",a","2",",a","19150507",",,a","73.7",",,a,07,","186.7",",,,a"
"ASN00060016","1915-06","-31.8","151.5","914.4","GREENWOOD, AS","13",",a","8",",a","0",",a","19150629",",,a","12.7",",,a,29,","82.4",",,,a"
"ASN00060016","1915-07","-31.8","151.5","914.4","GREENWOOD, AS","10",",a","7",",a","1",",a","19150720",",,a","59.9",",,a,20,","97.0",",,,a"
"ASN00060016","1915-08","-31.8","151.5","914.4","GREENWOOD, AS","10",",a","7",",a","0",",a","19150805",",,a","11.4",",,a,05,","42.5",",,,a"
"ASN00060016","1915-09","-31.8","151.5","914.4","GREENWOOD, AS","7",",a","5",",a","1",",a","19150920",",,a","55.4",",,a,20,","92.7",",,,a"
"ASN00060016","1915-10","-31.8","151.5","914.4","GREENWOOD, AS","6",",a","4",",a","0",",a","19151015",",,a","17.8",",,a,15,","36.6",",,,a"
"ASN00060016","1915-11","-31.8","151.5","914.4","GREENWOOD, AS","4",",a","1",",a","0",",a","19151122",",,a","12.7",",,a,22,","16.0",",,,a"
"ASN00060016","1915-12","-31.8","151.5","914.4","GREENWOOD, AS","12",",a","8",",a","1",",a","19151216",",,a","27.7",",,a,16,","112.1",",,,a"
"ASN00060016","1916-01","-31.8","151.5","914.4","GREENWOOD, AS","9",",a","6",",a","0",",a","19160121",",,a","22.6",",,a,21,","55.5",",,,a"
"ASN00060016","1916-02","-31.8","151.5","914.4","GREENWOOD, AS","11",",a","11",",a","2",",a","19160223",",,a","40.4",",,a,23,","134.5",",,,a"
"ASN00060016","1916-03","-31.8","151.5","914.4","GREENWOOD, AS","8",",a","6",",a","0",",a","19160328",",,a","15.2",",,a,28,","55.8",",,,a"
"ASN00060016","1916-04","-31.8","151.5","914.4","GREENWOOD, AS","10",",a","9",",a","0",",a","19160408",",,a","19.3",",,a,08,","101.2",",,,a"
"ASN00060016","1916-05","-31.8","151.5","914.4","GREENWOOD, AS","8",",a","5",",a","2",",a","19160505",",,a","35.6",",,a,05,","85.7",",,,a"
"ASN00060016","1916-06","-31.8","151.5","914.4","GREENWOOD, AS","14",",a","11",",a","1",",a","19160615",",,a","25.9",",,a,15,","107.9",",,,a"
"ASN00060016","1916-07","-31.8","151.5","914.4","GREENWOOD, AS","12",",a","6",",a","0",",a","19160719",",,a","10.2",",,a,19,","39.7",",,,a"
"ASN00060016","1916-08","-31.8","151.5","914.4","GREENWOOD, AS","12",",a","9",",a","0",",a","19160829",",,a","22.6",",,a,29,","84.0",",,,a"
"ASN00060016","1916-09","-31.8","151.5","914.4","GREENWOOD, AS","6",",a","6",",a","0",",a","19160928",",,a","18.0",",,a,28,","53.9",",,,a"
"ASN00060016","1916-10","-31.8","151.5","914.4","GREENWOOD, AS","14",",a","8",",a","0",",a","19161017",",,a","22.9",",,a,17,","87.7",",,,a"
"ASN00060016","1916-11","-31.8","151.5","914.4","GREENWOOD, AS","14",",a","14",",a","0",",a","19161118",",,a","20.6",",,a,18,","128.6",",,,a"
"ASN00060016","1916-12","-31.8","151.5","914.4","GREENWOOD, AS","15",",a","11",",a","3",",a","19161212",",,a","45.7",",,a,12,","195.8",",,,a"
"ASN00060016","1917-01","-31.8","151.5","914.4","GREENWOOD, AS","16",",a","10",",a","1",",a","19170123",",,a","31.0",",,a,23,","135.6",",,,a"
"ASN00060016","1917-02","-31.8","151.5","914.4","GREENWOOD, AS","12",",a","7",",a","0",",a","19170204",",,a","23.6",",,a,04,","58.4",",,,a"
"ASN00060016","1917-03","-31.8","151.5","914.4","GREENWOOD, AS","11",",a","6",",a","0",",a","19170316",",,a","11.7",",,a,16,","56.9",",,,a"
"ASN00060016","1917-04","-31.8","151.5","914.4","GREENWOOD, AS","10",",a","7",",a","0",",a","19170422",",,a","7.6",",,a,22,","33.2",",,,a"
"ASN00060016","1917-05","-31.8","151.5","914.4","GREENWOOD, AS","8",",a","3",",a","0",",a","19170504",",,a","13.5",",,a,04,","28.0",",,,a"
"ASN00060016","1917-06","-31.8","151.5","914.4","GREENWOOD, AS","12",",a","5",",a","0",",a","19170622",",,a","21.8",",,a,22,","62.1",",,,a"
"ASN00060016","1917-07","-31.8","151.5","914.4","GREENWOOD, AS","9",",a","6",",a","0",",a","19170719",",,a","15.0",",,a,19,","65.8",",,,a"
"ASN00060016","1917-08","-31.8","151.5","914.4","GREENWOOD, AS","9",",a","4",",a","0",",a","19170831",",,a","16.5",",,a,31,","54.1",",,,a"
"ASN00060016","1917-09","-31.8","151.5","914.4","GREENWOOD, AS","9",",a","8",",a","3",",a","19170919",",,a","39.9",",,a,19,","137.9",",,,a"
"ASN00060016","1917-10","-31.8","151.5","914.4","GREENWOOD, AS","13",",a","8",",a","0",",a","19171003",",,a","23.6",",,a,03,","88.0",",,,a"
"ASN00060016","1917-11","-31.8","151.5","914.4","GREENWOOD, AS","17",",a","15",",a","2",",a","19171109",",,a","61.7",",,a,09,","223.6",",,,a"
"ASN00060016","1917-12","-31.8","151.5","914.4","GREENWOOD, AS","13",",a","11",",a","1",",a","19171202",",,a","31.5",",,a,02,","127.2",",,,a"
"ASN00060016","1918-01","-31.8","151.5","914.4","GREENWOOD, AS","13",",a","12",",a","4",",a","19180112",",,a","60.2",",,a,12,","218.7",",,,a"
"ASN00060016","1918-02","-31.8","151.5","914.4","GREENWOOD, AS","12",",a","7",",a","0",",a","19180216","+,,a","13.5",",,a,16,+","55.4",",,,a"
"ASN00060016","1918-03","-31.8","151.5","914.4","GREENWOOD, AS","14",",a","9",",a","0",",a","19180303",",,a","12.2",",,a,03,","56.9",",,,a"
"ASN00060016","1918-04","-31.8","151.5","914.4","GREENWOOD, AS","17",",a","13",",a","0",",a","19180424","+,,a","11.7",",,a,24,+","107.0",",,,a"
"ASN00060016","1918-05","-31.8","151.5","914.4","GREENWOOD, AS","8",",a","5",",a","0",",a","19180507",",,a","10.2",",,a,07,","34.8",",,,a"
"ASN00060016","1918-06","-31.8","151.5","914.4","GREENWOOD, AS","3",",a","2",",a","0",",a","19180609",",,a","11.2",",,a,09,","15.7",",,,a"
"ASN00060016","1918-07","-31.8","151.5","914.4","GREENWOOD, AS","7",",a","6",",a","1",",a","19180722",",,a","27.9",",,a,22,","54.5",",,,a"
"ASN00060016","1918-08","-31.8","151.5","914.4","GREENWOOD, AS","15",",a","11",",a","0",",a","19180830",",,a","24.6",",,a,30,","123.2",",,,a"
"ASN00060016","1918-09","-31.8","151.5","914.4","GREENWOOD, AS","10",",a","6",",a","0",",a","19180916",",,a","11.7",",,a,16,","42.2",",,,a"
"ASN00060016","1918-10","-31.8","151.5","914.4","GREENWOOD, AS","7",",a","7",",a","0",",a","19181010",",,a","13.0",",,a,10,","39.6",",,,a"
"ASN00060016","1918-11","-31.8","151.5","914.4","GREENWOOD, AS","4",",a","2",",a","0",",a","19181112",",,a","11.4",",,a,12,","19.1",",,,a"
"ASN00060016","1918-12","-31.8","151.5","914.4","GREENWOOD, AS","4",",a","2",",a","0",",a","19181221",",,a","8.6",",,a,21,","14.5",",,,a"
"ASN00060016","1919-01","-31.8","151.5","914.4","GREENWOOD, AS","9",",a","6",",a","2",",a","19190130",",,a","52.8",",,a,30,","119.4",",,,a"
"ASN00060016","1919-02","-31.8","151.5","914.4","GREENWOOD, AS","11",",a","6",",a","2",",a","19190228",",,a","31.2",",,a,28,","84.2",",,,a"
"ASN00060016","1919-03","-31.8","151.5","914.4","GREENWOOD, AS","7",",a","6",",a","1",",a","19190303",",,a","27.9",",,a,03,","70.6",",,,a"
"ASN00060016","1919-04","-31.8","151.5","914.4","GREENWOOD, AS","14",",a","10",",a","0",",a","19190428",",,a","11.4",",,a,28,","63.0",",,,a"
"ASN00060016","1919-05","-31.8","151.5","914.4","GREENWOOD, AS","19",",a","15",",a","2",",a","19190528",",,a","39.6",",,a,28,","174.9",",,,a"
"ASN00060016","1919-06","-31.8","151.5","914.4","GREENWOOD, AS","4",",a","3",",a","0",",a","19190613",",,a","12.7",",,a,13,","31.0",",,,a"
"ASN00060016","1919-07","-31.8","151.5","914.4","GREENWOOD, AS","7",",a","4",",a","0",",a","19190727",",,a","10.9",",,a,27,","30.8",",,,a"
"ASN00060016","1919-08","-31.8","151.5","914.4","GREENWOOD, AS","5",",a","4",",a","0",",a","19190828",",,a","9.9",",,a,28,","27.9",",,,a"
"ASN00060016","1919-09","-31.8","151.5","914.4","GREENWOOD, AS","4",",a","2",",a","0",",a","19190906",",,a","23.1",",,a,06,","45.0",",,,a"
"ASN00060016","1919-10","-31.8","151.5","914.4","GREENWOOD, AS","8",",a","5",",a","0",",a","19191008",",,a","15.2",",,a,08,","37.0",",,,a"
"ASN00060016","1919-11","-31.8","151.5","914.4","GREENWOOD, AS","8",",a","5",",a","0",",a","19191120",",,a","15.2",",,a,20,","44.9",",,,a"
"ASN00060016","1919-12","-31.8","151.5","914.4","GREENWOOD, AS","8",",a","5",",a","1",",a","19191203",",,a","28.2",",,a,03,","99.7",",,,a"
"ASN00060016","1920-01","-31.8","151.5","914.4","GREENWOOD, AS","16",",a","14",",a","0",",a","19200118",",,a","21.3",",,a,18,","138.8",",,,a"
"ASN00060016","1920-02","-31.8","151.5","914.4","GREENWOOD, AS","7",",a","6",",a","2",",a","19200207",",,a","42.4",",,a,07,","89.8",",,,a"
"ASN00060016","1920-03","-31.8","151.5","914.4","GREENWOOD, AS","5",",a","5",",a","0",",a","19200307",",,a","8.4",",,a,07,","29.7",",,,a"
"ASN00060016","1920-04","-31.8","151.5","914.4","GREENWOOD, AS","9",",a","1",",a","0",",a","19200428",",,a","2.5",",,a,28,","15.0",",,,a"
"ASN00060016","1920-05","-31.8","151.5","914.4","GREENWOOD, AS","4",",a","2",",a","0",",a","19200504",",,a","18.3",",,a,04,","37.9",",,,a"
"ASN00060016","1920-06","-31.8","151.5","914.4","GREENWOOD, AS","13",",a","9",",a","2",",a","19200630","+,,a","25.4",",,a,30,+","117.7",",,,a"
"ASN00060016","1920-07","-31.8","151.5","914.4","GREENWOOD, AS","11",",a","9",",a","0",",a","19200729",",,a","14.5",",,a,29,","82.5",",,,a"
"ASN00060016","1920-08","-31.8","151.5","914.4","GREENWOOD, AS","10",",a","9",",a","1",",a","19200825",",,a","31.0",",,a,25,","104.5",",,,a"
"ASN00060016","1920-09","-31.8","151.5","914.4","GREENWOOD, AS","12",",a","11",",a","0",",a","19200918",",,a","20.1",",,a,18,","101.3",",,,a"
"ASN00060016","1920-10","-31.8","151.5","914.4","GREENWOOD, AS","9",",a","7",",a","0",",a","19201014",",,a","8.6",",,a,14,","46.8",",,,a"
"ASN00060016","1920-11","-31.8","151.5","914.4","GREENWOOD, AS","9",",a","6",",a","0",",a","19201130",",,a","23.9",",,a,30,","78.1",",,,a"
"ASN00060016","1920-12","-31.8","151.5","914.4","GREENWOOD, AS","12",",a","10",",a","0",",a","19201225",",,a","22.9",",,a,25,","124.0",",,,a"
"ASN00060016","1921-01","-31.8","151.5","914.4","GREENWOOD, AS","10",",a","9",",a","0",",a","19210129",",,a","11.7",",,a,29,","70.6",",,,a"
"ASN00060016","1921-02","-31.8","151.5","914.4","GREENWOOD, AS","8",",a","5",",a","0",",a","19210201",",,a","11.9",",,a,01,","45.9",",,,a"
"ASN00060016","1921-03","-31.8","151.5","914.4","GREENWOOD, AS","16",",a","15",",a","2",",a","19210303",",,a","71.1",",,a,03,","197.2",",,,a"
"ASN00060016","1921-04","-31.8","151.5","914.4","GREENWOOD, AS","11",",a","9",",a","1",",a","19210408",",,a","47.5",",,a,08,","137.8",",,,a"
"ASN00060016","1921-05","-31.8","151.5","914.4","GREENWOOD, AS","14",",a","13",",a","3",",a","19210516",",,a","33.3",",,a,16,","202.8",",,,a"
"ASN00060016","1921-06","-31.8","151.5","914.4","GREENWOOD, AS","10",",a","10",",a","2",",a","19210626",",,a","46.2",",,a,26,","119.5",",,,a"
"ASN00060016","1921-07","-31.8","151.5","914.4","GREENWOOD, AS","10",",a","7",",a","3",",a","19210723",",,a","127.0",",,a,23,","306.6",",,,a"
"ASN00060016","1921-08","-31.8","151.5","914.4","GREENWOOD, AS","5",",a","4",",a","0",",a","19210812",",,a","10.4",",,a,12,","26.9",",,,a"
"ASN00060016","1921-09","-31.8","151.5","914.4","GREENWOOD, AS","10",",a","8",",a","0",",a","19210918",",,a","20.3",",,a,18,","64.3",",,,a"
"ASN00060016","1921-10","-31.8","151.5","914.4","GREENWOOD, AS","9",",a","7",",a","2",",a","19211002",",,a","38.1",",,a,02,","118.1",",,,a"
"ASN00060016","1921-11","-31.8","151.5","914.4","GREENWOOD, AS","10",",a","8",",a","1",",a","19211112",",,a","38.9",",,a,12,","102.2",",,,a"
"ASN00060016","1921-12","-31.8","151.5","914.4","GREENWOOD, AS","12",",a","9",",a","2",",a","19211227",",,a","50.8",",,a,27,","157.2",",,,a"
"ASN00060016","1922-01","-31.8","151.5","914.4","GREENWOOD, AS","10",",a","8",",a","0",",a","19220101",",,a","23.6",",,a,01,","83.0",",,,a"
"ASN00060016","1922-02","-31.8","151.5","914.4","GREENWOOD, AS","10",",a","10",",a","2",",a","19220228",",,a","31.8",",,a,28,","141.6",",,,a"
"ASN00060016","1922-03","-31.8","151.5","914.4","GREENWOOD, AS","4",",a","2",",a","0",",a","19220301",",,a","7.9",",,a,01,","13.3",",,,a"
"ASN00060016","1922-04","-31.8","151.5","914.4","GREENWOOD, AS","6",",a","4",",a","0",",a","19220405",",,a","8.9",",,a,05,","26.6",",,,a"
"ASN00060016","1922-05","-31.8","151.5","914.4","GREENWOOD, AS","13",",a","9",",a","0",",a","19220522",",,a","9.1",",,a,22,","46.4",",,,a"
"ASN00060016","1922-06","-31.8","151.5","914.4","GREENWOOD, AS","11",",a","6",",a","1",",a","19220612",",,a","31.0",",,a,12,","73.8",",,,a"
"ASN00060016","1922-07","-31.8","151.5","914.4","GREENWOOD, AS","10",",a","7",",a","2",",a","19220724",",,a","59.2",",,a,24,","139.4",",,,a"
"ASN00060016","1922-08","-31.8","151.5","914.4","GREENWOOD, AS","8",",a","7",",a","1",",a","19220805",",,a","30.5",",,a,05,","103.0",",,,a"
"ASN00060016","1922-09","-31.8","151.5","914.4","GREENWOOD, AS","13",",a","11",",a","1",",a","19220913",",,a","66.0",",,a,13,","128.6",",,,a"
"ASN00060016","1922-10","-31.8","151.5","914.4","GREENWOOD, AS","7",",a","5",",a","0",",a","19221001",",,a","21.6",",,a,01,","65.1",",,,a"
"ASN00060016","1922-11","-31.8","151.5","914.4","GREENWOOD, AS","4",",a","4",",a","0",",a","19221123",",,a","6.6",",,a,23,","23.3",",,,a"
"ASN00060016","1922-12","-31.8","151.5","914.4","GREENWOOD, AS","12",",a","8",",a","2",",a","19221208",",,a","31.2",",,a,08,","117.1",",,,a"
"ASN00060016","1923-01","-31.8","151.5","914.4","GREENWOOD, AS","10",",a","7",",a","1",",a","19230106",",,a","37.3",",,a,06,","81.7",",,,a"
"ASN00060016","1923-02","-31.8","151.5","914.4","GREENWOOD, AS","5",",a","3",",a","0",",a","19230226",",,a","22.9",",,a,26,","35.4",",,,a"
"ASN00060016","1923-03","-31.8","151.5","914.4","GREENWOOD, AS","7",",a","6",",a","0",",a","19230306",",,a","7.4",",,a,06,","24.6",",,,a"
"ASN00060016","1923-04","-31.8","151.5","914.4","GREENWOOD, AS","6",",a","6",",a","0",",a","19230425",",,a","12.7",",,a,25,","40.4",",,,a"
"ASN00060016","1923-05","-31.8","151.5","914.4","GREENWOOD, AS","4",",a","1",",a","0",",a","19230510",",,a","5.8",",,a,10,","11.4",",,,a"
"ASN00060016","1923-06","-31.8","151.5","914.4","GREENWOOD, AS","12",",a","8",",a","2",",a","19230627",",,a","36.8",",,a,27,","124.8",",,,a"
"ASN00060016","1923-07","-31.8","151.5","914.4","GREENWOOD, AS","11",",a","9",",a","1",",a","19230709",",,a","39.4",",,a,09,","122.1",",,,a"
"ASN00060016","1923-08","-31.8","151.5","914.4","GREENWOOD, AS","7",",a","7",",a","1",",a","19230806",",,a","29.2",",,a,06,","76.8",",,,a"
"ASN00060016","1923-09","-31.8","151.5","914.4","GREENWOOD, AS","8",",a","6",",a","1",",a","19230904",",,a","44.7",",,a,04,","102.3",",,,a"
"ASN00060016","1923-10","-31.8","151.5","914.4","GREENWOOD, AS","4",",a","2",",a","0",",a","19231020",",,a","22.9",",,a,20,","47.5",",,,a"
"ASN00060016","1923-11","-31.8","151.5","914.4","GREENWOOD, AS","6",",a","6",",a","1",",a","19231119",",,a","30.5",",,a,19,","63.4",",,,a"
"ASN00060016","1923-12","-31.8","151.5","914.4","GREENWOOD, AS","9",",a","9",",a","2",",a","19231227",",,a","51.6",",,a,27,","143.3",",,,a"
"ASN00060016","1924-01","-31.8","151.5","914.4","GREENWOOD, AS","9",",a","7",",a","3",",a","19240123",",,a","53.3",",,a,23,","157.9",",,,a"
"ASN00060016","1924-02","-31.8","151.5","914.4","GREENWOOD, AS","10",",a","10",",a","1",",a","19240219",",,a","51.8",",,a,19,","150.3",",,,a"
"ASN00060016","1924-03","-31.8","151.5","914.4","GREENWOOD, AS","6",",a","5",",a","0",",a","19240328",",,a","14.0",",,a,28,","45.5",",,,a"
"ASN00060016","1924-04","-31.8","151.5","914.4","GREENWOOD, AS","10",",a","10",",a","1",",a","19240403",",,a","30.5",",,a,03,","128.1",",,,a"
"ASN00060016","1924-05","-31.8","151.5","914.4","GREENWOOD, AS","5",",a","3",",a","0",",a","19240515",",,a","16.5",",,a,15,","36.1",",,,a"
"ASN00060016","1924-06","-31.8","151.5","914.4","GREENWOOD, AS","8",",a","8",",a","0",",a","19240612",",,a","16.5",",,a,12,","72.9",",,,a"
"ASN00060016","1924-07","-31.8","151.5","914.4","GREENWOOD, AS","7",",a","7",",a","2",",a","19240723",",,a","48.8",",,a,23,","126.2",",,,a"
"ASN00060016","1924-08","-31.8","151.5","914.4","GREENWOOD, AS","7",",a","5",",a","0",",a","19240811",",,a","22.9",",,a,11,","54.1",",,,a"
"ASN00060016","1924-09","-31.8","151.5","914.4","GREENWOOD, AS","6",",a","6",",a","1",",a","19240929",",,a","37.3",",,a,29,","73.3",",,,a"
"ASN00060016","1924-10","-31.8","151.5","914.4","GREENWOOD, AS","8",",a","6",",a","0",",a","19241005",",,a","16.8",",,a,05,","56.8",",,,a"
"ASN00060016","1924-11","-31.8","151.5","914.4","GREENWOOD, AS","14",",a","12",",a","4",",a","19241112",",,a","40.6",",,a,12,","215.6",",,,a"
"ASN00060016","1924-12","-31.8","151.5","914.4","GREENWOOD, AS","5",",a","5",",a","2",",a","19241216",",,a","31.8",",,a,16,","102.9",",,,a"
"ASN00060016","1925-01","-31.8","151.5","914.4","GREENWOOD, AS","12",",a","12",",a","0",",a","19250130",",,a","20.8",",,a,30,","120.4",",,,a"
"ASN00060016","1925-02","-31.8","151.5","914.4","GREENWOOD, AS","8",",a","7",",a","1",",a","19250226",",,a","35.6",",,a,26,","79.5",",,,a"
"ASN00060016","1925-03","-31.8","151.5","914.4","GREENWOOD, AS","12",",a","9",",a","1",",a","19250304",",,a","29.2",",,a,04,","96.1",",,,a"
"ASN00060016","1925-04","-31.8","151.5","914.4","GREENWOOD, AS","7",",a","6",",a","0",",a","19250404",",,a","20.3",",,a,04,","45.7",",,,a"
"ASN00060016","1925-05","-31.8","151.5","914.4","GREENWOOD, AS","9",",a","8",",a","1",",a","19250508",",,a","41.1",",,a,08,","121.2",",,,a"
"ASN00060016","1925-06","-31.8","151.5","914.4","GREENWOOD, AS","13",",a","11",",a","0",",a","19250620",",,a","20.3",",,a,20,","108.8",",,,a"
"ASN00060016","1925-07","-31.8","151.5","914.4","GREENWOOD, AS","3",",a","3",",a","0",",a","19250725",",,a","16.5",",,a,25,","38.8",",,,a"
"ASN00060016","1925-08","-31.8","151.5","914.4","GREENWOOD, AS","8",",a","6",",a","1",",a","19250810",",,a","26.2",",,a,10,","76.4",",,,a"
"ASN00060016","1925-09","-31.8","151.5","914.4","GREENWOOD, AS","4",",a","4",",a","0",",a","19250929",",,a","6.4",",,a,29,","16.0",",,,a"
"ASN00060016","1925-10","-31.8","151.5","914.4","GREENWOOD, AS","6",",a","4",",a","0",",a","19251014",",,a","14.0",",,a,14,","38.2",",,,a"
"ASN00060016","1925-11","-31.8","151.5","914.4","GREENWOOD, AS","12",",a","11",",a","1",",a","19251119",",,a","43.4",",,a,19,","143.5",",,,a"
"ASN00060016","1925-12","-31.8","151.5","914.4","GREENWOOD, AS","11",",a","7",",a","1",",a","19251231",",,a","35.6",",,a,31,","100.1",",,,a"
"ASN00060016","1926-01","-31.8","151.5","914.4","GREENWOOD, AS","6",",a","6",",a","1",",a","19260106",",,a","35.6",",,a,06,","73.8",",,,a"
"ASN00060016","1926-02","-31.8","151.5","914.4","GREENWOOD, AS","5",",a","4",",a","0",",a","19260209",",,a","12.7",",,a,09,","24.1",",,,a"
"ASN00060016","1926-03","-31.8","151.5","914.4","GREENWOOD, AS","13",",a","11",",a","2",",a","19260324",",,a","59.7",",,a,24,","166.5",",,,a"
"ASN00060016","1926-04","-31.8","151.5","914.4","GREENWOOD, AS","11",",a","10",",a","1",",a","19260407",",,a","30.5",",,a,07,","104.7",",,,a"
"ASN00060016","1926-05","-31.8","151.5","914.4","GREENWOOD, AS","10",",a","10",",a","0",",a","19260511",",,a","18.8",",,a,11,","115.9",",,,a"
"ASN00060016","1926-06","-31.8","151.5","914.4","GREENWOOD, AS","5",",a","5",",a","0",",a","19260601",",,a","15.7",",,a,01,","48.8",",,,a"
"ASN00060016","1926-07","-31.8","151.5","914.4","GREENWOOD, AS","7",",a","7",",a","2",",a","19260702",",,a","37.6",",,a,02,","113.9",",,,a"
"ASN00060016","1926-08","-31.8","151.5","914.4","GREENWOOD, AS","7",",a","7",",a","0",",a","19260809",",,a","10.2",",,a,09,","45.4",",,,a"
"ASN00060016","1926-09","-31.8","151.5","914.4","GREENWOOD, AS","6",",a","5",",a","0",",a","19260911",",,a","20.3",",,a,11,","53.1",",,,a"
"ASN00060016","1926-10","-31.8","151.5","914.4","GREENWOOD, AS","8",",a","3",",a","0",",a","19261013","+,,a","4.3",",,a,13,+","18.4",",,,a"
"ASN00060016","1926-11","-31.8","151.5","914.4","GREENWOOD, AS","3",",a","3",",a","0",",a","19261123",",,a","7.9",",,a,23,","18.0",",,,a"
"ASN00060016","1926-12","-31.8","151.5","914.4","GREENWOOD, AS","16",",a","12",",a","5",",a","19261202",",,a","43.2",",,a,02,","224.9",",,,a"
"ASN00060016","1927-01","-31.8","151.5","914.4","GREENWOOD, AS","11",",a","10",",a","2",",a","19270122",",,a","68.1",",,a,22,","165.0",",,,a"
"ASN00060016","1927-02","-31.8","151.5","914.4","GREENWOOD, AS","2",",a","2",",a","0",",a","19270220",",,a","6.4",",,a,20,","11.2",",,,a"
"ASN00060016","1927-03","-31.8","151.5","914.4","GREENWOOD, AS","7",",a","6",",a","2",",a","19270314",",,a","37.1",",,a,14,","87.6",",,,a"
"ASN00060016","1927-04","-31.8","151.5","914.4","GREENWOOD, AS","11",",a","10",",a","2",",a","19270402",",,a","36.6",",,a,02,","144.0",",,,a"
"ASN00060016","1927-05","-31.8","151.5","914.4","GREENWOOD, AS","3",",a","3",",a","0",",a","19270506",",,a","15.2",",,a,06,","22.6",",,,a"
"ASN00060016","1927-06","-31.8","151.5","914.4","GREENWOOD, AS","5",",a","4",",a","0",",a","19270620",",,a","14.2",",,a,20,","38.6",",,,a"
"ASN00060016","1927-07","-31.8","151.5","914.4","GREENWOOD, AS","3",",a","2",",a","0",",a","19270725",",,a","19.8",",,a,25,","27.0",",,,a"
"ASN00060016","1927-08","-31.8","151.5","914.4","GREENWOOD, AS","6",",a","4",",a","0",",a","19270801",",,a","12.7",",,a,01,","31.4",",,,a"
"ASN00060016","1927-09","-31.8","151.5","914.4","GREENWOOD, AS","11",",a","5",",a","0",",a","19270923",",,a","8.6",",,a,23,","31.7",",,,a"
"ASN00060016","1927-10","-31.8","151.5","914.4","GREENWOOD, AS","11",",a","7",",a","1",",a","19271014",",,a","29.0",",,a,14,","77.3",",,,a"
"ASN00060016","1927-11","-31.8","151.5","914.4","GREENWOOD, AS","11",",a","8",",a","3",",a","19271125",",,a","44.5",",,a,25,","173.7",",,,a"
"ASN00060016","1927-12","-31.8","151.5","914.4","GREENWOOD, AS","12",",a","10",",a","0",",a","19271205",",,a","23.6",",,a,05,","91.1",",,,a"
"ASN00060016","1928-01","-31.8","151.5","914.4","GREENWOOD, AS","12",",a","11",",a","2",",a","19280114",",,a","42.7",",,a,14,","188.2",",,,a"
"ASN00060016","1928-02","-31.8","151.5","914.4","GREENWOOD, AS","17",",a","16",",a","3",",a","19280206",",,a","54.1",",,a,06,","213.8",",,,a"
"ASN00060016","1928-03","-31.8","151.5","914.4","GREENWOOD, AS","10",",a","8",",a","1",",a","19280315",",,a","26.2",",,a,15,","86.1",",,,a"
"ASN00060016","1928-04","-31.8","151.5","914.4","GREENWOOD, AS","13",",a","12",",a","1",",a","19280419",",,a","26.9",",,a,19,","110.7",",,,a"
"ASN00060016","1928-05","-31.8","151.5","914.4","GREENWOOD, AS","7",",a","2",",a","0",",a","19280506",",,a","3.6",",,a,06,","14.0",",,,a"
"ASN00060016","1928-06","-31.8","151.5","914.4","GREENWOOD, AS","13",",a","9",",a","2",",a","19280614",",,a","61.5",",,a,14,","197.9",",,,a"
"ASN00060016","1928-07","-31.8","151.5","914.4","GREENWOOD, AS","10",",a","9",",a","0",",a","19280725",",,a","22.1",",,a,25,","108.1",",,,a"
"ASN00060016","1928-08","-31.8","151.5","914.4","GREENWOOD, AS","3",",a","2",",a","0",",a","19280810",",,a","10.2",",,a,10,","13.8",",,,a"
"ASN00060016","1928-09","-31.8","151.5","914.4","GREENWOOD, AS","6",",a","6",",a","0",",a","19280914",",,a","9.1",",,a,14,","26.2",",,,a"
"ASN00060016","1928-10","-31.8","151.5","914.4","GREENWOOD, AS","7",",a","6",",a","0",",a","19281015",",,a","14.0",",,a,15,","48.5",",,,a"
"ASN00060016","1928-11","-31.8","151.5","914.4","GREENWOOD, AS","3",",a","3",",a","1",",a","19281119",",,a","31.8",",,a,19,","54.9",",,,a"
"ASN00060016","1928-12","-31.8","151.5","914.4","GREENWOOD, AS","11",",a","7",",a","0",",a","19281222",",,a","19.1",",,a,22,","63.2",",,,a"
"ASN00060016","1929-01","-31.8","151.5","914.4","GREENWOOD, AS","5",",a","2",",a","1",",a","19290108",",,a","42.7",",,a,08,","60.2",",,,a"
"ASN00060016","1929-02","-31.8","151.5","914.4","GREENWOOD, AS","17",",a","15",",a","5",",a","19290209",",,a","131.6",",,a,09,","465.6",",,,a"
"ASN00060016","1929-03","-31.8","151.5","914.4","GREENWOOD, AS","9",",a","9",",a","0",",a","19290302",",,a","22.4",",,a,02,","68.8",",,,a"
"ASN00060016","1929-04","-31.8","151.5","914.4","GREENWOOD, AS","7",",a","5",",a","1",",a","19290404",",,a","58.2",",,a,04,","96.9",",,,a"
"ASN00060016","1929-05","-31.8","151.5","914.4","GREENWOOD, AS","7",",a","6",",a","0",",a","19290523",",,a","11.9",",,a,23,","32.9",",,,a"
"ASN00060016","1929-06","-31.8","151.5","914.4","GREENWOOD, AS","9",",a","3",",a","0",",a","19290629",",,a","12.7",",,a,29,","43.4",",,,a"
"ASN00060016","1929-07","-31.8","151.5","914.4","GREENWOOD, AS","6",",a","4",",a","0",",a","19290730",",,a","18.3",",,a,30,","40.4",",,,a"
"ASN00060016","1929-08","-31.8","151.5","914.4","GREENWOOD, AS","14",",a","7",",a","1",",a","19290811",",,a","38.6",",,a,11,","95.3",",,,a"
"ASN00060016","1929-09","-31.8","151.5","914.4","GREENWOOD, AS","8",",a","6",",a","2",",a","19290911",",,a","96.3",",,a,11,","190.1",",,,a"
"ASN00060016","1929-10","-31.8","151.5","914.4","GREENWOOD, AS","9",",a","8",",a","1",",a","19291013",",,a","25.4",",,a,13,","109.9",",,,a"
"ASN00060016","1929-11","-31.8","151.5","914.4","GREENWOOD, AS","13",",a","6",",a","0",",a","19291111",",,a","21.3",",,a,11,","57.9",",,,a"
"ASN00060016","1929-12","-31.8","151.5","914.4","GREENWOOD, AS","10",",a","4",",a","0",",a","19291212",",,a","11.9",",,a,12,","33.2",",,,a"
"ASN00060016","1930-01","-31.8","151.5","914.4","GREENWOOD, AS","7",",a","5",",a","2",",a","19300124",",,a","78.7",",,a,24,","138.9",",,,a"
"ASN00060016","1930-02","-31.8","151.5","914.4","GREENWOOD, AS","4",",a","1",",a","0",",a","19300216",",,a","8.9",",,a,16,","13.8",",,,a"
"ASN00060016","1930-03","-31.8","151.5","914.4","GREENWOOD, AS","13",",a","10",",a","0",",a","19300315",",,a","24.9",",,a,15,","127.3",",,,a"
"ASN00060016","1930-04","-31.8","151.5","914.4","GREENWOOD, AS","12",",a","7",",a","0",",a","19300413",",,a","10.7",",,a,13,","57.5",",,,a"
"ASN00060016","1930-05","-31.8","151.5","914.4","GREENWOOD, AS","9",",a","7",",a","0",",a","19300505",",,a","10.4",",,a,05,","38.0",",,,a"
"ASN00060016","1930-06","-31.8","151.5","914.4","GREENWOOD, AS","19",",a","14",",a","3",",a","19300619",",,a","104.1",",,a,19,","347.8",",,,a"
"ASN00060016","1930-07","-31.8","151.5","914.4","GREENWOOD, AS","14",",a","11",",a","0",",a","19300707",",,a","14.5",",,a,07,","79.8",",,,a"
"ASN00060016","1930-08","-31.8","151.5","914.4","GREENWOOD, AS","12",",a","11",",a","0",",a","19300809",",,a","13.5",",,a,09,","76.1",",,,a"
"ASN00060016","1930-09","-31.8","151.5","914.4","GREENWOOD, AS","5",",a","2",",a","0",",a","19300909",",,a","8.4",",,a,09,","20.1",",,,a"
"ASN00060016","1930-10","-31.8","151.5","914.4","GREENWOOD, AS","14",",a","10",",a","0",",a","19301008",",,a","18.0",",,a,08,","110.6",",,,a"
"ASN00060016","1930-11","-31.8","151.5","914.4","GREENWOOD, AS","5",",a","4",",a","0",",a","19301125",",,a","18.5",",,a,25,","39.6",",,,a"
"ASN00060016","1930-12","-31.8","151.5","914.4","GREENWOOD, AS","10",",a","7",",a","0",",a","19301216",",,a","19.1",",,a,16,","75.3",",,,a"
"ASN00060016","1931-01","-31.8","151.5","914.4","GREENWOOD, AS","7",",a","7",",a","0",",a","19310119",",,a","17.0",",,a,19,","90.0",",,,a"
"ASN00060016","1931-02","-31.8","151.5","914.4","GREENWOOD, AS","11",",a","4",",a","0",",a","19310216",",,a","11.7",",,a,16,","42.3",",,,a"
"ASN00060016","1931-03","-31.8","151.5","914.4","GREENWOOD, AS","15",",a","8",",a","0",",a","19310304",",,a","18.5",",,a,04,","78.0",",,,a"
"ASN00060016","1931-04","-31.8","151.5","914.4","GREENWOOD, AS","16",",a","13",",a","5",",a","19310423",",,a","44.2",",,a,23,","236.5",",,,a"
"ASN00060016","1931-05","-31.8","151.5","914.4","GREENWOOD, AS","9",",a","9",",a","1",",a","19310528",",,a","33.8",",,a,28,","78.5",",,,a"
"ASN00060016","1931-06","-31.8","151.5","914.4","GREENWOOD, AS","8",",a","6",",a","0",",a","19310619",",,a","20.1",",,a,19,","71.2",",,,a"
"ASN00060016","1931-07","-31.8","151.5","914.4","GREENWOOD, AS","8",",a","5",",a","0",",a","19310708",",,a","24.9",",,a,08,","62.5",",,,a"
"ASN00060016","1931-08","-31.8","151.5","914.4","GREENWOOD, AS","7",",a","4",",a","0",",a","19310815",",,a","17.3",",,a,15,","34.7",",,,a"
"ASN00060016","1931-09","-31.8","151.5","914.4","GREENWOOD, AS","7",",a","6",",a","0",",a","19310912",",,a","19.1",",,a,12,","56.2",",,,a"
"ASN00060016","1931-10","-31.8","151.5","914.4","GREENWOOD, AS","6",",a","3",",a","0",",a","19311004",",,a","13.5",",,a,04,","29.9",",,,a"
"ASN00060016","1931-11","-31.8","151.5","914.4","GREENWOOD, AS","11",",a","8",",a","0",",a","19311109",",,a","16.0",",,a,09,","63.8",",,,a"
"ASN00060016","1931-12","-31.8","151.5","914.4","GREENWOOD, AS","12",",a","11",",a","2",",a","19311205",",,a","39.4",",,a,05,","164.7",",,,a"
"ASN00060016","1932-01","-31.8","151.5","914.4","GREENWOOD, AS","7",",a","5",",a","1",",a","19320124",",,a","32.8",",,a,24,","56.7",",,,a"
"ASN00060016","1932-02","-31.8","151.5","914.4","GREENWOOD, AS","7",",a","5",",a","1",",a","19320217",",,a","30.0",",,a,17,","72.7",",,,a"
"ASN00060016","1932-03","-31.8","151.5","914.4","GREENWOOD, AS","10",",a","8",",a","2",",a","19320317",",,a","33.3",",,a,17,","116.9",",,,a"
"ASN00060016","1932-04","-31.8","151.5","914.4","GREENWOOD, AS","8",",a","6",",a","0",",a","19320411",",,a","14.0",",,a,11,","47.6",",,,a"
"ASN00060016","1932-05","-31.8","151.5","914.4","GREENWOOD, AS","20",",a","7",",a","0",",a","19320520",",,a","14.0",",,a,20,","52.2",",,,a"
"ASN00060016","1932-06","-31.8","151.5","914.4","GREENWOOD, AS","10",",a","7",",a","0",",a","19320624",",,a","11.2",",,a,24,","38.0",",,,a"
"ASN00060016","1932-07","-31.8","151.5","914.4","GREENWOOD, AS","8",",a","6",",a","0",",a","19320708",",,a","17.0",",,a,08,","54.8",",,,a"
"ASN00060016","1932-08","-31.8","151.5","914.4","GREENWOOD, AS","9",",a","6",",a","0",",a","19320831",",,a","18.3",",,a,31,","48.7",",,,a"
"ASN00060016","1932-09","-31.8","151.5","914.4","GREENWOOD, AS","17",",a","12",",a","2",",a","19320917",",,a","99.6",",,a,17,","211.3",",,,a"
"ASN00060016","1932-10","-31.8","151.5","914.4","GREENWOOD, AS","8",",a","6",",a","0",",a","19321018",",,a","10.2",",,a,18,","42.9",",,,a"
"ASN00060016","1932-11","-31.8","151.5","914.4","GREENWOOD, AS","11",",a","11",",a","0",",a","19321123",",,a","12.7",",,a,23,","78.4",",,,a"
"ASN00060016","1932-12","-31.8","151.5","914.4","GREENWOOD, AS","6",",a","6",",a","1",",a","19321216",",,a","40.1",",,a,16,","90.3",",,,a"
"ASN00060016","1933-01","-31.8","151.5","914.4","GREENWOOD, AS","15",",a","12",",a","4",",a","19330128",",,a","46.7",",,a,28,","234.7",",,,a"
"ASN00060016","1933-02","-31.8","151.5","914.4","GREENWOOD, AS","3",",a","2",",a","1",",a","19330216",",,a","51.8",",,a,16,","55.6",",,,a"
"ASN00060016","1933-03","-31.8","151.5","914.4","GREENWOOD, AS","7",",a","2",",a","1",",a","19330328",",,a","33.0",",,a,28,","40.9",",,,a"
"ASN00060016","1933-04","-31.8","151.5","914.4","GREENWOOD, AS","9",",a","7",",a","0",",a","19330406",",,a","20.1",",,a,06,","73.8",",,,a"
"ASN00060016","1933-05","-31.8","151.5","914.4","GREENWOOD, AS","6",",a","3",",a","0",",a","19330502",",,a","10.7",",,a,02,","21.1",",,,a"
"ASN00060016","1933-06","-31.8","151.5","914.4","GREENWOOD, AS","9",",a","8",",a","0",",a","19330605",",,a","24.4",",,a,05,","83.1",",,,a"
"ASN00060016","1933-07","-31.8","151.5","914.4","GREENWOOD, AS","18",",a","11",",a","2",",a","19330726",",,a","42.4",",,a,26,","162.1",",,,a"
"ASN00060016","1933-08","-31.8","151.5","914.4","GREENWOOD, AS","4",",a","3",",a","0",",a","19330801",",,a","5.1",",,a,01,","12.9",",,,a"
"ASN00060016","1933-09","-31.8","151.5","914.4","GREENWOOD, AS","14",",a","9",",a","2",",a","19330928",",,a","37.1",",,a,28,","158.2",",,,a"
"ASN00060016","1933-10","-31.8","151.5","914.4","GREENWOOD, AS","9",",a","8",",a","2",",a","19331002",",,a","27.2",",,a,02,","116.8",",,,a"
"ASN00060016","1933-11","-31.8","151.5","914.4","GREENWOOD, AS","17",",a","10",",a","3",",a","19331106",",,a","32.0",",,a,06,","163.1",",,,a"
"ASN00060016","1933-12","-31.8","151.5","914.4","GREENWOOD, AS","18",",a","13",",a","0",",a","19331214",",,a","15.2",",,a,14,","104.9",",,,a"
"ASN00060016","1934-01","-31.8","151.5","914.4","GREENWOOD, AS","8",",a","5",",a","0",",a","19340131",",,a","22.6",",,a,31,","73.0",",,,a"
"ASN00060016","1934-02","-31.8","151.5","914.4","GREENWOOD, AS","14",",a","13",",a","3",",a","19340202",",,a","43.9",",,a,02,","192.3",",,,a"
"ASN00060016","1934-03","-31.8","151.5","914.4","GREENWOOD, AS","11",",a","4",",a","0",",a","19340327",",,a","12.4",",,a,27,","33.3",",,,a"
"ASN00060016","1934-04","-31.8","151.5","914.4","GREENWOOD, AS","11",",a","10",",a","1",",a","19340415",",,a","33.8",",,a,15,","94.7",",,,a"
"ASN00060016","1934-05","-31.8","151.5","914.4","GREENWOOD, AS","12",",a","10",",a","0",",a","19340526",",,a","11.2",",,a,26,","57.1",",,,a"
"ASN00060016","1934-06","-31.8","151.5","914.4","GREENWOOD, AS","7",",a","6",",a","0",",a","19340625",",,a","14.5",",,a,25,","35.2",",,,a"
"ASN00060016","1934-07","-31.8","151.5","914.4","GREENWOOD, AS","15",",a","10",",a","2",",a","19340729",",,a","77.2",",,a,29,","190.9",",,,a"
"ASN00060016","1934-08","-31.8","151.5","914.4","GREENWOOD, AS","17",",a","14",",a","0",",a","19340831",",,a","20.8",",,a,31,","107.8",",,,a"
"ASN00060016","1934-09","-31.8","151.5","914.4","GREENWOOD, AS","12",",a","7",",a","3",",a","19340901",",,a","54.4",",,a,01,","154.2",",,,a"
"ASN00060016","1934-10","-31.8","151.5","914.4","GREENWOOD, AS","10",",a","7",",a","1",",a","19341016",",,a","38.1",",,a,16,","93.9",",,,a"
"ASN00060016","1934-11","-31.8","151.5","914.4","GREENWOOD, AS","11",",a","8",",a","1",",a","19341105",",,a","44.5",",,a,05,","84.5",",,,a"
"ASN00060016","1934-12","-31.8","151.5","914.4","GREENWOOD, AS","14",",a","8",",a","2",",a","19341211",",,a","48.5",",,a,11,","187.6",",,,a"
"ASN00060016","1935-01","-31.8","151.5","914.4","GREENWOOD, AS","8",",a","8",",a","2",",a","19350106",",,a","41.9",",,a,06,","133.1",",,,a"
"ASN00060016","1935-02","-31.8","151.5","914.4","GREENWOOD, AS","11",",a","9",",a","1",",a","19350209",",,a","40.6",",,a,09,","89.2",",,,a"
"ASN00060016","1935-03","-31.8","151.5","914.4","GREENWOOD, AS","12",",a","5",",a","1",",a","19350312",",,a","38.1",",,a,12,","79.5",",,,a"
"ASN00060016","1935-04","-31.8","151.5","914.4","GREENWOOD, AS","9",",a","7",",a","0",",a","19350419",",,a","13.0",",,a,19,","37.5",",,,a"
"ASN00060016","1935-05","-31.8","151.5","914.4","GREENWOOD, AS","4",",a","2",",a","0",",a","19350507",",,a","15.7",",,a,07,","28.7",",,,a"
"ASN00060016","1935-06","-31.8","151.5","914.4","GREENWOOD, AS","10",",a","3",",a","0",",a","19350623",",,a","5.3",",,a,23,","21.8",",,,a"
"ASN00060016","1935-07","-31.8","151.5","914.4","GREENWOOD, AS","14",",a","9",",a","1",",a","19350701",",,a","25.9",",,a,01,","82.8",",,,a"
"ASN00060016","1935-08","-31.8","151.5","914.4","GREENWOOD, AS","8",",a","5",",a","0",",a","19350804",",,a","6.9",",,a,04,","29.2",",,,a"
"ASN00060016","1935-09","-31.8","151.5","914.4","GREENWOOD, AS","15",",a","9",",a","1",",a","19350912",",,a","31.2",",,a,12,","121.9",",,,a"
"ASN00060016","1935-10","-31.8","151.5","914.4","GREENWOOD, AS","8",",a","3",",a","1",",a","19351021",",,a","55.9",",,a,21,","82.7",",,,a"
"ASN00060016","1935-11","-31.8","151.5","914.4","GREENWOOD, AS","6",",a","3",",a","0",",a","19351112",",,a","5.8",",,a,12,","17.7",",,,a"
"ASN00060016","1935-12","-31.8","151.5","914.4","GREENWOOD, AS","13",",a","4",",a","0",",a","19351220",",,a","18.0",",,a,20,","52.6",",,,a"
"ASN00060016","1936-01","-31.8","151.5","914.4","GREENWOOD, AS","16",",a","12",",a","0",",a","19360113",",,a","24.4",",,a,13,","122.9",",,,a"
"ASN00060016","1936-02","-31.8","151.5","914.4","GREENWOOD, AS","11",",a","8",",a","0",",a","19360207",",,a","23.9",",,a,07,","115.9",",,,a"
"ASN00060016","1936-03","-31.8","151.5","914.4","GREENWOOD, AS","14",",a","11",",a","1",",a","19360302",",,a","59.9",",,a,02,","164.5",",,,a"
"ASN00060016","1936-04","-31.8","151.5","914.4","GREENWOOD, AS","7",",a","5",",a","1",",a","19360408",",,a","25.9",",,a,08,","72.3",",,,a"
"ASN00060016","1936-05","-31.8","151.5","914.4","GREENWOOD, AS","12",",a","6",",a","0",",a","19360513",",,a","12.7",",,a,13,","49.3",",,,a"
"ASN00060016","1936-06","-31.8","151.5","914.4","GREENWOOD, AS","6",",a","3",",a","0",",a","19360624",",,a","10.2",",,a,24,","30.8",",,,a"
"ASN00060016","1936-07","-31.8","151.5","914.4","GREENWOOD, AS","13",",a","10",",a","0",",a","19360706",",,a","22.9",",,a,06,","90.6",",,,a"
"ASN00060016","1936-08","-31.8","151.5","914.4","GREENWOOD, AS","6",",a","3",",a","1",",a","19360804",",,a","28.4",",,a,04,","40.7",",,,a"
"ASN00060016","1936-09","-31.8","151.5","914.4","GREENWOOD, AS","7",",a","3",",a","0",",a","19360908",",,a","17.5",",,a,08,","35.5",",,,a"
"ASN00060016","1936-10","-31.8","151.5","914.4","GREENWOOD, AS","8",",a","3",",a","0",",a","19361019",",,a","5.6",",,a,19,","19.2",",,,a"
"ASN00060016","1936-11","-31.8","151.5","914.4","GREENWOOD, AS","5",",a","1",",a","0",",a","19361108",",,a","2.5",",,a,08,","7.3",",,,a"
"ASN00060016","1936-12","-31.8","151.5","914.4","GREENWOOD, AS","20",",a","13",",a","2",",a","19361215",",,a","30.7",",,a,15,","174.0",",,,a"
"ASN00060016","1937-01","-31.8","151.5","914.4","GREENWOOD, AS","12",",a","9",",a","3",",a","19370110",",,a","39.1",",,a,10,","120.4",",,,a"
"ASN00060016","1937-02","-31.8","151.5","914.4","GREENWOOD, AS","15",",a","12",",a","1",",a","19370210",",,a","91.4",",,a,10,","198.9",",,,a"
"ASN00060016","1937-03","-31.8","151.5","914.4","GREENWOOD, AS","13",",a","10",",a","2",",a","19370316",",,a","84.3",",,a,16,","178.0",",,,a"
"ASN00060016","1937-04","-31.8","151.5","914.4","GREENWOOD, AS","13",",a","5",",a","0",",a","19370429",",,a","11.9",",,a,29,","50.5",",,,a"
"ASN00060016","1937-05","-31.8","151.5","914.4","GREENWOOD, AS","5",",a","4",",a","0",",a","19370517",",,a","10.9",",,a,17,","30.2",",,,a"
"ASN00060016","1937-06","-31.8","151.5","914.4","GREENWOOD, AS","17",",a","13",",a","0",",a","19370614",",,a","13.0",",,a,14,","85.7",",,,a"
"ASN00060016","1937-07","-31.8","151.5","914.4","GREENWOOD, AS","11",",a","6",",a","1",",a","19370723",",,a","27.9",",,a,23,","59.9",",,,a"
"ASN00060016","1937-08","-31.8","151.5","914.4","GREENWOOD, AS","14",",a","11",",a","1",",a","19370822",",,a","55.1",",,a,22,","147.2",",,,a"
"ASN00060016","1937-09","-31.8","151.5","914.4","GREENWOOD, AS","6",",a","2",",a","0",",a","19370902",",,a","12.2",",,a,02,","24.9",",,,a"
"ASN00060016","1937-10","-31.8","151.5","914.4","GREENWOOD, AS","13",",a","10",",a","0",",a","19371017",",,a","19.6",",,a,17,","86.9",",,,a"
"ASN00060016","1937-11","-31.8","151.5","914.4","GREENWOOD, AS","10",",a","7",",a","0",",a","19371106",",,a","23.1",",,a,06,","103.4",",,,a"
"ASN00060016","1937-12","-31.8","151.5","914.4","GREENWOOD, AS","11",",a","10",",a","0",",a","19371229",",,a","18.5",",,a,29,","97.3",",,,a"
"ASN00060016","1938-01","-31.8","151.5","914.4","GREENWOOD, AS","9",",a","7",",a","1",",a","19380119",",,a","34.3",",,a,19,","124.6",",,,a"
"ASN00060016","1938-02","-31.8","151.5","914.4","GREENWOOD, AS","9",",a","7",",a","1",",a","19380201",",,a","26.9",",,a,01,","89.8",",,,a"
"ASN00060016","1938-03","-31.8","151.5","914.4","GREENWOOD, AS","10",",a","6",",a","0",",a","19380327","+,,a","6.1",",,a,27,+","33.5",",,,a"
"ASN00060016","1938-04","-31.8","151.5","914.4","GREENWOOD, AS","7",",a","5",",a","2",",a","19380410",",,a","64.0",",,a,10,","145.5",",,,a"
"ASN00060016","1938-05","-31.8","151.5","914.4","GREENWOOD, AS","11",",a","9",",a","2",",a","19380526",",,a","35.1",",,a,26,","94.0",",,,a"
"ASN00060016","1938-06","-31.8","151.5","914.4","GREENWOOD, AS","8",",a","5",",a","1",",a","19380625",",,a","33.0",",,a,25,","50.3",",,,a"
"ASN00060016","1938-07","-31.8","151.5","914.4","GREENWOOD, AS","10",",a","6",",a","0",",a","19380725",",,a","15.2",",,a,25,","66.7",",,,a"
"ASN00060016","1938-08","-31.8","151.5","914.4","GREENWOOD, AS","12",",a","9",",a","0",",a","19380808",",,a","23.4",",,a,08,","88.9",",,,a"
"ASN00060016","1938-09","-31.8","151.5","914.4","GREENWOOD, AS","8",",a","3",",a","0",",a","19380912",",,a","11.9",",,a,12,","28.5",",,,a"
"ASN00060016","1938-10","-31.8","151.5","914.4","GREENWOOD, AS","10",",a","7",",a","1",",a","19381026",",,a","45.2",",,a,26,","102.6",",,,a"
"ASN00060016","1938-11","-31.8","151.5","914.4","GREENWOOD, AS","13",",a","9",",a","1",",a","19381101",",,a","30.0",",,a,01,","96.9",",,,a"
"ASN00060016","1938-12","-31.8","151.5","914.4","GREENWOOD, AS","4",",a","2",",a","0",",a","19381231",",,a","17.8",",,a,31,","22.2",",,,a"
"ASN00060016","1939-01","-31.8","151.5","914.4","GREENWOOD, AS","13",",a","8",",a","1",",a","19390127",",,a","84.3",",,a,27,","158.5",",,,a"
"ASN00060016","1939-02","-31.8","151.5","914.4","GREENWOOD, AS","1",",a","1",",a","0",",a","19390218",",,a","5.1",",,a,18,","5.1",",,,a"
"ASN00060016","1939-03","-31.8","151.5","914.4","GREENWOOD, AS","21",",a","16",",a","2",",a","19390311",",,a","64.8",",,a,11,","225.5",",,,a"
"ASN00060016","1939-04","-31.8","151.5","914.4","GREENWOOD, AS","16",",a","10",",a","0",",a","19390404",",,a","18.5",",,a,04,","107.8",",,,a"
"ASN00060016","1939-05","-31.8","151.5","914.4","GREENWOOD, AS","4",",a","4",",a","1",",a","19390518",",,a","43.2",",,a,18,","59.2",",,,a"
"ASN00060016","1939-06","-31.8","151.5","914.4","GREENWOOD, AS","7",",a","3",",a","0",",a","19390617",",,a","8.9",",,a,17,","23.4",",,,a"
"ASN00060016","1939-07","-31.8","151.5","914.4","GREENWOOD, AS","9",",a","5",",a","0",",a","19390710",",,a","14.5",",,a,10,","41.3",",,,a"
"ASN00060016","1939-08","-31.8","151.5","914.4","GREENWOOD, AS","11",",a","6",",a","1",",a","19390824",",,a","25.4",",,a,24,","92.9",",,,a"
"ASN00060016","1939-09","-31.8","151.5","914.4","GREENWOOD, AS","5",",a","4",",a","1",",a","19390930",",,a","32.0",",,a,30,","60.9",",,,a"
"ASN00060016","1939-10","-31.8","151.5","914.4","GREENWOOD, AS","14",",a","9",",a","0",",a","19391007",",,a","19.1",",,a,07,","85.0",",,,a"
"ASN00060016","1939-11","-31.8","151.5","914.4","GREENWOOD, AS","10",",a","8",",a","1",",a","19391127",",,a","31.8",",,a,27,","82.2",",,,a"
"ASN00060016","1939-12","-31.8","151.5","914.4","GREENWOOD, AS","7",",a","5",",a","1",",a","19391221",",,a","30.0",",,a,21,","74.5",",,,a"
"ASN00060016","1940-01","-31.8","151.5","914.4","GREENWOOD, AS","8",",a","7",",a","1",",a","19400119",",,a","33.0",",,a,19,","88.2",",,,a"
"ASN00060016","1940-02","-31.8","151.5","914.4","GREENWOOD, AS","3",",a","2",",a","0",",a","19400206",",,a","8.9",",,a,06,","13.0",",,,a"
"ASN00060016","1940-03","-31.8","151.5","914.4","GREENWOOD, AS","4",",a","2",",a","1",",a","19400319",",,a","55.9",",,a,19,","61.3",",,,a"
"ASN00060016","1940-04","-31.8","151.5","914.4","GREENWOOD, AS","12",",a","10",",a","0",",a","19400414",",,a","17.3",",,a,14,","74.5",",,,a"
"ASN00060016","1940-05","-31.8","151.5","914.4","GREENWOOD, AS","9",",a","1",",a","0",",a","19400512",",,a","4.1",",,a,12,","14.3",",,,a"
"ASN00060016","1940-06","-31.8","151.5","914.4","GREENWOOD, AS","4",",a","2",",a","0",",a","19400626",",,a","7.9",",,a,26,","13.8",",,,a"
"ASN00060016","1940-07","-31.8","151.5","914.4","GREENWOOD, AS","5",",a","2",",a","0",",a","19400708",",,a","14.7",",,a,08,","23.4",",,,a"
"ASN00060016","1940-08","-31.8","151.5","914.4","GREENWOOD, AS","10",",a","5",",a","0",",a","19400804",",,a","18.8",",,a,04,","42.6",",,,a"
"ASN00060016","1940-09","-31.8","151.5","914.4","GREENWOOD, AS","7",",a","5",",a","0",",a","19400930",",,a","19.1",",,a,30,","55.2",",,,a"
"ASN00060016","1940-10","-31.8","151.5","914.4","GREENWOOD, AS","8",",a","5",",a","0",",a","19401003",",,a","11.4",",,a,03,","38.6",",,,a"
"ASN00060016","1940-11","-31.8","151.5","914.4","GREENWOOD, AS","9",",a","3",",a","0",",a","19401101",",,a","24.1",",,a,01,","41.5",",,,a"
"ASN00060016","1940-12","-31.8","151.5","914.4","GREENWOOD, AS","11",",a","7",",a","1",",a","19401221",",,a","56.6",",,a,21,","134.9",",,,a"
"ASN00060016","1941-01","-31.8","151.5","914.4","GREENWOOD, AS","19",",a","13",",a","2",",a","19410108",",,a","63.2",",,a,08,","195.1",",,,a"
"ASN00060016","1941-02","-31.8","151.5","914.4","GREENWOOD, AS","12",",a","8",",a","0",",a","19410206",",,a","13.0",",,a,06,","64.5",",,,a"
"ASN00060016","1941-03","-31.8","151.5","914.4","GREENWOOD, AS","9",",a","9",",a","1",",a","19410309",",,a","28.2",",,a,09,","91.7",",,,a"
"ASN00060016","1941-04","-31.8","151.5","914.4","GREENWOOD, AS","7",",a","6",",a","0",",a","19410405",",,a","12.4",",,a,05,","36.7",",,,a"
"ASN00060016","1941-05","-31.8","151.5","914.4","GREENWOOD, AS","5",",a","4",",a","0",",a","19410531",",,a","18.5",",,a,31,","44.9",",,,a"
"ASN00060016","1941-06","-31.8","151.5","914.4","GREENWOOD, AS","12",",a","8",",a","0",",a","19410602",",,a","24.6",",,a,02,","68.8",",,,a"
"ASN00060016","1941-07","-31.8","151.5","914.4","GREENWOOD, AS","6",",a","2",",a","0",",a","19410711",",,a","8.9",",,a,11,","17.8",",,,a"
"ASN00060016","1941-08","-31.8","151.5","914.4","GREENWOOD, AS","7",",a","2",",a","0",",a","19410823",",,a","17.0",",,a,23,","36.0",",,,a"
"ASN00060016","1941-09","-31.8","151.5","914.4","GREENWOOD, AS","9",",a","5",",a","0",",a","19410923",",,a","8.4",",,a,23,","29.0",",,,a"
"ASN00060016","1941-10","-31.8","151.5","914.4","GREENWOOD, AS","8",",a","7",",a","1",",a","19411013",",,a","28.7",",,a,13,","85.1",",,,a"
"ASN00060016","1941-11","-31.8","151.5","914.4","GREENWOOD, AS","12",",a","10",",a","0",",a","19411112",",,a","13.7",",,a,12,","50.7",",,,a"
"ASN00060016","1941-12","-31.8","151.5","914.4","GREENWOOD, AS","5",",a","1",",a","0",",a","19411202",",,a","10.4",",,a,02,","15.5",",,,a"
"ASN00060016","1942-01","-31.8","151.5","914.4","GREENWOOD, AS","6",",a","2",",a","0",",a","19420126",",,a","13.2",",,a,26,","22.1",",,,a"
"ASN00060016","1942-02","-31.8","151.5","914.4","GREENWOOD, AS","17",",a","13",",a","1",",a","19420202",",,a","27.4",",,a,02,","138.9",",,,a"
"ASN00060016","1942-03","-31.8","151.5","914.4","GREENWOOD, AS","15",",a","13",",a","0",",a","19420325",",,a","23.1",",,a,25,","124.3",",,,a"
"ASN00060016","1942-04","-31.8","151.5","914.4","GREENWOOD, AS","2",",a","0",",a","0",",a","19420425",",,a","1.5",",,a,25,","2.5",",,,a"
"ASN00060016","1942-05","-31.8","151.5","914.4","GREENWOOD, AS","8",",a","3",",a","0",",a","19420522","+,,a","6.9",",,a,22,+","25.0",",,,a"
"ASN00060016","1942-06","-31.8","151.5","914.4","GREENWOOD, AS","11",",a","6",",a","0",",a","19420604",",,a","11.2",",,a,04,","44.2",",,,a"
"ASN00060016","1942-07","-31.8","151.5","914.4","GREENWOOD, AS","11",",a","7",",a","2",",a","19420711",",,a","60.7",",,a,11,","133.7",",,,a"
"ASN00060016","1942-08","-31.8","151.5","914.4","GREENWOOD, AS","6",",a","2",",a","0",",a","19420803",",,a","8.4",",,a,03,","16.2",",,,a"
"ASN00060016","1942-09","-31.8","151.5","914.4","GREENWOOD, AS","8",",a","4",",a","0",",a","19420913",",,a","15.2",",,a,13,","40.4",",,,a"
"ASN00060016","1942-10","-31.8","151.5","914.4","GREENWOOD, AS","14",",a","9",",a","3",",a","19421015",",,a","84.3",",,a,15,","256.3",",,,a"
"ASN00060016","1942-11","-31.8","151.5","914.4","GREENWOOD, AS","11",",a","10",",a","1",",a","19421107",",,a","27.2",",,a,07,","93.4",",,,a"
"ASN00060016","1942-12","-31.8","151.5","914.4","GREENWOOD, AS","12",",a","9",",a","1",",a","19421226",",,a","25.9",",,a,26,","98.4",",,,a"
"ASN00060016","1943-01","-31.8","151.5","914.4","GREENWOOD, AS","11",",a","10",",a","2",",a","19430104",",,a","45.5",",,a,04,","159.5",",,,a"
"ASN00060016","1943-02","-31.8","151.5","914.4","GREENWOOD, AS","5",",a","3",",a","0",",a","19430219",",,a","20.3",",,a,19,","35.3",",,,a"
"ASN00060016","1943-03","-31.8","151.5","914.4","GREENWOOD, AS","6",",a","5",",a","0",",a","19430331",",,a","10.4",",,a,31,","33.3",",,,a"
"ASN00060016","1943-04","-31.8","151.5","914.4","GREENWOOD, AS","8",",a","5",",a","0",",a","19430414",",,a","12.7",",,a,14,","42.2",",,,a"
"ASN00060016","1943-05","-31.8","151.5","914.4","GREENWOOD, AS","17",",a","13",",a","1",",a","19430519",",,a","25.4",",,a,19,","145.3",",,,a"
"ASN00060016","1943-06","-31.8","151.5","914.4","GREENWOOD, AS","6",",a","5",",a","0",",a","19430621",",,a","17.8",",,a,21,","47.4",",,,a"
"ASN00060016","1943-07","-31.8","151.5","914.4","GREENWOOD, AS","6",",a","6",",a","0",",a","19430715",",,a","15.0",",,a,15,","48.8",",,,a"
"ASN00060016","1943-08","-31.8","151.5","914.4","GREENWOOD, AS","19",",a","10",",a","0",",a","19430812",",,a","22.1",",,a,12,","106.5",",,,a"
"ASN00060016","1943-09","-31.8","151.5","914.4","GREENWOOD, AS","16",",a","12",",a","0",",a","19430908",",,a","18.5",",,a,08,","106.3",",,,a"
"ASN00060016","1943-10","-31.8","151.5","914.4","GREENWOOD, AS","14",",a","7",",a","1",",a","19431018",",,a","27.4",",,a,18,","65.4",",,,a"
"ASN00060016","1943-11","-31.8","151.5","914.4","GREENWOOD, AS","12",",a","7",",a","1",",a","19431119",",,a","43.2",",,a,19,","107.2",",,,a"
"ASN00060016","1943-12","-31.8","151.5","914.4","GREENWOOD, AS","13",",a","11",",a","1",",a","19431219",",,a","81.8",",,a,19,","168.7",",,,a"
"ASN00060016","1944-01","-31.8","151.5","914.4","GREENWOOD, AS","11",",a","8",",a","0",",a","19440126",",,a","24.4",",,a,26,","100.1",",,,a"
"ASN00060016","1944-02","-31.8","151.5","914.4","GREENWOOD, AS","11",",a","10",",a","1",",a","19440209",",,a","36.1",",,a,09,","121.9",",,,a"
"ASN00060016","1944-03","-31.8","151.5","914.4","GREENWOOD, AS","7",",a","3",",a","0",",a","19440310",",,a","10.9",",,a,10,","27.9",",,,a"
"ASN00060016","1944-04","-31.8","151.5","914.4","GREENWOOD, AS","5",",a","5",",a","0",",a","19440404",",,a","19.8",",,a,04,","43.3",",,,a"
"ASN00060016","1944-05","-31.8","151.5","914.4","GREENWOOD, AS","10",",a","9",",a","0",",a","19440523",",,a","17.8",",,a,23,","73.9",",,,a"
"ASN00060016","1944-06","-31.8","151.5","914.4","GREENWOOD, AS","2",",a","2",",a","0",",a","19440615",",,a","9.1",",,a,15,","11.9",",,,a"
"ASN00060016","1944-07","-31.8","151.5","914.4","GREENWOOD, AS","12",",a","10",",a","0",",a","19440710",",,a","15.2",",,a,10,","69.8",",,,a"
"ASN00060016","1944-08","-31.8","151.5","914.4","GREENWOOD, AS","12",",a","7",",a","2",",a","19440824",",,a","73.9",",,a,24,","162.1",",,,a"
"ASN00060016","1944-09","-31.8","151.5","914.4","GREENWOOD, AS","5",",a","5",",a","0",",a","19440915",",,a","16.3",",,a,15,","39.2",",,,a"
"ASN00060016","1944-10","-31.8","151.5","914.4","GREENWOOD, AS","4",",a","3",",a","0",",a","19441018",",,a","9.1",",,a,18,","18.8",",,,a"
"ASN00060016","1944-11","-31.8","151.5","914.4","GREENWOOD, AS","7",",a","5",",a","0",",a","19441108",",,a","10.2",",,a,08,","31.1",",,,a"
"ASN00060016","1944-12","-31.8","151.5","914.4","GREENWOOD, AS","7",",a","5",",a","0",",a","19441222",",,a","7.1",",,a,22,","31.0",",,,a"
"ASN00060016","1945-01","-31.8","151.5","914.4","GREENWOOD, AS","11",",a","10",",a","2",",a","19450112",",,a","44.2",",,a,12,","147.4",",,,a"
"ASN00060016","1945-02","-31.8","151.5","914.4","GREENWOOD, AS","11",",a","8",",a","1",",a","19450219",",,a","27.2",",,a,19,","114.3",",,,a"
"ASN00060016","1945-03","-31.8","151.5","914.4","GREENWOOD, AS","6",",a","3",",a","0",",a","19450331",",,a","15.2",",,a,31,","29.0",",,,a"
"ASN00060016","1945-04","-31.8","151.5","914.4","GREENWOOD, AS","7",",a","6",",a","0",",a","19450401",",,a","18.3",",,a,01,","56.0",",,,a"
"ASN00060016","1945-05","-31.8","151.5","914.4","GREENWOOD, AS","10",",a","9",",a","0",",a","19450516",",,a","19.8",",,a,16,","71.3",",,,a"
"ASN00060016","1945-06","-31.8","151.5","914.4","GREENWOOD, AS","16",",a","13",",a","4",",a","19450612",",,a","112.5",",,a,12,","349.7",",,,a"
"ASN00060016","1945-07","-31.8","151.5","914.4","GREENWOOD, AS","9",",a","8",",a","1",",a","19450717",",,a","40.6",",,a,17,","95.0",",,,a"
"ASN00060016","1945-08","-31.8","151.5","914.4","GREENWOOD, AS","10",",a","7",",a","0",",a","19450823",",,a","19.6",",,a,23,","73.9",",,,a"
"ASN00060016","1945-09","-31.8","151.5","914.4","GREENWOOD, AS","1",",a","0",",a","0",",a","19450914",",,a","1.5",",,a,14,","1.5",",,,a"
"ASN00060016","1945-10","-31.8","151.5","914.4","GREENWOOD, AS","5",",a","4",",a","1",",a","19451001",",,a","43.4",",,a,01,","67.3",",,,a"
"ASN00060016","1945-11","-31.8","151.5","914.4","GREENWOOD, AS","13",",a","11",",a","0",",a","19451117",",,a","21.3",",,a,17,","92.4",",,,a"
"ASN00060016","1945-12","-31.8","151.5","914.4","GREENWOOD, AS","9",",a","5",",a","2",",a","19451219",",,a","27.7",",,a,19,","101.7",",,,a"
"ASN00060016","1946-01","-31.8","151.5","914.4","GREENWOOD, AS","12",",a","5",",a","1",",a","19460120",",,a","25.4",",,a,20,","80.0",",,,a"
"ASN00060016","1946-02","-31.8","151.5","914.4","GREENWOOD, AS","11",",a","8",",a","0",",a","19460214",",,a","7.4",",,a,14,","39.0",",,,a"
"ASN00060016","1946-03","-31.8","151.5","914.4","GREENWOOD, AS","11",",a","8",",a","3",",a","19460326",",,a","70.6",",,a,26,","177.4",",,,a"
"ASN00060016","1946-04","-31.8","151.5","914.4","GREENWOOD, AS","11",",a","6",",a","1",",a","19460419",",,a","74.4",",,a,19,","110.5",",,,a"
"ASN00060016","1946-05","-31.8","151.5","914.4","GREENWOOD, AS","5",",a","4",",a","0",",a","19460520",",,a","15.5",",,a,20,","33.7",",,,a"
"ASN00060016","1946-06","-31.8","151.5","914.4","GREENWOOD, AS","9",",a","6",",a","1",",a","19460621",",,a","33.3",",,a,21,","68.1",",,,a"
"ASN00060016","1946-07","-31.8","151.5","914.4","GREENWOOD, AS","6",",a","2",",a","0",",a","19460717",",,a","6.6",",,a,17,","16.5",",,,a"
"ASN00060016","1946-08","-31.8","151.5","914.4","GREENWOOD, AS","2",",a","1",",a","0",",a","19460822",",,a","5.8",",,a,22,","8.1",",,,a"
"ASN00060016","1946-09","-31.8","151.5","914.4","GREENWOOD, AS","5",",a","5",",a","0",",a","19460920",",,a","24.1",",,a,20,","47.6",",,,a"
"ASN00060016","1946-10","-31.8","151.5","914.4","GREENWOOD, AS","6",",a","1",",a","0",",a","19461022",",,a","3.3",",,a,22,","9.4",",,,a"
"ASN00060016","1946-11","-31.8","151.5","914.4","GREENWOOD, AS","11",",a","3",",a","0",",a","19461119",",,a","21.6",",,a,19,","51.2",",,,a"
"ASN00060016","1946-12","-31.8","151.5","914.4","GREENWOOD, AS","7",",a","6",",a","1",",a","19461206",",,a","26.7",",,a,06,","76.2",",,,a"
"ASN00060016","1947-01","-31.8","151.5","914.4","GREENWOOD, AS","11",",a","3",",a","0",",a","19470128",",,a","12.7",",,a,28,","31.2",",,,a"
"ASN00060016","1947-02","-31.8","151.5","914.4","GREENWOOD, AS","19",",a","14",",a","3",",a","19470213",",,a","56.1",",,a,13,","238.6",",,,a"
"ASN00060016","1947-03","-31.8","151.5","914.4","GREENWOOD, AS","15",",a","9",",a","0",",a","19470301",",,a","13.0",",,a,01,","72.4",",,,a"
"ASN00060016","1947-04","-31.8","151.5","914.4","GREENWOOD, AS","14",",a","6",",a","1",",a","19470423",",,a","27.7",",,a,23,","74.5",",,,a"
"ASN00060016","1947-05","-31.8","151.5","914.4","GREENWOOD, AS","8",",a","5",",a","0",",a","19470526",",,a","11.4",",,a,26,","42.9",",,,a"
"ASN00060016","1947-06","-31.8","151.5","914.4","GREENWOOD, AS","5",",a","3",",a","0",",a","19470605",",,a","19.3",",,a,05,","32.6",",,,a"
"ASN00060016","1947-07","-31.8","151.5","914.4","GREENWOOD, AS","11",",a","6",",a","0",",a","19470717",",,a","10.2",",,a,17,","44.3",",,,a"
"ASN00060016","1947-08","-31.8","151.5","914.4","GREENWOOD, AS","9",",a","7",",a","0",",a","19470811",",,a","13.0",",,a,11,","56.7",",,,a"
"ASN00060016","1947-09","-31.8","151.5","914.4","GREENWOOD, AS","7",",a","5",",a","1",",a","19470903",",,a","41.1",",,a,03,","68.1",",,,a"
"ASN00060016","1947-10","-31.8","151.5","914.4","GREENWOOD, AS","8",",a","6",",a","1",",a","19471015",",,a","25.4",",,a,15,","75.2",",,,a"
"ASN00060016","1947-11","-31.8","151.5","914.4","GREENWOOD, AS","14",",a","13",",a","0",",a","19471130",",,a","16.5",",,a,30,","105.1",",,,a"
"ASN00060016","1947-12","-31.8","151.5","914.4","GREENWOOD, AS","22",",a","18",",a","6",",a","19471231",",,a","54.9",",,a,31,","369.2",",,,a"
"ASN00060016","1948-01","-31.8","151.5","914.4","GREENWOOD, AS","9",",a","6",",a","0",",a","19480102",",,a","24.1",",,a,02,","98.5",",,,a"
"ASN00060016","1948-02","-31.8","151.5","914.4","GREENWOOD, AS","12",",a","3",",a","0",",a","19480215",",,a","11.9",",,a,15,","30.3",",,,a"
"ASN00060016","1948-07","-31.8","151.5","914.4","GREENWOOD, AS","7",",a","3",",a","0",",a","19480706",",,a","11.7",",,a,06,","24.5",",,,a"
"ASN00060016","1948-08","-31.8","151.5","914.4","GREENWOOD, AS","11",",a","7",",a","0",",a","19480824",",,a","23.6",",,a,24,","92.6",",,,a"
