"STATION","DATE","LATITUDE","LONGITUDE","ELEVATION","NAME","DP01","DP01_ATTRIBUTES","DP10","DP10_ATTRIBUTES","DP1X","DP1X_ATTRIBUTES","DYXP","DYXP_ATTRIBUTES","EMXP","EMXP_ATTRIBUTES","PRCP","PRCP_ATTRIBUTES"
"ASN00090085","1750-03","-38.0831","142.9919","142.0","KOLORA WOORIWYRITE, AS","1","2,a","0","2,a","0","2,a","17500302",",2,a","0.6","2,,a,02,","0.8","2,,,a"
"ASN00090085","1750-05","-38.0831","142.9919","142.0","KOLORA WOORIWYRITE, AS","12","1,a","5","1,a","0","1,a","17500502",",1,a","18.6","1,,a,02,","48.8","1,,,a"
"ASN00090085","1895-02","-38.0831","142.9919","142.0","KOLORA WOORIWYRITE, AS","0",",a","0",",a","0",",a","18950228","+,,a","0.0",",,a,28,+","0.0",",,,a"
"ASN00090085","1897-10","-38.0831","142.9919","142.0","KOLORA WOORIWYRITE, AS","13",",a","10",",a","0",",a","18971017",",,a","17.8",",,a,17,","66.1",",,,a"
"ASN00090085","1897-11","-38.0831","142.9919","142.0","KOLORA WOORIWYRITE, AS","9",",a","6",",a","0",",a","18971102",",,a","14.7",",,a,02,","35.7",",,,a"
"ASN00090085","1897-12","-38.0831","142.9919","142.0","KOLORA WOORIWYRITE, AS","3",",a","2",",a","0",",a","18971223",",,a","13.5",",,a,23,","18.6",",,,a"
"ASN00090085","1899-10","-38.0831","142.9919","142.0","KOLORA WOORIWYRITE, AS","16",",a","13",",a","0",",a","18991001",",,a","12.7",",,a,01,","89.1",",,,a"
"ASN00090085","1899-11","-38.0831","142.9919","142.0","KOLORA WOORIWYRITE, AS","10",",a","7",",a","0",",a","18991107",",,a","10.2",",,a,07,","45.8",",,,a"
"ASN00090085","1899-12","-38.0831","142.9919","142.0","KOLORA WOORIWYRITE, AS","7",",a","5",",a","0",",a","18991203",",,a","10.7",",,a,03,","35.1",",,,a"
"ASN00090085","1900-01","-38.0831","142.9919","142.0","KOLORA WOORIWYRITE, AS","8",",a","7",",a","0",",a","19000111",",,a","7.9",",,a,11,","34.5",",,,a"
"ASN00090085","1900-02","-38.0831","142.9919","142.0","KOLORA WOORIWYRITE, AS","3",",a","0",",a","0",",a","19000212",",,a","2.0",",,a,12,","4.6",",,,a"
"ASN00090085","1900-03","-38.0831","142.9919","142.0","KOLORA WOORIWYRITE, AS","10",",a","6",",a","1",",a","19000315",",,a","30.5",",,a,15,","85.5",",,,a"
"ASN00090085","1900-04","-38.0831","142.9919","142.0","KOLORA WOORIWYRITE, AS","15",",a","10",",a","0",",a","19000415",",,a","22.4",",,a,15,","84.3",",,,a"
"ASN00090085","1900-05","-38.0831","142.9919","142.0","KOLORA WOORIWYRITE, AS","12",",a","5",",a","0",",a","19000526",",,a","11.7",",,a,26,","41.0",",,,a"
"ASN00090085","1900-06","-38.0831","142.9919","142.0","KOLORA WOORIWYRITE, AS","17",",a","11",",a","0",",a","19000629",",,a","22.9",",,a,29,","89.8",",,,a"
"ASN00090085","1900-07","-38.0831","142.9919","142.0","KOLORA WOORIWYRITE, AS","6",",a","2",",a","0",",a","19000718",",,a","3.6",",,a,18,","12.2",",,,a"
"ASN00090085","1900-08","-38.0831","142.9919","142.0","KOLORA WOORIWYRITE, AS","23",",a","15",",a","1",",a","19000814",",,a","26.4",",,a,14,","104.2",",,,a"
"ASN00090085","1900-09","-38.0831","142.9919","142.0","KOLORA WOORIWYRITE, AS","12",",a","6",",a","0",",a","19000926",",,a","9.4",",,a,26,","47.7",",,,a"
"ASN00090085","1900-10","-38.0831","142.9919","142.0","KOLORA WOORIWYRITE, AS","10",",a","5",",a","0",",a","19001028",",,a","7.4",",,a,28,","28.2",",,,a"
"ASN00090085","1900-11","-38.0831","142.9919","142.0","KOLORA WOORIWYRITE, AS","2",",a","1",",a","0",",a","19001115",",,a","3.8",",,a,15,","5.3",",,,a"
"ASN00090085","1900-12","-38.0831","142.9919","142.0","KOLORA WOORIWYRITE, AS","2",",a","1",",a","0",",a","19001213",",,a","19.3",",,a,13,","21.1",",,,a"
"ASN00090085","1901-01","-38.0831","142.9919","142.0","KOLORA WOORIWYRITE, AS","7",",a","4",",a","0",",a","19010112",",,a","16.3",",,a,12,","45.3",",,,a"
"ASN00090085","1901-02","-38.0831","142.9919","142.0","KOLORA WOORIWYRITE, AS","1",",a","1",",a","0",",a","19010213",",,a","3.8",",,a,13,","3.8",",,,a"
"ASN00090085","1901-03","-38.0831","142.9919","142.0","KOLORA WOORIWYRITE, AS","6",",a","4",",a","0",",a","19010330",",,a","17.5",",,a,30,","35.3",",,,a"
"ASN00090085","1901-04","-38.0831","142.9919","142.0","KOLORA WOORIWYRITE, AS","11",",a","6",",a","0",",a","19010422",",,a","21.3",",,a,22,","59.0",",,,a"
"ASN00090085","1901-05","-38.0831","142.9919","142.0","KOLORA WOORIWYRITE, AS","8",",a","5",",a","0",",a","19010510",",,a","13.7",",,a,10,","45.8",",,,a"
"ASN00090085","1901-06","-38.0831","142.9919","142.0","KOLORA WOORIWYRITE, AS","17",",a","12",",a","0",",a","19010618",",,a","18.8",",,a,18,","112.6",",,,a"
"ASN00090085","1901-07","-38.0831","142.9919","142.0","KOLORA WOORIWYRITE, AS","11",",a","6",",a","0",",a","19010716",",,a","10.4",",,a,16,","46.0",",,,a"
"ASN00090085","1901-08","-38.0831","142.9919","142.0","KOLORA WOORIWYRITE, AS","12",",a","5",",a","0",",a","19010826",",,a","13.2",",,a,26,","51.6",",,,a"
"ASN00090085","1901-09","-38.0831","142.9919","142.0","KOLORA WOORIWYRITE, AS","14",",a","8",",a","0",",a","19010922",",,a","19.3",",,a,22,","67.2",",,,a"
"ASN00090085","1901-10","-38.0831","142.9919","142.0","KOLORA WOORIWYRITE, AS","12",",a","6",",a","0",",a","19011015","+,,a","11.9",",,a,15,+","54.1",",,,a"
"ASN00090085","1901-11","-38.0831","142.9919","142.0","KOLORA WOORIWYRITE, AS","7",",a","3",",a","0",",a","19011115",",,a","20.3",",,a,15,","47.5",",,,a"
"ASN00090085","1901-12","-38.0831","142.9919","142.0","KOLORA WOORIWYRITE, AS","6",",a","4",",a","0",",a","19011222",",,a","9.1",",,a,22,","24.6",",,,a"
"ASN00090085","1902-01","-38.0831","142.9919","142.0","KOLORA WOORIWYRITE, AS","5",",a","4",",a","0",",a","19020104",",,a","9.4",",,a,04,","25.5",",,,a"
"ASN00090085","1902-02","-38.0831","142.9919","142.0","KOLORA WOORIWYRITE, AS","6",",a","5",",a","0",",a","19020224",",,a","15.2",",,a,24,","42.9",",,,a"
"ASN00090085","1902-03","-38.0831","142.9919","142.0","KOLORA WOORIWYRITE, AS","5",",a","4",",a","0",",a","19020325",",,a","13.2",",,a,25,","33.6",",,,a"
"ASN00090085","1902-04","-38.0831","142.9919","142.0","KOLORA WOORIWYRITE, AS","6",",a","0",",a","0",",a","19020427",",,a","1.5",",,a,27,","6.5",",,,a"
"ASN00090085","1902-05","-38.0831","142.9919","142.0","KOLORA WOORIWYRITE, AS","12",",a","3",",a","0",",a","19020514","+,,a","5.6",",,a,14,+","25.4",",,,a"
"ASN00090085","1902-06","-38.0831","142.9919","142.0","KOLORA WOORIWYRITE, AS","13",",a","8",",a","0",",a","19020609",",,a","13.7",",,a,09,","65.0",",,,a"
"ASN00090085","1902-07","-38.0831","142.9919","142.0","KOLORA WOORIWYRITE, AS","9",",a","4",",a","0",",a","19020707",",,a","10.7",",,a,07,","29.0",",,,a"
"ASN00090085","1902-08","-38.0831","142.9919","142.0","KOLORA WOORIWYRITE, AS","12",",a","5",",a","0",",a","19020823",",,a","5.6",",,a,23,","30.7",",,,a"
"ASN00090085","1902-09","-38.0831","142.9919","142.0","KOLORA WOORIWYRITE, AS","14",",a","9",",a","0",",a","19020910",",,a","11.4",",,a,10,","55.3",",,,a"
"ASN00090085","1902-10","-38.0831","142.9919","142.0","KOLORA WOORIWYRITE, AS","6",",a","4",",a","0",",a","19021011",",,a","4.8",",,a,11,","15.1",",,,a"
"ASN00090085","1902-11","-38.0831","142.9919","142.0","KOLORA WOORIWYRITE, AS","4",",a","3",",a","0",",a","19021113",",,a","6.4",",,a,13,","15.6",",,,a"
"ASN00090085","1902-12","-38.0831","142.9919","142.0","KOLORA WOORIWYRITE, AS","10",",a","8",",a","0",",a","19021220",",,a","21.1",",,a,20,","73.8",",,,a"
"ASN00090085","1903-01","-38.0831","142.9919","142.0","KOLORA WOORIWYRITE, AS","6",",a","3",",a","0",",a","19030107",",,a","12.2",",,a,07,","29.6",",,,a"
"ASN00090085","1903-02","-38.0831","142.9919","142.0","KOLORA WOORIWYRITE, AS","7",",a","4",",a","0",",a","19030216",",,a","13.0",",,a,16,","40.2",",,,a"
"ASN00090085","1903-03","-38.0831","142.9919","142.0","KOLORA WOORIWYRITE, AS","9",",a","6",",a","0",",a","19030303",",,a","24.1",",,a,03,","56.8",",,,a"
"ASN00090085","1903-04","-38.0831","142.9919","142.0","KOLORA WOORIWYRITE, AS","13",",a","9",",a","0",",a","19030405",",,a","20.8",",,a,05,","107.0",",,,a"
"ASN00090085","1903-05","-38.0831","142.9919","142.0","KOLORA WOORIWYRITE, AS","6",",a","4",",a","1",",a","19030521",",,a","31.8",",,a,21,","47.2",",,,a"
"ASN00090085","1903-06","-38.0831","142.9919","142.0","KOLORA WOORIWYRITE, AS","12",",a","7",",a","0",",a","19030616",",,a","20.3",",,a,16,","70.4",",,,a"
"ASN00090085","1903-07","-38.0831","142.9919","142.0","KOLORA WOORIWYRITE, AS","13","5,a","7","5,a","1","5,a","19030716",",5,a","26.4","5,,a,16,","118.9",",a,,a"
"ASN00090085","1903-08","-38.0831","142.9919","142.0","KOLORA WOORIWYRITE, AS","15",",a","8",",a","1",",a","19030801",",,a","35.6",",,a,01,","86.8",",,,a"
"ASN00090085","1903-09","-38.0831","142.9919","142.0","KOLORA WOORIWYRITE, AS","15",",a","9",",a","0",",a","19030918",",,a","12.2",",,a,18,","71.0",",,,a"
"ASN00090085","1903-10","-38.0831","142.9919","142.0","KOLORA WOORIWYRITE, AS","10",",a","7",",a","0",",a","19031015",",,a","14.5",",,a,15,","48.4",",,,a"
"ASN00090085","1903-11","-38.0831","142.9919","142.0","KOLORA WOORIWYRITE, AS","9",",a","5",",a","0",",a","19031101",",,a","23.4",",,a,01,","80.1",",,,a"
"ASN00090085","1903-12","-38.0831","142.9919","142.0","KOLORA WOORIWYRITE, AS","9",",a","7",",a","0",",a","19031220",",,a","14.0",",,a,20,","46.7",",,,a"
"ASN00090085","1904-01","-38.0831","142.9919","142.0","KOLORA WOORIWYRITE, AS","10",",a","7",",a","0",",a","19040103",",,a","23.4",",,a,03,","57.5",",,,a"
"ASN00090085","1904-02","-38.0831","142.9919","142.0","KOLORA WOORIWYRITE, AS","11",",a","5",",a","0",",a","19040219",",,a","18.3",",,a,19,","60.0",",,,a"
"ASN00090085","1904-03","-38.0831","142.9919","142.0","KOLORA WOORIWYRITE, AS","2",",a","1",",a","1",",a","19040316",",,a","25.9",",,a,16,","26.7",",,,a"
"ASN00090085","1904-04","-38.0831","142.9919","142.0","KOLORA WOORIWYRITE, AS","5",",a","3",",a","0",",a","19040419",",,a","19.3",",,a,19,","26.6",",,,a"
"ASN00090085","1904-05","-38.0831","142.9919","142.0","KOLORA WOORIWYRITE, AS","14",",a","8",",a","0",",a","19040509",",,a","19.6",",,a,09,","76.2",",,,a"
"ASN00090085","1904-06","-38.0831","142.9919","142.0","KOLORA WOORIWYRITE, AS","17",",a","8",",a","0",",a","19040630",",,a","8.9",",,a,30,","54.9",",,,a"
"ASN00090085","1904-07","-38.0831","142.9919","142.0","KOLORA WOORIWYRITE, AS","12",",a","9",",a","0",",a","19040714",",,a","15.0",",,a,14,","75.7",",,,a"
"ASN00090085","1904-08","-38.0831","142.9919","142.0","KOLORA WOORIWYRITE, AS","12",",a","7",",a","0",",a","19040831",",,a","11.4",",,a,31,","55.9",",,,a"
"ASN00090085","1904-09","-38.0831","142.9919","142.0","KOLORA WOORIWYRITE, AS","14",",a","8",",a","0",",a","19040903",",,a","10.2",",,a,03,","54.4",",,,a"
"ASN00090085","1904-10","-38.0831","142.9919","142.0","KOLORA WOORIWYRITE, AS","12",",a","8",",a","0",",a","19041019",",,a","10.2",",,a,19,","54.8",",,,a"
"ASN00090085","1904-11","-38.0831","142.9919","142.0","KOLORA WOORIWYRITE, AS","9",",a","7",",a","0",",a","19041104",",,a","12.7",",,a,04,","49.5",",,,a"
"ASN00090085","1904-12","-38.0831","142.9919","142.0","KOLORA WOORIWYRITE, AS","2",",a","0",",a","0",",a","19041227",",,a","1.3",",,a,27,","1.8",",,,a"
"ASN00090085","1905-01","-38.0831","142.9919","142.0","KOLORA WOORIWYRITE, AS","6",",a","4",",a","0",",a","19050129",",,a","9.7",",,a,29,","23.4",",,,a"
"ASN00090085","1905-02","-38.0831","142.9919","142.0","KOLORA WOORIWYRITE, AS","6",",a","2",",a","0",",a","19050212",",,a","19.3",",,a,12,","27.0",",,,a"
"ASN00090085","1905-03","-38.0831","142.9919","142.0","KOLORA WOORIWYRITE, AS","10",",a","0",",a","0",",a","19050330","+,,a","1.5",",,a,30,+","8.0",",,,a"
"ASN00090085","1905-04","-38.0831","142.9919","142.0","KOLORA WOORIWYRITE, AS","11",",a","2",",a","0",",a","19050409",",,a","13.0",",,a,09,","31.3",",,,a"
"ASN00090085","1905-05","-38.0831","142.9919","142.0","KOLORA WOORIWYRITE, AS","13",",a","7",",a","0",",a","19050510",",,a","20.3",",,a,10,","88.6",",,,a"
"ASN00090085","1905-06","-38.0831","142.9919","142.0","KOLORA WOORIWYRITE, AS","20",",a","10",",a","0",",a","19050623",",,a","7.9",",,a,23,","56.4",",,,a"
"ASN00090085","1905-07","-38.0831","142.9919","142.0","KOLORA WOORIWYRITE, AS","22",",a","15",",a","0",",a","19050725",",,a","14.0",",,a,25,","97.2",",,,a"
"ASN00090085","1905-08","-38.0831","142.9919","142.0","KOLORA WOORIWYRITE, AS","9",",a","5",",a","0",",a","19050821",",,a","7.9",",,a,21,","31.2",",,,a"
"ASN00090085","1905-09","-38.0831","142.9919","142.0","KOLORA WOORIWYRITE, AS","17",",a","11",",a","0",",a","19050905",",,a","17.8",",,a,05,","82.4",",,,a"
"ASN00090085","1905-10","-38.0831","142.9919","142.0","KOLORA WOORIWYRITE, AS","15",",a","8",",a","0",",a","19051031",",,a","7.1",",,a,31,","48.9",",,,a"
"ASN00090085","1905-11","-38.0831","142.9919","142.0","KOLORA WOORIWYRITE, AS","6",",a","2",",a","0",",a","19051112",",,a","13.7",",,a,12,","21.8",",,,a"
"ASN00090085","1905-12","-38.0831","142.9919","142.0","KOLORA WOORIWYRITE, AS","4",",a","3",",a","1",",a","19051203",",,a","38.6",",,a,03,","56.4",",,,a"
"ASN00090085","1906-01","-38.0831","142.9919","142.0","KOLORA WOORIWYRITE, AS","1",",a","1",",a","0",",a","19060112",",,a","2.5",",,a,12,","2.5",",,,a"
"ASN00090085","1906-02","-38.0831","142.9919","142.0","KOLORA WOORIWYRITE, AS","4",",a","2",",a","0",",a","19060228",",,a","15.2",",,a,28,","20.5",",,,a"
"ASN00090085","1906-03","-38.0831","142.9919","142.0","KOLORA WOORIWYRITE, AS","8",",a","7",",a","0",",a","19060310",",,a","15.2",",,a,10,","65.0",",,,a"
"ASN00090085","1906-04","-38.0831","142.9919","142.0","KOLORA WOORIWYRITE, AS","8",",a","2",",a","0",",a","19060414",",,a","5.6",",,a,14,","16.3",",,,a"
"ASN00090085","1906-05","-38.0831","142.9919","142.0","KOLORA WOORIWYRITE, AS","10",",a","7",",a","0",",a","19060527",",,a","25.1",",,a,27,","93.5",",,,a"
"ASN00090085","1906-06","-38.0831","142.9919","142.0","KOLORA WOORIWYRITE, AS","15",",a","10",",a","0",",a","19060623",",,a","14.0",",,a,23,","81.9",",,,a"
"ASN00090085","1906-07","-38.0831","142.9919","142.0","KOLORA WOORIWYRITE, AS","15",",a","13",",a","0",",a","19060718",",,a","24.9",",,a,18,","108.9",",,,a"
"ASN00090085","1906-08","-38.0831","142.9919","142.0","KOLORA WOORIWYRITE, AS","12",",a","9",",a","0",",a","19060825",",,a","13.5",",,a,25,","60.8",",,,a"
"ASN00090085","1906-09","-38.0831","142.9919","142.0","KOLORA WOORIWYRITE, AS","8",",a","3",",a","0",",a","19060927",",,a","14.7",",,a,27,","39.6",",,,a"
"ASN00090085","1906-10","-38.0831","142.9919","142.0","KOLORA WOORIWYRITE, AS","15",",a","10",",a","0",",a","19061002",",,a","12.7",",,a,02,","85.0",",,,a"
"ASN00090085","1906-11","-38.0831","142.9919","142.0","KOLORA WOORIWYRITE, AS","16",",a","10",",a","2",",a","19061128",",,a","36.8",",,a,28,","128.2",",,,a"
"ASN00090085","1906-12","-38.0831","142.9919","142.0","KOLORA WOORIWYRITE, AS","5",",a","2",",a","0",",a","19061218",",,a","6.1",",,a,18,","12.4",",,,a"
"ASN00090085","1907-01","-38.0831","142.9919","142.0","KOLORA WOORIWYRITE, AS","5",",a","1",",a","0",",a","19070104",",,a","3.0",",,a,04,","8.3",",,,a"
"ASN00090085","1907-02","-38.0831","142.9919","142.0","KOLORA WOORIWYRITE, AS","4",",a","4",",a","0",",a","19070206",",,a","4.6",",,a,06,","12.9",",,,a"
"ASN00090085","1907-03","-38.0831","142.9919","142.0","KOLORA WOORIWYRITE, AS","8",",a","2",",a","0",",a","19070305",",,a","15.2",",,a,05,","23.6",",,,a"
"ASN00090085","1907-04","-38.0831","142.9919","142.0","KOLORA WOORIWYRITE, AS","14",",a","12",",a","0",",a","19070419",",,a","23.9",",,a,19,","85.3",",,,a"
"ASN00090085","1907-05","-38.0831","142.9919","142.0","KOLORA WOORIWYRITE, AS","9",",a","7",",a","0",",a","19070521",",,a","20.1",",,a,21,","55.1",",,,a"
"ASN00090085","1907-06","-38.0831","142.9919","142.0","KOLORA WOORIWYRITE, AS","7",",a","4",",a","0",",a","19070609",",,a","8.4",",,a,09,","27.7",",,,a"
"ASN00090085","1907-07","-38.0831","142.9919","142.0","KOLORA WOORIWYRITE, AS","15",",a","9",",a","0",",a","19070706",",,a","10.2",",,a,06,","61.9",",,,a"
"ASN00090085","1907-08","-38.0831","142.9919","142.0","KOLORA WOORIWYRITE, AS","16",",a","12",",a","0",",a","19070807",",,a","11.2",",,a,07,","65.7",",,,a"
"ASN00090085","1907-09","-38.0831","142.9919","142.0","KOLORA WOORIWYRITE, AS","12",",a","6",",a","0",",a","19070924",",,a","17.0",",,a,24,","53.1",",,,a"
"ASN00090085","1907-10","-38.0831","142.9919","142.0","KOLORA WOORIWYRITE, AS","11",",a","7",",a","0",",a","19071031",",,a","6.9",",,a,31,","34.7",",,,a"
"ASN00090085","1907-11","-38.0831","142.9919","142.0","KOLORA WOORIWYRITE, AS","6",",a","6",",a","0",",a","19071103",",,a","13.2",",,a,03,","40.2",",,,a"
"ASN00090085","1907-12","-38.0831","142.9919","142.0","KOLORA WOORIWYRITE, AS","6",",a","5",",a","1",",a","19071227",",,a","32.0",",,a,27,","73.4",",,,a"
"ASN00090085","1908-01","-38.0831","142.9919","142.0","KOLORA WOORIWYRITE, AS","2",",a","2",",a","0",",a","19080110",",,a","9.4",",,a,10,","11.9",",,,a"
"ASN00090085","1908-02","-38.0831","142.9919","142.0","KOLORA WOORIWYRITE, AS","6",",a","2",",a","0",",a","19080208",",,a","9.4",",,a,08,","16.7",",,,a"
"ASN00090085","1908-03","-38.0831","142.9919","142.0","KOLORA WOORIWYRITE, AS","10",",a","7",",a","0",",a","19080309",",,a","15.2",",,a,09,","60.2",",,,a"
"ASN00090085","1908-04","-38.0831","142.9919","142.0","KOLORA WOORIWYRITE, AS","3",",a","1",",a","0",",a","19080416",",,a","2.5",",,a,16,","5.6",",,,a"
"ASN00090085","1908-05","-38.0831","142.9919","142.0","KOLORA WOORIWYRITE, AS","12",",a","6",",a","0",",a","19080506",",,a","12.7",",,a,06,","52.9",",,,a"
"ASN00090085","1908-06","-38.0831","142.9919","142.0","KOLORA WOORIWYRITE, AS","18",",a","10",",a","0",",a","19080621",",,a","16.5",",,a,21,","67.0",",,,a"
"ASN00090085","1908-07","-38.0831","142.9919","142.0","KOLORA WOORIWYRITE, AS","13",",a","6",",a","0",",a","19080722",",,a","12.7",",,a,22,","40.4",",,,a"
"ASN00090085","1908-08","-38.0831","142.9919","142.0","KOLORA WOORIWYRITE, AS","10",",a","5",",a","0",",a","19080816",",,a","14.2",",,a,16,","45.7",",,,a"
"ASN00090085","1908-09","-38.0831","142.9919","142.0","KOLORA WOORIWYRITE, AS","17",",a","7",",a","1",",a","19080902",",,a","46.0",",,a,02,","99.5",",,,a"
"ASN00090085","1908-10","-38.0831","142.9919","142.0","KOLORA WOORIWYRITE, AS","8",",a","7",",a","0",",a","19081016",",,a","15.7",",,a,16,","54.0",",,,a"
"ASN00090085","1908-11","-38.0831","142.9919","142.0","KOLORA WOORIWYRITE, AS","8",",a","7",",a","0",",a","19081116",",,a","9.1",",,a,16,","34.1",",,,a"
"ASN00090085","1908-12","-38.0831","142.9919","142.0","KOLORA WOORIWYRITE, AS","3",",a","1",",a","0",",a","19081222",",,a","7.6",",,a,22,","11.9",",,,a"
"ASN00090085","1909-01","-38.0831","142.9919","142.0","KOLORA WOORIWYRITE, AS","7",",a","5",",a","0",",a","19090123",",,a","17.8",",,a,23,","47.3",",,,a"
"ASN00090085","1909-02","-38.0831","142.9919","142.0","KOLORA WOORIWYRITE, AS","4",",a","1",",a","0",",a","19090224",",,a","8.4",",,a,24,","14.3",",,,a"
"ASN00090085","1909-03","-38.0831","142.9919","142.0","KOLORA WOORIWYRITE, AS","9",",a","5",",a","0",",a","19090324",",,a","19.8",",,a,24,","52.3",",,,a"
"ASN00090085","1909-04","-38.0831","142.9919","142.0","KOLORA WOORIWYRITE, AS","13",",a","9",",a","0",",a","19090419",",,a","19.1",",,a,19,","69.8",",,,a"
"ASN00090085","1909-05","-38.0831","142.9919","142.0","KOLORA WOORIWYRITE, AS","14",",a","8",",a","0",",a","19090515","+,,a","15.2",",,a,15,+","76.0",",,,a"
"ASN00090085","1909-06","-38.0831","142.9919","142.0","KOLORA WOORIWYRITE, AS","19",",a","15",",a","1",",a","19090602",",,a","27.2",",,a,02,","143.6",",,,a"
"ASN00090085","1909-07","-38.0831","142.9919","142.0","KOLORA WOORIWYRITE, AS","11",",a","8",",a","0",",a","19090716",",,a","9.4",",,a,16,","45.7",",,,a"
"ASN00090085","1909-08","-38.0831","142.9919","142.0","KOLORA WOORIWYRITE, AS","17",",a","12",",a","1",",a","19090820",",,a","35.6",",,a,20,","118.5",",,,a"
"ASN00090085","1909-09","-38.0831","142.9919","142.0","KOLORA WOORIWYRITE, AS","7",",a","5",",a","0",",a","19090920",",,a","11.7",",,a,20,","37.3",",,,a"
"ASN00090085","1909-10","-38.0831","142.9919","142.0","KOLORA WOORIWYRITE, AS","11",",a","6",",a","0",",a","19091002",",,a","16.0",",,a,02,","53.3",",,,a"
"ASN00090085","1909-11","-38.0831","142.9919","142.0","KOLORA WOORIWYRITE, AS","8",",a","5",",a","0",",a","19091110",",,a","6.1",",,a,10,","29.5",",,,a"
"ASN00090085","1909-12","-38.0831","142.9919","142.0","KOLORA WOORIWYRITE, AS","9",",a","7",",a","0",",a","19091201",",,a","11.7",",,a,01,","39.1",",,,a"
"ASN00090085","1910-01","-38.0831","142.9919","142.0","KOLORA WOORIWYRITE, AS","6",",a","5",",a","0",",a","19100110",",,a","6.6",",,a,10,","23.3",",,,a"
"ASN00090085","1910-02","-38.0831","142.9919","142.0","KOLORA WOORIWYRITE, AS","2",",a","1",",a","0",",a","19100205",",,a","8.4",",,a,05,","10.4",",,,a"
"ASN00090085","1910-03","-38.0831","142.9919","142.0","KOLORA WOORIWYRITE, AS","4",",a","3",",a","2",",a","19100306",",,a","83.8",",,a,06,","123.5",",,,a"
"ASN00090085","1910-04","-38.0831","142.9919","142.0","KOLORA WOORIWYRITE, AS","4",",a","3",",a","0",",a","19100429",",,a","15.2",",,a,29,","31.2",",,,a"
"ASN00090085","1910-05","-38.0831","142.9919","142.0","KOLORA WOORIWYRITE, AS","13",",a","8",",a","0",",a","19100509",",,a","24.6",",,a,09,","75.5",",,,a"
"ASN00090085","1910-06","-38.0831","142.9919","142.0","KOLORA WOORIWYRITE, AS","11",",a","6",",a","0",",a","19100622",",,a","14.0",",,a,22,","42.7",",,,a"
"ASN00090085","1910-07","-38.0831","142.9919","142.0","KOLORA WOORIWYRITE, AS","13",",a","8",",a","0",",a","19100723",",,a","9.7",",,a,23,","52.9",",,,a"
"ASN00090085","1910-08","-38.0831","142.9919","142.0","KOLORA WOORIWYRITE, AS","13",",a","8",",a","0",",a","19100821",",,a","7.6",",,a,21,","43.9",",,,a"
"ASN00090085","1910-09","-38.0831","142.9919","142.0","KOLORA WOORIWYRITE, AS","13",",a","10",",a","0",",a","19100926",",,a","21.6",",,a,26,","106.9",",,,a"
"ASN00090085","1910-10","-38.0831","142.9919","142.0","KOLORA WOORIWYRITE, AS","10",",a","7",",a","0",",a","19101010",",,a","13.5",",,a,10,","57.6",",,,a"
"ASN00090085","1910-11","-38.0831","142.9919","142.0","KOLORA WOORIWYRITE, AS","9",",a","7",",a","0",",a","19101121",",,a","15.5",",,a,21,","52.8",",,,a"
"ASN00090085","1910-12","-38.0831","142.9919","142.0","KOLORA WOORIWYRITE, AS","14",",a","9",",a","0",",a","19101223",",,a","14.2",",,a,23,","67.0",",,,a"
"ASN00090085","1911-01","-38.0831","142.9919","142.0","KOLORA WOORIWYRITE, AS","2",",a","2",",a","0",",a","19110124",",,a","15.2",",,a,24,","23.3",",,,a"
"ASN00090085","1911-02","-38.0831","142.9919","142.0","KOLORA WOORIWYRITE, AS","11",",a","10",",a","3",",a","19110210",",,a","41.9",",,a,10,","171.2",",,,a"
"ASN00090085","1911-03","-38.0831","142.9919","142.0","KOLORA WOORIWYRITE, AS","10",",a","10",",a","1",",a","19110319",",,a","32.0",",,a,19,","99.5",",,,a"
"ASN00090085","1911-04","-38.0831","142.9919","142.0","KOLORA WOORIWYRITE, AS","7",",a","4",",a","0",",a","19110416",",,a","10.4",",,a,16,","33.0",",,,a"
"ASN00090085","1911-05","-38.0831","142.9919","142.0","KOLORA WOORIWYRITE, AS","15",",a","12",",a","1",",a","19110518",",,a","31.5",",,a,18,","85.5",",,,a"
"ASN00090085","1911-06","-38.0831","142.9919","142.0","KOLORA WOORIWYRITE, AS","17",",a","13",",a","0",",a","19110611",",,a","10.7",",,a,11,","78.8",",,,a"
"ASN00090085","1911-07","-38.0831","142.9919","142.0","KOLORA WOORIWYRITE, AS","12",",a","10",",a","0",",a","19110730",",,a","18.3",",,a,30,","63.8",",,,a"
"ASN00090085","1911-08","-38.0831","142.9919","142.0","KOLORA WOORIWYRITE, AS","10",",a","4",",a","0",",a","19110824",",,a","10.4",",,a,24,","36.8",",,,a"
"ASN00090085","1911-09","-38.0831","142.9919","142.0","KOLORA WOORIWYRITE, AS","13",",a","10",",a","0",",a","19110902",",,a","19.1",",,a,02,","77.8",",,,a"
"ASN00090085","1911-10","-38.0831","142.9919","142.0","KOLORA WOORIWYRITE, AS","8",",a","6",",a","0",",a","19111031",",,a","13.7",",,a,31,","38.6",",,,a"
"ASN00090085","1911-11","-38.0831","142.9919","142.0","KOLORA WOORIWYRITE, AS","4",",a","0",",a","0",",a","19111113","+,,a","1.0",",,a,13,+","3.3",",,,a"
"ASN00090085","1911-12","-38.0831","142.9919","142.0","KOLORA WOORIWYRITE, AS","11",",a","7",",a","0",",a","19111212",",,a","22.9",",,a,12,","76.7",",,,a"
"ASN00090085","1912-01","-38.0831","142.9919","142.0","KOLORA WOORIWYRITE, AS","3",",a","3",",a","0",",a","19120110",",,a","4.6",",,a,10,","11.4",",,,a"
"ASN00090085","1912-02","-38.0831","142.9919","142.0","KOLORA WOORIWYRITE, AS","3",",a","3",",a","0",",a","19120224",",,a","15.7",",,a,24,","36.1",",,,a"
"ASN00090085","1912-03","-38.0831","142.9919","142.0","KOLORA WOORIWYRITE, AS","5",",a","5",",a","0",",a","19120328","+,,a","7.6",",,a,28,+","30.4",",,,a"
"ASN00090085","1912-04","-38.0831","142.9919","142.0","KOLORA WOORIWYRITE, AS","15",",a","8",",a","1",",a","19120408",",,a","28.4",",,a,08,","83.8",",,,a"
"ASN00090085","1912-05","-38.0831","142.9919","142.0","KOLORA WOORIWYRITE, AS","12",",a","6",",a","0",",a","19120522",",,a","5.1",",,a,22,","34.5",",,,a"
"ASN00090085","1912-06","-38.0831","142.9919","142.0","KOLORA WOORIWYRITE, AS","13",",a","9",",a","0",",a","19120614",",,a","10.4",",,a,14,","47.3",",,,a"
"ASN00090085","1912-07","-38.0831","142.9919","142.0","KOLORA WOORIWYRITE, AS","11",",a","5",",a","0",",a","19120711",",,a","5.8",",,a,11,","27.3",",,,a"
"ASN00090085","1912-08","-38.0831","142.9919","142.0","KOLORA WOORIWYRITE, AS","13",",a","8",",a","0",",a","19120829",",,a","11.7",",,a,29,","45.2",",,,a"
"ASN00090085","1912-09","-38.0831","142.9919","142.0","KOLORA WOORIWYRITE, AS","16",",a","14",",a","0",",a","19120915",",,a","21.1",",,a,15,","94.6",",,,a"
"ASN00090085","1912-10","-38.0831","142.9919","142.0","KOLORA WOORIWYRITE, AS","10",",a","6",",a","0",",a","19121014","+,,a","12.7",",,a,14,+","54.8",",,,a"
"ASN00090085","1912-11","-38.0831","142.9919","142.0","KOLORA WOORIWYRITE, AS","15",",a","6",",a","0",",a","19121119",",,a","11.2",",,a,19,","57.5",",,,a"
"ASN00090085","1912-12","-38.0831","142.9919","142.0","KOLORA WOORIWYRITE, AS","9",",a","9",",a","0",",a","19121206",",,a","14.2",",,a,06,","64.6",",,,a"
"ASN00090085","1913-01","-38.0831","142.9919","142.0","KOLORA WOORIWYRITE, AS","3",",a","1",",a","0",",a","19130103",",,a","2.5",",,a,03,","5.6",",,,a"
"ASN00090085","1913-02","-38.0831","142.9919","142.0","KOLORA WOORIWYRITE, AS","4",",a","3",",a","1",",a","19130215",",,a","32.3",",,a,15,","45.5",",,,a"
"ASN00090085","1913-03","-38.0831","142.9919","142.0","KOLORA WOORIWYRITE, AS","20",",a","12",",a","0",",a","19130325",",,a","21.6",",,a,25,","115.1",",,,a"
"ASN00090085","1913-04","-38.0831","142.9919","142.0","KOLORA WOORIWYRITE, AS","8",",a","4",",a","0",",a","19130426","+,,a","5.8",",,a,26,+","22.9",",,,a"
"ASN00090085","1913-05","-38.0831","142.9919","142.0","KOLORA WOORIWYRITE, AS","14",",a","10",",a","0",",a","19130527",",,a","10.2",",,a,27,","61.4",",,,a"
"ASN00090085","1913-06","-38.0831","142.9919","142.0","KOLORA WOORIWYRITE, AS","11",",a","4",",a","0",",a","19130624",",,a","11.9",",,a,24,","42.2",",,,a"
"ASN00090085","1913-07","-38.0831","142.9919","142.0","KOLORA WOORIWYRITE, AS","12",",a","8",",a","0",",a","19130705",",,a","7.9",",,a,05,","43.6",",,,a"
"ASN00090085","1913-08","-38.0831","142.9919","142.0","KOLORA WOORIWYRITE, AS","17",",a","9",",a","0",",a","19130821",",,a","10.4",",,a,21,","64.2",",,,a"
"ASN00090085","1913-09","-38.0831","142.9919","142.0","KOLORA WOORIWYRITE, AS","13",",a","7",",a","1",",a","19130919",",,a","43.2",",,a,19,","96.6",",,,a"
"ASN00090085","1913-10","-38.0831","142.9919","142.0","KOLORA WOORIWYRITE, AS","9",",a","5",",a","0",",a","19131016",",,a","8.6",",,a,16,","35.7",",,,a"
"ASN00090085","1913-11","-38.0831","142.9919","142.0","KOLORA WOORIWYRITE, AS","16",",a","10",",a","0",",a","19131124",",,a","13.5",",,a,24,","71.8",",,,a"
"ASN00090085","1913-12","-38.0831","142.9919","142.0","KOLORA WOORIWYRITE, AS","4",",a","2",",a","1",",a","19131223",",,a","29.2",",,a,23,","35.6",",,,a"
"ASN00090085","1914-01","-38.0831","142.9919","142.0","KOLORA WOORIWYRITE, AS","5",",a","3",",a","0",",a","19140112",",,a","7.1",",,a,12,","21.3",",,,a"
"ASN00090085","1914-02","-38.0831","142.9919","142.0","KOLORA WOORIWYRITE, AS","1",",a","0",",a","0",",a","19140207",",,a","1.3",",,a,07,","1.3",",,,a"
"ASN00090085","1914-03","-38.0831","142.9919","142.0","KOLORA WOORIWYRITE, AS","5",",a","2",",a","0",",a","19140313",",,a","10.2",",,a,13,","18.1",",,,a"
"ASN00090085","1914-04","-38.0831","142.9919","142.0","KOLORA WOORIWYRITE, AS","12",",a","7",",a","1",",a","19140421",",,a","25.7",",,a,21,","57.0",",,,a"
"ASN00090085","1914-05","-38.0831","142.9919","142.0","KOLORA WOORIWYRITE, AS","10",",a","4",",a","0",",a","19140526",",,a","8.9",",,a,26,","34.3",",,,a"
"ASN00090085","1914-06","-38.0831","142.9919","142.0","KOLORA WOORIWYRITE, AS","9",",a","4",",a","0",",a","19140616",",,a","9.1",",,a,16,","29.3",",,,a"
"ASN00090085","1914-07","-38.0831","142.9919","142.0","KOLORA WOORIWYRITE, AS","14",",a","12",",a","0",",a","19140713",",,a","12.2",",,a,13,","87.1",",,,a"
"ASN00090085","1914-08","-38.0831","142.9919","142.0","KOLORA WOORIWYRITE, AS","7",",a","2",",a","0",",a","19140829",",,a","3.3",",,a,29,","11.5",",,,a"
"ASN00090085","1914-09","-38.0831","142.9919","142.0","KOLORA WOORIWYRITE, AS","8",",a","5",",a","0",",a","19140919",",,a","6.6",",,a,19,","28.0",",,,a"
"ASN00090085","1914-10","-38.0831","142.9919","142.0","KOLORA WOORIWYRITE, AS","2",",a","0",",a","0",",a","19141010",",,a","1.5",",,a,10,","2.3",",,,a"
"ASN00090085","1914-11","-38.0831","142.9919","142.0","KOLORA WOORIWYRITE, AS","9",",a","4",",a","0",",a","19141101",",,a","11.4",",,a,01,","39.6",",,,a"
"ASN00090085","1914-12","-38.0831","142.9919","142.0","KOLORA WOORIWYRITE, AS","10",",a","5",",a","0",",a","19141215",",,a","16.8",",,a,15,","50.6",",,,a"
"ASN00090085","1915-01","-38.0831","142.9919","142.0","KOLORA WOORIWYRITE, AS","6",",a","3",",a","0",",a","19150120",",,a","14.5",",,a,20,","25.8",",,,a"
"ASN00090085","1915-02","-38.0831","142.9919","142.0","KOLORA WOORIWYRITE, AS","3",",a","0",",a","0",",a","19150210",",,a","2.0",",,a,10,","3.5",",,,a"
"ASN00090085","1915-03","-38.0831","142.9919","142.0","KOLORA WOORIWYRITE, AS","7",",a","2",",a","0",",a","19150309",",,a","5.1",",,a,09,","13.2",",,,a"
"ASN00090085","1915-04","-38.0831","142.9919","142.0","KOLORA WOORIWYRITE, AS","9",",a","4",",a","0",",a","19150411",",,a","7.1",",,a,11,","21.6",",,,a"
"ASN00090085","1915-05","-38.0831","142.9919","142.0","KOLORA WOORIWYRITE, AS","16",",a","9",",a","0",",a","19150517",",,a","9.7",",,a,17,","53.4",",,,a"
"ASN00090085","1915-06","-38.0831","142.9919","142.0","KOLORA WOORIWYRITE, AS","19",",a","12",",a","0",",a","19150608",",,a","13.2",",,a,08,","95.4",",,,a"
"ASN00090085","1915-07","-38.0831","142.9919","142.0","KOLORA WOORIWYRITE, AS","16",",a","7",",a","0",",a","19150709",",,a","9.7",",,a,09,","49.0",",,,a"
"ASN00090085","1915-08","-38.0831","142.9919","142.0","KOLORA WOORIWYRITE, AS","20",",a","10",",a","0",",a","19150812",",,a","16.0",",,a,12,","72.0",",,,a"
"ASN00090085","1915-09","-38.0831","142.9919","142.0","KOLORA WOORIWYRITE, AS","13",",a","10",",a","0",",a","19150919",",,a","18.3",",,a,19,","72.4",",,,a"
"ASN00090085","1915-10","-38.0831","142.9919","142.0","KOLORA WOORIWYRITE, AS","15",",a","8",",a","0",",a","19151027",",,a","9.1",",,a,27,","56.1",",,,a"
"ASN00090085","1915-11","-38.0831","142.9919","142.0","KOLORA WOORIWYRITE, AS","11",",a","6",",a","0",",a","19151123","+,,a","8.9",",,a,23,+","41.6",",,,a"
"ASN00090085","1915-12","-38.0831","142.9919","142.0","KOLORA WOORIWYRITE, AS","2",",a","1",",a","0",",a","19151215",",,a","2.5",",,a,15,","3.0",",,,a"
"ASN00090085","1916-01","-38.0831","142.9919","142.0","KOLORA WOORIWYRITE, AS","9",",a","4",",a","0",",a","19160128",",,a","20.3",",,a,28,","49.7",",,,a"
"ASN00090085","1916-02","-38.0831","142.9919","142.0","KOLORA WOORIWYRITE, AS","2",",a","1",",a","0",",a","19160210",",,a","15.7",",,a,10,","18.0",",,,a"
"ASN00090085","1916-03","-38.0831","142.9919","142.0","KOLORA WOORIWYRITE, AS","3",",a","0",",a","0",",a","19160327",",,a","1.3",",,a,27,","2.6",",,,a"
"ASN00090085","1916-04","-38.0831","142.9919","142.0","KOLORA WOORIWYRITE, AS","12",",a","6",",a","0",",a","19160426",",,a","9.7",",,a,26,","36.9",",,,a"
"ASN00090085","1916-05","-38.0831","142.9919","142.0","KOLORA WOORIWYRITE, AS","5",",a","3",",a","0",",a","19160518",",,a","4.6",",,a,18,","14.3",",,,a"
"ASN00090085","1916-06","-38.0831","142.9919","142.0","KOLORA WOORIWYRITE, AS","16",",a","7",",a","0",",a","19160603",",,a","15.2",",,a,03,","57.0",",,,a"
"ASN00090085","1916-07","-38.0831","142.9919","142.0","KOLORA WOORIWYRITE, AS","14",",a","5",",a","0",",a","19160710",",,a","10.7",",,a,10,","43.8",",,,a"
"ASN00090085","1916-08","-38.0831","142.9919","142.0","KOLORA WOORIWYRITE, AS","19",",a","8",",a","0",",a","19160828",",,a","22.9",",,a,28,","67.1",",,,a"
"ASN00090085","1916-09","-38.0831","142.9919","142.0","KOLORA WOORIWYRITE, AS","18",",a","9",",a","1",",a","19160922",",,a","34.3",",,a,22,","103.4",",,,a"
"ASN00090085","1916-10","-38.0831","142.9919","142.0","KOLORA WOORIWYRITE, AS","15",",a","9",",a","0",",a","19161023",",,a","17.8",",,a,23,","75.9",",,,a"
"ASN00090085","1916-11","-38.0831","142.9919","142.0","KOLORA WOORIWYRITE, AS","19",",a","12",",a","0",",a","19161106",",,a","14.2",",,a,06,","93.9",",,,a"
"ASN00090085","1916-12","-38.0831","142.9919","142.0","KOLORA WOORIWYRITE, AS","10",",a","7",",a","0",",a","19161208",",,a","14.0",",,a,08,","54.2",",,,a"
"ASN00090085","1917-01","-38.0831","142.9919","142.0","KOLORA WOORIWYRITE, AS","7",",a","2",",a","0",",a","19170124",",,a","5.3",",,a,24,","13.5",",,,a"
"ASN00090085","1917-02","-38.0831","142.9919","142.0","KOLORA WOORIWYRITE, AS","7",",a","5",",a","1",",a","19170215",",,a","27.9",",,a,15,","54.8",",,,a"
"ASN00090085","1917-03","-38.0831","142.9919","142.0","KOLORA WOORIWYRITE, AS","9",",a","3",",a","0",",a","19170330",",,a","15.2",",,a,30,","34.7",",,,a"
"ASN00090085","1917-04","-38.0831","142.9919","142.0","KOLORA WOORIWYRITE, AS","8",",a","5",",a","0",",a","19170406",",,a","13.7",",,a,06,","37.0",",,,a"
"ASN00090085","1917-05","-38.0831","142.9919","142.0","KOLORA WOORIWYRITE, AS","19",",a","12",",a","0",",a","19170506",",,a","14.0",",,a,06,","91.3",",,,a"
"ASN00090085","1917-07","-38.0831","142.9919","142.0","KOLORA WOORIWYRITE, AS","19",",a","16",",a","0",",a","19170724","+,,a","8.9",",,a,24,+","86.2",",,,a"
"ASN00090085","1917-08","-38.0831","142.9919","142.0","KOLORA WOORIWYRITE, AS","13",",a","6",",a","0",",a","19170823",",,a","20.3",",,a,23,","82.1",",,,a"
"ASN00090085","1917-09","-38.0831","142.9919","142.0","KOLORA WOORIWYRITE, AS","16",",a","8",",a","0",",a","19170911",",,a","11.2",",,a,11,","64.2",",,,a"
"ASN00090085","1917-10","-38.0831","142.9919","142.0","KOLORA WOORIWYRITE, AS","18",",a","10",",a","0",",a","19171005",",,a","19.3",",,a,05,","114.0",",,,a"
"ASN00090085","1917-11","-38.0831","142.9919","142.0","KOLORA WOORIWYRITE, AS","8",",a","6",",a","1",",a","19171127",",,a","29.2",",,a,27,","74.1",",,,a"
"ASN00090085","1917-12","-38.0831","142.9919","142.0","KOLORA WOORIWYRITE, AS","4",",a","4",",a","0",",a","19171219",",,a","11.4",",,a,19,","24.4",",,,a"
"ASN00090085","1918-01","-38.0831","142.9919","142.0","KOLORA WOORIWYRITE, AS","3",",a","3",",a","0",",a","19180114",",,a","12.7",",,a,14,","19.0",",,,a"
"ASN00090085","1918-02","-38.0831","142.9919","142.0","KOLORA WOORIWYRITE, AS","5",",a","2",",a","0",",a","19180217",",,a","8.9",",,a,17,","16.4",",,,a"
"ASN00090085","1918-03","-38.0831","142.9919","142.0","KOLORA WOORIWYRITE, AS","8",",a","5",",a","0",",a","19180306",",,a","12.7",",,a,06,","31.3",",,,a"
"ASN00090085","1918-04","-38.0831","142.9919","142.0","KOLORA WOORIWYRITE, AS","5",",a","4",",a","0",",a","19180426",",,a","11.2",",,a,26,","24.2",",,,a"
"ASN00090085","1918-05","-38.0831","142.9919","142.0","KOLORA WOORIWYRITE, AS","15",",a","11",",a","1",",a","19180516",",,a","26.7",",,a,16,","111.6",",,,a"
"ASN00090085","1918-06","-38.0831","142.9919","142.0","KOLORA WOORIWYRITE, AS","12",",a","9",",a","0",",a","19180618",",,a","22.9",",,a,18,","68.2",",,,a"
"ASN00090085","1918-07","-38.0831","142.9919","142.0","KOLORA WOORIWYRITE, AS","14",",a","10",",a","0",",a","19180704",",,a","23.4",",,a,04,","106.9",",,,a"
"ASN00090085","1918-08","-38.0831","142.9919","142.0","KOLORA WOORIWYRITE, AS","11",",a","7",",a","0",",a","19180824",",,a","14.0",",,a,24,","55.0",",,,a"
"ASN00090085","1918-09","-38.0831","142.9919","142.0","KOLORA WOORIWYRITE, AS","8",",a","5",",a","0",",a","19180905",",,a","8.9",",,a,05,","32.8",",,,a"
"ASN00090085","1918-10","-38.0831","142.9919","142.0","KOLORA WOORIWYRITE, AS","15",",a","10",",a","0",",a","19181007",",,a","15.2",",,a,07,","66.8",",,,a"
"ASN00090085","1918-11","-38.0831","142.9919","142.0","KOLORA WOORIWYRITE, AS","5",",a","2",",a","0",",a","19181116",",,a","7.1",",,a,16,","17.3",",,,a"
"ASN00090085","1918-12","-38.0831","142.9919","142.0","KOLORA WOORIWYRITE, AS","7",",a","2",",a","0",",a","19181226",",,a","6.4",",,a,26,","19.4",",,,a"
"ASN00090085","1919-01","-38.0831","142.9919","142.0","KOLORA WOORIWYRITE, AS","3",",a","1",",a","0",",a","19190113",",,a","2.5",",,a,13,","6.3",",,,a"
"ASN00090085","1919-02","-38.0831","142.9919","142.0","KOLORA WOORIWYRITE, AS","6",",a","5",",a","0",",a","19190218","+,,a","20.3",",,a,18,+","78.7",",,,a"
"ASN00090085","1919-03","-38.0831","142.9919","142.0","KOLORA WOORIWYRITE, AS","7",",a","7",",a","0",",a","19190305",",,a","19.3",",,a,05,","50.9",",,,a"
"ASN00090085","1919-04","-38.0831","142.9919","142.0","KOLORA WOORIWYRITE, AS","4",",a","1",",a","0",",a","19190405",",,a","2.5",",,a,05,","6.9",",,,a"
"ASN00090085","1919-05","-38.0831","142.9919","142.0","KOLORA WOORIWYRITE, AS","9",",a","7",",a","0",",a","19190510",",,a","19.1",",,a,10,","53.2",",,,a"
"ASN00090085","1919-06","-38.0831","142.9919","142.0","KOLORA WOORIWYRITE, AS","14",",a","10",",a","0",",a","19190620",",,a","10.2",",,a,20,","53.7",",,,a"
"ASN00090085","1919-07","-38.0831","142.9919","142.0","KOLORA WOORIWYRITE, AS","14",",a","7",",a","0",",a","19190712",",,a","6.4",",,a,12,","37.3",",,,a"
"ASN00090085","1919-08","-38.0831","142.9919","142.0","KOLORA WOORIWYRITE, AS","13",",a","8",",a","0",",a","19190814",",,a","8.9",",,a,14,","47.5",",,,a"
"ASN00090085","1919-09","-38.0831","142.9919","142.0","KOLORA WOORIWYRITE, AS","12",",a","9",",a","0",",a","19190907",",,a","16.0",",,a,07,","63.7",",,,a"
"ASN00090085","1919-10","-38.0831","142.9919","142.0","KOLORA WOORIWYRITE, AS","9",",a","7",",a","0",",a","19191024",",,a","5.6",",,a,24,","29.2",",,,a"
"ASN00090085","1919-11","-38.0831","142.9919","142.0","KOLORA WOORIWYRITE, AS","2",",a","2",",a","0",",a","19191102",",,a","7.4",",,a,02,","9.9",",,,a"
"ASN00090085","1919-12","-38.0831","142.9919","142.0","KOLORA WOORIWYRITE, AS","2",",a","2",",a","0",",a","19191229",",,a","23.4",",,a,29,","29.8",",,,a"
"ASN00090085","1920-01","-38.0831","142.9919","142.0","KOLORA WOORIWYRITE, AS","1",",a","1",",a","0",",a","19200126",",,a","5.6",",,a,26,","5.6",",,,a"
"ASN00090085","1920-02","-38.0831","142.9919","142.0","KOLORA WOORIWYRITE, AS","3",",a","2",",a","0",",a","19200229","+,,a","2.5",",,a,29,+","6.3",",,,a"
"ASN00090085","1920-03","-38.0831","142.9919","142.0","KOLORA WOORIWYRITE, AS","8",",a","3",",a","0",",a","19200306",",,a","17.8",",,a,06,","40.8",",,,a"
"ASN00090085","1920-04","-38.0831","142.9919","142.0","KOLORA WOORIWYRITE, AS","6",",a","2",",a","0",",a","19200421",",,a","3.0",",,a,21,","10.4",",,,a"
"ASN00090085","1920-05","-38.0831","142.9919","142.0","KOLORA WOORIWYRITE, AS","13",",a","9",",a","0",",a","19200514",",,a","11.2",",,a,14,","44.3",",,,a"
"ASN00090085","1920-06","-38.0831","142.9919","142.0","KOLORA WOORIWYRITE, AS","10",",a","8",",a","1",",a","19200623",",,a","27.9",",,a,23,","70.4",",,,a"
"ASN00090085","1920-07","-38.0831","142.9919","142.0","KOLORA WOORIWYRITE, AS","9",",a","6",",a","0",",a","19200712","+,,a","6.4",",,a,12,+","33.5",",,,a"
"ASN00090085","1920-08","-38.0831","142.9919","142.0","KOLORA WOORIWYRITE, AS","16",",a","13",",a","0",",a","19200825",",,a","17.8",",,a,25,","92.7",",,,a"
"ASN00090085","1920-09","-38.0831","142.9919","142.0","KOLORA WOORIWYRITE, AS","12",",a","8",",a","0",",a","19200924",",,a","11.2",",,a,24,","49.7",",,,a"
"ASN00090085","1920-10","-38.0831","142.9919","142.0","KOLORA WOORIWYRITE, AS","6",",a","5",",a","0",",a","19201027",",,a","13.5",",,a,27,","33.6",",,,a"
"ASN00090085","1920-11","-38.0831","142.9919","142.0","KOLORA WOORIWYRITE, AS","5",",a","3",",a","0",",a","19201105",",,a","21.8",",,a,05,","35.2",",,,a"
"ASN00090085","1920-12","-38.0831","142.9919","142.0","KOLORA WOORIWYRITE, AS","3",",a","3",",a","0",",a","19201217",",,a","11.2",",,a,17,","17.5",",,,a"
"ASN00090085","1921-01","-38.0831","142.9919","142.0","KOLORA WOORIWYRITE, AS","2",",a","1",",a","1",",a","19210102",",,a","33.0",",,a,02,","34.8",",,,a"
"ASN00090085","1921-02","-38.0831","142.9919","142.0","KOLORA WOORIWYRITE, AS","3",",a","1",",a","0",",a","19210202",",,a","6.4",",,a,02,","9.4",",,,a"
"ASN00090085","1921-03","-38.0831","142.9919","142.0","KOLORA WOORIWYRITE, AS","3",",a","3",",a","0",",a","19210331",",,a","13.7",",,a,31,","21.3",",,,a"
"ASN00090085","1921-04","-38.0831","142.9919","142.0","KOLORA WOORIWYRITE, AS","4",",a","4",",a","0",",a","19210416",",,a","7.6",",,a,16,","21.6",",,,a"
"ASN00090085","1921-05","-38.0831","142.9919","142.0","KOLORA WOORIWYRITE, AS","10",",a","8",",a","0",",a","19210525",",,a","21.6",",,a,25,","67.4",",,,a"
"ASN00090085","1921-06","-38.0831","142.9919","142.0","KOLORA WOORIWYRITE, AS","10",",a","8",",a","0",",a","19210609",",,a","19.1",",,a,09,","49.5",",,,a"
"ASN00090085","1921-07","-38.0831","142.9919","142.0","KOLORA WOORIWYRITE, AS","11",",a","6",",a","0",",a","19210717",",,a","16.3",",,a,17,","55.4",",,,a"
"ASN00090085","1921-08","-38.0831","142.9919","142.0","KOLORA WOORIWYRITE, AS","16",",a","11",",a","0",",a","19210824",",,a","24.4",",,a,24,","113.1",",,,a"
"ASN00090085","1921-09","-38.0831","142.9919","142.0","KOLORA WOORIWYRITE, AS","7",",a","5",",a","0",",a","19210929",",,a","19.1",",,a,29,","53.1",",,,a"
"ASN00090085","1921-10","-38.0831","142.9919","142.0","KOLORA WOORIWYRITE, AS","11",",a","7",",a","0",",a","19211021",",,a","10.7",",,a,21,","44.6",",,,a"
"ASN00090085","1921-11","-38.0831","142.9919","142.0","KOLORA WOORIWYRITE, AS","6",",a","4",",a","0",",a","19211115",",,a","12.2",",,a,15,","39.5",",,,a"
"ASN00090085","1921-12","-38.0831","142.9919","142.0","KOLORA WOORIWYRITE, AS","4",",a","2",",a","0",",a","19211202",",,a","7.6",",,a,02,","12.2",",,,a"
"ASN00090085","1922-01","-38.0831","142.9919","142.0","KOLORA WOORIWYRITE, AS","5",",a","4",",a","0",",a","19220131",",,a","9.4",",,a,31,","24.1",",,,a"
"ASN00090085","1922-02","-38.0831","142.9919","142.0","KOLORA WOORIWYRITE, AS","3",",a","1",",a","0",",a","19220222",",,a","10.2",",,a,22,","12.8",",,,a"
"ASN00090085","1922-03","-38.0831","142.9919","142.0","KOLORA WOORIWYRITE, AS","3",",a","2",",a","0",",a","19220319",",,a","8.9",",,a,19,","12.9",",,,a"
"ASN00090085","1922-04","-38.0831","142.9919","142.0","KOLORA WOORIWYRITE, AS","8",",a","6",",a","0",",a","19220401",",,a","12.7",",,a,01,","49.4",",,,a"
"ASN00090085","1922-05","-38.0831","142.9919","142.0","KOLORA WOORIWYRITE, AS","15",",a","8",",a","0",",a","19220503",",,a","12.7",",,a,03,","68.5",",,,a"
"ASN00090085","1922-06","-38.0831","142.9919","142.0","KOLORA WOORIWYRITE, AS","7",",a","5",",a","0",",a","19220604",",,a","7.6",",,a,04,","26.9",",,,a"
"ASN00090085","1922-07","-38.0831","142.9919","142.0","KOLORA WOORIWYRITE, AS","9",",a","7",",a","0",",a","19220708",",,a","22.4",",,a,08,","73.3",",,,a"
"ASN00090085","1922-08","-38.0831","142.9919","142.0","KOLORA WOORIWYRITE, AS","15",",a","10",",a","0",",a","19220816",",,a","15.2",",,a,16,","66.6",",,,a"
"ASN00090085","1922-09","-38.0831","142.9919","142.0","KOLORA WOORIWYRITE, AS","11",",a","8",",a","0",",a","19220926",",,a","19.1",",,a,26,","79.5",",,,a"
"ASN00090085","1922-10","-38.0831","142.9919","142.0","KOLORA WOORIWYRITE, AS","6",",a","5",",a","0",",a","19221027",",,a","13.5",",,a,27,","33.6",",,,a"
"ASN00090085","1922-11","-38.0831","142.9919","142.0","KOLORA WOORIWYRITE, AS","5",",a","3",",a","0",",a","19221105",",,a","21.8",",,a,05,","35.2",",,,a"
"ASN00090085","1922-12","-38.0831","142.9919","142.0","KOLORA WOORIWYRITE, AS","7",",a","6",",a","1",",a","19221209",",,a","34.3",",,a,09,","64.8",",,,a"
"ASN00090085","1923-01","-38.0831","142.9919","142.0","KOLORA WOORIWYRITE, AS","8",",a","5",",a","0",",a","19230125",",,a","6.4",",,a,25,","27.2",",,,a"
"ASN00090085","1923-02","-38.0831","142.9919","142.0","KOLORA WOORIWYRITE, AS","3",",a","3",",a","0",",a","19230228",",,a","4.8",",,a,28,","11.9",",,,a"
"ASN00090085","1923-03","-38.0831","142.9919","142.0","KOLORA WOORIWYRITE, AS","1",",a","1",",a","0",",a","19230325",",,a","6.4",",,a,25,","6.4",",,,a"
"ASN00090085","1923-04","-38.0831","142.9919","142.0","KOLORA WOORIWYRITE, AS","0",",a","0",",a","0",",a","19230430","+,,a","0.0",",,a,30,+","0.0",",,,a"
"ASN00090085","1923-05","-38.0831","142.9919","142.0","KOLORA WOORIWYRITE, AS","18",",a","15",",a","0",",a","19230530",",,a","19.1",",,a,30,","80.9",",,,a"
"ASN00090085","1923-06","-38.0831","142.9919","142.0","KOLORA WOORIWYRITE, AS","16",",a","9",",a","1",",a","19230605",",,a","29.2",",,a,05,","82.0",",,,a"
"ASN00090085","1923-07","-38.0831","142.9919","142.0","KOLORA WOORIWYRITE, AS","15",",a","13",",a","0",",a","19230730",",,a","24.1",",,a,30,","130.0",",,,a"
"ASN00090085","1923-08","-38.0831","142.9919","142.0","KOLORA WOORIWYRITE, AS","11",",a","8",",a","0",",a","19230805",",,a","16.3",",,a,05,","80.9",",,,a"
"ASN00090085","1923-09","-38.0831","142.9919","142.0","KOLORA WOORIWYRITE, AS","8",",a","6",",a","0",",a","19230921",",,a","23.1",",,a,21,","65.3",",,,a"
"ASN00090085","1923-10","-38.0831","142.9919","142.0","KOLORA WOORIWYRITE, AS","9",",a","7",",a","0",",a","19231012","+,,a","20.3",",,a,12,+","78.0",",,,a"
"ASN00090085","1923-11","-38.0831","142.9919","142.0","KOLORA WOORIWYRITE, AS","7",",a","5",",a","0",",a","19231117",",,a","17.8",",,a,17,","42.7",",,,a"
"ASN00090085","1923-12","-38.0831","142.9919","142.0","KOLORA WOORIWYRITE, AS","9",",a","8",",a","0",",a","19231214",",,a","13.7",",,a,14,","53.3",",,,a"
"ASN00090085","1924-03","-38.0831","142.9919","142.0","KOLORA WOORIWYRITE, AS","8",",a","6",",a","0",",a","19240329",",,a","10.7",",,a,29,","44.7",",,,a"
"ASN00090085","1924-04","-38.0831","142.9919","142.0","KOLORA WOORIWYRITE, AS","8",",a","7",",a","0",",a","19240413",",,a","10.7",",,a,13,","42.7",",,,a"
"ASN00090085","1924-05","-38.0831","142.9919","142.0","KOLORA WOORIWYRITE, AS","10",",a","6",",a","0",",a","19240523",",,a","17.8",",,a,23,","46.2",",,,a"
"ASN00090085","1924-06","-38.0831","142.9919","142.0","KOLORA WOORIWYRITE, AS","12",",a","7",",a","0",",a","19240607",",,a","9.7",",,a,07,","46.8",",,,a"
"ASN00090085","1924-07","-38.0831","142.9919","142.0","KOLORA WOORIWYRITE, AS","5",",a","3",",a","0",",a","19240731",",,a","10.4",",,a,31,","21.6",",,,a"
"ASN00090085","1924-08","-38.0831","142.9919","142.0","KOLORA WOORIWYRITE, AS","10",",a","8",",a","0",",a","19240826",",,a","17.8",",,a,26,","71.4",",,,a"
"ASN00090085","1924-09","-38.0831","142.9919","142.0","KOLORA WOORIWYRITE, AS","16",",a","11",",a","0",",a","19240923",",,a","6.9",",,a,23,","51.8",",,,a"
"ASN00090085","1924-10","-38.0831","142.9919","142.0","KOLORA WOORIWYRITE, AS","15",",a","7",",a","0",",a","19241024",",,a","12.7",",,a,24,","49.7",",,,a"
"ASN00090085","1924-11","-38.0831","142.9919","142.0","KOLORA WOORIWYRITE, AS","10",",a","9",",a","1",",a","19241107",",,a","31.8",",,a,07,","100.3",",,,a"
"ASN00090085","1924-12","-38.0831","142.9919","142.0","KOLORA WOORIWYRITE, AS","3",",a","3",",a","0",",a","19241226",",,a","10.2",",,a,26,","22.9",",,,a"
"ASN00090085","1925-01","-38.0831","142.9919","142.0","KOLORA WOORIWYRITE, AS","3",",a","3",",a","0",",a","19250113",",,a","15.2",",,a,13,","25.1",",,,a"
"ASN00090085","1925-02","-38.0831","142.9919","142.0","KOLORA WOORIWYRITE, AS","4",",a","4",",a","0",",a","19250217",",,a","12.7",",,a,17,","30.5",",,,a"
"ASN00090085","1925-03","-38.0831","142.9919","142.0","KOLORA WOORIWYRITE, AS","3",",a","0",",a","0",",a","19250319",",,a","1.5",",,a,19,","2.6",",,,a"
"ASN00090085","1925-04","-38.0831","142.9919","142.0","KOLORA WOORIWYRITE, AS","6",",a","4",",a","0",",a","19250406",",,a","12.7",",,a,06,","35.7",",,,a"
"ASN00090085","1925-05","-38.0831","142.9919","142.0","KOLORA WOORIWYRITE, AS","4",",a","4",",a","1",",a","19250514",",,a","58.4",",,a,14,","93.9",",,,a"
"ASN00090085","1925-06","-38.0831","142.9919","142.0","KOLORA WOORIWYRITE, AS","8",",a","3",",a","0",",a","19250624",",,a","10.7",",,a,24,","27.0",",,,a"
"ASN00090085","1925-07","-38.0831","142.9919","142.0","KOLORA WOORIWYRITE, AS","9",",a","8",",a","0",",a","19250705",",,a","14.0",",,a,05,","62.8",",,,a"
"ASN00090085","1925-08","-38.0831","142.9919","142.0","KOLORA WOORIWYRITE, AS","8",",a","7",",a","0",",a","19250817",",,a","5.6",",,a,17,","26.4",",,,a"
"ASN00090085","1925-09","-38.0831","142.9919","142.0","KOLORA WOORIWYRITE, AS","12",",a","7",",a","0",",a","19250929",",,a","11.9",",,a,29,","48.0",",,,a"
"ASN00090085","1925-10","-38.0831","142.9919","142.0","KOLORA WOORIWYRITE, AS","7",",a","2",",a","0",",a","19251011",",,a","3.0",",,a,11,","12.3",",,,a"
"ASN00090085","1925-11","-38.0831","142.9919","142.0","KOLORA WOORIWYRITE, AS","7",",a","4",",a","0",",a","19251119",",,a","17.8",",,a,19,","33.6",",,,a"
"ASN00090085","1925-12","-38.0831","142.9919","142.0","KOLORA WOORIWYRITE, AS","3",",a","3",",a","0",",a","19251222",",,a","5.8",",,a,22,","12.1",",,,a"
"ASN00090085","1926-01","-38.0831","142.9919","142.0","KOLORA WOORIWYRITE, AS","3",",a","2",",a","0",",a","19260108",",,a","7.6",",,a,08,","15.7",",,,a"
"ASN00090085","1926-02","-38.0831","142.9919","142.0","KOLORA WOORIWYRITE, AS","1",",a","1",",a","0",",a","19260223",",,a","5.1",",,a,23,","5.1",",,,a"
"ASN00090085","1926-03","-38.0831","142.9919","142.0","KOLORA WOORIWYRITE, AS","2",",a","0",",a","0",",a","19260313",",,a","2.0",",,a,13,","3.8",",,,a"
"ASN00090085","1926-04","-38.0831","142.9919","142.0","KOLORA WOORIWYRITE, AS","6",",a","6",",a","0",",a","19260430",",,a","16.5",",,a,30,","58.1",",,,a"
"ASN00090085","1926-05","-38.0831","142.9919","142.0","KOLORA WOORIWYRITE, AS","6",",a","6",",a","1",",a","19260531",",,a","29.0",",,a,31,","69.5",",,,a"
"ASN00090085","1926-06","-38.0831","142.9919","142.0","KOLORA WOORIWYRITE, AS","9",",a","5",",a","1",",a","19260625",",,a","34.3",",,a,25,","71.3",",,,a"
"ASN00090085","1926-07","-38.0831","142.9919","142.0","KOLORA WOORIWYRITE, AS","11",",a","11",",a","0",",a","19260716",",,a","14.7",",,a,16,","72.9",",,,a"
"ASN00090085","1926-08","-38.0831","142.9919","142.0","KOLORA WOORIWYRITE, AS","10",",a","6",",a","0",",a","19260805",",,a","8.9",",,a,05,","32.8",",,,a"
"ASN00090085","1926-09","-38.0831","142.9919","142.0","KOLORA WOORIWYRITE, AS","11",",a","8",",a","0",",a","19260911",",,a","8.1",",,a,11,","38.8",",,,a"
"ASN00090085","1926-10","-38.0831","142.9919","142.0","KOLORA WOORIWYRITE, AS","14",",a","10",",a","0",",a","19261008",",,a","12.7",",,a,08,","67.0",",,,a"
"ASN00090085","1926-11","-38.0831","142.9919","142.0","KOLORA WOORIWYRITE, AS","9",",a","4",",a","0",",a","19261105",",,a","8.4",",,a,05,","24.3",",,,a"
"ASN00090085","1926-12","-38.0831","142.9919","142.0","KOLORA WOORIWYRITE, AS","5",",a","4",",a","0",",a","19261217",",,a","16.3",",,a,17,","47.8",",,,a"
"ASN00090085","1927-01","-38.0831","142.9919","142.0","KOLORA WOORIWYRITE, AS","5",",a","1",",a","0",",a","19270105",",,a","16.0",",,a,05,","19.6",",,,a"
"ASN00090085","1927-02","-38.0831","142.9919","142.0","KOLORA WOORIWYRITE, AS","3",",a","3",",a","0",",a","19270225",",,a","7.6",",,a,25,","16.7",",,,a"
"ASN00090085","1927-03","-38.0831","142.9919","142.0","KOLORA WOORIWYRITE, AS","5",",a","4",",a","0",",a","19270319",",,a","11.7",",,a,19,","31.3",",,,a"
"ASN00090085","1927-04","-38.0831","142.9919","142.0","KOLORA WOORIWYRITE, AS","3",",a","2",",a","0",",a","19270427",",,a","4.1",",,a,27,","9.0",",,,a"
"ASN00090085","1927-05","-38.0831","142.9919","142.0","KOLORA WOORIWYRITE, AS","14",",a","10",",a","0",",a","19270504",",,a","19.8",",,a,04,","89.8",",,,a"
"ASN00090085","1927-06","-38.0831","142.9919","142.0","KOLORA WOORIWYRITE, AS","8",",a","5",",a","0",",a","19270620",",,a","8.9",",,a,20,","30.3",",,,a"
"ASN00090085","1927-07","-38.0831","142.9919","142.0","KOLORA WOORIWYRITE, AS","16",",a","6",",a","0",",a","19270704",",,a","11.9",",,a,04,","54.4",",,,a"
"ASN00090085","1927-08","-38.0831","142.9919","142.0","KOLORA WOORIWYRITE, AS","14",",a","13",",a","0",",a","19270807",",,a","10.9",",,a,07,","75.3",",,,a"
"ASN00090085","1927-09","-38.0831","142.9919","142.0","KOLORA WOORIWYRITE, AS","11",",a","7",",a","0",",a","19270924",",,a","11.9",",,a,24,","36.2",",,,a"
"ASN00090085","1927-10","-38.0831","142.9919","142.0","KOLORA WOORIWYRITE, AS","5",",a","2",",a","0",",a","19271001",",,a","5.6",",,a,01,","16.0",",,,a"
"ASN00090085","1927-11","-38.0831","142.9919","142.0","KOLORA WOORIWYRITE, AS","6",",a","4",",a","0",",a","19271102",",,a","17.0",",,a,02,","34.6",",,,a"
"ASN00090085","1927-12","-38.0831","142.9919","142.0","KOLORA WOORIWYRITE, AS","8",",a","5",",a","0",",a","19271202",",,a","18.0",",,a,02,","36.8",",,,a"
"ASN00090085","1928-01","-38.0831","142.9919","142.0","KOLORA WOORIWYRITE, AS","9",",a","6",",a","0",",a","19280121",",,a","23.6",",,a,21,","66.6",",,,a"
"ASN00090085","1928-02","-38.0831","142.9919","142.0","KOLORA WOORIWYRITE, AS","8",",a","7",",a","1",",a","19280213",",,a","26.4",",,a,13,","92.8",",,,a"
"ASN00090085","1928-03","-38.0831","142.9919","142.0","KOLORA WOORIWYRITE, AS","4",",a","3",",a","0",",a","19280320",",,a","20.8",",,a,20,","50.0",",,,a"
"ASN00090085","1928-04","-38.0831","142.9919","142.0","KOLORA WOORIWYRITE, AS","7",",a","5",",a","0",",a","19280424",",,a","15.7",",,a,24,","42.4",",,,a"
"ASN00090085","1928-05","-38.0831","142.9919","142.0","KOLORA WOORIWYRITE, AS","11",",a","6",",a","0",",a","19280511",",,a","12.2",",,a,11,","48.7",",,,a"
"ASN00090085","1928-06","-38.0831","142.9919","142.0","KOLORA WOORIWYRITE, AS","13",",a","4",",a","0",",a","19280610",",,a","10.2",",,a,10,","35.6",",,,a"
"ASN00090085","1928-07","-38.0831","142.9919","142.0","KOLORA WOORIWYRITE, AS","9",",a","4",",a","0",",a","19280720",",,a","7.1",",,a,20,","24.4",",,,a"
"ASN00090085","1928-08","-38.0831","142.9919","142.0","KOLORA WOORIWYRITE, AS","7",",a","2",",a","0",",a","19280830",",,a","7.9",",,a,30,","16.0",",,,a"
"ASN00090085","1928-09","-38.0831","142.9919","142.0","KOLORA WOORIWYRITE, AS","18",",a","6",",a","0",",a","19280930",",,a","17.0",",,a,30,","57.1",",,,a"
"ASN00090085","1928-10","-38.0831","142.9919","142.0","KOLORA WOORIWYRITE, AS","21",",a","12",",a","0",",a","19281005","+,,a","11.2",",,a,05,+","86.8",",,,a"
"ASN00090085","1928-11","-38.0831","142.9919","142.0","KOLORA WOORIWYRITE, AS","8",",a","3",",a","0",",a","19281104",",,a","11.9",",,a,04,","26.9",",,,a"
"ASN00090085","1928-12","-38.0831","142.9919","142.0","KOLORA WOORIWYRITE, AS","4",",a","2",",a","0",",a","19281223",",,a","3.3",",,a,23,","8.4",",,,a"
"ASN00090085","1929-01","-38.0831","142.9919","142.0","KOLORA WOORIWYRITE, AS","5",",a","2",",a","0",",a","19290130",",,a","14.5",",,a,30,","23.9",",,,a"
"ASN00090085","1929-02","-38.0831","142.9919","142.0","KOLORA WOORIWYRITE, AS","4",",a","1",",a","0",",a","19290222",",,a","6.9",",,a,22,","10.7",",,,a"
"ASN00090085","1929-03","-38.0831","142.9919","142.0","KOLORA WOORIWYRITE, AS","9",",a","4",",a","0",",a","19290325",",,a","9.9",",,a,25,","26.7",",,,a"
"ASN00090085","1929-04","-38.0831","142.9919","142.0","KOLORA WOORIWYRITE, AS","12",",a","5",",a","0",",a","19290404",",,a","17.3",",,a,04,","62.2",",,,a"
"ASN00090085","1929-05","-38.0831","142.9919","142.0","KOLORA WOORIWYRITE, AS","14",",a","5",",a","0",",a","19290508",",,a","6.4",",,a,08,","34.0",",,,a"
"ASN00090085","1929-06","-38.0831","142.9919","142.0","KOLORA WOORIWYRITE, AS","15",",a","7",",a","0",",a","19290624",",,a","16.3",",,a,24,","57.6",",,,a"
"ASN00090085","1929-07","-38.0831","142.9919","142.0","KOLORA WOORIWYRITE, AS","14",",a","5",",a","0",",a","19290723",",,a","8.1",",,a,23,","33.1",",,,a"
"ASN00090085","1929-08","-38.0831","142.9919","142.0","KOLORA WOORIWYRITE, AS","9",",a","5",",a","0",",a","19290816",",,a","14.0",",,a,16,","40.0",",,,a"
"ASN00090085","1929-09","-38.0831","142.9919","142.0","KOLORA WOORIWYRITE, AS","13",",a","9",",a","0",",a","19290909",",,a","11.7",",,a,09,","51.8",",,,a"
"ASN00090085","1929-10","-38.0831","142.9919","142.0","KOLORA WOORIWYRITE, AS","13",",a","4",",a","0",",a","19291028",",,a","15.0",",,a,28,","48.1",",,,a"
"ASN00090085","1929-11","-38.0831","142.9919","142.0","KOLORA WOORIWYRITE, AS","8",",a","5",",a","0",",a","19291120",",,a","10.2",",,a,20,","28.5",",,,a"
"ASN00090085","1929-12","-38.0831","142.9919","142.0","KOLORA WOORIWYRITE, AS","11",",a","4",",a","0",",a","19291228",",,a","12.7",",,a,28,","43.0",",,,a"
"ASN00090085","1930-01","-38.0831","142.9919","142.0","KOLORA WOORIWYRITE, AS","6",",a","1",",a","0",",a","19300103",",,a","3.8",",,a,03,","6.0",",,,a"
"ASN00090085","1930-02","-38.0831","142.9919","142.0","KOLORA WOORIWYRITE, AS","6",",a","3",",a","1",",a","19300221",",,a","29.7",",,a,21,","45.7",",,,a"
"ASN00090085","1930-03","-38.0831","142.9919","142.0","KOLORA WOORIWYRITE, AS","1",",a","0",",a","0",",a","19300312",",,a","1.8",",,a,12,","1.8",",,,a"
"ASN00090085","1930-04","-38.0831","142.9919","142.0","KOLORA WOORIWYRITE, AS","8",",a","4",",a","0",",a","19300402",",,a","16.0",",,a,02,","37.6",",,,a"
"ASN00090085","1930-05","-38.0831","142.9919","142.0","KOLORA WOORIWYRITE, AS","8",",a","2",",a","0",",a","19300511",",,a","12.2",",,a,11,","25.5",",,,a"
"ASN00090085","1930-06","-38.0831","142.9919","142.0","KOLORA WOORIWYRITE, AS","8",",a","2",",a","0",",a","19300614",",,a","7.6",",,a,14,","18.6",",,,a"
"ASN00090085","1930-07","-38.0831","142.9919","142.0","KOLORA WOORIWYRITE, AS","14",",a","8",",a","0",",a","19300703",",,a","8.1",",,a,03,","46.8",",,,a"
"ASN00090085","1930-08","-38.0831","142.9919","142.0","KOLORA WOORIWYRITE, AS","17",",a","10",",a","0",",a","19300814",",,a","11.2",",,a,14,","80.4",",,,a"
"ASN00090085","1930-09","-38.0831","142.9919","142.0","KOLORA WOORIWYRITE, AS","17",",a","6",",a","0",",a","19300914",",,a","14.5",",,a,14,","61.3",",,,a"
"ASN00090085","1930-10","-38.0831","142.9919","142.0","KOLORA WOORIWYRITE, AS","10",",a","5",",a","0",",a","19301029",",,a","23.6",",,a,29,","87.4",",,,a"
"ASN00090085","1930-11","-38.0831","142.9919","142.0","KOLORA WOORIWYRITE, AS","11",",a","8",",a","0",",a","19301128",",,a","11.4",",,a,28,","57.1",",,,a"
"ASN00090085","1930-12","-38.0831","142.9919","142.0","KOLORA WOORIWYRITE, AS","11",",a","6",",a","0",",a","19301216",",,a","20.3",",,a,16,","69.3",",,,a"
"ASN00090085","1931-01","-38.0831","142.9919","142.0","KOLORA WOORIWYRITE, AS","5",",a","2",",a","0",",a","19310124",",,a","4.8",",,a,24,","11.7",",,,a"
"ASN00090085","1931-02","-38.0831","142.9919","142.0","KOLORA WOORIWYRITE, AS","6",",a","3",",a","0",",a","19310221",",,a","9.9",",,a,21,","18.3",",,,a"
"ASN00090085","1931-03","-38.0831","142.9919","142.0","KOLORA WOORIWYRITE, AS","6",",a","5",",a","0",",a","19310321",",,a","19.8",",,a,21,","46.7",",,,a"
"ASN00090085","1931-04","-38.0831","142.9919","142.0","KOLORA WOORIWYRITE, AS","9",",a","4",",a","0",",a","19310429",",,a","23.6",",,a,29,","55.4",",,,a"
"ASN00090085","1931-05","-38.0831","142.9919","142.0","KOLORA WOORIWYRITE, AS","20",",a","9",",a","0",",a","19310501",",,a","13.2",",,a,01,","70.2",",,,a"
"ASN00090085","1931-06","-38.0831","142.9919","142.0","KOLORA WOORIWYRITE, AS","18",",a","10",",a","0",",a","19310606",",,a","12.7",",,a,06,","88.7",",,,a"
"ASN00090085","1931-07","-38.0831","142.9919","142.0","KOLORA WOORIWYRITE, AS","17",",a","10",",a","0",",a","19310727",",,a","12.2",",,a,27,","64.2",",,,a"
"ASN00090085","1931-08","-38.0831","142.9919","142.0","KOLORA WOORIWYRITE, AS","19",",a","7",",a","0",",a","19310829",",,a","15.7",",,a,29,","60.5",",,,a"
"ASN00090085","1931-09","-38.0831","142.9919","142.0","KOLORA WOORIWYRITE, AS","12",",a","3",",a","0",",a","19310926",",,a","5.6",",,a,26,","22.4",",,,a"
"ASN00090085","1931-10","-38.0831","142.9919","142.0","KOLORA WOORIWYRITE, AS","10",",a","2",",a","0",",a","19311004","+,,a","5.6",",,a,04,+","17.6",",,,a"
"ASN00090085","1931-11","-38.0831","142.9919","142.0","KOLORA WOORIWYRITE, AS","13",",a","3",",a","0",",a","19311116",",,a","9.9",",,a,16,","24.2",",,,a"
"ASN00090085","1931-12","-38.0831","142.9919","142.0","KOLORA WOORIWYRITE, AS","2",",a","0",",a","0",",a","19311222",",,a","2.3",",,a,22,","3.1",",,,a"
"ASN00090085","1932-01","-38.0831","142.9919","142.0","KOLORA WOORIWYRITE, AS","2",",a","0",",a","0",",a","19320113",",,a","0.5",",,a,13,","0.8",",,,a"
"ASN00090085","1932-02","-38.0831","142.9919","142.0","KOLORA WOORIWYRITE, AS","13",",a","7",",a","0",",a","19320206",",,a","20.6",",,a,06,","59.5",",,,a"
"ASN00090085","1932-03","-38.0831","142.9919","142.0","KOLORA WOORIWYRITE, AS","10",",a","5",",a","1",",a","19320327",",,a","33.0",",,a,27,","88.8",",,,a"
"ASN00090085","1932-04","-38.0831","142.9919","142.0","KOLORA WOORIWYRITE, AS","20",",a","7",",a","0",",a","19320425",",,a","5.3",",,a,25,","38.9",",,,a"
"ASN00090085","1932-05","-38.0831","142.9919","142.0","KOLORA WOORIWYRITE, AS","8",",a","1",",a","0",",a","19320520",",,a","6.6",",,a,20,","11.8",",,,a"
"ASN00090085","1932-06","-38.0831","142.9919","142.0","KOLORA WOORIWYRITE, AS","22",",a","11",",a","0",",a","19320606",",,a","15.2",",,a,06,","77.1",",,,a"
"ASN00090085","1932-07","-38.0831","142.9919","142.0","KOLORA WOORIWYRITE, AS","17",",a","6",",a","0",",a","19320725",",,a","7.1",",,a,25,","37.5",",,,a"
"ASN00090085","1932-08","-38.0831","142.9919","142.0","KOLORA WOORIWYRITE, AS","18",",a","9",",a","0",",a","19320823",",,a","9.7",",,a,23,","55.4",",,,a"
"ASN00090085","1932-09","-38.0831","142.9919","142.0","KOLORA WOORIWYRITE, AS","12",",a","6",",a","0",",a","19320930",",,a","12.7",",,a,30,","40.4",",,,a"
"ASN00090085","1932-10","-38.0831","142.9919","142.0","KOLORA WOORIWYRITE, AS","13",",a","5",",a","0",",a","19321013",",,a","22.1",",,a,13,","56.1",",,,a"
"ASN00090085","1932-11","-38.0831","142.9919","142.0","KOLORA WOORIWYRITE, AS","9",",a","2",",a","0",",a","19321104",",,a","5.8",",,a,04,","16.4",",,,a"
"ASN00090085","1932-12","-38.0831","142.9919","142.0","KOLORA WOORIWYRITE, AS","10",",a","6",",a","0",",a","19321224",",,a","9.1",",,a,24,","44.3",",,,a"
"ASN00090085","1933-01","-38.0831","142.9919","142.0","KOLORA WOORIWYRITE, AS","7",",a","1",",a","0",",a","19330130",",,a","3.6",",,a,30,","8.0",",,,a"
"ASN00090085","1933-02","-38.0831","142.9919","142.0","KOLORA WOORIWYRITE, AS","3",",a","0",",a","0",",a","19330224",",,a","2.3",",,a,24,","3.6",",,,a"
"ASN00090085","1933-03","-38.0831","142.9919","142.0","KOLORA WOORIWYRITE, AS","4",",a","4",",a","0",",a","19330305",",,a","16.3",",,a,05,","27.2",",,,a"
"ASN00090085","1933-04","-38.0831","142.9919","142.0","KOLORA WOORIWYRITE, AS","7",",a","4",",a","1",",a","19330406",",,a","28.4",",,a,06,","65.5",",,,a"
"ASN00090085","1933-05","-38.0831","142.9919","142.0","KOLORA WOORIWYRITE, AS","14",",a","7",",a","0",",a","19330531",",,a","12.4",",,a,31,","51.1",",,,a"
"ASN00090085","1933-06","-38.0831","142.9919","142.0","KOLORA WOORIWYRITE, AS","13",",a","4",",a","0",",a","19330609",",,a","15.0",",,a,09,","40.1",",,,a"
"ASN00090085","1933-07","-38.0831","142.9919","142.0","KOLORA WOORIWYRITE, AS","9",",a","5",",a","0",",a","19330729",",,a","9.7",",,a,29,","26.5",",,,a"
"ASN00090085","1933-08","-38.0831","142.9919","142.0","KOLORA WOORIWYRITE, AS","18",",a","11",",a","0",",a","19330802",",,a","16.3",",,a,02,","70.9",",,,a"
"ASN00090085","1933-09","-38.0831","142.9919","142.0","KOLORA WOORIWYRITE, AS","17",",a","5",",a","0",",a","19330917",",,a","15.5",",,a,17,","60.0",",,,a"
"ASN00090085","1933-10","-38.0831","142.9919","142.0","KOLORA WOORIWYRITE, AS","10",",a","3",",a","0",",a","19331005",",,a","24.9",",,a,05,","37.9",",,,a"
"ASN00090085","1933-11","-38.0831","142.9919","142.0","KOLORA WOORIWYRITE, AS","6",",a","5",",a","0",",a","19331130",",,a","24.6",",,a,30,","42.1",",,,a"
"ASN00090085","1933-12","-38.0831","142.9919","142.0","KOLORA WOORIWYRITE, AS","9",",a","5",",a","0",",a","19331216",",,a","11.4",",,a,16,","34.6",",,,a"
"ASN00090085","1934-01","-38.0831","142.9919","142.0","KOLORA WOORIWYRITE, AS","5",",a","3",",a","0",",a","19340109",",,a","7.4",",,a,09,","17.2",",,,a"
"ASN00090085","1934-02","-38.0831","142.9919","142.0","KOLORA WOORIWYRITE, AS","6",",a","3",",a","0",",a","19340223",",,a","10.9",",,a,23,","21.1",",,,a"
"ASN00090085","1934-03","-38.0831","142.9919","142.0","KOLORA WOORIWYRITE, AS","6",",a","2",",a","0",",a","19340315",",,a","12.2",",,a,15,","24.2",",,,a"
"ASN00090085","1934-04","-38.0831","142.9919","142.0","KOLORA WOORIWYRITE, AS","12",",a","5",",a","1",",a","19340403",",,a","27.7",",,a,03,","84.6",",,,a"
"ASN00090085","1934-05","-38.0831","142.9919","142.0","KOLORA WOORIWYRITE, AS","5",",a","0",",a","0",",a","19340531","+,,a","1.8",",,a,31,+","5.2",",,,a"
"ASN00090085","1934-06","-38.0831","142.9919","142.0","KOLORA WOORIWYRITE, AS","11",",a","4",",a","0",",a","19340609",",,a","7.9",",,a,09,","29.6",",,,a"
"ASN00090085","1934-07","-38.0831","142.9919","142.0","KOLORA WOORIWYRITE, AS","16",",a","7",",a","0",",a","19340711",",,a","11.2",",,a,11,","57.0",",,,a"
"ASN00090085","1934-08","-38.0831","142.9919","142.0","KOLORA WOORIWYRITE, AS","15",",a","7",",a","0",",a","19340803",",,a","23.1",",,a,03,","78.3",",,,a"
"ASN00090085","1934-09","-38.0831","142.9919","142.0","KOLORA WOORIWYRITE, AS","15",",a","10",",a","1",",a","19340920",",,a","33.5",",,a,20,","109.1",",,,a"
"ASN00090085","1934-10","-38.0831","142.9919","142.0","KOLORA WOORIWYRITE, AS","17",",a","7",",a","0",",a","19341025",",,a","17.8",",,a,25,","59.6",",,,a"
"ASN00090085","1934-11","-38.0831","142.9919","142.0","KOLORA WOORIWYRITE, AS","14",",a","8",",a","1",",a","19341108",",,a","32.3",",,a,08,","104.4",",,,a"
"ASN00090085","1934-12","-38.0831","142.9919","142.0","KOLORA WOORIWYRITE, AS","9",",a","3",",a","0",",a","19341201",",,a","8.9",",,a,01,","25.9",",,,a"
"ASN00090085","1935-01","-38.0831","142.9919","142.0","KOLORA WOORIWYRITE, AS","5",",a","3",",a","0",",a","19350105",",,a","19.3",",,a,05,","30.5",",,,a"
"ASN00090085","1935-02","-38.0831","142.9919","142.0","KOLORA WOORIWYRITE, AS","10",",a","1",",a","0",",a","19350202",",,a","2.8",",,a,02,","10.6",",,,a"
"ASN00090085","1935-03","-38.0831","142.9919","142.0","KOLORA WOORIWYRITE, AS","13",",a","9",",a","0",",a","19350322",",,a","18.3",",,a,22,","80.9",",,,a"
"ASN00090085","1935-04","-38.0831","142.9919","142.0","KOLORA WOORIWYRITE, AS","17",",a","10",",a","0",",a","19350430",",,a","16.0",",,a,30,","72.4",",,,a"
"ASN00090085","1935-05","-38.0831","142.9919","142.0","KOLORA WOORIWYRITE, AS","15",",a","4",",a","0",",a","19350510",",,a","13.7",",,a,10,","41.4",",,,a"
"ASN00090085","1935-06","-38.0831","142.9919","142.0","KOLORA WOORIWYRITE, AS","14",",a","7",",a","0",",a","19350622",",,a","12.2",",,a,22,","56.4",",,,a"
"ASN00090085","1935-07","-38.0831","142.9919","142.0","KOLORA WOORIWYRITE, AS","17",",a","6",",a","0",",a","19350720",",,a","13.0",",,a,20,","55.4",",,,a"
"ASN00090085","1935-08","-38.0831","142.9919","142.0","KOLORA WOORIWYRITE, AS","15",",a","12",",a","0",",a","19350804",",,a","15.5",",,a,04,","87.3",",,,a"
"ASN00090085","1935-09","-38.0831","142.9919","142.0","KOLORA WOORIWYRITE, AS","14",",a","7",",a","0",",a","19350921",",,a","11.7",",,a,21,","53.4",",,,a"
"ASN00090085","1935-10","-38.0831","142.9919","142.0","KOLORA WOORIWYRITE, AS","13",",a","6",",a","0",",a","19351023",",,a","14.7",",,a,23,","59.2",",,,a"
"ASN00090085","1935-11","-38.0831","142.9919","142.0","KOLORA WOORIWYRITE, AS","12",",a","5",",a","0",",a","19351116",",,a","9.9",",,a,16,","33.0",",,,a"
"ASN00090085","1935-12","-38.0831","142.9919","142.0","KOLORA WOORIWYRITE, AS","8",",a","1",",a","0",",a","19351202",",,a","11.7",",,a,02,","17.6",",,,a"
"ASN00090085","1936-01","-38.0831","142.9919","142.0","KOLORA WOORIWYRITE, AS","6",",a","3",",a","0",",a","19360104",",,a","8.6",",,a,04,","17.1",",,,a"
"ASN00090085","1936-02","-38.0831","142.9919","142.0","KOLORA WOORIWYRITE, AS","2",",a","0",",a","0",",a","19360220",",,a","1.3",",,a,20,","2.1",",,,a"
"ASN00090085","1936-03","-38.0831","142.9919","142.0","KOLORA WOORIWYRITE, AS","4",",a","2",",a","0",",a","19360313",",,a","7.4",",,a,13,","12.7",",,,a"
"ASN00090085","1936-04","-38.0831","142.9919","142.0","KOLORA WOORIWYRITE, AS","14",",a","7",",a","0",",a","19360421",",,a","11.2",",,a,21,","42.5",",,,a"
"ASN00090085","1936-05","-38.0831","142.9919","142.0","KOLORA WOORIWYRITE, AS","10",",a","7",",a","0",",a","19360531",",,a","12.7",",,a,31,","43.0",",,,a"
"ASN00090085","1936-06","-38.0831","142.9919","142.0","KOLORA WOORIWYRITE, AS","17",",a","7",",a","0",",a","19360618",",,a","6.4",",,a,18,","43.0",",,,a"
"ASN00090085","1936-07","-38.0831","142.9919","142.0","KOLORA WOORIWYRITE, AS","18",",a","8",",a","1",",a","19360726",",,a","30.0",",,a,26,","96.8",",,,a"
"ASN00090085","1936-08","-38.0831","142.9919","142.0","KOLORA WOORIWYRITE, AS","19",",a","10",",a","0",",a","19360824",",,a","24.6",",,a,24,","84.1",",,,a"
"ASN00090085","1936-09","-38.0831","142.9919","142.0","KOLORA WOORIWYRITE, AS","15",",a","4",",a","0",",a","19360916",",,a","5.3",",,a,16,","23.5",",,,a"
"ASN00090085","1936-10","-38.0831","142.9919","142.0","KOLORA WOORIWYRITE, AS","19",",a","9",",a","0",",a","19361027",",,a","9.7",",,a,27,","66.7",",,,a"
"ASN00090085","1936-11","-38.0831","142.9919","142.0","KOLORA WOORIWYRITE, AS","10",",a","5",",a","0",",a","19361116",",,a","7.9",",,a,16,","24.4",",,,a"
"ASN00090085","1936-12","-38.0831","142.9919","142.0","KOLORA WOORIWYRITE, AS","10",",a","8",",a","0",",a","19361229",",,a","23.6",",,a,29,","71.9",",,,a"
"ASN00090085","1937-01","-38.0831","142.9919","142.0","KOLORA WOORIWYRITE, AS","10","1,a","6","1,a","0","1,a","19370125",",1,a","17.3","1,,a,25,","63.8","1,,,a"
"ASN00090085","1937-02","-38.0831","142.9919","142.0","KOLORA WOORIWYRITE, AS","8",",a","3",",a","0",",a","19370221",",,a","19.6",",,a,21,","35.4",",,,a"
"ASN00090085","1937-03","-38.0831","142.9919","142.0","KOLORA WOORIWYRITE, AS","6",",a","3",",a","0",",a","19370306",",,a","16.3",",,a,06,","27.0",",,,a"
"ASN00090085","1937-04","-38.0831","142.9919","142.0","KOLORA WOORIWYRITE, AS","8",",a","3",",a","0",",a","19370430",",,a","4.3",",,a,30,","17.8",",,,a"
"ASN00090085","1937-05","-38.0831","142.9919","142.0","KOLORA WOORIWYRITE, AS","20",",a","6",",a","0",",a","19370531",",,a","21.8",",,a,31,","68.7",",,,a"
"ASN00090085","1937-06","-38.0831","142.9919","142.0","KOLORA WOORIWYRITE, AS","8",",a","2",",a","0",",a","19370601",",,a","3.0",",,a,01,","12.8",",,,a"
"ASN00090085","1937-07","-38.0831","142.9919","142.0","KOLORA WOORIWYRITE, AS","10",",a","4",",a","0",",a","19370704",",,a","14.2",",,a,04,","34.4",",,,a"
"ASN00090085","1937-08","-38.0831","142.9919","142.0","KOLORA WOORIWYRITE, AS","13",",a","8",",a","0",",a","19370820",",,a","11.9",",,a,20,","59.5",",,,a"
"ASN00090085","1937-09","-38.0831","142.9919","142.0","KOLORA WOORIWYRITE, AS","14",",a","5",",a","0",",a","19370910",",,a","19.6",",,a,10,","49.9",",,,a"
"ASN00090085","1937-10","-38.0831","142.9919","142.0","KOLORA WOORIWYRITE, AS","10",",a","5",",a","1",",a","19371017",",,a","27.4",",,a,17,","74.6",",,,a"
"ASN00090085","1937-11","-38.0831","142.9919","142.0","KOLORA WOORIWYRITE, AS","8",",a","4",",a","0",",a","19371115",",,a","6.6",",,a,15,","22.7",",,,a"
"ASN00090085","1937-12","-38.0831","142.9919","142.0","KOLORA WOORIWYRITE, AS","12",",a","6",",a","0",",a","19371203",",,a","14.0",",,a,03,","56.5",",,,a"
"ASN00090085","1938-01","-38.0831","142.9919","142.0","KOLORA WOORIWYRITE, AS","9",",a","5",",a","0",",a","19380107",",,a","7.6",",,a,07,","30.8",",,,a"
"ASN00090085","1938-02","-38.0831","142.9919","142.0","KOLORA WOORIWYRITE, AS","7",",a","3",",a","0",",a","19380205",",,a","19.6",",,a,05,","32.0",",,,a"
"ASN00090085","1938-03","-38.0831","142.9919","142.0","KOLORA WOORIWYRITE, AS","7",",a","2",",a","0",",a","19380306",",,a","22.4",",,a,06,","35.2",",,,a"
"ASN00090085","1938-04","-38.0831","142.9919","142.0","KOLORA WOORIWYRITE, AS","9",",a","6",",a","0",",a","19380418",",,a","12.7",",,a,18,","41.9",",,,a"
"ASN00090085","1938-05","-38.0831","142.9919","142.0","KOLORA WOORIWYRITE, AS","11",",a","3",",a","0",",a","19380527",",,a","8.4",",,a,27,","23.4",",,,a"
"ASN00090085","1938-06","-38.0831","142.9919","142.0","KOLORA WOORIWYRITE, AS","18",",a","12",",a","0",",a","19380606",",,a","22.1",",,a,06,","86.0",",,,a"
"ASN00090085","1938-07","-38.0831","142.9919","142.0","KOLORA WOORIWYRITE, AS","11",",a","5",",a","0",",a","19380723",",,a","10.4",",,a,23,","39.0",",,,a"
"ASN00090085","1938-08","-38.0831","142.9919","142.0","KOLORA WOORIWYRITE, AS","13",",a","3",",a","0",",a","19380815",",,a","4.1",",,a,15,","22.2",",,,a"
"ASN00090085","1938-09","-38.0831","142.9919","142.0","KOLORA WOORIWYRITE, AS","10",",a","4",",a","0",",a","19380917",",,a","6.9",",,a,17,","24.4",",,,a"
"ASN00090085","1938-10","-38.0831","142.9919","142.0","KOLORA WOORIWYRITE, AS","6",",a","4",",a","0",",a","19381008",",,a","4.8",",,a,08,","17.1",",,,a"
"ASN00090085","1938-11","-38.0831","142.9919","142.0","KOLORA WOORIWYRITE, AS","8",",a","2",",a","0",",a","19381104",",,a","12.7",",,a,04,","22.6",",,,a"
"ASN00090085","1938-12","-38.0831","142.9919","142.0","KOLORA WOORIWYRITE, AS","8",",a","2",",a","0",",a","19381211",",,a","6.1",",,a,11,","16.4",",,,a"
"ASN00090085","1939-01","-38.0831","142.9919","142.0","KOLORA WOORIWYRITE, AS","3",",a","0",",a","0",",a","19390116",",,a","1.5",",,a,16,","2.8",",,,a"
"ASN00090085","1939-02","-38.0831","142.9919","142.0","KOLORA WOORIWYRITE, AS","8",",a","4",",a","0",",a","19390217",",,a","12.4",",,a,17,","31.1",",,,a"
"ASN00090085","1939-03","-38.0831","142.9919","142.0","KOLORA WOORIWYRITE, AS","2",",a","1",",a","0",",a","19390313",",,a","4.6",",,a,13,","5.1",",,,a"
"ASN00090085","1939-04","-38.0831","142.9919","142.0","KOLORA WOORIWYRITE, AS","12",",a","8",",a","0",",a","19390407",",,a","16.3",",,a,07,","52.9",",,,a"
"ASN00090085","1939-05","-38.0831","142.9919","142.0","KOLORA WOORIWYRITE, AS","15",",a","4",",a","0",",a","19390516",",,a","22.4",",,a,16,","50.6",",,,a"
"ASN00090085","1939-06","-38.0831","142.9919","142.0","KOLORA WOORIWYRITE, AS","19",",a","9",",a","0",",a","19390601",",,a","20.3",",,a,01,","68.4",",,,a"
"ASN00090085","1939-07","-38.0831","142.9919","142.0","KOLORA WOORIWYRITE, AS","16",",a","4",",a","0",",a","19390724",",,a","8.4",",,a,24,","40.1",",,,a"
"ASN00090085","1939-08","-38.0831","142.9919","142.0","KOLORA WOORIWYRITE, AS","24",",a","15",",a","0",",a","19390823",",,a","14.7",",,a,23,","110.3",",,,a"
"ASN00090085","1939-09","-38.0831","142.9919","142.0","KOLORA WOORIWYRITE, AS","13",",a","9",",a","0",",a","19390911",",,a","14.5",",,a,11,","59.1",",,,a"
"ASN00090085","1939-10","-38.0831","142.9919","142.0","KOLORA WOORIWYRITE, AS","12",",a","7",",a","1",",a","19391015",",,a","38.6",",,a,15,","80.8",",,,a"
"ASN00090085","1939-11","-38.0831","142.9919","142.0","KOLORA WOORIWYRITE, AS","14",",a","9",",a","0",",a","19391105",",,a","18.8",",,a,05,","101.1",",,,a"
"ASN00090085","1939-12","-38.0831","142.9919","142.0","KOLORA WOORIWYRITE, AS","8",",a","5",",a","0",",a","19391205",",,a","16.3",",,a,05,","38.7",",,,a"
"ASN00090085","1940-01","-38.0831","142.9919","142.0","KOLORA WOORIWYRITE, AS","5",",a","4",",a","0",",a","19400106",",,a","17.0",",,a,06,","52.4",",,,a"
"ASN00090085","1940-02","-38.0831","142.9919","142.0","KOLORA WOORIWYRITE, AS","7",",a","2",",a","0",",a","19400229",",,a","5.1",",,a,29,","14.3",",,,a"
"ASN00090085","1940-03","-38.0831","142.9919","142.0","KOLORA WOORIWYRITE, AS","4",",a","2",",a","0",",a","19400320",",,a","12.7",",,a,20,","17.0",",,,a"
"ASN00090085","1940-04","-38.0831","142.9919","142.0","KOLORA WOORIWYRITE, AS","11",",a","4",",a","0",",a","19400415",",,a","24.1",",,a,15,","60.5",",,,a"
"ASN00090085","1940-05","-38.0831","142.9919","142.0","KOLORA WOORIWYRITE, AS","9",",a","4",",a","0",",a","19400517",",,a","5.1",",,a,17,","21.1",",,,a"
"ASN00090085","1940-06","-38.0831","142.9919","142.0","KOLORA WOORIWYRITE, AS","11",",a","4",",a","0",",a","19400621",",,a","10.2",",,a,21,","31.3",",,,a"
"ASN00090085","1940-07","-38.0831","142.9919","142.0","KOLORA WOORIWYRITE, AS","16",",a","7",",a","0",",a","19400710",",,a","7.9",",,a,10,","44.5",",,,a"
"ASN00090085","1940-08","-38.0831","142.9919","142.0","KOLORA WOORIWYRITE, AS","8",",a","4",",a","0",",a","19400806",",,a","7.1",",,a,06,","29.4",",,,a"
"ASN00090085","1940-09","-38.0831","142.9919","142.0","KOLORA WOORIWYRITE, AS","7",",a","2",",a","0",",a","19400913",",,a","10.7",",,a,13,","22.7",",,,a"
"ASN00090085","1940-10","-38.0831","142.9919","142.0","KOLORA WOORIWYRITE, AS","7",",a","2",",a","0",",a","19401031",",,a","5.1",",,a,31,","12.7",",,,a"
"ASN00090085","1940-11","-38.0831","142.9919","142.0","KOLORA WOORIWYRITE, AS","14",",a","8",",a","1",",a","19401122",",,a","30.5",",,a,22,","80.6",",,,a"
"ASN00090085","1940-12","-38.0831","142.9919","142.0","KOLORA WOORIWYRITE, AS","8",",a","8",",a","0",",a","19401220",",,a","20.1",",,a,20,","53.6",",,,a"
"ASN00090085","1941-01","-38.0831","142.9919","142.0","KOLORA WOORIWYRITE, AS","6",",a","3",",a","1",",a","19410125",",,a","59.7",",,a,25,","90.3",",,,a"
"ASN00090085","1941-02","-38.0831","142.9919","142.0","KOLORA WOORIWYRITE, AS","1",",a","1",",a","0",",a","19410224",",,a","15.7",",,a,24,","15.7",",,,a"
"ASN00090085","1941-03","-38.0831","142.9919","142.0","KOLORA WOORIWYRITE, AS","12",",a","7",",a","1",",a","19410320",",,a","42.2",",,a,20,","92.7",",,,a"
"ASN00090085","1941-04","-38.0831","142.9919","142.0","KOLORA WOORIWYRITE, AS","8",",a","5",",a","0",",a","19410422",",,a","18.5",",,a,22,","43.4",",,,a"
"ASN00090085","1941-05","-38.0831","142.9919","142.0","KOLORA WOORIWYRITE, AS","13",",a","3",",a","0",",a","19410525",",,a","7.1",",,a,25,","23.3",",,,a"
"ASN00090085","1941-06","-38.0831","142.9919","142.0","KOLORA WOORIWYRITE, AS","15",",a","7",",a","0",",a","19410621",",,a","22.1",",,a,21,","73.5",",,,a"
"ASN00090085","1941-07","-38.0831","142.9919","142.0","KOLORA WOORIWYRITE, AS","19",",a","9",",a","0",",a","19410714",",,a","11.2",",,a,14,","59.9",",,,a"
"ASN00090085","1941-08","-38.0831","142.9919","142.0","KOLORA WOORIWYRITE, AS","15",",a","7",",a","1",",a","19410824",",,a","28.2",",,a,24,","101.1",",,,a"
"ASN00090085","1941-09","-38.0831","142.9919","142.0","KOLORA WOORIWYRITE, AS","14",",a","9",",a","0",",a","19410907",",,a","14.2",",,a,07,","89.2",",,,a"
"ASN00090085","1941-10","-38.0831","142.9919","142.0","KOLORA WOORIWYRITE, AS","9",",a","5",",a","0",",a","19411026",",,a","10.9",",,a,26,","39.7",",,,a"
"ASN00090085","1941-11","-38.0831","142.9919","142.0","KOLORA WOORIWYRITE, AS","6",",a","4",",a","0",",a","19411104",",,a","11.2",",,a,04,","36.6",",,,a"
"ASN00090085","1941-12","-38.0831","142.9919","142.0","KOLORA WOORIWYRITE, AS","9",",a","4",",a","0",",a","19411204",",,a","10.9",",,a,04,","34.1",",,,a"
"ASN00090085","1942-01","-38.0831","142.9919","142.0","KOLORA WOORIWYRITE, AS","3",",a","1",",a","0",",a","19420120",",,a","20.1",",,a,20,","22.6",",,,a"
"ASN00090085","1942-02","-38.0831","142.9919","142.0","KOLORA WOORIWYRITE, AS","4",",a","2",",a","0",",a","19420210",",,a","10.7",",,a,10,","20.8",",,,a"
"ASN00090085","1942-03","-38.0831","142.9919","142.0","KOLORA WOORIWYRITE, AS","5",",a","4",",a","0",",a","19420327",",,a","15.7",",,a,27,","29.5",",,,a"
"ASN00090085","1942-04","-38.0831","142.9919","142.0","KOLORA WOORIWYRITE, AS","13",",a","6",",a","0",",a","19420404",",,a","10.7",",,a,04,","37.7",",,,a"
"ASN00090085","1942-05","-38.0831","142.9919","142.0","KOLORA WOORIWYRITE, AS","20",",a","14",",a","0",",a","19420503",",,a","20.3",",,a,03,","119.1",",,,a"
"ASN00090085","1942-06","-38.0831","142.9919","142.0","KOLORA WOORIWYRITE, AS","10",",a","6",",a","0",",a","19420613",",,a","10.4",",,a,13,","42.0",",,,a"
"ASN00090085","1942-07","-38.0831","142.9919","142.0","KOLORA WOORIWYRITE, AS","17",",a","6",",a","1",",a","19420705",",,a","25.4",",,a,05,","85.8",",,,a"
"ASN00090085","1942-08","-38.0831","142.9919","142.0","KOLORA WOORIWYRITE, AS","18",",a","10",",a","0",",a","19420824",",,a","19.1",",,a,24,","82.1",",,,a"
"ASN00090085","1942-09","-38.0831","142.9919","142.0","KOLORA WOORIWYRITE, AS","13",",a","10",",a","0",",a","19420916",",,a","24.1",",,a,16,","99.6",",,,a"
"ASN00090085","1942-10","-38.0831","142.9919","142.0","KOLORA WOORIWYRITE, AS","10",",a","6",",a","0",",a","19421030",",,a","13.2",",,a,30,","43.0",",,,a"
"ASN00090085","1942-11","-38.0831","142.9919","142.0","KOLORA WOORIWYRITE, AS","8",",a","5",",a","0",",a","19421123",",,a","13.5",",,a,23,","51.1",",,,a"
"ASN00090085","1942-12","-38.0831","142.9919","142.0","KOLORA WOORIWYRITE, AS","3",",a","2",",a","1",",a","19421219",",,a","28.2",",,a,19,","33.5",",,,a"
"ASN00090085","1943-01","-38.0831","142.9919","142.0","KOLORA WOORIWYRITE, AS","6",",a","4",",a","0",",a","19430122",",,a","10.7",",,a,22,","29.4",",,,a"
"ASN00090085","1943-02","-38.0831","142.9919","142.0","KOLORA WOORIWYRITE, AS","6",",a","3",",a","0",",a","19430218",",,a","23.1",",,a,18,","45.6",",,,a"
"ASN00090085","1943-03","-38.0831","142.9919","142.0","KOLORA WOORIWYRITE, AS","3",",a","2",",a","0",",a","19430305",",,a","5.6",",,a,05,","11.2",",,,a"
"ASN00090085","1943-04","-38.0831","142.9919","142.0","KOLORA WOORIWYRITE, AS","12",",a","10",",a","0",",a","19430415",",,a","15.0",",,a,15,","63.7",",,,a"
"ASN00090085","1943-05","-38.0831","142.9919","142.0","KOLORA WOORIWYRITE, AS","13",",a","6",",a","0",",a","19430521",",,a","11.4",",,a,21,","45.8",",,,a"
"ASN00090085","1943-06","-38.0831","142.9919","142.0","KOLORA WOORIWYRITE, AS","16",",a","11",",a","0",",a","19430623",",,a","10.9",",,a,23,","73.7",",,,a"
"ASN00090085","1943-07","-38.0831","142.9919","142.0","KOLORA WOORIWYRITE, AS","20",",a","10",",a","0",",a","19430703",",,a","12.7",",,a,03,","65.5",",,,a"
"ASN00090085","1943-08","-38.0831","142.9919","142.0","KOLORA WOORIWYRITE, AS","16",",a","13",",a","0",",a","19430801",",,a","14.2",",,a,01,","92.8",",,,a"
"ASN00090085","1943-09","-38.0831","142.9919","142.0","KOLORA WOORIWYRITE, AS","17",",a","13",",a","0",",a","19430924",",,a","17.0",",,a,24,","87.4",",,,a"
"ASN00090085","1943-10","-38.0831","142.9919","142.0","KOLORA WOORIWYRITE, AS","12",",a","4",",a","0",",a","19431017",",,a","16.0",",,a,17,","37.5",",,,a"
"ASN00090085","1943-11","-38.0831","142.9919","142.0","KOLORA WOORIWYRITE, AS","11",",a","4",",a","0",",a","19431104",",,a","6.9",",,a,04,","25.4",",,,a"
"ASN00090085","1943-12","-38.0831","142.9919","142.0","KOLORA WOORIWYRITE, AS","7",",a","2",",a","0",",a","19431217",",,a","3.8",",,a,17,","10.7",",,,a"
"ASN00090085","1944-01","-38.0831","142.9919","142.0","KOLORA WOORIWYRITE, AS","6",",a","4",",a","0",",a","19440123",",,a","9.1",",,a,23,","24.4",",,,a"
"ASN00090085","1944-02","-38.0831","142.9919","142.0","KOLORA WOORIWYRITE, AS","7",",a","5",",a","0",",a","19440227",",,a","8.9",",,a,27,","25.9",",,,a"
"ASN00090085","1944-03","-38.0831","142.9919","142.0","KOLORA WOORIWYRITE, AS","9",",a","3",",a","0",",a","19440310",",,a","9.4",",,a,10,","24.1",",,,a"
"ASN00090085","1944-04","-38.0831","142.9919","142.0","KOLORA WOORIWYRITE, AS","16",",a","10",",a","0",",a","19440424",",,a","14.2",",,a,24,","73.4",",,,a"
"ASN00090085","1944-05","-38.0831","142.9919","142.0","KOLORA WOORIWYRITE, AS","19",",a","10",",a","0",",a","19440511",",,a","19.1",",,a,11,","92.3",",,,a"
"ASN00090085","1944-06","-38.0831","142.9919","142.0","KOLORA WOORIWYRITE, AS","12",",a","4",",a","0",",a","19440619",",,a","8.4",",,a,19,","26.5",",,,a"
"ASN00090085","1944-07","-38.0831","142.9919","142.0","KOLORA WOORIWYRITE, AS","14",",a","5",",a","0",",a","19440730",",,a","5.3",",,a,30,","30.5",",,,a"
"ASN00090085","1944-08","-38.0831","142.9919","142.0","KOLORA WOORIWYRITE, AS","9",",a","3",",a","0",",a","19440801",",,a","10.2",",,a,01,","22.0",",,,a"
"ASN00090085","1944-09","-38.0831","142.9919","142.0","KOLORA WOORIWYRITE, AS","10",",a","6",",a","0",",a","19440909",",,a","17.3",",,a,09,","46.6",",,,a"
"ASN00090085","1944-10","-38.0831","142.9919","142.0","KOLORA WOORIWYRITE, AS","12",",a","7",",a","0",",a","19441001",",,a","18.3",",,a,01,","55.1",",,,a"
"ASN00090085","1944-11","-38.0831","142.9919","142.0","KOLORA WOORIWYRITE, AS","13",",a","5",",a","0",",a","19441113",",,a","11.2",",,a,13,","38.5",",,,a"
"ASN00090085","1944-12","-38.0831","142.9919","142.0","KOLORA WOORIWYRITE, AS","15",",a","7",",a","1",",a","19441221",",,a","27.7",",,a,21,","78.1",",,,a"
"ASN00090085","1945-01","-38.0831","142.9919","142.0","KOLORA WOORIWYRITE, AS","4",",a","1",",a","0",",a","19450131",",,a","11.9",",,a,31,","13.5",",,,a"
"ASN00090085","1945-02","-38.0831","142.9919","142.0","KOLORA WOORIWYRITE, AS","13",",a","6",",a","1",",a","19450224",",,a","32.3",",,a,24,","80.4",",,,a"
"ASN00090085","1945-03","-38.0831","142.9919","142.0","KOLORA WOORIWYRITE, AS","7",",a","0",",a","0",",a","19450302",",,a","1.8",",,a,02,","8.0",",,,a"
"ASN00090085","1945-04","-38.0831","142.9919","142.0","KOLORA WOORIWYRITE, AS","4",",a","1",",a","0",",a","19450407",",,a","6.6",",,a,07,","9.2",",,,a"
"ASN00090085","1945-05","-38.0831","142.9919","142.0","KOLORA WOORIWYRITE, AS","12",",a","5",",a","1",",a","19450513",",,a","27.4",",,a,13,","52.6",",,,a"
"ASN00090085","1945-06","-38.0831","142.9919","142.0","KOLORA WOORIWYRITE, AS","11",",a","5",",a","0",",a","19450627",",,a","9.9",",,a,27,","29.1",",,,a"
"ASN00090085","1945-07","-38.0831","142.9919","142.0","KOLORA WOORIWYRITE, AS","14",",a","5",",a","0",",a","19450713",",,a","13.0",",,a,13,","46.7",",,,a"
"ASN00090085","1945-08","-38.0831","142.9919","142.0","KOLORA WOORIWYRITE, AS","27",",a","10",",a","0",",a","19450831",",,a","9.1",",,a,31,","66.3",",,,a"
"ASN00090085","1945-09","-38.0831","142.9919","142.0","KOLORA WOORIWYRITE, AS","13",",a","7",",a","0",",a","19450904",",,a","18.8",",,a,04,","56.9",",,,a"
"ASN00090085","1945-10","-38.0831","142.9919","142.0","KOLORA WOORIWYRITE, AS","17",",a","8",",a","1",",a","19451024",",,a","36.6",",,a,24,","75.8",",,,a"
"ASN00090085","1945-11","-38.0831","142.9919","142.0","KOLORA WOORIWYRITE, AS","11",",a","6",",a","0",",a","19451117",",,a","11.7",",,a,17,","47.4",",,,a"
"ASN00090085","1945-12","-38.0831","142.9919","142.0","KOLORA WOORIWYRITE, AS","6",",a","2",",a","0",",a","19451227",",,a","12.7",",,a,27,","19.6",",,,a"
"ASN00090085","1946-01","-38.0831","142.9919","142.0","KOLORA WOORIWYRITE, AS","11",",a","8",",a","0",",a","19460120",",,a","17.3",",,a,20,","84.6",",,,a"
"ASN00090085","1946-02","-38.0831","142.9919","142.0","KOLORA WOORIWYRITE, AS","9",",a","6",",a","3",",a","19460219",",,a","59.9",",,a,19,","163.2",",,,a"
"ASN00090085","1946-03","-38.0831","142.9919","142.0","KOLORA WOORIWYRITE, AS","18",",a","10",",a","3",",a","19460317",",,a","59.7",",,a,17,","196.2",",,,a"
"ASN00090085","1946-04","-38.0831","142.9919","142.0","KOLORA WOORIWYRITE, AS","11",",a","6",",a","0",",a","19460423",",,a","24.6",",,a,23,","56.4",",,,a"
"ASN00090085","1946-05","-38.0831","142.9919","142.0","KOLORA WOORIWYRITE, AS","6",",a","4",",a","0",",a","19460518",",,a","7.1",",,a,18,","22.1",",,,a"
"ASN00090085","1946-06","-38.0831","142.9919","142.0","KOLORA WOORIWYRITE, AS","14",",a","8",",a","1",",a","19460601",",,a","29.7",",,a,01,","89.1",",,,a"
"ASN00090085","1946-07","-38.0831","142.9919","142.0","KOLORA WOORIWYRITE, AS","20",",a","12",",a","0",",a","19460701",",,a","11.4",",,a,01,","72.1",",,,a"
"ASN00090085","1946-08","-38.0831","142.9919","142.0","KOLORA WOORIWYRITE, AS","19",",a","12",",a","0",",a","19460818",",,a","11.9",",,a,18,","67.7",",,,a"
"ASN00090085","1946-09","-38.0831","142.9919","142.0","KOLORA WOORIWYRITE, AS","16",",a","10",",a","0",",a","19460906",",,a","11.9",",,a,06,","64.6",",,,a"
"ASN00090085","1946-10","-38.0831","142.9919","142.0","KOLORA WOORIWYRITE, AS","10",",a","6",",a","0",",a","19461024",",,a","7.1",",,a,24,","29.5",",,,a"
"ASN00090085","1946-11","-38.0831","142.9919","142.0","KOLORA WOORIWYRITE, AS","9",",a","1",",a","0",",a","19461130",",,a","2.8",",,a,30,","15.5",",,,a"
"ASN00090085","1946-12","-38.0831","142.9919","142.0","KOLORA WOORIWYRITE, AS","10",",a","5",",a","0",",a","19461228",",,a","19.8",",,a,28,","47.2",",,,a"
"ASN00090085","1947-01","-38.0831","142.9919","142.0","KOLORA WOORIWYRITE, AS","5",",a","3",",a","0",",a","19470106",",,a","8.4",",,a,06,","16.2",",,,a"
"ASN00090085","1947-02","-38.0831","142.9919","142.0","KOLORA WOORIWYRITE, AS","5",",a","3",",a","0",",a","19470208",",,a","9.7",",,a,08,","21.7",",,,a"
"ASN00090085","1947-03","-38.0831","142.9919","142.0","KOLORA WOORIWYRITE, AS","12",",a","7",",a","2",",a","19470312",",,a","32.0",",,a,12,","129.1",",,,a"
"ASN00090085","1947-04","-38.0831","142.9919","142.0","KOLORA WOORIWYRITE, AS","12",",a","3",",a","0",",a","19470401",",,a","10.7",",,a,01,","33.3",",,,a"
"ASN00090085","1947-05","-38.0831","142.9919","142.0","KOLORA WOORIWYRITE, AS","10",",a","2",",a","0",",a","19470524",",,a","5.1",",,a,24,","17.6",",,,a"
"ASN00090085","1947-06","-38.0831","142.9919","142.0","KOLORA WOORIWYRITE, AS","13",",a","8",",a","0",",a","19470611",",,a","20.1",",,a,11,","100.4",",,,a"
"ASN00090085","1947-07","-38.0831","142.9919","142.0","KOLORA WOORIWYRITE, AS","14",",a","10",",a","0",",a","19470728",",,a","24.9",",,a,28,","103.8",",,,a"
"ASN00090085","1947-08","-38.0831","142.9919","142.0","KOLORA WOORIWYRITE, AS","12",",a","10",",a","0",",a","19470825",",,a","21.3",",,a,25,","78.8",",,,a"
"ASN00090085","1947-09","-38.0831","142.9919","142.0","KOLORA WOORIWYRITE, AS","14",",a","8",",a","0",",a","19470903",",,a","14.5",",,a,03,","59.1",",,,a"
"ASN00090085","1947-10","-38.0831","142.9919","142.0","KOLORA WOORIWYRITE, AS","16",",a","10",",a","0",",a","19471020",",,a","15.0",",,a,20,","87.7",",,,a"
"ASN00090085","1947-11","-38.0831","142.9919","142.0","KOLORA WOORIWYRITE, AS","9",",a","6",",a","0",",a","19471109",",,a","25.1",",,a,09,","81.9",",,,a"
"ASN00090085","1947-12","-38.0831","142.9919","142.0","KOLORA WOORIWYRITE, AS","14",",a","8",",a","0",",a","19471223",",,a","16.0",",,a,23,","82.1",",,,a"
"ASN00090085","1948-01","-38.0831","142.9919","142.0","KOLORA WOORIWYRITE, AS","4",",a","2",",a","0",",a","19480106",",,a","14.0",",,a,06,","18.1",",,,a"
"ASN00090085","1948-02","-38.0831","142.9919","142.0","KOLORA WOORIWYRITE, AS","3",",a","1",",a","0",",a","19480215",",,a","2.5",",,a,15,","4.3",",,,a"
"ASN00090085","1948-03","-38.0831","142.9919","142.0","KOLORA WOORIWYRITE, AS","9",",a","3",",a","0",",a","19480328",",,a","3.8",",,a,28,","12.4",",,,a"
"ASN00090085","1948-04","-38.0831","142.9919","142.0","KOLORA WOORIWYRITE, AS","12",",a","7",",a","1",",a","19480412",",,a","37.6",",,a,12,","109.1",",,,a"
"ASN00090085","1948-05","-38.0831","142.9919","142.0","KOLORA WOORIWYRITE, AS","17",",a","13",",a","0",",a","19480516",",,a","19.1",",,a,16,","102.5",",,,a"
"ASN00090085","1948-06","-38.0831","142.9919","142.0","KOLORA WOORIWYRITE, AS","12",",a","2",",a","0",",a","19480626",",,a","12.4",",,a,26,","33.8",",,,a"
"ASN00090085","1948-07","-38.0831","142.9919","142.0","KOLORA WOORIWYRITE, AS","16",",a","10",",a","0",",a","19480728",",,a","11.7",",,a,28,","59.8",",,,a"
"ASN00090085","1948-08","-38.0831","142.9919","142.0","KOLORA WOORIWYRITE, AS","13",",a","8",",a","0",",a","19480823",",,a","11.7",",,a,23,","63.3",",,,a"
"ASN00090085","1948-09","-38.0831","142.9919","142.0","KOLORA WOORIWYRITE, AS","12",",a","5",",a","0",",a","19480901",",,a","24.4",",,a,01,","64.2",",,,a"
"ASN00090085","1948-10","-38.0831","142.9919","142.0","KOLORA WOORIWYRITE, AS","16",",a","10",",a","0",",a","19481031",",,a","21.1",",,a,31,","125.9",",,,a"
"ASN00090085","1948-11","-38.0831","142.9919","142.0","KOLORA WOORIWYRITE, AS","12",",a","8",",a","0",",a","19481109",",,a","7.6",",,a,09,","38.3",",,,a"
"ASN00090085","1948-12","-38.0831","142.9919","142.0","KOLORA WOORIWYRITE, AS","10",",a","6",",a","0",",a","19481226",",,a","13.2",",,a,26,","40.8",",,,a"
"ASN00090085","1949-01","-38.0831","142.9919","142.0","KOLORA WOORIWYRITE, AS","6",",a","3",",a","0",",a","19490116",",,a","14.5",",,a,16,","27.2",",,,a"
"ASN00090085","1949-02","-38.0831","142.9919","142.0","KOLORA WOORIWYRITE, AS","6",",a","5",",a","1",",a","19490228",",,a","27.9",",,a,28,","76.5",",,,a"
"ASN00090085","1949-03","-38.0831","142.9919","142.0","KOLORA WOORIWYRITE, AS","4",",a","1",",a","1",",a","19490330",",,a","29.5",",,a,30,","34.1",",,,a"
"ASN00090085","1949-04","-38.0831","142.9919","142.0","KOLORA WOORIWYRITE, AS","5",",a","1",",a","0",",a","19490419",",,a","3.8",",,a,19,","10.2",",,,a"
"ASN00090085","1949-05","-38.0831","142.9919","142.0","KOLORA WOORIWYRITE, AS","14",",a","5",",a","0",",a","19490526",",,a","15.5",",,a,26,","56.2",",,,a"
"ASN00090085","1949-06","-38.0831","142.9919","142.0","KOLORA WOORIWYRITE, AS","8",",a","6",",a","0",",a","19490603",",,a","11.2",",,a,03,","38.4",",,,a"
"ASN00090085","1949-07","-38.0831","142.9919","142.0","KOLORA WOORIWYRITE, AS","9",",a","6",",a","0",",a","19490719",",,a","9.9",",,a,19,","35.7",",,,a"
"ASN00090085","1949-08","-38.0831","142.9919","142.0","KOLORA WOORIWYRITE, AS","9",",a","6",",a","0",",a","19490820",",,a","13.0",",,a,20,","38.5",",,,a"
"ASN00090085","1949-09","-38.0831","142.9919","142.0","KOLORA WOORIWYRITE, AS","11",",a","4",",a","0",",a","19490903",",,a","9.1",",,a,03,","32.3",",,,a"
"ASN00090085","1949-10","-38.0831","142.9919","142.0","KOLORA WOORIWYRITE, AS","25",",a","16",",a","0",",a","19491012",",,a","17.0",",,a,12,","142.5",",,,a"
"ASN00090085","1949-11","-38.0831","142.9919","142.0","KOLORA WOORIWYRITE, AS","13",",a","8",",a","0",",a","19491122",",,a","24.1",",,a,22,","90.2",",,,a"
"ASN00090085","1949-12","-38.0831","142.9919","142.0","KOLORA WOORIWYRITE, AS","3",",a","1",",a","0",",a","19491223",",,a","6.9",",,a,23,","9.9",",,,a"
"ASN00090085","1950-01","-38.0831","142.9919","142.0","KOLORA WOORIWYRITE, AS","4",",a","2",",a","0",",a","19500114",",,a","13.0",",,a,14,","18.6",",,,a"
"ASN00090085","1950-02","-38.0831","142.9919","142.0","KOLORA WOORIWYRITE, AS","7",",a","6",",a","1",",a","19500214",",,a","37.3",",,a,14,","52.4",",,,a"
"ASN00090085","1950-03","-38.0831","142.9919","142.0","KOLORA WOORIWYRITE, AS","4",",a","3",",a","0",",a","19500318",",,a","12.7",",,a,18,","24.2",",,,a"
"ASN00090085","1950-04","-38.0831","142.9919","142.0","KOLORA WOORIWYRITE, AS","6",",a","3",",a","1",",a","19500405",",,a","28.7",",,a,05,","50.3",",,,a"
"ASN00090085","1950-05","-38.0831","142.9919","142.0","KOLORA WOORIWYRITE, AS","10",",a","5",",a","0",",a","19500531",",,a","18.5",",,a,31,","54.4",",,,a"
"ASN00090085","1950-06","-38.0831","142.9919","142.0","KOLORA WOORIWYRITE, AS","8",",a","4",",a","0",",a","19500629",",,a","8.1",",,a,29,","22.2",",,,a"
"ASN00090085","1950-07","-38.0831","142.9919","142.0","KOLORA WOORIWYRITE, AS","8",",a","6",",a","0",",a","19500705",",,a","15.7",",,a,05,","48.0",",,,a"
"ASN00090085","1950-08","-38.0831","142.9919","142.0","KOLORA WOORIWYRITE, AS","10",",a","9",",a","0",",a","19500819",",,a","18.5",",,a,19,","65.6",",,,a"
"ASN00090085","1950-09","-38.0831","142.9919","142.0","KOLORA WOORIWYRITE, AS","10",",a","9",",a","1",",a","19500925",",,a","31.8",",,a,25,","94.6",",,,a"
"ASN00090085","1950-10","-38.0831","142.9919","142.0","KOLORA WOORIWYRITE, AS","8",",a","4",",a","0",",a","19501012",",,a","13.5",",,a,12,","46.8",",,,a"
"ASN00090085","1950-11","-38.0831","142.9919","142.0","KOLORA WOORIWYRITE, AS","6",",a","3",",a","0",",a","19501114",",,a","19.1",",,a,14,","31.4",",,,a"
"ASN00090085","1950-12","-38.0831","142.9919","142.0","KOLORA WOORIWYRITE, AS","4",",a","2",",a","0",",a","19501220",",,a","13.7",",,a,20,","24.6",",,,a"
"ASN00090085","1951-01","-38.0831","142.9919","142.0","KOLORA WOORIWYRITE, AS","2",",a","2",",a","0",",a","19510103",",,a","6.4",",,a,03,","10.2",",,,a"
"ASN00090085","1951-02","-38.0831","142.9919","142.0","KOLORA WOORIWYRITE, AS","6",",a","5",",a","0",",a","19510218",",,a","16.0",",,a,18,","53.9",",,,a"
"ASN00090085","1951-03","-38.0831","142.9919","142.0","KOLORA WOORIWYRITE, AS","1",",a","1",",a","0",",a","19510315",",,a","3.8",",,a,15,","3.8",",,,a"
"ASN00090085","1951-04","-38.0831","142.9919","142.0","KOLORA WOORIWYRITE, AS","22",",a","12",",a","1",",a","19510412",",,a","26.7",",,a,12,","131.1",",,,a"
"ASN00090085","1951-05","-38.0831","142.9919","142.0","KOLORA WOORIWYRITE, AS","15",",a","10",",a","0",",a","19510527",",,a","17.8",",,a,27,","83.4",",,,a"
"ASN00090085","1951-06","-38.0831","142.9919","142.0","KOLORA WOORIWYRITE, AS","5","4,a","2","4,a","0","4,a","19510612",",4,a","14.2","4,,a,12,","33.0",",a,,a"
"ASN00090085","1951-07","-38.0831","142.9919","142.0","KOLORA WOORIWYRITE, AS","11",",a","9",",a","0",",a","19510716",",,a","17.8",",,a,16,","103.8",",,,a"
"ASN00090085","1951-08","-38.0831","142.9919","142.0","KOLORA WOORIWYRITE, AS","15",",a","13",",a","0",",a","19510820",",,a","22.1",",,a,20,","116.1",",,,a"
"ASN00090085","1951-09","-38.0831","142.9919","142.0","KOLORA WOORIWYRITE, AS","4",",a","4",",a","0",",a","19510922",",,a","14.0",",,a,22,","30.3",",,,a"
"ASN00090085","1951-10","-38.0831","142.9919","142.0","KOLORA WOORIWYRITE, AS","16",",a","9",",a","0",",a","19511022",",,a","10.2",",,a,22,","59.9",",,,a"
"ASN00090085","1951-11","-38.0831","142.9919","142.0","KOLORA WOORIWYRITE, AS","9",",a","5",",a","0",",a","19511109",",,a","8.4",",,a,09,","34.1",",,,a"
"ASN00090085","1951-12","-38.0831","142.9919","142.0","KOLORA WOORIWYRITE, AS","8",",a","5",",a","0",",a","19511209",",,a","17.8",",,a,09,","57.2",",,,a"
"ASN00090085","1952-01","-38.0831","142.9919","142.0","KOLORA WOORIWYRITE, AS","7",",a","4",",a","1",",a","19520125",",,a","72.9",",,a,25,","98.3",",,,a"
"ASN00090085","1952-02","-38.0831","142.9919","142.0","KOLORA WOORIWYRITE, AS","6",",a","5",",a","0",",a","19520210",",,a","10.4",",,a,10,","36.5",",,,a"
"ASN00090085","1952-03","-38.0831","142.9919","142.0","KOLORA WOORIWYRITE, AS","4",",a","1",",a","0",",a","19520321",",,a","5.8",",,a,21,","9.3",",,,a"
"ASN00090085","1952-04","-38.0831","142.9919","142.0","KOLORA WOORIWYRITE, AS","10",",a","8",",a","0",",a","19520430",",,a","18.8",",,a,30,","72.6",",,,a"
"ASN00090085","1952-05","-38.0831","142.9919","142.0","KOLORA WOORIWYRITE, AS","14",",a","9",",a","0",",a","19520507",",,a","19.8",",,a,07,","78.0",",,,a"
"ASN00090085","1952-06","-38.0831","142.9919","142.0","KOLORA WOORIWYRITE, AS","19",",a","14",",a","0",",a","19520602",",,a","19.6",",,a,02,","116.7",",,,a"
"ASN00090085","1952-07","-38.0831","142.9919","142.0","KOLORA WOORIWYRITE, AS","10",",a","6",",a","0",",a","19520705",",,a","15.2",",,a,05,","51.8",",,,a"
"ASN00090085","1952-08","-38.0831","142.9919","142.0","KOLORA WOORIWYRITE, AS","12",",a","11",",a","1",",a","19520810",",,a","29.2",",,a,10,","101.0",",,,a"
"ASN00090085","1952-09","-38.0831","142.9919","142.0","KOLORA WOORIWYRITE, AS","13",",a","10",",a","1",",a","19520909",",,a","30.2",",,a,09,","108.3",",,,a"
"ASN00090085","1952-10","-38.0831","142.9919","142.0","KOLORA WOORIWYRITE, AS","13",",a","11",",a","0",",a","19521030",",,a","15.2",",,a,30,","105.7",",,,a"
"ASN00090085","1952-12","-38.0831","142.9919","142.0","KOLORA WOORIWYRITE, AS","8",",a","8",",a","0",",a","19521208",",,a","16.0",",,a,08,","75.0",",,,a"
"ASN00090085","1953-01","-38.0831","142.9919","142.0","KOLORA WOORIWYRITE, AS","3",",a","1",",a","0",",a","19530114",",,a","3.0",",,a,14,","5.3",",,,a"
"ASN00090085","1953-02","-38.0831","142.9919","142.0","KOLORA WOORIWYRITE, AS","3",",a","3",",a","0",",a","19530208",",,a","9.1",",,a,08,","16.8",",,,a"
"ASN00090085","1953-03","-38.0831","142.9919","142.0","KOLORA WOORIWYRITE, AS","3",",a","1",",a","0",",a","19530321",",,a","5.3",",,a,21,","7.8",",,,a"
"ASN00090085","1953-04","-38.0831","142.9919","142.0","KOLORA WOORIWYRITE, AS","8",",a","5",",a","0",",a","19530404",",,a","20.3",",,a,04,","42.6",",,,a"
"ASN00090085","1953-05","-38.0831","142.9919","142.0","KOLORA WOORIWYRITE, AS","10",",a","6",",a","0",",a","19530520",",,a","14.5",",,a,20,","52.6",",,,a"
"ASN00090085","1953-06","-38.0831","142.9919","142.0","KOLORA WOORIWYRITE, AS","16",",a","9",",a","0",",a","19530618",",,a","14.0",",,a,18,","70.3",",,,a"
"ASN00090085","1953-07","-38.0831","142.9919","142.0","KOLORA WOORIWYRITE, AS","21",",a","11",",a","0",",a","19530723",",,a","10.9",",,a,23,","82.2",",,,a"
"ASN00090085","1953-08","-38.0831","142.9919","142.0","KOLORA WOORIWYRITE, AS","16",",a","12",",a","0",",a","19530806","+,,a","8.9",",,a,06,+","65.2",",,,a"
"ASN00090085","1953-09","-38.0831","142.9919","142.0","KOLORA WOORIWYRITE, AS","11",",a","10",",a","1",",a","19530929",",,a","34.0",",,a,29,","112.5",",,,a"
"ASN00090085","1953-10","-38.0831","142.9919","142.0","KOLORA WOORIWYRITE, AS","11",",a","7",",a","0",",a","19531021",",,a","19.6",",,a,21,","62.3",",,,a"
"ASN00090085","1953-11","-38.0831","142.9919","142.0","KOLORA WOORIWYRITE, AS","16",",a","10",",a","1",",a","19531105",",,a","25.4",",,a,05,","116.8",",,,a"
"ASN00090085","1953-12","-38.0831","142.9919","142.0","KOLORA WOORIWYRITE, AS","8",",a","5",",a","0",",a","19531207",",,a","7.4",",,a,07,","26.1",",,,a"
"ASN00090085","1954-01","-38.0831","142.9919","142.0","KOLORA WOORIWYRITE, AS","3",",a","3",",a","0",",a","19540128",",,a","24.1",",,a,28,","29.4",",,,a"
"ASN00090085","1954-02","-38.0831","142.9919","142.0","KOLORA WOORIWYRITE, AS","6",",a","1",",a","0",",a","19540202",",,a","5.8",",,a,02,","12.3",",,,a"
"ASN00090085","1954-03","-38.0831","142.9919","142.0","KOLORA WOORIWYRITE, AS","6",",a","2",",a","0",",a","19540322",",,a","14.7",",,a,22,","21.2",",,,a"
"ASN00090085","1954-04","-38.0831","142.9919","142.0","KOLORA WOORIWYRITE, AS","11",",a","7",",a","1",",a","19540414",",,a","46.2",",,a,14,","104.9",",,,a"
"ASN00090085","1954-05","-38.0831","142.9919","142.0","KOLORA WOORIWYRITE, AS","14",",a","8",",a","0",",a","19540518",",,a","10.7",",,a,18,","42.4",",,,a"
"ASN00090085","1954-06","-38.0831","142.9919","142.0","KOLORA WOORIWYRITE, AS","10",",a","9",",a","0",",a","19540630","+,,a","8.6",",,a,30,+","50.4",",,,a"
"ASN00090085","1954-07","-38.0831","142.9919","142.0","KOLORA WOORIWYRITE, AS","10",",a","9",",a","0",",a","19540707",",,a","10.4",",,a,07,","49.5",",,,a"
"ASN00090085","1954-08","-38.0831","142.9919","142.0","KOLORA WOORIWYRITE, AS","12",",a","7",",a","0",",a","19540813",",,a","9.7",",,a,13,","50.9",",,,a"
"ASN00090085","1954-09","-38.0831","142.9919","142.0","KOLORA WOORIWYRITE, AS","6",",a","4",",a","0",",a","19540918",",,a","11.9",",,a,18,","33.9",",,,a"
"ASN00090085","1954-10","-38.0831","142.9919","142.0","KOLORA WOORIWYRITE, AS","10",",a","6",",a","0",",a","19541025",",,a","14.5",",,a,25,","48.5",",,,a"
"ASN00090085","1954-11","-38.0831","142.9919","142.0","KOLORA WOORIWYRITE, AS","12",",a","7",",a","0",",a","19541107",",,a","13.0",",,a,07,","68.7",",,,a"
"ASN00090085","1954-12","-38.0831","142.9919","142.0","KOLORA WOORIWYRITE, AS","7",",a","5",",a","0",",a","19541212",",,a","23.4",",,a,12,","49.8",",,,a"
"ASN00090085","1955-01","-38.0831","142.9919","142.0","KOLORA WOORIWYRITE, AS","4",",a","2",",a","0",",a","19550128",",,a","17.5",",,a,28,","22.1",",,,a"
"ASN00090085","1955-02","-38.0831","142.9919","142.0","KOLORA WOORIWYRITE, AS","5",",a","3",",a","1",",a","19550212",",,a","26.7",",,a,12,","50.6",",,,a"
"ASN00090085","1955-03","-38.0831","142.9919","142.0","KOLORA WOORIWYRITE, AS","2",",a","2",",a","0",",a","19550324",",,a","17.8",",,a,24,","22.6",",,,a"
"ASN00090085","1955-04","-38.0831","142.9919","142.0","KOLORA WOORIWYRITE, AS","14",",a","6",",a","0",",a","19550415",",,a","8.6",",,a,15,","41.0",",,,a"
"ASN00090085","1955-05","-38.0831","142.9919","142.0","KOLORA WOORIWYRITE, AS","18",",a","10",",a","0",",a","19550506",",,a","12.7",",,a,06,","67.5",",,,a"
"ASN00090085","1955-06","-38.0831","142.9919","142.0","KOLORA WOORIWYRITE, AS","15",",a","8",",a","0",",a","19550622",",,a","19.8",",,a,22,","83.1",",,,a"
"ASN00090085","1955-07","-38.0831","142.9919","142.0","KOLORA WOORIWYRITE, AS","17",",a","7",",a","1",",a","19550714",",,a","26.2",",,a,14,","75.0",",,,a"
"ASN00090085","1955-08","-38.0831","142.9919","142.0","KOLORA WOORIWYRITE, AS","21",",a","14",",a","0",",a","19550807",",,a","17.8",",,a,07,","120.4",",,,a"
"ASN00090085","1955-09","-38.0831","142.9919","142.0","KOLORA WOORIWYRITE, AS","12",",a","9",",a","0",",a","19550906",",,a","7.9",",,a,06,","41.1",",,,a"
"ASN00090085","1955-10","-38.0831","142.9919","142.0","KOLORA WOORIWYRITE, AS","13",",a","10",",a","0",",a","19551021",",,a","21.3",",,a,21,","75.9",",,,a"
"ASN00090085","1955-11","-38.0831","142.9919","142.0","KOLORA WOORIWYRITE, AS","8",",a","4",",a","0",",a","19551111",",,a","14.2",",,a,11,","45.0",",,,a"
"ASN00090085","1955-12","-38.0831","142.9919","142.0","KOLORA WOORIWYRITE, AS","10",",a","5",",a","0",",a","19551231",",,a","15.2",",,a,31,","36.3",",,,a"
"ASN00090085","1956-01","-38.0831","142.9919","142.0","KOLORA WOORIWYRITE, AS","8",",a","6",",a","0",",a","19560113",",,a","14.0",",,a,13,","37.9",",,,a"
"ASN00090085","1956-02","-38.0831","142.9919","142.0","KOLORA WOORIWYRITE, AS","1",",a","0",",a","0",",a","19560222",",,a","1.0",",,a,22,","1.0",",,,a"
"ASN00090085","1956-03","-38.0831","142.9919","142.0","KOLORA WOORIWYRITE, AS","9",",a","3",",a","1",",a","19560306",",,a","36.3",",,a,06,","74.8",",,,a"
"ASN00090085","1956-04","-38.0831","142.9919","142.0","KOLORA WOORIWYRITE, AS","18",",a","13",",a","0",",a","19560401",",,a","16.8",",,a,01,","99.4",",,,a"
"ASN00090085","1956-05","-38.0831","142.9919","142.0","KOLORA WOORIWYRITE, AS","15",",a","6",",a","1",",a","19560502",",,a","33.0",",,a,02,","76.9",",,,a"
"ASN00090085","1956-06","-38.0831","142.9919","142.0","KOLORA WOORIWYRITE, AS","19",",a","15",",a","0",",a","19560629",",,a","17.8",",,a,29,","92.0",",,,a"
"ASN00090085","1956-07","-38.0831","142.9919","142.0","KOLORA WOORIWYRITE, AS","14",",a","7",",a","0",",a","19560718",",,a","8.6",",,a,18,","57.2",",,,a"
"ASN00090085","1956-08","-38.0831","142.9919","142.0","KOLORA WOORIWYRITE, AS","16",",a","12",",a","0",",a","19560822",",,a","12.4",",,a,22,","78.9",",,,a"
"ASN00090085","1956-09","-38.0831","142.9919","142.0","KOLORA WOORIWYRITE, AS","10",",a","5",",a","0",",a","19560922",",,a","14.0",",,a,22,","35.3",",,,a"
"ASN00090085","1956-10","-38.0831","142.9919","142.0","KOLORA WOORIWYRITE, AS","14",",a","7",",a","0",",a","19561031",",,a","10.4",",,a,31,","50.2",",,,a"
"ASN00090085","1956-11","-38.0831","142.9919","142.0","KOLORA WOORIWYRITE, AS","11",",a","5",",a","0",",a","19561114",",,a","15.2",",,a,14,","34.8",",,,a"
"ASN00090085","1956-12","-38.0831","142.9919","142.0","KOLORA WOORIWYRITE, AS","11",",a","5",",a","0",",a","19561214",",,a","15.2",",,a,14,","34.8",",,,a"
"ASN00090085","1957-01","-38.0831","142.9919","142.0","KOLORA WOORIWYRITE, AS","3",",a","0",",a","0",",a","19570126","+,,a","0.8",",,a,26,+","2.1",",,,a"
"ASN00090085","1957-02","-38.0831","142.9919","142.0","KOLORA WOORIWYRITE, AS","3",",a","3",",a","1",",a","19570207",",,a","63.5",",,a,07,","80.0",",,,a"
"ASN00090085","1957-03","-38.0831","142.9919","142.0","KOLORA WOORIWYRITE, AS","8",",a","6",",a","0",",a","19570312",",,a","15.2",",,a,12,","50.7",",,,a"
"ASN00090085","1957-04","-38.0831","142.9919","142.0","KOLORA WOORIWYRITE, AS","15",",a","8",",a","0",",a","19570430",",,a","9.7",",,a,30,","46.4",",,,a"
"ASN00090085","1957-05","-38.0831","142.9919","142.0","KOLORA WOORIWYRITE, AS","9","4,a","5","4,a","0","4,a","19570502",",4,a","10.2","4,,a,02,","64.5",",a,,a"
"ASN00090085","1957-07","-38.0831","142.9919","142.0","KOLORA WOORIWYRITE, AS","11",",a","2",",a","0",",a","19570715",",,a","2.8",",,a,15,","14.0",",,,a"
"ASN00090085","1957-08","-38.0831","142.9919","142.0","KOLORA WOORIWYRITE, AS","13",",a","8",",a","0",",a","19570810",",,a","14.5",",,a,10,","63.9",",,,a"
"ASN00090085","1957-09","-38.0831","142.9919","142.0","KOLORA WOORIWYRITE, AS","17",",a","13",",a","0",",a","19570915",",,a","13.2",",,a,15,","81.7",",,,a"
"ASN00090085","1957-10","-38.0831","142.9919","142.0","KOLORA WOORIWYRITE, AS","12",",a","7",",a","0",",a","19571023",",,a","18.8",",,a,23,","69.9",",,,a"
"ASN00090085","1957-11","-38.0831","142.9919","142.0","KOLORA WOORIWYRITE, AS","9",",a","6",",a","0",",a","19571127",",,a","12.7",",,a,27,","42.8",",,,a"
"ASN00090085","1957-12","-38.0831","142.9919","142.0","KOLORA WOORIWYRITE, AS","10",",a","5",",a","0",",a","19571225",",,a","21.6",",,a,25,","55.4",",,,a"
"ASN00090085","1958-01","-38.0831","142.9919","142.0","KOLORA WOORIWYRITE, AS","3",",a","1",",a","0",",a","19580131",",,a","3.8",",,a,31,","6.9",",,,a"
"ASN00090085","1958-02","-38.0831","142.9919","142.0","KOLORA WOORIWYRITE, AS","5",",a","3",",a","0",",a","19580217",",,a","3.8",",,a,17,","10.9",",,,a"
"ASN00090085","1958-03","-38.0831","142.9919","142.0","KOLORA WOORIWYRITE, AS","6",",a","3",",a","0",",a","19580329",",,a","8.1",",,a,29,","21.1",",,,a"
"ASN00090085","1958-04","-38.0831","142.9919","142.0","KOLORA WOORIWYRITE, AS","6",",a","3",",a","0",",a","19580414",",,a","12.2",",,a,14,","24.1",",,,a"
"ASN00090085","1958-05","-38.0831","142.9919","142.0","KOLORA WOORIWYRITE, AS","18",",a","14",",a","1",",a","19580523",",,a","29.2",",,a,23,","111.8",",,,a"
"ASN00090085","1958-06","-38.0831","142.9919","142.0","KOLORA WOORIWYRITE, AS","10",",a","4",",a","0",",a","19580604",",,a","9.7",",,a,04,","23.9",",,,a"
"ASN00090085","1958-07","-38.0831","142.9919","142.0","KOLORA WOORIWYRITE, AS","","","","","","","","","","","81.0",",a,,a"
"ASN00090085","1958-08","-38.0831","142.9919","142.0","KOLORA WOORIWYRITE, AS","14","5,a","6","5,a","0","5,a","19580815",",5,a","15.7","5,,a,15,","88.0",",a,,a"
"ASN00090085","1958-09","-38.0831","142.9919","142.0","KOLORA WOORIWYRITE, AS","19",",a","6",",a","0",",a","19580917",",,a","13.7",",,a,17,","47.9",",,,a"
"ASN00090085","1958-10","-38.0831","142.9919","142.0","KOLORA WOORIWYRITE, AS","19",",a","14",",a","0",",a","19581016",",,a","11.4",",,a,16,","79.5",",,,a"
"ASN00090085","1958-11","-38.0831","142.9919","142.0","KOLORA WOORIWYRITE, AS","13",",a","4",",a","0",",a","19581114",",,a","20.1",",,a,14,","43.6",",,,a"
"ASN00090085","1958-12","-38.0831","142.9919","142.0","KOLORA WOORIWYRITE, AS","5",",a","2",",a","0",",a","19581211",",,a","5.3",",,a,11,","13.7",",,,a"
"ASN00090085","1959-01","-38.0831","142.9919","142.0","KOLORA WOORIWYRITE, AS","4",",a","2",",a","0",",a","19590126",",,a","21.6",",,a,26,","43.2",",,,a"
"ASN00090085","1959-02","-38.0831","142.9919","142.0","KOLORA WOORIWYRITE, AS","6",",a","5",",a","1",",a","19590214",",,a","27.9",",,a,14,","67.7",",,,a"
"ASN00090085","1959-03","-38.0831","142.9919","142.0","KOLORA WOORIWYRITE, AS","6",",a","5",",a","1",",a","19590331",",,a","35.3",",,a,31,","75.4",",,,a"
"ASN00090085","1959-04","-38.0831","142.9919","142.0","KOLORA WOORIWYRITE, AS","8",",a","3",",a","1",",a","19590401",",,a","26.4",",,a,01,","37.0",",,,a"
"ASN00090085","1959-05","-38.0831","142.9919","142.0","KOLORA WOORIWYRITE, AS","9",",a","2",",a","0",",a","19590519",",,a","7.1",",,a,19,","18.4",",,,a"
"ASN00090085","1959-06","-38.0831","142.9919","142.0","KOLORA WOORIWYRITE, AS","12",",a","5",",a","0",",a","19590625",",,a","9.4",",,a,25,","34.8",",,,a"
"ASN00090085","1959-07","-38.0831","142.9919","142.0","KOLORA WOORIWYRITE, AS","10","3,a","3","3,a","0","3,a","19590728",",3,a","20.6","3,,a,28,","66.4",",a,,a"
"ASN00090085","1959-08","-38.0831","142.9919","142.0","KOLORA WOORIWYRITE, AS","13",",a","9",",a","0",",a","19590808",",,a","10.9",",,a,08,","57.9",",,,a"
"ASN00090085","1959-09","-38.0831","142.9919","142.0","KOLORA WOORIWYRITE, AS","14",",a","5",",a","0",",a","19590919",",,a","13.5",",,a,19,","52.2",",,,a"
"ASN00090085","1959-10","-38.0831","142.9919","142.0","KOLORA WOORIWYRITE, AS","9",",a","6",",a","1",",a","19591031",",,a","27.9",",,a,31,","88.1",",,,a"
"ASN00090085","1959-11","-38.0831","142.9919","142.0","KOLORA WOORIWYRITE, AS","5",",a","3",",a","0",",a","19591108",",,a","8.9",",,a,08,","21.1",",,,a"
"ASN00090085","1959-12","-38.0831","142.9919","142.0","KOLORA WOORIWYRITE, AS","10",",a","7",",a","0",",a","19591205",",,a","19.3",",,a,05,","71.7",",,,a"
"ASN00090085","1960-01","-38.0831","142.9919","142.0","KOLORA WOORIWYRITE, AS","5",",a","3",",a","0",",a","19600109",",,a","13.2",",,a,09,","23.9",",,,a"
"ASN00090085","1960-02","-38.0831","142.9919","142.0","KOLORA WOORIWYRITE, AS","6",",a","3",",a","1",",a","19600214",",,a","43.2",",,a,14,","70.5",",,,a"
"ASN00090085","1960-03","-38.0831","142.9919","142.0","KOLORA WOORIWYRITE, AS","7",",a","2",",a","0",",a","19600306",",,a","16.0",",,a,06,","21.4",",,,a"
"ASN00090085","1960-04","-38.0831","142.9919","142.0","KOLORA WOORIWYRITE, AS","16",",a","8",",a","0",",a","19600421",",,a","24.6",",,a,21,","119.2",",,,a"
"ASN00090085","1960-05","-38.0831","142.9919","142.0","KOLORA WOORIWYRITE, AS","21",",a","12",",a","0",",a","19600507",",,a","22.1",",,a,07,","137.0",",,,a"
"ASN00090085","1960-06","-38.0831","142.9919","142.0","KOLORA WOORIWYRITE, AS","14",",a","4",",a","0",",a","19600611",",,a","17.8",",,a,11,","47.3",",,,a"
"ASN00090085","1960-07","-38.0831","142.9919","142.0","KOLORA WOORIWYRITE, AS","18",",a","9",",a","0",",a","19600719",",,a","21.6",",,a,19,","99.4",",,,a"
"ASN00090085","1960-08","-38.0831","142.9919","142.0","KOLORA WOORIWYRITE, AS","17",",a","10",",a","0",",a","19600830",",,a","15.2",",,a,30,","81.9",",,,a"
"ASN00090085","1960-09","-38.0831","142.9919","142.0","KOLORA WOORIWYRITE, AS","19",",a","8",",a","1",",a","19600926",",,a","34.3",",,a,26,","94.0",",,,a"
"ASN00090085","1960-10","-38.0831","142.9919","142.0","KOLORA WOORIWYRITE, AS","10","2,a","6","2,a","0","2,a","19601007",",2,a","8.9","2,,a,07,","42.5",",a,,a"
"ASN00090085","1960-11","-38.0831","142.9919","142.0","KOLORA WOORIWYRITE, AS","14",",a","7",",a","1",",a","19601121",",,a","31.2",",,a,21,","90.9",",,,a"
"ASN00090085","1960-12","-38.0831","142.9919","142.0","KOLORA WOORIWYRITE, AS","6",",a","4",",a","0",",a","19601204",",,a","6.9",",,a,04,","24.3",",,,a"
"ASN00090085","1961-01","-38.0831","142.9919","142.0","KOLORA WOORIWYRITE, AS","2",",a","1",",a","0",",a","19610101",",,a","2.8",",,a,01,","5.1",",,,a"
"ASN00090085","1961-02","-38.0831","142.9919","142.0","KOLORA WOORIWYRITE, AS","4",",a","2",",a","1",",a","19610223",",,a","62.2",",,a,23,","68.3",",,,a"
"ASN00090085","1961-03","-38.0831","142.9919","142.0","KOLORA WOORIWYRITE, AS","7",",a","4",",a","0",",a","19610301",",,a","13.7",",,a,01,","31.7",",,,a"
"ASN00090085","1961-04","-38.0831","142.9919","142.0","KOLORA WOORIWYRITE, AS","12",",a","7",",a","1",",a","19610423",",,a","62.5",",,a,23,","119.9",",,,a"
"ASN00090085","1961-05","-38.0831","142.9919","142.0","KOLORA WOORIWYRITE, AS","10",",a","5",",a","0",",a","19610503",",,a","18.3",",,a,03,","56.1",",,,a"
"ASN00090085","1961-06","-38.0831","142.9919","142.0","KOLORA WOORIWYRITE, AS","13",",a","9",",a","0",",a","19610617",",,a","10.2",",,a,17,","59.5",",,,a"
"ASN00090085","1961-07","-38.0831","142.9919","142.0","KOLORA WOORIWYRITE, AS","15",",a","8",",a","0",",a","19610707",",,a","10.9",",,a,07,","60.0",",,,a"
"ASN00090085","1961-08","-38.0831","142.9919","142.0","KOLORA WOORIWYRITE, AS","10",",a","8",",a","0",",a","19610823",",,a","21.8",",,a,23,","71.8",",,,a"
"ASN00090085","1961-09","-38.0831","142.9919","142.0","KOLORA WOORIWYRITE, AS","9",",a","3",",a","0",",a","19610915",",,a","17.3",",,a,15,","44.3",",,,a"
"ASN00090085","1961-10","-38.0831","142.9919","142.0","KOLORA WOORIWYRITE, AS","7",",a","5",",a","0",",a","19611011",",,a","22.1",",,a,11,","46.8",",,,a"
"ASN00090085","1961-11","-38.0831","142.9919","142.0","KOLORA WOORIWYRITE, AS","8",",a","6",",a","0",",a","19611130",",,a","5.6",",,a,30,","21.8",",,,a"
"ASN00090085","1961-12","-38.0831","142.9919","142.0","KOLORA WOORIWYRITE, AS","9",",a","8",",a","1",",a","19611215",",,a","27.4",",,a,15,","73.0",",,,a"
"ASN00090085","1962-01","-38.0831","142.9919","142.0","KOLORA WOORIWYRITE, AS","5",",a","3",",a","0",",a","19620120",",,a","14.0",",,a,20,","28.2",",,,a"
"ASN00090085","1962-02","-38.0831","142.9919","142.0","KOLORA WOORIWYRITE, AS","6",",a","4",",a","0",",a","19620214",",,a","8.6",",,a,14,","27.8",",,,a"
"ASN00090085","1962-03","-38.0831","142.9919","142.0","KOLORA WOORIWYRITE, AS","8",",a","6",",a","0",",a","19620328",",,a","23.9",",,a,28,","61.1",",,,a"
"ASN00090085","1962-04","-38.0831","142.9919","142.0","KOLORA WOORIWYRITE, AS","2",",a","1",",a","0",",a","19620429",",,a","11.2",",,a,29,","12.7",",,,a"
"ASN00090085","1962-05","-38.0831","142.9919","142.0","KOLORA WOORIWYRITE, AS","18",",a","10",",a","0",",a","19620525",",,a","14.7",",,a,25,","77.5",",,,a"
"ASN00090085","1962-06","-38.0831","142.9919","142.0","KOLORA WOORIWYRITE, AS","16",",a","10",",a","0",",a","19620602",",,a","21.6",",,a,02,","80.0",",,,a"
"ASN00090085","1962-07","-38.0831","142.9919","142.0","KOLORA WOORIWYRITE, AS","13",",a","7",",a","0",",a","19620727",",,a","8.9",",,a,27,","39.4",",,,a"
"ASN00090085","1962-08","-38.0831","142.9919","142.0","KOLORA WOORIWYRITE, AS","16",",a","9",",a","0",",a","19620802",",,a","10.7",",,a,02,","66.3",",,,a"
"ASN00090085","1962-09","-38.0831","142.9919","142.0","KOLORA WOORIWYRITE, AS","14",",a","8",",a","0",",a","19620928",",,a","14.5",",,a,28,","64.2",",,,a"
"ASN00090085","1962-10","-38.0831","142.9919","142.0","KOLORA WOORIWYRITE, AS","18",",a","12",",a","0",",a","19621005",",,a","15.7",",,a,05,","88.7",",,,a"
"ASN00090085","1962-11","-38.0831","142.9919","142.0","KOLORA WOORIWYRITE, AS","9",",a","2",",a","0",",a","19621111",",,a","9.9",",,a,11,","22.2",",,,a"
"ASN00090085","1962-12","-38.0831","142.9919","142.0","KOLORA WOORIWYRITE, AS","7",",a","4",",a","0",",a","19621210",",,a","8.1",",,a,10,","21.9",",,,a"
"ASN00090085","1963-01","-38.0831","142.9919","142.0","KOLORA WOORIWYRITE, AS","12",",a","6",",a","2",",a","19630113",",,a","42.2",",,a,13,","113.7",",,,a"
"ASN00090085","1963-02","-38.0831","142.9919","142.0","KOLORA WOORIWYRITE, AS","6",",a","3",",a","0",",a","19630211",",,a","6.9",",,a,11,","15.0",",,,a"
"ASN00090085","1963-03","-38.0831","142.9919","142.0","KOLORA WOORIWYRITE, AS","9",",a","5",",a","0",",a","19630329",",,a","7.6",",,a,29,","24.0",",,,a"
"ASN00090085","1963-04","-38.0831","142.9919","142.0","KOLORA WOORIWYRITE, AS","2",",a","0",",a","0",",a","19630430","+,,a","1.5",",,a,30,+","3.0",",,,a"
"ASN00090085","1963-05","-38.0831","142.9919","142.0","KOLORA WOORIWYRITE, AS","12",",a","9",",a","1",",a","19630516",",,a","33.8",",,a,16,","115.9",",,,a"
"ASN00090085","1963-06","-38.0831","142.9919","142.0","KOLORA WOORIWYRITE, AS","14",",a","8",",a","0",",a","19630602",",,a","10.2",",,a,02,","47.7",",,,a"
"ASN00090085","1963-07","-38.0831","142.9919","142.0","KOLORA WOORIWYRITE, AS","16",",a","10",",a","0",",a","19630713",",,a","15.7",",,a,13,","92.4",",,,a"
"ASN00090085","1963-08","-38.0831","142.9919","142.0","KOLORA WOORIWYRITE, AS","14",",a","7",",a","0",",a","19630825",",,a","8.1",",,a,25,","49.4",",,,a"
"ASN00090085","1963-09","-38.0831","142.9919","142.0","KOLORA WOORIWYRITE, AS","14",",a","9",",a","0",",a","19630929",",,a","18.3",",,a,29,","75.2",",,,a"
"ASN00090085","1963-10","-38.0831","142.9919","142.0","KOLORA WOORIWYRITE, AS","11",",a","4",",a","0",",a","19631024",",,a","9.1",",,a,24,","33.3",",,,a"
"ASN00090085","1963-11","-38.0831","142.9919","142.0","KOLORA WOORIWYRITE, AS","9",",a","2",",a","0",",a","19631108",",,a","8.1",",,a,08,","18.4",",,,a"
"ASN00090085","1963-12","-38.0831","142.9919","142.0","KOLORA WOORIWYRITE, AS","5",",a","0",",a","0",",a","19631206",",,a","2.3",",,a,06,","7.6",",,,a"
"ASN00090085","1964-01","-38.0831","142.9919","142.0","KOLORA WOORIWYRITE, AS","7",",a","4",",a","0",",a","19640115",",,a","5.8",",,a,15,","19.5",",,,a"
"ASN00090085","1964-02","-38.0831","142.9919","142.0","KOLORA WOORIWYRITE, AS","11",",a","7",",a","1",",a","19640212",",,a","29.5",",,a,12,","90.8",",,,a"
"ASN00090085","1964-03","-38.0831","142.9919","142.0","KOLORA WOORIWYRITE, AS","8",",a","2",",a","0",",a","19640324",",,a","16.3",",,a,24,","36.8",",,,a"
"ASN00090085","1964-04","-38.0831","142.9919","142.0","KOLORA WOORIWYRITE, AS","10","2,a","4","2,a","1","2,a","19640421",",2,a","29.2","2,,a,21,","84.8",",a,,a"
"ASN00090085","1964-05","-38.0831","142.9919","142.0","KOLORA WOORIWYRITE, AS","15",",a","8",",a","0",",a","19640526",",,a","14.7",",,a,26,","57.5",",,,a"
"ASN00090085","1964-06","-38.0831","142.9919","142.0","KOLORA WOORIWYRITE, AS","19",",a","12",",a","0",",a","19640625",",,a","12.2",",,a,25,","85.3",",,,a"
"ASN00090085","1964-07","-38.0831","142.9919","142.0","KOLORA WOORIWYRITE, AS","19",",a","11",",a","2",",a","19640712",",,a","26.9",",,a,12,","153.1",",,,a"
"ASN00090085","1964-08","-38.0831","142.9919","142.0","KOLORA WOORIWYRITE, AS","19","2,a","8","2,a","0","2,a","19640801",",2,a","14.7","2,,a,01,","88.7",",a,,a"
"ASN00090085","1964-09","-38.0831","142.9919","142.0","KOLORA WOORIWYRITE, AS","16","2,a","9","2,a","0","2,a","19640904",",2,a","16.0","2,,a,04,","88.8",",a,,a"
"ASN00090085","1964-10","-38.0831","142.9919","142.0","KOLORA WOORIWYRITE, AS","18",",a","11",",a","0",",a","19641017",",,a","24.4",",,a,17,","115.5",",,,a"
"ASN00090085","1964-11","-38.0831","142.9919","142.0","KOLORA WOORIWYRITE, AS","8","2,a","6","2,a","1","2,a","19641118",",2,a","37.8","2,,a,18,","74.6",",a,,a"
"ASN00090085","1964-12","-38.0831","142.9919","142.0","KOLORA WOORIWYRITE, AS","20",",a","7",",a","0",",a","19641223",",,a","24.1",",,a,23,","80.0",",,,a"
"ASN00090085","1965-01","-38.0831","142.9919","142.0","KOLORA WOORIWYRITE, AS","7",",a","1",",a","0",",a","19650118",",,a","8.1",",,a,18,","11.4",",,,a"
"ASN00090085","1965-02","-38.0831","142.9919","142.0","KOLORA WOORIWYRITE, AS","1",",a","0",",a","0",",a","19650210",",,a","0.5",",,a,10,","0.5",",,,a"
"ASN00090085","1965-03","-38.0831","142.9919","142.0","KOLORA WOORIWYRITE, AS","7",",a","3",",a","0",",a","19650312",",,a","8.1",",,a,12,","19.0",",,,a"
"ASN00090085","1965-04","-38.0831","142.9919","142.0","KOLORA WOORIWYRITE, AS","12",",a","10",",a","0",",a","19650422",",,a","17.3",",,a,22,","67.0",",,,a"
"ASN00090085","1965-05","-38.0831","142.9919","142.0","KOLORA WOORIWYRITE, AS","17",",a","8",",a","0",",a","19650523",",,a","18.5",",,a,23,","77.0",",,,a"
"ASN00090085","1965-06","-38.0831","142.9919","142.0","KOLORA WOORIWYRITE, AS","7",",a","4",",a","0",",a","19650622",",,a","12.7",",,a,22,","27.5",",,,a"
"ASN00090085","1965-07","-38.0831","142.9919","142.0","KOLORA WOORIWYRITE, AS","18",",a","10",",a","0",",a","19650717",",,a","18.5",",,a,17,","80.5",",,,a"
"ASN00090085","1965-08","-38.0831","142.9919","142.0","KOLORA WOORIWYRITE, AS","18",",a","10",",a","0",",a","19650815",",,a","11.7",",,a,15,","57.6",",,,a"
"ASN00090085","1965-09","-38.0831","142.9919","142.0","KOLORA WOORIWYRITE, AS","13",",a","7",",a","1",",a","19650904",",,a","26.2",",,a,04,","54.7",",,,a"
"ASN00090085","1965-10","-38.0831","142.9919","142.0","KOLORA WOORIWYRITE, AS","7",",a","3",",a","0",",a","19651008",",,a","5.3",",,a,08,","17.0",",,,a"
"ASN00090085","1965-11","-38.0831","142.9919","142.0","KOLORA WOORIWYRITE, AS","17",",a","11",",a","0",",a","19651124",",,a","15.7",",,a,24,","79.5",",,,a"
"ASN00090085","1965-12","-38.0831","142.9919","142.0","KOLORA WOORIWYRITE, AS","12",",a","5",",a","0",",a","19651202",",,a","22.4",",,a,02,","74.7",",,,a"
"ASN00090085","1966-01","-38.0831","142.9919","142.0","KOLORA WOORIWYRITE, AS","7",",a","3",",a","0",",a","19660130","+,,a","3.3",",,a,30,+","12.5",",,,a"
"ASN00090085","1966-02","-38.0831","142.9919","142.0","KOLORA WOORIWYRITE, AS","8",",a","2",",a","0",",a","19660214",",,a","13.7",",,a,14,","26.2",",,,a"
"ASN00090085","1966-03","-38.0831","142.9919","142.0","KOLORA WOORIWYRITE, AS","13",",a","5",",a","1",",a","19660316",",,a","25.7",",,a,16,","57.1",",,,a"
"ASN00090085","1966-04","-38.0831","142.9919","142.0","KOLORA WOORIWYRITE, AS","13",",a","6",",a","0",",a","19660408",",,a","14.7",",,a,08,","49.1",",,,a"
"ASN00090085","1966-05","-38.0831","142.9919","142.0","KOLORA WOORIWYRITE, AS","13",",a","5",",a","0",",a","19660520",",,a","7.1",",,a,20,","26.1",",,,a"
"ASN00090085","1966-06","-38.0831","142.9919","142.0","KOLORA WOORIWYRITE, AS","13",",a","5",",a","0",",a","19660625",",,a","11.9",",,a,25,","39.0",",,,a"
"ASN00090085","1966-07","-38.0831","142.9919","142.0","KOLORA WOORIWYRITE, AS","20",",a","10",",a","0",",a","19660715",",,a","13.7",",,a,15,","84.6",",,,a"
"ASN00090085","1966-08","-38.0831","142.9919","142.0","KOLORA WOORIWYRITE, AS","15",",a","11",",a","1",",a","19660812",",,a","37.6",",,a,12,","129.7",",,,a"
"ASN00090085","1966-09","-38.0831","142.9919","142.0","KOLORA WOORIWYRITE, AS","14",",a","7",",a","0",",a","19660916",",,a","9.1",",,a,16,","44.8",",,,a"
"ASN00090085","1966-10","-38.0831","142.9919","142.0","KOLORA WOORIWYRITE, AS","13",",a","7",",a","0",",a","19661021",",,a","11.2",",,a,21,","44.2",",,,a"
"ASN00090085","1966-11","-38.0831","142.9919","142.0","KOLORA WOORIWYRITE, AS","9",",a","5",",a","0",",a","19661113",",,a","11.4",",,a,13,","34.9",",,,a"
"ASN00090085","1966-12","-38.0831","142.9919","142.0","KOLORA WOORIWYRITE, AS","12",",a","10",",a","0",",a","19661213",",,a","24.9",",,a,13,","106.4",",,,a"
"ASN00090085","1967-01","-38.0831","142.9919","142.0","KOLORA WOORIWYRITE, AS","5",",a","2",",a","0",",a","19670113",",,a","13.5",",,a,13,","27.0",",,,a"
"ASN00090085","1967-02","-38.0831","142.9919","142.0","KOLORA WOORIWYRITE, AS","4",",a","1",",a","0",",a","19670225",",,a","12.4",",,a,25,","14.2",",,,a"
"ASN00090085","1967-03","-38.0831","142.9919","142.0","KOLORA WOORIWYRITE, AS","8",",a","1",",a","0",",a","19670323",",,a","8.1",",,a,23,","13.9",",,,a"
"ASN00090085","1967-04","-38.0831","142.9919","142.0","KOLORA WOORIWYRITE, AS","11",",a","1",",a","0",",a","19670422",",,a","4.3",",,a,22,","13.3",",,,a"
"ASN00090085","1967-05","-38.0831","142.9919","142.0","KOLORA WOORIWYRITE, AS","10",",a","2",",a","0",",a","19670519",",,a","6.9",",,a,19,","15.9",",,,a"
"ASN00090085","1967-06","-38.0831","142.9919","142.0","KOLORA WOORIWYRITE, AS","11",",a","4",",a","0",",a","19670610",",,a","5.8",",,a,10,","21.4",",,,a"
"ASN00090085","1967-07","-38.0831","142.9919","142.0","KOLORA WOORIWYRITE, AS","20",",a","8",",a","0",",a","19670715",",,a","10.2",",,a,15,","51.5",",,,a"
"ASN00090085","1967-08","-38.0831","142.9919","142.0","KOLORA WOORIWYRITE, AS","20",",a","12",",a","0",",a","19670813",",,a","15.7",",,a,13,","87.8",",,,a"
"ASN00090085","1967-09","-38.0831","142.9919","142.0","KOLORA WOORIWYRITE, AS","14",",a","8",",a","0",",a","19670920",",,a","9.4",",,a,20,","40.8",",,,a"
"ASN00090085","1967-10","-38.0831","142.9919","142.0","KOLORA WOORIWYRITE, AS","8",",a","3",",a","0",",a","19671007",",,a","4.1",",,a,07,","15.6",",,,a"
"ASN00090085","1967-11","-38.0831","142.9919","142.0","KOLORA WOORIWYRITE, AS","9",",a","4",",a","0",",a","19671126",",,a","7.6",",,a,26,","23.6",",,,a"
"ASN00090085","1967-12","-38.0831","142.9919","142.0","KOLORA WOORIWYRITE, AS","11",",a","7",",a","1",",a","19671230",",,a","25.4",",,a,30,","60.5",",,,a"
"ASN00090085","1968-01","-38.0831","142.9919","142.0","KOLORA WOORIWYRITE, AS","5",",a","2",",a","0",",a","19680120",",,a","4.3",",,a,20,","10.9",",,,a"
"ASN00090085","1968-02","-38.0831","142.9919","142.0","KOLORA WOORIWYRITE, AS","8",",a","2",",a","0",",a","19680221",",,a","9.7",",,a,21,","18.3",",,,a"
"ASN00090085","1968-03","-38.0831","142.9919","142.0","KOLORA WOORIWYRITE, AS","13",",a","7",",a","0",",a","19680331","+,,a","7.1",",,a,31,+","37.9",",,,a"
"ASN00090085","1968-04","-38.0831","142.9919","142.0","KOLORA WOORIWYRITE, AS","17",",a","8",",a","0",",a","19680429",",,a","18.3",",,a,29,","69.2",",,,a"
"ASN00090085","1968-05","-38.0831","142.9919","142.0","KOLORA WOORIWYRITE, AS","24",",a","15",",a","0",",a","19680524",",,a","19.8",",,a,24,","124.7",",,,a"
"ASN00090085","1968-06","-38.0831","142.9919","142.0","KOLORA WOORIWYRITE, AS","20",",a","9",",a","0",",a","19680621",",,a","17.0",",,a,21,","65.2",",,,a"
"ASN00090085","1968-07","-38.0831","142.9919","142.0","KOLORA WOORIWYRITE, AS","16",",a","9",",a","0",",a","19680722",",,a","15.5",",,a,22,","67.1",",,,a"
"ASN00090085","1968-08","-38.0831","142.9919","142.0","KOLORA WOORIWYRITE, AS","22",",a","11",",a","0",",a","19680828",",,a","10.9",",,a,28,","68.5",",,,a"
"ASN00090085","1968-09","-38.0831","142.9919","142.0","KOLORA WOORIWYRITE, AS","12",",a","5",",a","0",",a","19680924",",,a","7.4",",,a,24,","31.1",",,,a"
"ASN00090085","1968-10","-38.0831","142.9919","142.0","KOLORA WOORIWYRITE, AS","19",",a","12",",a","0",",a","19681007",",,a","14.7",",,a,07,","91.8",",,,a"
"ASN00090085","1968-11","-38.0831","142.9919","142.0","KOLORA WOORIWYRITE, AS","17",",a","10",",a","0",",a","19681102",",,a","10.2",",,a,02,","73.1",",,,a"
"ASN00090085","1968-12","-38.0831","142.9919","142.0","KOLORA WOORIWYRITE, AS","6",",a","4",",a","0",",a","19681216",",,a","14.7",",,a,16,","26.7",",,,a"
"ASN00090085","1969-01","-38.0831","142.9919","142.0","KOLORA WOORIWYRITE, AS","7","2,a","1","2,a","0","2,a","19690115",",2,a","4.6","2,,a,15,","24.7",",a,,a"
"ASN00090085","1969-02","-38.0831","142.9919","142.0","KOLORA WOORIWYRITE, AS","14",",a","7",",a","0",",a","19690213",",,a","19.1",",,a,13,","60.4",",,,a"
"ASN00090085","1969-03","-38.0831","142.9919","142.0","KOLORA WOORIWYRITE, AS","11",",a","5",",a","2",",a","19690325",",,a","29.5",",,a,25,","90.5",",,,a"
"ASN00090085","1969-04","-38.0831","142.9919","142.0","KOLORA WOORIWYRITE, AS","9",",a","3",",a","0",",a","19690419",",,a","19.3",",,a,19,","32.1",",,,a"
"ASN00090085","1969-05","-38.0831","142.9919","142.0","KOLORA WOORIWYRITE, AS","17",",a","8",",a","0",",a","19690531",",,a","19.6",",,a,31,","74.0",",,,a"
"ASN00090085","1969-06","-38.0831","142.9919","142.0","KOLORA WOORIWYRITE, AS","7",",a","1",",a","0",",a","19690624",",,a","3.3",",,a,24,","9.8",",,,a"
"ASN00090085","1969-07","-38.0831","142.9919","142.0","KOLORA WOORIWYRITE, AS","15",",a","9",",a","0",",a","19690722",",,a","9.1",",,a,22,","48.1",",,,a"
"ASN00090085","1969-08","-38.0831","142.9919","142.0","KOLORA WOORIWYRITE, AS","11",",a","8",",a","1",",a","19690828",",,a","35.6",",,a,28,","80.0",",,,a"
"ASN00090085","1969-09","-38.0831","142.9919","142.0","KOLORA WOORIWYRITE, AS","22",",a","12",",a","0",",a","19690906",",,a","9.7",",,a,06,","83.8",",,,a"
"ASN00090085","1969-10","-38.0831","142.9919","142.0","KOLORA WOORIWYRITE, AS","9",",a","4",",a","0",",a","19691029",",,a","24.6",",,a,29,","56.0",",,,a"
"ASN00090085","1969-11","-38.0831","142.9919","142.0","KOLORA WOORIWYRITE, AS","14",",a","8",",a","0",",a","19691105",",,a","7.9",",,a,05,","44.0",",,,a"
"ASN00090085","1969-12","-38.0831","142.9919","142.0","KOLORA WOORIWYRITE, AS","14",",a","8",",a","0",",a","19691224",",,a","15.2",",,a,24,","50.7",",,,a"
"ASN00090085","1970-01","-38.0831","142.9919","142.0","KOLORA WOORIWYRITE, AS","13",",a","6",",a","0",",a","19700103",",,a","18.3",",,a,03,","49.3",",,,a"
"ASN00090085","1970-02","-38.0831","142.9919","142.0","KOLORA WOORIWYRITE, AS","3",",a","1",",a","0",",a","19700223",",,a","2.5",",,a,23,","5.8",",,,a"
"ASN00090085","1970-03","-38.0831","142.9919","142.0","KOLORA WOORIWYRITE, AS","9",",a","7",",a","0",",a","19700321",",,a","17.8",",,a,21,","62.3",",,,a"
"ASN00090085","1970-04","-38.0831","142.9919","142.0","KOLORA WOORIWYRITE, AS","15",",a","7",",a","1",",a","19700422",",,a","37.8",",,a,22,","100.9",",,,a"
"ASN00090085","1970-05","-38.0831","142.9919","142.0","KOLORA WOORIWYRITE, AS","17","2,a","8","2,a","0","2,a","19700506",",2,a","14.7","2,,a,06,","84.3",",a,,a"
"ASN00090085","1970-06","-38.0831","142.9919","142.0","KOLORA WOORIWYRITE, AS","18",",a","8",",a","0",",a","19700617",",,a","14.7",",,a,17,","58.9",",,,a"
"ASN00090085","1970-07","-38.0831","142.9919","142.0","KOLORA WOORIWYRITE, AS","22",",a","12",",a","0",",a","19700718",",,a","11.9",",,a,18,","76.3",",,,a"
"ASN00090085","1970-08","-38.0831","142.9919","142.0","KOLORA WOORIWYRITE, AS","22",",a","17",",a","0",",a","19700816",",,a","20.8",",,a,16,","130.4",",,,a"
"ASN00090085","1970-09","-38.0831","142.9919","142.0","KOLORA WOORIWYRITE, AS","16",",a","9",",a","0",",a","19700922","+,,a","7.1",",,a,22,+","53.1",",,,a"
"ASN00090085","1970-10","-38.0831","142.9919","142.0","KOLORA WOORIWYRITE, AS","14",",a","8",",a","0",",a","19701001",",,a","11.2",",,a,01,","55.0",",,,a"
"ASN00090085","1970-11","-38.0831","142.9919","142.0","KOLORA WOORIWYRITE, AS","9",",a","5",",a","2",",a","19701115",",,a","37.6",",,a,15,","111.5",",,,a"
"ASN00090085","1970-12","-38.0831","142.9919","142.0","KOLORA WOORIWYRITE, AS","10",",a","8",",a","0",",a","19701205",",,a","17.3",",,a,05,","60.4",",,,a"
"ASN00090085","1971-01","-38.0831","142.9919","142.0","KOLORA WOORIWYRITE, AS","9",",a","4",",a","1",",a","19710129",",,a","25.9",",,a,29,","61.0",",,,a"
"ASN00090085","1971-02","-38.0831","142.9919","142.0","KOLORA WOORIWYRITE, AS","8",",a","5",",a","0",",a","19710209",",,a","5.8",",,a,09,","27.4",",,,a"
"ASN00090085","1971-03","-38.0831","142.9919","142.0","KOLORA WOORIWYRITE, AS","8",",a","3",",a","0",",a","19710315",",,a","20.6",",,a,15,","36.7",",,,a"
"ASN00090085","1971-04","-38.0831","142.9919","142.0","KOLORA WOORIWYRITE, AS","14",",a","12",",a","1",",a","19710418",",,a","32.3",",,a,18,","101.6",",,,a"
"ASN00090085","1971-05","-38.0831","142.9919","142.0","KOLORA WOORIWYRITE, AS","15","2,a","9","2,a","0","2,a","19710505",",2,a","12.4","2,,a,05,","117.6",",a,,a"
"ASN00090085","1971-06","-38.0831","142.9919","142.0","KOLORA WOORIWYRITE, AS","22",",a","12",",a","0",",a","19710624",",,a","16.3",",,a,24,","88.0",",,,a"
"ASN00090085","1971-07","-38.0831","142.9919","142.0","KOLORA WOORIWYRITE, AS","20",",a","8",",a","0",",a","19710716",",,a","10.2",",,a,16,","51.2",",,,a"
"ASN00090085","1971-08","-38.0831","142.9919","142.0","KOLORA WOORIWYRITE, AS","20",",a","12",",a","0",",a","19710824",",,a","7.6",",,a,24,","60.6",",,,a"
"ASN00090085","1971-09","-38.0831","142.9919","142.0","KOLORA WOORIWYRITE, AS","15","4,a","7","4,a","0","4,a","19710910",",4,a","17.3","4,,a,10,","82.0",",a,,a"
"ASN00090085","1971-10","-38.0831","142.9919","142.0","KOLORA WOORIWYRITE, AS","25",",a","14",",a","0",",a","19711004",",,a","18.5",",,a,04,","114.4",",,,a"
"ASN00090085","1971-11","-38.0831","142.9919","142.0","KOLORA WOORIWYRITE, AS","18",",a","9",",a","1",",a","19711114",",,a","26.2",",,a,14,","120.4",",,,a"
"ASN00090085","1971-12","-38.0831","142.9919","142.0","KOLORA WOORIWYRITE, AS","11","2,a","7","2,a","0","2,a","19711210",",2,a","22.1","2,,a,10,","59.6",",a,,a"
"ASN00090085","1972-01","-38.0831","142.9919","142.0","KOLORA WOORIWYRITE, AS","7",",a","5",",a","1",",a","19720113",",,a","26.2",",,a,13,","46.1",",,,a"
"ASN00090085","1972-02","-38.0831","142.9919","142.0","KOLORA WOORIWYRITE, AS","9","2,a","6","2,a","1","2,a","19720216",",2,a","30.5","2,,a,16,","85.1",",a,,a"
"ASN00090085","1972-03","-38.0831","142.9919","142.0","KOLORA WOORIWYRITE, AS","7",",a","2",",a","1",",a","19720302",",,a","27.2",",,a,02,","39.0",",,,a"
"ASN00090085","1972-04","-38.0831","142.9919","142.0","KOLORA WOORIWYRITE, AS","10",",a","7",",a","1",",a","19720424",",,a","59.7",",,a,24,","109.0",",,,a"
"ASN00090085","1972-05","-38.0831","142.9919","142.0","KOLORA WOORIWYRITE, AS","9","2,a","3","2,a","0","2,a","19720519",",2,a","14.0","2,,a,19,","34.9",",a,,a"
"ASN00090085","1972-06","-38.0831","142.9919","142.0","KOLORA WOORIWYRITE, AS","8",",a","5",",a","0",",a","19720629",",,a","10.7",",,a,29,","34.8",",,,a"
"ASN00090085","1972-07","-38.0831","142.9919","142.0","KOLORA WOORIWYRITE, AS","20","2,a","15","2,a","1","2,a","19720707",",2,a","26.7","2,,a,07,","117.2",",a,,a"
"ASN00090085","1972-08","-38.0831","142.9919","142.0","KOLORA WOORIWYRITE, AS","18",",a","11",",a","0",",a","19720810",",,a","12.7",",,a,10,","73.2",",,,a"
"ASN00090085","1972-09","-38.0831","142.9919","142.0","KOLORA WOORIWYRITE, AS","6",",a","4",",a","0",",a","19720907",",,a","8.9",",,a,07,","27.4",",,,a"
"ASN00090085","1972-10","-38.0831","142.9919","142.0","KOLORA WOORIWYRITE, AS","14",",a","3",",a","0",",a","19721012",",,a","18.0",",,a,12,","49.8",",,,a"
"ASN00090085","1972-11","-38.0831","142.9919","142.0","KOLORA WOORIWYRITE, AS","13",",a","8",",a","0",",a","19721110",",,a","21.3",",,a,10,","59.0",",,,a"
"ASN00090085","1972-12","-38.0831","142.9919","142.0","KOLORA WOORIWYRITE, AS","6",",a","0",",a","0",",a","19721225",",,a","1.5",",,a,25,","4.8",",,,a"
"ASN00090085","1973-01","-38.0831","142.9919","142.0","KOLORA WOORIWYRITE, AS","6",",a","3",",a","0",",a","19730131",",,a","16.3",",,a,31,","29.8",",,,a"
"ASN00090085","1973-02","-38.0831","142.9919","142.0","KOLORA WOORIWYRITE, AS","8",",a","3",",a","2",",a","19730206",",,a","77.7",",,a,06,","115.0",",,,a"
"ASN00090085","1973-03","-38.0831","142.9919","142.0","KOLORA WOORIWYRITE, AS","14",",a","5",",a","0",",a","19730328",",,a","21.8",",,a,28,","67.8",",,,a"
"ASN00090085","1973-04","-38.0831","142.9919","142.0","KOLORA WOORIWYRITE, AS","13",",a","7",",a","0",",a","19730420",",,a","23.9",",,a,20,","55.6",",,,a"
"ASN00090085","1973-05","-38.0831","142.9919","142.0","KOLORA WOORIWYRITE, AS","21",",a","12",",a","0",",a","19730503",",,a","16.8",",,a,03,","96.6",",,,a"
"ASN00090085","1973-06","-38.0831","142.9919","142.0","KOLORA WOORIWYRITE, AS","16",",a","7",",a","0",",a","19730615",",,a","16.8",",,a,15,","71.4",",,,a"
"ASN00090085","1973-07","-38.0831","142.9919","142.0","KOLORA WOORIWYRITE, AS","13",",a","6",",a","0",",a","19730712",",,a","8.1",",,a,12,","36.1",",,,a"
"ASN00090085","1973-08","-38.0831","142.9919","142.0","KOLORA WOORIWYRITE, AS","17",",a","10",",a","0",",a","19730805",",,a","14.0",",,a,05,","75.4",",,,a"
"ASN00090085","1973-09","-38.0831","142.9919","142.0","KOLORA WOORIWYRITE, AS","16",",a","11",",a","0",",a","19730919",",,a","14.0",",,a,19,","75.6",",,,a"
"ASN00090085","1973-10","-38.0831","142.9919","142.0","KOLORA WOORIWYRITE, AS","15",",a","9",",a","0",",a","19731027",",,a","23.9",",,a,27,","95.8",",,,a"
"ASN00090085","1973-11","-38.0831","142.9919","142.0","KOLORA WOORIWYRITE, AS","13",",a","8",",a","0",",a","19731128",",,a","15.2",",,a,28,","55.9",",,,a"
"ASN00090085","1973-12","-38.0831","142.9919","142.0","KOLORA WOORIWYRITE, AS","10",",a","6",",a","0",",a","19731222",",,a","17.8",",,a,22,","55.2",",,,a"
"ASN00090085","1974-01","-38.0831","142.9919","142.0","KOLORA WOORIWYRITE, AS","6",",a","1",",a","1",",a","19740114",",,a","44.4",",,a,14,","50.0",",,,a"
"ASN00090085","1974-02","-38.0831","142.9919","142.0","KOLORA WOORIWYRITE, AS","5",",a","1",",a","0",",a","19740218",",,a","11.4",",,a,18,","15.2",",,,a"
"ASN00090085","1974-03","-38.0831","142.9919","142.0","KOLORA WOORIWYRITE, AS","8",",a","1",",a","0",",a","19740331",",,a","10.0",",,a,31,","18.8",",,,a"
"ASN00090085","1974-04","-38.0831","142.9919","142.0","KOLORA WOORIWYRITE, AS","18",",a","11",",a","0",",a","19740430",",,a","24.4",",,a,30,","101.0",",,,a"
"ASN00090085","1974-05","-38.0831","142.9919","142.0","KOLORA WOORIWYRITE, AS","11",",a","6",",a","0",",a","19740513",",,a","21.2",",,a,13,","61.7",",,,a"
"ASN00090085","1974-06","-38.0831","142.9919","142.0","KOLORA WOORIWYRITE, AS","11",",a","3",",a","0",",a","19740620",",,a","10.0",",,a,20,","27.0",",,,a"
"ASN00090085","1974-07","-38.0831","142.9919","142.0","KOLORA WOORIWYRITE, AS","21",",a","14",",a","0",",a","19740717",",,a","15.5",",,a,17,","111.3",",,,a"
"ASN00090085","1974-08","-38.0831","142.9919","142.0","KOLORA WOORIWYRITE, AS","19",",a","14",",a","0",",a","19740830",",,a","17.6",",,a,30,","116.0",",,,a"
"ASN00090085","1974-09","-38.0831","142.9919","142.0","KOLORA WOORIWYRITE, AS","17",",a","11",",a","0",",a","19740905",",,a","20.6",",,a,05,","85.8",",,,a"
"ASN00090085","1974-10","-38.0831","142.9919","142.0","KOLORA WOORIWYRITE, AS","15",",a","10",",a","0",",a","19741025","+,,a","11.2",",,a,25,+","78.4",",,,a"
"ASN00090085","1974-11","-38.0831","142.9919","142.0","KOLORA WOORIWYRITE, AS","8",",a","6",",a","0",",a","19741112",",,a","14.6",",,a,12,","36.0",",,,a"
"ASN00090085","1974-12","-38.0831","142.9919","142.0","KOLORA WOORIWYRITE, AS","14",",a","6",",a","0",",a","19741211",",,a","13.4",",,a,11,","51.8",",,,a"
"ASN00090085","1975-01","-38.0831","142.9919","142.0","KOLORA WOORIWYRITE, AS","5",",a","3",",a","0",",a","19750111",",,a","13.2",",,a,11,","28.4",",,,a"
"ASN00090085","1975-02","-38.0831","142.9919","142.0","KOLORA WOORIWYRITE, AS","4",",a","1",",a","0",",a","19750220",",,a","3.4",",,a,20,","5.4",",,,a"
"ASN00090085","1975-03","-38.0831","142.9919","142.0","KOLORA WOORIWYRITE, AS","13",",a","8",",a","0",",a","19750319",",,a","13.4",",,a,19,","70.8",",,,a"
"ASN00090085","1975-04","-38.0831","142.9919","142.0","KOLORA WOORIWYRITE, AS","13",",a","5",",a","0",",a","19750405",",,a","7.2",",,a,05,","35.0",",,,a"
"ASN00090085","1975-05","-38.0831","142.9919","142.0","KOLORA WOORIWYRITE, AS","21",",a","8",",a","0",",a","19750526",",,a","22.8",",,a,26,","74.4",",,,a"
"ASN00090085","1975-06","-38.0831","142.9919","142.0","KOLORA WOORIWYRITE, AS","14",",a","6",",a","0",",a","19750605",",,a","11.4",",,a,05,","45.6",",,,a"
"ASN00090085","1975-07","-38.0831","142.9919","142.0","KOLORA WOORIWYRITE, AS","20",",a","12",",a","0",",a","19750731",",,a","21.6",",,a,31,","92.4",",,,a"
"ASN00090085","1975-08","-38.0831","142.9919","142.0","KOLORA WOORIWYRITE, AS","22",",a","14",",a","1",",a","19750823",",,a","42.0",",,a,23,","152.4",",,,a"
"ASN00090085","1975-09","-38.0831","142.9919","142.0","KOLORA WOORIWYRITE, AS","17",",a","14",",a","0",",a","19750903",",,a","24.6",",,a,03,","114.8",",,,a"
"ASN00090085","1975-10","-38.0831","142.9919","142.0","KOLORA WOORIWYRITE, AS","20",",a","12",",a","1",",a","19751025",",,a","25.6",",,a,25,","147.8",",,,a"
"ASN00090085","1975-11","-38.0831","142.9919","142.0","KOLORA WOORIWYRITE, AS","13",",a","11",",a","0",",a","19751123",",,a","10.4",",,a,23,","66.4",",,,a"
"ASN00090085","1975-12","-38.0831","142.9919","142.0","KOLORA WOORIWYRITE, AS","10",",a","4",",a","0",",a","19751215",",,a","4.4",",,a,15,","22.0",",,,a"
"ASN00090085","1976-01","-38.0831","142.9919","142.0","KOLORA WOORIWYRITE, AS","8",",a","2",",a","0",",a","19760125",",,a","5.0",",,a,25,","15.0",",,,a"
"ASN00090085","1976-02","-38.0831","142.9919","142.0","KOLORA WOORIWYRITE, AS","4",",a","3",",a","0",",a","19760229",",,a","18.6",",,a,29,","41.8",",,,a"
"ASN00090085","1976-03","-38.0831","142.9919","142.0","KOLORA WOORIWYRITE, AS","7",",a","3",",a","0",",a","19760301",",,a","15.8",",,a,01,","40.4",",,,a"
"ASN00090085","1976-04","-38.0831","142.9919","142.0","KOLORA WOORIWYRITE, AS","13",",a","6",",a","0",",a","19760429",",,a","7.6",",,a,29,","33.2",",,,a"
"ASN00090085","1976-05","-38.0831","142.9919","142.0","KOLORA WOORIWYRITE, AS","14",",a","4",",a","0",",a","19760523",",,a","9.8",",,a,23,","31.4",",,,a"
"ASN00090085","1976-06","-38.0831","142.9919","142.0","KOLORA WOORIWYRITE, AS","19",",a","9",",a","0",",a","19760628",",,a","14.6",",,a,28,","74.8",",,,a"
"ASN00090085","1976-07","-38.0831","142.9919","142.0","KOLORA WOORIWYRITE, AS","12",",a","4",",a","0",",a","19760731",",,a","9.2",",,a,31,","37.8",",,,a"
"ASN00090085","1976-08","-38.0831","142.9919","142.0","KOLORA WOORIWYRITE, AS","18",",a","10",",a","0",",a","19760807",",,a","14.8",",,a,07,","89.3",",,,a"
"ASN00090085","1976-09","-38.0831","142.9919","142.0","KOLORA WOORIWYRITE, AS","17",",a","11",",a","1",",a","19760921",",,a","31.2",",,a,21,","100.2",",,,a"
"ASN00090085","1976-10","-38.0831","142.9919","142.0","KOLORA WOORIWYRITE, AS","18",",a","11",",a","1",",a","19761016",",,a","31.6",",,a,16,","94.0",",,,a"
"ASN00090085","1976-11","-38.0831","142.9919","142.0","KOLORA WOORIWYRITE, AS","17",",a","8",",a","1",",a","19761103",",,a","29.8",",,a,03,","74.3",",,,a"
"ASN00090085","1976-12","-38.0831","142.9919","142.0","KOLORA WOORIWYRITE, AS","14",",a","8",",a","0",",a","19761216",",,a","12.2",",,a,16,","60.2",",,,a"
"ASN00090085","1977-01","-38.0831","142.9919","142.0","KOLORA WOORIWYRITE, AS","8",",a","7",",a","0",",a","19770114",",,a","22.6",",,a,14,","72.8",",,,a"
"ASN00090085","1977-02","-38.0831","142.9919","142.0","KOLORA WOORIWYRITE, AS","8",",a","3",",a","1",",a","19770225",",,a","74.8",",,a,25,","95.2",",,,a"
"ASN00090085","1977-03","-38.0831","142.9919","142.0","KOLORA WOORIWYRITE, AS","13",",a","5",",a","0",",a","19770315",",,a","7.6",",,a,15,","33.0",",,,a"
"ASN00090085","1977-04","-38.0831","142.9919","142.0","KOLORA WOORIWYRITE, AS","8",",a","3",",a","0",",a","19770407",",,a","4.2",",,a,07,","17.2",",,,a"
"ASN00090085","1977-05","-38.0831","142.9919","142.0","KOLORA WOORIWYRITE, AS","19",",a","9",",a","1",",a","19770531",",,a","28.6",",,a,31,","109.4",",,,a"
"ASN00090085","1977-06","-38.0831","142.9919","142.0","KOLORA WOORIWYRITE, AS","22",",a","11",",a","0",",a","19770617",",,a","15.2",",,a,17,","122.4",",,,a"
"ASN00090085","1977-07","-38.0831","142.9919","142.0","KOLORA WOORIWYRITE, AS","17",",a","7",",a","0",",a","19770727",",,a","20.0",",,a,27,","95.2",",,,a"
"ASN00090085","1977-08","-38.0831","142.9919","142.0","KOLORA WOORIWYRITE, AS","16",",a","9",",a","0",",a","19770822",",,a","13.2",",,a,22,","57.6",",,,a"
"ASN00090085","1977-09","-38.0831","142.9919","142.0","KOLORA WOORIWYRITE, AS","9",",a","5",",a","0",",a","19770910",",,a","12.4",",,a,10,","36.0",",,,a"
"ASN00090085","1977-10","-38.0831","142.9919","142.0","KOLORA WOORIWYRITE, AS","11",",a","6",",a","1",",a","19771003",",,a","27.4",",,a,03,","55.4",",,,a"
"ASN00090085","1977-11","-38.0831","142.9919","142.0","KOLORA WOORIWYRITE, AS","14",",a","8",",a","1",",a","19771129",",,a","40.2",",,a,29,","106.4",",,,a"
"ASN00090085","1977-12","-38.0831","142.9919","142.0","KOLORA WOORIWYRITE, AS","11",",a","4",",a","0",",a","19771227",",,a","6.8",",,a,27,","28.2",",,,a"
"ASN00090085","1978-01","-38.0831","142.9919","142.0","KOLORA WOORIWYRITE, AS","7",",a","2",",a","0",",a","19780130",",,a","9.4",",,a,30,","19.6",",,,a"
"ASN00090085","1978-02","-38.0831","142.9919","142.0","KOLORA WOORIWYRITE, AS","12",",a","4",",a","0",",a","19780211",",,a","5.2",",,a,11,","23.8",",,,a"
"ASN00090085","1978-03","-38.0831","142.9919","142.0","KOLORA WOORIWYRITE, AS","11",",a","5",",a","0",",a","19780313",",,a","11.4",",,a,13,","36.6",",,,a"
"ASN00090085","1978-04","-38.0831","142.9919","142.0","KOLORA WOORIWYRITE, AS","12",",a","6",",a","0",",a","19780411",",,a","23.6",",,a,11,","60.8",",,,a"
"ASN00090085","1978-05","-38.0831","142.9919","142.0","KOLORA WOORIWYRITE, AS","15",",a","9",",a","0",",a","19780518",",,a","10.4",",,a,18,","66.0",",,,a"
"ASN00090085","1978-06","-38.0831","142.9919","142.0","KOLORA WOORIWYRITE, AS","10",",a","5",",a","0",",a","19780604",",,a","20.6",",,a,04,","45.0",",,,a"
"ASN00090085","1978-07","-38.0831","142.9919","142.0","KOLORA WOORIWYRITE, AS","22",",a","14",",a","0",",a","19780706",",,a","20.0",",,a,06,","137.8",",,,a"
"ASN00090085","1978-08","-38.0831","142.9919","142.0","KOLORA WOORIWYRITE, AS","19",",a","11",",a","0",",a","19780807",",,a","22.4",",,a,07,","92.4",",,,a"
"ASN00090085","1978-09","-38.0831","142.9919","142.0","KOLORA WOORIWYRITE, AS","18",",a","8",",a","0",",a","19780918",",,a","18.0",",,a,18,","75.0",",,,a"
"ASN00090085","1978-10","-38.0831","142.9919","142.0","KOLORA WOORIWYRITE, AS","14",",a","8",",a","0",",a","19781027",",,a","20.6",",,a,27,","65.0",",,,a"
"ASN00090085","1978-11","-38.0831","142.9919","142.0","KOLORA WOORIWYRITE, AS","15",",a","6",",a","1",",a","19781119",",,a","49.6",",,a,19,","92.8",",,,a"
"ASN00090085","1978-12","-38.0831","142.9919","142.0","KOLORA WOORIWYRITE, AS","11",",a","9",",a","0",",a","19781213",",,a","16.2",",,a,13,","84.4",",,,a"
"ASN00090085","1979-01","-38.0831","142.9919","142.0","KOLORA WOORIWYRITE, AS","7",",a","5",",a","1",",a","19790121",",,a","29.4",",,a,21,","61.0",",,,a"
"ASN00090085","1979-02","-38.0831","142.9919","142.0","KOLORA WOORIWYRITE, AS","7",",a","2",",a","0",",a","19790204",",,a","4.0",",,a,04,","14.2",",,,a"
"ASN00090085","1979-03","-38.0831","142.9919","142.0","KOLORA WOORIWYRITE, AS","5",",a","4",",a","0",",a","19790328",",,a","8.0",",,a,28,","22.8",",,,a"
"ASN00090085","1979-04","-38.0831","142.9919","142.0","KOLORA WOORIWYRITE, AS","16",",a","7",",a","0",",a","19790422",",,a","7.0",",,a,22,","45.4",",,,a"
"ASN00090085","1979-05","-38.0831","142.9919","142.0","KOLORA WOORIWYRITE, AS","14",",a","8",",a","0",",a","19790503",",,a","13.2",",,a,03,","60.4",",,,a"
"ASN00090085","1979-06","-38.0831","142.9919","142.0","KOLORA WOORIWYRITE, AS","16",",a","6",",a","0",",a","19790629",",,a","19.2",",,a,29,","60.0",",,,a"
"ASN00090085","1979-07","-38.0831","142.9919","142.0","KOLORA WOORIWYRITE, AS","15",",a","7",",a","0",",a","19790701",",,a","5.0",",,a,01,","37.8",",,,a"
"ASN00090085","1979-08","-38.0831","142.9919","142.0","KOLORA WOORIWYRITE, AS","17",",a","11",",a","0",",a","19790827",",,a","17.4",",,a,27,","99.0",",,,a"
"ASN00090085","1979-09","-38.0831","142.9919","142.0","KOLORA WOORIWYRITE, AS","21",",a","12",",a","0",",a","19790925",",,a","15.6",",,a,25,","109.8",",,,a"
"ASN00090085","1979-10","-38.0831","142.9919","142.0","KOLORA WOORIWYRITE, AS","13",",a","8",",a","0",",a","19791010",",,a","24.4",",,a,10,","70.4",",,,a"
"ASN00090085","1979-11","-38.0831","142.9919","142.0","KOLORA WOORIWYRITE, AS","13",",a","6",",a","0",",a","19791111",",,a","23.6",",,a,11,","62.2",",,,a"
"ASN00090085","1979-12","-38.0831","142.9919","142.0","KOLORA WOORIWYRITE, AS","14",",a","4",",a","0",",a","19791217",",,a","5.4",",,a,17,","27.6",",,,a"
"ASN00090085","1980-01","-38.0831","142.9919","142.0","KOLORA WOORIWYRITE, AS","14",",a","8",",a","0",",a","19800113",",,a","12.4",",,a,13,","55.0",",,,a"
"ASN00090085","1980-02","-38.0831","142.9919","142.0","KOLORA WOORIWYRITE, AS","6",",a","0",",a","0",",a","19800206",",,a","2.4",",,a,06,","7.4",",,,a"
"ASN00090085","1980-03","-38.0831","142.9919","142.0","KOLORA WOORIWYRITE, AS","5",",a","3",",a","0",",a","19800308",",,a","5.6",",,a,08,","15.8",",,,a"
"ASN00090085","1980-04","-38.0831","142.9919","142.0","KOLORA WOORIWYRITE, AS","13",",a","5",",a","2",",a","19800423",",,a","70.0",",,a,23,","129.6",",,,a"
"ASN00090085","1980-05","-38.0831","142.9919","142.0","KOLORA WOORIWYRITE, AS","12",",a","8",",a","0",",a","19800520",",,a","19.6",",,a,20,","68.6",",,,a"
"ASN00090085","1980-06","-38.0831","142.9919","142.0","KOLORA WOORIWYRITE, AS","16",",a","10",",a","1",",a","19800629",",,a","29.6",",,a,29,","85.4",",,,a"
"ASN00090085","1980-07","-38.0831","142.9919","142.0","KOLORA WOORIWYRITE, AS","21",",a","16",",a","0",",a","19800704",",,a","13.6",",,a,04,","91.8",",,,a"
"ASN00090085","1980-08","-38.0831","142.9919","142.0","KOLORA WOORIWYRITE, AS","18",",a","11",",a","0",",a","19800815",",,a","15.6",",,a,15,","85.8",",,,a"
"ASN00090085","1980-09","-38.0831","142.9919","142.0","KOLORA WOORIWYRITE, AS","18",",a","11",",a","0",",a","19800909",",,a","11.2",",,a,09,","72.6",",,,a"
"ASN00090085","1980-10","-38.0831","142.9919","142.0","KOLORA WOORIWYRITE, AS","16",",a","11",",a","0",",a","19801006",",,a","24.6",",,a,06,","112.8",",,,a"
"ASN00090085","1980-11","-38.0831","142.9919","142.0","KOLORA WOORIWYRITE, AS","10",",a","7",",a","0",",a","19801103",",,a","10.2",",,a,03,","43.0",",,,a"
"ASN00090085","1980-12","-38.0831","142.9919","142.0","KOLORA WOORIWYRITE, AS","12",",a","6",",a","0",",a","19801213",",,a","12.2",",,a,13,","55.4",",,,a"
"ASN00090085","1981-01","-38.0831","142.9919","142.0","KOLORA WOORIWYRITE, AS","8",",a","4",",a","0",",a","19810128","+,,a","12.8",",,a,28,+","43.8",",,,a"
"ASN00090085","1981-02","-38.0831","142.9919","142.0","KOLORA WOORIWYRITE, AS","4",",a","2",",a","0",",a","19810205",",,a","9.6",",,a,05,","18.8",",,,a"
"ASN00090085","1981-03","-38.0831","142.9919","142.0","KOLORA WOORIWYRITE, AS","9",",a","6",",a","0",",a","19810321","+,,a","5.4",",,a,21,+","29.8",",,,a"
"ASN00090085","1981-04","-38.0831","142.9919","142.0","KOLORA WOORIWYRITE, AS","9",",a","3",",a","0",",a","19810402",",,a","5.4",",,a,02,","20.8",",,,a"
"ASN00090085","1981-05","-38.0831","142.9919","142.0","KOLORA WOORIWYRITE, AS","16",",a","9",",a","0",",a","19810506",",,a","18.6",",,a,06,","80.4",",,,a"
"ASN00090085","1981-06","-38.0831","142.9919","142.0","KOLORA WOORIWYRITE, AS","21",",a","12",",a","0",",a","19810627",",,a","13.6",",,a,27,","77.4",",,,a"
"ASN00090085","1981-07","-38.0831","142.9919","142.0","KOLORA WOORIWYRITE, AS","23",",a","17",",a","0",",a","19810704",",,a","18.4",",,a,04,","103.8",",,,a"
"ASN00090085","1981-08","-38.0831","142.9919","142.0","KOLORA WOORIWYRITE, AS","23",",a","16",",a","0",",a","19810821",",,a","13.2",",,a,21,","114.4",",,,a"
"ASN00090085","1981-09","-38.0831","142.9919","142.0","KOLORA WOORIWYRITE, AS","12",",a","3",",a","0",",a","19810927",",,a","13.2",",,a,27,","33.2",",,,a"
"ASN00090085","1981-10","-38.0831","142.9919","142.0","KOLORA WOORIWYRITE, AS","11",",a","6",",a","0",",a","19811003",",,a","17.2",",,a,03,","56.2",",,,a"
"ASN00090085","1981-11","-38.0831","142.9919","142.0","KOLORA WOORIWYRITE, AS","14",",a","8",",a","0",",a","19811110",",,a","6.6",",,a,10,","39.8",",,,a"
"ASN00090085","1981-12","-38.0831","142.9919","142.0","KOLORA WOORIWYRITE, AS","8",",a","1",",a","0",",a","19811213",",,a","7.4",",,a,13,","15.2",",,,a"
"ASN00090085","1982-01","-38.0831","142.9919","142.0","KOLORA WOORIWYRITE, AS","12",",a","6",",a","0",",a","19820107",",,a","15.4",",,a,07,","57.6",",,,a"
"ASN00090085","1982-02","-38.0831","142.9919","142.0","KOLORA WOORIWYRITE, AS","3",",a","1",",a","0",",a","19820216",",,a","6.4",",,a,16,","9.4",",,,a"
"ASN00090085","1982-03","-38.0831","142.9919","142.0","KOLORA WOORIWYRITE, AS","9",",a","4",",a","0",",a","19820323",",,a","13.6",",,a,23,","43.4",",,,a"
"ASN00090085","1982-04","-38.0831","142.9919","142.0","KOLORA WOORIWYRITE, AS","11",",a","4",",a","0",",a","19820428",",,a","7.2",",,a,28,","27.4",",,,a"
"ASN00090085","1982-05","-38.0831","142.9919","142.0","KOLORA WOORIWYRITE, AS","14",",a","10",",a","0",",a","19820531",",,a","18.2",",,a,31,","75.4",",,,a"
"ASN00090085","1982-06","-38.0831","142.9919","142.0","KOLORA WOORIWYRITE, AS","15",",a","8",",a","0",",a","19820621",",,a","12.2",",,a,21,","57.2",",,,a"
"ASN00090085","1982-07","-38.0831","142.9919","142.0","KOLORA WOORIWYRITE, AS","13",",a","6",",a","0",",a","19820729",",,a","9.0",",,a,29,","37.6",",,,a"
"ASN00090085","1982-08","-38.0831","142.9919","142.0","KOLORA WOORIWYRITE, AS","7",",a","0",",a","0",",a","19820813","+,,a","2.4",",,a,13,+","9.2",",,,a"
"ASN00090085","1982-09","-38.0831","142.9919","142.0","KOLORA WOORIWYRITE, AS","14",",a","6",",a","0",",a","19820909",",,a","15.2",",,a,09,","63.2",",,,a"
"ASN00090085","1982-10","-38.0831","142.9919","142.0","KOLORA WOORIWYRITE, AS","15",",a","5",",a","0",",a","19821021",",,a","7.6",",,a,21,","41.2",",,,a"
"ASN00090085","1982-11","-38.0831","142.9919","142.0","KOLORA WOORIWYRITE, AS","7",",a","2",",a","0",",a","19821118",",,a","7.6",",,a,18,","16.8",",,,a"
"ASN00090085","1982-12","-38.0831","142.9919","142.0","KOLORA WOORIWYRITE, AS","6",",a","4",",a","0",",a","19821208",",,a","22.0",",,a,08,","41.6",",,,a"
"ASN00090085","1983-01","-38.0831","142.9919","142.0","KOLORA WOORIWYRITE, AS","9",",a","4",",a","0",",a","19830127",",,a","15.6",",,a,27,","35.2",",,,a"
"ASN00090085","1983-02","-38.0831","142.9919","142.0","KOLORA WOORIWYRITE, AS","1",",a","1",",a","0",",a","19830222",",,a","4.4",",,a,22,","4.4",",,,a"
"ASN00090085","1983-03","-38.0831","142.9919","142.0","KOLORA WOORIWYRITE, AS","10",",a","6",",a","1",",a","19830322",",,a","33.6",",,a,22,","79.8",",,,a"
"ASN00090085","1983-04","-38.0831","142.9919","142.0","KOLORA WOORIWYRITE, AS","11",",a","6",",a","0",",a","19830424",",,a","17.8",",,a,24,","58.0",",,,a"
"ASN00090085","1983-05","-38.0831","142.9919","142.0","KOLORA WOORIWYRITE, AS","16",",a","12",",a","1",",a","19830503",",,a","29.6",",,a,03,","125.2",",,,a"
"ASN00090085","1983-06","-38.0831","142.9919","142.0","KOLORA WOORIWYRITE, AS","19",",a","10",",a","0",",a","19830608",",,a","21.4",",,a,08,","94.0",",,,a"
"ASN00090085","1983-07","-38.0831","142.9919","142.0","KOLORA WOORIWYRITE, AS","22",",a","8",",a","0",",a","19830703",",,a","9.2",",,a,03,","66.6",",,,a"
"ASN00090085","1983-08","-38.0831","142.9919","142.0","KOLORA WOORIWYRITE, AS","19",",a","12",",a","0",",a","19830817",",,a","14.0",",,a,17,","84.4",",,,a"
"ASN00090085","1983-09","-38.0831","142.9919","142.0","KOLORA WOORIWYRITE, AS","18",",a","12",",a","0",",a","19830914",",,a","19.6",",,a,14,","123.2",",,,a"
"ASN00090085","1983-10","-38.0831","142.9919","142.0","KOLORA WOORIWYRITE, AS","11",",a","5",",a","0",",a","19831015",",,a","16.6",",,a,15,","46.2",",,,a"
"ASN00090085","1983-11","-38.0831","142.9919","142.0","KOLORA WOORIWYRITE, AS","11",",a","10",",a","1",",a","19831128",",,a","27.0",",,a,28,","105.4",",,,a"
"ASN00090085","1983-12","-38.0831","142.9919","142.0","KOLORA WOORIWYRITE, AS","5",",a","3",",a","0",",a","19831207",",,a","4.2",",,a,07,","12.6",",,,a"
"ASN00090085","1984-01","-38.0831","142.9919","142.0","KOLORA WOORIWYRITE, AS","11",",a","6",",a","0",",a","19840125",",,a","7.2",",,a,25,","37.4",",,,a"
"ASN00090085","1984-02","-38.0831","142.9919","142.0","KOLORA WOORIWYRITE, AS","6",",a","2",",a","0",",a","19840228",",,a","8.8",",,a,28,","20.8",",,,a"
"ASN00090085","1984-03","-38.0831","142.9919","142.0","KOLORA WOORIWYRITE, AS","14",",a","7",",a","1",",a","19840325",",,a","37.6",",,a,25,","106.8",",,,a"
"ASN00090085","1984-04","-38.0831","142.9919","142.0","KOLORA WOORIWYRITE, AS","13",",a","7",",a","0",",a","19840418",",,a","8.2",",,a,18,","49.2",",,,a"
"ASN00090085","1984-05","-38.0831","142.9919","142.0","KOLORA WOORIWYRITE, AS","10",",a","6",",a","0",",a","19840504",",,a","6.4",",,a,04,","28.8",",,,a"
"ASN00090085","1984-06","-38.0831","142.9919","142.0","KOLORA WOORIWYRITE, AS","10",",a","2",",a","0",",a","19840601",",,a","8.8",",,a,01,","21.8",",,,a"
"ASN00090085","1984-07","-38.0831","142.9919","142.0","KOLORA WOORIWYRITE, AS","18",",a","10",",a","0",",a","19840704",",,a","19.4",",,a,04,","86.0",",,,a"
"ASN00090085","1984-08","-38.0831","142.9919","142.0","KOLORA WOORIWYRITE, AS","25",",a","16",",a","0",",a","19840828",",,a","16.8",",,a,28,","107.2",",,,a"
"ASN00090085","1984-09","-38.0831","142.9919","142.0","KOLORA WOORIWYRITE, AS","18",",a","15",",a","0",",a","19840917",",,a","19.6",",,a,17,","125.2",",,,a"
"ASN00090085","1984-10","-38.0831","142.9919","142.0","KOLORA WOORIWYRITE, AS","8",",a","5",",a","0",",a","19841017",",,a","12.4",",,a,17,","41.0",",,,a"
"ASN00090085","1984-11","-38.0831","142.9919","142.0","KOLORA WOORIWYRITE, AS","12",",a","8",",a","0",",a","19841121",",,a","16.6",",,a,21,","69.8",",,,a"
"ASN00090085","1984-12","-38.0831","142.9919","142.0","KOLORA WOORIWYRITE, AS","12",",a","7",",a","0",",a","19841220",",,a","13.2",",,a,20,","67.6",",,,a"
"ASN00090085","1985-01","-38.0831","142.9919","142.0","KOLORA WOORIWYRITE, AS","10",",a","2",",a","0",",a","19850103",",,a","3.6",",,a,03,","14.8",",,,a"
"ASN00090085","1985-02","-38.0831","142.9919","142.0","KOLORA WOORIWYRITE, AS","4",",a","1",",a","0",",a","19850207",",,a","5.4",",,a,07,","9.4",",,,a"
"ASN00090085","1985-03","-38.0831","142.9919","142.0","KOLORA WOORIWYRITE, AS","7",",a","3",",a","0",",a","19850317",",,a","17.6",",,a,17,","40.8",",,,a"
"ASN00090085","1985-04","-38.0831","142.9919","142.0","KOLORA WOORIWYRITE, AS","9",",a","8",",a","1",",a","19850402",",,a","33.2",",,a,02,","100.0",",,,a"
"ASN00090085","1985-05","-38.0831","142.9919","142.0","KOLORA WOORIWYRITE, AS","15",",a","7",",a","0",",a","19850518",",,a","8.6",",,a,18,","45.2",",,,a"
"ASN00090085","1985-06","-38.0831","142.9919","142.0","KOLORA WOORIWYRITE, AS","14",",a","8",",a","0",",a","19850605",",,a","23.6",",,a,05,","73.8",",,,a"
"ASN00090085","1985-07","-38.0831","142.9919","142.0","KOLORA WOORIWYRITE, AS","17",",a","11",",a","0",",a","19850715",",,a","15.0",",,a,15,","82.0",",,,a"
"ASN00090085","1985-08","-38.0831","142.9919","142.0","KOLORA WOORIWYRITE, AS","18",",a","13",",a","0",",a","19850816","+,,a","7.2",",,a,16,+","74.0",",,,a"
"ASN00090085","1985-09","-38.0831","142.9919","142.0","KOLORA WOORIWYRITE, AS","13",",a","4",",a","0",",a","19850902",",,a","15.6",",,a,02,","42.0",",,,a"
"ASN00090085","1985-10","-38.0831","142.9919","142.0","KOLORA WOORIWYRITE, AS","12",",a","7",",a","0",",a","19851024",",,a","11.4",",,a,24,","53.4",",,,a"
"ASN00090085","1985-11","-38.0831","142.9919","142.0","KOLORA WOORIWYRITE, AS","8",",a","5",",a","0",",a","19851106",",,a","22.6",",,a,06,","45.8",",,,a"
"ASN00090085","1985-12","-38.0831","142.9919","142.0","KOLORA WOORIWYRITE, AS","17",",a","10",",a","0",",a","19851207",",,a","18.8",",,a,07,","119.4",",,,a"
"ASN00090085","1986-01","-38.0831","142.9919","142.0","KOLORA WOORIWYRITE, AS","6",",a","3",",a","0",",a","19860116",",,a","11.2",",,a,16,","23.2",",,,a"
"ASN00090085","1986-02","-38.0831","142.9919","142.0","KOLORA WOORIWYRITE, AS","3",",a","1",",a","0",",a","19860219",",,a","8.8",",,a,19,","11.4",",,,a"
"ASN00090085","1986-03","-38.0831","142.9919","142.0","KOLORA WOORIWYRITE, AS","6",",a","2",",a","0",",a","19860308",",,a","4.2",",,a,08,","10.8",",,,a"
"ASN00090085","1986-04","-38.0831","142.9919","142.0","KOLORA WOORIWYRITE, AS","16",",a","9",",a","1",",a","19860416",",,a","29.4",",,a,16,","103.0",",,,a"
"ASN00090085","1986-05","-38.0831","142.9919","142.0","KOLORA WOORIWYRITE, AS","19",",a","9",",a","0",",a","19860509",",,a","16.6",",,a,09,","95.0",",,,a"
"ASN00090085","1986-06","-38.0831","142.9919","142.0","KOLORA WOORIWYRITE, AS","17",",a","9",",a","0",",a","19860620",",,a","15.4",",,a,20,","74.8",",,,a"
"ASN00090085","1986-07","-38.0831","142.9919","142.0","KOLORA WOORIWYRITE, AS","24",",a","11",",a","0",",a","19860723",",,a","19.8",",,a,23,","97.2",",,,a"
"ASN00090085","1986-08","-38.0831","142.9919","142.0","KOLORA WOORIWYRITE, AS","16",",a","7",",a","0",",a","19860817",",,a","7.4",",,a,17,","44.8",",,,a"
"ASN00090085","1986-09","-38.0831","142.9919","142.0","KOLORA WOORIWYRITE, AS","17",",a","10",",a","0",",a","19860917",",,a","20.0",",,a,17,","79.2",",,,a"
"ASN00090085","1986-10","-38.0831","142.9919","142.0","KOLORA WOORIWYRITE, AS","20",",a","13",",a","1",",a","19861022",",,a","25.6",",,a,22,","128.2",",,,a"
"ASN00090085","1986-11","-38.0831","142.9919","142.0","KOLORA WOORIWYRITE, AS","7",",a","4",",a","0",",a","19861105",",,a","12.4",",,a,05,","32.2",",,,a"
"ASN00090085","1986-12","-38.0831","142.9919","142.0","KOLORA WOORIWYRITE, AS","14",",a","6",",a","1",",a","19861217",",,a","28.4",",,a,17,","96.8",",,,a"
"ASN00090085","1987-01","-38.0831","142.9919","142.0","KOLORA WOORIWYRITE, AS","8",",a","3",",a","2",",a","19870104",",,a","32.0",",,a,04,","73.4",",,,a"
"ASN00090085","1987-02","-38.0831","142.9919","142.0","KOLORA WOORIWYRITE, AS","6",",a","4",",a","1",",a","19870220",",,a","38.4",",,a,20,","63.0",",,,a"
"ASN00090085","1987-03","-38.0831","142.9919","142.0","KOLORA WOORIWYRITE, AS","9",",a","7",",a","0",",a","19870330",",,a","16.8",",,a,30,","43.8",",,,a"
"ASN00090085","1987-04","-38.0831","142.9919","142.0","KOLORA WOORIWYRITE, AS","10",",a","5",",a","0",",a","19870429",",,a","10.4",",,a,29,","34.6",",,,a"
"ASN00090085","1987-05","-38.0831","142.9919","142.0","KOLORA WOORIWYRITE, AS","16",",a","10",",a","0",",a","19870513",",,a","23.6",",,a,13,","108.4",",,,a"
"ASN00090085","1987-06","-38.0831","142.9919","142.0","KOLORA WOORIWYRITE, AS","17",",a","8",",a","0",",a","19870622",",,a","13.8",",,a,22,","62.8",",,,a"
"ASN00090085","1987-07","-38.0831","142.9919","142.0","KOLORA WOORIWYRITE, AS","12",",a","8",",a","0",",a","19870719","+,,a","6.2",",,a,19,+","39.6",",,,a"
"ASN00090085","1987-08","-38.0831","142.9919","142.0","KOLORA WOORIWYRITE, AS","13","2,a","7","2,a","0","2,a","19870824",",2,a","9.4","2,,a,24,","45.4",",a,,a"
"ASN00090085","1987-09","-38.0831","142.9919","142.0","KOLORA WOORIWYRITE, AS","11",",a","6",",a","0",",a","19870903",",,a","9.4",",,a,03,","45.4",",,,a"
"ASN00090085","1987-10","-38.0831","142.9919","142.0","KOLORA WOORIWYRITE, AS","15",",a","6",",a","0",",a","19871019",",,a","11.6",",,a,19,","54.8",",,,a"
"ASN00090085","1987-11","-38.0831","142.9919","142.0","KOLORA WOORIWYRITE, AS","10",",a","3",",a","0",",a","19871120",",,a","8.2",",,a,20,","23.2",",,,a"
"ASN00090085","1987-12","-38.0831","142.9919","142.0","KOLORA WOORIWYRITE, AS","9",",a","4",",a","1",",a","19871202",",,a","50.6",",,a,02,","81.6",",,,a"
"ASN00090085","1988-01","-38.0831","142.9919","142.0","KOLORA WOORIWYRITE, AS","5",",a","2",",a","1",",a","19880101",",,a","31.6",",,a,01,","47.0",",,,a"
"ASN00090085","1988-02","-38.0831","142.9919","142.0","KOLORA WOORIWYRITE, AS","4",",a","1",",a","0",",a","19880206",",,a","10.8",",,a,06,","14.4",",,,a"
"ASN00090085","1988-03","-38.0831","142.9919","142.0","KOLORA WOORIWYRITE, AS","6","4,a","5","4,a","0","4,a","19880331",",4,a","23.8","4,,a,31,","49.4",",a,,a"
"ASN00090085","1988-04","-38.0831","142.9919","142.0","KOLORA WOORIWYRITE, AS","8",",a","3",",a","0",",a","19880424",",,a","12.2",",,a,24,","24.6",",,,a"
"ASN00090085","1988-05","-38.0831","142.9919","142.0","KOLORA WOORIWYRITE, AS","17",",a","8",",a","0",",a","19880505",",,a","25.0",",,a,05,","83.8",",,,a"
"ASN00090085","1988-06","-38.0831","142.9919","142.0","KOLORA WOORIWYRITE, AS","17",",a","7",",a","0",",a","19880607",",,a","23.0",",,a,07,","83.6",",,,a"
"ASN00090085","1988-07","-38.0831","142.9919","142.0","KOLORA WOORIWYRITE, AS","16","2,a","8","2,a","0","2,a","19880717",",2,a","6.4","2,,a,17,","53.4",",a,,a"
"ASN00090085","1988-08","-38.0831","142.9919","142.0","KOLORA WOORIWYRITE, AS","15",",a","8",",a","0",",a","19880816",",,a","18.2",",,a,16,","72.2",",,,a"
"ASN00090085","1988-09","-38.0831","142.9919","142.0","KOLORA WOORIWYRITE, AS","13",",a","8",",a","0",",a","19880912",",,a","18.4",",,a,12,","72.6",",,,a"
"ASN00090085","1988-11","-38.0831","142.9919","142.0","KOLORA WOORIWYRITE, AS","14",",a","7",",a","1",",a","19881122",",,a","29.8",",,a,22,","75.6",",,,a"
"ASN00090085","1988-12","-38.0831","142.9919","142.0","KOLORA WOORIWYRITE, AS","9",",a","6",",a","0",",a","19881204",",,a","18.2",",,a,04,","47.2",",,,a"
"ASN00090085","1989-01","-38.0831","142.9919","142.0","KOLORA WOORIWYRITE, AS","8",",a","3",",a","0",",a","19890111",",,a","8.6",",,a,11,","22.0",",,,a"
"ASN00090085","1989-02","-38.0831","142.9919","142.0","KOLORA WOORIWYRITE, AS","6",",a","3",",a","1",",a","19890208",",,a","40.0",",,a,08,","51.6",",,,a"
"ASN00090085","1989-03","-38.0831","142.9919","142.0","KOLORA WOORIWYRITE, AS","7",",a","4",",a","0",",a","19890310",",,a","14.0",",,a,10,","34.4",",,,a"
"ASN00090085","1989-04","-38.0831","142.9919","142.0","KOLORA WOORIWYRITE, AS","11",",a","5",",a","0",",a","19890402",",,a","11.8",",,a,02,","46.2",",,,a"
"ASN00090085","1989-05","-38.0831","142.9919","142.0","KOLORA WOORIWYRITE, AS","13",",a","6",",a","1",",a","19890510",",,a","26.0",",,a,10,","62.4",",,,a"
"ASN00090085","1989-06","-38.0831","142.9919","142.0","KOLORA WOORIWYRITE, AS","18",",a","9",",a","0",",a","19890611",",,a","14.6",",,a,11,","71.8",",,,a"
"ASN00090085","1989-07","-38.0831","142.9919","142.0","KOLORA WOORIWYRITE, AS","15",",a","8",",a","0",",a","19890731",",,a","20.2",",,a,31,","72.4",",,,a"
"ASN00090085","1989-08","-38.0831","142.9919","142.0","KOLORA WOORIWYRITE, AS","19",",a","12",",a","0",",a","19890810",",,a","13.2",",,a,10,","80.2",",,,a"
"ASN00090085","1989-09","-38.0831","142.9919","142.0","KOLORA WOORIWYRITE, AS","13",",a","8",",a","0",",a","19890918",",,a","8.6",",,a,18,","54.0",",,,a"
"ASN00090085","1989-10","-38.0831","142.9919","142.0","KOLORA WOORIWYRITE, AS","19",",a","12",",a","0",",a","19891027",",,a","17.0",",,a,27,","110.2",",,,a"
"ASN00090085","1989-11","-38.0831","142.9919","142.0","KOLORA WOORIWYRITE, AS","8",",a","4",",a","0",",a","19891117",",,a","16.0",",,a,17,","35.6",",,,a"
"ASN00090085","1989-12","-38.0831","142.9919","142.0","KOLORA WOORIWYRITE, AS","10",",a","6",",a","0",",a","19891227",",,a","8.4",",,a,27,","33.8",",,,a"
"ASN00090085","1990-01","-38.0831","142.9919","142.0","KOLORA WOORIWYRITE, AS","5",",a","0",",a","0",",a","19900111",",,a","1.6",",,a,11,","5.4",",,,a"
"ASN00090085","1990-02","-38.0831","142.9919","142.0","KOLORA WOORIWYRITE, AS","9",",a","7",",a","1",",a","19900202",",,a","31.6",",,a,02,","90.4",",,,a"
"ASN00090085","1990-03","-38.0831","142.9919","142.0","KOLORA WOORIWYRITE, AS","5",",a","2",",a","1",",a","19900328",",,a","26.4",",,a,28,","35.0",",,,a"
"ASN00090085","1990-04","-38.0831","142.9919","142.0","KOLORA WOORIWYRITE, AS","11",",a","6",",a","0",",a","19900414",",,a","7.8",",,a,14,","43.0",",,,a"
"ASN00090085","1990-05","-38.0831","142.9919","142.0","KOLORA WOORIWYRITE, AS","9",",a","2",",a","0",",a","19900517",",,a","5.0",",,a,17,","17.0",",,,a"
"ASN00090085","1990-06","-38.0831","142.9919","142.0","KOLORA WOORIWYRITE, AS","17",",a","12",",a","0",",a","19900610",",,a","18.4",",,a,10,","79.4",",,,a"
"ASN00090085","1990-07","-38.0831","142.9919","142.0","KOLORA WOORIWYRITE, AS","18",",a","9",",a","0",",a","19900703",",,a","13.4",",,a,03,","70.0",",,,a"
"ASN00090085","1990-08","-38.0831","142.9919","142.0","KOLORA WOORIWYRITE, AS","20",",a","14",",a","0",",a","19900806",",,a","21.0",",,a,06,","111.2",",,,a"
"ASN00090085","1990-09","-38.0831","142.9919","142.0","KOLORA WOORIWYRITE, AS","15",",a","9",",a","0",",a","19900921",",,a","14.8",",,a,21,","68.6",",,,a"
"ASN00090085","1990-10","-38.0831","142.9919","142.0","KOLORA WOORIWYRITE, AS","13",",a","9",",a","1",",a","19901011",",,a","45.2",",,a,11,","95.2",",,,a"
"ASN00090085","1990-11","-38.0831","142.9919","142.0","KOLORA WOORIWYRITE, AS","9",",a","5",",a","0",",a","19901109",",,a","13.4",",,a,09,","48.2",",,,a"
"ASN00090085","1990-12","-38.0831","142.9919","142.0","KOLORA WOORIWYRITE, AS","10",",a","4",",a","0",",a","19901220",",,a","9.4",",,a,20,","31.0",",,,a"
"ASN00090085","1991-01","-38.0831","142.9919","142.0","KOLORA WOORIWYRITE, AS","10",",a","5",",a","2",",a","19910124",",,a","90.2",",,a,24,","179.2",",,,a"
"ASN00090085","1991-02","-38.0831","142.9919","142.0","KOLORA WOORIWYRITE, AS","0",",a","0",",a","0",",a","19910211",",,a","0.2",",,a,11,","0.2",",,,a"
"ASN00090085","1991-03","-38.0831","142.9919","142.0","KOLORA WOORIWYRITE, AS","13",",a","6",",a","0",",a","19910309",",,a","11.4",",,a,09,","48.6",",,,a"
"ASN00090085","1991-04","-38.0831","142.9919","142.0","KOLORA WOORIWYRITE, AS","8",",a","2",",a","0",",a","19910425",",,a","6.2",",,a,25,","16.0",",,,a"
"ASN00090085","1991-05","-38.0831","142.9919","142.0","KOLORA WOORIWYRITE, AS","13",",a","2",",a","0",",a","19910502",",,a","3.0",",,a,02,","18.6",",,,a"
"ASN00090085","1991-06","-38.0831","142.9919","142.0","KOLORA WOORIWYRITE, AS","20",",a","12",",a","0",",a","19910609",",,a","14.6",",,a,09,","111.6",",,,a"
"ASN00090085","1991-07","-38.0831","142.9919","142.0","KOLORA WOORIWYRITE, AS","18",",a","8",",a","0",",a","19910728","+,,a","10.2",",,a,28,+","63.2",",,,a"
"ASN00090085","1991-08","-38.0831","142.9919","142.0","KOLORA WOORIWYRITE, AS","24",",a","14",",a","0",",a","19910809",",,a","14.2",",,a,09,","113.8",",,,a"
"ASN00090085","1991-09","-38.0831","142.9919","142.0","KOLORA WOORIWYRITE, AS","17",",a","11",",a","0",",a","19910917",",,a","18.8",",,a,17,","114.6",",,,a"
"ASN00090085","1991-10","-38.0831","142.9919","142.0","KOLORA WOORIWYRITE, AS","13",",a","2",",a","0",",a","19911016",",,a","8.2",",,a,16,","21.8",",,,a"
"ASN00090085","1991-11","-38.0831","142.9919","142.0","KOLORA WOORIWYRITE, AS","12",",a","6",",a","1",",a","19911104",",,a","44.0",",,a,04,","70.8",",,,a"
"ASN00090085","1991-12","-38.0831","142.9919","142.0","KOLORA WOORIWYRITE, AS","11",",a","4",",a","1",",a","19911216",",,a","26.4",",,a,16,","49.0",",,,a"
"ASN00090085","1992-01","-38.0831","142.9919","142.0","KOLORA WOORIWYRITE, AS","12",",a","2",",a","0",",a","19920106",",,a","4.4",",,a,06,","22.6",",,,a"
"ASN00090085","1992-02","-38.0831","142.9919","142.0","KOLORA WOORIWYRITE, AS","6",",a","2",",a","0",",a","19920206",",,a","18.6",",,a,06,","29.2",",,,a"
"ASN00090085","1992-03","-38.0831","142.9919","142.0","KOLORA WOORIWYRITE, AS","11",",a","4",",a","0",",a","19920327",",,a","9.6",",,a,27,","30.6",",,,a"
"ASN00090085","1992-04","-38.0831","142.9919","142.0","KOLORA WOORIWYRITE, AS","13",",a","5",",a","1",",a","19920406",",,a","101.6",",,a,06,","131.2",",,,a"
"ASN00090085","1992-05","-38.0831","142.9919","142.0","KOLORA WOORIWYRITE, AS","15",",a","8",",a","0",",a","19920509",",,a","20.8",",,a,09,","83.6",",,,a"
"ASN00090085","1992-06","-38.0831","142.9919","142.0","KOLORA WOORIWYRITE, AS","19",",a","12",",a","0",",a","19920610",",,a","16.6",",,a,10,","85.6",",,,a"
"ASN00090085","1992-07","-38.0831","142.9919","142.0","KOLORA WOORIWYRITE, AS","18",",a","9",",a","0",",a","19920704",",,a","17.8",",,a,04,","67.2",",,,a"
"ASN00090085","1992-08","-38.0831","142.9919","142.0","KOLORA WOORIWYRITE, AS","23",",a","17",",a","0",",a","19920813",",,a","15.6",",,a,13,","128.0",",,,a"
"ASN00090085","1992-09","-38.0831","142.9919","142.0","KOLORA WOORIWYRITE, AS","20",",a","13",",a","0",",a","19920929",",,a","22.6",",,a,29,","120.2",",,,a"
"ASN00090085","1992-10","-38.0831","142.9919","142.0","KOLORA WOORIWYRITE, AS","16",",a","9",",a","0",",a","19921031",",,a","24.6",",,a,31,","104.6",",,,a"
"ASN00090085","1992-11","-38.0831","142.9919","142.0","KOLORA WOORIWYRITE, AS","18",",a","11",",a","0",",a","19921122",",,a","14.8",",,a,22,","85.6",",,,a"
"ASN00090085","1992-12","-38.0831","142.9919","142.0","KOLORA WOORIWYRITE, AS","15",",a","11",",a","2",",a","19921205",",,a","36.0",",,a,05,","155.6",",,,a"
"ASN00090085","1993-01","-38.0831","142.9919","142.0","KOLORA WOORIWYRITE, AS","10",",a","7",",a","0",",a","19930127",",,a","24.0",",,a,27,","67.4",",,,a"
"ASN00090085","1993-02","-38.0831","142.9919","142.0","KOLORA WOORIWYRITE, AS","12",",a","7",",a","0",",a","19930228",",,a","13.2",",,a,28,","52.6",",,,a"
"ASN00090085","1993-03","-38.0831","142.9919","142.0","KOLORA WOORIWYRITE, AS","9",",a","4",",a","0",",a","19930301",",,a","9.4",",,a,01,","31.0",",,,a"
"ASN00090085","1993-04","-38.0831","142.9919","142.0","KOLORA WOORIWYRITE, AS","5",",a","1",",a","0",",a","19930408",",,a","3.0",",,a,08,","8.2",",,,a"
"ASN00090085","1993-05","-38.0831","142.9919","142.0","KOLORA WOORIWYRITE, AS","11",",a","4",",a","0",",a","19930508",",,a","8.6",",,a,08,","34.6",",,,a"
"ASN00090085","1993-06","-38.0831","142.9919","142.0","KOLORA WOORIWYRITE, AS","20",",a","9",",a","0",",a","19930612",",,a","22.4",",,a,12,","74.0",",,,a"
"ASN00090085","1993-07","-38.0831","142.9919","142.0","KOLORA WOORIWYRITE, AS","14",",a","8",",a","1",",a","19930708",",,a","28.4",",,a,08,","69.2",",,,a"
"ASN00090085","1993-08","-38.0831","142.9919","142.0","KOLORA WOORIWYRITE, AS","15",",a","9",",a","0",",a","19930810",",,a","14.2",",,a,10,","75.2",",,,a"
"ASN00090085","1993-09","-38.0831","142.9919","142.0","KOLORA WOORIWYRITE, AS","14",",a","10",",a","1",",a","19930901",",,a","29.4",",,a,01,","85.4",",,,a"
"ASN00090085","1993-10","-38.0831","142.9919","142.0","KOLORA WOORIWYRITE, AS","11",",a","10",",a","0",",a","19931029",",,a","12.6",",,a,29,","80.4",",,,a"
"ASN00090085","1993-11","-38.0831","142.9919","142.0","KOLORA WOORIWYRITE, AS","10",",a","4",",a","1",",a","19931102",",,a","37.6",",,a,02,","63.0",",,,a"
"ASN00090085","1993-12","-38.0831","142.9919","142.0","KOLORA WOORIWYRITE, AS","14",",a","9",",a","0",",a","19931215",",,a","16.8",",,a,15,","88.0",",,,a"
"ASN00090085","1994-01","-38.0831","142.9919","142.0","KOLORA WOORIWYRITE, AS","12",",a","6",",a","0",",a","19940106",",,a","11.8",",,a,06,","45.8",",,,a"
"ASN00090085","1994-02","-38.0831","142.9919","142.0","KOLORA WOORIWYRITE, AS","10",",a","4",",a","1",",a","19940227",",,a","26.6",",,a,27,","55.8",",,,a"
"ASN00090085","1994-03","-38.0831","142.9919","142.0","KOLORA WOORIWYRITE, AS","3",",a","0",",a","0",",a","19940312","+,,a","1.6",",,a,12,+","3.8",",,,a"
"ASN00090085","1994-04","-38.0831","142.9919","142.0","KOLORA WOORIWYRITE, AS","13",",a","6",",a","0",",a","19940411",",,a","18.6",",,a,11,","56.2",",,,a"
"ASN00090085","1994-05","-38.0831","142.9919","142.0","KOLORA WOORIWYRITE, AS","17",",a","7",",a","0",",a","19940519",",,a","16.2",",,a,19,","56.8",",,,a"
"ASN00090085","1994-06","-38.0831","142.9919","142.0","KOLORA WOORIWYRITE, AS","15",",a","6",",a","0",",a","19940625",",,a","15.4",",,a,25,","59.6",",,,a"
"ASN00090085","1994-07","-38.0831","142.9919","142.0","KOLORA WOORIWYRITE, AS","12",",a","6",",a","0",",a","19940730",",,a","25.0",",,a,30,","61.0",",,,a"
"ASN00090085","1994-08","-38.0831","142.9919","142.0","KOLORA WOORIWYRITE, AS","17",",a","6",",a","0",",a","19940808",",,a","17.0",",,a,08,","54.2",",,,a"
"ASN00090085","1994-09","-38.0831","142.9919","142.0","KOLORA WOORIWYRITE, AS","21",",a","14",",a","0",",a","19940913",",,a","10.2",",,a,13,","85.2",",,,a"
"ASN00090085","1994-10","-38.0831","142.9919","142.0","KOLORA WOORIWYRITE, AS","11",",a","5",",a","0",",a","19941007",",,a","21.0",",,a,07,","77.8",",,,a"
"ASN00090085","1994-11","-38.0831","142.9919","142.0","KOLORA WOORIWYRITE, AS","14",",a","8",",a","0",",a","19941107",",,a","11.4",",,a,07,","66.6",",,,a"
"ASN00090085","1994-12","-38.0831","142.9919","142.0","KOLORA WOORIWYRITE, AS","6",",a","3",",a","0",",a","19941222",",,a","14.4",",,a,22,","28.2",",,,a"
"ASN00090085","1995-01","-38.0831","142.9919","142.0","KOLORA WOORIWYRITE, AS","7",",a","3",",a","0",",a","19950106",",,a","16.2",",,a,06,","32.6",",,,a"
"ASN00090085","1995-02","-38.0831","142.9919","142.0","KOLORA WOORIWYRITE, AS","6",",a","2",",a","0",",a","19950216",",,a","20.2",",,a,16,","35.6",",,,a"
"ASN00090085","1995-03","-38.0831","142.9919","142.0","KOLORA WOORIWYRITE, AS","15",",a","2",",a","1",",a","19950308",",,a","26.0",",,a,08,","49.6",",,,a"
"ASN00090085","1995-04","-38.0831","142.9919","142.0","KOLORA WOORIWYRITE, AS","17",",a","11",",a","0",",a","19950417",",,a","19.6",",,a,17,","113.8",",,,a"
"ASN00090085","1995-05","-38.0831","142.9919","142.0","KOLORA WOORIWYRITE, AS","11",",a","4",",a","0",",a","19950501",",,a","9.4",",,a,01,","35.2",",,,a"
"ASN00090085","1995-06","-38.0831","142.9919","142.0","KOLORA WOORIWYRITE, AS","17",",a","8",",a","0",",a","19950606",",,a","20.4",",,a,06,","81.8",",,,a"
"ASN00090085","1995-07","-38.0831","142.9919","142.0","KOLORA WOORIWYRITE, AS","20",",a","7",",a","0",",a","19950701",",,a","12.0",",,a,01,","64.6",",,,a"
"ASN00090085","1995-08","-38.0831","142.9919","142.0","KOLORA WOORIWYRITE, AS","13",",a","9",",a","0",",a","19950802",",,a","14.4",",,a,02,","62.0",",,,a"
"ASN00090085","1995-09","-38.0831","142.9919","142.0","KOLORA WOORIWYRITE, AS","12",",a","6",",a","0",",a","19950904",",,a","10.8",",,a,04,","42.4",",,,a"
"ASN00090085","1995-10","-38.0831","142.9919","142.0","KOLORA WOORIWYRITE, AS","17",",a","5",",a","0",",a","19951023",",,a","12.8",",,a,23,","46.8",",,,a"
"ASN00090085","1995-11","-38.0831","142.9919","142.0","KOLORA WOORIWYRITE, AS","12",",a","5",",a","2",",a","19951105",",,a","58.0",",,a,05,","109.0",",,,a"
"ASN00090085","1995-12","-38.0831","142.9919","142.0","KOLORA WOORIWYRITE, AS","10",",a","6",",a","0",",a","19951204",",,a","13.0",",,a,04,","37.4",",,,a"
"ASN00090085","1996-01","-38.0831","142.9919","142.0","KOLORA WOORIWYRITE, AS","4",",a","3",",a","0",",a","19960101",",,a","11.0",",,a,01,","23.8",",,,a"
"ASN00090085","1996-02","-38.0831","142.9919","142.0","KOLORA WOORIWYRITE, AS","10",",a","6",",a","0",",a","19960209",",,a","13.0",",,a,09,","50.4",",,,a"
"ASN00090085","1996-03","-38.0831","142.9919","142.0","KOLORA WOORIWYRITE, AS","7",",a","4",",a","0",",a","19960316",",,a","17.2",",,a,16,","40.0",",,,a"
"ASN00090085","1996-04","-38.0831","142.9919","142.0","KOLORA WOORIWYRITE, AS","23",",a","7",",a","0",",a","19960414",",,a","18.4",",,a,14,","63.4",",,,a"
"ASN00090085","1996-05","-38.0831","142.9919","142.0","KOLORA WOORIWYRITE, AS","7",",a","0",",a","0",",a","19960523",",,a","2.2",",,a,23,","7.4",",,,a"
"ASN00090085","1996-06","-38.0831","142.9919","142.0","KOLORA WOORIWYRITE, AS","16",",a","10",",a","0",",a","19960623",",,a","22.0",",,a,23,","80.6",",,,a"
"ASN00090085","1996-07","-38.0831","142.9919","142.0","KOLORA WOORIWYRITE, AS","20",",a","14",",a","0",",a","19960719",",,a","15.6",",,a,19,","118.8",",,,a"
"ASN00090085","1996-08","-38.0831","142.9919","142.0","KOLORA WOORIWYRITE, AS","20",",a","12",",a","0",",a","19960827",",,a","15.2",",,a,27,","99.8",",,,a"
"ASN00090085","1996-09","-38.0831","142.9919","142.0","KOLORA WOORIWYRITE, AS","19",",a","16",",a","0",",a","19960914",",,a","20.0",",,a,14,","121.0",",,,a"
"ASN00090085","1996-10","-38.0831","142.9919","142.0","KOLORA WOORIWYRITE, AS","16",",a","8",",a","0",",a","19961001",",,a","16.2",",,a,01,","50.6",",,,a"
"ASN00090085","1996-11","-38.0831","142.9919","142.0","KOLORA WOORIWYRITE, AS","13",",a","6",",a","0",",a","19961117",",,a","5.2",",,a,17,","30.8",",,,a"
"ASN00090085","1996-12","-38.0831","142.9919","142.0","KOLORA WOORIWYRITE, AS","12",",a","4",",a","0",",a","19961207",",,a","14.6",",,a,07,","42.8",",,,a"
"ASN00090085","1997-01","-38.0831","142.9919","142.0","KOLORA WOORIWYRITE, AS","7",",a","4",",a","1",",a","19970122",",,a","29.8",",,a,22,","56.2",",,,a"
"ASN00090085","1997-02","-38.0831","142.9919","142.0","KOLORA WOORIWYRITE, AS","2",",a","2",",a","0",",a","19970208",",,a","8.0",",,a,08,","16.0",",,,a"
"ASN00090085","1997-03","-38.0831","142.9919","142.0","KOLORA WOORIWYRITE, AS","10",",a","3",",a","0",",a","19970301",",,a","5.0",",,a,01,","23.0",",,,a"
"ASN00090085","1997-04","-38.0831","142.9919","142.0","KOLORA WOORIWYRITE, AS","12",",a","2",",a","0",",a","19970422",",,a","6.8",",,a,22,","19.8",",,,a"
"ASN00090085","1997-05","-38.0831","142.9919","142.0","KOLORA WOORIWYRITE, AS","15",",a","9",",a","1",",a","19970503",",,a","25.6",",,a,03,","79.8",",,,a"
"ASN00090085","1997-06","-38.0831","142.9919","142.0","KOLORA WOORIWYRITE, AS","11",",a","4",",a","0",",a","19970614",",,a","11.0",",,a,14,","36.0",",,,a"
"ASN00090085","1997-07","-38.0831","142.9919","142.0","KOLORA WOORIWYRITE, AS","14",",a","5",",a","0",",a","19970709",",,a","8.4",",,a,09,","39.0",",,,a"
"ASN00090085","1997-08","-38.0831","142.9919","142.0","KOLORA WOORIWYRITE, AS","16",",a","10",",a","0",",a","19970824",",,a","10.4",",,a,24,","64.0",",,,a"
"ASN00090085","1997-09","-38.0831","142.9919","142.0","KOLORA WOORIWYRITE, AS","14",",a","7",",a","0",",a","19970902",",,a","16.4",",,a,02,","66.8",",,,a"
"ASN00090085","1997-10","-38.0831","142.9919","142.0","KOLORA WOORIWYRITE, AS","14",",a","7",",a","1",",a","19971031",",,a","26.2",",,a,31,","54.0",",,,a"
"ASN00090085","1997-11","-38.0831","142.9919","142.0","KOLORA WOORIWYRITE, AS","9",",a","5",",a","1",",a","19971101",",,a","27.4",",,a,01,","73.0",",,,a"
"ASN00090085","1997-12","-38.0831","142.9919","142.0","KOLORA WOORIWYRITE, AS","5",",a","1",",a","0",",a","19971205",",,a","3.4",",,a,05,","8.0",",,,a"
"ASN00090085","1998-01","-38.0831","142.9919","142.0","KOLORA WOORIWYRITE, AS","8",",a","2",",a","0",",a","19980123",",,a","7.0",",,a,23,","21.2",",,,a"
"ASN00090085","1998-02","-38.0831","142.9919","142.0","KOLORA WOORIWYRITE, AS","4",",a","3",",a","0",",a","19980208",",,a","15.2",",,a,08,","30.0",",,,a"
"ASN00090085","1998-03","-38.0831","142.9919","142.0","KOLORA WOORIWYRITE, AS","7",",a","2",",a","0",",a","19980324",",,a","5.4",",,a,24,","13.8",",,,a"
"ASN00090085","1998-04","-38.0831","142.9919","142.0","KOLORA WOORIWYRITE, AS","15",",a","6",",a","1",",a","19980420",",,a","32.0",",,a,20,","77.8",",,,a"
"ASN00090085","1998-05","-38.0831","142.9919","142.0","KOLORA WOORIWYRITE, AS","11",",a","6",",a","0",",a","19980520",",,a","7.4",",,a,20,","30.6",",,,a"
"ASN00090085","1998-06","-38.0831","142.9919","142.0","KOLORA WOORIWYRITE, AS","14",",a","8",",a","1",",a","19980606",",,a","28.4",",,a,06,","88.0",",,,a"
"ASN00090085","1998-07","-38.0831","142.9919","142.0","KOLORA WOORIWYRITE, AS","16",",a","8",",a","0",",a","19980729",",,a","14.2",",,a,29,","60.2",",,,a"
"ASN00090085","1998-08","-38.0831","142.9919","142.0","KOLORA WOORIWYRITE, AS","8",",a","6",",a","0",",a","19980812",",,a","9.8",",,a,12,","33.0",",,,a"
"ASN00090085","1998-09","-38.0831","142.9919","142.0","KOLORA WOORIWYRITE, AS","17",",a","9",",a","0",",a","19980913",",,a","18.8",",,a,13,","90.6",",,,a"
"ASN00090085","1998-10","-38.0831","142.9919","142.0","KOLORA WOORIWYRITE, AS","15",",a","9",",a","0",",a","19981013",",,a","13.0",",,a,13,","67.6",",,,a"
"ASN00090085","1998-11","-38.0831","142.9919","142.0","KOLORA WOORIWYRITE, AS","8",",a","5",",a","0",",a","19981113",",,a","18.6",",,a,13,","47.0",",,,a"
"ASN00090085","1998-12","-38.0831","142.9919","142.0","KOLORA WOORIWYRITE, AS","10",",a","2",",a","0",",a","19981227",",,a","15.0",",,a,27,","36.4",",,,a"
"ASN00090085","1999-01","-38.0831","142.9919","142.0","KOLORA WOORIWYRITE, AS","4",",a","2",",a","0",",a","19990107",",,a","10.4",",,a,07,","17.0",",,,a"
"ASN00090085","1999-02","-38.0831","142.9919","142.0","KOLORA WOORIWYRITE, AS","8",",a","4",",a","0",",a","19990212",",,a","19.0",",,a,12,","58.2",",,,a"
"ASN00090085","1999-03","-38.0831","142.9919","142.0","KOLORA WOORIWYRITE, AS","15",",a","5",",a","0",",a","19990322",",,a","18.2",",,a,22,","63.4",",,,a"
"ASN00090085","1999-04","-38.0831","142.9919","142.0","KOLORA WOORIWYRITE, AS","5",",a","2",",a","0",",a","19990421",",,a","5.0",",,a,21,","11.0",",,,a"
"ASN00090085","1999-05","-38.0831","142.9919","142.0","KOLORA WOORIWYRITE, AS","14",",a","5",",a","0",",a","19990515",",,a","14.0",",,a,15,","45.8",",,,a"
"ASN00090085","1999-06","-38.0831","142.9919","142.0","KOLORA WOORIWYRITE, AS","14",",a","6",",a","0",",a","19990618",",,a","9.2",",,a,18,","50.4",",,,a"
"ASN00090085","1999-07","-38.0831","142.9919","142.0","KOLORA WOORIWYRITE, AS","14",",a","5",",a","0",",a","19990730",",,a","4.8",",,a,30,","28.8",",,,a"
"ASN00090085","1999-08","-38.0831","142.9919","142.0","KOLORA WOORIWYRITE, AS","14",",a","10",",a","0",",a","19990814",",,a","19.8",",,a,14,","72.8",",,,a"
"ASN00090085","1999-09","-38.0831","142.9919","142.0","KOLORA WOORIWYRITE, AS","10",",a","5",",a","0",",a","19990905",",,a","10.6",",,a,05,","46.4",",,,a"
"ASN00090085","1999-10","-38.0831","142.9919","142.0","KOLORA WOORIWYRITE, AS","13",",a","7",",a","0",",a","19991022",",,a","13.2",",,a,22,","50.2",",,,a"
"ASN00090085","1999-11","-38.0831","142.9919","142.0","KOLORA WOORIWYRITE, AS","10",",a","5",",a","1",",a","19991106",",,a","29.6",",,a,06,","64.6",",,,a"
"ASN00090085","1999-12","-38.0831","142.9919","142.0","KOLORA WOORIWYRITE, AS","12",",a","7",",a","0",",a","19991227",",,a","22.2",",,a,27,","64.4",",,,a"
"ASN00090085","2000-01","-38.0831","142.9919","142.0","KOLORA WOORIWYRITE, AS","10",",a","3",",a","0",",a","20000104",",,a","6.0",",,a,04,","19.0",",,,a"
"ASN00090085","2000-02","-38.0831","142.9919","142.0","KOLORA WOORIWYRITE, AS","5",",a","3",",a","0",",a","20000223",",,a","6.2",",,a,23,","18.0",",,,a"
"ASN00090085","2000-03","-38.0831","142.9919","142.0","KOLORA WOORIWYRITE, AS","4",",a","1",",a","0",",a","20000323",",,a","5.6",",,a,23,","9.8",",,,a"
"ASN00090085","2000-04","-38.0831","142.9919","142.0","KOLORA WOORIWYRITE, AS","10",",a","6",",a","0",",a","20000430",",,a","11.2",",,a,30,","53.2",",,,a"
"ASN00090085","2000-05","-38.0831","142.9919","142.0","KOLORA WOORIWYRITE, AS","17",",a","9",",a","1",",a","20000506",",,a","45.2",",,a,06,","115.8",",,,a"
"ASN00090085","2000-06","-38.0831","142.9919","142.0","KOLORA WOORIWYRITE, AS","19",",a","6",",a","0",",a","20000623",",,a","9.6",",,a,23,","51.8",",,,a"
"ASN00090085","2000-07","-38.0831","142.9919","142.0","KOLORA WOORIWYRITE, AS","15",",a","7",",a","0",",a","20000721",",,a","13.0",",,a,21,","54.4",",,,a"
"ASN00090085","2000-08","-38.0831","142.9919","142.0","KOLORA WOORIWYRITE, AS","15",",a","9",",a","0",",a","20000828",",,a","11.4",",,a,28,","66.4",",,,a"
"ASN00090085","2000-09","-38.0831","142.9919","142.0","KOLORA WOORIWYRITE, AS","15","2,a","10","2,a","0","2,a","20000926",",2,a","24.0","2,,a,26,","110.8",",a,,a"
"ASN00090085","2000-10","-38.0831","142.9919","142.0","KOLORA WOORIWYRITE, AS","19",",a","12",",a","1",",a","20001024",",,a","36.0",",,a,24,","110.6",",,,a"
"ASN00090085","2000-11","-38.0831","142.9919","142.0","KOLORA WOORIWYRITE, AS","7",",a","5",",a","0",",a","20001102",",,a","22.8",",,a,02,","54.4",",,,a"
"ASN00090085","2000-12","-38.0831","142.9919","142.0","KOLORA WOORIWYRITE, AS","7",",a","3",",a","0",",a","20001223",",,a","12.2",",,a,23,","29.4",",,,a"
"ASN00090085","2001-01","-38.0831","142.9919","142.0","KOLORA WOORIWYRITE, AS","5",",a","2",",a","0",",a","20010127",",,a","11.6",",,a,27,","24.2",",,,a"
"ASN00090085","2001-02","-38.0831","142.9919","142.0","KOLORA WOORIWYRITE, AS","3",",a","1",",a","0",",a","20010213",",,a","20.4",",,a,13,","22.6",",,,a"
"ASN00090085","2001-03","-38.0831","142.9919","142.0","KOLORA WOORIWYRITE, AS","10",",a","3",",a","0",",a","20010317",",,a","19.2",",,a,17,","52.6",",,,a"
"ASN00090085","2001-04","-38.0831","142.9919","142.0","KOLORA WOORIWYRITE, AS","9","2,a","4","2,a","2","2,a","20010422",",2,a","35.0","2,,a,22,","91.2",",a,,a"
"ASN00090085","2001-05","-38.0831","142.9919","142.0","KOLORA WOORIWYRITE, AS","8","2,a","2","2,a","0","2,a","20010517",",2,a","7.8","2,,a,17,","22.2",",a,,a"
"ASN00090085","2001-06","-38.0831","142.9919","142.0","KOLORA WOORIWYRITE, AS","13","2,a","11","2,a","0","2,a","20010621",",2,a","19.8","2,,a,21,","71.4",",a,,a"
"ASN00090085","2001-07","-38.0831","142.9919","142.0","KOLORA WOORIWYRITE, AS","15",",a","4",",a","0",",a","20010713",",,a","11.0",",,a,13,","32.8",",,,a"
"ASN00090085","2001-08","-38.0831","142.9919","142.0","KOLORA WOORIWYRITE, AS","18",",a","13",",a","0",",a","20010822",",,a","15.4",",,a,22,","110.4",",,,a"
"ASN00090085","2001-09","-38.0831","142.9919","142.0","KOLORA WOORIWYRITE, AS","14",",a","5",",a","1",",a","20010925",",,a","25.8",",,a,25,","58.0",",,,a"
"ASN00090085","2001-10","-38.0831","142.9919","142.0","KOLORA WOORIWYRITE, AS","23",",a","16",",a","0",",a","20011019",",,a","16.6",",,a,19,","121.2",",,,a"
"ASN00090085","2001-11","-38.0831","142.9919","142.0","KOLORA WOORIWYRITE, AS","15","2,a","8","2,a","1","2,a","20011106",",2,a","27.2","2,,a,06,","120.0",",a,,a"
"ASN00090085","2001-12","-38.0831","142.9919","142.0","KOLORA WOORIWYRITE, AS","11","2,a","6","2,a","0","2,a","20011226",",2,a","8.8","2,,a,26,","47.8",",a,,a"
"ASN00090085","2002-01","-38.0831","142.9919","142.0","KOLORA WOORIWYRITE, AS","7",",a","5",",a","0",",a","20020103",",,a","8.2",",,a,03,","29.0",",,,a"
"ASN00090085","2002-02","-38.0831","142.9919","142.0","KOLORA WOORIWYRITE, AS","8",",a","1",",a","1",",a","20020208",",,a","83.0",",,a,08,","93.2",",,,a"
"ASN00090085","2002-03","-38.0831","142.9919","142.0","KOLORA WOORIWYRITE, AS","10",",a","3",",a","0",",a","20020325",",,a","6.0",",,a,25,","20.0",",,,a"
"ASN00090085","2002-04","-38.0831","142.9919","142.0","KOLORA WOORIWYRITE, AS","3",",a","2",",a","0",",a","20020425",",,a","14.8",",,a,25,","26.0",",,,a"
"ASN00090085","2002-05","-38.0831","142.9919","142.0","KOLORA WOORIWYRITE, AS","11",",a","6",",a","0",",a","20020518",",,a","12.6",",,a,18,","52.8",",,,a"
"ASN00090085","2002-06","-38.0831","142.9919","142.0","KOLORA WOORIWYRITE, AS","19",",a","7",",a","0",",a","20020613",",,a","21.2",",,a,13,","72.4",",,,a"
"ASN00090085","2002-07","-38.0831","142.9919","142.0","KOLORA WOORIWYRITE, AS","19",",a","11",",a","0",",a","20020704",",,a","10.4",",,a,04,","74.2",",,,a"
"ASN00090085","2002-08","-38.0831","142.9919","142.0","KOLORA WOORIWYRITE, AS","16",",a","5",",a","0",",a","20020829",",,a","10.4",",,a,29,","45.8",",,,a"
"ASN00090085","2002-09","-38.0831","142.9919","142.0","KOLORA WOORIWYRITE, AS","20",",a","11",",a","0",",a","20020919",",,a","11.8",",,a,19,","80.8",",,,a"
"ASN00090085","2002-10","-38.0831","142.9919","142.0","KOLORA WOORIWYRITE, AS","14",",a","6",",a","0",",a","20021013",",,a","8.8",",,a,13,","45.2",",,,a"
"ASN00090085","2002-11","-38.0831","142.9919","142.0","KOLORA WOORIWYRITE, AS","9",",a","6",",a","0",",a","20021126",",,a","21.0",",,a,26,","51.6",",,,a"
"ASN00090085","2002-12","-38.0831","142.9919","142.0","KOLORA WOORIWYRITE, AS","9",",a","4",",a","0",",a","20021231",",,a","18.6",",,a,31,","48.8",",,,a"
"ASN00090085","2003-01","-38.0831","142.9919","142.0","KOLORA WOORIWYRITE, AS","7",",a","4",",a","0",",a","20030130",",,a","10.2",",,a,30,","31.0",",,,a"
"ASN00090085","2003-02","-38.0831","142.9919","142.0","KOLORA WOORIWYRITE, AS","6",",a","2",",a","0",",a","20030222",",,a","15.4",",,a,22,","31.2",",,,a"
"ASN00090085","2003-03","-38.0831","142.9919","142.0","KOLORA WOORIWYRITE, AS","8",",a","2",",a","0",",a","20030320",",,a","12.4",",,a,20,","28.8",",,,a"
"ASN00090085","2003-04","-38.0831","142.9919","142.0","KOLORA WOORIWYRITE, AS","9",",a","6",",a","0",",a","20030408",",,a","7.6",",,a,08,","32.8",",,,a"
"ASN00090085","2003-05","-38.0831","142.9919","142.0","KOLORA WOORIWYRITE, AS","12","2,a","3","2,a","0","2,a","20030518",",2,a","7.0","2,,a,18,","29.0",",a,,a"
"ASN00090085","2003-06","-38.0831","142.9919","142.0","KOLORA WOORIWYRITE, AS","21",",a","10",",a","0",",a","20030607",",,a","13.8",",,a,07,","86.2",",,,a"
"ASN00090085","2003-07","-38.0831","142.9919","142.0","KOLORA WOORIWYRITE, AS","15",",a","8",",a","0",",a","20030729",",,a","19.2",",,a,29,","81.6",",,,a"
"ASN00090085","2003-08","-38.0831","142.9919","142.0","KOLORA WOORIWYRITE, AS","19",",a","11",",a","0",",a","20030813",",,a","15.6",",,a,13,","96.0",",,,a"
"ASN00090085","2003-09","-38.0831","142.9919","142.0","KOLORA WOORIWYRITE, AS","24",",a","12",",a","0",",a","20030915",",,a","10.4",",,a,15,","81.4",",,,a"
"ASN00090085","2003-10","-38.0831","142.9919","142.0","KOLORA WOORIWYRITE, AS","17",",a","9",",a","0",",a","20031031",",,a","18.2",",,a,31,","99.6",",,,a"
"ASN00090085","2003-11","-38.0831","142.9919","142.0","KOLORA WOORIWYRITE, AS","5",",a","4",",a","0",",a","20031120",",,a","16.0",",,a,20,","37.0",",,,a"
"ASN00090085","2003-12","-38.0831","142.9919","142.0","KOLORA WOORIWYRITE, AS","8",",a","2",",a","1",",a","20031222",",,a","28.8",",,a,22,","41.6",",,,a"
"ASN00090085","2004-01","-38.0831","142.9919","142.0","KOLORA WOORIWYRITE, AS","10",",a","7",",a","0",",a","20040130",",,a","11.6",",,a,30,","49.2",",,,a"
"ASN00090085","2004-02","-38.0831","142.9919","142.0","KOLORA WOORIWYRITE, AS","3",",a","2",",a","0",",a","20040211",",,a","15.0",",,a,11,","22.4",",,,a"
"ASN00090085","2004-03","-38.0831","142.9919","142.0","KOLORA WOORIWYRITE, AS","6",",a","4",",a","0",",a","20040329",",,a","21.0",",,a,29,","55.8",",,,a"
"ASN00090085","2004-04","-38.0831","142.9919","142.0","KOLORA WOORIWYRITE, AS","10",",a","4",",a","0",",a","20040423",",,a","16.0",",,a,23,","41.4",",,,a"
"ASN00090085","2004-05","-38.0831","142.9919","142.0","KOLORA WOORIWYRITE, AS","15",",a","8",",a","0",",a","20040501",",,a","11.2",",,a,01,","53.0",",,,a"
"ASN00090085","2004-06","-38.0831","142.9919","142.0","KOLORA WOORIWYRITE, AS","21",",a","12",",a","1",",a","20040610",",,a","26.6",",,a,10,","117.0",",,,a"
"ASN00090085","2004-07","-38.0831","142.9919","142.0","KOLORA WOORIWYRITE, AS","17","4,a","8","4,a","0","4,a","20040726",",4,a","17.0","4,,a,26,","80.0",",a,,a"
"ASN00090085","2004-08","-38.0831","142.9919","142.0","KOLORA WOORIWYRITE, AS","20",",a","8",",a","0",",a","20040830",",,a","17.6",",,a,30,","70.6",",,,a"
"ASN00090085","2004-09","-38.0831","142.9919","142.0","KOLORA WOORIWYRITE, AS","16",",a","6",",a","0",",a","20040911",",,a","13.8",",,a,11,","63.0",",,,a"
"ASN00090085","2004-10","-38.0831","142.9919","142.0","KOLORA WOORIWYRITE, AS","9",",a","5",",a","0",",a","20041027",",,a","20.0",",,a,27,","44.6",",,,a"
"ASN00090085","2004-11","-38.0831","142.9919","142.0","KOLORA WOORIWYRITE, AS","11",",a","6",",a","0",",a","20041103",",,a","14.6",",,a,03,","56.8",",,,a"
"ASN00090085","2004-12","-38.0831","142.9919","142.0","KOLORA WOORIWYRITE, AS","12",",a","4",",a","1",",a","20041211",",,a","67.4",",,a,11,","95.0",",,,a"
"ASN00090085","2005-01","-38.0831","142.9919","142.0","KOLORA WOORIWYRITE, AS","10",",a","4",",a","0",",a","20050127",",,a","11.8",",,a,27,","33.6",",,,a"
"ASN00090085","2005-02","-38.0831","142.9919","142.0","KOLORA WOORIWYRITE, AS","8",",a","4",",a","1",",a","20050203",",,a","46.4",",,a,03,","73.4",",,,a"
"ASN00090085","2005-03","-38.0831","142.9919","142.0","KOLORA WOORIWYRITE, AS","5",",a","2",",a","0",",a","20050305",",,a","7.2",",,a,05,","15.8",",,,a"
"ASN00090085","2005-04","-38.0831","142.9919","142.0","KOLORA WOORIWYRITE, AS","8",",a","3",",a","0",",a","20050414",",,a","6.0",",,a,14,","21.2",",,,a"
"ASN00090085","2005-05","-38.0831","142.9919","142.0","KOLORA WOORIWYRITE, AS","13",",a","2",",a","0",",a","20050524",",,a","8.0",",,a,24,","24.6",",,,a"
"ASN00090085","2005-06","-38.0831","142.9919","142.0","KOLORA WOORIWYRITE, AS","9","2,a","6","2,a","0","2,a","20050614",",2,a","15.0","2,,a,14,","62.8",",a,,a"
"ASN00090085","2005-07","-38.0831","142.9919","142.0","KOLORA WOORIWYRITE, AS","17",",a","2",",a","0",",a","20050717",",,a","12.4",",,a,17,","37.0",",,,a"
"ASN00090085","2005-08","-38.0831","142.9919","142.0","KOLORA WOORIWYRITE, AS","14",",a","9",",a","0",",a","20050831",",,a","15.4",",,a,31,","84.2",",,,a"
"ASN00090085","2005-09","-38.0831","142.9919","142.0","KOLORA WOORIWYRITE, AS","16",",a","11",",a","0",",a","20050912",",,a","13.4",",,a,12,","61.0",",,,a"
"ASN00090085","2005-10","-38.0831","142.9919","142.0","KOLORA WOORIWYRITE, AS","13",",a","8",",a","1",",a","20051021",",,a","27.0",",,a,21,","91.0",",,,a"
"ASN00090085","2005-11","-38.0831","142.9919","142.0","KOLORA WOORIWYRITE, AS","11",",a","3",",a","0",",a","20051108",",,a","5.4",",,a,08,","22.8",",,,a"
"ASN00090085","2005-12","-38.0831","142.9919","142.0","KOLORA WOORIWYRITE, AS","12",",a","4",",a","0",",a","20051202",",,a","11.8",",,a,02,","33.8",",,,a"
"ASN00090085","2006-01","-38.0831","142.9919","142.0","KOLORA WOORIWYRITE, AS","8",",a","4",",a","0",",a","20060130",",,a","15.0",",,a,30,","49.4",",,,a"
"ASN00090085","2006-02","-38.0831","142.9919","142.0","KOLORA WOORIWYRITE, AS","5",",a","4",",a","0",",a","20060209",",,a","13.6",",,a,09,","32.8",",,,a"
"ASN00090085","2006-03","-38.0831","142.9919","142.0","KOLORA WOORIWYRITE, AS","4",",a","1",",a","0",",a","20060313",",,a","10.4",",,a,13,","13.8",",,,a"
"ASN00090085","2006-04","-38.0831","142.9919","142.0","KOLORA WOORIWYRITE, AS","15",",a","10",",a","0",",a","20060415",",,a","22.0",",,a,15,","93.0",",,,a"
"ASN00090085","2006-05","-38.0831","142.9919","142.0","KOLORA WOORIWYRITE, AS","21",",a","7",",a","0",",a","20060510",",,a","8.8",",,a,10,","46.8",",,,a"
"ASN00090085","2006-06","-38.0831","142.9919","142.0","KOLORA WOORIWYRITE, AS","11",",a","1",",a","0",",a","20060622",",,a","12.4",",,a,22,","25.0",",,,a"
"ASN00090085","2006-07","-38.0831","142.9919","142.0","KOLORA WOORIWYRITE, AS","16",",a","9",",a","0",",a","20060715",",,a","11.4",",,a,15,","51.2",",,,a"
"ASN00090085","2006-08","-38.0831","142.9919","142.0","KOLORA WOORIWYRITE, AS","11","2,a","3","2,a","0","2,a","20060824",",2,a","11.6","2,,a,24,","28.2",",a,,a"
"ASN00090085","2006-09","-38.0831","142.9919","142.0","KOLORA WOORIWYRITE, AS","12",",a","7",",a","0",",a","20060925",",,a","10.0",",,a,25,","46.0",",,,a"
"ASN00090085","2006-10","-38.0831","142.9919","142.0","KOLORA WOORIWYRITE, AS","11",",a","5",",a","0",",a","20061028","+,,a","5.0",",,a,28,+","27.6",",,,a"
"ASN00090085","2006-11","-38.0831","142.9919","142.0","KOLORA WOORIWYRITE, AS","9",",a","3",",a","0",",a","20061115",",,a","13.2",",,a,15,","25.8",",,,a"
"ASN00090085","2006-12","-38.0831","142.9919","142.0","KOLORA WOORIWYRITE, AS","9",",a","2",",a","0",",a","20061225",",,a","4.6",",,a,25,","13.6",",,,a"
"ASN00090085","2007-01","-38.0831","142.9919","142.0","KOLORA WOORIWYRITE, AS","13",",a","5",",a","1",",a","20070120",",,a","52.0",",,a,20,","88.6",",,,a"
"ASN00090085","2007-02","-38.0831","142.9919","142.0","KOLORA WOORIWYRITE, AS","5",",a","1",",a","0",",a","20070214",",,a","3.0",",,a,14,","7.0",",,,a"
"ASN00090085","2007-03","-38.0831","142.9919","142.0","KOLORA WOORIWYRITE, AS","9",",a","3",",a","0",",a","20070324",",,a","9.6",",,a,24,","21.6",",,,a"
"ASN00090085","2007-04","-38.0831","142.9919","142.0","KOLORA WOORIWYRITE, AS","9",",a","3",",a","0",",a","20070428",",,a","24.0",",,a,28,","43.0",",,,a"
"ASN00090085","2007-05","-38.0831","142.9919","142.0","KOLORA WOORIWYRITE, AS","17",",a","10",",a","1",",a","20070530",",,a","26.4",",,a,30,","85.4",",,,a"
"ASN00090085","2007-06","-38.0831","142.9919","142.0","KOLORA WOORIWYRITE, AS","19","1,a","7","1,a","0","1,a","20070602",",1,a","13.0","1,,a,02,","60.2","1,,,a"
"ASN00090085","2007-07","-38.0831","142.9919","142.0","KOLORA WOORIWYRITE, AS","17",",a","9",",a","0",",a","20070718",",,a","15.4",",,a,18,","75.4",",,,a"
"ASN00090085","2007-08","-38.0831","142.9919","142.0","KOLORA WOORIWYRITE, AS","15",",a","6",",a","0",",a","20070812",",,a","13.2",",,a,12,","50.2",",,,a"
"ASN00090085","2007-09","-38.0831","142.9919","142.0","KOLORA WOORIWYRITE, AS","14",",a","7",",a","0",",a","20070929",",,a","12.8",",,a,29,","54.4",",,,a"
"ASN00090085","2007-10","-38.0831","142.9919","142.0","KOLORA WOORIWYRITE, AS","20",",a","3",",a","0",",a","20071001",",,a","3.6",",,a,01,","30.2",",,,a"
"ASN00090085","2007-11","-38.0831","142.9919","142.0","KOLORA WOORIWYRITE, AS","7",",a","5",",a","1",",a","20071104",",,a","44.0",",,a,04,","82.4",",,,a"
"ASN00090085","2007-12","-38.0831","142.9919","142.0","KOLORA WOORIWYRITE, AS","9",",a","4",",a","1",",a","20071222",",,a","78.6",",,a,22,","122.0",",,,a"
"ASN00090085","2008-01","-38.0831","142.9919","142.0","KOLORA WOORIWYRITE, AS","2",",a","1",",a","0",",a","20080119",",,a","19.6",",,a,19,","21.2",",,,a"
"ASN00090085","2008-02","-38.0831","142.9919","142.0","KOLORA WOORIWYRITE, AS","7",",a","3",",a","0",",a","20080221",",,a","14.8",",,a,21,","30.0",",,,a"
"ASN00090085","2008-03","-38.0831","142.9919","142.0","KOLORA WOORIWYRITE, AS","7",",a","4",",a","0",",a","20080327",",,a","5.0",",,a,27,","19.6",",,,a"
"ASN00090085","2008-04","-38.0831","142.9919","142.0","KOLORA WOORIWYRITE, AS","7",",a","4",",a","0",",a","20080428",",,a","9.2",",,a,28,","25.6",",,,a"
"ASN00090085","2008-05","-38.0831","142.9919","142.0","KOLORA WOORIWYRITE, AS","12",",a","3",",a","0",",a","20080517",",,a","17.8",",,a,17,","39.0",",,,a"
"ASN00090085","2008-06","-38.0831","142.9919","142.0","KOLORA WOORIWYRITE, AS","15",",a","2",",a","0",",a","20080613",",,a","9.0",",,a,13,","31.0",",,,a"
"ASN00090085","2008-07","-38.0831","142.9919","142.0","KOLORA WOORIWYRITE, AS","21",",a","8",",a","1",",a","20080708",",,a","39.6",",,a,08,","115.0",",,,a"
"ASN00090085","2008-08","-38.0831","142.9919","142.0","KOLORA WOORIWYRITE, AS","25",",a","12",",a","0",",a","20080810",",,a","11.6",",,a,10,","84.2",",,,a"
"ASN00090085","2008-09","-38.0831","142.9919","142.0","KOLORA WOORIWYRITE, AS","12",",a","6",",a","0",",a","20080916",",,a","16.6",",,a,16,","60.6",",,,a"
"ASN00090085","2008-10","-38.0831","142.9919","142.0","KOLORA WOORIWYRITE, AS","11",",a","2",",a","0",",a","20081007",",,a","4.4",",,a,07,","16.0",",,,a"
"ASN00090085","2008-11","-38.0831","142.9919","142.0","KOLORA WOORIWYRITE, AS","11",",a","3",",a","0",",a","20081122",",,a","14.4",",,a,22,","34.6",",,,a"
"ASN00090085","2008-12","-38.0831","142.9919","142.0","KOLORA WOORIWYRITE, AS","12",",a","7",",a","1",",a","20081213",",,a","57.0",",,a,13,","96.4",",,,a"
"ASN00090085","2009-01","-38.0831","142.9919","142.0","KOLORA WOORIWYRITE, AS","5",",a","0",",a","0",",a","20090124","+,,a","1.6",",,a,24,+","6.0",",,,a"
"ASN00090085","2009-02","-38.0831","142.9919","142.0","KOLORA WOORIWYRITE, AS","0",",a","0",",a","0",",a","20090212",",,a","0.2",",,a,12,","0.2",",,,a"
"ASN00090085","2009-03","-38.0831","142.9919","142.0","KOLORA WOORIWYRITE, AS","12",",a","3",",a","0",",a","20090313",",,a","17.4",",,a,13,","53.8",",,,a"
"ASN00090085","2009-04","-38.0831","142.9919","142.0","KOLORA WOORIWYRITE, AS","11",",a","6",",a","0",",a","20090427",",,a","15.2",",,a,27,","54.6",",,,a"
"ASN00090085","2009-05","-38.0831","142.9919","142.0","KOLORA WOORIWYRITE, AS","18",",a","2",",a","0",",a","20090526",",,a","25.2",",,a,26,","44.8",",,,a"
"ASN00090085","2009-06","-38.0831","142.9919","142.0","KOLORA WOORIWYRITE, AS","13",",a","5",",a","0",",a","20090604",",,a","9.0",",,a,04,","38.4",",,,a"
"ASN00090085","2009-07","-38.0831","142.9919","142.0","KOLORA WOORIWYRITE, AS","20",",a","10",",a","0",",a","20090703",",,a","16.2",",,a,03,","83.0",",,,a"
"ASN00090085","2009-08","-38.0831","142.9919","142.0","KOLORA WOORIWYRITE, AS","23",",a","14",",a","0",",a","20090829",",,a","17.2",",,a,29,","103.0",",,,a"
"ASN00090085","2009-09","-38.0831","142.9919","142.0","KOLORA WOORIWYRITE, AS","19",",a","10",",a","0",",a","20090922",",,a","17.2",",,a,22,","81.8",",,,a"
"ASN00090085","2009-10","-38.0831","142.9919","142.0","KOLORA WOORIWYRITE, AS","9",",a","5",",a","0",",a","20091031",",,a","10.4",",,a,31,","37.6",",,,a"
"ASN00090085","2009-11","-38.0831","142.9919","142.0","KOLORA WOORIWYRITE, AS","10",",a","5",",a","0",",a","20091122",",,a","19.6",",,a,22,","49.2",",,,a"
"ASN00090085","2009-12","-38.0831","142.9919","142.0","KOLORA WOORIWYRITE, AS","8",",a","5",",a","0",",a","20091218",",,a","17.2",",,a,18,","48.2",",,,a"
"ASN00090085","2010-01","-38.0831","142.9919","142.0","KOLORA WOORIWYRITE, AS","7",",a","4",",a","0",",a","20100101",",,a","8.0",",,a,01,","26.6",",,,a"
"ASN00090085","2010-02","-38.0831","142.9919","142.0","KOLORA WOORIWYRITE, AS","5",",a","4",",a","2",",a","20100215","+,,a","36.0",",,a,15,+","93.0",",,,a"
"ASN00090085","2010-03","-38.0831","142.9919","142.0","KOLORA WOORIWYRITE, AS","10",",a","6",",a","0",",a","20100329",",,a","13.6",",,a,29,","50.2",",,,a"
"ASN00090085","2010-04","-38.0831","142.9919","142.0","KOLORA WOORIWYRITE, AS","12",",a","8",",a","0",",a","20100407",",,a","10.4",",,a,07,","57.0",",,,a"
"ASN00090085","2010-05","-38.0831","142.9919","142.0","KOLORA WOORIWYRITE, AS","13",",a","6",",a","0",",a","20100505",",,a","8.0",",,a,05,","38.6",",,,a"
"ASN00090085","2010-06","-38.0831","142.9919","142.0","KOLORA WOORIWYRITE, AS","14",",a","9",",a","0",",a","20100630",",,a","10.6",",,a,30,","58.4",",,,a"
"ASN00090085","2010-07","-38.0831","142.9919","142.0","KOLORA WOORIWYRITE, AS","15",",a","7",",a","0",",a","20100715",",,a","6.4",",,a,15,","36.2",",,,a"
"ASN00090085","2010-08","-38.0831","142.9919","142.0","KOLORA WOORIWYRITE, AS","23",",a","14",",a","3",",a","20100812",",,a","36.0",",,a,12,","181.8",",,,a"
"ASN00090085","2010-10","-38.0831","142.9919","142.0","KOLORA WOORIWYRITE, AS","14",",a","6",",a","0",",a","20101031",",,a","25.0",",,a,31,","83.4",",,,a"
"ASN00090085","2010-11","-38.0831","142.9919","142.0","KOLORA WOORIWYRITE, AS","10",",a","6",",a","1",",a","20101125",",,a","29.0",",,a,25,","66.0",",,,a"
"ASN00090085","2011-01","-38.0831","142.9919","142.0","KOLORA WOORIWYRITE, AS","10",",a","5",",a","2",",a","20110112",",,a","53.4",",,a,12,","133.0",",,,a"
"ASN00090085","2011-02","-38.0831","142.9919","142.0","KOLORA WOORIWYRITE, AS","8",",a","3",",a","1",",a","20110217",",,a","51.2",",,a,17,","84.2",",,,a"
"ASN00090085","2011-04","-38.0831","142.9919","142.0","KOLORA WOORIWYRITE, AS","10",",a","5",",a","0",",a","20110411",",,a","15.4",",,a,11,","45.2",",,,a"
"ASN00090085","2011-05","-38.0831","142.9919","142.0","KOLORA WOORIWYRITE, AS","13",",a","8",",a","0",",a","20110523",",,a","11.4",",,a,23,","64.8",",,,a"
"ASN00090085","2011-06","-38.0831","142.9919","142.0","KOLORA WOORIWYRITE, AS","11",",a","8",",a","0",",a","20110621",",,a","13.2",",,a,21,","67.8",",,,a"
"ASN00090085","2011-07","-38.0831","142.9919","142.0","KOLORA WOORIWYRITE, AS","16",",a","9",",a","0",",a","20110705",",,a","8.2",",,a,05,","60.2",",,,a"
"ASN00090085","2011-08","-38.0831","142.9919","142.0","KOLORA WOORIWYRITE, AS","11",",a","5",",a","0",",a","20110807",",,a","11.8",",,a,07,","42.2",",,,a"
"ASN00090085","2011-09","-38.0831","142.9919","142.0","KOLORA WOORIWYRITE, AS","11",",a","7",",a","0",",a","20110930","+,,a","8.2",",,a,30,+","45.2",",,,a"
"ASN00090085","2011-10","-38.0831","142.9919","142.0","KOLORA WOORIWYRITE, AS","13",",a","6",",a","0",",a","20111001",",,a","16.2",",,a,01,","48.8",",,,a"
"ASN00090085","2011-11","-38.0831","142.9919","142.0","KOLORA WOORIWYRITE, AS","11",",a","5",",a","0",",a","20111119",",,a","13.4",",,a,19,","49.4",",,,a"
"ASN00090085","2011-12","-38.0831","142.9919","142.0","KOLORA WOORIWYRITE, AS","6",",a","1",",a","0",",a","20111218",",,a","10.4",",,a,18,","15.2",",,,a"
"ASN00090085","2012-01","-38.0831","142.9919","142.0","KOLORA WOORIWYRITE, AS","6",",a","1",",a","0",",a","20120111",",,a","9.4",",,a,11,","15.0",",,,a"
"ASN00090085","2012-02","-38.0831","142.9919","142.0","KOLORA WOORIWYRITE, AS","2",",a","0",",a","0",",a","20120206",",,a","2.2",",,a,06,","3.0",",,,a"
"ASN00090085","2012-03","-38.0831","142.9919","142.0","KOLORA WOORIWYRITE, AS","11",",a","7",",a","0",",a","20120324",",,a","11.0",",,a,24,","52.2",",,,a"
"ASN00090085","2012-04","-38.0831","142.9919","142.0","KOLORA WOORIWYRITE, AS","10",",a","4",",a","0",",a","20120424",",,a","7.4",",,a,24,","26.0",",,,a"
"ASN00090085","2012-05","-38.0831","142.9919","142.0","KOLORA WOORIWYRITE, AS","19",",a","5",",a","0",",a","20120525",",,a","15.2",",,a,25,","44.4",",,,a"
"ASN00090085","2012-06","-38.0831","142.9919","142.0","KOLORA WOORIWYRITE, AS","14",",a","8",",a","0",",a","20120621",",,a","13.4",",,a,21,","59.2",",,,a"
"ASN00090085","2012-07","-38.0831","142.9919","142.0","KOLORA WOORIWYRITE, AS","18",",a","12",",a","0",",a","20120727",",,a","10.0",",,a,27,","80.4",",,,a"
"ASN00090085","2012-09","-38.0831","142.9919","142.0","KOLORA WOORIWYRITE, AS","17",",a","12",",a","0",",a","20120929",",,a","11.0",",,a,29,","69.0",",,,a"
"ASN00090085","2012-10","-38.0831","142.9919","142.0","KOLORA WOORIWYRITE, AS","11",",a","6",",a","0",",a","20121012",",,a","8.4",",,a,12,","35.4",",,,a"
"ASN00090085","2012-12","-38.0831","142.9919","142.0","KOLORA WOORIWYRITE, AS","9",",a","5",",a","1",",a","20121215",",,a","27.0",",,a,15,","57.8",",,,a"
"ASN00090085","2013-01","-38.0831","142.9919","142.0","KOLORA WOORIWYRITE, AS","2",",a","0",",a","0",",a","20130109",",,a","1.6",",,a,09,","2.0",",,,a"
"ASN00090085","2013-02","-38.0831","142.9919","142.0","KOLORA WOORIWYRITE, AS","4",",a","2",",a","0",",a","20130201",",,a","10.0",",,a,01,","16.6",",,,a"
"ASN00090085","2013-04","-38.0831","142.9919","142.0","KOLORA WOORIWYRITE, AS","5",",a","1",",a","0",",a","20130423",",,a","6.0",",,a,23,","10.4",",,,a"
"ASN00090085","2013-06","-38.0831","142.9919","142.0","KOLORA WOORIWYRITE, AS","11",",a","4",",a","0",",a","20130601",",,a","22.0",",,a,01,","66.6",",,,a"
"ASN00090085","2013-07","-38.0831","142.9919","142.0","KOLORA WOORIWYRITE, AS","13",",a","9",",a","0",",a","20130714",",,a","20.0",",,a,14,","74.2",",,,a"
"ASN00090085","2013-08","-38.0831","142.9919","142.0","KOLORA WOORIWYRITE, AS","21",",a","15",",a","0",",a","20130804",",,a","13.8",",,a,04,","105.8",",,,a"
"ASN00090085","2013-09","-38.0831","142.9919","142.0","KOLORA WOORIWYRITE, AS","15",",a","7",",a","0",",a","20130917",",,a","13.4",",,a,17,","63.6",",,,a"
"ASN00090085","2013-10","-38.0831","142.9919","142.0","KOLORA WOORIWYRITE, AS","19",",a","9",",a","0",",a","20131023","+,,a","14.2",",,a,23,+","89.6",",,,a"
"ASN00090085","2013-11","-38.0831","142.9919","142.0","KOLORA WOORIWYRITE, AS","11",",a","5",",a","0",",a","20131109",",,a","10.2",",,a,09,","38.8",",,,a"
"ASN00090085","2013-12","-38.0831","142.9919","142.0","KOLORA WOORIWYRITE, AS","9",",a","6",",a","0",",a","20131206",",,a","7.2",",,a,06,","32.8",",,,a"
"ASN00090085","2014-01","-38.0831","142.9919","142.0","KOLORA WOORIWYRITE, AS","2",",a","2",",a","0",",a","20140102",",,a","21.2",",,a,02,","26.8",",,,a"
"ASN00090085","2014-02","-38.0831","142.9919","142.0","KOLORA WOORIWYRITE, AS","3",",a","2",",a","0",",a","20140220",",,a","5.4",",,a,20,","9.0",",,,a"
"ASN00090085","2014-03","-38.0831","142.9919","142.0","KOLORA WOORIWYRITE, AS","5",",a","3",",a","0",",a","20140322",",,a","9.0",",,a,22,","18.2",",,,a"
"ASN00090085","2014-04","-38.0831","142.9919","142.0","KOLORA WOORIWYRITE, AS","15",",a","7",",a","0",",a","20140430",",,a","23.0",",,a,30,","72.0",",,,a"
"ASN00090085","2014-05","-38.0831","142.9919","142.0","KOLORA WOORIWYRITE, AS","11",",a","5",",a","0",",a","20140528",",,a","7.2",",,a,28,","32.0",",,,a"
"ASN00090085","2014-06","-38.0831","142.9919","142.0","KOLORA WOORIWYRITE, AS","16",",a","11",",a","1",",a","20140630",",,a","32.0",",,a,30,","108.2",",,,a"
"ASN00090085","2014-07","-38.0831","142.9919","142.0","KOLORA WOORIWYRITE, AS","17",",a","10",",a","0",",a","20140710",",,a","19.6",",,a,10,","87.6",",,,a"
"ASN00090085","2014-08","-38.0831","142.9919","142.0","KOLORA WOORIWYRITE, AS","10",",a","6",",a","0",",a","20140801",",,a","13.0",",,a,01,","38.6",",,,a"
"ASN00090085","2014-11","-38.0831","142.9919","142.0","KOLORA WOORIWYRITE, AS","9",",a","6",",a","0",",a","20141116",",,a","11.0",",,a,16,","38.0",",,,a"
"ASN00090085","2014-12","-38.0831","142.9919","142.0","KOLORA WOORIWYRITE, AS","7",",a","3",",a","0",",a","20141204",",,a","8.2",",,a,04,","20.0",",,,a"
"ASN00090085","2015-01","-38.0831","142.9919","142.0","KOLORA WOORIWYRITE, AS","10",",a","5",",a","1",",a","20150113",",,a","32.0",",,a,13,","63.8",",,,a"
"ASN00090085","2015-03","-38.0831","142.9919","142.0","KOLORA WOORIWYRITE, AS","8",",a","5",",a","0",",a","20150327",",,a","11.6",",,a,27,","36.2",",,,a"
"ASN00090085","2015-04","-38.0831","142.9919","142.0","KOLORA WOORIWYRITE, AS","12",",a","5",",a","0",",a","20150419",",,a","3.6",",,a,19,","22.6",",,,a"
"ASN00090085","2015-06","-38.0831","142.9919","142.0","KOLORA WOORIWYRITE, AS","11",",a","5",",a","0",",a","20150605",",,a","7.4",",,a,05,","31.2",",,,a"
"ASN00090085","2015-07","-38.0831","142.9919","142.0","KOLORA WOORIWYRITE, AS","20",",a","10",",a","0",",a","20150715",",,a","7.4",",,a,15,","57.2",",,,a"
"ASN00090085","2015-08","-38.0831","142.9919","142.0","KOLORA WOORIWYRITE, AS","17",",a","6",",a","0",",a","20150803",",,a","11.2",",,a,03,","53.0",",,,a"
"ASN00090085","2015-09","-38.0831","142.9919","142.0","KOLORA WOORIWYRITE, AS","10",",a","5",",a","0",",a","20150908",",,a","12.8",",,a,08,","47.6",",,,a"
"ASN00090085","2015-10","-38.0831","142.9919","142.0","KOLORA WOORIWYRITE, AS","3",",a","1",",a","1",",a","20151031",",,a","36.2",",,a,31,","38.0",",,,a"
"ASN00090085","2015-11","-38.0831","142.9919","142.0","KOLORA WOORIWYRITE, AS","8",",a","4",",a","0",",a","20151126",",,a","5.4",",,a,26,","19.0",",,,a"
"ASN00090085","2015-12","-38.0831","142.9919","142.0","KOLORA WOORIWYRITE, AS","9",",a","2",",a","0",",a","20151226",",,a","22.0",",,a,26,","36.4",",,,a"
"ASN00090085","2016-01","-38.0831","142.9919","142.0","KOLORA WOORIWYRITE, AS","5",",a","4",",a","0",",a","20160131",",,a","24.0",",,a,31,","56.4",",,,a"
"ASN00090085","2016-03","-38.0831","142.9919","142.0","KOLORA WOORIWYRITE, AS","7",",a","3",",a","0",",a","20160318",",,a","10.6",",,a,18,","24.2",",,,a"
"ASN00090085","2016-04","-38.0831","142.9919","142.0","KOLORA WOORIWYRITE, AS","7",",a","3",",a","0",",a","20160406",",,a","11.6",",,a,06,","23.8",",,,a"
"ASN00090085","2016-05","-38.0831","142.9919","142.0","KOLORA WOORIWYRITE, AS","15",",a","11",",a","1",",a","20160509",",,a","37.0",",,a,09,","118.6",",,,a"
"ASN00090085","2016-06","-38.0831","142.9919","142.0","KOLORA WOORIWYRITE, AS","17",",a","7",",a","0",",a","20160611",",,a","10.0",",,a,11,","64.2",",,,a"
"ASN00090085","2016-07","-38.0831","142.9919","142.0","KOLORA WOORIWYRITE, AS","22",",a","12",",a","0",",a","20160722",",,a","16.4",",,a,22,","94.0",",,,a"
"ASN00090085","2016-08","-38.0831","142.9919","142.0","KOLORA WOORIWYRITE, AS","17",",a","6",",a","0",",a","20160819",",,a","16.0",",,a,19,","55.0",",,,a"
"ASN00090085","2016-09","-38.0831","142.9919","142.0","KOLORA WOORIWYRITE, AS","16",",a","9",",a","1",",a","20160914",",,a","29.2",",,a,14,","104.6",",,,a"
"ASN00090085","2016-10","-38.0831","142.9919","142.0","KOLORA WOORIWYRITE, AS","16",",a","11",",a","0",",a","20161022",",,a","17.2",",,a,22,","99.2",",,,a"
"ASN00090085","2016-11","-38.0831","142.9919","142.0","KOLORA WOORIWYRITE, AS","10",",a","5",",a","0",",a","20161113",",,a","11.0",",,a,13,","37.6",",,,a"
"ASN00090085","2016-12","-38.0831","142.9919","142.0","KOLORA WOORIWYRITE, AS","8",",a","5",",a","0",",a","20161229",",,a","9.8",",,a,29,","37.2",",,,a"
"ASN00090085","2017-01","-38.0831","142.9919","142.0","KOLORA WOORIWYRITE, AS","4",",a","3",",a","1",",a","20170120",",,a","27.8",",,a,20,","47.6",",,,a"
"ASN00090085","2017-07","-38.0831","142.9919","142.0","KOLORA WOORIWYRITE, AS","20",",a","8",",a","0",",a","20170728",",,a","12.8",",,a,28,","57.0",",,,a"
"ASN00090085","2017-08","-38.0831","142.9919","142.0","KOLORA WOORIWYRITE, AS","18",",a","11",",a","0",",a","20170824","+,,a","11.6",",,a,24,+","77.8",",,,a"
"ASN00090085","2017-12","-38.0831","142.9919","142.0","KOLORA WOORIWYRITE, AS","5",",a","2",",a","0",",a","20171208",",,a","8.4",",,a,08,","17.4",",,,a"
"ASN00090085","2018-03","-38.0831","142.9919","142.0","KOLORA WOORIWYRITE, AS","7",",a","5",",a","0",",a","20180324",",,a","12.6",",,a,24,","27.0",",,,a"
"ASN00090085","2018-08","-38.0831","142.9919","142.0","KOLORA WOORIWYRITE, AS","19",",a","10",",a","0",",a","20180819",",,a","13.4",",,a,19,","73.4",",,,a"
"ASN00090085","2018-09","-38.0831","142.9919","142.0","KOLORA WOORIWYRITE, AS","12",",a","4",",a","0",",a","20180916",",,a","11.6",",,a,16,","32.4",",,,a"
"ASN00090085","2018-10","-38.0831","142.9919","142.0","KOLORA WOORIWYRITE, AS","10",",a","4",",a","0",",a","20181018",",,a","9.4",",,a,18,","27.0",",,,a"
"ASN00090085","2018-12","-38.0831","142.9919","142.0","KOLORA WOORIWYRITE, AS","12",",a","6",",a","0",",a","20181215",",,a","20.4",",,a,15,","64.2",",,,a"
"ASN00090085","2019-01","-38.0831","142.9919","142.0","KOLORA WOORIWYRITE, AS","3",",a","0",",a","0",",a","20190106",",,a","1.2",",,a,06,","3.2",",,,a"
"ASN00090085","2019-05","-38.0831","142.9919","142.0","KOLORA WOORIWYRITE, AS","19",",a","9",",a","1",",a","20190510",",,a","36.6",",,a,10,","128.6",",,,a"
"ASN00090085","2019-09","-38.0831","142.9919","142.0","KOLORA WOORIWYRITE, AS","14",",a","7",",a","0",",a","20190916",",,a","18.6",",,a,16,","59.8",",,,a"
"ASN00090085","2019-10","-38.0831","142.9919","142.0","KOLORA WOORIWYRITE, AS","17",",a","9",",a","0",",a","20191018",",,a","11.8",",,a,18,","52.8",",,,a"
"ASN00090085","2019-11","-38.0831","142.9919","142.0","KOLORA WOORIWYRITE, AS","12",",a","5",",a","0",",a","20191108",",,a","14.2",",,a,08,","46.6",",,,a"
"ASN00090085","2019-12","-38.0831","142.9919","142.0","KOLORA WOORIWYRITE, AS","11",",a","1",",a","0",",a","20191202",",,a","10.4",",,a,02,","21.0",",,,a"
"ASN00090085","2020-01","-38.0831","142.9919","142.0","KOLORA WOORIWYRITE, AS","5",",a","2",",a","0",",a","20200123",",,a","12.4",",,a,23,","23.8",",,,a"
"ASN00090085","2020-02","-38.0831","142.9919","142.0","KOLORA WOORIWYRITE, AS","8",",a","6",",a","1",",a","20200201",",,a","25.8",",,a,01,","71.2",",,,a"
"ASN00090085","2020-05","-38.0831","142.9919","142.0","KOLORA WOORIWYRITE, AS","16",",a","7",",a","1",",a","20200501",",,a","27.0",",,a,01,","97.2",",,,a"
"ASN00090085","2020-06","-38.0831","142.9919","142.0","KOLORA WOORIWYRITE, AS","13",",a","5",",a","0",",a","20200623",",,a","11.8",",,a,23,","42.2",",,,a"
"ASN00090085","2020-10","-38.0831","142.9919","142.0","KOLORA WOORIWYRITE, AS","10",",a","8",",a","0",",a","20201005",",,a","24.4",",,a,05,","88.8",",,,a"
"ASN00090085","2020-12","-38.0831","142.9919","142.0","KOLORA WOORIWYRITE, AS","11",",a","5",",a","0",",a","20201222",",,a","16.6",",,a,22,","43.6",",,,a"
"ASN00090085","2021-04","-38.0831","142.9919","142.0","KOLORA WOORIWYRITE, AS","13",",a","4",",a","0",",a","20210411",",,a","13.2",",,a,11,","40.4",",,,a"
"ASN00090085","2021-05","-38.0831","142.9919","142.0","KOLORA WOORIWYRITE, AS","10",",a","8",",a","1",",a","20210504",",,a","27.8",",,a,04,","71.4",",,,a"
"ASN00090085","2021-06","-38.0831","142.9919","142.0","KOLORA WOORIWYRITE, AS","12",",a","7",",a","1",",a","20210609",",,a","35.0",",,a,09,","92.8",",,,a"
"ASN00090085","2021-07","-38.0831","142.9919","142.0","KOLORA WOORIWYRITE, AS","20",",a","9",",a","0",",a","20210718",",,a","17.4",",,a,18,","87.4",",,,a"
"ASN00090085","2021-08","-38.0831","142.9919","142.0","KOLORA WOORIWYRITE, AS","20",",a","8",",a","0",",a","20210803",",,a","11.4",",,a,03,","66.2",",,,a"
"ASN00090085","2021-09","-38.0831","142.9919","142.0","KOLORA WOORIWYRITE, AS","16",",a","6",",a","0",",a","20210904",",,a","14.6",",,a,04,","58.0",",,,a"
"ASN00090085","2021-10","-38.0831","142.9919","142.0","KOLORA WOORIWYRITE, AS","17",",a","6",",a","1",",a","20211014",",,a","26.2",",,a,14,","89.0",",,,a"
"ASN00090085","2021-11","-38.0831","142.9919","142.0","KOLORA WOORIWYRITE, AS","7",",a","4",",a","0",",a","20211113",",,a","11.0",",,a,13,","42.2",",,,a"
"ASN00090085","2021-12","-38.0831","142.9919","142.0","KOLORA WOORIWYRITE, AS","3",",a","1",",a","0",",a","20211220",",,a","8.8",",,a,20,","10.0",",,,a"
"ASN00090085","2022-01","-38.0831","142.9919","142.0","KOLORA WOORIWYRITE, AS","7",",a","6",",a","0",",a","20220129",",,a","20.6",",,a,29,","62.0",",,,a"
"ASN00090085","2022-02","-38.0831","142.9919","142.0","KOLORA WOORIWYRITE, AS","2",",a","0",",a","0",",a","20220221",",,a","1.0",",,a,21,","2.2",",,,a"
"ASN00090085","2022-03","-38.0831","142.9919","142.0","KOLORA WOORIWYRITE, AS","7",",a","3",",a","0",",a","20220302",",,a","15.8",",,a,02,","39.0",",,,a"
"ASN00090085","2022-04","-38.0831","142.9919","142.0","KOLORA WOORIWYRITE, AS","7",",a","4",",a","0",",a","20220430",",,a","11.0",",,a,30,","33.6",",,,a"
"ASN00090085","2022-05","-38.0831","142.9919","142.0","KOLORA WOORIWYRITE, AS","16",",a","3",",a","0",",a","20220507",",,a","3.8",",,a,07,","27.6",",,,a"
"ASN00090085","2022-06","-38.0831","142.9919","142.0","KOLORA WOORIWYRITE, AS","21",",a","12",",a","0",",a","20220601",",,a","15.0",",,a,01,","79.4",",,,a"
"ASN00090085","2022-07","-38.0831","142.9919","142.0","KOLORA WOORIWYRITE, AS","19",",a","8",",a","0",",a","20220718",",,a","8.6",",,a,18,","55.4",",,,a"
"ASN00090085","2022-09","-38.0831","142.9919","142.0","KOLORA WOORIWYRITE, AS","16",",a","8",",a","0",",a","20220927",",,a","19.6",",,a,27,","77.6",",,,a"
"ASN00090085","2022-10","-38.0831","142.9919","142.0","KOLORA WOORIWYRITE, AS","17",",a","15",",a","3",",a","20221013",",,a","34.4",",,a,13,","176.2",",,,a"
"ASN00090085","2022-11","-38.0831","142.9919","142.0","KOLORA WOORIWYRITE, AS","17",",a","10",",a","0",",a","20221120",",,a","23.0",",,a,20,","79.4",",,,a"
"ASN00090085","2022-12","-38.0831","142.9919","142.0","KOLORA WOORIWYRITE, AS","9",",a","4",",a","0",",a","20221212",",,a","15.0",",,a,12,","35.8",",,,a"
"ASN00090085","2023-01","-38.0831","142.9919","142.0","KOLORA WOORIWYRITE, AS","4",",a","2",",a","0",",a","20230118",",,a","5.4",",,a,18,","12.2",",,,a"
"ASN00090085","2023-02","-38.0831","142.9919","142.0","KOLORA WOORIWYRITE, AS","5",",a","4",",a","0",",a","20230203",",,a","21.2",",,a,03,","57.6",",,,a"
"ASN00090085","2023-03","-38.0831","142.9919","142.0","KOLORA WOORIWYRITE, AS","8",",a","5",",a","0",",a","20230323",",,a","13.2",",,a,23,","41.6",",,,a"
"ASN00090085","2023-04","-38.0831","142.9919","142.0","KOLORA WOORIWYRITE, AS","13",",a","8",",a","0",",a","20230408",",,a","22.0",",,a,08,","78.8",",,,a"
"ASN00090085","2023-05","-38.0831","142.9919","142.0","KOLORA WOORIWYRITE, AS","17",",a","7",",a","0",",a","20230503",",,a","11.2",",,a,03,","53.6",",,,a"
"ASN00090085","2023-06","-38.0831","142.9919","142.0","KOLORA WOORIWYRITE, AS","22",",a","11",",a","0",",a","20230619",",,a","16.4",",,a,19,","86.4",",,,a"
"ASN00090085","2023-07","-38.0831","142.9919","142.0","KOLORA WOORIWYRITE, AS","13",",a","6",",a","0",",a","20230728",",,a","7.8",",,a,28,","38.4",",,,a"
"ASN00090085","2023-08","-38.0831","142.9919","142.0","KOLORA WOORIWYRITE, AS","14",",a","5",",a","0",",a","20230818",",,a","9.2",",,a,18,","37.0",",,,a"
"ASN00090085","2023-10","-38.0831","142.9919","142.0","KOLORA WOORIWYRITE, AS","14",",a","7",",a","0",",a","20231031",",,a","8.6",",,a,31,","59.8",",,,a"
"ASN00090085","2023-11","-38.0831","142.9919","142.0","KOLORA WOORIWYRITE, AS","7",",a","3",",a","0",",a","20231125",",,a","13.6",",,a,25,","29.2",",,,a"
"ASN00090085","2023-12","-38.0831","142.9919","142.0","KOLORA WOORIWYRITE, AS","11",",a","6",",a","0",",a","20231225",",,a","21.0",",,a,25,","64.6",",,,a"
