"STATION","DATE","LATITUDE","LONGITUDE","ELEVATION","NAME","CDSD","CDSD_ATTRIBUTES","CLDD","CLDD_ATTRIBUTES","DP01","DP01_ATTRIBUTES","DP10","DP10_ATTRIBUTES","DP1X","DP1X_ATTRIBUTES","DT00","DT00_ATTRIBUTES","DT32","DT32_ATTRIBUTES","DX32","DX32_ATTRIBUTES","DX70","DX70_ATTRIBUTES","DX90","DX90_ATTRIBUTES","DYNT","DYNT_ATTRIBUTES","DYXP","DYXP_ATTRIBUTES","DYXT","DYXT_ATTRIBUTES","EMNT","EMNT_ATTRIBUTES","EMXP","EMXP_ATTRIBUTES","EMXT","EMXT_ATTRIBUTES","HDSD","HDSD_ATTRIBUTES","HTDD","HTDD_ATTRIBUTES","PRCP","PRCP_ATTRIBUTES","TAVG","TAVG_ATTRIBUTES","TMAX","TMAX_ATTRIBUTES","TMIN","TMIN_ATTRIBUTES"
"ASN00027054","1750-03","-10.0511","143.0686","3.5","COCONUT ISLAND, AS","","","284.5","5,a","21","2,a","12","2,a","5","2,a","0","4,a","0","4,a","0","3,a","28","3,a","15","3,a","17500312",",4,a","17500322",",2,a","17500328",",3,a","24.4","4,a,12,","62.6","2,,a,22,","35.4","3,a,28,","","","0.0","3,a","286.6","2,,,a","29.30","5,a","32.32","3,,,a","26.27","4,,,a"
"ASN00027054","1750-05","-10.0511","143.0686","3.5","COCONUT ISLAND, AS","","","319.3","2,a","18","3,a","11","3,a","2","3,a","0","1,a","0","1,a","0","2,a","29","2,a","13","2,a","17500511",",1,a","17500501",",3,a","17500507",",2,a","25.1","1,a,11,","39.2","3,,a,01,","34.0","2,a,07,","","","0.0","2,a","162.6","3,,,a","29.36","2,a","32.01","2,,,a","26.71","1,,,a"
"ASN00027054","1997-05","-10.0511","143.0686","3.5","COCONUT ISLAND, AS","","","","","2","4,a","0","4,a","0","4,a","0","5,a","0","5,a","0","4,a","27","4,a","0","4,a","19970525","+,5,a","19970518",",4,a","19970529","+,4,a","22.0","5,a,25,+","2.0","4,,a,18,","30.0","4,a,29,+","","","","","2.8","4,,,a","26.46","8,a","29.04","4,,,a","23.88","5,,,a"
"ASN00027054","1997-06","-10.0511","143.0686","3.5","COCONUT ISLAND, AS","","","","","7","4,a","3","4,a","1","4,a","0","4,a","0","4,a","0","5,a","25","5,a","0","5,a","19970622","+,4,a","19970622",",4,a","19970604","+,5,a","22.0","4,a,22,+","28.0","4,,a,22,","30.0","5,a,04,+","","","","","43.2","4,,,a","25.85","8,a","28.28","5,,,a","23.42","4,,,a"
"ASN00027054","1997-07","-10.0511","143.0686","3.5","COCONUT ISLAND, AS","","","","","14","3,a","1","3,a","0","3,a","0","3,a","0","3,a","0","4,a","27","4,a","0","4,a","19970731","+,3,a","19970704",",3,a","19970703",",4,a","22.0","3,a,31,+","5.0","3,,a,04,","29.0","4,a,03,","","","","","18.2","3,,,a","25.22","6,a","27.30","4,,,a","23.14","3,,,a"
"ASN00027054","1997-08","-10.0511","143.0686","3.5","COCONUT ISLAND, AS","","","197.0","1,a","3",",a","1",",a","0",",a","0","1,a","0","1,a","0",",a","31",",a","0",",a","19970822",",1,a","19970822",",,a","19970831",",,a","20.0","1,a,22,","3.0",",,a,22,","29.0",",a,31,","","","0.0",",a","6.4",",,,a","24.91","1,a","27.61",",,,a","22.20","1,,,a"
"ASN00027054","1997-09","-10.0511","143.0686","3.5","COCONUT ISLAND, AS","","","200.0","3,a","1","1,a","1","1,a","0","1,a","0","2,a","0","2,a","0","1,a","29","1,a","0","1,a","19970924","+,2,a","19970917",",1,a","19970930","+,1,a","22.0","2,a,24,+","3.0","1,,a,17,","30.0","1,a,30,+","","","0.0","1,a","3.2","1,,,a","25.71","3,a","28.52","1,,,a","22.89","2,,,a"
"ASN00027054","1997-10","-10.0511","143.0686","3.5","COCONUT ISLAND, AS","","","204.8","5,a","1","1,a","1","1,a","0","1,a","0","4,a","0","4,a","0","1,a","30","1,a","0","1,a","19971028","+,4,a","19971028",",1,a","19971022",",1,a","22.0","4,a,28,+","4.0","1,,a,28,","31.0","1,a,22,","","","0.0","1,a","4.0","1,,,a","26.24","5,a","29.33","1,,,a","23.15","4,,,a"
"ASN00027054","1997-11","-10.0511","143.0686","3.5","COCONUT ISLAND, AS","","","238.8","4,a","0","2,a","0","2,a","0","2,a","0","2,a","0","2,a","0","2,a","28","2,a","0","2,a","19971105","+,2,a","19971130","+,2,a","19971130","+,2,a","23.0","2,a,05,+","0.0","2,,a,30,+","32.0","2,a,30,+","","","0.0","2,a","0.0","2,,,a","27.52","4,a","30.64","2,,,a","24.39","2,,,a"
"ASN00027054","1997-12","-10.0511","143.0686","3.5","COCONUT ISLAND, AS","","","291.7","4,a","5","2,a","2","2,a","2","2,a","0","2,a","0","2,a","0","2,a","29","2,a","14","2,a","19971203",",2,a","19971227",",2,a","19971223","+,2,a","22.0","2,a,03,","42.0","2,,a,27,","34.0","2,a,23,+","","","0.0","2,a","86.6","2,,,a","29.08","4,a","32.32","2,,,a","25.83","2,,,a"
"ASN00027054","1998-01","-10.0511","143.0686","3.5","COCONUT ISLAND, AS","","","","","14","3,a","8","3,a","2","3,a","0","4,a","0","4,a","0","3,a","28","3,a","8","3,a","19980122",",4,a","19980119",",3,a","19980113",",3,a","22.0","4,a,22,","115.0","3,,a,19,","34.0","3,a,13,","","","","","204.0","3,,,a","28.99","6,a","31.68","3,,,a","26.30","4,,,a"
"ASN00027054","1998-02","-10.0511","143.0686","3.5","COCONUT ISLAND, AS","","","","","13","3,a","11","3,a","2","3,a","0","3,a","0","3,a","0","3,a","25","3,a","5","3,a","19980227","+,3,a","19980221",",3,a","19980217",",3,a","24.0","3,a,27,+","86.0","3,,a,21,","34.0","3,a,17,","","","","","221.2","3,,,a","28.86","6,a","31.64","3,,,a","26.08","3,,,a"
"ASN00027054","1998-03","-10.0511","143.0686","3.5","COCONUT ISLAND, AS","","","","","16","4,a","13","4,a","6","4,a","0","4,a","0","4,a","0","4,a","27","4,a","1","4,a","19980301",",4,a","19980317",",4,a","19980309",",4,a","23.0","4,a,01,","141.0","4,,a,17,","33.0","4,a,09,","","","","","543.6","4,,,a","28.07","7,a","30.63","4,,,a","25.52","4,,,a"
"ASN00027054","1998-04","-10.0511","143.0686","3.5","COCONUT ISLAND, AS","","","272.8","4,a","9","1,a","7","1,a","0","1,a","0","2,a","0","2,a","0","2,a","28","2,a","2","2,a","19980407",",2,a","19980415",",1,a","19980423","+,2,a","25.0","2,a,07,","13.0","1,,a,15,","33.0","2,a,23,+","","","0.0","2,a","40.8","1,,,a","28.79","4,a","30.89","2,,,a","26.68","2,,,a"
"ASN00027054","1998-05","-10.0511","143.0686","3.5","COCONUT ISLAND, AS","","","250.0","4,a","14","1,a","10","1,a","2","1,a","0","3,a","0","3,a","0","1,a","30","1,a","0","1,a","19980529",",3,a","19980504",",1,a","19980520","+,1,a","22.0","3,a,29,","56.0","1,,a,04,","31.0","1,a,20,+","","","0.0","1,a","138.8","1,,,a","27.59","4,a","29.53","1,,,a","25.64","3,,,a"
"ASN00027054","1998-06","-10.0511","143.0686","3.5","COCONUT ISLAND, AS","","","","","12","5,a","4","5,a","0","5,a","","","","","","","","","","","","","19980610",",5,a","","","","","20.0","5,,a,10,","","","","","","","49.2","5,,,a","","","","","",""
"ASN00027054","1998-07","-10.0511","143.0686","3.5","COCONUT ISLAND, AS","218.3","a","218.3","5,a","1","1,a","0","1,a","0","1,a","0","3,a","0","3,a","0","2,a","29","2,a","0","2,a","19980728",",3,a","19980701",",1,a","19980701",",2,a","21.0","3,a,28,","0.4","1,,a,01,","30.0","2,a,01,","","","0.0","2,a","0.4","1,,,a","26.72","5,a","28.83","2,,,a","24.61","3,,,a"
"ASN00027054","1998-08","-10.0511","143.0686","3.5","COCONUT ISLAND, AS","439.3","a","221.0","4,a","0","1,a","0","1,a","0","1,a","0","3,a","0","3,a","0","1,a","30","1,a","0","1,a","19980828",",3,a","19980831","+,1,a","19980831","+,1,a","22.0","3,a,28,","0.0","1,,a,31,+","31.0","1,a,31,+","","","0.0","1,a","0.0","1,,,a","26.50","4,a","28.97","1,,,a","24.04","3,,,a"
"ASN00027054","1998-09","-10.0511","143.0686","3.5","COCONUT ISLAND, AS","709.1","a","269.8","1,a","1",",a","1",",a","0",",a","0",",a","0",",a","0","1,a","29","1,a","0","1,a","19980930","+,,a","19980930",",,a","19980929","+,1,a","24.0",",a,30,+","9.0",",,a,30,","31.0","1,a,29,+","","","0.0","1,a","9.4",",,,a","27.65","1,a","30.17","1,,,a","25.12",",,,a"
"ASN00027054","1998-10","-10.0511","143.0686","3.5","COCONUT ISLAND, AS","","","","","4","3,a","0","3,a","0","3,a","0","3,a","0","3,a","0","5,a","26","5,a","7","5,a","19981001",",3,a","19981001",",3,a","19981029","+,5,a","22.0","3,a,01,","2.0","3,,a,01,","33.0","5,a,29,+","","","","","4.8","3,,,a","28.94","8,a","31.96","5,,,a","25.93","3,,,a"
"ASN00027054","1998-11","-10.0511","143.0686","3.5","COCONUT ISLAND, AS","","","","","10","2,a","8","2,a","3","2,a","","","","","0","2,a","28","2,a","7","2,a","","","19981113",",2,a","19981127","+,2,a","","","49.0","2,,a,13,","33.0","2,a,27,+","","","","","189.0","2,,,a","","","31.46","2,,,a","",""
"ASN00027054","1998-12","-10.0511","143.0686","3.5","COCONUT ISLAND, AS","","","276.8","2,a","19",",a","13",",a","6",",a","0","1,a","0","1,a","0","1,a","30","1,a","1","1,a","19981224",",1,a","19981214",",,a","19981222",",1,a","23.0","1,a,24,","123.0",",,a,14,","33.0","1,a,22,","","","0.0","1,a","372.6",",,,a","27.88","2,a","30.50","1,,,a","25.27","1,,,a"
"ASN00027054","1999-01","-10.0511","143.0686","3.5","COCONUT ISLAND, AS","","","283.7","3,a","16",",a","11",",a","2",",a","0","1,a","0","1,a","0","2,a","29","2,a","4","2,a","19990124","+,1,a","19990122",",,a","19990105",",2,a","24.0","1,a,24,+","64.0",",,a,22,","34.0","2,a,05,","0.0","a","0.0","2,a","220.0",",,,a","28.43","3,a","31.00","2,,,a","25.87","1,,,a"
"ASN00027054","1999-02","-10.0511","143.0686","3.5","COCONUT ISLAND, AS","","","","","18","2,a","13","2,a","4","2,a","0","2,a","0","2,a","0","5,a","23","5,a","0","5,a","19990205",",2,a","19990212",",2,a","19990220","+,5,a","22.0","2,a,05,","118.0","2,,a,12,","31.0","5,a,20,+","","","","","347.0","2,,,a","27.06","6,a","29.26","5,,,a","24.86","2,,,a"
"ASN00027054","1999-03","-10.0511","143.0686","3.5","COCONUT ISLAND, AS","","","272.2","3,a","21",",a","14",",a","2",",a","0","2,a","0","2,a","0","1,a","30","1,a","2","1,a","19990328","+,2,a","19990326",",,a","19990322","+,1,a","23.0","2,a,28,+","68.0",",,a,26,","33.0","1,a,22,+","","","0.0","1,a","237.2",",,,a","28.09","3,a","30.60","1,,,a","25.59","2,,,a"
"ASN00027054","1999-06","-10.0511","143.0686","3.5","COCONUT ISLAND, AS","","","205.3","4,a","12","2,a","4","2,a","0","2,a","0","3,a","0","3,a","0","2,a","28","2,a","0","2,a","19990629","+,3,a","19990607",",2,a","19990606",",2,a","23.0","3,a,29,+","10.0","2,,a,07,","30.0","2,a,06,","","","0.0","2,a","34.8","2,,,a","26.20","4,a","28.18","2,,,a","24.22","3,,,a"
"ASN00027054","1999-07","-10.0511","143.0686","3.5","COCONUT ISLAND, AS","214.7","a","214.7",",a","11",",a","2",",a","0",",a","0",",a","0",",a","0",",a","31",",a","0",",a","19990701",",,a","19990701",",,a","19990729","+,,a","20.0",",a,01,","8.0",",,a,01,","28.0",",a,29,+","","","0.0",",a","23.6",",,,a","25.26",",a","27.45",",,,a","23.06",",,,a"
"ASN00027054","1999-10","-10.0511","143.0686","3.5","COCONUT ISLAND, AS","","","279.0","1,a","2",",a","0",",a","0",",a","0","1,a","0","1,a","0",",a","31",",a","0",",a","19991011",",1,a","19991012",",,a","19991031","+,,a","19.0","1,a,11,","0.6",",,a,12,","32.0",",a,31,+","","","0.0",",a","1.6",",,,a","27.64","1,a","30.52",",,,a","24.77","1,,,a"
"ASN00027054","1999-11","-10.0511","143.0686","3.5","COCONUT ISLAND, AS","","","276.0","3,a","13",",a","11",",a","2",",a","0","3,a","0","3,a","0",",a","30",",a","9",",a","19991126","+,3,a","19991125",",,a","19991109",",,a","23.0","3,a,26,+","87.0",",,a,25,","35.0",",a,09,","","","0.0",",a","224.0",",,,a","28.55","3,a","31.80",",,,a","25.30","3,,,a"
"ASN00027054","1999-12","-10.0511","143.0686","3.5","COCONUT ISLAND, AS","","","308.0","1,a","20",",a","14",",a","2",",a","0","1,a","0","1,a","0",",a","31",",a","11",",a","19991228",",1,a","19991228",",,a","19991221",",,a","23.0","1,a,28,","86.0",",,a,28,","34.0",",a,21,","","","0.0",",a","247.4",",,,a","28.61","1,a","31.68",",,,a","25.53","1,,,a"
"ASN00027054","2000-01","-10.0511","143.0686","3.5","COCONUT ISLAND, AS","","","302.7",",a","18",",a","15",",a","5",",a","0",",a","0",",a","0",",a","31",",a","13",",a","20000117","+,,a","20000117",",,a","20000107","+,,a","18.0",",a,17,+","117.0",",,a,17,","34.0",",a,07,+","0.0","a","0.0",",a","443.8",",,,a","28.10",",a","31.65",",,,a","24.55",",,,a"
"ASN00027054","2000-02","-10.0511","143.0686","3.5","COCONUT ISLAND, AS","","","","","21","1,a","18","1,a","5","1,a","0","5,a","0","5,a","0","1,a","28","1,a","8","1,a","20000203",",5,a","20000206",",1,a","20000218","+,1,a","21.0","5,a,03,","92.0","1,,a,06,","34.0","1,a,18,+","","","","","344.0","1,,,a","28.48","6,a","31.50","1,,,a","25.46","5,,,a"
"ASN00027054","2000-05","-10.0511","143.0686","3.5","COCONUT ISLAND, AS","","","255.2","3,a","0","1,a","0","1,a","0","1,a","0","2,a","0","2,a","0","1,a","30","1,a","0","1,a","20000518","+,2,a","20000531","+,1,a","20000525","+,1,a","23.0","2,a,18,+","0.0","1,,a,31,+","31.0","1,a,25,+","","","0.0","1,a","0.0","1,,,a","27.45","3,a","29.67","1,,,a","25.24","2,,,a"
"ASN00027054","2000-06","-10.0511","143.0686","3.5","COCONUT ISLAND, AS","","","228.3","1,a","0",",a","0",",a","0",",a","0","1,a","0","1,a","0",",a","30",",a","0",",a","20000630","+,1,a","20000630","+,,a","20000609","+,,a","23.0","1,a,30,+","0.0",",,a,30,+","30.0",",a,09,+","","","0.0",",a","0.0",",,,a","26.22","1,a","28.30",",,,a","24.14","1,,,a"
"ASN00027054","2000-07","-10.0511","143.0686","3.5","COCONUT ISLAND, AS","203.8","a","203.8","2,a","0","1,a","0","1,a","0","1,a","0","1,a","0","1,a","0","1,a","30","1,a","0","1,a","20000722",",1,a","20000731","+,1,a","20000723","+,1,a","19.0","1,a,22,","0.0","1,,a,31,+","29.0","1,a,23,+","","","0.0","1,a","0.0","1,,,a","25.37","2,a","27.80","1,,,a","22.93","1,,,a"
"ASN00027054","2000-08","-10.0511","143.0686","3.5","COCONUT ISLAND, AS","410.3","a","206.5","4,a","0","2,a","0","2,a","0","2,a","0","2,a","0","2,a","0","2,a","29","2,a","0","2,a","20000801",",2,a","20000831","+,2,a","20000831",",2,a","22.0","2,a,01,","0.0","2,,a,31,+","31.0","2,a,31,","","","0.0","2,a","0.0","2,,,a","26.00","4,a","28.52","2,,,a","23.48","2,,,a"
"ASN00027054","2000-09","-10.0511","143.0686","3.5","COCONUT ISLAND, AS","","","","","5","3,a","0","3,a","0","3,a","","","","","","","","","","","","","20000924",",3,a","","","","","1.0","3,,a,24,","","","","","","","3.7","3,,,a","","","","","",""
"ASN00027054","2000-10","-10.0511","143.0686","3.5","COCONUT ISLAND, AS","","","278.7","3,a","7",",a","2",",a","1",",a","0","2,a","0","2,a","0","2,a","29","2,a","2","2,a","20001031","+,2,a","20001022",",,a","20001024","+,2,a","24.0","2,a,31,+","35.0",",,a,22,","33.0","2,a,24,+","","","0.0","2,a","44.8",",,,a","28.29","3,a","31.41","2,,,a","25.17","2,,,a"
"ASN00027054","2000-11","-10.0511","143.0686","3.5","COCONUT ISLAND, AS","","","","","5","3,a","2","3,a","0","3,a","","","","","0","3,a","27","3,a","20","3,a","","","20001125",",3,a","20001108",",3,a","","","13.0","3,,a,25,","36.0","3,a,08,","","","","","19.8","3,,,a","","","33.15","3,,,a","",""
"ASN00027054","2000-12","-10.0511","143.0686","3.5","COCONUT ISLAND, AS","","","306.0","1,a","21",",a","16",",a","4",",a","0","1,a","0","1,a","0",",a","31",",a","7",",a","20001211",",1,a","20001201",",,a","20001223",",,a","22.0","1,a,11,","91.0",",,a,01,","34.0",",a,23,","","","0.0",",a","351.6",",,,a","28.56","1,a","31.52",",,,a","25.60","1,,,a"
"ASN00027054","2001-01","-10.0511","143.0686","3.5","COCONUT ISLAND, AS","","","298.7","3,a","12","2,a","9","2,a","3","2,a","0","2,a","0","2,a","0","2,a","29","2,a","14","2,a","20010115","+,2,a","20010106",",2,a","20010129",",2,a","23.0","2,a,15,+","184.0","2,,a,06,","36.0","2,a,29,","0.0","a","0.0","2,a","334.0","2,,,a","29.05","3,a","32.00","2,,,a","26.10","2,,,a"
"ASN00027054","2001-02","-10.0511","143.0686","3.5","COCONUT ISLAND, AS","","","258.2","3,a","18","1,a","15","1,a","4","1,a","0","2,a","0","2,a","0","1,a","27","1,a","5","1,a","20010214",",2,a","20010214",",1,a","20010202",",1,a","21.0","2,a,14,","44.0","1,,a,14,","35.0","1,a,02,","0.0","a","0.0","1,a","268.8","1,,,a","28.69","3,a","31.37","1,,,a","26.00","2,,,a"
"ASN00027054","2001-03","-10.0511","143.0686","3.5","COCONUT ISLAND, AS","","","356.2",",a","17",",a","10",",a","5",",a","0",",a","0",",a","0",",a","31",",a","22",",a","20010327",",,a","20010308",",,a","20010328","+,,a","22.0",",a,27,","109.0",",,a,08,","35.0",",a,28,+","0.0","a","0.0",",a","385.8",",,,a","29.82",",a","33.13",",,,a","26.52",",,,a"
"ASN00027054","2001-04","-10.0511","143.0686","3.5","COCONUT ISLAND, AS","","","327.0",",a","24",",a","11",",a","2",",a","0",",a","0",",a","0",",a","30",",a","12",",a","20010401",",,a","20010404",",,a","20010405","+,,a","19.0",",a,01,","52.0",",,a,04,","34.0",",a,05,+","0.0","a","0.0",",a","212.2",",,,a","29.23",",a","32.10",",,,a","26.37",",,,a"
"ASN00027054","2001-05","-10.0511","143.0686","3.5","COCONUT ISLAND, AS","","","312.5","1,a","9",",a","3",",a","0",",a","0","1,a","0","1,a","0",",a","31",",a","3",",a","20010517",",1,a","20010521","+,,a","20010516","+,,a","24.0","1,a,17,","7.0",",,a,21,+","33.0",",a,16,+","0.0","a","0.0",",a","22.8",",,,a","28.76","1,a","31.42",",,,a","26.10","1,,,a"
"ASN00027054","2001-06","-10.0511","143.0686","3.5","COCONUT ISLAND, AS","","","254.3","4,a","11","1,a","1","1,a","0","1,a","0","3,a","0","3,a","0","2,a","28","2,a","0","2,a","20010630","+,3,a","20010620",",1,a","20010616",",2,a","25.0","3,a,30,+","3.0","1,,a,20,","32.0","2,a,16,","0.0","a","0.0","2,a","15.4","1,,,a","28.10","4,a","30.61","2,,,a","25.59","3,,,a"
"ASN00027054","2001-09","-10.0511","143.0686","3.5","COCONUT ISLAND, AS","","","","","0","5,a","0","5,a","0","5,a","","","","","","","","","","","","","20010930","+,5,a","","","","","0.0","5,,a,30,+","","","","","","","0.0","5,,,a","","","","","",""
"ASN00027054","2001-10","-10.0511","143.0686","3.5","COCONUT ISLAND, AS","","","248.3","5,a","0",",a","0",",a","0",",a","0","3,a","0","3,a","0","2,a","29","2,a","4","2,a","20011017",",3,a","20011031","+,,a","20011031","+,2,a","21.0","3,a,17,","0.0",",,a,31,+","33.0","2,a,31,+","","","0.0","2,a","0.0",",,,a","27.85","5,a","31.14","2,,,a","24.57","3,,,a"
"ASN00027054","2002-01","-10.0511","143.0686","3.5","COCONUT ISLAND, AS","","","366.2","3,a","1","1,a","0","1,a","0","1,a","0","2,a","0","2,a","0","2,a","29","2,a","27","2,a","20020105",",2,a","20020130",",1,a","20020120","+,2,a","26.0","2,a,05,","1.0","1,,a,30,","36.0","2,a,20,+","0.0","a","0.0","2,a","1.2","1,,,a","31.41","3,a","34.28","2,,,a","28.55","2,,,a"
"ASN00027054","2002-02","-10.0511","143.0686","3.5","COCONUT ISLAND, AS","","","291.0","4,a","18","2,a","13","2,a","0","2,a","0","2,a","0","2,a","0","2,a","26","2,a","20","2,a","20020222","+,2,a","20020222",",2,a","20020228","+,2,a","26.0","2,a,22,+","22.0","2,,a,22,","35.0","2,a,28,+","0.0","a","0.0","2,a","136.2","2,,,a","30.42","4,a","33.00","2,,,a","27.85","2,,,a"
"ASN00027054","2002-03","-10.0511","143.0686","3.5","COCONUT ISLAND, AS","","","","","0","5,a","0","5,a","0","5,a","","","","","","","","","","","","","20020331","+,5,a","","","","","0.0","5,,a,31,+","","","","","","","0.0","5,,,a","","","","","",""
"ASN00027054","2002-05","-10.0511","143.0686","3.5","COCONUT ISLAND, AS","","","299.8","2,a","12",",a","3",",a","0",",a","0","1,a","0","1,a","0","1,a","30","1,a","1","1,a","20020511",",1,a","20020512",",,a","20020520",",1,a","24.0","1,a,11,","4.0",",,a,12,","33.0","1,a,20,","","","0.0","1,a","18.9",",,,a","28.68","2,a","31.50","1,,,a","25.87","1,,,a"
"ASN00027054","2002-06","-10.0511","143.0686","3.5","COCONUT ISLAND, AS","","","244.3","4,a","10","2,a","2","2,a","0","2,a","0","2,a","0","2,a","0","2,a","28","2,a","1","2,a","20020623","+,2,a","20020602",",2,a","20020618",",2,a","24.0","2,a,23,+","16.0","2,,a,02,","34.0","2,a,18,","","","0.0","2,a","29.2","2,,,a","27.82","4,a","30.18","2,,,a","25.46","2,,,a"
"ASN00027054","2002-07","-10.0511","143.0686","3.5","COCONUT ISLAND, AS","265.2","a","265.2",",a","11",",a","6",",a","0",",a","0",",a","0",",a","0",",a","31",",a","0",",a","20020730","+,,a","20020718",",,a","20020719","+,,a","23.0",",a,30,+","7.0",",,a,18,","31.0",",a,19,+","","","0.0",",a","34.0",",,,a","26.89",",a","29.61",",,,a","24.16",",,,a"
"ASN00027054","2002-08","-10.0511","143.0686","3.5","COCONUT ISLAND, AS","536.9","a","271.7",",a","6",",a","1",",a","0",",a","0",",a","0",",a","0",",a","31",",a","0",",a","20020830","+,,a","20020801",",,a","20020831","+,,a","23.0",",a,30,+","3.0",",,a,01,","31.0",",a,31,+","","","0.0",",a","10.0",",,,a","27.10",",a","30.19",",,,a","24.00",",,,a"
"ASN00027054","2002-09","-10.0511","143.0686","3.5","COCONUT ISLAND, AS","808.4","a","271.5",",a","3",",a","1",",a","0",",a","0",",a","0",",a","0",",a","30",",a","1",",a","20020915",",,a","20020930",",,a","20020914",",,a","22.0",",a,15,","9.0",",,a,30,","33.0",",a,14,","","","0.0",",a","11.6",",,,a","27.38",",a","30.97",",,,a","23.80",",,,a"
"ASN00027054","2002-10","-10.0511","143.0686","3.5","COCONUT ISLAND, AS","1100.6","a","292.2",",a","1",",a","0",",a","0",",a","0",",a","0",",a","0",",a","31",",a","6",",a","20021023",",,a","20021002",",,a","20021025",",,a","22.0",",a,23,","0.8",",,a,02,","34.0",",a,25,","","","0.0",",a","0.8",",,,a","27.76",",a","31.35",",,,a","24.16",",,,a"
"ASN00027054","2002-11","-10.0511","143.0686","3.5","COCONUT ISLAND, AS","1399.3","a","298.7","2,a","4","1,a","0","1,a","0","1,a","0","1,a","0","1,a","0","1,a","29","1,a","12","1,a","20021130","+,1,a","20021122","+,1,a","20021126","+,1,a","25.0","1,a,30,+","2.0","1,,a,22,+","34.0","1,a,26,+","","","0.0","1,a","7.2","1,,,a","28.97","2,a","32.24","1,,,a","25.69","1,,,a"
"ASN00027054","2002-12","-10.0511","143.0686","3.5","COCONUT ISLAND, AS","1770.5","a","371.2",",a","5",",a","1",",a","0",",a","0",",a","0",",a","0",",a","31",",a","29",",a","20021211","+,,a","20021228",",,a","20021229","+,,a","24.0",",a,11,+","5.0",",,a,28,","35.0",",a,29,+","","","0.0",",a","8.6",",,,a","30.31",",a","34.19",",,,a","26.42",",,,a"
"ASN00027054","2003-01","-10.0511","143.0686","3.5","COCONUT ISLAND, AS","2096.2","a","325.7",",a","23",",a","15",",a","4",",a","0",",a","0",",a","0",",a","31",",a","14",",a","20030120","+,,a","20030114",",,a","20030127","+,,a","24.0",",a,20,+","108.0",",,a,14,","35.0",",a,27,+","0.0","a","0.0",",a","419.6",",,,a","28.84",",a","32.13",",,,a","25.55",",,,a"
"ASN00027054","2003-02","-10.0511","143.0686","3.5","COCONUT ISLAND, AS","2376.0","a","279.8","2,a","14",",a","13",",a","2",",a","0","1,a","0","1,a","0","1,a","27","1,a","11","1,a","20030201",",1,a","20030225",",,a","20030210",",1,a","23.0","1,a,01,","66.0",",,a,25,","35.0","1,a,10,","0.0","a","0.0","1,a","233.9",",,,a","29.06","2,a","32.11","1,,,a","26.00","1,,,a"
"ASN00027054","2003-03","-10.0511","143.0686","3.5","COCONUT ISLAND, AS","2642.3","a","266.3","5,a","14","1,a","13","1,a","5","1,a","0","3,a","0","3,a","0","3,a","28","3,a","8","3,a","20030323",",3,a","20030309",",1,a","20030322",",3,a","23.0","3,a,23,","68.0","1,,a,09,","35.0","3,a,22,","0.0","a","0.0","3,a","337.8","1,,,a","28.54","5,a","31.29","3,,,a","25.79","3,,,a"
"ASN00027054","2003-04","-10.0511","143.0686","3.5","COCONUT ISLAND, AS","2931.5","a","289.2","2,a","9","1,a","6","1,a","0","1,a","0","1,a","0","1,a","0","1,a","29","1,a","4","1,a","20030406","+,1,a","20030422",",1,a","20030413","+,1,a","24.0","1,a,06,+","25.0","1,,a,22,","33.0","1,a,13,+","0.0","a","0.0","1,a","75.4","1,,,a","28.64","2,a","31.21","1,,,a","26.07","1,,,a"
"ASN00027054","2003-05","-10.0511","143.0686","3.5","COCONUT ISLAND, AS","3236.7","a","305.2",",a","14",",a","5",",a","0",",a","0",",a","0",",a","0",",a","31",",a","0",",a","20030526","+,,a","20030523",",,a","20030531","+,,a","24.0",",a,26,+","10.0",",,a,23,","32.0",",a,31,+","0.0","a","0.0",",a","40.4",",,,a","28.18",",a","30.84",",,,a","25.52",",,,a"
"ASN00027054","2003-06","-10.0511","143.0686","3.5","COCONUT ISLAND, AS","","","","","","","","","","","0","3,a","0","3,a","0","3,a","27","3,a","0","3,a","20030630","+,3,a","","","20030603","+,3,a","23.2","3,a,30,+","","","32.0","3,a,03,+","","","","","","","27.21","6,a","30.00","3,,,a","24.41","3,,,a"
"ASN00027054","2003-07","-10.0511","143.0686","3.5","COCONUT ISLAND, AS","231.0","a","231.0","2,a","","","","","","","0","1,a","0","1,a","0","1,a","30","1,a","1","1,a","20030718","+,1,a","","","20030703",",1,a","22.3","1,a,18,+","","","32.4","1,a,03,","","","0.0","1,a","","","26.31","2,a","28.94","1,,,a","23.68","1,,,a"
"ASN00027054","2003-08","-10.0511","143.0686","3.5","COCONUT ISLAND, AS","484.3","a","253.3",",a","","","","","","","0",",a","0",",a","0",",a","31",",a","0",",a","20030821",",,a","","","20030827",",,a","22.4",",a,21,","","","30.9",",a,27,","","","0.0",",a","","","26.50",",a","29.55",",,,a","23.46",",,,a"
"ASN00027054","2003-09","-10.0511","143.0686","3.5","COCONUT ISLAND, AS","728.7","a","244.4","2,a","4","1,a","1","1,a","0","1,a","0","1,a","0","1,a","0","1,a","29","1,a","1","1,a","20030916",",1,a","20030923",",1,a","20030917",",1,a","21.9","1,a,16,","2.8","1,,a,23,","32.3","1,a,17,","","","0.0","1,a","5.6","1,,,a","27.06","2,a","30.50","1,,,a","23.62","1,,,a"
"ASN00027054","2003-10","-10.0511","143.0686","3.5","COCONUT ISLAND, AS","1000.9","a","272.2","3,a","1","2,a","0","2,a","0","2,a","0","2,a","0","2,a","0","2,a","29","2,a","10","2,a","20031029",",2,a","20031014",",2,a","20031031",",2,a","20.8","2,a,29,","0.8","2,,a,14,","33.7","2,a,31,","","","0.0","2,a","1.0","2,,,a","28.08","3,a","31.74","2,,,a","24.41","2,,,a"
"ASN00027054","2003-11","-10.0511","143.0686","3.5","COCONUT ISLAND, AS","1294.1","a","293.2","2,a","5","5,a","0","5,a","0","5,a","0","1,a","0","1,a","0","1,a","29","1,a","18","1,a","20031123",",1,a","20031130",",5,a","20031124",",1,a","23.0","1,a,23,","1.2","5,,a,30,","34.9","1,a,24,","","","0.0","1,a","4.6","5,,,a","28.79","2,a","32.40","1,,,a","25.19","1,,,a"
"ASN00027054","2003-12","-10.0511","143.0686","3.5","COCONUT ISLAND, AS","1633.0","a","338.9",",a","16",",a","12",",a","5",",a","0",",a","0",",a","0",",a","31",",a","20",",a","20031222",",,a","20031230",",,a","20031213",",,a","23.2",",a,22,","99.2",",,a,30,","35.2",",a,13,","","","0.0",",a","365.4",",,,a","29.26",",a","32.69",",,,a","25.84",",,,a"
"ASN00027054","2004-01","-10.0511","143.0686","3.5","COCONUT ISLAND, AS","1939.4","a","306.4","2,a","15","1,a","12","1,a","4","1,a","0","1,a","0","1,a","0","1,a","30","1,a","16","1,a","20040103",",1,a","20040103",",1,a","20040128",",1,a","23.0","1,a,03,","65.8","1,,a,03,","35.4","1,a,28,","0.0","a","0.0","1,a","287.8","1,,,a","28.97","2,a","32.17","1,,,a","25.77","1,,,a"
"ASN00027054","2004-02","-10.0511","143.0686","3.5","COCONUT ISLAND, AS","2204.4","a","265.0","2,a","19","1,a","13","1,a","7","1,a","0","1,a","0","1,a","0","1,a","28","1,a","5","1,a","20040211","+,1,a","20040210",",1,a","20040223",",1,a","24.0","1,a,11,+","80.0","1,,a,10,","32.6","1,a,23,","0.0","a","0.0","1,a","421.6","1,,,a","28.18","2,a","30.78","1,,,a","25.58","1,,,a"
"ASN00027054","2004-03","-10.0511","143.0686","3.5","COCONUT ISLAND, AS","2515.1","a","310.7",",a","21",",a","15",",a","4",",a","0",",a","0",",a","0",",a","31",",a","8",",a","20040323",",,a","20040308",",,a","20040310",",,a","23.8",",a,23,","95.0",",,a,08,","33.4",",a,10,","0.0","a","0.0",",a","357.2",",,,a","28.35",",a","31.22",",,,a","25.49",",,,a"
"ASN00027054","2004-04","-10.0511","143.0686","3.5","COCONUT ISLAND, AS","2775.9","a","260.8","5,a","14","3,a","4","3,a","0","3,a","0","3,a","0","3,a","0","3,a","27","3,a","9","3,a","20040409",",3,a","20040418","+,3,a","20040429",",3,a","24.0","3,a,09,","6.0","3,,a,18,+","34.0","3,a,29,","0.0","a","0.0","3,a","31.2","3,,,a","28.79","5,a","31.64","3,,,a","25.94","3,,,a"
"ASN00027054","2004-05","-10.0511","143.0686","3.5","COCONUT ISLAND, AS","3087.3","a","311.4",",a","16",",a","10",",a","1",",a","0",",a","0",",a","0",",a","31",",a","5",",a","20040521",",,a","20040516",",,a","20040502",",,a","23.7",",a,21,","48.6",",,a,16,","32.9",",a,02,","0.0","a","0.0",",a","98.0",",,,a","28.38",",a","30.97",",,,a","25.79",",,,a"
"ASN00027054","2004-06","-10.0511","143.0686","3.5","COCONUT ISLAND, AS","3338.8","a","251.5",",a","8",",a","3",",a","0",",a","0",",a","0",",a","0",",a","30",",a","0",",a","20040622",",,a","20040603",",,a","20040602",",,a","22.7",",a,22,","5.0",",,a,03,","31.1",",a,02,","0.0","a","0.0",",a","17.2",",,,a","26.72",",a","29.39",",,,a","24.04",",,,a"
"ASN00027054","2004-07","-10.0511","143.0686","3.5","COCONUT ISLAND, AS","241.1","a","241.1",",a","13",",a","3",",a","0",",a","0",",a","0",",a","0",",a","31",",a","0",",a","20040720",",,a","20040721",",,a","20040725",",,a","21.5",",a,20,","4.4",",,a,21,","30.4",",a,25,","0.0","a","0.0",",a","22.4",",,,a","26.11",",a","28.98",",,,a","23.24",",,,a"
"ASN00027054","2004-08","-10.0511","143.0686","3.5","COCONUT ISLAND, AS","480.9","a","239.8",",a","0",",a","0",",a","0",",a","0",",a","0",",a","0",",a","31",",a","0",",a","20040814",",,a","20040831","+,,a","20040820",",,a","19.0",",a,14,","0.0",",,a,31,+","30.4",",a,20,","0.0","a","0.0",",a","0.0",",,,a","26.07",",a","29.68",",,,a","22.46",",,,a"
"ASN00027054","2004-09","-10.0511","143.0686","3.5","COCONUT ISLAND, AS","740.8","a","259.9",",a","2",",a","0",",a","0",",a","0",",a","0",",a","0",",a","30",",a","0",",a","20040916",",,a","20040922","+,,a","20040909",",,a","22.2",",a,16,","1.0",",,a,22,+","31.8",",a,09,","0.0","a","0.0",",a","3.2",",,,a","27.00",",a","30.37",",,,a","23.62",",,,a"
"ASN00027054","2004-10","-10.0511","143.0686","3.5","COCONUT ISLAND, AS","1035.1","a","294.3",",a","2","1,a","0","1,a","0","1,a","0",",a","0",",a","0",",a","31",",a","10",",a","20041010",",,a","20041006",",1,a","20041030",",,a","21.7",",a,10,","1.8","1,,a,06,","33.1",",a,30,","0.0","a","0.0",",a","2.2","1,,,a","27.83",",a","31.61",",,,a","24.04",",,,a"
"ASN00027054","2004-11","-10.0511","143.0686","3.5","COCONUT ISLAND, AS","1358.3","a","323.2",",a","5",",a","2",",a","0",",a","0",",a","0",",a","0",",a","30",",a","28",",a","20041128","+,,a","20041128",",,a","20041121","+,,a","24.3",",a,28,+","6.2",",,a,28,","34.2",",a,21,+","0.0","a","0.0",",a","13.8",",,,a","29.11",",a","33.04",",,,a","25.17",",,,a"
"ASN00027054","2004-12","-10.0511","143.0686","3.5","COCONUT ISLAND, AS","1719.0","a","360.7",",a","1",",a","0",",a","0",",a","0",",a","0",",a","0",",a","31",",a","30",",a","20041214",",,a","20041227",",,a","20041228",",,a","23.5",",a,14,","1.2",",,a,27,","37.2",",a,28,","0.0","a","0.0",",a","1.8",",,,a","29.97",",a","33.97",",,,a","25.96",",,,a"
"ASN00027054","2005-01","-10.0511","143.0686","3.5","COCONUT ISLAND, AS","2031.0","a","312.0",",a","20",",a","17",",a","5",",a","0",",a","0",",a","0",",a","31",",a","9",",a","20050126","+,,a","20050119",",,a","20050103",",,a","24.2",",a,26,+","116.4",",,a,19,","33.6",",a,03,","0.0","a","0.0",",a","490.2",",,,a","28.40",",a","31.31",",,,a","25.48",",,,a"
"ASN00027054","2005-02","-10.0511","143.0686","3.5","COCONUT ISLAND, AS","2334.1","a","303.1",",a","9",",a","7",",a","3",",a","0",",a","0",",a","0",",a","28",",a","16",",a","20050203",",,a","20050220",",,a","20050220",",,a","23.9",",a,03,","97.2",",,a,20,","35.5",",a,20,","0.0","a","0.0",",a","278.6",",,,a","29.16",",a","32.46",",,,a","25.86",",,,a"
"ASN00027054","2005-03","-10.0511","143.0686","3.5","COCONUT ISLAND, AS","2655.4","a","321.3",",a","20",",a","13",",a","5",",a","0",",a","0",",a","0",",a","31",",a","15",",a","20050314",",,a","20050304",",,a","20050328","+,,a","23.0",",a,14,","148.0",",,a,04,","33.3",",a,28,+","0.0","a","0.0",",a","485.4",",,,a","28.70",",a","31.59",",,,a","25.81",",,,a"
"ASN00027054","2005-04","-10.0511","143.0686","3.5","COCONUT ISLAND, AS","2946.0","a","290.6",",a","18",",a","10",",a","4",",a","0",",a","0",",a","0",",a","30",",a","3",",a","20050416",",,a","20050411",",,a","20050403",",,a","22.9",",a,16,","84.0",",,a,11,","32.5",",a,03,","0.0","a","0.0",",a","289.6",",,,a","28.02",",a","30.82",",,,a","25.22",",,,a"
"ASN00027054","2005-05","-10.0511","143.0686","3.5","COCONUT ISLAND, AS","3242.1","a","296.1",",a","3",",a","0",",a","0",",a","0",",a","0",",a","0",",a","31",",a","2",",a","20050520","+,,a","20050504",",,a","20050513",",,a","24.3",",a,20,+","0.8",",,a,04,","32.6",",a,13,","0.0","a","0.0",",a","3.0",",,,a","27.89",",a","30.60",",,,a","25.17",",,,a"
"ASN00027054","2005-06","-10.0511","143.0686","3.5","COCONUT ISLAND, AS","3515.2","a","273.1",",a","11",",a","4",",a","0",",a","0",",a","0",",a","0",",a","30",",a","0",",a","20050629","+,,a","20050629",",,a","20050620",",,a","24.0",",a,29,+","14.0",",,a,29,","32.1",",a,20,","0.0","a","0.0",",a","37.2",",,,a","27.44",",a","30.12",",,,a","24.75",",,,a"
"ASN00027054","2005-07","-10.0511","143.0686","3.5","COCONUT ISLAND, AS","262.4","a","262.4",",a","17",",a","2",",a","0",",a","0",",a","0",",a","0",",a","31",",a","0",",a","20050729",",,a","20050704",",,a","20050706",",,a","23.0",",a,29,","3.4",",,a,04,","31.0",",a,06,","0.0","a","0.0",",a","19.6",",,,a","26.80",",a","29.40",",,,a","24.20",",,,a"
"ASN00027054","2005-08","-10.0511","143.0686","3.5","COCONUT ISLAND, AS","528.8","a","266.4",",a","8",",a","1",",a","0",",a","0",",a","0",",a","0",",a","31",",a","0",",a","20050830",",,a","20050818",",,a","20050813",",,a","22.7",",a,30,","3.4",",,a,18,","31.6",",a,13,","0.0","a","0.0",",a","9.0",",,,a","26.93",",a","30.22",",,,a","23.64",",,,a"
"ASN00027054","2005-09","-10.0511","143.0686","3.5","COCONUT ISLAND, AS","796.4","a","267.6",",a","1",",a","0",",a","0",",a","0",",a","0",",a","0",",a","30",",a","1",",a","20050929","+,,a","20050903",",,a","20050927",",,a","22.5",",a,29,+","0.4",",,a,03,","32.4",",a,27,","0.0","a","0.0",",a","0.4",",,,a","27.25",",a","30.83",",,,a","23.67",",,,a"
"ASN00027054","2005-10","-10.0511","143.0686","3.5","COCONUT ISLAND, AS","1108.8","a","312.4",",a","4",",a","0",",a","0",",a","0",",a","0",",a","0",",a","31",",a","15",",a","20051023",",,a","20051030","+,,a","20051027",",,a","23.0",",a,23,","1.4",",,a,30,+","34.5",",a,27,","0.0","a","0.0",",a","4.8",",,,a","28.41",",a","32.15",",,,a","24.67",",,,a"
"ASN00027054","2005-12","-10.0511","143.0686","3.5","COCONUT ISLAND, AS","","","367.6",",a","11",",a","4",",a","1",",a","0",",a","0",",a","0",",a","31",",a","30",",a","20051219",",,a","20051209",",,a","20051204",",,a","24.7",",a,19,","49.4",",,a,09,","35.9",",a,04,","","","0.0",",a","100.2",",,,a","30.19",",a","34.06",",,,a","26.32",",,,a"
"ASN00027054","2006-01","-10.0511","143.0686","3.5","COCONUT ISLAND, AS","","","326.0",",a","19",",a","16",",a","4",",a","0",",a","0",",a","0",",a","31",",a","11",",a","20060105",",,a","20060124",",,a","20060104",",,a","24.1",",a,05,","51.4",",,a,24,","34.8",",a,04,","0.0","a","0.0",",a","238.8",",,,a","28.85",",a","31.86",",,,a","25.84",",,,a"
"ASN00027054","2006-02","-10.0511","143.0686","3.5","COCONUT ISLAND, AS","","","284.3",",a","19",",a","15",",a","6",",a","0",",a","0",",a","0",",a","28",",a","12",",a","20060202",",,a","20060221",",,a","20060212",",,a","23.8",",a,02,","81.4",",,a,21,","34.6",",a,12,","0.0","a","0.0",",a","422.6",",,,a","28.49",",a","31.52",",,,a","25.45",",,,a"
"ASN00027054","2006-03","-10.0511","143.0686","3.5","COCONUT ISLAND, AS","","","301.3",",a","18",",a","16",",a","5",",a","0",",a","0",",a","0",",a","31",",a","4",",a","20060316",",,a","20060304",",,a","20060301",",,a","22.8",",a,16,","140.8",",,a,04,","33.2",",a,01,","0.0","a","0.0",",a","610.8",",,,a","28.05",",a","30.70",",,,a","25.41",",,,a"
"ASN00027054","2006-04","-10.0511","143.0686","3.5","COCONUT ISLAND, AS","","","300.6",",a","22",",a","14",",a","2",",a","0",",a","0",",a","0",",a","30",",a","7",",a","20060424",",,a","20060403",",,a","20060413",",,a","24.0",",a,24,","98.6",",,a,03,","33.9",",a,13,","0.0","a","0.0",",a","271.6",",,,a","28.35",",a","31.00",",,,a","25.71",",,,a"
"ASN00027054","2006-05","-10.0511","143.0686","3.5","COCONUT ISLAND, AS","","","306.0",",a","18",",a","15",",a","6",",a","0",",a","0",",a","0",",a","31",",a","6",",a","20060506",",,a","20060502",",,a","20060512",",,a","22.9",",a,06,","79.6",",,a,02,","32.6",",a,12,","0.0","a","0.0",",a","380.4",",,,a","28.20",",a","31.19",",,,a","25.21",",,,a"
"ASN00027054","2006-06","-10.0511","143.0686","3.5","COCONUT ISLAND, AS","","","275.7",",a","14",",a","5",",a","0",",a","0",",a","0",",a","0",",a","30",",a","2",",a","20060630",",,a","20060613",",,a","20060610",",,a","23.9",",a,30,","24.0",",,a,13,","32.3",",a,10,","0.0","a","0.0",",a","84.8",",,,a","27.52",",a","30.03",",,,a","25.01",",,,a"
"ASN00027054","2006-07","-10.0511","143.0686","3.5","COCONUT ISLAND, AS","256.3","a","256.3",",a","14",",a","3",",a","0",",a","0",",a","0",",a","0",",a","31",",a","0",",a","20060709","+,,a","20060709",",,a","20060712",",,a","22.0",",a,09,+","11.6",",,a,09,","30.9",",a,12,","0.0","a","0.0",",a","30.0",",,,a","26.60",",a","29.52",",,,a","23.68",",,,a"
"ASN00027054","2006-08","-10.0511","143.0686","3.5","COCONUT ISLAND, AS","497.5","a","241.2",",a","7","1,a","1","1,a","0","1,a","0",",a","0",",a","0",",a","31",",a","0",",a","20060809",",,a","20060810",",1,a","20060821","+,,a","20.9",",a,09,","2.8","1,,a,10,","31.0",",a,21,+","0.0","a","0.0",",a","10.0","1,,,a","26.11",",a","29.49",",,,a","22.74",",,,a"
"ASN00027054","2006-09","-10.0511","143.0686","3.5","COCONUT ISLAND, AS","752.5","a","255.0",",a","6",",a","2",",a","0",",a","0",",a","0",",a","0",",a","30",",a","0",",a","20060927",",,a","20060904",",,a","20060930","+,,a","22.5",",a,27,","5.4",",,a,04,","31.5",",a,30,+","0.0","a","0.0",",a","12.2",",,,a","26.83",",a","30.06",",,,a","23.60",",,,a"
"ASN00027054","2006-10","-10.0511","143.0686","3.5","COCONUT ISLAND, AS","1038.6","a","286.1",",a","0",",a","0",",a","0",",a","0",",a","0",",a","0",",a","31",",a","8",",a","20061029",",,a","20061020","+,,a","20061031",",,a","22.1",",a,29,","0.2",",,a,20,+","32.8",",a,31,","0.0","a","0.0",",a","0.6",",,,a","27.56",",a","31.60",",,,a","23.53",",,,a"
"ASN00027054","2006-11","-10.0511","143.0686","3.5","COCONUT ISLAND, AS","1353.1","a","314.5",",a","0",",a","0",",a","0",",a","0",",a","0",",a","0",",a","30",",a","25",",a","20061116",",,a","20061130","+,,a","20061110",",,a","22.2",",a,16,","0.0",",,a,30,+","34.4",",a,10,","0.0","a","0.0",",a","0.0",",,,a","28.82",",a","32.95",",,,a","24.68",",,,a"
"ASN00027054","2006-12","-10.0511","143.0686","3.5","COCONUT ISLAND, AS","1710.2","a","357.1",",a","5",",a","3",",a","2",",a","0",",a","0",",a","0",",a","31",",a","29",",a","20061201",",,a","20061216",",,a","20061231",",,a","24.0",",a,01,","28.0",",,a,16,","35.5",",a,31,","0.0","a","0.0",",a","62.6",",,,a","29.85",",a","33.96",",,,a","25.74",",,,a"
"ASN00027054","2007-01","-10.0511","143.0686","3.5","COCONUT ISLAND, AS","2036.7","a","326.5",",a","18",",a","15",",a","6",",a","0",",a","0",",a","0",",a","31",",a","16",",a","20070121",",,a","20070128",",,a","20070101",",,a","23.9",",a,21,","137.6",",,a,28,","35.0",",a,01,","0.0","a","0.0",",a","452.0",",,,a","28.86",",a","32.11",",,,a","25.62",",,,a"
"ASN00027054","2007-02","-10.0511","143.0686","3.5","COCONUT ISLAND, AS","2325.3","a","288.6",",a","15",",a","13",",a","4",",a","0",",a","0",",a","0",",a","28",",a","15",",a","20070209",",,a","20070227",",,a","20070217","+,,a","21.4",",a,09,","143.2",",,a,27,","34.0",",a,17,+","0.0","a","0.0",",a","376.2",",,,a","28.64",",a","31.73",",,,a","25.55",",,,a"
"ASN00027054","2007-03","-10.0511","143.0686","3.5","COCONUT ISLAND, AS","2651.1","a","325.8",",a","17",",a","12",",a","4",",a","0",",a","0",",a","0",",a","31",",a","16",",a","20070331",",,a","20070305",",,a","20070331","+,,a","23.8",",a,31,","139.6",",,a,05,","33.8",",a,31,+","0.0","a","0.0",",a","286.2",",,,a","28.84",",a","32.02",",,,a","25.67",",,,a"
"ASN00027054","2007-04","-10.0511","143.0686","3.5","COCONUT ISLAND, AS","2959.9","a","308.8",",a","18",",a","12",",a","4",",a","0",",a","0",",a","0",",a","30",",a","15",",a","20070401",",,a","20070411",",,a","20070403",",,a","23.5",",a,01,","74.4",",,a,11,","33.7",",a,03,","0.0","a","0.0",",a","257.4",",,,a","28.63",",a","31.75",",,,a","25.51",",,,a"
"ASN00027054","2007-05","-10.0511","143.0686","3.5","COCONUT ISLAND, AS","3277.2","a","317.3",",a","12",",a","6",",a","0",",a","0",",a","0",",a","0",",a","31",",a","12",",a","20070511","+,,a","20070522",",,a","20070529","+,,a","24.3",",a,11,+","5.6",",,a,22,","32.9",",a,29,+","0.0","a","0.0",",a","33.2",",,,a","28.57",",a","31.56",",,,a","25.57",",,,a"
"ASN00027054","2007-06","-10.0511","143.0686","3.5","COCONUT ISLAND, AS","3569.9","a","292.7",",a","12",",a","3",",a","0",",a","0",",a","0",",a","0",",a","30",",a","3",",a","20070630",",,a","20070613","+,,a","20070606",",,a","22.4",",a,30,","3.6",",,a,13,+","32.6",",a,06,","0.0","a","0.0",",a","20.2",",,,a","28.09",",a","30.57",",,,a","25.61",",,,a"
"ASN00027054","2007-07","-10.0511","143.0686","3.5","COCONUT ISLAND, AS","256.0","a","256.0",",a","9",",a","2",",a","0",",a","0",",a","0",",a","0",",a","31",",a","0",",a","20070731",",,a","20070726",",,a","20070716","+,,a","22.8",",a,31,","4.4",",,a,26,","30.9",",a,16,+","0.0","a","0.0",",a","12.8",",,,a","26.59",",a","29.65",",,,a","23.53",",,,a"
"ASN00027054","2007-08","-10.0511","143.0686","3.5","COCONUT ISLAND, AS","518.3","a","262.3",",a","11",",a","0",",a","0",",a","0",",a","0",",a","0",",a","31",",a","0",",a","20070802",",,a","20070828",",,a","20070826",",,a","22.1",",a,02,","2.2",",,a,28,","31.7",",a,26,","0.0","a","0.0",",a","15.0",",,,a","26.79",",a","29.97",",,,a","23.62",",,,a"
"ASN00027054","2007-09","-10.0511","143.0686","3.5","COCONUT ISLAND, AS","784.2","a","265.9",",a","5",",a","0",",a","0",",a","0",",a","0",",a","0",",a","30",",a","1",",a","20070928","+,,a","20070904",",,a","20070924",",,a","22.7",",a,28,+","2.4",",,a,04,","32.2",",a,24,","0.0","a","0.0",",a","6.0",",,,a","27.20",",a","30.73",",,,a","23.67",",,,a"
"ASN00027054","2007-10","-10.0511","143.0686","3.5","COCONUT ISLAND, AS","1112.6","a","328.4",",a","3",",a","0",",a","0",",a","0",",a","0",",a","0",",a","31",",a","22",",a","20071001",",,a","20071021",",,a","20071030",",,a","24.1",",a,01,","1.4",",,a,21,","35.0",",a,30,","0.0","a","0.0",",a","3.0",",,,a","28.93",",a","32.68",",,,a","25.18",",,,a"
"ASN00027054","2007-11","-10.0511","143.0686","3.5","COCONUT ISLAND, AS","","","","","10","3,a","7","3,a","1","3,a","0","3,a","0","3,a","","","","","","","20071124",",3,a","20071119",",3,a","","","23.5","3,a,24,","39.2","3,,a,19,","","","","","","","119.0","3,,,a","","","","","25.17","3,,,a"
"ASN00027054","2008-01","-10.0511","143.0686","3.5","COCONUT ISLAND, AS","","","317.9",",a","15",",a","12",",a","4",",a","0",",a","0",",a","0",",a","31",",a","7",",a","20080105",",,a","20080104",",,a","20080131",",,a","23.5",",a,05,","121.8",",,a,04,","34.7",",a,31,","0.0","a","0.0",",a","300.6",",,,a","28.59",",a","31.56",",,,a","25.62",",,,a"
"ASN00027054","2008-02","-10.0511","143.0686","3.5","COCONUT ISLAND, AS","","","306.1",",a","13",",a","10",",a","3",",a","0",",a","0",",a","0",",a","29",",a","7",",a","20080223",",,a","20080223",",,a","20080212",",,a","24.0",",a,23,","55.0",",,a,23,","33.0",",a,12,","0.0","a","0.0",",a","216.8",",,,a","28.89",",a","31.44",",,,a","26.33",",,,a"
"ASN00027054","2008-03","-10.0511","143.0686","3.5","COCONUT ISLAND, AS","","","334.2",",a","10",",a","5",",a","0",",a","0",",a","0",",a","0",",a","31",",a","21",",a","20080330",",,a","20080313",",,a","20080324",",,a","23.9",",a,30,","11.8",",,a,13,","34.6",",a,24,","0.0","a","0.0",",a","42.0",",,,a","29.11",",a","32.57",",,,a","25.65",",,,a"
"ASN00027054","2008-04","-10.0511","143.0686","3.5","COCONUT ISLAND, AS","","","305.1",",a","13",",a","6",",a","2",",a","0",",a","0",",a","0",",a","30",",a","11",",a","20080417",",,a","20080404",",,a","20080402",",,a","23.3",",a,17,","115.6",",,a,04,","33.3",",a,02,","0.0","a","0.0",",a","224.6",",,,a","28.50",",a","31.66",",,,a","25.34",",,,a"
"ASN00027054","2008-05","-10.0511","143.0686","3.5","COCONUT ISLAND, AS","","","279.1",",a","13","1,a","6","1,a","1","1,a","0",",a","0",",a","0",",a","31",",a","0",",a","20080528",",,a","20080512",",1,a","20080501",",,a","22.9",",a,28,","45.6","1,,a,12,","31.9",",a,01,","0.0","a","0.0",",a","82.8","1,,,a","27.34",",a","30.37",",,,a","24.30",",,,a"
"ASN00027054","2008-06","-10.0511","143.0686","3.5","COCONUT ISLAND, AS","","","267.0",",a","13",",a","2",",a","0",",a","0",",a","0",",a","0",",a","30",",a","0",",a","20080626",",,a","20080626",",,a","20080619",",,a","23.1",",a,26,","3.6",",,a,26,","31.4",",a,19,","0.0","a","0.0",",a","16.6",",,,a","27.23",",a","30.17",",,,a","24.30",",,,a"
"ASN00027054","2008-07","-10.0511","143.0686","3.5","COCONUT ISLAND, AS","261.2","a","261.2",",a","13",",a","0",",a","0",",a","0",",a","0",",a","0",",a","31",",a","0",",a","20080729",",,a","20080711",",,a","20080728","+,,a","19.2",",a,29,","2.2",",,a,11,","31.2",",a,28,+","0.0","a","0.0",",a","15.2",",,,a","26.76",",a","29.78",",,,a","23.74",",,,a"
"ASN00027054","2008-08","-10.0511","143.0686","3.5","COCONUT ISLAND, AS","524.7","a","263.5",",a","16",",a","2",",a","0",",a","0",",a","0",",a","0",",a","31",",a","0",",a","20080808",",,a","20080811",",,a","20080826",",,a","22.6",",a,08,","4.8",",,a,11,","31.4",",a,26,","0.0","a","0.0",",a","25.0",",,,a","26.83",",a","29.85",",,,a","23.81",",,,a"
"ASN00027054","2008-09","-10.0511","143.0686","3.5","COCONUT ISLAND, AS","815.3","a","290.6",",a","3",",a","1",",a","0",",a","0",",a","0",",a","0",",a","30",",a","5",",a","20080917","+,,a","20080907",",,a","20080925",",,a","23.9",",a,17,+","2.8",",,a,07,","33.1",",a,25,","0.0","a","0.0",",a","5.0",",,,a","28.02",",a","31.44",",,,a","24.60",",,,a"
"ASN00027054","2008-10","-10.0511","143.0686","3.5","COCONUT ISLAND, AS","1152.5","a","337.2",",a","13",",a","4",",a","0",",a","0",",a","0",",a","0",",a","31",",a","27",",a","20081027",",,a","20081024",",,a","20081023",",,a","24.2",",a,27,","8.8",",,a,24,","35.2",",a,23,","0.0","a","0.0",",a","31.4",",,,a","29.21",",a","33.15",",,,a","25.27",",,,a"
"ASN00027054","2008-11","-10.0511","143.0686","3.5","COCONUT ISLAND, AS","1507.9","a","355.4","1,a","4","2,a","0","2,a","0","2,a","0","1,a","0","1,a","0",",a","30",",a","30",",a","20081105",",1,a","20081104",",2,a","20081117",",,a","24.8","1,a,05,","1.0","2,,a,04,","36.4",",a,17,","0.0","a","0.0",",a","3.0","2,,,a","30.56","1,a","34.80",",,,a","26.32","1,,,a"
"ASN00027054","2008-12","-10.0511","143.0686","3.5","COCONUT ISLAND, AS","1860.8","a","352.9",",a","16",",a","14",",a","3",",a","0",",a","0",",a","0",",a","31",",a","21",",a","20081228","+,,a","20081219",",,a","20081215",",,a","24.4",",a,28,+","42.4",",,a,19,","37.3",",a,15,","0.0","a","0.0",",a","233.6",",,,a","29.72",",a","33.23",",,,a","26.20",",,,a"
"ASN00027054","2009-01","-10.0511","143.0686","3.5","COCONUT ISLAND, AS","2188.8","a","328.0",",a","17",",a","9",",a","4",",a","0",",a","0",",a","0",",a","31",",a","11",",a","20090109",",,a","20090109",",,a","20090124",",,a","22.8",",a,09,","54.0",",,a,09,","35.4",",a,24,","0.0","a","0.0",",a","220.2",",,,a","28.91",",a","32.12",",,,a","25.71",",,,a"
"ASN00027054","2009-02","-10.0511","143.0686","3.5","COCONUT ISLAND, AS","2478.5","a","289.7",",a","16","2,a","12","2,a","2","2,a","0",",a","0",",a","0",",a","28",",a","11",",a","20090218",",,a","20090218",",2,a","20090226","+,,a","23.6",",a,18,","57.2","2,,a,18,","33.3",",a,26,+","0.0","a","0.0",",a","178.6","2,,,a","28.68",",a","31.57",",,,a","25.79",",,,a"
"ASN00027054","2009-03","-10.0511","143.0686","3.5","COCONUT ISLAND, AS","","","","","17","4,a","14","4,a","5","4,a","0","4,a","0","4,a","0","3,a","28","3,a","6","3,a","20090317",",4,a","20090317",",4,a","20090302",",3,a","23.8","4,a,17,","49.6","4,,a,17,","33.5","3,a,02,","","","","","261.6","4,,,a","28.16","5,a","31.12","3,,,a","25.21","4,,,a"
"ASN00027054","2009-06","-10.0511","143.0686","3.5","COCONUT ISLAND, AS","","","284.5",",a","10",",a","5",",a","0",",a","0",",a","0",",a","0",",a","30",",a","0",",a","20090629",",,a","20090614",",,a","20090608",",,a","23.2",",a,29,","9.8",",,a,14,","32.1",",a,08,","","","0.0",",a","30.8",",,,a","27.82",",a","30.83",",,,a","24.80",",,,a"
"ASN00027054","2009-07","-10.0511","143.0686","3.5","COCONUT ISLAND, AS","290.2","a","290.2",",a","5",",a","1",",a","0",",a","0",",a","0",",a","0",",a","31",",a","4",",a","20090703",",,a","20090721",",,a","20090709",",,a","21.9",",a,03,","2.8",",,a,21,","32.5",",a,09,","","","0.0",",a","6.2",",,,a","27.70",",a","31.43",",,,a","23.96",",,,a"
"ASN00027054","2009-08","-10.0511","143.0686","3.5","COCONUT ISLAND, AS","579.5","a","289.3",",a","5",",a","0",",a","0",",a","0",",a","0",",a","0",",a","31",",a","11",",a","20090829",",,a","20090803",",,a","20090825","+,,a","23.1",",a,29,","2.4",",,a,03,","32.7",",a,25,+","","","0.0",",a","8.6",",,,a","27.67",",a","31.48",",,,a","23.85",",,,a"
"ASN00027054","2009-09","-10.0511","143.0686","3.5","COCONUT ISLAND, AS","878.5","a","299.0",",a","2",",a","1",",a","0",",a","0",",a","0",",a","0",",a","30",",a","22",",a","20090909",",,a","20090930",",,a","20090925",",,a","22.1",",a,09,","9.8",",,a,30,","34.1",",a,25,","","","0.0",",a","11.2",",,,a","28.30",",a","32.50",",,,a","24.10",",,,a"
"ASN00027054","2009-10","-10.0511","143.0686","3.5","COCONUT ISLAND, AS","1205.7","a","327.2",",a","2",",a","0",",a","0",",a","0",",a","0",",a","0",",a","31",",a","28",",a","20091027",",,a","20091006",",,a","20091030",",,a","21.3",",a,27,","0.8",",,a,06,","34.9",",a,30,","","","0.0",",a","1.4",",,,a","28.89",",a","33.21",",,,a","24.57",",,,a"
"ASN00027054","2009-11","-10.0511","143.0686","3.5","COCONUT ISLAND, AS","1555.1","a","349.4",",a","4",",a","0",",a","0",",a","0",",a","0",",a","0",",a","30",",a","29",",a","20091128",",,a","20091130","+,,a","20091126",",,a","23.1",",a,28,","1.2",",,a,30,+","36.7",",a,26,","","","0.0",",a","4.2",",,,a","29.98",",a","34.51",",,,a","25.44",",,,a"
"ASN00027054","2009-12","-10.0511","143.0686","3.5","COCONUT ISLAND, AS","1878.0","a","322.9","2,a","12","1,a","7","1,a","1","1,a","0","1,a","0","1,a","0","1,a","30","1,a","24","1,a","20091215",",1,a","20091205",",1,a","20091224",",1,a","23.7","1,a,15,","39.2","1,,a,05,","35.7","1,a,24,","","","0.0","1,a","93.6","1,,,a","29.50","2,a","33.16","1,,,a","25.84","1,,,a"
"ASN00027054","2010-01","-10.0511","143.0686","3.5","COCONUT ISLAND, AS","2183.4","a","305.4",",a","23",",a","18",",a","7",",a","0",",a","0",",a","0",",a","31",",a","5",",a","20100124",",,a","20100111",",,a","20100102",",,a","23.4",",a,24,","114.8",",,a,11,","34.4",",a,02,","0.0","a","0.0",",a","501.6",",,,a","28.19",",a","30.75",",,,a","25.63",",,,a"
"ASN00027054","2010-02","-10.0511","143.0686","3.5","COCONUT ISLAND, AS","2493.3","a","309.9",",a","11",",a","7",",a","2",",a","0",",a","0",",a","0",",a","28",",a","16",",a","20100203",",,a","20100223",",,a","20100219",",,a","24.8",",a,03,","57.6",",,a,23,","35.3",",a,19,","0.0","a","0.0",",a","158.2",",,,a","29.40",",a","32.40",",,,a","26.40",",,,a"
"ASN00027054","2010-03","-10.0511","143.0686","3.5","COCONUT ISLAND, AS","2831.8","a","338.5",",a","17",",a","10",",a","4",",a","0",",a","0",",a","0",",a","31",",a","22",",a","20100330",",,a","20100326",",,a","20100323",",,a","23.6",",a,30,","134.4",",,a,26,","35.0",",a,23,","0.0","a","0.0",",a","317.6",",,,a","29.25",",a","32.53",",,,a","25.98",",,,a"
"ASN00027054","2010-04","-10.0511","143.0686","3.5","COCONUT ISLAND, AS","3159.2","a","327.4",",a","15",",a","10",",a","2",",a","0",",a","0",",a","0",",a","30",",a","19",",a","20100425",",,a","20100414",",,a","20100413",",,a","24.1",",a,25,","36.6",",,a,14,","33.8",",a,13,","0.0","a","0.0",",a","164.4",",,,a","29.25",",a","32.41",",,,a","26.08",",,,a"
"ASN00027054","2010-05","-10.0511","143.0686","3.5","COCONUT ISLAND, AS","3516.8","a","357.6",",a","10",",a","2",",a","0",",a","0",",a","0",",a","0",",a","31",",a","31",",a","20100530",",,a","20100506",",,a","20100531","+,,a","24.5",",a,30,","10.6",",,a,06,","34.6",",a,31,+","0.0","a","0.0",",a","25.6",",,,a","29.87",",a","33.58",",,,a","26.16",",,,a"
"ASN00027054","2010-06","-10.0511","143.0686","3.5","COCONUT ISLAND, AS","3854.5","a","337.7",",a","9",",a","1",",a","0",",a","0",",a","0",",a","0",",a","30",",a","28",",a","20100619",",,a","20100627",",,a","20100602","+,,a","24.2",",a,19,","10.0",",,a,27,","35.1",",a,02,+","0.0","a","0.0",",a","19.4",",,,a","29.59",",a","33.55",",,,a","25.62",",,,a"
"ASN00027054","2010-07","-10.0511","143.0686","3.5","COCONUT ISLAND, AS","300.8","a","300.8","2,a","13","1,a","3","1,a","0","1,a","0","1,a","0","1,a","0","1,a","30","1,a","16","1,a","20100715",",1,a","20100711",",1,a","20100702",",1,a","24.1","1,a,15,","5.6","1,,a,11,","33.8","1,a,02,","0.0","a","0.0","1,a","22.8","1,,,a","28.69","2,a","32.11","1,,,a","25.26","1,,,a"
"ASN00027054","2010-08","-10.0511","143.0686","3.5","COCONUT ISLAND, AS","627.2","a","326.4",",a","15",",a","6",",a","0",",a","0",",a","0",",a","0",",a","31",",a","19",",a","20100830",",,a","20100825",",,a","20100810",",,a","24.2",",a,30,","9.8",",,a,25,","34.0",",a,10,","0.0","a","0.0",",a","42.2",",,,a","28.86",",a","32.41",",,,a","25.31",",,,a"
"ASN00027054","2010-09","-10.0511","143.0686","3.5","COCONUT ISLAND, AS","966.4","a","339.2",",a","6",",a","3",",a","0",",a","0",",a","0",",a","0",",a","30",",a","29",",a","20100928",",,a","20100928",",,a","20100904",",,a","24.2",",a,28,","18.8",",,a,28,","34.9",",a,04,","0.0","a","0.0",",a","29.6",",,,a","29.64",",a","33.41",",,,a","25.87",",,,a"
"ASN00027054","2010-10","-10.0511","143.0686","3.5","COCONUT ISLAND, AS","1315.1","a","348.7",",a","15",",a","5",",a","1",",a","0",",a","0",",a","0",",a","31",",a","26",",a","20101028",",,a","20101022",",,a","20101020",",,a","22.4",",a,28,","32.6",",,a,22,","35.2",",a,20,","0.0","a","0.0",",a","86.6",",,,a","29.58",",a","33.49",",,,a","25.67",",,,a"
"ASN00027054","2010-11","-10.0511","143.0686","3.5","COCONUT ISLAND, AS","1655.3","a","340.2",",a","13",",a","7",",a","2",",a","0",",a","0",",a","0",",a","30",",a","27",",a","20101107",",,a","20101128",",,a","20101120",",,a","23.8",",a,07,","44.6",",,a,28,","35.8",",a,20,","0.0","a","0.0",",a","137.4",",,,a","29.67",",a","33.49",",,,a","25.85",",,,a"
"ASN00027054","2010-12","-10.0511","143.0686","3.5","COCONUT ISLAND, AS","1992.0","a","336.7",",a","17",",a","15",",a","5",",a","0",",a","0",",a","0",",a","31",",a","16",",a","20101224",",,a","20101215",",,a","20101219","+,,a","23.8",",a,24,","80.4",",,a,15,","34.6",",a,19,+","0.0","a","0.0",",a","320.2",",,,a","29.20",",a","32.32",",,,a","26.07",",,,a"
"ASN00027054","2011-01","-10.0511","143.0686","3.5","COCONUT ISLAND, AS","2303.7","a","311.7",",a","21",",a","13",",a","4",",a","0",",a","0",",a","0",",a","31",",a","8",",a","20110123",",,a","20110110",",,a","20110112",",,a","23.1",",a,23,","73.6",",,a,10,","33.3",",a,12,","0.0","a","0.0",",a","307.4",",,,a","28.39",",a","31.31",",,,a","25.46",",,,a"
"ASN00027054","2011-02","-10.0511","143.0686","3.5","COCONUT ISLAND, AS","2580.7","a","277.0",",a","22",",a","14",",a","6",",a","0",",a","0",",a","0",",a","28",",a","8",",a","20110213",",,a","20110212",",,a","20110208",",,a","23.2",",a,13,","53.2",",,a,12,","33.7",",a,08,","0.0","a","0.0",",a","311.0",",,,a","28.23",",a","31.27",",,,a","25.18",",,,a"
"ASN00027054","2011-03","-10.0511","143.0686","3.5","COCONUT ISLAND, AS","2896.2","a","315.5",",a","16",",a","12",",a","3",",a","0",",a","0",",a","0",",a","31",",a","16",",a","20110305",",,a","20110305",",,a","20110314",",,a","23.3",",a,05,","103.0",",,a,05,","35.0",",a,14,","0.0","a","0.0",",a","310.2",",,,a","28.51",",a","31.67",",,,a","25.35",",,,a"
"ASN00027054","2011-04","-10.0511","143.0686","3.5","COCONUT ISLAND, AS","3190.5","a","294.3",",a","19",",a","14",",a","6",",a","0",",a","0",",a","0",",a","30",",a","10",",a","20110418",",,a","20110418",",,a","20110428",",,a","22.8",",a,18,","180.0",",,a,18,","33.7",",a,28,","0.0","a","0.0",",a","546.4",",,,a","28.14",",a","31.15",",,,a","25.14",",,,a"
"ASN00027054","2011-05","-10.0511","143.0686","3.5","COCONUT ISLAND, AS","3515.7","a","325.2",",a","9",",a","2",",a","0",",a","0",",a","0",",a","0",",a","31",",a","22",",a","20110510",",,a","20110523",",,a","20110504",",,a","23.8",",a,10,","4.0",",,a,23,","34.1",",a,04,","0.0","a","0.0",",a","15.6",",,,a","28.82",",a","32.57",",,,a","25.08",",,,a"
"ASN00027054","2011-06","-10.0511","143.0686","3.5","COCONUT ISLAND, AS","3789.5","a","273.8",",a","10","1,a","3","1,a","0","1,a","0",",a","0",",a","0",",a","30",",a","7",",a","20110615",",,a","20110615",",1,a","20110603",",,a","22.6",",a,15,","14.0","1,,a,15,","32.9",",a,03,","0.0","a","0.0",",a","29.0","1,,,a","27.46",",a","30.80",",,,a","24.11",",,,a"
"ASN00027054","2011-07","-10.0511","143.0686","3.5","COCONUT ISLAND, AS","261.2","a","261.2",",a","16",",a","1",",a","0",",a","0",",a","0",",a","0",",a","31",",a","1",",a","20110725",",,a","20110715",",,a","20110708",",,a","21.7",",a,25,","3.6",",,a,15,","32.3",",a,08,","0.0","a","0.0",",a","19.6",",,,a","26.76",",a","29.98",",,,a","23.54",",,,a"
"ASN00027054","2011-08","-10.0511","143.0686","3.5","COCONUT ISLAND, AS","532.1","a","270.9",",a","2",",a","0",",a","0",",a","0",",a","0",",a","0",",a","31",",a","5",",a","20110810",",,a","20110802",",,a","20110817","+,,a","20.4",",a,10,","1.4",",,a,02,","32.4",",a,17,+","0.0","a","0.0",",a","2.8",",,,a","27.07",",a","31.33",",,,a","22.82",",,,a"
"ASN00027054","2011-09","-10.0511","143.0686","3.5","COCONUT ISLAND, AS","817.7","a","285.6",",a","8",",a","2",",a","0",",a","0",",a","0",",a","0",",a","30",",a","15",",a","20110922","+,,a","20110923",",,a","20110922",",,a","23.2",",a,22,+","3.6",",,a,23,","33.7",",a,22,","0.0","a","0.0",",a","14.2",",,,a","27.85",",a","31.74",",,,a","23.97",",,,a"
"ASN00027054","2011-10","-10.0511","143.0686","3.5","COCONUT ISLAND, AS","1150.5","a","332.8",",a","3",",a","1",",a","0",",a","0",",a","0",",a","0",",a","31",",a","25",",a","20111007",",,a","20111030",",,a","20111022","+,,a","22.4",",a,07,","9.8",",,a,30,","35.2",",a,22,+","0.0","a","0.0",",a","12.0",",,,a","29.07",",a","33.31",",,,a","24.83",",,,a"
"ASN00027054","2011-11","-10.0511","143.0686","3.5","COCONUT ISLAND, AS","1517.2","a","366.7",",a","5","2,a","2","2,a","0","2,a","0",",a","0",",a","0",",a","30",",a","30",",a","20111114",",,a","20111116",",2,a","20111129",",,a","24.5",",a,14,","17.0","2,,a,16,","36.7",",a,29,","0.0","a","0.0",",a","21.6","2,,,a","30.56",",a","35.08",",,,a","26.03",",,,a"
"ASN00027054","2011-12","-10.0511","143.0686","3.5","COCONUT ISLAND, AS","1863.4","a","346.2",",a","19",",a","14",",a","2",",a","0",",a","0",",a","0",",a","31",",a","20",",a","20111226","+,,a","20111226",",,a","20111201",",,a","24.5",",a,26,+","52.8",",,a,26,","36.6",",a,01,","0.0","a","0.0",",a","217.2",",,,a","29.50",",a","32.77",",,,a","26.23",",,,a"
"ASN00027054","2012-01","-10.0511","143.0686","3.5","COCONUT ISLAND, AS","2194.6","a","331.2",",a","13",",a","11",",a","3",",a","0",",a","0",",a","0",",a","31",",a","19",",a","20120128",",,a","20120128",",,a","20120104",",,a","23.5",",a,28,","73.2",",,a,28,","34.8",",a,04,","0.0","a","0.0",",a","236.0",",,,a","29.02",",a","32.34",",,,a","25.70",",,,a"
"ASN00027054","2012-02","-10.0511","143.0686","3.5","COCONUT ISLAND, AS","2495.7","a","301.1",",a","13",",a","9",",a","1",",a","0",",a","0",",a","0",",a","29",",a","13",",a","20120202",",,a","20120204",",,a","20120227",",,a","22.8",",a,02,","45.6",",,a,04,","33.8",",a,27,","0.0","a","0.0",",a","150.4",",,,a","28.72",",a","31.76",",,,a","25.67",",,,a"
"ASN00027054","2012-03","-10.0511","143.0686","3.5","COCONUT ISLAND, AS","2816.4","a","320.7",",a","22",",a","13",",a","3",",a","0",",a","0",",a","0",",a","31",",a","12",",a","20120317",",,a","20120316",",,a","20120306",",,a","23.9",",a,17,","47.8",",,a,16,","33.8",",a,06,","0.0","a","0.0",",a","194.6",",,,a","28.68",",a","31.52",",,,a","25.84",",,,a"
"ASN00027054","2012-04","-10.0511","143.0686","3.5","COCONUT ISLAND, AS","3145.6","a","329.2",",a","9",",a","6",",a","0",",a","0",",a","0",",a","0",",a","30",",a","23",",a","20120418","+,,a","20120414",",,a","20120410",",,a","23.8",",a,18,+","12.4",",,a,14,","35.0",",a,10,","0.0","a","0.0",",a","59.4",",,,a","29.31",",a","32.86",",,,a","25.75",",,,a"
"ASN00027054","2012-05","-10.0511","143.0686","3.5","COCONUT ISLAND, AS","3429.0","a","283.4",",a","21",",a","15",",a","4",",a","0",",a","0",",a","0",",a","31",",a","0",",a","20120513",",,a","20120513",",,a","20120524",",,a","22.7",",a,13,","67.6",",,a,13,","32.1",",a,24,","0.0","a","0.0",",a","276.6",",,,a","27.48",",a","29.55",",,,a","25.40",",,,a"
"ASN00027054","2012-06","-10.0511","143.0686","3.5","COCONUT ISLAND, AS","3671.0","a","242.0","2,a","4","5,a","2","5,a","0","5,a","0","2,a","0","2,a","0","1,a","29","1,a","0","1,a","20120612",",2,a","20120626",",5,a","20120617",",1,a","22.3","2,a,12,","8.4","5,,a,26,","31.8","1,a,17,","0.0","a","0.0","1,a","15.8","5,,,a","26.96","2,a","29.55","1,,,a","24.38","2,,,a"
"ASN00027054","2012-07","-10.0511","143.0686","3.5","COCONUT ISLAND, AS","268.3","a","268.3",",a","8",",a","1",",a","0",",a","0",",a","0",",a","0",",a","31",",a","0",",a","20120728",",,a","20120703",",,a","20120711",",,a","22.5",",a,28,","4.0",",,a,03,","31.8",",a,11,","0.0","a","0.0",",a","15.8",",,,a","26.99",",a","29.54",",,,a","24.44",",,,a"
"ASN00027054","2012-08","-10.0511","143.0686","3.5","COCONUT ISLAND, AS","521.5","a","253.2",",a","2",",a","0",",a","0",",a","0",",a","0",",a","0",",a","31",",a","0",",a","20120811",",,a","20120810","+,,a","20120825",",,a","22.7",",a,11,","0.6",",,a,10,+","31.5",",a,25,","0.0","a","0.0",",a","1.2",",,,a","26.50",",a","28.96",",,,a","24.04",",,,a"
"ASN00027054","2012-09","-10.0511","143.0686","3.5","COCONUT ISLAND, AS","788.5","a","267.0",",a","4","1,a","1","1,a","0","1,a","0",",a","0",",a","0",",a","30",",a","3",",a","20120918",",,a","20120915",",1,a","20120927",",,a","22.4",",a,18,","4.0","1,,a,15,","32.5",",a,27,","0.0","a","0.0",",a","8.6","1,,,a","27.23",",a","30.31",",,,a","24.16",",,,a"
"ASN00027054","2012-10","-10.0511","143.0686","3.5","COCONUT ISLAND, AS","1100.0","a","311.5",",a","6",",a","3",",a","0",",a","0",",a","0",",a","0",",a","31",",a","15",",a","20121022",",,a","20121022",",,a","20121020",",,a","23.5",",a,22,","16.8",",,a,22,","33.8",",a,20,","0.0","a","0.0",",a","42.8",",,,a","28.38",",a","31.95",",,,a","24.81",",,,a"
"ASN00027054","2012-11","-10.0511","143.0686","3.5","COCONUT ISLAND, AS","1424.2","a","324.2",",a","5",",a","2",",a","0",",a","0",",a","0",",a","0",",a","30",",a","22",",a","20121128",",,a","20121112",",,a","20121123",",,a","23.6",",a,28,","4.4",",,a,12,","34.6",",a,23,","0.0","a","0.0",",a","10.6",",,,a","29.14",",a","32.91",",,,a","25.37",",,,a"
"ASN00027054","2012-12","-10.0511","143.0686","3.5","COCONUT ISLAND, AS","1793.8","a","369.6",",a","3",",a","3",",a","0",",a","0",",a","0",",a","0",",a","31",",a","29",",a","20121217",",,a","20121210",",,a","20121208",",,a","24.4",",a,17,","9.0",",,a,10,","36.8",",a,08,","0.0","a","0.0",",a","18.4",",,,a","30.26",",a","34.39",",,,a","26.13",",,,a"
"ASN00027054","2013-01","-10.0511","143.0686","3.5","COCONUT ISLAND, AS","2096.6","a","302.8","3,a","13","3,a","10","3,a","1","3,a","0","2,a","0","2,a","0","2,a","29","2,a","8","2,a","20130124",",2,a","20130106",",3,a","20130103",",2,a","24.6","2,a,24,","32.6","3,,a,06,","36.2","2,a,03,","0.0","a","0.0","2,a","132.2","3,,,a","29.15","3,a","31.91","2,,,a","26.40","2,,,a"
"ASN00027054","2013-02","-10.0511","143.0686","3.5","COCONUT ISLAND, AS","2401.4","a","304.8",",a","13",",a","10",",a","2",",a","0",",a","0",",a","0",",a","28",",a","17",",a","20130217",",,a","20130227",",,a","20130212",",,a","24.5",",a,17,","39.6",",,a,27,","35.0",",a,12,","0.0","a","0.0",",a","135.6",",,,a","29.22",",a","32.53",",,,a","25.91",",,,a"
"ASN00027054","2013-03","-10.0511","143.0686","3.5","COCONUT ISLAND, AS","2703.6","a","302.2",",a","20",",a","17",",a","4",",a","0",",a","0",",a","0",",a","31",",a","6",",a","20130327",",,a","20130311",",,a","20130323",",,a","23.3",",a,27,","112.8",",,a,11,","33.3",",a,23,","0.0","a","0.0",",a","383.4",",,,a","28.08",",a","30.92",",,,a","25.24",",,,a"
"ASN00027054","2013-04","-10.0511","143.0686","3.5","COCONUT ISLAND, AS","3031.7","a","328.1",",a","11",",a","5",",a","1",",a","0",",a","0",",a","0",",a","30",",a","17",",a","20130415",",,a","20130407",",,a","20130419",",,a","24.1",",a,15,","37.8",",,a,07,","34.5",",a,19,","0.0","a","0.0",",a","78.4",",,,a","29.27",",a","32.33",",,,a","26.21",",,,a"
"ASN00027054","2013-05","-10.0511","143.0686","3.5","COCONUT ISLAND, AS","3372.1","a","340.4",",a","16",",a","3",",a","1",",a","0",",a","0",",a","0",",a","31",",a","20",",a","20130526",",,a","20130501",",,a","20130521",",,a","24.6",",a,26,","28.6",",,a,01,","34.0",",a,21,","0.0","a","0.0",",a","52.6",",,,a","29.31",",a","32.39",",,,a","26.24",",,,a"
"ASN00027054","2013-06","-10.0511","143.0686","3.5","COCONUT ISLAND, AS","3648.6","a","276.5",",a","17","2,a","5","2,a","1","2,a","0",",a","0",",a","0",",a","30",",a","2",",a","20130624","+,,a","20130616",",2,a","20130604",",,a","24.3",",a,24,+","52.0","2,,a,16,","32.5",",a,04,","0.0","a","0.0",",a","93.6","2,,,a","27.55",",a","30.04",",,,a","25.06",",,,a"
"ASN00027054","2013-07","-10.0511","143.0686","3.5","COCONUT ISLAND, AS","275.5","a","275.5",",a","20",",a","4",",a","0",",a","0",",a","0",",a","0",",a","31",",a","0",",a","20130725",",,a","20130711",",,a","20130719",",,a","23.1",",a,25,","4.0",",,a,11,","31.9",",a,19,","0.0","a","0.0",",a","29.2",",,,a","27.22",",a","30.30",",,,a","24.14",",,,a"
"ASN00027054","2013-08","-10.0511","143.0686","3.5","COCONUT ISLAND, AS","554.1","a","278.6",",a","1","1,a","0","1,a","0","1,a","0",",a","0",",a","0",",a","31",",a","9",",a","20130809",",,a","20130812",",1,a","20130818",",,a","22.3",",a,09,","1.2","1,,a,12,","32.7",",a,18,","0.0","a","0.0",",a","1.4","1,,,a","27.32",",a","30.88",",,,a","23.76",",,,a"
"ASN00027054","2013-09","-10.0511","143.0686","3.5","COCONUT ISLAND, AS","846.8","a","292.7",",a","4","1,a","1","1,a","0","1,a","0",",a","0",",a","0",",a","30",",a","17",",a","20130907",",,a","20130908",",1,a","20130923",",,a","22.2",",a,07,","3.4","1,,a,08,","33.7",",a,23,","0.0","a","0.0",",a","7.2","1,,,a","28.09",",a","32.14",",,,a","24.04",",,,a"
"ASN00027054","2013-10","-10.0511","143.0686","3.5","COCONUT ISLAND, AS","1180.8","a","334.0",",a","3",",a","0",",a","0",",a","0",",a","0",",a","0",",a","31",",a","26",",a","20131025",",,a","20131020",",,a","20131030",",,a","24.1",",a,25,","1.6",",,a,20,","34.3",",a,30,","0.0","a","0.0",",a","3.2",",,,a","29.11",",a","33.08",",,,a","25.14",",,,a"
"ASN00027054","2013-11","-10.0511","143.0686","3.5","COCONUT ISLAND, AS","1516.3","a","335.5",",a","10","1,a","5","1,a","0","1,a","0",",a","0",",a","0",",a","30",",a","24",",a","20131125",",,a","20131125",",1,a","20131114",",,a","24.4",",a,25,","22.4","1,,a,25,","35.1",",a,14,","0.0","a","0.0",",a","43.0","1,,,a","29.52",",a","33.14",",,,a","25.90",",,,a"
"ASN00027054","2013-12","-10.0511","143.0686","3.5","COCONUT ISLAND, AS","1854.8","a","338.5",",a","16",",a","12",",a","2",",a","0",",a","0",",a","0",",a","31",",a","23",",a","20131206",",,a","20131209",",,a","20131218",",,a","22.4",",a,06,","109.4",",,a,09,","35.0",",a,18,","0.0","a","0.0",",a","269.8",",,,a","29.25",",a","32.74",",,,a","25.76",",,,a"
"ASN00027054","2014-01","-10.0511","143.0686","3.5","COCONUT ISLAND, AS","2166.0","a","311.2",",a","23",",a","19",",a","4",",a","0",",a","0",",a","0",",a","31",",a","10",",a","20140122",",,a","20140122",",,a","20140105","+,,a","23.5",",a,22,","84.8",",,a,22,","33.6",",a,05,+","0.0","a","0.0",",a","400.2",",,,a","28.37",",a","31.19",",,,a","25.56",",,,a"
"ASN00027054","2014-02","-10.0511","143.0686","3.5","COCONUT ISLAND, AS","2419.8","a","253.8","2,a","18","4,a","12","4,a","3","4,a","0","1,a","0","1,a","0","2,a","26","2,a","4","2,a","20140219",",1,a","20140212",",4,a","20140210",",2,a","23.4","1,a,19,","74.2","4,,a,12,","33.1","2,a,10,","0.0","a","0.0","2,a","240.4","4,,,a","28.12","2,a","30.69","2,,,a","25.56","1,,,a"
"ASN00027054","2014-03","-10.0511","143.0686","3.5","COCONUT ISLAND, AS","2729.1","a","309.3",",a","18",",a","15",",a","4",",a","0",",a","0",",a","0",",a","31",",a","7",",a","20140315","+,,a","20140316",",,a","20140330",",,a","23.9",",a,15,+","87.2",",,a,16,","34.2",",a,30,","0.0","a","0.0",",a","286.4",",,,a","28.31",",a","31.15",",,,a","25.47",",,,a"
"ASN00027054","2014-04","-10.0511","143.0686","3.5","COCONUT ISLAND, AS","3049.0","a","319.9",",a","16","1,a","12","1,a","3","1,a","0",",a","0",",a","0",",a","30",",a","20",",a","20140419",",,a","20140407",",1,a","20140408",",,a","23.8",",a,19,","37.0","1,,a,07,","34.8",",a,08,","0.0","a","0.0",",a","176.0","1,,,a","29.00",",a","32.30",",,,a","25.69",",,,a"
"ASN00027054","2014-05","-10.0511","143.0686","3.5","COCONUT ISLAND, AS","3394.4","a","345.4",",a","11","1,a","1","1,a","0","1,a","0",",a","0",",a","0",",a","31",",a","30",",a","20140503",",,a","20140507",",1,a","20140527",",,a","23.1",",a,03,","3.2","1,,a,07,","34.7",",a,27,","0.0","a","0.0",",a","12.6","1,,,a","29.47",",a","33.31",",,,a","25.64",",,,a"
"ASN00027054","2014-06","-10.0511","143.0686","3.5","COCONUT ISLAND, AS","3697.1","a","302.7",",a","14","1,a","3","1,a","0","1,a","0",",a","0",",a","0",",a","30",",a","18",",a","20140609",",,a","20140608",",1,a","20140623",",,a","22.9",",a,09,","7.0","1,,a,08,","33.7",",a,23,","0.0","a","0.0",",a","27.8","1,,,a","28.42",",a","32.08",",,,a","24.76",",,,a"
"ASN00027054","2014-07","-10.0511","143.0686","3.5","COCONUT ISLAND, AS","268.8","a","268.8",",a","12",",a","1",",a","0",",a","0",",a","0",",a","0",",a","31",",a","0",",a","20140724",",,a","20140718",",,a","20140709",",,a","22.0",",a,24,","2.8",",,a,18,","31.6",",a,09,","0.0","a","0.0",",a","13.2",",,,a","27.00",",a","30.25",",,,a","23.76",",,,a"
"ASN00027054","2014-08","-10.0511","143.0686","3.5","COCONUT ISLAND, AS","536.5","a","267.7",",a","11",",a","4",",a","0",",a","0",",a","0",",a","0",",a","31",",a","2",",a","20140809",",,a","20140811",",,a","20140817",",,a","22.5",",a,09,","5.8",",,a,11,","33.1",",a,17,","0.0","a","0.0",",a","22.4",",,,a","26.97",",a","30.08",",,,a","23.85",",,,a"
"ASN00027054","2014-09","-10.0511","143.0686","3.5","COCONUT ISLAND, AS","804.2","a","267.7",",a","4","1,a","0","1,a","0","1,a","0",",a","0",",a","0",",a","30",",a","1",",a","20140911",",,a","20140901",",1,a","20140903",",,a","21.2",",a,11,","1.8","1,,a,01,","32.8",",a,03,","0.0","a","0.0",",a","4.8","1,,,a","27.26",",a","30.98",",,,a","23.53",",,,a"
"ASN00027054","2014-10","-10.0511","143.0686","3.5","COCONUT ISLAND, AS","1101.0","a","296.8",",a","2","1,a","0","1,a","0","1,a","0",",a","0",",a","0",",a","31",",a","10",",a","20141008","+,,a","20141021",",1,a","20141017","+,,a","22.6",",a,08,+","1.6","1,,a,21,","32.6",",a,17,+","0.0","a","0.0",",a","2.6","1,,,a","27.91",",a","31.83",",,,a","23.99",",,,a"
"ASN00027054","2014-11","-10.0511","143.0686","3.5","COCONUT ISLAND, AS","1424.6","a","323.6",",a","2",",a","1",",a","0",",a","0",",a","0",",a","0",",a","30",",a","26",",a","20141105",",,a","20141109",",,a","20141129",",,a","24.0",",a,05,","3.6",",,a,09,","34.3",",a,29,","0.0","a","0.0",",a","5.2",",,,a","29.12",",a","32.86",",,,a","25.38",",,,a"
"ASN00027054","2014-12","-10.0511","143.0686","3.5","COCONUT ISLAND, AS","1790.7","a","366.1",",a","5",",a","4",",a","0",",a","0",",a","0",",a","0",",a","31",",a","29",",a","20141220",",,a","20141216",",,a","20141210",",,a","24.7",",a,20,","21.4",",,a,16,","35.9",",a,10,","0.0","a","0.0",",a","46.8",",,,a","30.14",",a","34.04",",,,a","26.25",",,,a"
"ASN00027054","2015-01","-10.0511","143.0686","3.5","COCONUT ISLAND, AS","2101.2","a","310.5",",a","20",",a","17",",a","9",",a","0",",a","0",",a","0",",a","31",",a","9",",a","20150111","+,,a","20150109",",,a","20150101",",,a","23.7",",a,11,+","128.8",",,a,09,","34.1",",a,01,","0.0","a","0.0",",a","592.4",",,,a","28.35",",a","30.99",",,,a","25.71",",,,a"
"ASN00027054","2015-02","-10.0511","143.0686","3.5","COCONUT ISLAND, AS","2373.2","a","272.0",",a","16","1,a","15","1,a","3","1,a","0",",a","0",",a","0",",a","28",",a","5",",a","20150219",",,a","20150211",",1,a","20150220",",,a","22.6",",a,19,","57.2","1,,a,11,","33.2",",a,20,","0.0","a","0.0",",a","280.8","1,,,a","28.05",",a","30.56",",,,a","25.54",",,,a"
"ASN00027054","2015-03","-10.0511","143.0686","3.5","COCONUT ISLAND, AS","2659.4","a","286.2","1,a","14","4,a","11","4,a","4","4,a","0","1,a","0","1,a","0",",a","31",",a","7",",a","20150311",",1,a","20150310",",4,a","20150331",",,a","22.2","1,a,11,","98.6","4,,a,10,","34.1",",a,31,","0.0","a","0.0",",a","373.8","4,,,a","27.88","1,a","30.88",",,,a","24.88","1,,,a"
"ASN00027054","2015-04","-10.0511","143.0686","3.5","COCONUT ISLAND, AS","3004.6","a","345.2",",a","4","1,a","1","1,a","0","1,a","0",",a","0",",a","0",",a","30",",a","30",",a","20150407","+,,a","20150422",",1,a","20150417","+,,a","24.5",",a,07,+","15.2","1,,a,22,","34.6",",a,17,+","0.0","a","0.0",",a","17.6","1,,,a","29.84",",a","33.66",",,,a","26.02",",,,a"
"ASN00027054","2015-05","-10.0511","143.0686","3.5","COCONUT ISLAND, AS","3326.0","a","321.4","1,a","8","1,a","2","1,a","1","1,a","0",",a","0",",a","0","1,a","30","1,a","25","1,a","20150531",",,a","20150531",",1,a","20150502",",1,a","22.0",",a,31,","75.8","1,,a,31,","34.1","1,a,02,","0.0","a","0.0","1,a","86.6","1,,,a","29.05","1,a","32.87","1,,,a","25.23",",,,a"
"ASN00027054","2015-06","-10.0511","143.0686","3.5","COCONUT ISLAND, AS","3610.3","a","284.3",",a","13",",a","2",",a","0",",a","0",",a","0",",a","0",",a","30",",a","0",",a","20150630",",,a","20150609",",,a","20150604",",,a","21.9",",a,30,","5.0",",,a,09,","32.1",",a,04,","0.0","a","0.0",",a","20.8",",,,a","27.81",",a","31.05",",,,a","24.57",",,,a"
"ASN00027054","2015-07","-10.0511","143.0686","3.5","COCONUT ISLAND, AS","285.4","a","285.4",",a","6",",a","1",",a","0",",a","0",",a","0",",a","0",",a","31",",a","3",",a","20150704",",,a","20150705",",,a","20150723","+,,a","22.4",",a,04,","3.0",",,a,05,","32.3",",a,23,+","0.0","a","0.0",",a","7.8",",,,a","27.54",",a","31.19",",,,a","23.89",",,,a"
"ASN00027054","2015-08","-10.0511","143.0686","3.5","COCONUT ISLAND, AS","554.1","a","268.7",",a","3",",a","0",",a","0",",a","0",",a","0",",a","0",",a","31",",a","0",",a","20150813",",,a","20150802",",,a","20150824","+,,a","21.6",",a,13,","2.0",",,a,02,","31.9",",a,24,+","0.0","a","0.0",",a","3.8",",,,a","27.00",",a","31.04",",,,a","22.96",",,,a"
"ASN00027054","2015-09","-10.0511","143.0686","3.5","COCONUT ISLAND, AS","829.0","a","274.9",",a","2",",a","0",",a","0",",a","0",",a","0",",a","0",",a","30",",a","4",",a","20150919",",,a","20150912",",,a","20150909",",,a","21.6",",a,19,","1.2",",,a,12,","32.4",",a,09,","0.0","a","0.0",",a","2.4",",,,a","27.50",",a","31.54",",,,a","23.45",",,,a"
"ASN00027054","2015-10","-10.0511","143.0686","3.5","COCONUT ISLAND, AS","1136.4","a","307.4",",a","2",",a","0",",a","0",",a","0",",a","0",",a","0",",a","31",",a","23",",a","20151006",",,a","20151006",",,a","20151031",",,a","22.2",",a,06,","1.2",",,a,06,","34.1",",a,31,","0.0","a","0.0",",a","1.8",",,,a","28.25",",a","32.46",",,,a","24.04",",,,a"
"ASN00027054","2015-11","-10.0511","143.0686","3.5","COCONUT ISLAND, AS","1476.0","a","339.6",",a","0",",a","0",",a","0",",a","0",",a","0",",a","0",",a","30",",a","27",",a","20151108",",,a","20151130","+,,a","20151119",",,a","24.1",",a,08,","0.0",",,a,30,+","35.3",",a,19,","0.0","a","0.0",",a","0.0",",,,a","29.65",",a","33.82",",,,a","25.49",",,,a"
"ASN00027054","2015-12","-10.0511","143.0686","3.5","COCONUT ISLAND, AS","1837.1","a","361.1",",a","10",",a","8",",a","2",",a","0",",a","0",",a","0",",a","31",",a","24",",a","20151221",",,a","20151219",",,a","20151206",",,a","24.2",",a,21,","65.4",",,a,19,","35.8",",a,06,","0.0","a","0.0",",a","154.2",",,,a","29.98",",a","33.54",",,,a","26.43",",,,a"
"ASN00027054","2016-01","-10.0511","143.0686","3.5","COCONUT ISLAND, AS","2193.6","a","356.5","1,a","8","1,a","6","1,a","1","1,a","0","1,a","0","1,a","0",",a","31",",a","23",",a","20160131",",1,a","20160130",",1,a","20160120",",,a","24.8","1,a,31,","47.4","1,,a,30,","36.6",",a,20,","0.0","a","0.0",",a","87.6","1,,,a","30.19","1,a","33.43",",,,a","26.95","1,,,a"
"ASN00027054","2016-02","-10.0511","143.0686","3.5","COCONUT ISLAND, AS","2512.4","a","318.8",",a","12",",a","10",",a","4",",a","0",",a","0",",a","0",",a","29",",a","16",",a","20160213",",,a","20160213",",,a","20160224",",,a","24.2",",a,13,","181.4",",,a,13,","35.4",",a,24,","0.0","a","0.0",",a","532.2",",,,a","29.33",",a","32.28",",,,a","26.38",",,,a"
"ASN00027054","2016-03","-10.0511","143.0686","3.5","COCONUT ISLAND, AS","2871.5","a","359.1",",a","10",",a","9",",a","1",",a","0",",a","0",",a","0",",a","31",",a","23",",a","20160319",",,a","20160305",",,a","20160313",",,a","24.6",",a,19,","25.6",",,a,05,","35.7",",a,13,","0.0","a","0.0",",a","88.8",",,,a","29.92",",a","33.10",",,,a","26.73",",,,a"
"ASN00027054","2016-04","-10.0511","143.0686","3.5","COCONUT ISLAND, AS","3217.1","a","345.6",",a","14",",a","9",",a","2",",a","0",",a","0",",a","0",",a","30",",a","21",",a","20160430",",,a","20160430",",,a","20160412",",,a","24.2",",a,30,","70.6",",,a,30,","36.6",",a,12,","0.0","a","0.0",",a","162.6",",,,a","29.85",",a","33.22",",,,a","26.48",",,,a"
"ASN00027054","2016-05","-10.0511","143.0686","3.5","COCONUT ISLAND, AS","3572.5","a","355.4",",a","8",",a","5",",a","1",",a","0",",a","0",",a","0",",a","31",",a","27",",a","20160524",",,a","20160522",",,a","20160514","+,,a","24.0",",a,24,","80.4",",,a,22,","34.8",",a,14,+","0.0","a","0.0",",a","115.2",",,,a","29.80",",a","33.16",",,,a","26.43",",,,a"
"ASN00027054","2016-06","-10.0511","143.0686","3.5","COCONUT ISLAND, AS","3908.9","a","336.4",",a","9",",a","4",",a","0",",a","0",",a","0",",a","0",",a","30",",a","28",",a","20160607",",,a","20160623",",,a","20160619",",,a","23.1",",a,07,","5.2",",,a,23,","34.7",",a,19,","0.0","a","0.0",",a","19.2",",,,a","29.55",",a","33.37",",,,a","25.72",",,,a"
"ASN00027054","2016-07","-10.0511","143.0686","3.5","COCONUT ISLAND, AS","307.2","a","307.2",",a","16",",a","7",",a","0",",a","0",",a","0",",a","0",",a","31",",a","12",",a","20160717",",,a","20160728",",,a","20160720",",,a","23.6",",a,17,","13.0",",,a,28,","33.4",",a,20,","0.0","a","0.0",",a","59.0",",,,a","28.24",",a","31.68",",,,a","24.80",",,,a"
"ASN00027054","2016-08","-10.0511","143.0686","3.5","COCONUT ISLAND, AS","602.3","a","295.1",",a","11","1,a","3","1,a","0","1,a","0",",a","0",",a","0",",a","31",",a","8",",a","20160813",",,a","20160816",",1,a","20160827",",,a","22.8",",a,13,","4.8","1,,a,16,","33.9",",a,27,","0.0","a","0.0",",a","21.2","1,,,a","27.85",",a","31.39",",,,a","24.32",",,,a"
"ASN00027054","2016-09","-10.0511","143.0686","3.5","COCONUT ISLAND, AS","928.9","a","326.6",",a","7",",a","0",",a","0",",a","0",",a","0",",a","0",",a","30",",a","24",",a","20160906",",,a","20160918",",,a","20160927",",,a","24.0",",a,06,","1.6",",,a,18,","35.1",",a,27,","0.0","a","0.0",",a","8.2",",,,a","29.22",",a","33.13",",,,a","25.30",",,,a"
"ASN00027054","2016-10","-10.0511","143.0686","3.5","COCONUT ISLAND, AS","1289.9","a","361.0",",a","1",",a","0",",a","0",",a","0",",a","0",",a","0",",a","31",",a","31",",a","20161014","+,,a","20161008",",,a","20161018",",,a","23.9",",a,14,+","1.8",",,a,08,","35.3",",a,18,","0.0","a","0.0",",a","3.0",",,,a","29.98",",a","34.23",",,,a","25.73",",,,a"
"ASN00027054","2016-11","-10.0511","143.0686","3.5","COCONUT ISLAND, AS","1649.8","a","359.9",",a","0",",a","0",",a","0",",a","0",",a","0",",a","0",",a","30",",a","29",",a","20161111",",,a","20161130","+,,a","20161121",",,a","24.4",",a,11,","0.2",",,a,30,+","35.6",",a,21,","0.0","a","0.0",",a","0.4",",,,a","30.33",",a","34.73",",,,a","25.93",",,,a"
"ASN00027054","2016-12","-10.0511","143.0686","3.5","COCONUT ISLAND, AS","1995.9","a","346.1",",a","11",",a","10",",a","4",",a","0",",a","0",",a","0",",a","31",",a","18",",a","20161212",",,a","20161212",",,a","20161209",",,a","23.7",",a,12,","129.4",",,a,12,","36.7",",a,09,","0.0","a","0.0",",a","369.6",",,,a","29.50",",a","32.95",",,,a","26.04",",,,a"
"ASN00027054","2017-01","-10.0511","143.0686","3.5","COCONUT ISLAND, AS","2333.7","a","337.8",",a","12",",a","9",",a","1",",a","0",",a","0",",a","0",",a","31",",a","14",",a","20170101",",,a","20170123",",,a","20170126",",,a","24.5",",a,01,","39.2",",,a,23,","33.9",",a,26,","0.0","a","0.0",",a","113.8",",,,a","29.23",",a","32.15",",,,a","26.31",",,,a"
"ASN00027054","2017-02","-10.0511","143.0686","3.5","COCONUT ISLAND, AS","2593.7","a","260.0","2,a","17",",a","12",",a","8",",a","0",",a","0",",a","0","2,a","26","2,a","7","2,a","20170228","+,,a","20170204",",,a","20170224",",2,a","23.3",",a,28,+","78.2",",,a,04,","35.1","2,a,24,","0.0","a","0.0","2,a","470.4",",,,a","28.40","2,a","31.20","2,,,a","25.59",",,,a"
"ASN00027054","2017-03","-10.0511","143.0686","3.5","COCONUT ISLAND, AS","2924.8","a","331.1",",a","17",",a","14",",a","2",",a","0",",a","0",",a","0",",a","31",",a","15",",a","20170301",",,a","20170313",",,a","20170319",",,a","23.5",",a,01,","60.2",",,a,13,","34.3",",a,19,","0.0","a","0.0",",a","221.4",",,,a","29.01",",a","31.99",",,,a","26.03",",,,a"
"ASN00027054","2017-04","-10.0511","143.0686","3.5","COCONUT ISLAND, AS","3233.4","a","308.6",",a","19","1,a","14","1,a","6","1,a","0",",a","0",",a","0",",a","30",",a","14",",a","20170423",",,a","20170423",",1,a","20170414",",,a","23.3",",a,23,","53.4","1,,a,23,","34.0",",a,14,","0.0","a","0.0",",a","335.2","1,,,a","28.62",",a","31.58",",,,a","25.66",",,,a"
"ASN00027054","2017-05","-10.0511","143.0686","3.5","COCONUT ISLAND, AS","3562.1","a","328.7",",a","10",",a","2",",a","0",",a","0",",a","0",",a","0",",a","31",",a","12",",a","20170501",",,a","20170520",",,a","20170531",",,a","24.5",",a,01,","3.8",",,a,20,","33.4",",a,31,","0.0","a","0.0",",a","16.0",",,,a","28.94",",a","31.99",",,,a","25.88",",,,a"
"ASN00027054","2017-06","-10.0511","143.0686","3.5","COCONUT ISLAND, AS","3841.9","a","279.8",",a","19",",a","5",",a","0",",a","0",",a","0",",a","0",",a","30",",a","0",",a","20170623",",,a","20170616",",,a","20170601",",,a","23.5",",a,23,","9.6",",,a,16,","32.1",",a,01,","0.0","a","0.0",",a","46.6",",,,a","27.66",",a","30.33",",,,a","24.99",",,,a"
"ASN00027054","2017-07","-10.0511","143.0686","3.5","COCONUT ISLAND, AS","281.8","a","281.8",",a","12",",a","1",",a","0",",a","0",",a","0",",a","0",",a","31",",a","0",",a","20170729",",,a","20170719",",,a","20170703",",,a","23.3",",a,29,","4.0",",,a,19,","31.6",",a,03,","0.0","a","0.0",",a","19.2",",,,a","27.42",",a","30.31",",,,a","24.54",",,,a"
"ASN00027054","2017-08","-10.0511","143.0686","3.5","COCONUT ISLAND, AS","561.7","a","279.9",",a","9",",a","1",",a","0",",a","0",",a","0",",a","0",",a","31",",a","0",",a","20170825",",,a","20170805",",,a","20170819",",,a","22.5",",a,25,","6.0",",,a,05,","32.0",",a,19,","0.0","a","0.0",",a","12.8",",,,a","27.36",",a","30.59",",,,a","24.13",",,,a"
"ASN00027054","2017-09","-10.0511","143.0686","3.5","COCONUT ISLAND, AS","848.6","a","286.9",",a","4",",a","0",",a","0",",a","0",",a","0",",a","0",",a","30",",a","4",",a","20170904",",,a","20170903",",,a","20170930",",,a","23.9",",a,04,","1.6",",,a,03,","33.4",",a,30,","0.0","a","0.0",",a","5.0",",,,a","27.90",",a","30.99",",,,a","24.80",",,,a"
"ASN00027054","2017-10","-10.0511","143.0686","3.5","COCONUT ISLAND, AS","1188.6","a","340.0",",a","5",",a","2",",a","0",",a","0",",a","0",",a","0",",a","31",",a","25",",a","20171020","+,,a","20171029",",,a","20171027","+,,a","23.9",",a,20,+","16.8",",,a,29,","35.0",",a,27,+","0.0","a","0.0",",a","26.6",",,,a","29.30",",a","32.97",",,,a","25.63",",,,a"
"ASN00027054","2017-11","-10.0511","143.0686","3.5","COCONUT ISLAND, AS","1523.6","a","335.0",",a","8",",a","6",",a","3",",a","0",",a","0",",a","0",",a","30",",a","26",",a","20171117",",,a","20171114",",,a","20171130",",,a","23.9",",a,17,","61.6",",,a,14,","35.4",",a,30,","0.0","a","0.0",",a","181.8",",,,a","29.50",",a","33.40",",,,a","25.60",",,,a"
"ASN00027054","2017-12","-10.0511","143.0686","3.5","COCONUT ISLAND, AS","1897.5","a","373.9",",a","6",",a","2",",a","1",",a","0",",a","0",",a","0",",a","31",",a","30",",a","20171206",",,a","20171206",",,a","20171227",",,a","24.9",",a,06,","29.8",",,a,06,","36.8",",a,27,","0.0","a","0.0",",a","42.0",",,,a","30.39",",a","34.61",",,,a","26.18",",,,a"
"ASN00027054","2018-01","-10.0511","143.0686","3.5","COCONUT ISLAND, AS","2207.4","a","309.9",",a","24",",a","18",",a","6",",a","0",",a","0",",a","0",",a","31",",a","11",",a","20180130",",,a","20180128",",,a","20180101",",,a","23.6",",a,30,","180.8",",,a,28,","35.3",",a,01,","0.0","a","0.0",",a","540.2",",,,a","28.33",",a","31.37",",,,a","25.29",",,,a"
"ASN00027054","2018-02","-10.0511","143.0686","3.5","COCONUT ISLAND, AS","2498.7","a","291.3",",a","16",",a","13",",a","3",",a","0",",a","0",",a","0",",a","28",",a","8",",a","20180219",",,a","20180209",",,a","20180218",",,a","23.2",",a,19,","66.0",",,a,09,","34.2",",a,18,","0.0","a","0.0",",a","220.0",",,,a","28.74",",a","31.58",",,,a","25.89",",,,a"
"ASN00027054","2018-03","-10.0511","143.0686","3.5","COCONUT ISLAND, AS","2816.8","a","318.1",",a","18","1,a","16","1,a","5","1,a","0",",a","0",",a","0",",a","31",",a","9",",a","20180321",",,a","20180312",",1,a","20180330",",,a","23.4",",a,21,","113.6","1,,a,12,","34.1",",a,30,","0.0","a","0.0",",a","415.6","1,,,a","28.59",",a","31.57",",,,a","25.62",",,,a"
"ASN00027054","2018-04","-10.0511","143.0686","3.5","COCONUT ISLAND, AS","3149.9","a","333.1",",a","16",",a","10",",a","4",",a","0",",a","0",",a","0",",a","30",",a","22",",a","20180404",",,a","20180404",",,a","20180415",",,a","23.9",",a,04,","48.2",",,a,04,","35.3",",a,15,","0.0","a","0.0",",a","209.8",",,,a","29.44",",a","33.04",",,,a","25.83",",,,a"
"ASN00027054","2018-05","-10.0511","143.0686","3.5","COCONUT ISLAND, AS","3500.8","a","350.9",",a","16","1,a","5","1,a","0","1,a","0",",a","0",",a","0",",a","31",",a","29",",a","20180531",",,a","20180519",",1,a","20180516","+,,a","23.2",",a,31,","5.6","1,,a,19,","34.9",",a,16,+","0.0","a","0.0",",a","28.0","1,,,a","29.65",",a","33.78",",,,a","25.52",",,,a"
"ASN00027054","2018-06","-10.0511","143.0686","3.5","COCONUT ISLAND, AS","3798.0","a","297.2",",a","11",",a","0",",a","0",",a","0",",a","0",",a","0",",a","30",",a","17",",a","20180625",",,a","20180625",",,a","20180611",",,a","23.2",",a,25,","2.0",",,a,25,","34.2",",a,11,","0.0","a","0.0",",a","13.2",",,,a","28.24",",a","32.20",",,,a","24.28",",,,a"
"ASN00027054","2018-07","-10.0511","143.0686","3.5","COCONUT ISLAND, AS","295.4","a","295.4",",a","8",",a","2",",a","0",",a","0",",a","0",",a","0",",a","31",",a","15",",a","20180728",",,a","20180709",",,a","20180720",",,a","22.2",",a,28,","11.0",",,a,09,","33.4",",a,20,","0.0","a","0.0",",a","24.6",",,,a","27.86",",a","31.81",",,,a","23.91",",,,a"
"ASN00027054","2018-08","-10.0511","143.0686","3.5","COCONUT ISLAND, AS","607.2","a","311.8",",a","3",",a","0",",a","0",",a","0",",a","0",",a","0",",a","31",",a","28",",a","20180813",",,a","20180804",",,a","20180817",",,a","22.5",",a,13,","1.0",",,a,04,","34.0",",a,17,","0.0","a","0.0",",a","2.2",",,,a","28.39",",a","32.92",",,,a","23.86",",,,a"
"ASN00027054","2018-09","-10.0511","143.0686","3.5","COCONUT ISLAND, AS","913.0","a","305.8",",a","1",",a","0",",a","0",",a","0",",a","0",",a","0",",a","30",",a","28",",a","20180907","+,,a","20180922",",,a","20180930",",,a","23.0",",a,07,+","1.4",",,a,22,","34.1",",a,30,","0.0","a","0.0",",a","1.4",",,,a","28.53",",a","33.26",",,,a","23.79",",,,a"
"ASN00027054","2018-10","-10.0511","143.0686","3.5","COCONUT ISLAND, AS","1255.6","a","342.6",",a","5","2,a","2","2,a","1","2,a","0",",a","0",",a","0",",a","31",",a","29",",a","20181005",",,a","20181029",",2,a","20181031",",,a","21.2",",a,05,","31.4","2,,a,29,","35.9",",a,31,","0.0","a","0.0",",a","38.8","2,,,a","29.39",",a","34.28",",,,a","24.49",",,,a"
"ASN00027054","2018-11","-10.0511","143.0686","3.5","COCONUT ISLAND, AS","1612.1","a","356.5","1,a","","","","","","","0","1,a","0","1,a","0",",a","30",",a","30",",a","20181117",",1,a","","","20181123",",,a","24.5","1,a,17,","","","36.9",",a,23,","0.0","a","0.0",",a","","","30.59","1,a","35.03",",,,a","26.14","1,,,a"
"ASN00027054","2018-12","-10.0511","143.0686","3.5","COCONUT ISLAND, AS","1942.4","a","330.3","3,a","","","","","","","0",",a","0",",a","0","3,a","28","3,a","20","3,a","20181210",",,a","","","20181206",",3,a","23.4",",a,10,","","","37.5","3,a,06,","0.0","a","0.0","3,a","","","30.06","3,a","33.08","3,,,a","27.05",",,,a"
"ASN00027054","2019-01","-10.0511","143.0686","3.5","COCONUT ISLAND, AS","2252.8","a","310.4","1,a","17","1,a","12","1,a","5","1,a","0","1,a","0","1,a","0",",a","31",",a","10",",a","20190103",",1,a","20190104",",1,a","20190115",",,a","23.3","1,a,03,","49.4","1,,a,04,","34.3",",a,15,","0.0","a","0.0",",a","313.6","1,,,a","28.66","1,a","31.60",",,,a","25.71","1,,,a"
"ASN00027054","2019-02","-10.0511","143.0686","3.5","COCONUT ISLAND, AS","2565.5","a","312.7",",a","10",",a","8",",a","2",",a","0",",a","0",",a","0",",a","28",",a","10",",a","20190211",",,a","20190211",",,a","20190226",",,a","23.9",",a,11,","68.0",",,a,11,","35.6",",a,26,","0.0","a","0.0",",a","118.2",",,,a","29.50",",a","32.24",",,,a","26.76",",,,a"
"ASN00027054","2019-03","-10.0511","143.0686","3.5","COCONUT ISLAND, AS","2895.3","a","329.8",",a","19",",a","13",",a","2",",a","0",",a","0",",a","0",",a","31",",a","15",",a","20190323",",,a","20190316",",,a","20190308",",,a","24.0",",a,23,","82.8",",,a,16,","35.8",",a,08,","0.0","a","0.0",",a","270.0",",,,a","28.97",",a","32.00",",,,a","25.94",",,,a"
"ASN00027054","2019-04","-10.0511","143.0686","3.5","COCONUT ISLAND, AS","3228.1","a","332.8",",a","21",",a","14",",a","3",",a","0",",a","0",",a","0",",a","30",",a","21",",a","20190406",",,a","20190406",",,a","20190425",",,a","24.1",",a,06,","64.6",",,a,06,","35.6",",a,25,","0.0","a","0.0",",a","251.4",",,,a","29.43",",a","33.07",",,,a","25.78",",,,a"
"ASN00027054","2019-05","-10.0511","143.0686","3.5","COCONUT ISLAND, AS","3555.1","a","327.0",",a","18",",a","5",",a","0",",a","0",",a","0",",a","0",",a","31",",a","19",",a","20190511",",,a","20190523",",,a","20190501",",,a","23.0",",a,11,","23.4",",,a,23,","34.3",",a,01,","0.0","a","0.0",",a","75.2",",,,a","28.88",",a","32.21",",,,a","25.55",",,,a"
"ASN00027054","2019-06","-10.0511","143.0686","3.5","COCONUT ISLAND, AS","3853.7","a","298.6",",a","17","1,a","1","1,a","0","1,a","0",",a","0",",a","0",",a","30",",a","14",",a","20190619",",,a","20190610",",1,a","20190626",",,a","23.1",",a,19,","3.0","1,,a,10,","33.4",",a,26,","0.0","a","0.0",",a","18.6","1,,,a","28.29",",a","31.83",",,,a","24.74",",,,a"
"ASN00027054","2019-07","-10.0511","143.0686","3.5","COCONUT ISLAND, AS","298.1","a","298.1",",a","8",",a","1",",a","0",",a","0",",a","0",",a","0",",a","31",",a","21",",a","20190712",",,a","20190712",",,a","20190706",",,a","21.5",",a,12,","3.2",",,a,12,","33.6",",a,06,","0.0","a","0.0",",a","10.0",",,,a","27.95",",a","32.21",",,,a","23.69",",,,a"
"ASN00027054","2019-08","-10.0511","143.0686","3.5","COCONUT ISLAND, AS","585.1","a","287.0","1,a","11","2,a","1","2,a","0","2,a","0",",a","0",",a","0","1,a","30","1,a","19","1,a","20190826",",,a","20190811",",2,a","20190827",",1,a","22.1",",a,26,","4.2","2,,a,11,","34.3","1,a,27,","0.0","a","0.0","1,a","13.6","2,,,a","27.90","1,a","32.24","1,,,a","23.56",",,,a"
"ASN00027054","2019-09","-10.0511","143.0686","3.5","COCONUT ISLAND, AS","873.0","a","287.9",",a","3",",a","1",",a","0",",a","0",",a","0",",a","0",",a","30",",a","22",",a","20190910",",,a","20190923",",,a","20190929","+,,a","21.2",",a,10,","4.8",",,a,23,","33.7",",a,29,+","0.0","a","0.0",",a","7.0",",,,a","27.93",",a","32.50",",,,a","23.36",",,,a"
"ASN00027054","2019-10","-10.0511","143.0686","3.5","COCONUT ISLAND, AS","1198.1","a","325.1",",a","8",",a","1",",a","0",",a","0",",a","0",",a","0",",a","31",",a","28",",a","20191016","+,,a","20191030",",,a","20191026",",,a","23.0",",a,16,+","10.6",",,a,30,","35.5",",a,26,","0.0","a","0.0",",a","18.8",",,,a","28.82",",a","33.39",",,,a","24.25",",,,a"
"ASN00027054","2019-11","-10.0511","143.0686","3.5","COCONUT ISLAND, AS","1540.5","a","342.4",",a","1",",a","0",",a","0",",a","0",",a","0",",a","0",",a","30",",a","29",",a","20191118",",,a","20191110",",,a","20191108",",,a","24.0",",a,18,","0.4",",,a,10,","36.2",",a,08,","0.0","a","0.0",",a","0.8",",,,a","29.75",",a","34.37",",,,a","25.12",",,,a"
"ASN00027054","2019-12","-10.0511","143.0686","3.5","COCONUT ISLAND, AS","1920.7","a","380.2",",a","1",",a","0",",a","0",",a","0",",a","0",",a","0",",a","31",",a","31",",a","20191226",",,a","20191209",",,a","20191224",",,a","25.5",",a,26,","0.6",",,a,09,","36.5",",a,24,","0.0","a","0.0",",a","0.8",",,,a","30.60",",a","34.54",",,,a","26.66",",,,a"
"ASN00027054","2020-01","-10.0511","143.0686","3.5","COCONUT ISLAND, AS","2284.1","","363.4",",a","13",",a","9",",a","3",",a","0",",a","0",",a","0",",a","31",",a","26",",a","20200130",",,a","20200112",",,a","20200102",",,a","24.4",",a,30,","77.2",",,a,12,","36.1",",a,02,","0.0","","0.0",",a","192.8",",,,a","30.06",",a","33.15",",,,a","26.96",",,,a"
"ASN00027054","2020-02","-10.0511","143.0686","3.5","COCONUT ISLAND, AS","2591.8","","307.7","1,a","16","2,a","10","2,a","2","2,a","0","1,a","0","1,a","0",",a","29",",a","14",",a","20200207",",1,a","20200207",",2,a","20200229",",,a","24.1","1,a,07,","50.8","2,,a,07,","34.3",",a,29,","0.0","","0.0",",a","195.2","2,,,a","29.31","1,a","32.04",",,,a","26.58","1,,,a"
"ASN00027054","2020-03","-10.0511","143.0686","3.5","COCONUT ISLAND, AS","2915.9","","324.1",",a","23","1,a","18","1,a","5","1,a","0",",a","0",",a","0",",a","31",",a","12",",a","20200316",",,a","20200309",",1,a","20200301",",,a","24.0",",a,16,","61.4","1,,a,09,","34.8",",a,01,","0.0","","0.0",",a","347.8","1,,,a","28.79",",a","31.75",",,,a","25.83",",,,a"
"ASN00027054","2020-04","-10.0511","143.0686","3.5","COCONUT ISLAND, AS","3252.1","","336.2",",a","12","1,a","5","1,a","2","1,a","0",",a","0",",a","0",",a","30",",a","23",",a","20200401",",,a","20200401",",1,a","20200423",",,a","24.8",",a,01,","40.4","1,,a,01,","35.3",",a,23,","0.0","","0.0",",a","110.0","1,,,a","29.54",",a","32.87",",,,a","26.21",",,,a"
"ASN00027054","2020-05","-10.0511","143.0686","3.5","COCONUT ISLAND, AS","3563.5","","311.4","1,a","13","2,a","3","2,a","0","2,a","0","1,a","0","1,a","0",",a","31",",a","9",",a","20200524",",1,a","20200505",",2,a","20200502",",,a","22.6","1,a,24,","7.4","2,,a,05,","33.3",",a,02,","0.0","","0.0",",a","22.6","2,,,a","28.67","1,a","31.34",",,,a","25.99","1,,,a"
"ASN00027054","2020-06","-10.0511","143.0686","3.5","COCONUT ISLAND, AS","3851.3","","287.8",",a","11","1,a","1","1,a","0","1,a","0",",a","0",",a","0",",a","30",",a","2",",a","20200627",",,a","20200606",",1,a","20200614",",,a","24.6",",a,27,","6.4","1,,a,06,","32.9",",a,14,","0.0","","0.0",",a","17.2","1,,,a","27.93",",a","30.45",",,,a","25.41",",,,a"
"ASN00027054","2020-07","-10.0511","143.0686","3.5","COCONUT ISLAND, AS","","","","","","","","","","","0","4,a","0","4,a","0","3,a","28","3,a","0","3,a","20200719",",4,a","","","20200727",",3,a","23.2","4,a,19,","","","30.9","3,a,27,","","","","","","","26.92","6,a","29.41","3,,,a","24.43","4,,,a"
"ASN00027054","2020-08","-10.0511","143.0686","3.5","COCONUT ISLAND, AS","","","","","","","","","","","0","3,a","0","3,a","0","3,a","28","3,a","9","3,a","20200820",",3,a","","","20200810",",3,a","20.9","3,a,20,","","","32.9","3,a,10,","","","","","","","27.74","4,a","31.39","3,,,a","24.10","3,,,a"
"ASN00027054","2021-02","-10.0511","143.0686","3.5","COCONUT ISLAND, AS","","","289.7",",a","18",",a","11",",a","5",",a","0",",a","0",",a","0",",a","28",",a","5",",a","20210225","+,,a","20210225",",,a","20210211",",,a","24.3",",a,25,+","70.8",",,a,25,","32.7",",a,11,","","","0.0",",a","275.8",",,,a","28.68",",a","31.39",",,,a","25.97",",,,a"
"ASN00027054","2021-03","-10.0511","143.0686","3.5","COCONUT ISLAND, AS","","","315.5","2,a","15","2,a","9","2,a","1","2,a","0","2,a","0","2,a","0",",a","31",",a","15",",a","20210302",",2,a","20210302",",2,a","20210328",",,a","23.3","2,a,02,","53.8","2,,a,02,","36.0",",a,28,","","","0.0",",a","119.8","2,,,a","29.06","2,a","32.05",",,,a","26.07","2,,,a"
"ASN00027054","2021-04","-10.0511","143.0686","3.5","COCONUT ISLAND, AS","","","262.7","4,a","17",",a","10",",a","4",",a","0","1,a","0","1,a","0","3,a","27","3,a","11","3,a","20210420","+,1,a","20210401",",,a","20210416",",3,a","23.8","1,a,20,+","45.6",",,a,01,","33.5","3,a,16,","","","0.0","3,a","221.2",",,,a","28.42","4,a","31.46","3,,,a","25.37","1,,,a"
"ASN00027054","2021-05","-10.0511","143.0686","3.5","COCONUT ISLAND, AS","","","311.2",",a","16",",a","7",",a","0",",a","0",",a","0",",a","0",",a","31",",a","6",",a","20210511",",,a","20210515",",,a","20210502",",,a","24.3",",a,11,","15.6",",,a,15,","32.7",",a,02,","","","0.0",",a","61.2",",,,a","28.37",",a","30.95",",,,a","25.79",",,,a"
"ASN00027054","2021-06","-10.0511","143.0686","3.5","COCONUT ISLAND, AS","","","285.1",",a","13",",a","3",",a","0",",a","0",",a","0",",a","0",",a","30",",a","0",",a","20210610","+,,a","20210606",",,a","20210605",",,a","24.1",",a,10,+","7.2",",,a,06,","32.1",",a,05,","","","0.0",",a","26.0",",,,a","27.84",",a","30.43",",,,a","25.24",",,,a"
"ASN00027054","2021-07","-10.0511","143.0686","3.5","COCONUT ISLAND, AS","291.5","a","291.5","1,a","13",",a","3",",a","0",",a","0",",a","0",",a","0","1,a","30","1,a","1","1,a","20210702",",,a","20210729",",,a","20210724",",1,a","24.4",",a,02,","4.0",",,a,29,","32.5","1,a,24,","","","0.0","1,a","23.6",",,,a","28.05","1,a","30.71","1,,,a","25.38",",,,a"
"ASN00027054","2021-08","-10.0511","143.0686","3.5","COCONUT ISLAND, AS","585.6","a","294.1",",a","10","1,a","1","1,a","0","1,a","0",",a","0",",a","0",",a","31",",a","1",",a","20210801",",,a","20210814",",1,a","20210831",",,a","22.1",",a,01,","3.6","1,,a,14,","32.8",",a,31,","","","0.0",",a","14.8","1,,,a","27.82",",a","30.88",",,,a","24.76",",,,a"
"ASN00027054","2021-09","-10.0511","143.0686","3.5","COCONUT ISLAND, AS","887.6","a","302.0",",a","8",",a","1",",a","0",",a","0",",a","0",",a","0",",a","30",",a","8",",a","20210919",",,a","20210903",",,a","20210930",",,a","23.6",",a,19,","3.8",",,a,03,","33.7",",a,30,","","","0.0",",a","10.8",",,,a","28.40",",a","31.80",",,,a","25.00",",,,a"
"ASN00027054","2021-10","-10.0511","143.0686","3.5","COCONUT ISLAND, AS","1219.4","a","331.8","3,a","2","2,a","1","2,a","0","2,a","0","3,a","0","3,a","0","1,a","30","1,a","29","1,a","20211003",",3,a","20211010",",2,a","20211030",",1,a","24.7","3,a,03,","5.0","2,,a,10,","36.2","1,a,30,","","","0.0","1,a","6.4","2,,,a","30.17","3,a","34.21","1,,,a","26.13","3,,,a"
"ASN00027054","2021-11","-10.0511","143.0686","3.5","COCONUT ISLAND, AS","1551.5","a","332.1","3,a","2","1,a","1","1,a","0","1,a","0","2,a","0","2,a","0","2,a","28","2,a","27","2,a","20211120","+,2,a","20211104",",1,a","20211115",",2,a","25.0","2,a,20,+","7.0","1,,a,04,","36.4","2,a,15,","","","0.0","2,a","7.8","1,,,a","30.65","3,a","34.62","2,,,a","26.68","2,,,a"
"ASN00027054","2021-12","-10.0511","143.0686","3.5","COCONUT ISLAND, AS","1903.5","a","352.0",",a","0",",a","0",",a","0",",a","0",",a","0",",a","0",",a","31",",a","23",",a","20211227",",,a","20211231","+,,a","20211205",",,a","23.8",",a,27,","0.0",",,a,31,+","35.8",",a,05,","","","0.0",",a","0.0",",,,a","29.69",",a","33.07",",,,a","26.30",",,,a"
"ASN00027054","2022-01","-10.0511","143.0686","3.5","COCONUT ISLAND, AS","2223.9","a","320.4",",a","0","1,a","0","1,a","0","1,a","0",",a","0",",a","0",",a","31",",a","7",",a","20220131",",,a","20220131","+,1,a","20220128","+,,a","23.3",",a,31,","0.0","1,,a,31,+","32.7",",a,28,+","0.0","a","0.0",",a","0.0","1,,,a","28.67",",a","31.30",",,,a","26.04",",,,a"
"ASN00027054","2022-02","-10.0511","143.0686","3.5","COCONUT ISLAND, AS","2506.4","a","282.5",",a","6",",a","2",",a","0",",a","0",",a","0",",a","0",",a","28",",a","10",",a","20220202",",,a","20220223",",,a","20220220",",,a","24.0",",a,02,","11.0",",,a,23,","34.1",",a,20,","0.0","a","0.0",",a","26.4",",,,a","28.42",",a","31.37",",,,a","25.48",",,,a"
"ASN00027054","2022-03","-10.0511","143.0686","3.5","COCONUT ISLAND, AS","2832.1","a","325.7",",a","14",",a","11",",a","3",",a","0",",a","0",",a","0",",a","31",",a","12",",a","20220315",",,a","20220315",",,a","20220319",",,a","23.3",",a,15,","55.6",",,a,15,","34.3",",a,19,","0.0","a","0.0",",a","240.6",",,,a","28.84",",a","31.71",",,,a","25.97",",,,a"
"ASN00027054","2022-04","-10.0511","143.0686","3.5","COCONUT ISLAND, AS","3166.4","a","334.3",",a","12",",a","7",",a","3",",a","0",",a","0",",a","0",",a","30",",a","19",",a","20220415","+,,a","20220414",",,a","20220412",",,a","23.9",",a,15,+","59.6",",,a,14,","36.3",",a,12,","0.0","a","0.0",",a","171.8",",,,a","29.48",",a","32.83",",,,a","26.12",",,,a"
"ASN00027054","2022-05","-10.0511","143.0686","3.5","COCONUT ISLAND, AS","3514.2","a","347.8",",a","7",",a","5",",a","1",",a","0",",a","0",",a","0",",a","31",",a","26",",a","20220516",",,a","20220501",",,a","20220525",",,a","24.2",",a,16,","34.6",",,a,01,","34.6",",a,25,","0.0","a","0.0",",a","74.8",",,,a","29.55",",a","33.16",",,,a","25.94",",,,a"
"ASN00027054","2022-06","-10.0511","143.0686","3.5","COCONUT ISLAND, AS","3833.1","a","318.9",",a","16",",a","3",",a","1",",a","0",",a","0",",a","0",",a","30",",a","18",",a","20220605",",,a","20220605",",,a","20220603",",,a","22.5",",a,05,","31.8",",,a,05,","34.7",",a,03,","0.0","a","0.0",",a","54.6",",,,a","28.96",",a","32.33",",,,a","25.59",",,,a"
"ASN00027054","2022-07","-10.0511","143.0686","3.5","COCONUT ISLAND, AS","330.1","a","330.1",",a","11",",a","1",",a","1",",a","0",",a","0",",a","0",",a","31",",a","25",",a","20220716","+,,a","20220705",",,a","20220721",",,a","23.7",",a,16,+","39.2",",,a,05,","35.5",",a,21,","0.0","a","0.0",",a","48.6",",,,a","28.98",",a","33.16",",,,a","24.81",",,,a"
"ASN00027054","2022-08","-10.0511","143.0686","3.5","COCONUT ISLAND, AS","654.1","a","324.0","1,a","8",",a","2",",a","0",",a","0","1,a","0","1,a","0","1,a","30","1,a","24","1,a","20220820",",1,a","20220804",",,a","20220813",",1,a","23.5","1,a,20,","5.8",",,a,04,","35.5","1,a,13,","0.0","a","0.0","1,a","16.8",",,,a","29.13","1,a","33.30","1,,,a","24.96","1,,,a"
"ASN00027054","2022-09","-10.0511","143.0686","3.5","COCONUT ISLAND, AS","1009.3","a","355.2",",a","9",",a","1",",a","0",",a","0",",a","0",",a","0",",a","30",",a","28",",a","20220906","+,,a","20220920",",,a","20220921","+,,a","25.4",",a,06,+","2.6",",,a,20,","35.4",",a,21,+","0.0","a","0.0",",a","11.0",",,,a","30.17",",a","34.15",",,,a","26.20",",,,a"
"ASN00027054","2022-10","-10.0511","143.0686","3.5","COCONUT ISLAND, AS","1390.8","a","381.5",",a","7",",a","3",",a","0",",a","0",",a","0",",a","0",",a","31",",a","30",",a","20221027",",,a","20221010",",,a","20221031",",,a","25.3",",a,27,","14.6",",,a,10,","37.0",",a,31,","0.0","a","0.0",",a","29.6",",,,a","30.64",",a","34.78",",,,a","26.50",",,,a"
"ASN00027054","2022-11","-10.0511","143.0686","3.5","COCONUT ISLAND, AS","1754.6","a","363.8","1,a","8","3,a","3","3,a","1","3,a","0","1,a","0","1,a","0",",a","30",",a","27",",a","20221121",",1,a","20221108",",3,a","20221120",",,a","24.5","1,a,21,","27.6","3,,a,08,","37.8",",a,20,","0.0","a","0.0",",a","47.0","3,,,a","30.86","1,a","35.13",",,,a","26.59","1,,,a"
"ASN00027054","2022-12","-10.0511","143.0686","3.5","COCONUT ISLAND, AS","2097.9","a","343.3",",a","10","1,a","5","1,a","0","1,a","0",",a","0",",a","0",",a","31",",a","19",",a","20221221",",,a","20221212",",1,a","20221208",",,a","23.6",",a,21,","13.2","1,,a,12,","37.0",",a,08,","0.0","a","0.0",",a","34.2","1,,,a","29.41",",a","32.70",",,,a","26.11",",,,a"
"ASN00027054","2023-01","-10.0511","143.0686","3.5","COCONUT ISLAND, AS","2399.2","a","301.3","2,a","7","2,a","4","2,a","1","2,a","0","2,a","0","2,a","0","1,a","30","1,a","10","1,a","20230106",",2,a","20230126",",2,a","20230124",",1,a","23.5","2,a,06,","41.8","2,,a,26,","33.9","1,a,24,","0.0","a","0.0","1,a","83.2","2,,,a","28.71","2,a","31.67","1,,,a","25.75","2,,,a"
"ASN00027054","2023-02","-10.0511","143.0686","3.5","COCONUT ISLAND, AS","2662.7","a","263.5","2,a","19","3,a","15","3,a","2","3,a","0","2,a","0","2,a","0",",a","28",",a","4",",a","20230221",",2,a","20230221",",3,a","20230219",",,a","23.3","2,a,21,","51.0","3,,a,21,","33.0",",a,19,","0.0","a","0.0",",a","202.8","3,,,a","28.42","2,a","31.11",",,,a","25.73","2,,,a"
"ASN00027054","2023-03","-10.0511","143.0686","3.5","COCONUT ISLAND, AS","2989.7","a","327.0","1,a","13",",a","11",",a","0",",a","0",",a","0",",a","0","1,a","30","1,a","17","1,a","20230329",",,a","20230329",",,a","20230316","+,1,a","23.9",",a,29,","16.6",",,a,29,","34.7","1,a,16,+","0.0","a","0.0","1,a","111.2",",,,a","29.23","1,a","32.37","1,,,a","26.10",",,,a"
"ASN00027054","2023-04","-10.0511","143.0686","3.5","COCONUT ISLAND, AS","3306.6","a","316.9",",a","14",",a","10",",a","5",",a","0",",a","0",",a","0",",a","30",",a","13",",a","20230419","+,,a","20230404",",,a","20230406","+,,a","23.8",",a,19,+","52.6",",,a,04,","33.8",",a,06,+","0.0","a","0.0",",a","242.0",",,,a","28.90",",a","31.98",",,,a","25.81",",,,a"
"ASN00027054","2023-05","-10.0511","143.0686","3.5","COCONUT ISLAND, AS","3625.4","a","318.8",",a","21",",a","13",",a","2",",a","0",",a","0",",a","0",",a","31",",a","9",",a","20230522","+,,a","20230504",",,a","20230501",",,a","24.3",",a,22,+","51.2",",,a,04,","33.4",",a,01,","0.0","a","0.0",",a","223.6",",,,a","28.62",",a","31.53",",,,a","25.70",",,,a"
"ASN00027054","2023-06","-10.0511","143.0686","3.5","COCONUT ISLAND, AS","3940.8","a","315.4",",a","10",",a","4",",a","0",",a","0",",a","0",",a","0",",a","30",",a","23",",a","20230629",",,a","20230605",",,a","20230620",",,a","24.2",",a,29,","12.0",",,a,05,","33.7",",a,20,","0.0","a","0.0",",a","33.2",",,,a","28.85",",a","32.53",",,,a","25.16",",,,a"
"ASN00027054","2023-07","-10.0511","143.0686","3.5","COCONUT ISLAND, AS","329.4","a","329.4",",a","9",",a","2",",a","0",",a","0",",a","0",",a","0",",a","31",",a","27",",a","20230718",",,a","20230708",",,a","20230704",",,a","22.8",",a,18,","12.2",",,a,08,","34.7",",a,04,","0.0","a","0.0",",a","24.0",",,,a","28.96",",a","33.11",",,,a","24.81",",,,a"
"ASN00027054","2023-08","-10.0511","143.0686","3.5","COCONUT ISLAND, AS","623.8","a","294.4","1,a","2",",a","0",",a","0",",a","0",",a","0",",a","0","1,a","30","1,a","18","1,a","20230808",",,a","20230808",",,a","20230801",",1,a","21.2",",a,08,","1.0",",,a,08,","34.5","1,a,01,","0.0","a","0.0","1,a","1.4",",,,a","28.15","1,a","32.49","1,,,a","23.80",",,,a"
"ASN00027054","2023-09","-10.0511","143.0686","3.5","COCONUT ISLAND, AS","913.1","a","289.3","1,a","5","1,a","1","1,a","0","1,a","0",",a","0",",a","0","1,a","29","1,a","21","1,a","20230902","+,,a","20230926",",1,a","20230921",",1,a","22.8",",a,02,+","3.2","1,,a,26,","34.0","1,a,21,","0.0","a","0.0","1,a","8.4","1,,,a","28.32","1,a","32.40","1,,,a","24.24",",,,a"
"ASN00027054","2023-10","-10.0511","143.0686","3.5","COCONUT ISLAND, AS","1242.9","a","329.8",",a","2",",a","0",",a","0",",a","0",",a","0",",a","0",",a","31",",a","26",",a","20231024",",,a","20231007",",,a","20231027",",,a","23.2",",a,24,","1.4",",,a,07,","34.7",",a,27,","0.0","a","0.0",",a","3.2",",,,a","28.97",",a","33.21",",,,a","24.73",",,,a"
"ASN00027054","2023-11","-10.0511","143.0686","3.5","COCONUT ISLAND, AS","1562.4","a","319.5","3,a","2",",a","0",",a","0",",a","0","1,a","0","1,a","0","2,a","28","2,a","28","2,a","20231113",",1,a","20231123","+,,a","20231128",",2,a","24.5","1,a,13,","0.4",",,a,23,+","36.3","2,a,28,","0.0","a","0.0","2,a","0.8",",,,a","30.22","3,a","34.81","2,,,a","25.64","1,,,a"
"ASN00027054","2023-12","-10.0511","143.0686","3.5","COCONUT ISLAND, AS","1895.8","a","333.4","3,a","13",",a","9",",a","4",",a","0",",a","0",",a","0","3,a","28","3,a","23","3,a","20231221","+,,a","20231220",",,a","20231203",",3,a","24.0",",a,21,+","86.0",",,a,20,","37.9","3,a,03,","0.0","a","0.0","3,a","263.8",",,,a","30.22","3,a","33.71","3,,,a","26.74",",,,a"
