"STATION","DATE","LATITUDE","LONGITUDE","ELEVATION","NAME","DP01","DP01_ATTRIBUTES","DP10","DP10_ATTRIBUTES","DP1X","DP1X_ATTRIBUTES","DYXP","DYXP_ATTRIBUTES","EMXP","EMXP_ATTRIBUTES","PRCP","PRCP_ATTRIBUTES"
"ASN00012128","1898-12","-31.0","121.1",,"BURBANKS, AS","0",",a","0",",a","0",",a","18981231","+,,a","0.0",",,a,31,+","0.0",",,,a"
"ASN00012128","1899-01","-31.0","121.1",,"BURBANKS, AS","0",",a","0",",a","0",",a","18990131","+,,a","0.0",",,a,31,+","0.0",",,,a"
"ASN00012128","1899-12","-31.0","121.1",,"BURBANKS, AS","0",",a","0",",a","0",",a","18991231","+,,a","0.0",",,a,31,+","0.0",",,,a"
"ASN00012128","1900-01","-31.0","121.1",,"BURBANKS, AS","0",",a","0",",a","0",",a","19000131","+,,a","0.0",",,a,31,+","0.0",",,,a"
"ASN00012128","1900-02","-31.0","121.1",,"BURBANKS, AS","0",",a","0",",a","0",",a","19000228","+,,a","0.0",",,a,28,+","0.0",",,,a"
"ASN00012128","1902-03","-31.0","121.1",,"BURBANKS, AS","0",",a","0",",a","0",",a","19020331","+,,a","0.0",",,a,31,+","0.0",",,,a"
"ASN00012128","1903-03","-31.0","121.1",,"BURBANKS, AS","0",",a","0",",a","0",",a","19030331","+,,a","0.0",",,a,31,+","0.0",",,,a"
"ASN00012128","1904-02","-31.0","121.1",,"BURBANKS, AS","0",",a","0",",a","0",",a","19040229","+,,a","0.0",",,a,29,+","0.0",",,,a"
"ASN00012128","1906-03","-31.0","121.1",,"BURBANKS, AS","0",",a","0",",a","0",",a","19060331","+,,a","0.0",",,a,31,+","0.0",",,,a"
"ASN00012128","1906-04","-31.0","121.1",,"BURBANKS, AS","0",",a","0",",a","0",",a","19060430","+,,a","0.0",",,a,30,+","0.0",",,,a"
"ASN00012128","1906-10","-31.0","121.1",,"BURBANKS, AS","0",",a","0",",a","0",",a","19061031","+,,a","0.0",",,a,31,+","0.0",",,,a"
"ASN00012128","1907-01","-31.0","121.1",,"BURBANKS, AS","1",",a","0",",a","0",",a","19070118",",,a","1.0",",,a,18,","1.0",",,,a"
"ASN00012128","1907-02","-31.0","121.1",,"BURBANKS, AS","2",",a","1",",a","0",",a","19070224",",,a","19.1",",,a,24,","19.6",",,,a"
"ASN00012128","1907-03","-31.0","121.1",,"BURBANKS, AS","7",",a","5",",a","1",",a","19070316",",,a","44.2",",,a,16,","73.5",",,,a"
"ASN00012128","1907-05","-31.0","121.1",,"BURBANKS, AS","5",",a","3",",a","0",",a","19070531",",,a","10.2",",,a,31,","24.4",",,,a"
"ASN00012128","1907-06","-31.0","121.1",,"BURBANKS, AS","6",",a","1",",a","0",",a","19070628",",,a","5.1",",,a,28,","13.0",",,,a"
"ASN00012128","1907-07","-31.0","121.1",,"BURBANKS, AS","6",",a","3",",a","0",",a","19070719",",,a","7.6",",,a,19,","19.8",",,,a"
"ASN00012128","1907-08","-31.0","121.1",,"BURBANKS, AS","3",",a","0",",a","0",",a","19070819",",,a","2.3",",,a,19,","5.3",",,,a"
"ASN00012128","1907-09","-31.0","121.1",,"BURBANKS, AS","2",",a","1",",a","0",",a","19070908",",,a","10.2",",,a,08,","11.5",",,,a"
"ASN00012128","1907-10","-31.0","121.1",,"BURBANKS, AS","2",",a","1",",a","0",",a","19071011",",,a","11.2",",,a,11,","12.5",",,,a"
"ASN00012128","1907-11","-31.0","121.1",,"BURBANKS, AS","4",",a","3",",a","0",",a","19071115",",,a","12.2",",,a,15,","23.9",",,,a"
"ASN00012128","1907-12","-31.0","121.1",,"BURBANKS, AS","1",",a","1",",a","0",",a","19071204",",,a","8.1",",,a,04,","8.1",",,,a"
"ASN00012128","1908-01","-31.0","121.1",,"BURBANKS, AS","1",",a","0",",a","0",",a","19080117",",,a","0.5",",,a,17,","0.5",",,,a"
"ASN00012128","1908-02","-31.0","121.1",,"BURBANKS, AS","4",",a","3",",a","0",",a","19080205",",,a","11.9",",,a,05,","22.8",",,,a"
"ASN00012128","1908-03","-31.0","121.1",,"BURBANKS, AS","4",",a","3",",a","0",",a","19080326",",,a","5.1",",,a,26,","15.8",",,,a"
"ASN00012128","1908-04","-31.0","121.1",,"BURBANKS, AS","7",",a","5",",a","1",",a","19080407",",,a","34.5",",,a,07,","73.1",",,,a"
"ASN00012128","1908-05","-31.0","121.1",,"BURBANKS, AS","6",",a","4",",a","0",",a","19080520",",,a","14.0",",,a,20,","31.6",",,,a"
"ASN00012128","1908-06","-31.0","121.1",,"BURBANKS, AS","5",",a","3",",a","0",",a","19080625",",,a","12.7",",,a,25,","29.8",",,,a"
"ASN00012128","1908-07","-31.0","121.1",,"BURBANKS, AS","6",",a","2",",a","0",",a","19080705",",,a","3.8",",,a,05,","10.7",",,,a"
"ASN00012128","1908-08","-31.0","121.1",,"BURBANKS, AS","7",",a","5",",a","0",",a","19080820",",,a","7.9",",,a,20,","26.0",",,,a"
"ASN00012128","1908-09","-31.0","121.1",,"BURBANKS, AS","1",",a","0",",a","0",",a","19080924",",,a","1.0",",,a,24,","1.0",",,,a"
"ASN00012128","1908-10","-31.0","121.1",,"BURBANKS, AS","2",",a","1",",a","0",",a","19081014",",,a","2.5",",,a,14,","4.8",",,,a"
"ASN00012128","1908-11","-31.0","121.1",,"BURBANKS, AS","3",",a","2",",a","0",",a","19081110",",,a","7.4",",,a,10,","13.7",",,,a"
"ASN00012128","1908-12","-31.0","121.1",,"BURBANKS, AS","1",",a","0",",a","0",",a","19081215",",,a","0.3",",,a,15,","0.3",",,,a"
"ASN00012128","1909-01","-31.0","121.1",,"BURBANKS, AS","6",",a","4",",a","1",",a","19090108",",,a","33.0",",,a,08,","51.9",",,,a"
"ASN00012128","1909-02","-31.0","121.1",,"BURBANKS, AS","2",",a","1",",a","0",",a","19090220",",,a","5.1",",,a,20,","6.6",",,,a"
"ASN00012128","1909-03","-31.0","121.1",,"BURBANKS, AS","2",",a","1",",a","0",",a","19090303",",,a","5.6",",,a,03,","5.9",",,,a"
"ASN00012128","1909-04","-31.0","121.1",,"BURBANKS, AS","2",",a","2",",a","0",",a","19090411",",,a","10.4",",,a,11,","19.5",",,,a"
"ASN00012128","1909-05","-31.0","121.1",,"BURBANKS, AS","4",",a","3",",a","0",",a","19090522",",,a","13.5",",,a,22,","22.1",",,,a"
"ASN00012128","1909-06","-31.0","121.1",,"BURBANKS, AS","7",",a","4",",a","1",",a","19090616",",,a","31.8",",,a,16,","50.2",",,,a"
"ASN00012128","1909-07","-31.0","121.1",,"BURBANKS, AS","6",",a","1",",a","0",",a","19090717",",,a","5.8",",,a,17,","13.2",",,,a"
"ASN00012128","1909-08","-31.0","121.1",,"BURBANKS, AS","14",",a","3",",a","0",",a","19090804",",,a","14.5",",,a,04,","38.2",",,,a"
"ASN00012128","1909-09","-31.0","121.1",,"BURBANKS, AS","6",",a","0",",a","0",",a","19090928",",,a","2.0",",,a,28,","5.4",",,,a"
"ASN00012128","1909-10","-31.0","121.1",,"BURBANKS, AS","5",",a","2",",a","1",",a","19091019",",,a","27.4",",,a,19,","32.0",",,,a"
"ASN00012128","1909-11","-31.0","121.1",,"BURBANKS, AS","3",",a","1",",a","0",",a","19091112",",,a","18.5",",,a,12,","19.6",",,,a"
"ASN00012128","1909-12","-31.0","121.1",,"BURBANKS, AS","0",",a","0",",a","0",",a","19091231","+,,a","0.0",",,a,31,+","0.0",",,,a"
"ASN00012128","1910-01","-31.0","121.1",,"BURBANKS, AS","0",",a","0",",a","0",",a","19100131","+,,a","0.0",",,a,31,+","0.0",",,,a"
"ASN00012128","1910-02","-31.0","121.1",,"BURBANKS, AS","6",",a","2",",a","0",",a","19100220",",,a","9.4",",,a,20,","17.9",",,,a"
"ASN00012128","1910-03","-31.0","121.1",,"BURBANKS, AS","0",",a","0",",a","0",",a","19100331","+,,a","0.0",",,a,31,+","0.0",",,,a"
"ASN00012128","1910-05","-31.0","121.1",,"BURBANKS, AS","13",",a","7",",a","0",",a","19100505",",,a","10.4",",,a,05,","44.9",",,,a"
"ASN00012128","1910-06","-31.0","121.1",,"BURBANKS, AS","8","2,a","4","2,a","0","2,a","19100606",",2,a","9.1","2,,a,06,","37.0",",a,,a"
"ASN00012128","1910-07","-31.0","121.1",,"BURBANKS, AS","11",",a","4",",a","0",",a","19100721",",,a","12.2",",,a,21,","34.8",",,,a"
"ASN00012128","1910-08","-31.0","121.1",,"BURBANKS, AS","3",",a","2",",a","0",",a","19100829",",,a","4.1",",,a,29,","7.4",",,,a"
"ASN00012128","1910-09","-31.0","121.1",,"BURBANKS, AS","4",",a","1",",a","0",",a","19100909",",,a","2.5",",,a,09,","5.4",",,,a"
"ASN00012128","1910-10","-31.0","121.1",,"BURBANKS, AS","3",",a","2",",a","0",",a","19101023",",,a","4.8",",,a,23,","7.9",",,,a"
"ASN00012128","1910-11","-31.0","121.1",,"BURBANKS, AS","3",",a","0",",a","0",",a","19101104",",,a","1.8",",,a,04,","4.6",",,,a"
"ASN00012128","1910-12","-31.0","121.1",,"BURBANKS, AS","2",",a","0",",a","0",",a","19101221","+,,a","0.5",",,a,21,+","1.0",",,,a"
"ASN00012128","1911-01","-31.0","121.1",,"BURBANKS, AS","3",",a","1",",a","0",",a","19110123",",,a","5.8",",,a,23,","6.6",",,,a"
"ASN00012128","1911-02","-31.0","121.1",,"BURBANKS, AS","0",",a","0",",a","0",",a","19110228","+,,a","0.0",",,a,28,+","0.0",",,,a"
"ASN00012128","1911-03","-31.0","121.1",,"BURBANKS, AS","3",",a","1",",a","0",",a","19110315",",,a","3.8",",,a,15,","4.6",",,,a"
"ASN00012128","1911-04","-31.0","121.1",,"BURBANKS, AS","0",",a","0",",a","0",",a","19110430","+,,a","0.0",",,a,30,+","0.0",",,,a"
"ASN00012128","1911-05","-31.0","121.1",,"BURBANKS, AS","5",",a","2",",a","0",",a","19110524",",,a","20.3",",,a,24,","35.0",",,,a"
"ASN00012128","1911-06","-31.0","121.1",,"BURBANKS, AS","6",",a","4",",a","0",",a","19110613",",,a","7.1",",,a,13,","22.9",",,,a"
"ASN00012128","1911-07","-31.0","121.1",,"BURBANKS, AS","5",",a","4",",a","0",",a","19110710",",,a","9.1",",,a,10,","23.5",",,,a"
"ASN00012128","1911-08","-31.0","121.1",,"BURBANKS, AS","9",",a","4",",a","0",",a","19110808",",,a","5.3",",,a,08,","21.8",",,,a"
"ASN00012128","1911-09","-31.0","121.1",,"BURBANKS, AS","2",",a","0",",a","0",",a","19110901",",,a","1.8",",,a,01,","2.1",",,,a"
"ASN00012128","1911-10","-31.0","121.1",,"BURBANKS, AS","1",",a","1",",a","0",",a","19111012",",,a","5.3",",,a,12,","5.3",",,,a"
"ASN00012128","1911-11","-31.0","121.1",,"BURBANKS, AS","1",",a","1",",a","0",",a","19111118",",,a","5.1",",,a,18,","5.1",",,,a"
"ASN00012128","1911-12","-31.0","121.1",,"BURBANKS, AS","0",",a","0",",a","0",",a","19111231","+,,a","0.0",",,a,31,+","0.0",",,,a"
"ASN00012128","1912-01","-31.0","121.1",,"BURBANKS, AS","2",",a","2",",a","0",",a","19120124",",,a","3.0",",,a,24,","5.5",",,,a"
"ASN00012128","1912-02","-31.0","121.1",,"BURBANKS, AS","1",",a","1",",a","0",",a","19120229",",,a","7.4",",,a,29,","7.4",",,,a"
"ASN00012128","1912-03","-31.0","121.1",,"BURBANKS, AS","3",",a","3",",a","0",",a","19120323",",,a","11.7",",,a,23,","22.4",",,,a"
"ASN00012128","1912-04","-31.0","121.1",,"BURBANKS, AS","6",",a","5",",a","0",",a","19120405",",,a","13.7",",,a,05,","36.6",",,,a"
"ASN00012128","1912-05","-31.0","121.1",,"BURBANKS, AS","5",",a","4",",a","0",",a","19120516",",,a","17.0",",,a,16,","42.1",",,,a"
"ASN00012128","1912-06","-31.0","121.1",,"BURBANKS, AS","1",",a","0",",a","0",",a","19120630",",,a","1.5",",,a,30,","1.5",",,,a"
"ASN00012128","1912-07","-31.0","121.1",,"BURBANKS, AS","9",",a","7",",a","0",",a","19120705",",,a","10.2",",,a,05,","39.0",",,,a"
"ASN00012128","1912-08","-31.0","121.1",,"BURBANKS, AS","0",",a","0",",a","0",",a","19120831","+,,a","0.0",",,a,31,+","0.0",",,,a"
"ASN00012128","1912-09","-31.0","121.1",,"BURBANKS, AS","3",",a","1",",a","0",",a","19120907",",,a","4.1",",,a,07,","8.2",",,,a"
"ASN00012128","1912-10","-31.0","121.1",,"BURBANKS, AS","2",",a","1",",a","0",",a","19121027",",,a","12.2",",,a,27,","12.7",",,,a"
"ASN00012128","1912-11","-31.0","121.1",,"BURBANKS, AS","2",",a","1",",a","0",",a","19121107",",,a","2.5",",,a,07,","3.8",",,,a"
"ASN00012128","1912-12","-31.0","121.1",,"BURBANKS, AS","4",",a","3",",a","0",",a","19121218",",,a","9.9",",,a,18,","17.7",",,,a"
"ASN00012128","1913-01","-31.0","121.1",,"BURBANKS, AS","2",",a","1",",a","0",",a","19130101",",,a","4.3",",,a,01,","6.1",",,,a"
"ASN00012128","1913-02","-31.0","121.1",,"BURBANKS, AS","0",",a","0",",a","0",",a","19130228","+,,a","0.0",",,a,28,+","0.0",",,,a"
"ASN00012128","1913-03","-31.0","121.1",,"BURBANKS, AS","1",",a","0",",a","0",",a","19130316",",,a","2.3",",,a,16,","2.3",",,,a"
"ASN00012128","1913-04","-31.0","121.1",,"BURBANKS, AS","9",",a","6",",a","2",",a","19130423",",,a","34.8",",,a,23,","85.9",",,,a"
"ASN00012128","1913-05","-31.0","121.1",,"BURBANKS, AS","3",",a","2",",a","0",",a","19130501",",,a","5.3",",,a,01,","10.1",",,,a"
"ASN00012128","1913-06","-31.0","121.1",,"BURBANKS, AS","3",",a","2",",a","0",",a","19130626",",,a","8.9",",,a,26,","12.5",",,,a"
"ASN00012128","1913-07","-31.0","121.1",,"BURBANKS, AS","4",",a","2",",a","0",",a","19130701",",,a","10.2",",,a,01,","16.3",",,,a"
"ASN00012128","1913-08","-31.0","121.1",,"BURBANKS, AS","5","2,a","2","2,a","0","2,a","19130806",",2,a","6.4","2,,a,06,","16.3",",a,,a"
"ASN00012128","1913-09","-31.0","121.1",,"BURBANKS, AS","7",",a","3",",a","0",",a","19130914",",,a","8.6",",,a,14,","24.4",",,,a"
"ASN00012128","1913-10","-31.0","121.1",,"BURBANKS, AS","5",",a","3",",a","0",",a","19131012",",,a","13.2",",,a,12,","28.7",",,,a"
"ASN00012128","1913-11","-31.0","121.1",,"BURBANKS, AS","0",",a","0",",a","0",",a","19131130","+,,a","0.0",",,a,30,+","0.0",",,,a"
"ASN00012128","1913-12","-31.0","121.1",,"BURBANKS, AS","6",",a","3",",a","0",",a","19131220",",,a","21.6",",,a,20,","43.4",",,,a"
"ASN00012128","1914-01","-31.0","121.1",,"BURBANKS, AS","2",",a","1",",a","0",",a","19140108",",,a","3.6",",,a,08,","4.4",",,,a"
"ASN00012128","1914-02","-31.0","121.1",,"BURBANKS, AS","3",",a","2",",a","0",",a","19140206",",,a","5.1",",,a,06,","8.9",",,,a"
"ASN00012128","1914-03","-31.0","121.1",,"BURBANKS, AS","1",",a","1",",a","0",",a","19140330",",,a","3.6",",,a,30,","3.6",",,,a"
"ASN00012128","1914-04","-31.0","121.1",,"BURBANKS, AS","3",",a","0",",a","0",",a","19140413",",,a","1.5",",,a,13,","3.8",",,,a"
"ASN00012128","1914-05","-31.0","121.1",,"BURBANKS, AS","0",",a","0",",a","0",",a","19140531","+,,a","0.0",",,a,31,+","0.0",",,,a"
"ASN00012128","1914-06","-31.0","121.1",,"BURBANKS, AS","4",",a","1",",a","0",",a","19140629",",,a","2.8",",,a,29,","5.6",",,,a"
"ASN00012128","1914-07","-31.0","121.1",,"BURBANKS, AS","8",",a","2",",a","0",",a","19140721",",,a","11.7",",,a,21,","19.2",",,,a"
"ASN00012128","1914-08","-31.0","121.1",,"BURBANKS, AS","8",",a","3",",a","1",",a","19140829",",,a","29.2",",,a,29,","54.0",",,,a"
"ASN00012128","1914-09","-31.0","121.1",,"BURBANKS, AS","0",",a","0",",a","0",",a","19140930","+,,a","0.0",",,a,30,+","0.0",",,,a"
"ASN00012128","1914-10","-31.0","121.1",,"BURBANKS, AS","9",",a","4",",a","0",",a","19141027",",,a","13.5",",,a,27,","45.1",",,,a"
"ASN00012128","1914-11","-31.0","121.1",,"BURBANKS, AS","10",",a","9",",a","0",",a","19141121",",,a","16.5",",,a,21,","77.9",",,,a"
"ASN00012128","1914-12","-31.0","121.1",,"BURBANKS, AS","8",",a","3",",a","0",",a","19141213",",,a","7.6",",,a,13,","21.1",",,,a"
"ASN00012128","1915-01","-31.0","121.1",,"BURBANKS, AS","8",",a","5",",a","1",",a","19150105",",,a","31.8",",,a,05,","63.3",",,,a"
"ASN00012128","1915-02","-31.0","121.1",,"BURBANKS, AS","13",",a","9",",a","0",",a","19150216",",,a","21.8",",,a,16,","83.3",",,,a"
"ASN00012128","1915-03","-31.0","121.1",,"BURBANKS, AS","2",",a","1",",a","0",",a","19150318",",,a","10.7",",,a,18,","12.2",",,,a"
"ASN00012128","1915-04","-31.0","121.1",,"BURBANKS, AS","3",",a","1",",a","0",",a","19150405",",,a","11.9",",,a,05,","14.9",",,,a"
"ASN00012128","1915-05","-31.0","121.1",,"BURBANKS, AS","9",",a","5",",a","1",",a","19150510",",,a","50.5",",,a,10,","78.0",",,,a"
"ASN00012128","1915-06","-31.0","121.1",,"BURBANKS, AS","11",",a","5",",a","0",",a","19150626",",,a","17.3",",,a,26,","64.2",",,,a"
"ASN00012128","1915-07","-31.0","121.1",,"BURBANKS, AS","14",",a","4",",a","0",",a","19150730",",,a","13.0",",,a,30,","57.7",",,,a"
"ASN00012128","1915-08","-31.0","121.1",,"BURBANKS, AS","11",",a","5",",a","0",",a","19150801",",,a","7.6",",,a,01,","30.7",",,,a"
"ASN00012128","1915-09","-31.0","121.1",,"BURBANKS, AS","7",",a","1",",a","0",",a","19150923",",,a","2.5",",,a,23,","7.7",",,,a"
"ASN00012128","1915-10","-31.0","121.1",,"BURBANKS, AS","4",",a","1",",a","0",",a","19151011",",,a","5.1",",,a,11,","7.4",",,,a"
"ASN00012128","1915-11","-31.0","121.1",,"BURBANKS, AS","0",",a","0",",a","0",",a","19151130","+,,a","0.0",",,a,30,+","0.0",",,,a"
"ASN00012128","1915-12","-31.0","121.1",,"BURBANKS, AS","2",",a","1",",a","0",",a","19151212",",,a","5.6",",,a,12,","6.9",",,,a"
"ASN00012128","1916-01","-31.0","121.1",,"BURBANKS, AS","7",",a","3",",a","0",",a","19160121",",,a","10.2",",,a,21,","25.3",",,,a"
"ASN00012128","1916-02","-31.0","121.1",,"BURBANKS, AS","1",",a","0",",a","0",",a","19160214",",,a","0.5",",,a,14,","0.5",",,,a"
"ASN00012128","1916-03","-31.0","121.1",,"BURBANKS, AS","5",",a","2",",a","0",",a","19160318",",,a","11.4",",,a,18,","19.1",",,,a"
"ASN00012128","1916-04","-31.0","121.1",,"BURBANKS, AS","1",",a","0",",a","0",",a","19160417",",,a","0.5",",,a,17,","0.5",",,,a"
"ASN00012128","1916-05","-31.0","121.1",,"BURBANKS, AS","2",",a","2",",a","0",",a","19160529",",,a","21.1",",,a,29,","33.0",",,,a"
"ASN00012128","1916-06","-31.0","121.1",,"BURBANKS, AS","8",",a","4",",a","0",",a","19160604",",,a","12.2",",,a,04,","32.2",",,,a"
"ASN00012128","1916-07","-31.0","121.1",,"BURBANKS, AS","12",",a","4",",a","0",",a","19160725",",,a","9.7",",,a,25,","30.0",",,,a"
"ASN00012128","1916-08","-31.0","121.1",,"BURBANKS, AS","9",",a","1",",a","0",",a","19160817",",,a","3.0",",,a,17,","9.4",",,,a"
"ASN00012128","1916-09","-31.0","121.1",,"BURBANKS, AS","6",",a","4",",a","0",",a","19160930",",,a","10.9",",,a,30,","24.0",",,,a"
"ASN00012128","1916-10","-31.0","121.1",,"BURBANKS, AS","10",",a","5",",a","0",",a","19161005",",,a","21.6",",,a,05,","44.1",",,,a"
"ASN00012128","1916-11","-31.0","121.1",,"BURBANKS, AS","5",",a","4",",a","1",",a","19161108",",,a","35.1",",,a,08,","54.2",",,,a"
"ASN00012128","1916-12","-31.0","121.1",,"BURBANKS, AS","1",",a","0",",a","0",",a","19161205",",,a","2.3",",,a,05,","2.3",",,,a"
"ASN00012128","1917-01","-31.0","121.1",,"BURBANKS, AS","0",",a","0",",a","0",",a","19170131","+,,a","0.0",",,a,31,+","0.0",",,,a"
"ASN00012128","1917-02","-31.0","121.1",,"BURBANKS, AS","0",",a","0",",a","0",",a","19170228","+,,a","0.0",",,a,28,+","0.0",",,,a"
"ASN00012128","1917-03","-31.0","121.1",,"BURBANKS, AS","6","3,a","0","3,a","0","3,a","19170327",",3,a","2.0","3,,a,27,","94.1",",a,,a"
"ASN00012128","1917-04","-31.0","121.1",,"BURBANKS, AS","3",",a","2",",a","0",",a","19170408",",,a","20.3",",,a,08,","31.7",",,,a"
"ASN00012128","1917-05","-31.0","121.1",,"BURBANKS, AS","6",",a","3",",a","0",",a","19170530",",,a","15.2",",,a,30,","31.2",",,,a"
"ASN00012128","1917-06","-31.0","121.1",,"BURBANKS, AS","10",",a","6",",a","0",",a","19170604",",,a","17.8",",,a,04,","48.6",",,,a"
"ASN00012128","1917-07","-31.0","121.1",,"BURBANKS, AS","7",",a","3",",a","0",",a","19170717",",,a","6.6",",,a,17,","21.7",",,,a"
"ASN00012128","1917-08","-31.0","121.1",,"BURBANKS, AS","5",",a","0",",a","0",",a","19170817","+,,a","1.5",",,a,17,+","6.3",",,,a"
"ASN00012128","1917-10","-31.0","121.1",,"BURBANKS, AS","4",",a","2",",a","0",",a","19171001",",,a","5.3",",,a,01,","12.0",",,,a"
"ASN00012128","1918-01","-31.0","121.1",,"BURBANKS, AS","0",",a","0",",a","0",",a","19180131","+,,a","0.0",",,a,31,+","0.0",",,,a"
"ASN00012128","1918-02","-31.0","121.1",,"BURBANKS, AS","5","2,a","3","2,a","0","2,a","19180211",",2,a","18.5","2,,a,11,","41.9",",a,,a"
"ASN00012128","1918-03","-31.0","121.1",,"BURBANKS, AS","4",",a","2",",a","0",",a","19180328",",,a","12.7",",,a,28,","23.7",",,,a"
"ASN00012128","1918-04","-31.0","121.1",,"BURBANKS, AS","5","2,a","5","2,a","0","2,a","19180404",",2,a","18.5","2,,a,04,","120.0",",a,,a"
"ASN00012128","1918-05","-31.0","121.1",,"BURBANKS, AS","4",",a","2",",a","0",",a","19180509",",,a","10.2",",,a,09,","15.2",",,,a"
"ASN00012128","1918-06","-31.0","121.1",,"BURBANKS, AS","5",",a","4",",a","0",",a","19180612",",,a","14.7",",,a,12,","32.2",",,,a"
"ASN00012128","1918-07","-31.0","121.1",,"BURBANKS, AS","3",",a","2",",a","0",",a","19180722",",,a","15.7",",,a,22,","20.8",",,,a"
"ASN00012128","1918-08","-31.0","121.1",,"BURBANKS, AS","3",",a","1",",a","0",",a","19180827",",,a","11.4",",,a,27,","13.7",",,,a"
"ASN00012128","1918-09","-31.0","121.1",,"BURBANKS, AS","2",",a","1",",a","0",",a","19180914",",,a","2.5",",,a,14,","3.0",",,,a"
"ASN00012128","1918-10","-31.0","121.1",,"BURBANKS, AS","1",",a","1",",a","0",",a","19181029",",,a","2.8",",,a,29,","2.8",",,,a"
"ASN00012128","1918-11","-31.0","121.1",,"BURBANKS, AS","1",",a","0",",a","0",",a","19181130",",,a","0.5",",,a,30,","0.5",",,,a"
"ASN00012128","1918-12","-31.0","121.1",,"BURBANKS, AS","0",",a","0",",a","0",",a","19181231","+,,a","0.0",",,a,31,+","0.0",",,,a"
"ASN00012128","1919-01","-31.0","121.1",,"BURBANKS, AS","1",",a","0",",a","0",",a","19190114",",,a","0.3",",,a,14,","0.3",",,,a"
"ASN00012128","1919-02","-31.0","121.1",,"BURBANKS, AS","1",",a","1",",a","0",",a","19190210",",,a","4.3",",,a,10,","4.3",",,,a"
"ASN00012128","1919-03","-31.0","121.1",,"BURBANKS, AS","1",",a","1",",a","0",",a","19190331",",,a","23.6",",,a,31,","23.6",",,,a"
"ASN00012128","1919-04","-31.0","121.1",,"BURBANKS, AS","3","2,a","3","2,a","1","2,a","19190417",",2,a","31.0","2,,a,17,","95.8",",a,,a"
"ASN00012128","1919-05","-31.0","121.1",,"BURBANKS, AS","4",",a","2",",a","1",",a","19190505",",,a","25.7",",,a,05,","33.9",",,,a"
"ASN00012128","1919-06","-31.0","121.1",,"BURBANKS, AS","3",",a","2",",a","0",",a","19190608",",,a","20.1",",,a,08,","24.7",",,,a"
"ASN00012128","1919-07","-31.0","121.1",,"BURBANKS, AS","4",",a","3",",a","0",",a","19190710",",,a","17.8",",,a,10,","28.4",",,,a"
"ASN00012128","1919-08","-31.0","121.1",,"BURBANKS, AS","8",",a","7",",a","0",",a","19190820",",,a","24.6",",,a,20,","67.1",",,,a"
"ASN00012128","1919-09","-31.0","121.1",,"BURBANKS, AS","3",",a","2",",a","0",",a","19190902",",,a","10.2",",,a,02,","13.7",",,,a"
"ASN00012128","1919-10","-31.0","121.1",,"BURBANKS, AS","4",",a","1",",a","0",",a","19191001",",,a","3.8",",,a,01,","6.4",",,,a"
"ASN00012128","1919-11","-31.0","121.1",,"BURBANKS, AS","7",",a","5",",a","0",",a","19191104",",,a","15.0",",,a,04,","38.6",",,,a"
"ASN00012128","1919-12","-31.0","121.1",,"BURBANKS, AS","6",",a","3",",a","1",",a","19191210",",,a","36.1",",,a,10,","47.1",",,,a"
"ASN00012128","1920-02","-31.0","121.1",,"BURBANKS, AS","1",",a","1",",a","0",",a","19200226",",,a","12.2",",,a,26,","12.2",",,,a"
"ASN00012128","1920-03","-31.0","121.1",,"BURBANKS, AS","4",",a","2",",a","0",",a","19200313",",,a","6.1",",,a,13,","11.9",",,,a"
"ASN00012128","1920-04","-31.0","121.1",,"BURBANKS, AS","3","2,a","2","2,a","0","2,a","19200410",",2,a","2.8","2,,a,10,","15.8",",a,,a"
"ASN00012128","1920-05","-31.0","121.1",,"BURBANKS, AS","4",",a","1",",a","0",",a","19200530",",,a","10.7",",,a,30,","13.3",",,,a"
"ASN00012128","1920-06","-31.0","121.1",,"BURBANKS, AS","9",",a","3",",a","0",",a","19200606",",,a","14.0",",,a,06,","31.5",",,,a"
"ASN00012128","1920-07","-31.0","121.1",,"BURBANKS, AS","4",",a","2",",a","0",",a","19200706",",,a","6.6",",,a,06,","13.0",",,,a"
"ASN00012128","1920-08","-31.0","121.1",,"BURBANKS, AS","9",",a","3",",a","0",",a","19200806",",,a","16.3",",,a,06,","31.8",",,,a"
"ASN00012128","1920-09","-31.0","121.1",,"BURBANKS, AS","4",",a","2",",a","0",",a","19200908",",,a","16.5",",,a,08,","22.3",",,,a"
"ASN00012128","1920-10","-31.0","121.1",,"BURBANKS, AS","3",",a","1",",a","0",",a","19201016",",,a","4.1",",,a,16,","7.1",",,,a"
"ASN00012128","1920-11","-31.0","121.1",,"BURBANKS, AS","4",",a","1",",a","0",",a","19201126",",,a","9.4",",,a,26,","13.5",",,,a"
"ASN00012128","1920-12","-31.0","121.1",,"BURBANKS, AS","0",",a","0",",a","0",",a","19201231","+,,a","0.0",",,a,31,+","0.0",",,,a"
"ASN00012128","1921-01","-31.0","121.1",,"BURBANKS, AS","1","2,a","1","2,a","0","2,a","19210122",",2,a","2.5","2,,a,22,","13.7",",a,,a"
"ASN00012128","1921-02","-31.0","121.1",,"BURBANKS, AS","1",",a","1",",a","0",",a","19210214",",,a","2.5",",,a,14,","2.5",",,,a"
"ASN00012128","1921-03","-31.0","121.1",,"BURBANKS, AS","1",",a","0",",a","0",",a","19210330",",,a","0.8",",,a,30,","0.8",",,,a"
"ASN00012128","1921-04","-31.0","121.1",,"BURBANKS, AS","1",",a","1",",a","0",",a","19210427",",,a","3.8",",,a,27,","3.8",",,,a"
"ASN00012128","1921-05","-31.0","121.1",,"BURBANKS, AS","11","4,a","6","4,a","1","4,a","19210514",",4,a","45.0","4,,a,14,","100.4",",a,,a"
"ASN00012128","1921-06","-31.0","121.1",,"BURBANKS, AS","8",",a","4",",a","0",",a","19210602",",,a","15.2",",,a,02,","36.8",",,,a"
"ASN00012128","1921-07","-31.0","121.1",,"BURBANKS, AS","5",",a","1",",a","0",",a","19210726",",,a","2.8",",,a,26,","6.4",",,,a"
"ASN00012128","1921-08","-31.0","121.1",,"BURBANKS, AS","5",",a","3",",a","0",",a","19210806",",,a","17.3",",,a,06,","31.5",",,,a"
"ASN00012128","1922-01","-31.0","121.1",,"BURBANKS, AS","1",",a","0",",a","0",",a","19220130",",,a","0.5",",,a,30,","0.5",",,,a"
"ASN00012128","1922-02","-31.0","121.1",,"BURBANKS, AS","3",",a","1",",a","0",",a","19220201",",,a","8.4",",,a,01,","10.4",",,,a"
"ASN00012128","1922-03","-31.0","121.1",,"BURBANKS, AS","4",",a","3",",a","1",",a","19220302",",,a","39.1",",,a,02,","53.0",",,,a"
"ASN00012128","1922-04","-31.0","121.1",,"BURBANKS, AS","4","2,a","2","2,a","0","2,a","19220429",",2,a","6.4","2,,a,29,","42.0",",a,,a"
"ASN00012128","1922-05","-31.0","121.1",,"BURBANKS, AS","5",",a","3",",a","0",",a","19220529",",,a","10.2",",,a,29,","21.8",",,,a"
"ASN00012128","1922-06","-31.0","121.1",,"BURBANKS, AS","4",",a","2",",a","0",",a","19220607",",,a","4.3",",,a,07,","8.4",",,,a"
"ASN00012128","1922-07","-31.0","121.1",,"BURBANKS, AS","5",",a","3",",a","0",",a","19220714",",,a","9.9",",,a,14,","24.8",",,,a"
"ASN00012128","1922-08","-31.0","121.1",,"BURBANKS, AS","7",",a","3",",a","0",",a","19220825",",,a","24.4",",,a,25,","54.0",",,,a"
"ASN00012128","1922-09","-31.0","121.1",,"BURBANKS, AS","1","2,a","1","2,a","0","2,a","19220925",",2,a","8.6","2,,a,25,","12.4",",a,,a"
"ASN00012128","1922-10","-31.0","121.1",,"BURBANKS, AS","1",",a","0",",a","0",",a","19221014",",,a","0.5",",,a,14,","0.5",",,,a"
"ASN00012128","1922-11","-31.0","121.1",,"BURBANKS, AS","2",",a","0",",a","0",",a","19221129",",,a","1.3",",,a,29,","1.8",",,,a"
"ASN00012128","1922-12","-31.0","121.1",,"BURBANKS, AS","3",",a","1",",a","0",",a","19221202",",,a","2.8",",,a,02,","5.6",",,,a"
"ASN00012128","1923-01","-31.0","121.1",,"BURBANKS, AS","4",",a","1",",a","0",",a","19230116",",,a","5.8",",,a,16,","7.9",",,,a"
"ASN00012128","1923-02","-31.0","121.1",,"BURBANKS, AS","0",",a","0",",a","0",",a","19230228","+,,a","0.0",",,a,28,+","0.0",",,,a"
"ASN00012128","1923-03","-31.0","121.1",,"BURBANKS, AS","4",",a","2",",a","0",",a","19230324",",,a","8.6",",,a,24,","13.0",",,,a"
"ASN00012128","1923-04","-31.0","121.1",,"BURBANKS, AS","11",",a","4",",a","0",",a","19230425",",,a","8.4",",,a,25,","23.5",",,,a"
"ASN00012128","1923-05","-31.0","121.1",,"BURBANKS, AS","4",",a","2",",a","0",",a","19230504",",,a","3.6",",,a,04,","8.4",",,,a"
"ASN00012128","1923-06","-31.0","121.1",,"BURBANKS, AS","20",",a","11",",a","0",",a","19230616",",,a","9.1",",,a,16,","59.4",",,,a"
"ASN00012128","1923-07","-31.0","121.1",,"BURBANKS, AS","5",",a","2",",a","0",",a","19230713",",,a","6.9",",,a,13,","12.0",",,,a"
"ASN00012128","1923-08","-31.0","121.1",,"BURBANKS, AS","5",",a","0",",a","0",",a","19230803",",,a","2.0",",,a,03,","5.3",",,,a"
"ASN00012128","1923-09","-31.0","121.1",,"BURBANKS, AS","2",",a","0",",a","0",",a","19230926",",,a","2.0",",,a,26,","3.0",",,,a"
"ASN00012128","1923-10","-31.0","121.1",,"BURBANKS, AS","0",",a","0",",a","0",",a","19231031","+,,a","0.0",",,a,31,+","0.0",",,,a"
"ASN00012128","1923-11","-31.0","121.1",,"BURBANKS, AS","0",",a","0",",a","0",",a","19231130","+,,a","0.0",",,a,30,+","0.0",",,,a"
"ASN00012128","1923-12","-31.0","121.1",,"BURBANKS, AS","6",",a","4",",a","0",",a","19231222","+,,a","6.6",",,a,22,+","25.5",",,,a"
