"STATION","DATE","LATITUDE","LONGITUDE","ELEVATION","NAME","CDSD","CDSD_ATTRIBUTES","CLDD","CLDD_ATTRIBUTES","DP01","DP01_ATTRIBUTES","DP10","DP10_ATTRIBUTES","DP1X","DP1X_ATTRIBUTES","DT00","DT00_ATTRIBUTES","DT32","DT32_ATTRIBUTES","DX32","DX32_ATTRIBUTES","DX70","DX70_ATTRIBUTES","DX90","DX90_ATTRIBUTES","DYNT","DYNT_ATTRIBUTES","DYXP","DYXP_ATTRIBUTES","DYXT","DYXT_ATTRIBUTES","EMNT","EMNT_ATTRIBUTES","EMXP","EMXP_ATTRIBUTES","EMXT","EMXT_ATTRIBUTES","HDSD","HDSD_ATTRIBUTES","HTDD","HTDD_ATTRIBUTES","PRCP","PRCP_ATTRIBUTES","TAVG","TAVG_ATTRIBUTES","TMAX","TMAX_ATTRIBUTES","TMIN","TMIN_ATTRIBUTES"
"ASN00099022","1992-08","-40.2028","148.2372","11.2","LADY BARRON AERODROME, AS","","","0.0","2,a","16",",a","9",",a","0",",a","0","2,a","1","2,a","0",",a","0",",a","0",",a","19920815",",2,a","19920831",",,a","19920816",",,a","-1.0","2,a,15,","24.0",",,a,31,","15.5",",a,16,","","","271.8",",a","89.2",",,,a","8.97","2,a","13.09",",,,a","4.86","2,,,a"
"ASN00099022","1992-09","-40.2028","148.2372","11.2","LADY BARRON AERODROME, AS","","","0.0",",a","18",",a","9",",a","0",",a","0",",a","0",",a","0",",a","0",",a","0",",a","19920909",",,a","19920904",",,a","19920928",",,a","0.3",",a,09,","19.0",",,a,04,","17.0",",a,28,","","","257.3",",a","79.6",",,,a","9.76",",a","13.62",",,,a","5.89",",,,a"
"ASN00099022","1992-10","-40.2028","148.2372","11.2","LADY BARRON AERODROME, AS","","","0.0",",a","7",",a","4",",a","0",",a","0",",a","0",",a","0",",a","1",",a","0",",a","19921027","+,,a","19921009",",,a","19921015",",,a","2.5",",a,27,+","15.2",",,a,09,","22.2",",a,15,","","","180.2",",a","32.6",",,,a","12.52",",a","16.90",",,,a","8.14",",,,a"
"ASN00099022","1992-11","-40.2028","148.2372","11.2","LADY BARRON AERODROME, AS","","","0.9",",a","12",",a","6",",a","1",",a","0",",a","0",",a","0",",a","2",",a","0",",a","19921101",",,a","19921119",",,a","19921109",",,a","2.3",",a,01,","30.2",",,a,19,","22.7",",a,09,","","","155.3",",a","69.8",",,,a","13.19",",a","17.62",",,,a","8.75",",,,a"
"ASN00099022","1992-12","-40.2028","148.2372","11.2","LADY BARRON AERODROME, AS","","","7.7",",a","11",",a","4",",a","0",",a","0",",a","0",",a","0",",a","11",",a","0",",a","19921201",",,a","19921228",",,a","19921220",",,a","5.0",",a,01,","8.8",",,a,28,","25.5",",a,20,","","","75.1",",a","36.8",",,,a","16.16",",a","20.08",",,,a","12.24",",,,a"
"ASN00099022","1993-01","-40.2028","148.2372","11.2","LADY BARRON AERODROME, AS","","","28.2",",a","12",",a","5",",a","0",",a","0",",a","0",",a","0",",a","20",",a","0",",a","19930105",",,a","19930125",",,a","19930116","+,,a","6.0",",a,05,","14.0",",,a,25,","29.5",",a,16,+","42.7","a","42.7",",a","42.6",",,,a","17.86",",a","22.80",",,,a","12.93",",,,a"
"ASN00099022","1993-02","-40.2028","148.2372","11.2","LADY BARRON AERODROME, AS","","","35.3",",a","12",",a","6",",a","0",",a","0",",a","0",",a","0",",a","18",",a","2",",a","19930213",",,a","19930224",",,a","19930207",",,a","6.2",",a,13,","17.0",",,a,24,","36.0",",a,07,","77.4","a","34.7",",a","58.6",",,,a","18.35",",a","22.60",",,,a","14.10",",,,a"
"ASN00099022","1993-03","-40.2028","148.2372","11.2","LADY BARRON AERODROME, AS","","","5.3",",a","13",",a","7",",a","0",",a","0",",a","0",",a","0",",a","13",",a","0",",a","19930312","+,,a","19930325",",,a","19930315",",,a","5.7",",a,12,+","8.8",",,a,25,","28.0",",a,15,","139.1","a","61.7",",a","40.2",",,,a","16.51",",a","20.62",",,,a","12.41",",,,a"
"ASN00099022","1993-05","-40.2028","148.2372","11.2","LADY BARRON AERODROME, AS","","","0.0","2,a","11",",a","5",",a","0",",a","0","1,a","0","1,a","0","1,a","0","1,a","0","1,a","19930509",",1,a","19930504",",,a","19930501",",1,a","0.8","1,a,09,","22.4",",,a,04,","20.0","1,a,01,","","","183.7","1,a","46.8",",,,a","12.01","2,a","16.49","1,,,a","7.53","1,,,a"
"ASN00099022","1993-06","-40.2028","148.2372","11.2","LADY BARRON AERODROME, AS","","","0.0",",a","14",",a","8",",a","0",",a","0",",a","0",",a","0",",a","0",",a","0",",a","19930626",",,a","19930611",",,a","19930606","+,,a","0.7",",a,26,","11.6",",,a,11,","16.5",",a,06,+","","","253.8",",a","76.0",",,,a","9.87",",a","13.80",",,,a","5.94",",,,a"
"ASN00099022","1993-07","-40.2028","148.2372","11.2","LADY BARRON AERODROME, AS","0.0","a","0.0","2,a","18",",a","8",",a","0",",a","0","1,a","0","1,a","0","1,a","0","1,a","0","1,a","19930712",",1,a","19930708",",,a","19930731","+,1,a","1.0","1,a,12,","10.0",",,a,08,","16.5","1,a,31,+","","","239.8","1,a","60.4",",,,a","10.08","2,a","14.67","1,,,a","5.49","1,,,a"
"ASN00099022","1993-08","-40.2028","148.2372","11.2","LADY BARRON AERODROME, AS","0.0","a","0.0",",a","18",",a","10",",a","0",",a","0",",a","0",",a","0",",a","0",",a","0",",a","19930805","+,,a","19930814",",,a","19930826","+,,a","0.5",",a,05,+","12.6",",,a,14,","19.0",",a,26,+","","","238.8",",a","58.4",",,,a","10.63",",a","14.86",",,,a","6.40",",,,a"
"ASN00099022","1993-09","-40.2028","148.2372","11.2","LADY BARRON AERODROME, AS","0.4","a","0.4",",a","13",",a","10",",a","0",",a","0",",a","0",",a","0",",a","3",",a","0",",a","19930913",",,a","19930902",",,a","19930930",",,a","1.5",",a,13,","19.0",",,a,02,","24.5",",a,30,","","","224.7",",a","90.4",",,,a","10.86",",a","15.21",",,,a","6.50",",,,a"
"ASN00099022","1993-10","-40.2028","148.2372","11.2","LADY BARRON AERODROME, AS","0.4","a","0.0",",a","10",",a","8",",a","0",",a","0",",a","0",",a","0",",a","2",",a","0",",a","19931011",",,a","19931009",",,a","19931008",",,a","1.0",",a,11,","11.2",",,a,09,","23.2",",a,08,","","","178.2",",a","55.2",",,,a","12.59",",a","16.70",",,,a","8.47",",,,a"
"ASN00099022","1993-11","-40.2028","148.2372","11.2","LADY BARRON AERODROME, AS","1.8","a","1.4","3,a","12",",a","4",",a","0",",a","0","3,a","0","3,a","0",",a","3",",a","0",",a","19931105",",3,a","19931103",",,a","19931118",",,a","2.5","3,a,05,","7.8",",,a,03,","27.8",",a,18,","","","126.1",",a","31.4",",,,a","13.80","3,a","17.93",",,,a","9.67","3,,,a"
"ASN00099022","1993-12","-40.2028","148.2372","11.2","LADY BARRON AERODROME, AS","7.0","a","5.2",",a","13",",a","5",",a","1",",a","0",",a","0",",a","0",",a","3",",a","1",",a","19931205",",,a","19931223",",,a","19931211",",,a","4.5",",a,05,","43.0",",,a,23,","32.8",",a,11,","","","93.2",",a","121.8",",,,a","15.50",",a","19.75",",,,a","11.24",",,,a"
"ASN00099022","1994-01","-40.2028","148.2372","11.2","LADY BARRON AERODROME, AS","17.1","a","10.1",",a","9",",a","4",",a","0",",a","0",",a","0",",a","0",",a","12",",a","0",",a","19940115",",,a","19940108",",,a","19940126",",,a","5.5",",a,15,","20.4",",,a,08,","31.0",",a,26,","76.6","a","76.6",",a","59.8",",,,a","16.19",",a","20.94",",,,a","11.44",",,,a"
"ASN00099022","1994-02","-40.2028","148.2372","11.2","LADY BARRON AERODROME, AS","42.0","a","24.9",",a","12",",a","4",",a","0",",a","0",",a","0",",a","0",",a","15",",a","0",",a","19940228",",,a","19940228",",,a","19940222",",,a","7.0",",a,28,","8.4",",,a,28,","30.0",",a,22,","104.9","a","28.3",",a","34.0",",,,a","18.21",",a","22.10",",,,a","14.32",",,,a"
"ASN00099022","1994-03","-40.2028","148.2372","11.2","LADY BARRON AERODROME, AS","42.0","a","0.0",",a","7",",a","4",",a","0",",a","0",",a","0",",a","0",",a","10",",a","0",",a","19940301",",,a","19940311",",,a","19940331",",,a","3.5",",a,01,","23.0",",,a,11,","25.3",",a,31,","219.8","a","114.9",",a","41.8",",,,a","14.63",",a","19.89",",,,a","9.36",",,,a"
"ASN00099022","1994-04","-40.2028","148.2372","11.2","LADY BARRON AERODROME, AS","46.4","a","4.4",",a","9",",a","3",",a","0",",a","0",",a","0",",a","0",",a","8",",a","0",",a","19940430",",,a","19940407",",,a","19940426",",,a","1.5",",a,30,","16.8",",,a,07,","28.5",",a,26,","322.7","a","102.9",",a","30.4",",,,a","15.05",",a","19.95",",,,a","10.15",",,,a"
"ASN00099022","1994-05","-40.2028","148.2372","11.2","LADY BARRON AERODROME, AS","46.4","a","0.0","1,a","16",",a","10",",a","0",",a","0","1,a","0","1,a","0",",a","0",",a","0",",a","19940512","+,1,a","19940527",",,a","19940506",",,a","0.1","1,a,12,+","23.0",",,a,27,","20.3",",a,06,","524.9","a","202.2",",a","102.8",",,,a","11.58","1,a","16.09",",,,a","7.06","1,,,a"
"ASN00099022","1994-06","-40.2028","148.2372","11.2","LADY BARRON AERODROME, AS","46.4","a","0.0","5,a","18",",a","7",",a","0",",a","0","3,a","1","3,a","0","2,a","0","2,a","0","2,a","19940628",",3,a","19940617",",,a","19940623",",2,a","-1.8","3,a,28,","9.6",",,a,17,","16.3","2,a,23,","741.4","a","216.5","2,a","56.8",",,,a","9.62","5,a","13.45","2,,,a","5.78","3,,,a"
"ASN00099022","1994-07","-40.2028","148.2372","11.2","LADY BARRON AERODROME, AS","0.0","a","0.0","4,a","10",",a","3",",a","0",",a","0","3,a","0","3,a","0","1,a","0","1,a","0","1,a","19940727",",3,a","19940726",",,a","19940704","+,1,a","0.1","3,a,27,","4.4",",,a,26,","17.4","1,a,04,+","973.9","a","232.5","1,a","21.4",",,,a","9.62","4,a","14.29","1,,,a","4.96","3,,,a"
"ASN00099022","1994-08","-40.2028","148.2372","11.2","LADY BARRON AERODROME, AS","0.0","a","0.0","2,a","13",",a","5",",a","1",",a","0","2,a","3","2,a","0",",a","0",",a","0",",a","19940819","+,2,a","19940801",",,a","19940828",",,a","-0.1","2,a,19,+","43.2",",,a,01,","20.8",",a,28,","1235.9","a","262.0",",a","79.6",",,,a","9.32","2,a","13.24",",,,a","5.39","2,,,a"
"ASN00099022","1994-09","-40.2028","148.2372","11.2","LADY BARRON AERODROME, AS","0.0","a","0.0","2,a","17",",a","5",",a","0",",a","0","2,a","1","2,a","0",",a","0",",a","0",",a","19940909",",2,a","19940930",",,a","19940912",",,a","-0.1","2,a,09,","13.4",",,a,30,","20.3",",a,12,","1477.7","a","241.8",",a","52.4",",,,a","9.74","2,a","14.02",",,,a","5.45","2,,,a"
"ASN00099022","1994-10","-40.2028","148.2372","11.2","LADY BARRON AERODROME, AS","0.9","a","0.9",",a","9",",a","4",",a","0",",a","0",",a","0",",a","0",",a","3",",a","0",",a","19941014","+,,a","19941008",",,a","19941025",",,a","1.0",",a,14,+","8.0",",,a,08,","28.2",",a,25,","1664.6","a","186.9",",a","29.4",",,,a","12.33",",a","17.36",",,,a","7.30",",,,a"
"ASN00099022","1994-11","-40.2028","148.2372","11.2","LADY BARRON AERODROME, AS","5.0","a","4.1","1,a","13",",a","9",",a","1",",a","0","1,a","0","1,a","0",",a","5",",a","0",",a","19941108",",1,a","19941103",",,a","19941125",",,a","0.3","1,a,08,","32.0",",,a,03,","29.5",",a,25,","1801.8","a","137.2",",a","100.0",",,,a","13.65","1,a","17.76",",,,a","9.54","1,,,a"
"ASN00099022","1994-12","-40.2028","148.2372","11.2","LADY BARRON AERODROME, AS","19.2","a","14.2",",a","6",",a","3",",a","1",",a","0",",a","0",",a","0",",a","14",",a","2",",a","19941201",",,a","19941221",",,a","19941207",",,a","3.8",",a,01,","31.0",",,a,21,","34.5",",a,07,","1879.9","a","78.1",",a","47.6",",,,a","16.27",",a","22.01",",,,a","10.54",",,,a"
"ASN00099022","1995-01","-40.2028","148.2372","11.2","LADY BARRON AERODROME, AS","49.3","a","30.1",",a","11",",a","6",",a","1",",a","0",",a","0",",a","0",",a","16",",a","0",",a","19950128",",,a","19950121",",,a","19950104",",,a","7.5",",a,28,","26.0",",,a,21,","29.8",",a,04,","37.3","a","37.3",",a","61.0",",,,a","18.10",",a","21.86",",,,a","14.34",",,,a"
"ASN00099022","1995-02","-40.2028","148.2372","11.2","LADY BARRON AERODROME, AS","76.1","a","26.8",",a","8",",a","6",",a","0",",a","0",",a","0",",a","0",",a","18",",a","1",",a","19950224","+,,a","19950227",",,a","19950225",",,a","7.0",",a,24,+","18.0",",,a,27,","35.5",",a,25,","83.1","a","45.8",",a","54.6",",,,a","17.65",",a","22.80",",,,a","12.51",",,,a"
"ASN00099022","1995-03","-40.2028","148.2372","11.2","LADY BARRON AERODROME, AS","86.1","a","10.0",",a","18",",a","4",",a","0",",a","0",",a","0",",a","0",",a","7",",a","0",",a","19950330",",,a","19950324",",,a","19950307",",,a","1.0",",a,30,","5.8",",,a,24,","24.2",",a,07,","173.3","a","90.2",",a","31.6",",,,a","15.75",",a","19.75",",,,a","11.74",",,,a"
"ASN00099022","1995-04","-40.2028","148.2372","11.2","LADY BARRON AERODROME, AS","86.1","a","0.0",",a","15",",a","9",",a","0",",a","0",",a","0",",a","0",",a","0",",a","0",",a","19950428",",,a","19950407",",,a","19950416",",,a","1.0",",a,28,","14.0",",,a,07,","20.5",",a,16,","352.3","a","179.0",",a","73.2",",,,a","12.37",",a","16.71",",,,a","8.02",",,,a"
"ASN00099022","1995-06","-40.2028","148.2372","11.2","LADY BARRON AERODROME, AS","","","","","13",",a","9",",a","0",",a","","","","","","","","","","","","","19950611",",,a","","","","","20.0",",,a,11,","","","","","","","96.8",",,,a","","","","","",""
"ASN00099022","1995-07","-40.2028","148.2372","11.2","LADY BARRON AERODROME, AS","0.0","a","0.0",",a","17",",a","6",",a","0",",a","0",",a","5",",a","0",",a","0",",a","0",",a","19950707",",,a","19950701",",,a","19950717",",,a","-2.7",",a,07,","9.2",",,a,01,","15.9",",a,17,","","","315.7",",a","48.6",",,,a","8.15",",a","12.43",",,,a","3.87",",,,a"
"ASN00099022","1995-08","-40.2028","148.2372","11.2","LADY BARRON AERODROME, AS","0.0","a","0.0","3,a","10","2,a","2","2,a","0","2,a","0","2,a","4","2,a","0","1,a","1","1,a","0","1,a","19950815",",2,a","19950831",",2,a","19950820",",1,a","-1.4","2,a,15,","4.4","2,,a,31,","23.5","1,a,20,","","","238.4","1,a","19.6",",a,,a","9.70","3,a","15.11","1,,,a","4.30","2,,,a"
"ASN00099022","1995-09","-40.2028","148.2372","11.2","LADY BARRON AERODROME, AS","0.0","a","0.0","1,a","15",",a","4",",a","0",",a","0","1,a","7","1,a","0",",a","0",",a","0",",a","19950908",",1,a","19950904",",,a","19950919",",,a","-2.6","1,a,08,","7.6",",,a,04,","18.9",",a,19,","","","256.1",",a","31.6",",,,a","9.51","1,a","14.41",",,,a","4.61","1,,,a"
"ASN00099022","1995-10","-40.2028","148.2372","11.2","LADY BARRON AERODROME, AS","0.0","a","0.0","2,a","12",",a","4",",a","0",",a","0","1,a","2","1,a","0","1,a","4","1,a","0","1,a","19951014",",1,a","19951013",",,a","19951019",",1,a","-4.0","1,a,14,","18.0",",,a,13,","25.5","1,a,19,","","","199.4","1,a","47.6",",,,a","11.55","2,a","16.59","1,,,a","6.51","1,,,a"
"ASN00099022","1995-11","-40.2028","148.2372","11.2","LADY BARRON AERODROME, AS","0.5","a","0.5","4,a","10","2,a","5","2,a","1","2,a","0","3,a","0","3,a","0","2,a","3","2,a","0","2,a","19951101",",3,a","19951107",",2,a","19951128",",2,a","1.8","3,a,01,","58.0","2,,a,07,","29.5","2,a,28,","","","108.8","2,a","98.9",",a,,a","14.16","4,a","18.12","2,,,a","10.21","3,,,a"
"ASN00099022","1995-12","-40.2028","148.2372","11.2","LADY BARRON AERODROME, AS","0.5","a","0.0","2,a","9",",a","7",",a","0",",a","0","2,a","0","2,a","0",",a","2",",a","0",",a","19951212",",2,a","19951205",",,a","19951203",",,a","2.3","2,a,12,","22.8",",,a,05,","25.6",",a,03,","","","114.5",",a","67.0",",,,a","14.28","2,a","18.15",",,,a","10.41","2,,,a"
"ASN00099022","1996-01","-40.2028","148.2372","11.2","LADY BARRON AERODROME, AS","8.9","","8.4",",a","14",",a","6",",a","1",",a","0",",a","0",",a","0",",a","11",",a","0",",a","19960123",",,a","19960125",",,a","19960120",",,a","5.1",",a,23,","49.0",",,a,25,","28.3",",a,20,","60.0","","60.0",",a","100.4",",,,a","16.67",",a","20.54",",,,a","12.80",",,,a"
"ASN00099022","1996-02","-40.2028","148.2372","11.2","LADY BARRON AERODROME, AS","12.7","","3.8",",a","10",",a","6",",a","0",",a","0",",a","0",",a","0",",a","10",",a","0",",a","19960214",",,a","19960228",",,a","19960226",",,a","3.0",",a,14,","12.4",",,a,28,","30.1",",a,26,","134.4","","74.4",",a","47.2",",,,a","15.90",",a","20.26",",,,a","11.54",",,,a"
"ASN00099022","1996-03","-40.2028","148.2372","11.2","LADY BARRON AERODROME, AS","22.5","","9.8",",a","11",",a","4",",a","0",",a","0",",a","0",",a","0",",a","10",",a","0",",a","19960323",",,a","19960330",",,a","19960329",",,a","4.6",",a,23,","14.2",",,a,30,","28.4",",a,29,","213.7","","79.3",",a","43.8",",,,a","16.09",",a","20.29",",,,a","11.89",",,,a"
"ASN00099022","1996-04","-40.2028","148.2372","11.2","LADY BARRON AERODROME, AS","","","","","15",",a","9",",a","0",",a","","","","","0","3,a","0","3,a","0","3,a","","","19960411",",,a","19960424",",3,a","","","20.2",",,a,11,","20.6","3,a,24,","","","","","77.6",",,,a","","","16.54","3,,,a","",""
"ASN00099022","1996-05","-40.2028","148.2372","11.2","LADY BARRON AERODROME, AS","","","0.0",",a","12",",a","5",",a","0",",a","0",",a","0",",a","0",",a","1",",a","0",",a","19960518","+,,a","19960506",",,a","19960510",",,a","0.6",",a,18,+","20.2",",,a,06,","22.2",",a,10,","","","185.4",",a","49.4",",,,a","12.35",",a","16.15",",,,a","8.55",",,,a"
"ASN00099022","1996-06","-40.2028","148.2372","11.2","LADY BARRON AERODROME, AS","","","0.0","3,a","18",",a","8",",a","0",",a","0","1,a","1","1,a","0","2,a","0","2,a","0","2,a","19960603",",1,a","19960630","+,,a","19960601",",2,a","-0.2","1,a,03,","15.2",",,a,30,+","16.4","2,a,01,","","","217.3","2,a","86.0",",,,a","10.33","3,a","13.70","2,,,a","6.96","1,,,a"
