"STATION","DATE","LATITUDE","LONGITUDE","ELEVATION","NAME","DP01","DP01_ATTRIBUTES","DP10","DP10_ATTRIBUTES","DP1X","DP1X_ATTRIBUTES","DYXP","DYXP_ATTRIBUTES","EMXP","EMXP_ATTRIBUTES","PRCP","PRCP_ATTRIBUTES"
"ASN00041049","1895-03","-27.2","151.5167","396.0","IRVINGDALE POST OFFICE, AS","0",",a","0",",a","0",",a","18950331","+,,a","0.0",",,a,31,+","0.0",",,,a"
"ASN00041049","1895-06","-27.2","151.5167","396.0","IRVINGDALE POST OFFICE, AS","0",",a","0",",a","0",",a","18950630","+,,a","0.0",",,a,30,+","0.0",",,,a"
"ASN00041049","1910-05","-27.2","151.5167","396.0","IRVINGDALE POST OFFICE, AS","0",",a","0",",a","0",",a","19100531","+,,a","0.0",",,a,31,+","0.0",",,,a"
"ASN00041049","1912-04","-27.2","151.5167","396.0","IRVINGDALE POST OFFICE, AS","0",",a","0",",a","0",",a","19120430","+,,a","0.0",",,a,30,+","0.0",",,,a"
"ASN00041049","1912-05","-27.2","151.5167","396.0","IRVINGDALE POST OFFICE, AS","0",",a","0",",a","0",",a","19120531","+,,a","0.0",",,a,31,+","0.0",",,,a"
"ASN00041049","1913-01","-27.2","151.5167","396.0","IRVINGDALE POST OFFICE, AS","6",",a","6",",a","1",",a","19130106",",,a","52.3",",,a,06,","77.6",",,,a"
"ASN00041049","1913-02","-27.2","151.5167","396.0","IRVINGDALE POST OFFICE, AS","3",",a","3",",a","0",",a","19130216",",,a","7.1",",,a,16,","19.1",",,,a"
"ASN00041049","1913-03","-27.2","151.5167","396.0","IRVINGDALE POST OFFICE, AS","3",",a","3",",a","0",",a","19130312",",,a","15.2",",,a,12,","27.1",",,,a"
"ASN00041049","1913-04","-27.2","151.5167","396.0","IRVINGDALE POST OFFICE, AS","2",",a","2",",a","0",",a","19130405",",,a","6.4",",,a,05,","10.7",",,,a"
"ASN00041049","1913-05","-27.2","151.5167","396.0","IRVINGDALE POST OFFICE, AS","9",",a","6",",a","1",",a","19130525",",,a","33.0",",,a,25,","67.1",",,,a"
"ASN00041049","1913-06","-27.2","151.5167","396.0","IRVINGDALE POST OFFICE, AS","9",",a","7",",a","1",",a","19130622",",,a","74.4",",,a,22,","129.0",",,,a"
"ASN00041049","1913-07","-27.2","151.5167","396.0","IRVINGDALE POST OFFICE, AS","4",",a","3",",a","0",",a","19130728",",,a","8.1",",,a,28,","23.8",",,,a"
"ASN00041049","1913-08","-27.2","151.5167","396.0","IRVINGDALE POST OFFICE, AS","0",",a","0",",a","0",",a","19130831","+,,a","0.0",",,a,31,+","0.0",",,,a"
"ASN00041049","1913-09","-27.2","151.5167","396.0","IRVINGDALE POST OFFICE, AS","2",",a","2",",a","0",",a","19130927",",,a","20.3",",,a,27,","37.1",",,,a"
"ASN00041049","1913-10","-27.2","151.5167","396.0","IRVINGDALE POST OFFICE, AS","3",",a","3",",a","1",",a","19131019",",,a","25.4",",,a,19,","48.3",",,,a"
"ASN00041049","1913-11","-27.2","151.5167","396.0","IRVINGDALE POST OFFICE, AS","2",",a","2",",a","0",",a","19131113",",,a","9.4",",,a,13,","14.0",",,,a"
"ASN00041049","1913-12","-27.2","151.5167","396.0","IRVINGDALE POST OFFICE, AS","2",",a","2",",a","0",",a","19131209",",,a","5.3",",,a,09,","10.1",",,,a"
"ASN00041049","1914-01","-27.2","151.5167","396.0","IRVINGDALE POST OFFICE, AS","6",",a","3",",a","1",",a","19140113",",,a","45.5",",,a,13,","67.1",",,,a"
"ASN00041049","1914-02","-27.2","151.5167","396.0","IRVINGDALE POST OFFICE, AS","7",",a","7",",a","1",",a","19140219",",,a","29.2",",,a,19,","61.4",",,,a"
"ASN00041049","1914-03","-27.2","151.5167","396.0","IRVINGDALE POST OFFICE, AS","8",",a","7",",a","0",",a","19140326",",,a","17.8",",,a,26,","72.0",",,,a"
"ASN00041049","1914-04","-27.2","151.5167","396.0","IRVINGDALE POST OFFICE, AS","3",",a","1",",a","0",",a","19140416",",,a","12.7",",,a,16,","15.5",",,,a"
"ASN00041049","1914-05","-27.2","151.5167","396.0","IRVINGDALE POST OFFICE, AS","5",",a","5",",a","0",",a","19140509",",,a","12.7",",,a,09,","33.2",",,,a"
"ASN00041049","1914-06","-27.2","151.5167","396.0","IRVINGDALE POST OFFICE, AS","6",",a","5",",a","0",",a","19140614",",,a","22.9",",,a,14,","89.0",",,,a"
"ASN00041049","1914-07","-27.2","151.5167","396.0","IRVINGDALE POST OFFICE, AS","3",",a","3",",a","0",",a","19140729",",,a","12.7",",,a,29,","35.1",",,,a"
"ASN00041049","1914-08","-27.2","151.5167","396.0","IRVINGDALE POST OFFICE, AS","1",",a","1",",a","0",",a","19140812",",,a","11.2",",,a,12,","11.2",",,,a"
"ASN00041049","1914-09","-27.2","151.5167","396.0","IRVINGDALE POST OFFICE, AS","1",",a","1",",a","0",",a","19140913",",,a","3.6",",,a,13,","3.6",",,,a"
"ASN00041049","1914-10","-27.2","151.5167","396.0","IRVINGDALE POST OFFICE, AS","3",",a","3",",a","0",",a","19141009",",,a","17.8",",,a,09,","30.5",",,,a"
"ASN00041049","1914-11","-27.2","151.5167","396.0","IRVINGDALE POST OFFICE, AS","4",",a","3",",a","0",",a","19141106",",,a","10.7",",,a,06,","23.9",",,,a"
"ASN00041049","1914-12","-27.2","151.5167","396.0","IRVINGDALE POST OFFICE, AS","7",",a","7",",a","1",",a","19141223",",,a","25.4",",,a,23,","81.3",",,,a"
"ASN00041049","1915-01","-27.2","151.5167","396.0","IRVINGDALE POST OFFICE, AS","5",",a","4",",a","0",",a","19150106",",,a","13.2",",,a,06,","36.6",",,,a"
"ASN00041049","1915-02","-27.2","151.5167","396.0","IRVINGDALE POST OFFICE, AS","5",",a","4",",a","0",",a","19150209",",,a","13.2",",,a,09,","37.6",",,,a"
"ASN00041049","1915-03","-27.2","151.5167","396.0","IRVINGDALE POST OFFICE, AS","1",",a","1",",a","1",",a","19150306",",,a","35.6",",,a,06,","35.6",",,,a"
"ASN00041049","1915-04","-27.2","151.5167","396.0","IRVINGDALE POST OFFICE, AS","4",",a","4",",a","0",",a","19150410",",,a","6.9",",,a,10,","19.1",",,,a"
"ASN00041049","1915-05","-27.2","151.5167","396.0","IRVINGDALE POST OFFICE, AS","2",",a","1",",a","0",",a","19150513",",,a","11.7",",,a,13,","13.0",",,,a"
"ASN00041049","1915-06","-27.2","151.5167","396.0","IRVINGDALE POST OFFICE, AS","1",",a","1",",a","0",",a","19150614",",,a","10.9",",,a,14,","10.9",",,,a"
"ASN00041049","1915-07","-27.2","151.5167","396.0","IRVINGDALE POST OFFICE, AS","9",",a","8",",a","1",",a","19150707",",,a","30.5",",,a,07,","93.0",",,,a"
"ASN00041049","1915-08","-27.2","151.5167","396.0","IRVINGDALE POST OFFICE, AS","4",",a","3",",a","0",",a","19150824",",,a","19.1",",,a,24,","45.7",",,,a"
"ASN00041049","1915-09","-27.2","151.5167","396.0","IRVINGDALE POST OFFICE, AS","3",",a","1",",a","0",",a","19150922",",,a","21.3",",,a,22,","24.9",",,,a"
"ASN00041049","1915-10","-27.2","151.5167","396.0","IRVINGDALE POST OFFICE, AS","2",",a","2",",a","0",",a","19151019",",,a","21.1",",,a,19,","29.2",",,,a"
"ASN00041049","1915-11","-27.2","151.5167","396.0","IRVINGDALE POST OFFICE, AS","4",",a","2",",a","0",",a","19151127",",,a","24.6",",,a,27,","36.0",",,,a"
"ASN00041049","1915-12","-27.2","151.5167","396.0","IRVINGDALE POST OFFICE, AS","4",",a","2",",a","0",",a","19151215",",,a","13.0",",,a,15,","18.5",",,,a"
"ASN00041049","1916-01","-27.2","151.5167","396.0","IRVINGDALE POST OFFICE, AS","7",",a","6",",a","1",",a","19160112",",,a","31.2",",,a,12,","97.5",",,,a"
"ASN00041049","1916-02","-27.2","151.5167","396.0","IRVINGDALE POST OFFICE, AS","3",",a","3",",a","1",",a","19160226",",,a","75.4",",,a,26,","94.5",",,,a"
"ASN00041049","1916-03","-27.2","151.5167","396.0","IRVINGDALE POST OFFICE, AS","6",",a","6",",a","3",",a","19160307",",,a","42.7",",,a,07,","122.2",",,,a"
"ASN00041049","1916-04","-27.2","151.5167","396.0","IRVINGDALE POST OFFICE, AS","8",",a","6",",a","1",",a","19160407",",,a","52.1",",,a,07,","91.7",",,,a"
"ASN00041049","1916-05","-27.2","151.5167","396.0","IRVINGDALE POST OFFICE, AS","0",",a","0",",a","0",",a","19160531","+,,a","0.0",",,a,31,+","0.0",",,,a"
"ASN00041049","1916-06","-27.2","151.5167","396.0","IRVINGDALE POST OFFICE, AS","8",",a","8",",a","0",",a","19160627",",,a","22.9",",,a,27,","93.5",",,,a"
"ASN00041049","1916-07","-27.2","151.5167","396.0","IRVINGDALE POST OFFICE, AS","3",",a","3",",a","2",",a","19160720",",,a","37.8",",,a,20,","68.8",",,,a"
"ASN00041049","1916-08","-27.2","151.5167","396.0","IRVINGDALE POST OFFICE, AS","5",",a","4",",a","0",",a","19160818",",,a","24.1",",,a,18,","44.4",",,,a"
"ASN00041049","1916-09","-27.2","151.5167","396.0","IRVINGDALE POST OFFICE, AS","2",",a","2",",a","1",",a","19160908",",,a","26.7",",,a,08,","36.4",",,,a"
"ASN00041049","1916-10","-27.2","151.5167","396.0","IRVINGDALE POST OFFICE, AS","10",",a","7",",a","3",",a","19161024",",,a","45.7",",,a,24,","154.1",",,,a"
"ASN00041049","1916-11","-27.2","151.5167","396.0","IRVINGDALE POST OFFICE, AS","9",",a","7",",a","5",",a","19161126",",,a","80.3",",,a,26,","226.0",",,,a"
"ASN00041049","1916-12","-27.2","151.5167","396.0","IRVINGDALE POST OFFICE, AS","6",",a","6",",a","0",",a","19161213",",,a","20.3",",,a,13,","66.9",",,,a"
"ASN00041049","1917-01","-27.2","151.5167","396.0","IRVINGDALE POST OFFICE, AS","8",",a","8",",a","2",",a","19170127",",,a","29.2",",,a,27,","111.5",",,,a"
"ASN00041049","1917-02","-27.2","151.5167","396.0","IRVINGDALE POST OFFICE, AS","6",",a","5",",a","1",",a","19170224",",,a","31.8",",,a,24,","84.9",",,,a"
"ASN00041049","1917-03","-27.2","151.5167","396.0","IRVINGDALE POST OFFICE, AS","6",",a","5",",a","2",",a","19170303",",,a","30.5",",,a,03,","74.9",",,,a"
"ASN00041049","1917-04","-27.2","151.5167","396.0","IRVINGDALE POST OFFICE, AS","3",",a","3",",a","1",",a","19170406",",,a","41.7",",,a,06,","70.7",",,,a"
"ASN00041049","1917-05","-27.2","151.5167","396.0","IRVINGDALE POST OFFICE, AS","1",",a","0",",a","0",",a","19170503",",,a","1.8",",,a,03,","1.8",",,,a"
"ASN00041049","1917-06","-27.2","151.5167","396.0","IRVINGDALE POST OFFICE, AS","2",",a","2",",a","0",",a","19170614",",,a","14.5",",,a,14,","18.3",",,,a"
"ASN00041049","1917-07","-27.2","151.5167","396.0","IRVINGDALE POST OFFICE, AS","2",",a","2",",a","0",",a","19170731",",,a","20.6",",,a,31,","23.6",",,,a"
"ASN00041049","1917-08","-27.2","151.5167","396.0","IRVINGDALE POST OFFICE, AS","5",",a","4",",a","0",",a","19170803",",,a","8.1",",,a,03,","19.5",",,,a"
"ASN00041049","1917-09","-27.2","151.5167","396.0","IRVINGDALE POST OFFICE, AS","10",",a","9",",a","2",",a","19170924",",,a","93.5",",,a,24,","216.6",",,,a"
"ASN00041049","1917-10","-27.2","151.5167","396.0","IRVINGDALE POST OFFICE, AS","5",",a","5",",a","0",",a","19171001",",,a","17.8",",,a,01,","45.2",",,,a"
"ASN00041049","1917-11","-27.2","151.5167","396.0","IRVINGDALE POST OFFICE, AS","11",",a","10",",a","2",",a","19171108",",,a","83.1",",,a,08,","203.8",",,,a"
"ASN00041049","1917-12","-27.2","151.5167","396.0","IRVINGDALE POST OFFICE, AS","6",",a","4",",a","1",",a","19171212",",,a","165.1",",,a,12,","214.3",",,,a"
"ASN00041049","1918-05","-27.2","151.5167","396.0","IRVINGDALE POST OFFICE, AS","0",",a","0",",a","0",",a","19180531","+,,a","0.0",",,a,31,+","0.0",",,,a"
"ASN00041049","1918-07","-27.2","151.5167","396.0","IRVINGDALE POST OFFICE, AS","0",",a","0",",a","0",",a","19180731","+,,a","0.0",",,a,31,+","0.0",",,,a"
"ASN00041049","1918-12","-27.2","151.5167","396.0","IRVINGDALE POST OFFICE, AS","5",",a","5",",a","0",",a","19181211",",,a","22.9",",,a,11,","74.9",",,,a"
"ASN00041049","1919-01","-27.2","151.5167","396.0","IRVINGDALE POST OFFICE, AS","5",",a","3",",a","0",",a","19190105",",,a","24.1",",,a,05,","40.6",",,,a"
"ASN00041049","1919-02","-27.2","151.5167","396.0","IRVINGDALE POST OFFICE, AS","4",",a","4",",a","2",",a","19190219",",,a","32.3",",,a,19,","92.0",",,,a"
"ASN00041049","1919-03","-27.2","151.5167","396.0","IRVINGDALE POST OFFICE, AS","5",",a","5",",a","1",",a","19190301",",,a","31.0",",,a,01,","68.2",",,,a"
"ASN00041049","1919-04","-27.2","151.5167","396.0","IRVINGDALE POST OFFICE, AS","6",",a","2",",a","0",",a","19190424",",,a","9.7",",,a,24,","17.3",",,,a"
"ASN00041049","1919-05","-27.2","151.5167","396.0","IRVINGDALE POST OFFICE, AS","8",",a","4",",a","0",",a","19190522",",,a","23.4",",,a,22,","62.6",",,,a"
"ASN00041049","1919-06","-27.2","151.5167","396.0","IRVINGDALE POST OFFICE, AS","1",",a","0",",a","0",",a","19190607",",,a","2.0",",,a,07,","2.0",",,,a"
"ASN00041049","1919-07","-27.2","151.5167","396.0","IRVINGDALE POST OFFICE, AS","1",",a","1",",a","0",",a","19190727",",,a","2.5",",,a,27,","2.5",",,,a"
"ASN00041049","1919-08","-27.2","151.5167","396.0","IRVINGDALE POST OFFICE, AS","2",",a","2",",a","0",",a","19190825",",,a","12.2",",,a,25,","18.0",",,,a"
"ASN00041049","1919-09","-27.2","151.5167","396.0","IRVINGDALE POST OFFICE, AS","2",",a","2",",a","0",",a","19190905","+,,a","2.5",",,a,05,+","5.0",",,,a"
"ASN00041049","1919-10","-27.2","151.5167","396.0","IRVINGDALE POST OFFICE, AS","3",",a","2",",a","0",",a","19191022",",,a","11.2",",,a,22,","23.9",",,,a"
"ASN00041049","1919-11","-27.2","151.5167","396.0","IRVINGDALE POST OFFICE, AS","5",",a","2",",a","0",",a","19191115",",,a","21.6",",,a,15,","32.6",",,,a"
"ASN00041049","1919-12","-27.2","151.5167","396.0","IRVINGDALE POST OFFICE, AS","4",",a","4",",a","1",",a","19191231",",,a","30.5",",,a,31,","71.2",",,,a"
"ASN00041049","1920-01","-27.2","151.5167","396.0","IRVINGDALE POST OFFICE, AS","7",",a","5",",a","2",",a","19200121",",,a","50.5",",,a,21,","130.4",",,,a"
"ASN00041049","1920-02","-27.2","151.5167","396.0","IRVINGDALE POST OFFICE, AS","1",",a","1",",a","0",",a","19200207",",,a","17.8",",,a,07,","17.8",",,,a"
"ASN00041049","1920-03","-27.2","151.5167","396.0","IRVINGDALE POST OFFICE, AS","3",",a","3",",a","0",",a","19200302",",,a","14.2",",,a,02,","21.8",",,,a"
"ASN00041049","1920-04","-27.2","151.5167","396.0","IRVINGDALE POST OFFICE, AS","4",",a","2",",a","0",",a","19200424",",,a","7.4",",,a,24,","14.6",",,,a"
"ASN00041049","1920-05","-27.2","151.5167","396.0","IRVINGDALE POST OFFICE, AS","9",",a","7",",a","1",",a","19200508",",,a","40.1",",,a,08,","94.7",",,,a"
"ASN00041049","1920-06","-27.2","151.5167","396.0","IRVINGDALE POST OFFICE, AS","5",",a","5",",a","1",",a","19200613",",,a","29.2",",,a,13,","60.7",",,,a"
"ASN00041049","1920-07","-27.2","151.5167","396.0","IRVINGDALE POST OFFICE, AS","5",",a","5",",a","0",",a","19200731","+,,a","12.7",",,a,31,+","52.1",",,,a"
"ASN00041049","1920-08","-27.2","151.5167","396.0","IRVINGDALE POST OFFICE, AS","5",",a","3",",a","0",",a","19200829",",,a","5.8",",,a,29,","16.8",",,,a"
"ASN00041049","1920-11","-27.2","151.5167","396.0","IRVINGDALE POST OFFICE, AS","9",",a","5",",a","2",",a","19201116",",,a","38.1",",,a,16,","99.6",",,,a"
"ASN00041049","1921-01","-27.2","151.5167","396.0","IRVINGDALE POST OFFICE, AS","4",",a","4",",a","0",",a","19210116",",,a","20.8",",,a,16,","60.5",",,,a"
"ASN00041049","1921-02","-27.2","151.5167","396.0","IRVINGDALE POST OFFICE, AS","1",",a","1",",a","0",",a","19210204",",,a","21.6",",,a,04,","21.6",",,,a"
"ASN00041049","1921-03","-27.2","151.5167","396.0","IRVINGDALE POST OFFICE, AS","5",",a","5",",a","0",",a","19210306",",,a","14.2",",,a,06,","34.4",",,,a"
"ASN00041049","1921-04","-27.2","151.5167","396.0","IRVINGDALE POST OFFICE, AS","3",",a","2",",a","0",",a","19210407",",,a","5.1",",,a,07,","9.7",",,,a"
"ASN00041049","1921-05","-27.2","151.5167","396.0","IRVINGDALE POST OFFICE, AS","6",",a","4",",a","1",",a","19210515",",,a","30.0",",,a,15,","53.7",",,,a"
"ASN00041049","1921-06","-27.2","151.5167","396.0","IRVINGDALE POST OFFICE, AS","8",",a","7",",a","2",",a","19210609",",,a","77.7",",,a,09,","198.4",",,,a"
"ASN00041049","1921-07","-27.2","151.5167","396.0","IRVINGDALE POST OFFICE, AS","6",",a","6",",a","1",",a","19210701",",,a","36.6",",,a,01,","86.3",",,,a"
"ASN00041049","1921-08","-27.2","151.5167","396.0","IRVINGDALE POST OFFICE, AS","3",",a","2",",a","0",",a","19210827",",,a","4.3",",,a,27,","10.4",",,,a"
"ASN00041049","1921-09","-27.2","151.5167","396.0","IRVINGDALE POST OFFICE, AS","5",",a","2",",a","1",",a","19210914",",,a","27.4",",,a,14,","38.1",",,,a"
"ASN00041049","1921-10","-27.2","151.5167","396.0","IRVINGDALE POST OFFICE, AS","7",",a","7",",a","0",",a","19211018",",,a","12.7",",,a,18,","52.1",",,,a"
"ASN00041049","1921-11","-27.2","151.5167","396.0","IRVINGDALE POST OFFICE, AS","3",",a","1",",a","0",",a","19211118",",,a","7.6",",,a,18,","9.9",",,,a"
"ASN00041049","1921-12","-27.2","151.5167","396.0","IRVINGDALE POST OFFICE, AS","9",",a","8",",a","3",",a","19211229",",,a","43.2",",,a,29,","160.0",",,,a"
"ASN00041049","1922-01","-27.2","151.5167","396.0","IRVINGDALE POST OFFICE, AS","8",",a","8",",a","0",",a","19220109",",,a","19.1",",,a,09,","87.6",",,,a"
"ASN00041049","1922-02","-27.2","151.5167","396.0","IRVINGDALE POST OFFICE, AS","3",",a","3",",a","1",",a","19220228",",,a","38.1",",,a,28,","47.0",",,,a"
"ASN00041049","1922-03","-27.2","151.5167","396.0","IRVINGDALE POST OFFICE, AS","1",",a","1",",a","0",",a","19220311",",,a","6.6",",,a,11,","6.6",",,,a"
"ASN00041049","1922-04","-27.2","151.5167","396.0","IRVINGDALE POST OFFICE, AS","0",",a","0",",a","0",",a","19220430","+,,a","0.0",",,a,30,+","0.0",",,,a"
"ASN00041049","1922-05","-27.2","151.5167","396.0","IRVINGDALE POST OFFICE, AS","2",",a","1",",a","0",",a","19220506",",,a","5.6",",,a,06,","6.6",",,,a"
"ASN00041049","1922-06","-27.2","151.5167","396.0","IRVINGDALE POST OFFICE, AS","5",",a","4",",a","0",",a","19220629",",,a","19.3",",,a,29,","35.3",",,,a"
"ASN00041049","1922-07","-27.2","151.5167","396.0","IRVINGDALE POST OFFICE, AS","5",",a","5",",a","1",",a","19220708",",,a","31.8",",,a,08,","68.4",",,,a"
"ASN00041049","1922-08","-27.2","151.5167","396.0","IRVINGDALE POST OFFICE, AS","1",",a","1",",a","0",",a","19220827",",,a","6.1",",,a,27,","6.1",",,,a"
"ASN00041049","1922-09","-27.2","151.5167","396.0","IRVINGDALE POST OFFICE, AS","6",",a","4",",a","0",",a","19220913",",,a","20.3",",,a,13,","42.9",",,,a"
"ASN00041049","1922-10","-27.2","151.5167","396.0","IRVINGDALE POST OFFICE, AS","4",",a","3",",a","1",",a","19221026",",,a","31.8",",,a,26,","50.5",",,,a"
"ASN00041049","1922-11","-27.2","151.5167","396.0","IRVINGDALE POST OFFICE, AS","4",",a","4",",a","0",",a","19221124",",,a","16.0",",,a,24,","39.9",",,,a"
"ASN00041049","1922-12","-27.2","151.5167","396.0","IRVINGDALE POST OFFICE, AS","10",",a","9",",a","1",",a","19221215",",,a","45.2",",,a,15,","92.3",",,,a"
"ASN00041049","1923-01","-27.2","151.5167","396.0","IRVINGDALE POST OFFICE, AS","5",",a","4",",a","1",",a","19230126",",,a","42.4",",,a,26,","73.2",",,,a"
"ASN00041049","1923-02","-27.2","151.5167","396.0","IRVINGDALE POST OFFICE, AS","1",",a","1",",a","0",",a","19230202",",,a","5.1",",,a,02,","5.1",",,,a"
"ASN00041049","1923-03","-27.2","151.5167","396.0","IRVINGDALE POST OFFICE, AS","5",",a","5",",a","0",",a","19230306",",,a","11.4",",,a,06,","37.0",",,,a"
"ASN00041049","1923-04","-27.2","151.5167","396.0","IRVINGDALE POST OFFICE, AS","2",",a","2",",a","0",",a","19230411",",,a","3.8",",,a,11,","6.8",",,,a"
"ASN00041049","1923-05","-27.2","151.5167","396.0","IRVINGDALE POST OFFICE, AS","2",",a","1",",a","0",",a","19230529",",,a","2.5",",,a,29,","4.8",",,,a"
"ASN00041049","1923-06","-27.2","151.5167","396.0","IRVINGDALE POST OFFICE, AS","5",",a","3",",a","1",",a","19230604",",,a","56.9",",,a,04,","73.1",",,,a"
"ASN00041049","1923-07","-27.2","151.5167","396.0","IRVINGDALE POST OFFICE, AS","4",",a","1",",a","0",",a","19230730",",,a","6.6",",,a,30,","11.0",",,,a"
"ASN00041049","1923-08","-27.2","151.5167","396.0","IRVINGDALE POST OFFICE, AS","3",",a","1",",a","0",",a","19230801",",,a","6.9",",,a,01,","8.2",",,,a"
"ASN00041049","1923-10","-27.2","151.5167","396.0","IRVINGDALE POST OFFICE, AS","4",",a","4",",a","1",",a","19231017",",,a","50.8",",,a,17,","85.5",",,,a"
"ASN00041049","1923-12","-27.2","151.5167","396.0","IRVINGDALE POST OFFICE, AS","12",",a","9",",a","4",",a","19231227",",,a","36.3",",,a,27,","185.3",",,,a"
"ASN00041049","1924-01","-27.2","151.5167","396.0","IRVINGDALE POST OFFICE, AS","7",",a","5",",a","1",",a","19240107",",,a","38.1",",,a,07,","95.3",",,,a"
"ASN00041049","1924-02","-27.2","151.5167","396.0","IRVINGDALE POST OFFICE, AS","9",",a","6",",a","0",",a","19240207",",,a","19.6",",,a,07,","73.4",",,,a"
"ASN00041049","1924-03","-27.2","151.5167","396.0","IRVINGDALE POST OFFICE, AS","3",",a","3",",a","2",",a","19240307",",,a","32.5",",,a,07,","78.2",",,,a"
"ASN00041049","1924-04","-27.2","151.5167","396.0","IRVINGDALE POST OFFICE, AS","3",",a","2",",a","0",",a","19240403",",,a","21.6",",,a,03,","32.0",",,,a"
"ASN00041049","1924-05","-27.2","151.5167","396.0","IRVINGDALE POST OFFICE, AS","0",",a","0",",a","0",",a","19240531","+,,a","0.0",",,a,31,+","0.0",",,,a"
"ASN00041049","1924-06","-27.2","151.5167","396.0","IRVINGDALE POST OFFICE, AS","5",",a","3",",a","0",",a","19240612",",,a","7.6",",,a,12,","16.7",",,,a"
"ASN00041049","1924-07","-27.2","151.5167","396.0","IRVINGDALE POST OFFICE, AS","8",",a","6",",a","0",",a","19240708",",,a","17.8",",,a,08,","54.6",",,,a"
"ASN00041049","1924-08","-27.2","151.5167","396.0","IRVINGDALE POST OFFICE, AS","7",",a","5",",a","0",",a","19240805",",,a","14.2",",,a,05,","29.9",",,,a"
"ASN00041049","1924-09","-27.2","151.5167","396.0","IRVINGDALE POST OFFICE, AS","7",",a","6",",a","1",",a","19240928",",,a","46.5",",,a,28,","100.4",",,,a"
"ASN00041049","1924-10","-27.2","151.5167","396.0","IRVINGDALE POST OFFICE, AS","8",",a","7",",a","2",",a","19241021",",,a","30.7",",,a,21,","95.2",",,,a"
"ASN00041049","1924-11","-27.2","151.5167","396.0","IRVINGDALE POST OFFICE, AS","8",",a","6",",a","2",",a","19241106",",,a","36.8",",,a,06,","91.4",",,,a"
"ASN00041049","1924-12","-27.2","151.5167","396.0","IRVINGDALE POST OFFICE, AS","2",",a","2",",a","0",",a","19241226",",,a","16.0",",,a,26,","26.7",",,,a"
"ASN00041049","1925-01","-27.2","151.5167","396.0","IRVINGDALE POST OFFICE, AS","11",",a","10",",a","1",",a","19250107",",,a","30.5",",,a,07,","134.9",",,,a"
"ASN00041049","1925-02","-27.2","151.5167","396.0","IRVINGDALE POST OFFICE, AS","4",",a","4",",a","1",",a","19250211",",,a","29.2",",,a,11,","50.8",",,,a"
"ASN00041049","1925-03","-27.2","151.5167","396.0","IRVINGDALE POST OFFICE, AS","9",",a","6",",a","0",",a","19250305","+,,a","18.3",",,a,05,+","72.9",",,,a"
"ASN00041049","1925-04","-27.2","151.5167","396.0","IRVINGDALE POST OFFICE, AS","1",",a","0",",a","0",",a","19250422",",,a","0.8",",,a,22,","0.8",",,,a"
"ASN00041049","1925-05","-27.2","151.5167","396.0","IRVINGDALE POST OFFICE, AS","2",",a","2",",a","1",",a","19250525",",,a","41.9",",,a,25,","44.9",",,,a"
"ASN00041049","1925-06","-27.2","151.5167","396.0","IRVINGDALE POST OFFICE, AS","5",",a","3",",a","0",",a","19250621",",,a","9.1",",,a,21,","27.4",",,,a"
"ASN00041049","1925-07","-27.2","151.5167","396.0","IRVINGDALE POST OFFICE, AS","4",",a","3",",a","0",",a","19250711",",,a","14.7",",,a,11,","24.8",",,,a"
"ASN00041049","1925-08","-27.2","151.5167","396.0","IRVINGDALE POST OFFICE, AS","5",",a","4",",a","2",",a","19250828",",,a","33.0",",,a,28,","73.1",",,,a"
"ASN00041049","1925-09","-27.2","151.5167","396.0","IRVINGDALE POST OFFICE, AS","2",",a","2",",a","0",",a","19250916","+,,a","5.3",",,a,16,+","10.6",",,,a"
"ASN00041049","1925-10","-27.2","151.5167","396.0","IRVINGDALE POST OFFICE, AS","2",",a","2",",a","0",",a","19251006",",,a","5.1",",,a,06,","7.6",",,,a"
"ASN00041049","1925-11","-27.2","151.5167","396.0","IRVINGDALE POST OFFICE, AS","8",",a","7",",a","3",",a","19251130",",,a","38.4",",,a,30,","132.9",",,,a"
"ASN00041049","1925-12","-27.2","151.5167","396.0","IRVINGDALE POST OFFICE, AS","10",",a","7",",a","1",",a","19251230",",,a","44.5",",,a,30,","108.9",",,,a"
"ASN00041049","1926-01","-27.2","151.5167","396.0","IRVINGDALE POST OFFICE, AS","12",",a","8",",a","1",",a","19260102",",,a","29.2",",,a,02,","93.8",",,,a"
"ASN00041049","1926-02","-27.2","151.5167","396.0","IRVINGDALE POST OFFICE, AS","1",",a","1",",a","0",",a","19260223",",,a","4.1",",,a,23,","4.1",",,,a"
"ASN00041049","1926-03","-27.2","151.5167","396.0","IRVINGDALE POST OFFICE, AS","3",",a","3",",a","1",",a","19260316",",,a","40.6",",,a,16,","48.7",",,,a"
"ASN00041049","1926-04","-27.2","151.5167","396.0","IRVINGDALE POST OFFICE, AS","1",",a","1",",a","0",",a","19260425",",,a","3.8",",,a,25,","3.8",",,,a"
"ASN00041049","1926-05","-27.2","151.5167","396.0","IRVINGDALE POST OFFICE, AS","7",",a","4",",a","0",",a","19260531",",,a","16.5",",,a,31,","40.8",",,,a"
"ASN00041049","1926-06","-27.2","151.5167","396.0","IRVINGDALE POST OFFICE, AS","7",",a","4",",a","0",",a","19260624",",,a","21.6",",,a,24,","53.5",",,,a"
"ASN00041049","1926-07","-27.2","151.5167","396.0","IRVINGDALE POST OFFICE, AS","3",",a","3",",a","0",",a","19260707",",,a","9.1",",,a,07,","14.9",",,,a"
"ASN00041049","1926-08","-27.2","151.5167","396.0","IRVINGDALE POST OFFICE, AS","3",",a","2",",a","0",",a","19260827",",,a","5.1",",,a,27,","10.7",",,,a"
"ASN00041049","1926-09","-27.2","151.5167","396.0","IRVINGDALE POST OFFICE, AS","3",",a","2",",a","1",",a","19260926",",,a","25.7",",,a,26,","34.4",",,,a"
"ASN00041049","1926-10","-27.2","151.5167","396.0","IRVINGDALE POST OFFICE, AS","4",",a","4",",a","0",",a","19261025",",,a","21.6",",,a,25,","42.4",",,,a"
"ASN00041049","1926-11","-27.2","151.5167","396.0","IRVINGDALE POST OFFICE, AS","3",",a","2",",a","0",",a","19261116",",,a","16.5",",,a,16,","21.9",",,,a"
"ASN00041049","1926-12","-27.2","151.5167","396.0","IRVINGDALE POST OFFICE, AS","14",",a","13",",a","2",",a","19261228",",,a","58.4",",,a,28,","223.0",",,,a"
"ASN00041049","1927-01","-27.2","151.5167","396.0","IRVINGDALE POST OFFICE, AS","9",",a","9",",a","2",",a","19270128",",,a","53.3",",,a,28,","187.2",",,,a"
"ASN00041049","1927-02","-27.2","151.5167","396.0","IRVINGDALE POST OFFICE, AS","4",",a","4",",a","1",",a","19270201",",,a","66.0",",,a,01,","85.5",",,,a"
"ASN00041049","1927-03","-27.2","151.5167","396.0","IRVINGDALE POST OFFICE, AS","3",",a","3",",a","1",",a","19270322",",,a","33.0",",,a,22,","70.8",",,,a"
"ASN00041049","1927-05","-27.2","151.5167","396.0","IRVINGDALE POST OFFICE, AS","0",",a","0",",a","0",",a","19270531","+,,a","0.0",",,a,31,+","0.0",",,,a"
"ASN00041049","1927-06","-27.2","151.5167","396.0","IRVINGDALE POST OFFICE, AS","6",",a","4",",a","3",",a","19270604",",,a","37.3",",,a,04,","96.0",",,,a"
"ASN00041049","1927-07","-27.2","151.5167","396.0","IRVINGDALE POST OFFICE, AS","3",",a","1",",a","0",",a","19270722",",,a","4.6",",,a,22,","5.6",",,,a"
"ASN00041049","1927-08","-27.2","151.5167","396.0","IRVINGDALE POST OFFICE, AS","2",",a","2",",a","0",",a","19270826",",,a","18.8",",,a,26,","23.1",",,,a"
"ASN00041049","1927-09","-27.2","151.5167","396.0","IRVINGDALE POST OFFICE, AS","4",",a","2",",a","0",",a","19270927",",,a","10.7",",,a,27,","15.5",",,,a"
"ASN00041049","1927-10","-27.2","151.5167","396.0","IRVINGDALE POST OFFICE, AS","8",",a","8",",a","0",",a","19271001",",,a","20.3",",,a,01,","69.6",",,,a"
"ASN00041049","1927-11","-27.2","151.5167","396.0","IRVINGDALE POST OFFICE, AS","6",",a","5",",a","1",",a","19271128",",,a","25.9",",,a,28,","75.7",",,,a"
"ASN00041049","1927-12","-27.2","151.5167","396.0","IRVINGDALE POST OFFICE, AS","15",",a","7",",a","1",",a","19271203",",,a","30.5",",,a,03,","71.8",",,,a"
"ASN00041049","1928-01","-27.2","151.5167","396.0","IRVINGDALE POST OFFICE, AS","4",",a","1",",a","0",",a","19280107",",,a","8.1",",,a,07,","13.5",",,,a"
"ASN00041049","1928-02","-27.2","151.5167","396.0","IRVINGDALE POST OFFICE, AS","12",",a","10",",a","3",",a","19280205",",,a","69.9",",,a,05,","248.6",",,,a"
"ASN00041049","1928-03","-27.2","151.5167","396.0","IRVINGDALE POST OFFICE, AS","4",",a","3",",a","0",",a","19280328",",,a","5.1",",,a,28,","14.0",",,,a"
"ASN00041049","1928-04","-27.2","151.5167","396.0","IRVINGDALE POST OFFICE, AS","8",",a","6",",a","2",",a","19280419",",,a","62.2",",,a,19,","159.3",",,,a"
"ASN00041049","1928-05","-27.2","151.5167","396.0","IRVINGDALE POST OFFICE, AS","5",",a","3",",a","0",",a","19280512",",,a","7.6",",,a,12,","22.2",",,,a"
"ASN00041049","1928-06","-27.2","151.5167","396.0","IRVINGDALE POST OFFICE, AS","9",",a","4",",a","0",",a","19280613",",,a","20.6",",,a,13,","56.7",",,,a"
"ASN00041049","1928-07","-27.2","151.5167","396.0","IRVINGDALE POST OFFICE, AS","4",",a","2",",a","0",",a","19280716",",,a","23.6",",,a,16,","29.5",",,,a"
"ASN00041049","1928-08","-27.2","151.5167","396.0","IRVINGDALE POST OFFICE, AS","1",",a","0",",a","0",",a","19280811",",,a","2.0",",,a,11,","2.0",",,,a"
"ASN00041049","1928-09","-27.2","151.5167","396.0","IRVINGDALE POST OFFICE, AS","2",",a","1",",a","0",",a","19280901",",,a","5.3",",,a,01,","5.8",",,,a"
"ASN00041049","1928-10","-27.2","151.5167","396.0","IRVINGDALE POST OFFICE, AS","5",",a","5",",a","0",",a","19281014",",,a","11.4",",,a,14,","24.0",",,,a"
"ASN00041049","1928-11","-27.2","151.5167","396.0","IRVINGDALE POST OFFICE, AS","7",",a","5",",a","0",",a","19281119",",,a","24.9",",,a,19,","63.0",",,,a"
"ASN00041049","1928-12","-27.2","151.5167","396.0","IRVINGDALE POST OFFICE, AS","7",",a","7",",a","0",",a","19281207",",,a","22.9",",,a,07,","63.4",",,,a"
"ASN00041049","1929-01","-27.2","151.5167","396.0","IRVINGDALE POST OFFICE, AS","4",",a","3",",a","3",",a","19290119",",,a","43.4",",,a,19,","97.0",",,,a"
"ASN00041049","1929-02","-27.2","151.5167","396.0","IRVINGDALE POST OFFICE, AS","11",",a","8",",a","1",",a","19290211",",,a","63.5",",,a,11,","137.8",",,,a"
"ASN00041049","1929-03","-27.2","151.5167","396.0","IRVINGDALE POST OFFICE, AS","5",",a","5",",a","1",",a","19290327",",,a","69.9",",,a,27,","104.0",",,,a"
"ASN00041049","1929-04","-27.2","151.5167","396.0","IRVINGDALE POST OFFICE, AS","2",",a","1",",a","0",",a","19290402",",,a","10.7",",,a,02,","12.0",",,,a"
"ASN00041049","1929-05","-27.2","151.5167","396.0","IRVINGDALE POST OFFICE, AS","1",",a","1",",a","0",",a","19290530",",,a","4.3",",,a,30,","4.3",",,,a"
"ASN00041049","1929-06","-27.2","151.5167","396.0","IRVINGDALE POST OFFICE, AS","4",",a","4",",a","1",",a","19290628",",,a","28.7",",,a,28,","43.7",",,,a"
"ASN00041049","1929-07","-27.2","151.5167","396.0","IRVINGDALE POST OFFICE, AS","2",",a","2",",a","0",",a","19290728",",,a","10.4",",,a,28,","16.0",",,,a"
"ASN00041049","1929-08","-27.2","151.5167","396.0","IRVINGDALE POST OFFICE, AS","4",",a","2",",a","0",",a","19290811",",,a","6.9",",,a,11,","16.3",",,,a"
"ASN00041049","1929-09","-27.2","151.5167","396.0","IRVINGDALE POST OFFICE, AS","2",",a","0",",a","0",",a","19290905",",,a","2.0",",,a,05,","3.5",",,,a"
"ASN00041049","1929-10","-27.2","151.5167","396.0","IRVINGDALE POST OFFICE, AS","8",",a","7",",a","1",",a","19291010",",,a","31.0",",,a,10,","70.7",",,,a"
"ASN00041049","1929-11","-27.2","151.5167","396.0","IRVINGDALE POST OFFICE, AS","5",",a","4",",a","1",",a","19291118",",,a","33.0",",,a,18,","50.5",",,,a"
"ASN00041049","1929-12","-27.2","151.5167","396.0","IRVINGDALE POST OFFICE, AS","7",",a","6",",a","2",",a","19291202",",,a","34.3",",,a,02,","130.6",",,,a"
"ASN00041049","1930-01","-27.2","151.5167","396.0","IRVINGDALE POST OFFICE, AS","12",",a","9",",a","1",",a","19300125",",,a","25.7",",,a,25,","103.9",",,,a"
"ASN00041049","1930-02","-27.2","151.5167","396.0","IRVINGDALE POST OFFICE, AS","4",",a","3",",a","1",",a","19300216",",,a","37.3",",,a,16,","47.7",",,,a"
"ASN00041049","1930-03","-27.2","151.5167","396.0","IRVINGDALE POST OFFICE, AS","4",",a","4",",a","2",",a","19300316",",,a","43.2",",,a,16,","97.8",",,,a"
"ASN00041049","1930-04","-27.2","151.5167","396.0","IRVINGDALE POST OFFICE, AS","5",",a","3",",a","0",",a","19300428",",,a","19.6",",,a,28,","41.5",",,,a"
"ASN00041049","1930-05","-27.2","151.5167","396.0","IRVINGDALE POST OFFICE, AS","2",",a","2",",a","2",",a","19300509",",,a","62.2",",,a,09,","104.4",",,,a"
"ASN00041049","1930-06","-27.2","151.5167","396.0","IRVINGDALE POST OFFICE, AS","10",",a","4",",a","0",",a","19300615",",,a","6.9",",,a,15,","25.6",",,,a"
"ASN00041049","1930-07","-27.2","151.5167","396.0","IRVINGDALE POST OFFICE, AS","8",",a","4",",a","1",",a","19300727",",,a","27.9",",,a,27,","65.8",",,,a"
"ASN00041049","1930-08","-27.2","151.5167","396.0","IRVINGDALE POST OFFICE, AS","5",",a","2",",a","0",",a","19300820",",,a","11.4",",,a,20,","23.9",",,,a"
"ASN00041049","1930-09","-27.2","151.5167","396.0","IRVINGDALE POST OFFICE, AS","4",",a","3",",a","0",",a","19300918",",,a","21.8",",,a,18,","44.7",",,,a"
"ASN00041049","1930-10","-27.2","151.5167","396.0","IRVINGDALE POST OFFICE, AS","4",",a","3",",a","1",",a","19301001",",,a","26.4",",,a,01,","55.6",",,,a"
"ASN00041049","1930-11","-27.2","151.5167","396.0","IRVINGDALE POST OFFICE, AS","6",",a","3",",a","1",",a","19301125",",,a","31.5",",,a,25,","48.8",",,,a"
"ASN00041049","1930-12","-27.2","151.5167","396.0","IRVINGDALE POST OFFICE, AS","6",",a","2",",a","0",",a","19301218",",,a","17.3",",,a,18,","25.9",",,,a"
"ASN00041049","1931-01","-27.2","151.5167","396.0","IRVINGDALE POST OFFICE, AS","8",",a","2",",a","0",",a","19310110",",,a","11.7",",,a,10,","21.1",",,,a"
"ASN00041049","1931-02","-27.2","151.5167","396.0","IRVINGDALE POST OFFICE, AS","5",",a","5",",a","2",",a","19310205",",,a","93.7",",,a,05,","165.5",",,,a"
"ASN00041049","1931-03","-27.2","151.5167","396.0","IRVINGDALE POST OFFICE, AS","6",",a","3",",a","0",",a","19310305",",,a","21.8",",,a,05,","62.7",",,,a"
"ASN00041049","1931-04","-27.2","151.5167","396.0","IRVINGDALE POST OFFICE, AS","7",",a","4",",a","2",",a","19310402",",,a","35.8",",,a,02,","77.8",",,,a"
"ASN00041049","1931-05","-27.2","151.5167","396.0","IRVINGDALE POST OFFICE, AS","7",",a","4",",a","0",",a","19310514",",,a","23.4",",,a,14,","41.6",",,,a"
"ASN00041049","1931-06","-27.2","151.5167","396.0","IRVINGDALE POST OFFICE, AS","4",",a","2",",a","1",",a","19310625",",,a","27.9",",,a,25,","36.0",",,,a"
"ASN00041049","1931-07","-27.2","151.5167","396.0","IRVINGDALE POST OFFICE, AS","5",",a","4",",a","0",",a","19310705",",,a","11.4",",,a,05,","33.3",",,,a"
"ASN00041049","1931-08","-27.2","151.5167","396.0","IRVINGDALE POST OFFICE, AS","3",",a","1",",a","0",",a","19310815",",,a","7.1",",,a,15,","9.1",",,,a"
"ASN00041049","1931-09","-27.2","151.5167","396.0","IRVINGDALE POST OFFICE, AS","7",",a","6",",a","0",",a","19310927",",,a","8.1",",,a,27,","35.7",",,,a"
"ASN00041049","1931-10","-27.2","151.5167","396.0","IRVINGDALE POST OFFICE, AS","4",",a","3",",a","1",",a","19311003",",,a","44.7",",,a,03,","52.3",",,,a"
"ASN00041049","1931-11","-27.2","151.5167","396.0","IRVINGDALE POST OFFICE, AS","12",",a","9",",a","1",",a","19311109",",,a","29.0",",,a,09,","136.7",",,,a"
"ASN00041049","1931-12","-27.2","151.5167","396.0","IRVINGDALE POST OFFICE, AS","10",",a","7",",a","1",",a","19311209",",,a","38.1",",,a,09,","90.4",",,,a"
"ASN00041049","1932-01","-27.2","151.5167","396.0","IRVINGDALE POST OFFICE, AS","5",",a","2",",a","0",",a","19320113",",,a","10.2",",,a,13,","18.9",",,,a"
"ASN00041049","1932-02","-27.2","151.5167","396.0","IRVINGDALE POST OFFICE, AS","3",",a","3",",a","1",",a","19320213",",,a","43.2",",,a,13,","49.3",",,,a"
"ASN00041049","1932-03","-27.2","151.5167","396.0","IRVINGDALE POST OFFICE, AS","2",",a","1",",a","0",",a","19320318",",,a","2.5",",,a,18,","3.5",",,,a"
"ASN00041049","1932-04","-27.2","151.5167","396.0","IRVINGDALE POST OFFICE, AS","10",",a","6",",a","2",",a","19320407",",,a","31.5",",,a,07,","117.1",",,,a"
"ASN00041049","1932-05","-27.2","151.5167","396.0","IRVINGDALE POST OFFICE, AS","4",",a","3",",a","0",",a","19320508",",,a","4.3",",,a,08,","12.6",",,,a"
"ASN00041049","1932-06","-27.2","151.5167","396.0","IRVINGDALE POST OFFICE, AS","4",",a","2",",a","0",",a","19320622",",,a","23.4",",,a,22,","31.3",",,,a"
"ASN00041049","1932-07","-27.2","151.5167","396.0","IRVINGDALE POST OFFICE, AS","2",",a","2",",a","0",",a","19320706",",,a","20.3",",,a,06,","29.2",",,,a"
"ASN00041049","1932-08","-27.2","151.5167","396.0","IRVINGDALE POST OFFICE, AS","1",",a","1",",a","0",",a","19320806",",,a","7.9",",,a,06,","7.9",",,,a"
"ASN00041049","1932-09","-27.2","151.5167","396.0","IRVINGDALE POST OFFICE, AS","5",",a","3",",a","0",",a","19320922",",,a","22.6",",,a,22,","41.9",",,,a"
"ASN00041049","1932-10","-27.2","151.5167","396.0","IRVINGDALE POST OFFICE, AS","13",",a","7",",a","1",",a","19321017",",,a","31.5",",,a,17,","96.8",",,,a"
"ASN00041049","1932-11","-27.2","151.5167","396.0","IRVINGDALE POST OFFICE, AS","8",",a","7",",a","3",",a","19321124",",,a","54.1",",,a,24,","165.0",",,,a"
"ASN00041049","1932-12","-27.2","151.5167","396.0","IRVINGDALE POST OFFICE, AS","7",",a","4",",a","2",",a","19321204",",,a","46.2",",,a,04,","104.4",",,,a"
"ASN00041049","1933-01","-27.2","151.5167","396.0","IRVINGDALE POST OFFICE, AS","12",",a","8",",a","1",",a","19330115",",,a","31.0",",,a,15,","126.0",",,,a"
"ASN00041049","1933-02","-27.2","151.5167","396.0","IRVINGDALE POST OFFICE, AS","5",",a","5",",a","0",",a","19330217",",,a","23.6",",,a,17,","53.6",",,,a"
"ASN00041049","1933-03","-27.2","151.5167","396.0","IRVINGDALE POST OFFICE, AS","0",",a","0",",a","0",",a","19330331","+,,a","0.0",",,a,31,+","0.0",",,,a"
"ASN00041049","1933-04","-27.2","151.5167","396.0","IRVINGDALE POST OFFICE, AS","4",",a","4",",a","1",",a","19330403",",,a","40.9",",,a,03,","65.6",",,,a"
"ASN00041049","1933-05","-27.2","151.5167","396.0","IRVINGDALE POST OFFICE, AS","3",",a","2",",a","0",",a","19330515",",,a","10.7",",,a,15,","18.3",",,,a"
"ASN00041049","1933-06","-27.2","151.5167","396.0","IRVINGDALE POST OFFICE, AS","7",",a","4",",a","0",",a","19330612",",,a","19.1",",,a,12,","34.8",",,,a"
"ASN00041049","1933-07","-27.2","151.5167","396.0","IRVINGDALE POST OFFICE, AS","6",",a","4",",a","1",",a","19330724",",,a","30.5",",,a,24,","75.0",",,,a"
"ASN00041049","1933-08","-27.2","151.5167","396.0","IRVINGDALE POST OFFICE, AS","5",",a","3",",a","0",",a","19330821",",,a","20.8",",,a,21,","31.0",",,,a"
"ASN00041049","1933-09","-27.2","151.5167","396.0","IRVINGDALE POST OFFICE, AS","7",",a","6",",a","1",",a","19330928",",,a","45.5",",,a,28,","99.1",",,,a"
"ASN00041049","1933-10","-27.2","151.5167","396.0","IRVINGDALE POST OFFICE, AS","8",",a","7",",a","0",",a","19331001",",,a","17.3",",,a,01,","89.7",",,,a"
"ASN00041049","1933-11","-27.2","151.5167","396.0","IRVINGDALE POST OFFICE, AS","10",",a","8",",a","4",",a","19331115",",,a","62.5",",,a,15,","238.7",",,,a"
"ASN00041049","1933-12","-27.2","151.5167","396.0","IRVINGDALE POST OFFICE, AS","8",",a","4",",a","1",",a","19331206",",,a","30.0",",,a,06,","78.1",",,,a"
"ASN00041049","1934-01","-27.2","151.5167","396.0","IRVINGDALE POST OFFICE, AS","5",",a","5",",a","2",",a","19340107",",,a","38.1",",,a,07,","110.4",",,,a"
"ASN00041049","1934-02","-27.2","151.5167","396.0","IRVINGDALE POST OFFICE, AS","7",",a","6",",a","2",",a","19340201",",,a","73.7",",,a,01,","136.1",",,,a"
"ASN00041049","1934-03","-27.2","151.5167","396.0","IRVINGDALE POST OFFICE, AS","0",",a","0",",a","0",",a","19340331","+,,a","0.0",",,a,31,+","0.0",",,,a"
"ASN00041049","1934-04","-27.2","151.5167","396.0","IRVINGDALE POST OFFICE, AS","4",",a","3",",a","1",",a","19340421",",,a","38.1",",,a,21,","60.5",",,,a"
"ASN00041049","1934-05","-27.2","151.5167","396.0","IRVINGDALE POST OFFICE, AS","6",",a","5",",a","1",",a","19340505",",,a","35.6",",,a,05,","74.5",",,,a"
"ASN00041049","1934-06","-27.2","151.5167","396.0","IRVINGDALE POST OFFICE, AS","5",",a","5",",a","0",",a","19340614",",,a","16.0",",,a,14,","36.3",",,,a"
"ASN00041049","1934-07","-27.2","151.5167","396.0","IRVINGDALE POST OFFICE, AS","7",",a","4",",a","1",",a","19340728",",,a","26.4",",,a,28,","80.8",",,,a"
"ASN00041049","1934-08","-27.2","151.5167","396.0","IRVINGDALE POST OFFICE, AS","4",",a","3",",a","0",",a","19340810",",,a","16.8",",,a,10,","33.6",",,,a"
"ASN00041049","1934-09","-27.2","151.5167","396.0","IRVINGDALE POST OFFICE, AS","2",",a","2",",a","0",",a","19340901",",,a","7.6",",,a,01,","12.7",",,,a"
"ASN00041049","1934-10","-27.2","151.5167","396.0","IRVINGDALE POST OFFICE, AS","9",",a","8",",a","0",",a","19341016",",,a","11.4",",,a,16,","52.1",",,,a"
"ASN00041049","1934-11","-27.2","151.5167","396.0","IRVINGDALE POST OFFICE, AS","9",",a","9",",a","1",",a","19341122",",,a","29.0",",,a,22,","131.2",",,,a"
"ASN00041049","1934-12","-27.2","151.5167","396.0","IRVINGDALE POST OFFICE, AS","10",",a","10",",a","5",",a","19341226",",,a","38.1",",,a,26,","217.6",",,,a"
"ASN00041049","1935-01","-27.2","151.5167","396.0","IRVINGDALE POST OFFICE, AS","8",",a","8",",a","5",",a","19350130",",,a","132.1",",,a,30,","294.0",",,,a"
"ASN00041049","1935-02","-27.2","151.5167","396.0","IRVINGDALE POST OFFICE, AS","4",",a","1",",a","1",",a","19350220",",,a","26.2",",,a,20,","30.3",",,,a"
"ASN00041049","1935-03","-27.2","151.5167","396.0","IRVINGDALE POST OFFICE, AS","1",",a","1",",a","0",",a","19350306",",,a","3.0",",,a,06,","3.0",",,,a"
"ASN00041049","1935-04","-27.2","151.5167","396.0","IRVINGDALE POST OFFICE, AS","3",",a","2",",a","1",",a","19350419",",,a","66.0",",,a,19,","75.1",",,,a"
"ASN00041049","1935-05","-27.2","151.5167","396.0","IRVINGDALE POST OFFICE, AS","4",",a","4",",a","0",",a","19350512",",,a","21.6",",,a,12,","54.7",",,,a"
"ASN00041049","1935-06","-27.2","151.5167","396.0","IRVINGDALE POST OFFICE, AS","1",",a","1",",a","1",",a","19350630",",,a","28.2",",,a,30,","28.2",",,,a"
"ASN00041049","1935-07","-27.2","151.5167","396.0","IRVINGDALE POST OFFICE, AS","2",",a","1",",a","0",",a","19350721",",,a","18.3",",,a,21,","19.1",",,,a"
"ASN00041049","1935-08","-27.2","151.5167","396.0","IRVINGDALE POST OFFICE, AS","2",",a","1",",a","0",",a","19350810",",,a","15.2",",,a,10,","15.7",",,,a"
"ASN00041049","1935-09","-27.2","151.5167","396.0","IRVINGDALE POST OFFICE, AS","6",",a","6",",a","1",",a","19350911",",,a","43.2",",,a,11,","97.8",",,,a"
"ASN00041049","1935-10","-27.2","151.5167","396.0","IRVINGDALE POST OFFICE, AS","4",",a","4",",a","1",",a","19351018",",,a","29.2",",,a,18,","50.3",",,,a"
"ASN00041049","1935-11","-27.2","151.5167","396.0","IRVINGDALE POST OFFICE, AS","1",",a","1",",a","0",",a","19351104",",,a","3.8",",,a,04,","3.8",",,,a"
"ASN00041049","1935-12","-27.2","151.5167","396.0","IRVINGDALE POST OFFICE, AS","6",",a","6",",a","3",",a","19351208",",,a","41.4",",,a,08,","134.6",",,,a"
"ASN00041049","1936-01","-27.2","151.5167","396.0","IRVINGDALE POST OFFICE, AS","8",",a","7",",a","0",",a","19360111","+,,a","24.1",",,a,11,+","97.8",",,,a"
"ASN00041049","1936-02","-27.2","151.5167","396.0","IRVINGDALE POST OFFICE, AS","3",",a","2",",a","0",",a","19360229",",,a","13.7",",,a,29,","19.3",",,,a"
"ASN00041049","1936-03","-27.2","151.5167","396.0","IRVINGDALE POST OFFICE, AS","2",",a","2",",a","1",",a","19360303",",,a","54.9",",,a,03,","76.5",",,,a"
"ASN00041049","1936-04","-27.2","151.5167","396.0","IRVINGDALE POST OFFICE, AS","0",",a","0",",a","0",",a","19360430","+,,a","0.0",",,a,30,+","0.0",",,,a"
"ASN00041049","1936-05","-27.2","151.5167","396.0","IRVINGDALE POST OFFICE, AS","2",",a","0",",a","0",",a","19360514",",,a","1.8",",,a,14,","2.3",",,,a"
"ASN00041049","1936-06","-27.2","151.5167","396.0","IRVINGDALE POST OFFICE, AS","6",",a","5",",a","0",",a","19360611",",,a","13.2",",,a,11,","36.0",",,,a"
"ASN00041049","1936-07","-27.2","151.5167","396.0","IRVINGDALE POST OFFICE, AS","6",",a","4",",a","1",",a","19360704",",,a","33.0",",,a,04,","61.5",",,,a"
"ASN00041049","1936-08","-27.2","151.5167","396.0","IRVINGDALE POST OFFICE, AS","1",",a","1",",a","0",",a","19360804",",,a","10.2",",,a,04,","10.2",",,,a"
"ASN00041049","1936-09","-27.2","151.5167","396.0","IRVINGDALE POST OFFICE, AS","3",",a","3",",a","1",",a","19360916",",,a","34.8",",,a,16,","65.5",",,,a"
"ASN00041049","1936-10","-27.2","151.5167","396.0","IRVINGDALE POST OFFICE, AS","2",",a","2",",a","0",",a","19361005",",,a","6.9",",,a,05,","12.0",",,,a"
"ASN00041049","1936-11","-27.2","151.5167","396.0","IRVINGDALE POST OFFICE, AS","5",",a","3",",a","0",",a","19361111",",,a","18.5",",,a,11,","38.3",",,,a"
"ASN00041049","1936-12","-27.2","151.5167","396.0","IRVINGDALE POST OFFICE, AS","7",",a","5",",a","2",",a","19361224",",,a","43.2",",,a,24,","106.0",",,,a"
"ASN00041049","1937-01","-27.2","151.5167","396.0","IRVINGDALE POST OFFICE, AS","4",",a","3",",a","0",",a","19370112",",,a","22.9",",,a,12,","40.7",",,,a"
"ASN00041049","1937-02","-27.2","151.5167","396.0","IRVINGDALE POST OFFICE, AS","3",",a","3",",a","0",",a","19370211",",,a","13.0",",,a,11,","18.5",",,,a"
"ASN00041049","1937-03","-27.2","151.5167","396.0","IRVINGDALE POST OFFICE, AS","6",",a","6",",a","4",",a","19370314",",,a","63.5",",,a,14,","181.9",",,,a"
"ASN00041049","1937-04","-27.2","151.5167","396.0","IRVINGDALE POST OFFICE, AS","3",",a","2",",a","0",",a","19370428",",,a","17.0",",,a,28,","22.1",",,,a"
"ASN00041049","1937-05","-27.2","151.5167","396.0","IRVINGDALE POST OFFICE, AS","2",",a","2",",a","0",",a","19370511",",,a","4.1",",,a,11,","7.9",",,,a"
"ASN00041049","1937-06","-27.2","151.5167","396.0","IRVINGDALE POST OFFICE, AS","7",",a","5",",a","0",",a","19370628","+,,a","5.1",",,a,28,+","23.2",",,,a"
"ASN00041049","1937-07","-27.2","151.5167","396.0","IRVINGDALE POST OFFICE, AS","3",",a","2",",a","1",",a","19370723",",,a","25.9",",,a,23,","32.0",",,,a"
"ASN00041049","1937-08","-27.2","151.5167","396.0","IRVINGDALE POST OFFICE, AS","5",",a","4",",a","0",",a","19370826",",,a","14.7",",,a,26,","39.5",",,,a"
"ASN00041049","1937-09","-27.2","151.5167","396.0","IRVINGDALE POST OFFICE, AS","1",",a","1",",a","0",",a","19370902",",,a","17.8",",,a,02,","17.8",",,,a"
"ASN00041049","1937-10","-27.2","151.5167","396.0","IRVINGDALE POST OFFICE, AS","7",",a","6",",a","2",",a","19371008",",,a","44.7",",,a,08,","115.1",",,,a"
"ASN00041049","1937-11","-27.2","151.5167","396.0","IRVINGDALE POST OFFICE, AS","10",",a","8",",a","2",",a","19371121",",,a","52.6",",,a,21,","151.4",",,,a"
"ASN00041049","1937-12","-27.2","151.5167","396.0","IRVINGDALE POST OFFICE, AS","4",",a","3",",a","1",",a","19371229",",,a","63.5",",,a,29,","80.6",",,,a"
"ASN00041049","1938-01","-27.2","151.5167","396.0","IRVINGDALE POST OFFICE, AS","6",",a","5",",a","1",",a","19380130",",,a","31.8",",,a,30,","81.5",",,,a"
"ASN00041049","1938-02","-27.2","151.5167","396.0","IRVINGDALE POST OFFICE, AS","0",",a","0",",a","0",",a","19380228","+,,a","0.0",",,a,28,+","0.0",",,,a"
"ASN00041049","1938-03","-27.2","151.5167","396.0","IRVINGDALE POST OFFICE, AS","0",",a","0",",a","0",",a","19380331","+,,a","0.0",",,a,31,+","0.0",",,,a"
"ASN00041049","1938-04","-27.2","151.5167","396.0","IRVINGDALE POST OFFICE, AS","0",",a","0",",a","0",",a","19380430","+,,a","0.0",",,a,30,+","0.0",",,,a"
"ASN00041049","1938-05","-27.2","151.5167","396.0","IRVINGDALE POST OFFICE, AS","5",",a","4",",a","0",",a","19380525",",,a","17.8",",,a,25,","41.9",",,,a"
"ASN00041049","1938-06","-27.2","151.5167","396.0","IRVINGDALE POST OFFICE, AS","5",",a","4",",a","0",",a","19380624",",,a","7.6",",,a,24,","26.2",",,,a"
"ASN00041049","1938-07","-27.2","151.5167","396.0","IRVINGDALE POST OFFICE, AS","7",",a","7",",a","0",",a","19380705","+,,a","15.2",",,a,05,+","61.9",",,,a"
"ASN00041049","1938-08","-27.2","151.5167","396.0","IRVINGDALE POST OFFICE, AS","4",",a","4",",a","0",",a","19380822",",,a","16.8",",,a,22,","36.9",",,,a"
"ASN00041049","1938-09","-27.2","151.5167","396.0","IRVINGDALE POST OFFICE, AS","2",",a","2",",a","0",",a","19380923",",,a","6.1",",,a,23,","9.7",",,,a"
"ASN00041049","1938-10","-27.2","151.5167","396.0","IRVINGDALE POST OFFICE, AS","0",",a","0",",a","0",",a","19381031","+,,a","0.0",",,a,31,+","0.0",",,,a"
"ASN00041049","1938-11","-27.2","151.5167","396.0","IRVINGDALE POST OFFICE, AS","7",",a","7",",a","2",",a","19381106",",,a","46.5",",,a,06,","122.7",",,,a"
"ASN00041049","1938-12","-27.2","151.5167","396.0","IRVINGDALE POST OFFICE, AS","1",",a","0",",a","0",",a","19381221",",,a","2.0",",,a,21,","2.0",",,,a"
"ASN00041049","1939-09","-27.2","151.5167","396.0","IRVINGDALE POST OFFICE, AS","0",",a","0",",a","0",",a","19390930","+,,a","0.0",",,a,30,+","0.0",",,,a"
"ASN00041049","1941-07","-27.2","151.5167","396.0","IRVINGDALE POST OFFICE, AS","2",",a","1",",a","0",",a","19410711",",,a","21.8",",,a,11,","22.8",",,,a"
"ASN00041049","1941-08","-27.2","151.5167","396.0","IRVINGDALE POST OFFICE, AS","1",",a","1",",a","0",",a","19410823",",,a","2.5",",,a,23,","2.5",",,,a"
"ASN00041049","1941-09","-27.2","151.5167","396.0","IRVINGDALE POST OFFICE, AS","1",",a","1",",a","0",",a","19410909",",,a","5.1",",,a,09,","5.1",",,,a"
"ASN00041049","1941-10","-27.2","151.5167","396.0","IRVINGDALE POST OFFICE, AS","4",",a","3",",a","0",",a","19411026",",,a","18.3",",,a,26,","33.6",",,,a"
"ASN00041049","1941-11","-27.2","151.5167","396.0","IRVINGDALE POST OFFICE, AS","8",",a","8",",a","0",",a","19411115","+,,a","10.9",",,a,15,+","65.0",",,,a"
"ASN00041049","1941-12","-27.2","151.5167","396.0","IRVINGDALE POST OFFICE, AS","1",",a","1",",a","0",",a","19411229",",,a","20.3",",,a,29,","20.3",",,,a"
"ASN00041049","1942-01","-27.2","151.5167","396.0","IRVINGDALE POST OFFICE, AS","7",",a","6",",a","1",",a","19420129",",,a","27.9",",,a,29,","85.8",",,,a"
"ASN00041049","1942-02","-27.2","151.5167","396.0","IRVINGDALE POST OFFICE, AS","4",",a","4",",a","3",",a","19420209",",,a","111.3",",,a,09,","197.0",",,,a"
"ASN00041049","1942-03","-27.2","151.5167","396.0","IRVINGDALE POST OFFICE, AS","3",",a","3",",a","1",",a","19420312",",,a","33.0",",,a,12,","40.7",",,,a"
"ASN00041049","1942-04","-27.2","151.5167","396.0","IRVINGDALE POST OFFICE, AS","3",",a","2",",a","1",",a","19420403",",,a","49.8",",,a,03,","54.6",",,,a"
"ASN00041049","1942-05","-27.2","151.5167","396.0","IRVINGDALE POST OFFICE, AS","2",",a","2",",a","1",",a","19420527",",,a","26.7",",,a,27,","37.4",",,,a"
"ASN00041049","1942-06","-27.2","151.5167","396.0","IRVINGDALE POST OFFICE, AS","3",",a","3",",a","0",",a","19420622",",,a","5.6",",,a,22,","12.7",",,,a"
"ASN00041049","1942-07","-27.2","151.5167","396.0","IRVINGDALE POST OFFICE, AS","7",",a","6",",a","0",",a","19420711",",,a","22.1",",,a,11,","50.3",",,,a"
"ASN00041049","1942-08","-27.2","151.5167","396.0","IRVINGDALE POST OFFICE, AS","2",",a","2",",a","0",",a","19420824",",,a","22.6",",,a,24,","26.9",",,,a"
"ASN00041049","1942-09","-27.2","151.5167","396.0","IRVINGDALE POST OFFICE, AS","2",",a","2",",a","1",",a","19420913",",,a","31.0",",,a,13,","33.8",",,,a"
"ASN00041049","1942-10","-27.2","151.5167","396.0","IRVINGDALE POST OFFICE, AS","7",",a","6",",a","1",",a","19421011",",,a","42.4",",,a,11,","85.4",",,,a"
"ASN00041049","1942-11","-27.2","151.5167","396.0","IRVINGDALE POST OFFICE, AS","7",",a","4",",a","1",",a","19421123",",,a","25.4",",,a,23,","75.4",",,,a"
"ASN00041049","1942-12","-27.2","151.5167","396.0","IRVINGDALE POST OFFICE, AS","10",",a","8",",a","3",",a","19421229",",,a","72.4",",,a,29,","189.5",",,,a"
"ASN00041049","1943-01","-27.2","151.5167","396.0","IRVINGDALE POST OFFICE, AS","6",",a","4",",a","0",",a","19430123",",,a","20.1",",,a,23,","42.7",",,,a"
"ASN00041049","1943-02","-27.2","151.5167","396.0","IRVINGDALE POST OFFICE, AS","2",",a","2",",a","0",",a","19430220",",,a","19.1",",,a,20,","35.9",",,,a"
"ASN00041049","1943-03","-27.2","151.5167","396.0","IRVINGDALE POST OFFICE, AS","4",",a","4",",a","1",",a","19430331",",,a","32.0",",,a,31,","61.4",",,,a"
"ASN00041049","1943-04","-27.2","151.5167","396.0","IRVINGDALE POST OFFICE, AS","3",",a","3",",a","1",",a","19430413",",,a","26.7",",,a,13,","37.9",",,,a"
"ASN00041049","1943-05","-27.2","151.5167","396.0","IRVINGDALE POST OFFICE, AS","4",",a","3",",a","0",",a","19430514",",,a","16.3",",,a,14,","27.3",",,,a"
"ASN00041049","1943-06","-27.2","151.5167","396.0","IRVINGDALE POST OFFICE, AS","1",",a","1",",a","0",",a","19430601",",,a","24.1",",,a,01,","24.1",",,,a"
"ASN00041049","1943-07","-27.2","151.5167","396.0","IRVINGDALE POST OFFICE, AS","4",",a","1",",a","0",",a","19430720",",,a","2.5",",,a,20,","8.1",",,,a"
"ASN00041049","1943-08","-27.2","151.5167","396.0","IRVINGDALE POST OFFICE, AS","6",",a","5",",a","1",",a","19430831",",,a","30.2",",,a,31,","82.8",",,,a"
"ASN00041049","1943-09","-27.2","151.5167","396.0","IRVINGDALE POST OFFICE, AS","4",",a","4",",a","0",",a","19430928",",,a","22.6",",,a,28,","44.7",",,,a"
"ASN00041049","1943-10","-27.2","151.5167","396.0","IRVINGDALE POST OFFICE, AS","8",",a","7",",a","1",",a","19431017",",,a","39.4",",,a,17,","106.6",",,,a"
"ASN00041049","1943-11","-27.2","151.5167","396.0","IRVINGDALE POST OFFICE, AS","7",",a","7",",a","2",",a","19431104",",,a","31.2",",,a,04,","103.5",",,,a"
"ASN00041049","1943-12","-27.2","151.5167","396.0","IRVINGDALE POST OFFICE, AS","10",",a","10",",a","3",",a","19431218",",,a","43.7",",,a,18,","202.4",",,,a"
"ASN00041049","1944-01","-27.2","151.5167","396.0","IRVINGDALE POST OFFICE, AS","4",",a","4",",a","1",",a","19440126",",,a","57.4",",,a,26,","99.5",",,,a"
"ASN00041049","1944-02","-27.2","151.5167","396.0","IRVINGDALE POST OFFICE, AS","7",",a","6",",a","2",",a","19440229",",,a","50.8",",,a,29,","116.7",",,,a"
"ASN00041049","1944-03","-27.2","151.5167","396.0","IRVINGDALE POST OFFICE, AS","1",",a","1",",a","0",",a","19440326",",,a","3.3",",,a,26,","3.3",",,,a"
"ASN00041049","1944-04","-27.2","151.5167","396.0","IRVINGDALE POST OFFICE, AS","1",",a","1",",a","0",",a","19440409",",,a","17.8",",,a,09,","17.8",",,,a"
"ASN00041049","1944-05","-27.2","151.5167","396.0","IRVINGDALE POST OFFICE, AS","2",",a","2",",a","0",",a","19440523",",,a","19.6",",,a,23,","28.5",",,,a"
"ASN00041049","1944-06","-27.2","151.5167","396.0","IRVINGDALE POST OFFICE, AS","3",",a","3",",a","0",",a","19440611",",,a","17.8",",,a,11,","23.9",",,,a"
"ASN00041049","1944-07","-27.2","151.5167","396.0","IRVINGDALE POST OFFICE, AS","5",",a","5",",a","1",",a","19440710",",,a","33.5",",,a,10,","65.5",",,,a"
"ASN00041049","1944-08","-27.2","151.5167","396.0","IRVINGDALE POST OFFICE, AS","4",",a","4",",a","0",",a","19440823",",,a","22.6",",,a,23,","48.0",",,,a"
"ASN00041049","1944-09","-27.2","151.5167","396.0","IRVINGDALE POST OFFICE, AS","3",",a","2",",a","0",",a","19440916",",,a","24.4",",,a,16,","41.7",",,,a"
"ASN00041049","1944-10","-27.2","151.5167","396.0","IRVINGDALE POST OFFICE, AS","1",",a","1",",a","0",",a","19441027",",,a","14.0",",,a,27,","14.0",",,,a"
"ASN00041049","1944-11","-27.2","151.5167","396.0","IRVINGDALE POST OFFICE, AS","4",",a","3",",a","1",",a","19441125",",,a","27.4",",,a,25,","41.7",",,,a"
"ASN00041049","1944-12","-27.2","151.5167","396.0","IRVINGDALE POST OFFICE, AS","6",",a","5",",a","1",",a","19441221",",,a","28.4",",,a,21,","72.6",",,,a"
"ASN00041049","1945-01","-27.2","151.5167","396.0","IRVINGDALE POST OFFICE, AS","5",",a","4",",a","0",",a","19450114",",,a","22.6",",,a,14,","51.5",",,,a"
"ASN00041049","1945-02","-27.2","151.5167","396.0","IRVINGDALE POST OFFICE, AS","12",",a","10",",a","0",",a","19450221",",,a","16.5",",,a,21,","88.9",",,,a"
"ASN00041049","1945-03","-27.2","151.5167","396.0","IRVINGDALE POST OFFICE, AS","3",",a","3",",a","0",",a","19450308",",,a","6.4",",,a,08,","13.0",",,,a"
"ASN00041049","1945-04","-27.2","151.5167","396.0","IRVINGDALE POST OFFICE, AS","3",",a","2",",a","1",",a","19450426",",,a","35.6",",,a,26,","53.1",",,,a"
"ASN00041049","1945-05","-27.2","151.5167","396.0","IRVINGDALE POST OFFICE, AS","5",",a","3",",a","0",",a","19450519",",,a","21.8",",,a,19,","37.4",",,,a"
"ASN00041049","1945-06","-27.2","151.5167","396.0","IRVINGDALE POST OFFICE, AS","6",",a","6",",a","1",",a","19450610",",,a","42.9",",,a,10,","93.2",",,,a"
"ASN00041049","1945-07","-27.2","151.5167","396.0","IRVINGDALE POST OFFICE, AS","2",",a","2",",a","1",",a","19450712",",,a","31.0",",,a,12,","34.8",",,,a"
"ASN00041049","1945-08","-27.2","151.5167","396.0","IRVINGDALE POST OFFICE, AS","4",",a","3",",a","0",",a","19450831",",,a","22.6",",,a,31,","43.4",",,,a"
"ASN00041049","1945-09","-27.2","151.5167","396.0","IRVINGDALE POST OFFICE, AS","3",",a","3",",a","0",",a","19450922",",,a","11.4",",,a,22,","25.4",",,,a"
"ASN00041049","1945-10","-27.2","151.5167","396.0","IRVINGDALE POST OFFICE, AS","5",",a","2",",a","0",",a","19451015",",,a","7.1",",,a,15,","12.2",",,,a"
"ASN00041049","1945-11","-27.2","151.5167","396.0","IRVINGDALE POST OFFICE, AS","6",",a","5",",a","2",",a","19451119",",,a","51.8",",,a,19,","110.4",",,,a"
"ASN00041049","1945-12","-27.2","151.5167","396.0","IRVINGDALE POST OFFICE, AS","4",",a","4",",a","1",",a","19451204",",,a","35.6",",,a,04,","68.4",",,,a"
"ASN00041049","1946-01","-27.2","151.5167","396.0","IRVINGDALE POST OFFICE, AS","8",",a","7",",a","1",",a","19460122",",,a","67.1",",,a,22,","144.8",",,,a"
"ASN00041049","1946-02","-27.2","151.5167","396.0","IRVINGDALE POST OFFICE, AS","7",",a","5",",a","1",",a","19460220",",,a","55.6",",,a,20,","114.6",",,,a"
"ASN00041049","1946-03","-27.2","151.5167","396.0","IRVINGDALE POST OFFICE, AS","2",",a","2",",a","0",",a","19460308",",,a","20.8",",,a,08,","39.9",",,,a"
"ASN00041049","1946-04","-27.2","151.5167","396.0","IRVINGDALE POST OFFICE, AS","5",",a","1",",a","0",",a","19460404",",,a","17.3",",,a,04,","22.7",",,,a"
"ASN00041049","1946-05","-27.2","151.5167","396.0","IRVINGDALE POST OFFICE, AS","1",",a","0",",a","0",",a","19460519",",,a","1.3",",,a,19,","1.3",",,,a"
"ASN00041049","1946-06","-27.2","151.5167","396.0","IRVINGDALE POST OFFICE, AS","1",",a","0",",a","0",",a","19460629",",,a","0.5",",,a,29,","0.5",",,,a"
"ASN00041049","1946-07","-27.2","151.5167","396.0","IRVINGDALE POST OFFICE, AS","3",",a","1",",a","0",",a","19460725",",,a","8.1",",,a,25,","9.9",",,,a"
"ASN00041049","1946-08","-27.2","151.5167","396.0","IRVINGDALE POST OFFICE, AS","1",",a","1",",a","0",",a","19460828",",,a","6.9",",,a,28,","6.9",",,,a"
"ASN00041049","1946-09","-27.2","151.5167","396.0","IRVINGDALE POST OFFICE, AS","4",",a","3",",a","0",",a","19460920",",,a","22.9",",,a,20,","40.4",",,,a"
"ASN00041049","1946-10","-27.2","151.5167","396.0","IRVINGDALE POST OFFICE, AS","3",",a","1",",a","0",",a","19461006",",,a","7.6",",,a,06,","9.6",",,,a"
"ASN00041049","1946-11","-27.2","151.5167","396.0","IRVINGDALE POST OFFICE, AS","3",",a","3",",a","0",",a","19461117",",,a","22.9",",,a,17,","38.2",",,,a"
"ASN00041049","1946-12","-27.2","151.5167","396.0","IRVINGDALE POST OFFICE, AS","5",",a","4",",a","0",",a","19461207",",,a","9.9",",,a,07,","26.2",",,,a"
"ASN00041049","1947-01","-27.2","151.5167","396.0","IRVINGDALE POST OFFICE, AS","7",",a","7",",a","2",",a","19470124",",,a","86.1",",,a,24,","184.8",",,,a"
"ASN00041049","1947-02","-27.2","151.5167","396.0","IRVINGDALE POST OFFICE, AS","8",",a","6",",a","0",",a","19470211",",,a","20.8",",,a,11,","47.7",",,,a"
"ASN00041049","1947-03","-27.2","151.5167","396.0","IRVINGDALE POST OFFICE, AS","6",",a","6",",a","2",",a","19470302",",,a","51.1",",,a,02,","135.6",",,,a"
"ASN00041049","1947-04","-27.2","151.5167","396.0","IRVINGDALE POST OFFICE, AS","1",",a","1",",a","0",",a","19470410",",,a","3.3",",,a,10,","3.3",",,,a"
"ASN00041049","1947-05","-27.2","151.5167","396.0","IRVINGDALE POST OFFICE, AS","4",",a","2",",a","1",",a","19470525",",,a","31.8",",,a,25,","40.0",",,,a"
"ASN00041049","1947-06","-27.2","151.5167","396.0","IRVINGDALE POST OFFICE, AS","1",",a","1",",a","1",",a","19470604",",,a","27.7",",,a,04,","27.7",",,,a"
"ASN00041049","1947-07","-27.2","151.5167","396.0","IRVINGDALE POST OFFICE, AS","1",",a","0",",a","0",",a","19470722",",,a","1.5",",,a,22,","1.5",",,,a"
"ASN00041049","1947-08","-27.2","151.5167","396.0","IRVINGDALE POST OFFICE, AS","2",",a","2",",a","0",",a","19470817",",,a","11.9",",,a,17,","17.0",",,,a"
"ASN00041049","1947-09","-27.2","151.5167","396.0","IRVINGDALE POST OFFICE, AS","7",",a","7",",a","1",",a","19470906",",,a","28.7",",,a,06,","81.9",",,,a"
"ASN00041049","1947-10","-27.2","151.5167","396.0","IRVINGDALE POST OFFICE, AS","6",",a","6",",a","0",",a","19471002",",,a","21.1",",,a,02,","70.3",",,,a"
"ASN00041049","1947-11","-27.2","151.5167","396.0","IRVINGDALE POST OFFICE, AS","10",",a","6",",a","3",",a","19471128",",,a","110.5",",,a,28,","231.9",",,,a"
"ASN00041049","1947-12","-27.2","151.5167","396.0","IRVINGDALE POST OFFICE, AS","6",",a","6",",a","5",",a","19471203",",,a","56.6",",,a,03,","227.1",",,,a"
"ASN00041049","1948-01","-27.2","151.5167","396.0","IRVINGDALE POST OFFICE, AS","2",",a","1",",a","0",",a","19480102",",,a","19.1",",,a,02,","20.1",",,,a"
"ASN00041049","1948-02","-27.2","151.5167","396.0","IRVINGDALE POST OFFICE, AS","5",",a","3",",a","0",",a","19480227",",,a","19.1",",,a,27,","31.8",",,,a"
"ASN00041049","1948-03","-27.2","151.5167","396.0","IRVINGDALE POST OFFICE, AS","2",",a","2",",a","0",",a","19480314",",,a","13.7",",,a,14,","26.7",",,,a"
"ASN00041049","1948-04","-27.2","151.5167","396.0","IRVINGDALE POST OFFICE, AS","2",",a","2",",a","0",",a","19480430",",,a","24.9",",,a,30,","37.6",",,,a"
"ASN00041049","1948-05","-27.2","151.5167","396.0","IRVINGDALE POST OFFICE, AS","2",",a","2",",a","0",",a","19480501",",,a","22.9",",,a,01,","29.3",",,,a"
"ASN00041049","1948-06","-27.2","151.5167","396.0","IRVINGDALE POST OFFICE, AS","6",",a","6",",a","3",",a","19480615",",,a","34.8",",,a,15,","130.8",",,,a"
"ASN00041049","1948-07","-27.2","151.5167","396.0","IRVINGDALE POST OFFICE, AS","4",",a","4",",a","0",",a","19480712",",,a","15.5",",,a,12,","42.4",",,,a"
"ASN00041049","1948-08","-27.2","151.5167","396.0","IRVINGDALE POST OFFICE, AS","1",",a","1",",a","0",",a","19480821",",,a","8.6",",,a,21,","8.6",",,,a"
"ASN00041049","1948-09","-27.2","151.5167","396.0","IRVINGDALE POST OFFICE, AS","2",",a","2",",a","1",",a","19480915",",,a","31.2",",,a,15,","47.5",",,,a"
"ASN00041049","1948-10","-27.2","151.5167","396.0","IRVINGDALE POST OFFICE, AS","1",",a","0",",a","0",",a","19481029",",,a","1.5",",,a,29,","1.5",",,,a"
"ASN00041049","1948-11","-27.2","151.5167","396.0","IRVINGDALE POST OFFICE, AS","3",",a","2",",a","1",",a","19481107",",,a","50.8",",,a,07,","55.1",",,,a"
"ASN00041049","1955-10","-27.2","151.5167","396.0","IRVINGDALE POST OFFICE, AS","5",",a","3",",a","3",",a","19551008",",,a","41.1",",,a,08,","102.6",",,,a"
"ASN00041049","1955-11","-27.2","151.5167","396.0","IRVINGDALE POST OFFICE, AS","3",",a","0",",a","0",",a","19551117",",,a","1.5",",,a,17,","3.6",",,,a"
"ASN00041049","1955-12","-27.2","151.5167","396.0","IRVINGDALE POST OFFICE, AS","11",",a","9",",a","1",",a","19551213",",,a","29.0",",,a,13,","113.8",",,,a"
"ASN00041049","1956-01","-27.2","151.5167","396.0","IRVINGDALE POST OFFICE, AS","6",",a","6",",a","3",",a","19560122",",,a","155.7",",,a,22,","297.2",",,,a"
"ASN00041049","1956-02","-27.2","151.5167","396.0","IRVINGDALE POST OFFICE, AS","15",",a","11",",a","3",",a","19560217",",,a","74.2",",,a,17,","246.5",",,,a"
"ASN00041049","1956-03","-27.2","151.5167","396.0","IRVINGDALE POST OFFICE, AS","12",",a","6",",a","0",",a","19560311",",,a","12.7",",,a,11,","46.6",",,,a"
"ASN00041049","1956-04","-27.2","151.5167","396.0","IRVINGDALE POST OFFICE, AS","6",",a","3",",a","1",",a","19560426",",,a","29.0",",,a,26,","41.7",",,,a"
"ASN00041049","1956-05","-27.2","151.5167","396.0","IRVINGDALE POST OFFICE, AS","9",",a","7",",a","1",",a","19560524",",,a","37.3",",,a,24,","118.8",",,,a"
"ASN00041049","1956-06","-27.2","151.5167","396.0","IRVINGDALE POST OFFICE, AS","7",",a","4",",a","1",",a","19560624",",,a","28.7",",,a,24,","61.5",",,,a"
"ASN00041049","1956-07","-27.2","151.5167","396.0","IRVINGDALE POST OFFICE, AS","4",",a","3",",a","0",",a","19560709",",,a","16.0",",,a,09,","29.2",",,,a"
"ASN00041049","1956-08","-27.2","151.5167","396.0","IRVINGDALE POST OFFICE, AS","3",",a","1",",a","0",",a","19560811",",,a","5.3",",,a,11,","6.6",",,,a"
"ASN00041049","1956-09","-27.2","151.5167","396.0","IRVINGDALE POST OFFICE, AS","5",",a","2",",a","0",",a","19560917",",,a","5.6",",,a,17,","10.0",",,,a"
"ASN00041049","1956-10","-27.2","151.5167","396.0","IRVINGDALE POST OFFICE, AS","7",",a","5",",a","0",",a","19561012",",,a","15.0",",,a,12,","44.8",",,,a"
"ASN00041049","1956-11","-27.2","151.5167","396.0","IRVINGDALE POST OFFICE, AS","9",",a","6",",a","0",",a","19561103",",,a","10.9",",,a,03,","38.0",",,,a"
"ASN00041049","1956-12","-27.2","151.5167","396.0","IRVINGDALE POST OFFICE, AS","8",",a","7",",a","3",",a","19561222",",,a","87.4",",,a,22,","224.5",",,,a"
"ASN00041049","1957-01","-27.2","151.5167","396.0","IRVINGDALE POST OFFICE, AS","5",",a","3",",a","2",",a","19570123",",,a","48.3",",,a,23,","113.6",",,,a"
"ASN00041049","1957-02","-27.2","151.5167","396.0","IRVINGDALE POST OFFICE, AS","3",",a","2",",a","1",",a","19570226",",,a","31.2",",,a,26,","43.9",",,,a"
"ASN00041049","1957-03","-27.2","151.5167","396.0","IRVINGDALE POST OFFICE, AS","5",",a","4",",a","2",",a","19570305",",,a","31.8",",,a,05,","92.8",",,,a"
"ASN00041049","1957-04","-27.2","151.5167","396.0","IRVINGDALE POST OFFICE, AS","2",",a","1",",a","0",",a","19570420",",,a","15.7",",,a,20,","17.2",",,,a"
"ASN00041049","1957-05","-27.2","151.5167","396.0","IRVINGDALE POST OFFICE, AS","0",",a","0",",a","0",",a","19570531","+,,a","0.0",",,a,31,+","0.0",",,,a"
"ASN00041049","1957-06","-27.2","151.5167","396.0","IRVINGDALE POST OFFICE, AS","3",",a","3",",a","1",",a","19570621",",,a","38.4",",,a,21,","45.0",",,,a"
"ASN00041049","1957-07","-27.2","151.5167","396.0","IRVINGDALE POST OFFICE, AS","6",",a","6",",a","1",",a","19570702",",,a","38.9",",,a,02,","79.0",",,,a"
"ASN00041049","1957-08","-27.2","151.5167","396.0","IRVINGDALE POST OFFICE, AS","2",",a","2",",a","0",",a","19570817",",,a","8.9",",,a,17,","15.0",",,,a"
"ASN00041049","1957-09","-27.2","151.5167","396.0","IRVINGDALE POST OFFICE, AS","0",",a","0",",a","0",",a","19570930","+,,a","0.0",",,a,30,+","0.0",",,,a"
"ASN00041049","1957-10","-27.2","151.5167","396.0","IRVINGDALE POST OFFICE, AS","3",",a","3",",a","1",",a","19571030",",,a","27.9",",,a,30,","61.7",",,,a"
"ASN00041049","1957-11","-27.2","151.5167","396.0","IRVINGDALE POST OFFICE, AS","4",",a","4",",a","0",",a","19571118",",,a","15.5",",,a,18,","33.6",",,,a"
"ASN00041049","1957-12","-27.2","151.5167","396.0","IRVINGDALE POST OFFICE, AS","2",",a","2",",a","0",",a","19571230",",,a","24.9",",,a,30,","27.7",",,,a"
"ASN00041049","1958-01","-27.2","151.5167","396.0","IRVINGDALE POST OFFICE, AS","5",",a","5",",a","0",",a","19580120",",,a","19.6",",,a,20,","44.5",",,,a"
"ASN00041049","1958-02","-27.2","151.5167","396.0","IRVINGDALE POST OFFICE, AS","5",",a","5",",a","1",",a","19580221",",,a","101.6",",,a,21,","143.0",",,,a"
"ASN00041049","1958-03","-27.2","151.5167","396.0","IRVINGDALE POST OFFICE, AS","4",",a","4",",a","2",",a","19580306",",,a","118.4",",,a,06,","164.9",",,,a"
"ASN00041049","1958-04","-27.2","151.5167","396.0","IRVINGDALE POST OFFICE, AS","4",",a","4",",a","1",",a","19580404",",,a","29.2",",,a,04,","60.2",",,,a"
"ASN00041049","1958-05","-27.2","151.5167","396.0","IRVINGDALE POST OFFICE, AS","0",",a","0",",a","0",",a","19580531","+,,a","0.0",",,a,31,+","0.0",",,,a"
"ASN00041049","1958-06","-27.2","151.5167","396.0","IRVINGDALE POST OFFICE, AS","11",",a","8",",a","4",",a","19580610",",,a","61.0",",,a,10,","203.0",",,,a"
"ASN00041049","1958-07","-27.2","151.5167","396.0","IRVINGDALE POST OFFICE, AS","1",",a","1",",a","0",",a","19580715",",,a","12.7",",,a,15,","12.7",",,,a"
"ASN00041049","1958-08","-27.2","151.5167","396.0","IRVINGDALE POST OFFICE, AS","4",",a","4",",a","1",",a","19580804",",,a","27.9",",,a,04,","67.5",",,,a"
"ASN00041049","1958-09","-27.2","151.5167","396.0","IRVINGDALE POST OFFICE, AS","2",",a","2",",a","0",",a","19580927",",,a","17.8",",,a,27,","23.4",",,,a"
"ASN00041049","1958-10","-27.2","151.5167","396.0","IRVINGDALE POST OFFICE, AS","4",",a","3",",a","2",",a","19581007",",,a","43.2",",,a,07,","94.2",",,,a"
"ASN00041049","1958-11","-27.2","151.5167","396.0","IRVINGDALE POST OFFICE, AS","2",",a","2",",a","0",",a","19581106",",,a","5.8",",,a,06,","8.3",",,,a"
"ASN00041049","1958-12","-27.2","151.5167","396.0","IRVINGDALE POST OFFICE, AS","7",",a","6",",a","0",",a","19581217",",,a","24.1",",,a,17,","87.6",",,,a"
"ASN00041049","1959-01","-27.2","151.5167","396.0","IRVINGDALE POST OFFICE, AS","7",",a","7",",a","0",",a","19590103",",,a","22.9",",,a,03,","98.1",",,,a"
"ASN00041049","1959-02","-27.2","151.5167","396.0","IRVINGDALE POST OFFICE, AS","3",",a","3",",a","2",",a","19590217",",,a","48.3",",,a,17,","81.8",",,,a"
"ASN00041049","1959-03","-27.2","151.5167","396.0","IRVINGDALE POST OFFICE, AS","1",",a","1",",a","0",",a","19590328",",,a","10.2",",,a,28,","10.2",",,,a"
"ASN00041049","1959-04","-27.2","151.5167","396.0","IRVINGDALE POST OFFICE, AS","1",",a","1",",a","0",",a","19590418",",,a","6.4",",,a,18,","6.4",",,,a"
"ASN00041049","1959-05","-27.2","151.5167","396.0","IRVINGDALE POST OFFICE, AS","5",",a","5",",a","0",",a","19590521",",,a","11.2",",,a,21,","39.7",",,,a"
"ASN00041049","1959-06","-27.2","151.5167","396.0","IRVINGDALE POST OFFICE, AS","1",",a","1",",a","0",",a","19590618",",,a","3.0",",,a,18,","3.0",",,,a"
"ASN00041049","1959-07","-27.2","151.5167","396.0","IRVINGDALE POST OFFICE, AS","6",",a","5",",a","1",",a","19590715",",,a","33.0",",,a,15,","67.3",",,,a"
"ASN00041049","1959-08","-27.2","151.5167","396.0","IRVINGDALE POST OFFICE, AS","0",",a","0",",a","0",",a","19590831","+,,a","0.0",",,a,31,+","0.0",",,,a"
"ASN00041049","1959-09","-27.2","151.5167","396.0","IRVINGDALE POST OFFICE, AS","6",",a","4",",a","0",",a","19590920",",,a","23.4",",,a,20,","49.5",",,,a"
"ASN00041049","1959-10","-27.2","151.5167","396.0","IRVINGDALE POST OFFICE, AS","10",",a","8",",a","3",",a","19591017",",,a","55.1",",,a,17,","175.8",",,,a"
"ASN00041049","1959-11","-27.2","151.5167","396.0","IRVINGDALE POST OFFICE, AS","5",",a","4",",a","1",",a","19591111",",,a","44.5",",,a,11,","80.3",",,,a"
"ASN00041049","1959-12","-27.2","151.5167","396.0","IRVINGDALE POST OFFICE, AS","9",",a","9",",a","2",",a","19591222",",,a","40.6",",,a,22,","161.1",",,,a"
"ASN00041049","1960-01","-27.2","151.5167","396.0","IRVINGDALE POST OFFICE, AS","1",",a","1",",a","1",",a","19600122",",,a","32.5",",,a,22,","32.5",",,,a"
"ASN00041049","1960-02","-27.2","151.5167","396.0","IRVINGDALE POST OFFICE, AS","3",",a","2",",a","2",",a","19600218",",,a","44.5",",,a,18,","81.9",",,,a"
"ASN00041049","1960-03","-27.2","151.5167","396.0","IRVINGDALE POST OFFICE, AS","1",",a","1",",a","1",",a","19600315",",,a","33.8",",,a,15,","33.8",",,,a"
"ASN00041049","1960-04","-27.2","151.5167","396.0","IRVINGDALE POST OFFICE, AS","4",",a","3",",a","0",",a","19600427","+,,a","5.1",",,a,27,+","13.5",",,,a"
"ASN00041049","1960-05","-27.2","151.5167","396.0","IRVINGDALE POST OFFICE, AS","3",",a","2",",a","0",",a","19600513",",,a","12.2",",,a,13,","18.3",",,,a"
"ASN00041049","1960-06","-27.2","151.5167","396.0","IRVINGDALE POST OFFICE, AS","2",",a","2",",a","0",",a","19600622",",,a","16.8",",,a,22,","28.2",",,,a"
"ASN00041049","1960-07","-27.2","151.5167","396.0","IRVINGDALE POST OFFICE, AS","3",",a","3",",a","0",",a","19600704",",,a","11.2",",,a,04,","27.0",",,,a"
"ASN00041049","1960-08","-27.2","151.5167","396.0","IRVINGDALE POST OFFICE, AS","3",",a","3",",a","1",",a","19600802",",,a","25.4",",,a,02,","32.0",",,,a"
"ASN00041049","1960-09","-27.2","151.5167","396.0","IRVINGDALE POST OFFICE, AS","1",",a","1",",a","0",",a","19600924",",,a","9.9",",,a,24,","9.9",",,,a"
"ASN00041049","1960-10","-27.2","151.5167","396.0","IRVINGDALE POST OFFICE, AS","7",",a","5",",a","0",",a","19601022",",,a","16.8",",,a,22,","54.2",",,,a"
"ASN00041049","1960-11","-27.2","151.5167","396.0","IRVINGDALE POST OFFICE, AS","8",",a","6",",a","0",",a","19601119",",,a","22.9",",,a,19,","60.7",",,,a"
"ASN00041049","1960-12","-27.2","151.5167","396.0","IRVINGDALE POST OFFICE, AS","4",",a","4",",a","1",",a","19601207",",,a","36.1",",,a,07,","59.5",",,,a"
"ASN00041049","1961-01","-27.2","151.5167","396.0","IRVINGDALE POST OFFICE, AS","3",",a","3",",a","0",",a","19610117",",,a","18.5",",,a,17,","38.3",",,,a"
"ASN00041049","1961-02","-27.2","151.5167","396.0","IRVINGDALE POST OFFICE, AS","8",",a","7",",a","1",",a","19610219",",,a","43.4",",,a,19,","108.0",",,,a"
"ASN00041049","1961-03","-27.2","151.5167","396.0","IRVINGDALE POST OFFICE, AS","1",",a","1",",a","0",",a","19610301",",,a","10.9",",,a,01,","10.9",",,,a"
"ASN00041049","1961-04","-27.2","151.5167","396.0","IRVINGDALE POST OFFICE, AS","2",",a","2",",a","0",",a","19610403",",,a","10.2",",,a,03,","13.2",",,,a"
"ASN00041049","1961-05","-27.2","151.5167","396.0","IRVINGDALE POST OFFICE, AS","3",",a","2",",a","0",",a","19610529",",,a","23.4",",,a,29,","28.0",",,,a"
"ASN00041049","1961-06","-27.2","151.5167","396.0","IRVINGDALE POST OFFICE, AS","3",",a","2",",a","0",",a","19610603",",,a","11.4",",,a,03,","20.8",",,,a"
"ASN00041049","1961-07","-27.2","151.5167","396.0","IRVINGDALE POST OFFICE, AS","3",",a","3",",a","1",",a","19610726",",,a","25.4",",,a,26,","45.5",",,,a"
"ASN00041049","1961-08","-27.2","151.5167","396.0","IRVINGDALE POST OFFICE, AS","4",",a","2",",a","0",",a","19610810",",,a","10.9",",,a,10,","17.8",",,,a"
"ASN00041049","1961-09","-27.2","151.5167","396.0","IRVINGDALE POST OFFICE, AS","4",",a","3",",a","0",",a","19610915",",,a","10.9",",,a,15,","26.7",",,,a"
"ASN00041049","1961-10","-27.2","151.5167","396.0","IRVINGDALE POST OFFICE, AS","4",",a","4",",a","0",",a","19611007",",,a","14.0",",,a,07,","37.1",",,,a"
"ASN00041049","1961-11","-27.2","151.5167","396.0","IRVINGDALE POST OFFICE, AS","8",",a","7",",a","3",",a","19611128",",,a","69.3",",,a,28,","218.8",",,,a"
"ASN00041049","1961-12","-27.2","151.5167","396.0","IRVINGDALE POST OFFICE, AS","7",",a","7",",a","0",",a","19611211",",,a","22.9",",,a,11,","97.3",",,,a"
"ASN00041049","1962-01","-27.2","151.5167","396.0","IRVINGDALE POST OFFICE, AS","8",",a","8",",a","0",",a","19620112",",,a","22.9",",,a,12,","93.7",",,,a"
"ASN00041049","1962-02","-27.2","151.5167","396.0","IRVINGDALE POST OFFICE, AS","3",",a","3",",a","1",",a","19620213",",,a","35.1",",,a,13,","46.5",",,,a"
"ASN00041049","1962-03","-27.2","151.5167","396.0","IRVINGDALE POST OFFICE, AS","6",",a","6",",a","0",",a","19620307",",,a","24.4",",,a,07,","98.7",",,,a"
"ASN00041049","1962-04","-27.2","151.5167","396.0","IRVINGDALE POST OFFICE, AS","3",",a","3",",a","0",",a","19620406",",,a","16.5",",,a,06,","30.7",",,,a"
"ASN00041049","1962-05","-27.2","151.5167","396.0","IRVINGDALE POST OFFICE, AS","3",",a","3",",a","0",",a","19620528",",,a","9.7",",,a,28,","16.1",",,,a"
"ASN00041049","1962-06","-27.2","151.5167","396.0","IRVINGDALE POST OFFICE, AS","2",",a","2",",a","0",",a","19620605",",,a","19.8",",,a,05,","22.3",",,,a"
"ASN00041049","1962-07","-27.2","151.5167","396.0","IRVINGDALE POST OFFICE, AS","5",",a","4",",a","0",",a","19620726",",,a","17.0",",,a,26,","49.1",",,,a"
"ASN00041049","1962-08","-27.2","151.5167","396.0","IRVINGDALE POST OFFICE, AS","4",",a","4",",a","0",",a","19620812",",,a","17.8",",,a,12,","39.1",",,,a"
"ASN00041049","1962-09","-27.2","151.5167","396.0","IRVINGDALE POST OFFICE, AS","4",",a","4",",a","0",",a","19620912",",,a","15.2",",,a,12,","35.0",",,,a"
"ASN00041049","1962-10","-27.2","151.5167","396.0","IRVINGDALE POST OFFICE, AS","2",",a","2",",a","0",",a","19621019",",,a","15.0",",,a,19,","24.9",",,,a"
"ASN00041049","1962-11","-27.2","151.5167","396.0","IRVINGDALE POST OFFICE, AS","4",",a","4",",a","1",",a","19621123",",,a","63.5",",,a,23,","105.2",",,,a"
"ASN00041049","1962-12","-27.2","151.5167","396.0","IRVINGDALE POST OFFICE, AS","4",",a","4",",a","0",",a","19621231",",,a","19.1",",,a,31,","44.7",",,,a"
"ASN00041049","1963-01","-27.2","151.5167","396.0","IRVINGDALE POST OFFICE, AS","6",",a","6",",a","0",",a","19630120",",,a","20.3",",,a,20,","71.1",",,,a"
"ASN00041049","1963-02","-27.2","151.5167","396.0","IRVINGDALE POST OFFICE, AS","2",",a","2",",a","1",",a","19630203",",,a","88.9",",,a,03,","96.5",",,,a"
"ASN00041049","1963-03","-27.2","151.5167","396.0","IRVINGDALE POST OFFICE, AS","10",",a","9",",a","3",",a","19630320",",,a","29.7",",,a,20,","120.4",",,,a"
"ASN00041049","1963-04","-27.2","151.5167","396.0","IRVINGDALE POST OFFICE, AS","0",",a","0",",a","0",",a","19630430","+,,a","0.0",",,a,30,+","0.0",",,,a"
"ASN00041049","1963-05","-27.2","151.5167","396.0","IRVINGDALE POST OFFICE, AS","1",",a","1",",a","1",",a","19630520",",,a","38.9",",,a,20,","38.9",",,,a"
"ASN00041049","1963-06","-27.2","151.5167","396.0","IRVINGDALE POST OFFICE, AS","2",",a","2",",a","0",",a","19630604",",,a","12.7",",,a,04,","17.3",",,,a"
"ASN00041049","1963-07","-27.2","151.5167","396.0","IRVINGDALE POST OFFICE, AS","1",",a","1",",a","0",",a","19630729",",,a","4.1",",,a,29,","4.1",",,,a"
"ASN00041049","1963-08","-27.2","151.5167","396.0","IRVINGDALE POST OFFICE, AS","3",",a","3",",a","1",",a","19630829",",,a","48.3",",,a,29,","70.4",",,,a"
"ASN00041049","1963-09","-27.2","151.5167","396.0","IRVINGDALE POST OFFICE, AS","1",",a","1",",a","0",",a","19630929",",,a","10.2",",,a,29,","10.2",",,,a"
"ASN00041049","1963-10","-27.2","151.5167","396.0","IRVINGDALE POST OFFICE, AS","2",",a","2",",a","0",",a","19631031",",,a","5.6",",,a,31,","10.2",",,,a"
"ASN00041049","1963-11","-27.2","151.5167","396.0","IRVINGDALE POST OFFICE, AS","4",",a","3",",a","1",",a","19631117",",,a","92.7",",,a,17,","127.5",",,,a"
"ASN00041049","1963-12","-27.2","151.5167","396.0","IRVINGDALE POST OFFICE, AS","5",",a","4",",a","1",",a","19631209",",,a","55.1",",,a,09,","102.9",",,,a"
"ASN00041049","1964-01","-27.2","151.5167","396.0","IRVINGDALE POST OFFICE, AS","2",",a","2",",a","0",",a","19640108",",,a","5.6",",,a,08,","9.2",",,,a"
"ASN00041049","1964-02","-27.2","151.5167","396.0","IRVINGDALE POST OFFICE, AS","4",",a","4",",a","0",",a","19640209",",,a","23.1",",,a,09,","46.8",",,,a"
"ASN00041049","1964-03","-27.2","151.5167","396.0","IRVINGDALE POST OFFICE, AS","8",",a","7",",a","1",",a","19640308",",,a","52.3",",,a,08,","114.9",",,,a"
"ASN00041049","1964-04","-27.2","151.5167","396.0","IRVINGDALE POST OFFICE, AS","4",",a","3",",a","1",",a","19640422",",,a","27.4",",,a,22,","50.5",",,,a"
"ASN00041049","1964-05","-27.2","151.5167","396.0","IRVINGDALE POST OFFICE, AS","3",",a","3",",a","1",",a","19640531",",,a","37.3",",,a,31,","45.4",",,,a"
"ASN00041049","1964-06","-27.2","151.5167","396.0","IRVINGDALE POST OFFICE, AS","5",",a","4",",a","0",",a","19640620",",,a","11.4",",,a,20,","30.0",",,,a"
"ASN00041049","1964-07","-27.2","151.5167","396.0","IRVINGDALE POST OFFICE, AS","1",",a","1",",a","0",",a","19640703",",,a","16.0",",,a,03,","16.0",",,,a"
"ASN00041049","1964-08","-27.2","151.5167","396.0","IRVINGDALE POST OFFICE, AS","1",",a","1",",a","0",",a","19640824",",,a","10.2",",,a,24,","10.2",",,,a"
"ASN00041049","1964-09","-27.2","151.5167","396.0","IRVINGDALE POST OFFICE, AS","4",",a","3",",a","1",",a","19640912",",,a","45.7",",,a,12,","77.5",",,,a"
"ASN00041049","1964-10","-27.2","151.5167","396.0","IRVINGDALE POST OFFICE, AS","4",",a","4",",a","2",",a","19641017",",,a","43.2",",,a,17,","109.2",",,,a"
"ASN00041049","1964-11","-27.2","151.5167","396.0","IRVINGDALE POST OFFICE, AS","2",",a","1",",a","0",",a","19641123",",,a","21.6",",,a,23,","23.6",",,,a"
"ASN00041049","1964-12","-27.2","151.5167","396.0","IRVINGDALE POST OFFICE, AS","2",",a","2",",a","2",",a","19641227",",,a","137.2",",,a,27,","170.2",",,,a"
"ASN00041049","1965-01","-27.2","151.5167","396.0","IRVINGDALE POST OFFICE, AS","3",",a","3",",a","1",",a","19650102",",,a","27.2",",,a,02,","46.0",",,,a"
"ASN00041049","1965-02","-27.2","151.5167","396.0","IRVINGDALE POST OFFICE, AS","2",",a","2",",a","0",",a","19650210",",,a","19.8",",,a,10,","27.9",",,,a"
"ASN00041049","1965-03","-27.2","151.5167","396.0","IRVINGDALE POST OFFICE, AS","2",",a","2",",a","0",",a","19650324",",,a","3.3",",,a,24,","6.3",",,,a"
"ASN00041049","1965-04","-27.2","151.5167","396.0","IRVINGDALE POST OFFICE, AS","2",",a","2",",a","0",",a","19650413",",,a","17.8",",,a,13,","28.0",",,,a"
"ASN00041049","1965-05","-27.2","151.5167","396.0","IRVINGDALE POST OFFICE, AS","1",",a","1",",a","0",",a","19650502",",,a","10.4",",,a,02,","10.4",",,,a"
"ASN00041049","1965-06","-27.2","151.5167","396.0","IRVINGDALE POST OFFICE, AS","6",",a","4",",a","0",",a","19650626",",,a","16.5",",,a,26,","45.2",",,,a"
"ASN00041049","1965-07","-27.2","151.5167","396.0","IRVINGDALE POST OFFICE, AS","3",",a","3",",a","1",",a","19650719",",,a","88.9",",,a,19,","99.8",",,,a"
"ASN00041049","1965-08","-27.2","151.5167","396.0","IRVINGDALE POST OFFICE, AS","5",",a","5",",a","0",",a","19650826",",,a","17.8",",,a,26,","43.5",",,,a"
"ASN00041049","1965-09","-27.2","151.5167","396.0","IRVINGDALE POST OFFICE, AS","3",",a","3",",a","0",",a","19650908",",,a","16.5",",,a,08,","29.2",",,,a"
"ASN00041049","1965-10","-27.2","151.5167","396.0","IRVINGDALE POST OFFICE, AS","5",",a","5",",a","0",",a","19651019","+,,a","10.2",",,a,19,+","37.9",",,,a"
"ASN00041049","1965-11","-27.2","151.5167","396.0","IRVINGDALE POST OFFICE, AS","3",",a","3",",a","0",",a","19651110",",,a","11.4",",,a,10,","23.1",",,,a"
"ASN00041049","1965-12","-27.2","151.5167","396.0","IRVINGDALE POST OFFICE, AS","11",",a","10",",a","4",",a","19651206",",,a","30.5",",,a,06,","175.4",",,,a"
"ASN00041049","1966-01","-27.2","151.5167","396.0","IRVINGDALE POST OFFICE, AS","2",",a","1",",a","1",",a","19660123",",,a","62.0",",,a,23,","63.8",",,,a"
"ASN00041049","1966-02","-27.2","151.5167","396.0","IRVINGDALE POST OFFICE, AS","4",",a","4",",a","2",",a","19660217",",,a","36.8",",,a,17,","82.5",",,,a"
"ASN00041049","1966-03","-27.2","151.5167","396.0","IRVINGDALE POST OFFICE, AS","4",",a","4",",a","0",",a","19660323",",,a","21.1",",,a,23,","56.6",",,,a"
"ASN00041049","1966-04","-27.2","151.5167","396.0","IRVINGDALE POST OFFICE, AS","2",",a","2",",a","1",",a","19660427",",,a","48.3",",,a,27,","56.7",",,,a"
"ASN00041049","1966-05","-27.2","151.5167","396.0","IRVINGDALE POST OFFICE, AS","0",",a","0",",a","0",",a","19660531","+,,a","0.0",",,a,31,+","0.0",",,,a"
"ASN00041049","1966-06","-27.2","151.5167","396.0","IRVINGDALE POST OFFICE, AS","3",",a","3",",a","0",",a","19660610",",,a","18.8",",,a,10,","45.2",",,,a"
"ASN00041049","1966-07","-27.2","151.5167","396.0","IRVINGDALE POST OFFICE, AS","1",",a","1",",a","0",",a","19660714",",,a","9.9",",,a,14,","9.9",",,,a"
"ASN00041049","1966-08","-27.2","151.5167","396.0","IRVINGDALE POST OFFICE, AS","5",",a","4",",a","1",",a","19660820",",,a","55.9",",,a,20,","93.2",",,,a"
"ASN00041049","1966-09","-27.2","151.5167","396.0","IRVINGDALE POST OFFICE, AS","4",",a","4",",a","0",",a","19660916",",,a","15.0",",,a,16,","46.2",",,,a"
"ASN00041049","1966-10","-27.2","151.5167","396.0","IRVINGDALE POST OFFICE, AS","3",",a","3",",a","0",",a","19661015",",,a","15.2",",,a,15,","35.7",",,,a"
"ASN00041049","1966-11","-27.2","151.5167","396.0","IRVINGDALE POST OFFICE, AS","4",",a","4",",a","0",",a","19661106",",,a","15.0",",,a,06,","32.0",",,,a"
"ASN00041049","1966-12","-27.2","151.5167","396.0","IRVINGDALE POST OFFICE, AS","6",",a","6",",a","2",",a","19661231",",,a","63.5",",,a,31,","120.9",",,,a"
"ASN00041049","1967-01","-27.2","151.5167","396.0","IRVINGDALE POST OFFICE, AS","6",",a","6",",a","1",",a","19670106",",,a","27.9",",,a,06,","76.9",",,,a"
"ASN00041049","1967-02","-27.2","151.5167","396.0","IRVINGDALE POST OFFICE, AS","5",",a","4",",a","0",",a","19670223",",,a","22.9",",,a,23,","56.3",",,,a"
"ASN00041049","1967-03","-27.2","151.5167","396.0","IRVINGDALE POST OFFICE, AS","5",",a","5",",a","1",",a","19670318",",,a","25.4",",,a,18,","80.4",",,,a"
"ASN00041049","1967-04","-27.2","151.5167","396.0","IRVINGDALE POST OFFICE, AS","1",",a","0",",a","0",",a","19670410",",,a","2.0",",,a,10,","2.0",",,,a"
"ASN00041049","1967-05","-27.2","151.5167","396.0","IRVINGDALE POST OFFICE, AS","2",",a","2",",a","1",",a","19670507",",,a","45.7",",,a,07,","49.8",",,,a"
"ASN00041049","1967-06","-27.2","151.5167","396.0","IRVINGDALE POST OFFICE, AS","15",",a","14",",a","1",",a","19670627",",,a","35.6",",,a,27,","164.8",",,,a"
"ASN00041049","1967-07","-27.2","151.5167","396.0","IRVINGDALE POST OFFICE, AS","1",",a","1",",a","0",",a","19670702",",,a","2.8",",,a,02,","2.8",",,,a"
"ASN00041049","1967-08","-27.2","151.5167","396.0","IRVINGDALE POST OFFICE, AS","4",",a","3",",a","0",",a","19670806",",,a","20.6",",,a,06,","38.9",",,,a"
"ASN00041049","1967-09","-27.2","151.5167","396.0","IRVINGDALE POST OFFICE, AS","0",",a","0",",a","0",",a","19670930","+,,a","0.0",",,a,30,+","0.0",",,,a"
"ASN00041049","1967-10","-27.2","151.5167","396.0","IRVINGDALE POST OFFICE, AS","4",",a","4",",a","0",",a","19671009",",,a","17.8",",,a,09,","44.7",",,,a"
"ASN00041049","1967-11","-27.2","151.5167","396.0","IRVINGDALE POST OFFICE, AS","3",",a","3",",a","0",",a","19671126",",,a","11.4",",,a,26,","30.7",",,,a"
"ASN00041049","1967-12","-27.2","151.5167","396.0","IRVINGDALE POST OFFICE, AS","4",",a","1",",a","0",",a","19671226",",,a","7.6",",,a,26,","11.7",",,,a"
"ASN00041049","1968-01","-27.2","151.5167","396.0","IRVINGDALE POST OFFICE, AS","11",",a","6",",a","1",",a","19680107",",,a","30.5",",,a,07,","89.8",",,,a"
"ASN00041049","1968-02","-27.2","151.5167","396.0","IRVINGDALE POST OFFICE, AS","6",",a","5",",a","0",",a","19680211",",,a","11.4",",,a,11,","29.9",",,,a"
"ASN00041049","1968-03","-27.2","151.5167","396.0","IRVINGDALE POST OFFICE, AS","10",",a","9",",a","2",",a","19680305",",,a","39.9",",,a,05,","151.3",",,,a"
"ASN00041049","1968-04","-27.2","151.5167","396.0","IRVINGDALE POST OFFICE, AS","3",",a","2",",a","1",",a","19680425",",,a","31.8",",,a,25,","47.8",",,,a"
"ASN00041049","1968-05","-27.2","151.5167","396.0","IRVINGDALE POST OFFICE, AS","5",",a","4",",a","0",",a","19680514",",,a","16.8",",,a,14,","35.3",",,,a"
"ASN00041049","1968-06","-27.2","151.5167","396.0","IRVINGDALE POST OFFICE, AS","1",",a","1",",a","0",",a","19680629",",,a","8.4",",,a,29,","8.4",",,,a"
"ASN00041049","1968-07","-27.2","151.5167","396.0","IRVINGDALE POST OFFICE, AS","5",",a","5",",a","1",",a","19680719",",,a","25.7",",,a,19,","54.6",",,,a"
"ASN00041049","1968-08","-27.2","151.5167","396.0","IRVINGDALE POST OFFICE, AS","8",",a","4",",a","0",",a","19680813",",,a","23.1",",,a,13,","43.7",",,,a"
"ASN00041049","1968-09","-27.2","151.5167","396.0","IRVINGDALE POST OFFICE, AS","6",",a","6",",a","0",",a","19680917",",,a","5.6",",,a,17,","25.1",",,,a"
"ASN00041049","1968-10","-27.2","151.5167","396.0","IRVINGDALE POST OFFICE, AS","1",",a","1",",a","0",",a","19681001",",,a","5.8",",,a,01,","5.8",",,,a"
"ASN00041049","1968-11","-27.2","151.5167","396.0","IRVINGDALE POST OFFICE, AS","1",",a","1",",a","1",",a","19681109",",,a","26.7",",,a,09,","26.7",",,,a"
"ASN00041049","1968-12","-27.2","151.5167","396.0","IRVINGDALE POST OFFICE, AS","7",",a","7",",a","1",",a","19681201",",,a","36.1",",,a,01,","109.3",",,,a"
"ASN00041049","1969-01","-27.2","151.5167","396.0","IRVINGDALE POST OFFICE, AS","5",",a","5",",a","1",",a","19690102",",,a","28.2",",,a,02,","65.0",",,,a"
"ASN00041049","1969-02","-27.2","151.5167","396.0","IRVINGDALE POST OFFICE, AS","2",",a","2",",a","1",",a","19690212",",,a","40.9",",,a,12,","58.4",",,,a"
"ASN00041049","1969-03","-27.2","151.5167","396.0","IRVINGDALE POST OFFICE, AS","2",",a","2",",a","0",",a","19690330",",,a","22.4",",,a,30,","40.9",",,,a"
"ASN00041049","1969-04","-27.2","151.5167","396.0","IRVINGDALE POST OFFICE, AS","1",",a","1",",a","0",",a","19690415",",,a","2.5",",,a,15,","2.5",",,,a"
"ASN00041049","1969-05","-27.2","151.5167","396.0","IRVINGDALE POST OFFICE, AS","4",",a","4",",a","0",",a","19690515",",,a","15.7",",,a,15,","34.7",",,,a"
"ASN00041049","1969-06","-27.2","151.5167","396.0","IRVINGDALE POST OFFICE, AS","3",",a","3",",a","0",",a","19690620",",,a","14.2",",,a,20,","29.9",",,,a"
"ASN00041049","1969-07","-27.2","151.5167","396.0","IRVINGDALE POST OFFICE, AS","1",",a","1",",a","0",",a","19690722",",,a","9.7",",,a,22,","9.7",",,,a"
"ASN00041049","1969-08","-27.2","151.5167","396.0","IRVINGDALE POST OFFICE, AS","4",",a","4",",a","0",",a","19690828",",,a","5.6",",,a,28,","17.3",",,,a"
"ASN00041049","1969-09","-27.2","151.5167","396.0","IRVINGDALE POST OFFICE, AS","4",",a","3",",a","0",",a","19690906",",,a","20.3",",,a,06,","46.2",",,,a"
"ASN00041049","1969-10","-27.2","151.5167","396.0","IRVINGDALE POST OFFICE, AS","11",",a","8",",a","0",",a","19691031",",,a","23.4",",,a,31,","88.5",",,,a"
"ASN00041049","1969-11","-27.2","151.5167","396.0","IRVINGDALE POST OFFICE, AS","6",",a","6",",a","2",",a","19691120",",,a","43.2",",,a,20,","108.5",",,,a"
"ASN00041049","1969-12","-27.2","151.5167","396.0","IRVINGDALE POST OFFICE, AS","8",",a","6",",a","1",",a","19691224",",,a","50.8",",,a,24,","113.0",",,,a"
"ASN00041049","1970-01","-27.2","151.5167","396.0","IRVINGDALE POST OFFICE, AS","11",",a","11",",a","3",",a","19700102",",,a","37.3",",,a,02,","164.7",",,,a"
"ASN00041049","1970-02","-27.2","151.5167","396.0","IRVINGDALE POST OFFICE, AS","5",",a","5",",a","1",",a","19700217",",,a","26.9",",,a,17,","48.8",",,,a"
"ASN00041049","1970-03","-27.2","151.5167","396.0","IRVINGDALE POST OFFICE, AS","4",",a","3",",a","0",",a","19700309",",,a","21.6",",,a,09,","46.0",",,,a"
"ASN00041049","1970-04","-27.2","151.5167","396.0","IRVINGDALE POST OFFICE, AS","1",",a","1",",a","0",",a","19700424",",,a","17.8",",,a,24,","17.8",",,,a"
"ASN00041049","1970-05","-27.2","151.5167","396.0","IRVINGDALE POST OFFICE, AS","2",",a","2",",a","0",",a","19700531",",,a","14.5",",,a,31,","28.0",",,,a"
"ASN00041049","1970-06","-27.2","151.5167","396.0","IRVINGDALE POST OFFICE, AS","1",",a","1",",a","0",",a","19700623",",,a","20.3",",,a,23,","20.3",",,,a"
"ASN00041049","1970-07","-27.2","151.5167","396.0","IRVINGDALE POST OFFICE, AS","1",",a","0",",a","0",",a","19700731",",,a","0.5",",,a,31,","0.5",",,,a"
"ASN00041049","1970-08","-27.2","151.5167","396.0","IRVINGDALE POST OFFICE, AS","1",",a","1",",a","0",",a","19700824",",,a","5.1",",,a,24,","5.1",",,,a"
"ASN00041049","1970-09","-27.2","151.5167","396.0","IRVINGDALE POST OFFICE, AS","5",",a","4",",a","0",",a","19700923",",,a","14.5",",,a,23,","42.9",",,,a"
"ASN00041049","1970-10","-27.2","151.5167","396.0","IRVINGDALE POST OFFICE, AS","2",",a","2",",a","0",",a","19701013",",,a","7.6",",,a,13,","11.4",",,,a"
"ASN00041049","1970-11","-27.2","151.5167","396.0","IRVINGDALE POST OFFICE, AS","4",",a","4",",a","0",",a","19701127",",,a","8.9",",,a,27,","30.7",",,,a"
"ASN00041049","1970-12","-27.2","151.5167","396.0","IRVINGDALE POST OFFICE, AS","10",",a","10",",a","4",",a","19701209",",,a","45.7",",,a,09,","206.9",",,,a"
"ASN00041049","1971-01","-27.2","151.5167","396.0","IRVINGDALE POST OFFICE, AS","13",",a","11",",a","4",",a","19710113",",,a","63.5",",,a,13,","210.9",",,,a"
"ASN00041049","1971-02","-27.2","151.5167","396.0","IRVINGDALE POST OFFICE, AS","9",",a","9",",a","5",",a","19710223",",,a","87.6",",,a,23,","334.7",",,,a"
"ASN00041049","1971-03","-27.2","151.5167","396.0","IRVINGDALE POST OFFICE, AS","0",",a","0",",a","0",",a","19710331","+,,a","0.0",",,a,31,+","0.0",",,,a"
"ASN00041049","1971-04","-27.2","151.5167","396.0","IRVINGDALE POST OFFICE, AS","0",",a","0",",a","0",",a","19710430","+,,a","0.0",",,a,30,+","0.0",",,,a"
"ASN00041049","1971-05","-27.2","151.5167","396.0","IRVINGDALE POST OFFICE, AS","2",",a","2",",a","0",",a","19710521",",,a","22.4",",,a,21,","25.4",",,,a"
"ASN00041049","1971-06","-27.2","151.5167","396.0","IRVINGDALE POST OFFICE, AS","2",",a","1",",a","0",",a","19710611",",,a","21.3",",,a,11,","23.1",",,,a"
"ASN00041049","1971-07","-27.2","151.5167","396.0","IRVINGDALE POST OFFICE, AS","2",",a","2",",a","1",",a","19710717",",,a","26.7",",,a,17,","29.2",",,,a"
"ASN00041049","1971-08","-27.2","151.5167","396.0","IRVINGDALE POST OFFICE, AS","4","2,a","4","2,a","0","2,a","19710811",",2,a","22.9","2,,a,11,","61.2",",a,,a"
"ASN00041049","1971-09","-27.2","151.5167","396.0","IRVINGDALE POST OFFICE, AS","6",",a","5",",a","0",",a","19710904",",,a","22.9",",,a,04,","50.4",",,,a"
"ASN00041049","1971-10","-27.2","151.5167","396.0","IRVINGDALE POST OFFICE, AS","3",",a","3",",a","1",",a","19711013",",,a","29.2",",,a,13,","49.0",",,,a"
"ASN00041049","1971-11","-27.2","151.5167","396.0","IRVINGDALE POST OFFICE, AS","5",",a","5",",a","1",",a","19711129",",,a","37.1",",,a,29,","76.2",",,,a"
"ASN00041049","1971-12","-27.2","151.5167","396.0","IRVINGDALE POST OFFICE, AS","4","2,a","4","2,a","2","2,a","19711228",",2,a","81.3","2,,a,28,","168.4",",a,,a"
"ASN00041049","1972-01","-27.2","151.5167","396.0","IRVINGDALE POST OFFICE, AS","8",",a","7",",a","1",",a","19720119",",,a","41.1",",,a,19,","105.6",",,,a"
"ASN00041049","1972-02","-27.2","151.5167","396.0","IRVINGDALE POST OFFICE, AS","4",",a","4",",a","1",",a","19720220",",,a","50.8",",,a,20,","62.2",",,,a"
"ASN00041049","1972-03","-27.2","151.5167","396.0","IRVINGDALE POST OFFICE, AS","4",",a","4",",a","0",",a","19720308",",,a","20.6",",,a,08,","42.6",",,,a"
"ASN00041049","1972-04","-27.2","151.5167","396.0","IRVINGDALE POST OFFICE, AS","0","2,a","0","2,a","0","2,a","19720430","+,2,a","0.0","2,,a,30,+","27.9",",a,,a"
"ASN00041049","1972-05","-27.2","151.5167","396.0","IRVINGDALE POST OFFICE, AS","2",",a","2",",a","0",",a","19720512",",,a","19.8",",,a,12,","28.2",",,,a"
"ASN00041049","1972-06","-27.2","151.5167","396.0","IRVINGDALE POST OFFICE, AS","3",",a","2",",a","0",",a","19720621",",,a","8.4",",,a,21,","16.8",",,,a"
"ASN00041049","1972-07","-27.2","151.5167","396.0","IRVINGDALE POST OFFICE, AS","0",",a","0",",a","0",",a","19720731","+,,a","0.0",",,a,31,+","0.0",",,,a"
"ASN00041049","1972-08","-27.2","151.5167","396.0","IRVINGDALE POST OFFICE, AS","4",",a","1",",a","0",",a","19720817",",,a","6.9",",,a,17,","10.2",",,,a"
"ASN00041049","1972-09","-27.2","151.5167","396.0","IRVINGDALE POST OFFICE, AS","1",",a","1",",a","0",",a","19720929",",,a","12.7",",,a,29,","12.7",",,,a"
"ASN00041049","1972-10","-27.2","151.5167","396.0","IRVINGDALE POST OFFICE, AS","12",",a","12",",a","3",",a","19721001",",,a","35.6",",,a,01,","171.7",",,,a"
"ASN00041049","1972-11","-27.2","151.5167","396.0","IRVINGDALE POST OFFICE, AS","11",",a","9",",a","1",",a","19721112",",,a","29.5",",,a,12,","110.5",",,,a"
"ASN00041049","1972-12","-27.2","151.5167","396.0","IRVINGDALE POST OFFICE, AS","4",",a","4",",a","1",",a","19721228",",,a","38.6",",,a,28,","64.5",",,,a"
"ASN00041049","1973-01","-27.2","151.5167","396.0","IRVINGDALE POST OFFICE, AS","7",",a","5",",a","1",",a","19730113",",,a","26.2",",,a,13,","50.6",",,,a"
"ASN00041049","1973-02","-27.2","151.5167","396.0","IRVINGDALE POST OFFICE, AS","5",",a","5",",a","0",",a","19730212",",,a","24.6",",,a,12,","67.1",",,,a"
"ASN00041049","1973-03","-27.2","151.5167","396.0","IRVINGDALE POST OFFICE, AS","5",",a","4",",a","1",",a","19730331",",,a","25.4",",,a,31,","42.2",",,,a"
"ASN00041049","1973-04","-27.2","151.5167","396.0","IRVINGDALE POST OFFICE, AS","0",",a","0",",a","0",",a","19730430","+,,a","0.0",",,a,30,+","0.0",",,,a"
"ASN00041049","1973-05","-27.2","151.5167","396.0","IRVINGDALE POST OFFICE, AS","3",",a","2",",a","0",",a","19730502",",,a","19.1",",,a,02,","24.2",",,,a"
"ASN00041049","1973-06","-27.2","151.5167","396.0","IRVINGDALE POST OFFICE, AS","3",",a","3",",a","0",",a","19730608",",,a","4.1",",,a,08,","10.4",",,,a"
"ASN00041049","1973-07","-27.2","151.5167","396.0","IRVINGDALE POST OFFICE, AS","11",",a","7",",a","0",",a","19730718",",,a","23.6",",,a,18,","89.8",",,,a"
"ASN00041049","1973-08","-27.2","151.5167","396.0","IRVINGDALE POST OFFICE, AS","9",",a","6",",a","0",",a","19730825",",,a","19.3",",,a,25,","57.2",",,,a"
"ASN00041049","1973-09","-27.2","151.5167","396.0","IRVINGDALE POST OFFICE, AS","7",",a","6",",a","0",",a","19730903",",,a","15.7",",,a,03,","57.0",",,,a"
"ASN00041049","1973-10","-27.2","151.5167","396.0","IRVINGDALE POST OFFICE, AS","5",",a","3",",a","0",",a","19731030",",,a","7.1",",,a,30,","19.8",",,,a"
"ASN00041049","1973-11","-27.2","151.5167","396.0","IRVINGDALE POST OFFICE, AS","8",",a","6",",a","1",",a","19731107",",,a","30.5",",,a,07,","88.4",",,,a"
"ASN00041049","1973-12","-27.2","151.5167","396.0","IRVINGDALE POST OFFICE, AS","7",",a","7",",a","1",",a","19731206",",,a","35.8",",,a,06,","105.5",",,,a"
"ASN00041049","1974-01","-27.2","151.5167","396.0","IRVINGDALE POST OFFICE, AS","9",",a","8",",a","1",",a","19740127",",,a","127.5",",,a,27,","176.9",",,,a"
"ASN00041049","1974-02","-27.2","151.5167","396.0","IRVINGDALE POST OFFICE, AS","0",",a","0",",a","0",",a","19740228","+,,a","0.0",",,a,28,+","0.0",",,,a"
"ASN00041049","1974-03","-27.2","151.5167","396.0","IRVINGDALE POST OFFICE, AS","3",",a","3",",a","0",",a","19740326",",,a","7.6",",,a,26,","20.0",",,,a"
"ASN00041049","1974-04","-27.2","151.5167","396.0","IRVINGDALE POST OFFICE, AS","3",",a","2",",a","0",",a","19740426",",,a","11.0",",,a,26,","20.4",",,,a"
"ASN00041049","1974-05","-27.2","151.5167","396.0","IRVINGDALE POST OFFICE, AS","4",",a","3",",a","1",",a","19740524",",,a","42.2",",,a,24,","53.8",",,,a"
"ASN00041049","1974-06","-27.2","151.5167","396.0","IRVINGDALE POST OFFICE, AS","4",",a","3",",a","0",",a","19740605",",,a","14.0",",,a,05,","33.4",",,,a"
"ASN00041049","1974-07","-27.2","151.5167","396.0","IRVINGDALE POST OFFICE, AS","1",",a","1",",a","0",",a","19740701",",,a","13.8",",,a,01,","13.8",",,,a"
"ASN00041049","1974-08","-27.2","151.5167","396.0","IRVINGDALE POST OFFICE, AS","5",",a","4",",a","0",",a","19740827",",,a","7.6",",,a,27,","20.6",",,,a"
"ASN00041049","1974-09","-27.2","151.5167","396.0","IRVINGDALE POST OFFICE, AS","5",",a","5",",a","0",",a","19740923",",,a","17.2",",,a,23,","43.2",",,,a"
"ASN00041049","1974-10","-27.2","151.5167","396.0","IRVINGDALE POST OFFICE, AS","7",",a","7",",a","0",",a","19741006",",,a","19.8",",,a,06,","69.0",",,,a"
"ASN00041049","1974-11","-27.2","151.5167","396.0","IRVINGDALE POST OFFICE, AS","6",",a","6",",a","3",",a","19741127",",,a","63.6",",,a,27,","157.8",",,,a"
"ASN00041049","1974-12","-27.2","151.5167","396.0","IRVINGDALE POST OFFICE, AS","7",",a","6",",a","0",",a","19741209",",,a","20.4",",,a,09,","83.8",",,,a"
"ASN00041049","1975-01","-27.2","151.5167","396.0","IRVINGDALE POST OFFICE, AS","6",",a","3",",a","0",",a","19750109",",,a","21.6",",,a,09,","50.6",",,,a"
"ASN00041049","1975-02","-27.2","151.5167","396.0","IRVINGDALE POST OFFICE, AS","4",",a","4",",a","2",",a","19750225",",,a","68.0",",,a,25,","108.8",",,,a"
"ASN00041049","1975-03","-27.2","151.5167","396.0","IRVINGDALE POST OFFICE, AS","7",",a","7",",a","2",",a","19750331",",,a","26.6",",,a,31,","102.0",",,,a"
"ASN00041049","1975-04","-27.2","151.5167","396.0","IRVINGDALE POST OFFICE, AS","3",",a","3",",a","0",",a","19750401",",,a","15.6",",,a,01,","21.0",",,,a"
"ASN00041049","1975-05","-27.2","151.5167","396.0","IRVINGDALE POST OFFICE, AS","0",",a","0",",a","0",",a","19750531","+,,a","0.0",",,a,31,+","0.0",",,,a"
"ASN00041049","1975-06","-27.2","151.5167","396.0","IRVINGDALE POST OFFICE, AS","3",",a","3",",a","0",",a","19750621",",,a","17.8",",,a,21,","29.2",",,,a"
"ASN00041049","1975-07","-27.2","151.5167","396.0","IRVINGDALE POST OFFICE, AS","6",",a","5",",a","0",",a","19750703",",,a","19.8",",,a,03,","39.4",",,,a"
"ASN00041049","1975-08","-27.2","151.5167","396.0","IRVINGDALE POST OFFICE, AS","6",",a","4",",a","0",",a","19750816",",,a","20.4",",,a,16,","42.6",",,,a"
"ASN00041049","1975-09","-27.2","151.5167","396.0","IRVINGDALE POST OFFICE, AS","2",",a","2",",a","1",",a","19750901",",,a","50.8",",,a,01,","53.6",",,,a"
"ASN00041049","1975-10","-27.2","151.5167","396.0","IRVINGDALE POST OFFICE, AS","9",",a","6",",a","0",",a","19751022",",,a","18.0",",,a,22,","51.0",",,,a"
"ASN00041049","1975-11","-27.2","151.5167","396.0","IRVINGDALE POST OFFICE, AS","9",",a","7",",a","1",",a","19751110",",,a","29.4",",,a,10,","112.6",",,,a"
"ASN00041049","1975-12","-27.2","151.5167","396.0","IRVINGDALE POST OFFICE, AS","7",",a","7",",a","2",",a","19751221",",,a","65.8",",,a,21,","165.4",",,,a"
"ASN00041049","1976-01","-27.2","151.5167","396.0","IRVINGDALE POST OFFICE, AS","9",",a","7",",a","0",",a","19760115",",,a","15.8",",,a,15,","63.4",",,,a"
"ASN00041049","1976-02","-27.2","151.5167","396.0","IRVINGDALE POST OFFICE, AS","8",",a","6",",a","0",",a","19760211",",,a","22.8",",,a,11,","64.6",",,,a"
"ASN00041049","1976-03","-27.2","151.5167","396.0","IRVINGDALE POST OFFICE, AS","4",",a","4",",a","0",",a","19760314",",,a","15.2",",,a,14,","38.4",",,,a"
"ASN00041049","1976-04","-27.2","151.5167","396.0","IRVINGDALE POST OFFICE, AS","2",",a","2",",a","0",",a","19760416",",,a","12.8",",,a,16,","23.0",",,,a"
"ASN00041049","1976-05","-27.2","151.5167","396.0","IRVINGDALE POST OFFICE, AS","3",",a","2",",a","0",",a","19760511",",,a","24.4",",,a,11,","30.4",",,,a"
"ASN00041049","1976-06","-27.2","151.5167","396.0","IRVINGDALE POST OFFICE, AS","3",",a","3",",a","0",",a","19760628",",,a","17.8",",,a,28,","31.8",",,,a"
"ASN00041049","1976-07","-27.2","151.5167","396.0","IRVINGDALE POST OFFICE, AS","3",",a","3",",a","0",",a","19760726",",,a","21.6",",,a,26,","30.0",",,,a"
