"STATION","DATE","LATITUDE","LONGITUDE","ELEVATION","NAME","DP01","DP01_ATTRIBUTES","DP10","DP10_ATTRIBUTES","DP1X","DP1X_ATTRIBUTES","DYXP","DYXP_ATTRIBUTES","EMXP","EMXP_ATTRIBUTES","PRCP","PRCP_ATTRIBUTES"
"ASN00014005","1897-11","-13.5","131.4","77.0","BROCKS CREEK, AS","5",",a","5",",a","1",",a","18971112",",,a","28.7",",,a,12,","68.6",",,,a"
"ASN00014005","1897-12","-13.5","131.4","77.0","BROCKS CREEK, AS","19",",a","15",",a","6",",a","18971209",",,a","94.0",",,a,09,","439.8",",,,a"
"ASN00014005","1898-01","-13.5","131.4","77.0","BROCKS CREEK, AS","13",",a","13",",a","5",",a","18980101",",,a","54.4",",,a,01,","245.8",",,,a"
"ASN00014005","1898-02","-13.5","131.4","77.0","BROCKS CREEK, AS","15",",a","9",",a","3",",a","18980223",",,a","53.3",",,a,23,","177.2",",,,a"
"ASN00014005","1898-03","-13.5","131.4","77.0","BROCKS CREEK, AS","26",",a","22",",a","9",",a","18980327",",,a","97.3",",,a,27,","633.4",",,,a"
"ASN00014005","1898-04","-13.5","131.4","77.0","BROCKS CREEK, AS","5",",a","5",",a","0",",a","18980405",",,a","21.3",",,a,05,","56.4",",,,a"
"ASN00014005","1898-05","-13.5","131.4","77.0","BROCKS CREEK, AS","0",",a","0",",a","0",",a","18980531","+,,a","0.0",",,a,31,+","0.0",",,,a"
"ASN00014005","1898-06","-13.5","131.4","77.0","BROCKS CREEK, AS","0",",a","0",",a","0",",a","18980630","+,,a","0.0",",,a,30,+","0.0",",,,a"
"ASN00014005","1898-07","-13.5","131.4","77.0","BROCKS CREEK, AS","0",",a","0",",a","0",",a","18980731","+,,a","0.0",",,a,31,+","0.0",",,,a"
"ASN00014005","1898-08","-13.5","131.4","77.0","BROCKS CREEK, AS","0",",a","0",",a","0",",a","18980831","+,,a","0.0",",,a,31,+","0.0",",,,a"
"ASN00014005","1898-09","-13.5","131.4","77.0","BROCKS CREEK, AS","3",",a","2",",a","0",",a","18980927",",,a","18.5",",,a,27,","23.1",",,,a"
"ASN00014005","1898-10","-13.5","131.4","77.0","BROCKS CREEK, AS","4",",a","4",",a","1",",a","18981023",",,a","30.5",",,a,23,","52.0",",,,a"
"ASN00014005","1898-11","-13.5","131.4","77.0","BROCKS CREEK, AS","9",",a","9",",a","2",",a","18981110",",,a","55.1",",,a,10,","162.6",",,,a"
"ASN00014005","1898-12","-13.5","131.4","77.0","BROCKS CREEK, AS","11",",a","11",",a","3",",a","18981228",",,a","44.5",",,a,28,","193.3",",,,a"
"ASN00014005","1899-01","-13.5","131.4","77.0","BROCKS CREEK, AS","18",",a","13",",a","2",",a","18990103",",,a","54.1",",,a,03,","209.2",",,,a"
"ASN00014005","1899-02","-13.5","131.4","77.0","BROCKS CREEK, AS","10",",a","8",",a","1",",a","18990201",",,a","105.4",",,a,01,","167.0",",,,a"
"ASN00014005","1899-03","-13.5","131.4","77.0","BROCKS CREEK, AS","25",",a","25",",a","7",",a","18990313",",,a","139.2",",,a,13,","612.5",",,,a"
"ASN00014005","1899-04","-13.5","131.4","77.0","BROCKS CREEK, AS","2",",a","2",",a","1",",a","18990404",",,a","30.5",",,a,04,","42.7",",,,a"
"ASN00014005","1899-05","-13.5","131.4","77.0","BROCKS CREEK, AS","0",",a","0",",a","0",",a","18990531","+,,a","0.0",",,a,31,+","0.0",",,,a"
"ASN00014005","1899-06","-13.5","131.4","77.0","BROCKS CREEK, AS","2",",a","2",",a","0",",a","18990607",",,a","10.4",",,a,07,","19.3",",,,a"
"ASN00014005","1899-07","-13.5","131.4","77.0","BROCKS CREEK, AS","0",",a","0",",a","0",",a","18990731","+,,a","0.0",",,a,31,+","0.0",",,,a"
"ASN00014005","1899-08","-13.5","131.4","77.0","BROCKS CREEK, AS","0",",a","0",",a","0",",a","18990831","+,,a","0.0",",,a,31,+","0.0",",,,a"
"ASN00014005","1899-09","-13.5","131.4","77.0","BROCKS CREEK, AS","1",",a","0",",a","0",",a","18990930",",,a","0.5",",,a,30,","0.5",",,,a"
"ASN00014005","1899-10","-13.5","131.4","77.0","BROCKS CREEK, AS","7",",a","2",",a","0",",a","18991031",",,a","6.6",",,a,31,","15.7",",,,a"
"ASN00014005","1899-11","-13.5","131.4","77.0","BROCKS CREEK, AS","9",",a","4",",a","0",",a","18991121",",,a","24.9",",,a,21,","62.4",",,,a"
"ASN00014005","1899-12","-13.5","131.4","77.0","BROCKS CREEK, AS","11",",a","9",",a","2",",a","18991213",",,a","78.7",",,a,13,","173.0",",,,a"
"ASN00014005","1900-01","-13.5","131.4","77.0","BROCKS CREEK, AS","16",",a","12",",a","4",",a","19000110",",,a","50.8",",,a,10,","218.6",",,,a"
"ASN00014005","1900-02","-13.5","131.4","77.0","BROCKS CREEK, AS","11",",a","10",",a","3",",a","19000206",",,a","62.2",",,a,06,","213.7",",,,a"
"ASN00014005","1900-03","-13.5","131.4","77.0","BROCKS CREEK, AS","9",",a","8",",a","3",",a","19000301",",,a","62.7",",,a,01,","184.2",",,,a"
"ASN00014005","1900-04","-13.5","131.4","77.0","BROCKS CREEK, AS","4",",a","4",",a","0",",a","19000401",",,a","23.9",",,a,01,","40.1",",,,a"
"ASN00014005","1900-05","-13.5","131.4","77.0","BROCKS CREEK, AS","3",",a","3",",a","0",",a","19000513",",,a","23.4",",,a,13,","44.0",",,,a"
"ASN00014005","1900-06","-13.5","131.4","77.0","BROCKS CREEK, AS","4",",a","3",",a","0",",a","19000622",",,a","10.4",",,a,22,","21.3",",,,a"
"ASN00014005","1900-07","-13.5","131.4","77.0","BROCKS CREEK, AS","2",",a","2",",a","1",",a","19000703",",,a","43.2",",,a,03,","54.6",",,,a"
"ASN00014005","1900-08","-13.5","131.4","77.0","BROCKS CREEK, AS","1",",a","0",",a","0",",a","19000816",",,a","0.8",",,a,16,","0.8",",,,a"
"ASN00014005","1900-09","-13.5","131.4","77.0","BROCKS CREEK, AS","5",",a","5",",a","1",",a","19000918",",,a","31.2",",,a,18,","71.6",",,,a"
"ASN00014005","1900-10","-13.5","131.4","77.0","BROCKS CREEK, AS","2",",a","1",",a","0",",a","19001015",",,a","20.8",",,a,15,","21.3",",,,a"
"ASN00014005","1900-11","-13.5","131.4","77.0","BROCKS CREEK, AS","8",",a","6",",a","1",",a","19001108",",,a","26.4",",,a,08,","101.2",",,,a"
"ASN00014005","1900-12","-13.5","131.4","77.0","BROCKS CREEK, AS","11",",a","10",",a","3",",a","19001226",",,a","44.5",",,a,26,","186.7",",,,a"
"ASN00014005","1901-01","-13.5","131.4","77.0","BROCKS CREEK, AS","11",",a","11",",a","4",",a","19010103",",,a","80.3",",,a,03,","262.9",",,,a"
"ASN00014005","1901-02","-13.5","131.4","77.0","BROCKS CREEK, AS","19",",a","16",",a","0",",a","19010216",",,a","20.3",",,a,16,","187.8",",,,a"
"ASN00014005","1901-03","-13.5","131.4","77.0","BROCKS CREEK, AS","19",",a","19",",a","2",",a","19010317",",,a","45.7",",,a,17,","258.8",",,,a"
"ASN00014005","1901-04","-13.5","131.4","77.0","BROCKS CREEK, AS","0",",a","0",",a","0",",a","19010430","+,,a","0.0",",,a,30,+","0.0",",,,a"
"ASN00014005","1901-05","-13.5","131.4","77.0","BROCKS CREEK, AS","0",",a","0",",a","0",",a","19010531","+,,a","0.0",",,a,31,+","0.0",",,,a"
"ASN00014005","1901-06","-13.5","131.4","77.0","BROCKS CREEK, AS","0",",a","0",",a","0",",a","19010630","+,,a","0.0",",,a,30,+","0.0",",,,a"
"ASN00014005","1901-07","-13.5","131.4","77.0","BROCKS CREEK, AS","0",",a","0",",a","0",",a","19010731","+,,a","0.0",",,a,31,+","0.0",",,,a"
"ASN00014005","1901-08","-13.5","131.4","77.0","BROCKS CREEK, AS","0",",a","0",",a","0",",a","19010831","+,,a","0.0",",,a,31,+","0.0",",,,a"
"ASN00014005","1901-09","-13.5","131.4","77.0","BROCKS CREEK, AS","1",",a","0",",a","0",",a","19010920",",,a","0.5",",,a,20,","0.5",",,,a"
"ASN00014005","1901-10","-13.5","131.4","77.0","BROCKS CREEK, AS","2",",a","1",",a","0",",a","19011014",",,a","2.5",",,a,14,","4.3",",,,a"
"ASN00014005","1901-11","-13.5","131.4","77.0","BROCKS CREEK, AS","4",",a","3",",a","0",",a","19011111",",,a","21.8",",,a,11,","34.3",",,,a"
"ASN00014005","1901-12","-13.5","131.4","77.0","BROCKS CREEK, AS","17",",a","15",",a","2",",a","19011223",",,a","32.3",",,a,23,","199.9",",,,a"
"ASN00014005","1902-01","-13.5","131.4","77.0","BROCKS CREEK, AS","21",",a","19",",a","8",",a","19020128",",,a","87.4",",,a,28,","554.1",",,,a"
"ASN00014005","1902-02","-13.5","131.4","77.0","BROCKS CREEK, AS","12",",a","11",",a","3",",a","19020228",",,a","56.6",",,a,28,","216.4",",,,a"
"ASN00014005","1902-03","-13.5","131.4","77.0","BROCKS CREEK, AS","11",",a","9",",a","6",",a","19020328",",,a","55.4",",,a,28,","248.9",",,,a"
"ASN00014005","1902-04","-13.5","131.4","77.0","BROCKS CREEK, AS","1",",a","1",",a","0",",a","19020404",",,a","3.8",",,a,04,","3.8",",,,a"
"ASN00014005","1902-05","-13.5","131.4","77.0","BROCKS CREEK, AS","0",",a","0",",a","0",",a","19020531","+,,a","0.0",",,a,31,+","0.0",",,,a"
"ASN00014005","1902-06","-13.5","131.4","77.0","BROCKS CREEK, AS","1",",a","0",",a","0",",a","19020608",",,a","0.8",",,a,08,","0.8",",,,a"
"ASN00014005","1902-07","-13.5","131.4","77.0","BROCKS CREEK, AS","0",",a","0",",a","0",",a","19020731","+,,a","0.0",",,a,31,+","0.0",",,,a"
"ASN00014005","1902-08","-13.5","131.4","77.0","BROCKS CREEK, AS","0",",a","0",",a","0",",a","19020831","+,,a","0.0",",,a,31,+","0.0",",,,a"
"ASN00014005","1902-09","-13.5","131.4","77.0","BROCKS CREEK, AS","0",",a","0",",a","0",",a","19020930","+,,a","0.0",",,a,30,+","0.0",",,,a"
"ASN00014005","1902-10","-13.5","131.4","77.0","BROCKS CREEK, AS","4",",a","0",",a","0",",a","19021029",",,a","1.5",",,a,29,","3.3",",,,a"
"ASN00014005","1902-11","-13.5","131.4","77.0","BROCKS CREEK, AS","9",",a","7",",a","2",",a","19021121",",,a","43.2",",,a,21,","121.1",",,,a"
"ASN00014005","1902-12","-13.5","131.4","77.0","BROCKS CREEK, AS","13",",a","12",",a","3",",a","19021221",",,a","53.3",",,a,21,","223.1",",,,a"
"ASN00014005","1903-01","-13.5","131.4","77.0","BROCKS CREEK, AS","18",",a","15",",a","2",",a","19030101",",,a","43.4",",,a,01,","186.4",",,,a"
"ASN00014005","1903-02","-13.5","131.4","77.0","BROCKS CREEK, AS","20",",a","13",",a","5",",a","19030217",",,a","67.6",",,a,17,","311.5",",,,a"
"ASN00014005","1903-03","-13.5","131.4","77.0","BROCKS CREEK, AS","11",",a","10",",a","6",",a","19030324",",,a","78.0",",,a,24,","346.7",",,,a"
"ASN00014005","1903-04","-13.5","131.4","77.0","BROCKS CREEK, AS","3",",a","3",",a","0",",a","19030424",",,a","19.3",",,a,24,","43.7",",,,a"
"ASN00014005","1903-05","-13.5","131.4","77.0","BROCKS CREEK, AS","2",",a","2",",a","0",",a","19030510",",,a","21.8",",,a,10,","39.3",",,,a"
"ASN00014005","1903-06","-13.5","131.4","77.0","BROCKS CREEK, AS","0",",a","0",",a","0",",a","19030630","+,,a","0.0",",,a,30,+","0.0",",,,a"
"ASN00014005","1903-07","-13.5","131.4","77.0","BROCKS CREEK, AS","0",",a","0",",a","0",",a","19030731","+,,a","0.0",",,a,31,+","0.0",",,,a"
"ASN00014005","1903-08","-13.5","131.4","77.0","BROCKS CREEK, AS","0",",a","0",",a","0",",a","19030831","+,,a","0.0",",,a,31,+","0.0",",,,a"
"ASN00014005","1903-09","-13.5","131.4","77.0","BROCKS CREEK, AS","0",",a","0",",a","0",",a","19030930","+,,a","0.0",",,a,30,+","0.0",",,,a"
"ASN00014005","1903-10","-13.5","131.4","77.0","BROCKS CREEK, AS","4",",a","4",",a","2",",a","19031014",",,a","30.0",",,a,14,","77.0",",,,a"
"ASN00014005","1903-11","-13.5","131.4","77.0","BROCKS CREEK, AS","13",",a","10",",a","0",",a","19031108",",,a","20.6",",,a,08,","82.3",",,,a"
"ASN00014005","1903-12","-13.5","131.4","77.0","BROCKS CREEK, AS","16",",a","14",",a","4",",a","19031216",",,a","38.6",",,a,16,","206.0",",,,a"
"ASN00014005","1904-01","-13.5","131.4","77.0","BROCKS CREEK, AS","28",",a","24",",a","12",",a","19040130",",,a","72.9",",,a,30,","616.3",",,,a"
"ASN00014005","1904-02","-13.5","131.4","77.0","BROCKS CREEK, AS","17",",a","14",",a","3",",a","19040213",",,a","59.7",",,a,13,","252.7",",,,a"
"ASN00014005","1904-03","-13.5","131.4","77.0","BROCKS CREEK, AS","17",",a","17",",a","4",",a","19040305",",,a","59.9",",,a,05,","355.2",",,,a"
"ASN00014005","1904-04","-13.5","131.4","77.0","BROCKS CREEK, AS","10",",a","8",",a","4",",a","19040416",",,a","67.3",",,a,16,","254.2",",,,a"
"ASN00014005","1904-05","-13.5","131.4","77.0","BROCKS CREEK, AS","2",",a","0",",a","0",",a","19040530","+,,a","0.5",",,a,30,+","1.0",",,,a"
"ASN00014005","1904-06","-13.5","131.4","77.0","BROCKS CREEK, AS","3",",a","3",",a","0",",a","19040604",",,a","17.0",",,a,04,","25.6",",,,a"
"ASN00014005","1904-07","-13.5","131.4","77.0","BROCKS CREEK, AS","0",",a","0",",a","0",",a","19040731","+,,a","0.0",",,a,31,+","0.0",",,,a"
"ASN00014005","1904-08","-13.5","131.4","77.0","BROCKS CREEK, AS","0",",a","0",",a","0",",a","19040831","+,,a","0.0",",,a,31,+","0.0",",,,a"
"ASN00014005","1904-09","-13.5","131.4","77.0","BROCKS CREEK, AS","1",",a","0",",a","0",",a","19040930",",,a","1.0",",,a,30,","1.0",",,,a"
"ASN00014005","1904-10","-13.5","131.4","77.0","BROCKS CREEK, AS","5",",a","5",",a","1",",a","19041007",",,a","53.8",",,a,07,","83.4",",,,a"
"ASN00014005","1904-11","-13.5","131.4","77.0","BROCKS CREEK, AS","9",",a","5",",a","1",",a","19041122",",,a","48.3",",,a,22,","106.1",",,,a"
"ASN00014005","1904-12","-13.5","131.4","77.0","BROCKS CREEK, AS","11",",a","9",",a","2",",a","19041225",",,a","47.2",",,a,25,","183.6",",,,a"
"ASN00014005","1905-01","-13.5","131.4","77.0","BROCKS CREEK, AS","18",",a","13",",a","2",",a","19050129",",,a","44.2",",,a,29,","197.5",",,,a"
"ASN00014005","1905-02","-13.5","131.4","77.0","BROCKS CREEK, AS","16",",a","14",",a","1",",a","19050222",",,a","35.6",",,a,22,","156.6",",,,a"
"ASN00014005","1905-03","-13.5","131.4","77.0","BROCKS CREEK, AS","7",",a","7",",a","4",",a","19050317",",,a","56.6",",,a,17,","197.3",",,,a"
"ASN00014005","1905-04","-13.5","131.4","77.0","BROCKS CREEK, AS","11",",a","8",",a","3",",a","19050402",",,a","50.5",",,a,02,","200.3",",,,a"
"ASN00014005","1905-05","-13.5","131.4","77.0","BROCKS CREEK, AS","0",",a","0",",a","0",",a","19050531","+,,a","0.0",",,a,31,+","0.0",",,,a"
"ASN00014005","1905-06","-13.5","131.4","77.0","BROCKS CREEK, AS","1",",a","1",",a","0",",a","19050603",",,a","2.5",",,a,03,","2.5",",,,a"
"ASN00014005","1905-07","-13.5","131.4","77.0","BROCKS CREEK, AS","0",",a","0",",a","0",",a","19050731","+,,a","0.0",",,a,31,+","0.0",",,,a"
"ASN00014005","1905-08","-13.5","131.4","77.0","BROCKS CREEK, AS","0",",a","0",",a","0",",a","19050831","+,,a","0.0",",,a,31,+","0.0",",,,a"
"ASN00014005","1905-09","-13.5","131.4","77.0","BROCKS CREEK, AS","3",",a","3",",a","0",",a","19050923",",,a","6.4",",,a,23,","15.5",",,,a"
"ASN00014005","1905-10","-13.5","131.4","77.0","BROCKS CREEK, AS","5",",a","2",",a","0",",a","19051018",",,a","18.8",",,a,18,","27.4",",,,a"
"ASN00014005","1905-11","-13.5","131.4","77.0","BROCKS CREEK, AS","5",",a","5",",a","1",",a","19051119",",,a","27.2",",,a,19,","74.5",",,,a"
"ASN00014005","1905-12","-13.5","131.4","77.0","BROCKS CREEK, AS","9",",a","8",",a","2",",a","19051204",",,a","70.6",",,a,04,","159.9",",,,a"
"ASN00014005","1906-01","-13.5","131.4","77.0","BROCKS CREEK, AS","13",",a","11",",a","1",",a","19060106",",,a","113.5",",,a,06,","231.9",",,,a"
"ASN00014005","1906-02","-13.5","131.4","77.0","BROCKS CREEK, AS","11",",a","11",",a","3",",a","19060228",",,a","50.0",",,a,28,","222.6",",,,a"
"ASN00014005","1906-03","-13.5","131.4","77.0","BROCKS CREEK, AS","6",",a","5",",a","2",",a","19060302",",,a","45.2",",,a,02,","86.9",",,,a"
"ASN00014005","1906-04","-13.5","131.4","77.0","BROCKS CREEK, AS","0",",a","0",",a","0",",a","19060430","+,,a","0.0",",,a,30,+","0.0",",,,a"
"ASN00014005","1906-05","-13.5","131.4","77.0","BROCKS CREEK, AS","0",",a","0",",a","0",",a","19060531","+,,a","0.0",",,a,31,+","0.0",",,,a"
"ASN00014005","1906-06","-13.5","131.4","77.0","BROCKS CREEK, AS","0",",a","0",",a","0",",a","19060630","+,,a","0.0",",,a,30,+","0.0",",,,a"
"ASN00014005","1906-07","-13.5","131.4","77.0","BROCKS CREEK, AS","0",",a","0",",a","0",",a","19060731","+,,a","0.0",",,a,31,+","0.0",",,,a"
"ASN00014005","1906-08","-13.5","131.4","77.0","BROCKS CREEK, AS","0",",a","0",",a","0",",a","19060831","+,,a","0.0",",,a,31,+","0.0",",,,a"
"ASN00014005","1906-09","-13.5","131.4","77.0","BROCKS CREEK, AS","5",",a","5",",a","0",",a","19060929",",,a","16.0",",,a,29,","55.9",",,,a"
"ASN00014005","1906-10","-13.5","131.4","77.0","BROCKS CREEK, AS","7",",a","4",",a","3",",a","19061012",",,a","72.4",",,a,12,","157.0",",,,a"
"ASN00014005","1906-11","-13.5","131.4","77.0","BROCKS CREEK, AS","15",",a","13",",a","1",",a","19061120",",,a","49.8",",,a,20,","176.5",",,,a"
"ASN00014005","1906-12","-13.5","131.4","77.0","BROCKS CREEK, AS","14",",a","12",",a","3",",a","19061225",",,a","63.2",",,a,25,","238.0",",,,a"
"ASN00014005","1907-01","-13.5","131.4","77.0","BROCKS CREEK, AS","15",",a","12",",a","1",",a","19070122",",,a","56.4",",,a,22,","145.6",",,,a"
"ASN00014005","1907-02","-13.5","131.4","77.0","BROCKS CREEK, AS","22",",a","19",",a","5",",a","19070224",",,a","82.8",",,a,24,","326.8",",,,a"
"ASN00014005","1907-03","-13.5","131.4","77.0","BROCKS CREEK, AS","11",",a","8",",a","2",",a","19070308",",,a","66.8",",,a,08,","198.5",",,,a"
"ASN00014005","1907-04","-13.5","131.4","77.0","BROCKS CREEK, AS","4",",a","2",",a","0",",a","19070403",",,a","6.1",",,a,03,","12.0",",,,a"
"ASN00014005","1907-05","-13.5","131.4","77.0","BROCKS CREEK, AS","0",",a","0",",a","0",",a","19070531","+,,a","0.0",",,a,31,+","0.0",",,,a"
"ASN00014005","1907-06","-13.5","131.4","77.0","BROCKS CREEK, AS","1",",a","1",",a","0",",a","19070606",",,a","2.5",",,a,06,","2.5",",,,a"
"ASN00014005","1907-07","-13.5","131.4","77.0","BROCKS CREEK, AS","1",",a","1",",a","0",",a","19070729",",,a","4.1",",,a,29,","4.1",",,,a"
"ASN00014005","1907-08","-13.5","131.4","77.0","BROCKS CREEK, AS","0",",a","0",",a","0",",a","19070831","+,,a","0.0",",,a,31,+","0.0",",,,a"
"ASN00014005","1907-09","-13.5","131.4","77.0","BROCKS CREEK, AS","0",",a","0",",a","0",",a","19070930","+,,a","0.0",",,a,30,+","0.0",",,,a"
"ASN00014005","1907-10","-13.5","131.4","77.0","BROCKS CREEK, AS","6",",a","5",",a","1",",a","19071001",",,a","31.2",",,a,01,","63.9",",,,a"
"ASN00014005","1907-11","-13.5","131.4","77.0","BROCKS CREEK, AS","","","","","","","","","","","113.6",",a,,a"
"ASN00014005","1907-12","-13.5","131.4","77.0","BROCKS CREEK, AS","16",",a","15",",a","7",",a","19071217",",,a","76.2",",,a,17,","396.4",",,,a"
"ASN00014005","1908-01","-13.5","131.4","77.0","BROCKS CREEK, AS","19",",a","11",",a","5",",a","19080106",",,a","59.4",",,a,06,","284.0",",,,a"
"ASN00014005","1908-02","-13.5","131.4","77.0","BROCKS CREEK, AS","22",",a","17",",a","1",",a","19080228",",,a","66.3",",,a,28,","261.1",",,,a"
"ASN00014005","1908-03","-13.5","131.4","77.0","BROCKS CREEK, AS","10",",a","10",",a","4",",a","19080329",",,a","121.2",",,a,29,","365.9",",,,a"
"ASN00014005","1908-04","-13.5","131.4","77.0","BROCKS CREEK, AS","7",",a","5",",a","0",",a","19080418",",,a","12.2",",,a,18,","32.0",",,,a"
"ASN00014005","1908-05","-13.5","131.4","77.0","BROCKS CREEK, AS","0",",a","0",",a","0",",a","19080531","+,,a","0.0",",,a,31,+","0.0",",,,a"
"ASN00014005","1908-06","-13.5","131.4","77.0","BROCKS CREEK, AS","0",",a","0",",a","0",",a","19080630","+,,a","0.0",",,a,30,+","0.0",",,,a"
"ASN00014005","1908-07","-13.5","131.4","77.0","BROCKS CREEK, AS","1",",a","0",",a","0",",a","19080731",",,a","1.8",",,a,31,","1.8",",,,a"
"ASN00014005","1908-08","-13.5","131.4","77.0","BROCKS CREEK, AS","0",",a","0",",a","0",",a","19080831","+,,a","0.0",",,a,31,+","0.0",",,,a"
"ASN00014005","1908-09","-13.5","131.4","77.0","BROCKS CREEK, AS","0",",a","0",",a","0",",a","19080930","+,,a","0.0",",,a,30,+","0.0",",,,a"
"ASN00014005","1908-10","-13.5","131.4","77.0","BROCKS CREEK, AS","3",",a","2",",a","0",",a","19081019",",,a","21.1",",,a,19,","42.7",",,,a"
"ASN00014005","1908-11","-13.5","131.4","77.0","BROCKS CREEK, AS","14",",a","9",",a","0",",a","19081128",",,a","12.7",",,a,28,","53.1",",,,a"
"ASN00014005","1908-12","-13.5","131.4","77.0","BROCKS CREEK, AS","18",",a","13",",a","6",",a","19081208",",,a","47.8",",,a,08,","332.2",",,,a"
"ASN00014005","1909-01","-13.5","131.4","77.0","BROCKS CREEK, AS","17","1,a","11","1,a","4","1,a","19090131",",1,a","45.2","1,,a,31,","226.2","1,,,a"
"ASN00014005","1909-02","-13.5","131.4","77.0","BROCKS CREEK, AS","13",",a","9",",a","5",",a","19090227",",,a","80.8",",,a,27,","298.9",",,,a"
"ASN00014005","1909-03","-13.5","131.4","77.0","BROCKS CREEK, AS","20",",a","14",",a","3",",a","19090322",",,a","101.6",",,a,22,","253.0",",,,a"
"ASN00014005","1909-04","-13.5","131.4","77.0","BROCKS CREEK, AS","11",",a","6",",a","0",",a","19090420",",,a","15.2",",,a,20,","58.4",",,,a"
"ASN00014005","1909-05","-13.5","131.4","77.0","BROCKS CREEK, AS","1",",a","1",",a","0",",a","19090507",",,a","9.4",",,a,07,","9.4",",,,a"
"ASN00014005","1909-06","-13.5","131.4","77.0","BROCKS CREEK, AS","0",",a","0",",a","0",",a","19090630","+,,a","0.0",",,a,30,+","0.0",",,,a"
"ASN00014005","1909-07","-13.5","131.4","77.0","BROCKS CREEK, AS","0",",a","0",",a","0",",a","19090731","+,,a","0.0",",,a,31,+","0.0",",,,a"
"ASN00014005","1909-08","-13.5","131.4","77.0","BROCKS CREEK, AS","3",",a","0",",a","0",",a","19090814",",,a","1.8",",,a,14,","2.9",",,,a"
"ASN00014005","1909-09","-13.5","131.4","77.0","BROCKS CREEK, AS","1",",a","1",",a","0",",a","19090901",",,a","15.2",",,a,01,","15.2",",,,a"
"ASN00014005","1909-10","-13.5","131.4","77.0","BROCKS CREEK, AS","6",",a","4",",a","0",",a","19091014",",,a","14.2",",,a,14,","44.1",",,,a"
"ASN00014005","1909-11","-13.5","131.4","77.0","BROCKS CREEK, AS","15",",a","10",",a","3",",a","19091118",",,a","52.1",",,a,18,","180.8",",,,a"
"ASN00014005","1909-12","-13.5","131.4","77.0","BROCKS CREEK, AS","10",",a","9",",a","1",",a","19091225",",,a","25.4",",,a,25,","109.6",",,,a"
"ASN00014005","1910-01","-13.5","131.4","77.0","BROCKS CREEK, AS","19",",a","14",",a","3",",a","19100113",",,a","86.4",",,a,13,","305.1",",,,a"
"ASN00014005","1910-02","-13.5","131.4","77.0","BROCKS CREEK, AS","22",",a","19",",a","8",",a","19100219",",,a","57.9",",,a,19,","442.6",",,,a"
"ASN00014005","1910-03","-13.5","131.4","77.0","BROCKS CREEK, AS","11",",a","7",",a","1",",a","19100310",",,a","53.3",",,a,10,","124.5",",,,a"
"ASN00014005","1910-04","-13.5","131.4","77.0","BROCKS CREEK, AS","9",",a","8",",a","4",",a","19100414",",,a","32.0",",,a,14,","138.9",",,,a"
"ASN00014005","1910-05","-13.5","131.4","77.0","BROCKS CREEK, AS","0",",a","0",",a","0",",a","19100531","+,,a","0.0",",,a,31,+","0.0",",,,a"
"ASN00014005","1910-06","-13.5","131.4","77.0","BROCKS CREEK, AS","0",",a","0",",a","0",",a","19100630","+,,a","0.0",",,a,30,+","0.0",",,,a"
"ASN00014005","1910-07","-13.5","131.4","77.0","BROCKS CREEK, AS","1",",a","0",",a","0",",a","19100711",",,a","0.8",",,a,11,","0.8",",,,a"
"ASN00014005","1910-08","-13.5","131.4","77.0","BROCKS CREEK, AS","0",",a","0",",a","0",",a","19100831","+,,a","0.0",",,a,31,+","0.0",",,,a"
"ASN00014005","1910-09","-13.5","131.4","77.0","BROCKS CREEK, AS","0",",a","0",",a","0",",a","19100930","+,,a","0.0",",,a,30,+","0.0",",,,a"
"ASN00014005","1910-10","-13.5","131.4","77.0","BROCKS CREEK, AS","7",",a","6",",a","1",",a","19101015",",,a","39.1",",,a,15,","91.8",",,,a"
"ASN00014005","1910-11","-13.5","131.4","77.0","BROCKS CREEK, AS","15",",a","9",",a","1",",a","19101112",",,a","27.4",",,a,12,","126.2",",,,a"
"ASN00014005","1910-12","-13.5","131.4","77.0","BROCKS CREEK, AS","22",",a","16",",a","2",",a","19101224",",,a","38.1",",,a,24,","237.6",",,,a"
"ASN00014005","1911-01","-13.5","131.4","77.0","BROCKS CREEK, AS","21",",a","16",",a","4",",a","19110128",",,a","52.1",",,a,28,","292.2",",,,a"
"ASN00014005","1911-02","-13.5","131.4","77.0","BROCKS CREEK, AS","14",",a","10",",a","2",",a","19110207",",,a","50.8",",,a,07,","163.5",",,,a"
"ASN00014005","1911-03","-13.5","131.4","77.0","BROCKS CREEK, AS","5",",a","4",",a","1",",a","19110306",",,a","48.3",",,a,06,","91.5",",,,a"
"ASN00014005","1911-04","-13.5","131.4","77.0","BROCKS CREEK, AS","9",",a","6",",a","1",",a","19110402",",,a","34.3",",,a,02,","78.0",",,,a"
"ASN00014005","1911-05","-13.5","131.4","77.0","BROCKS CREEK, AS","0",",a","0",",a","0",",a","19110531","+,,a","0.0",",,a,31,+","0.0",",,,a"
"ASN00014005","1911-06","-13.5","131.4","77.0","BROCKS CREEK, AS","0",",a","0",",a","0",",a","19110630","+,,a","0.0",",,a,30,+","0.0",",,,a"
"ASN00014005","1911-07","-13.5","131.4","77.0","BROCKS CREEK, AS","0",",a","0",",a","0",",a","19110731","+,,a","0.0",",,a,31,+","0.0",",,,a"
"ASN00014005","1911-08","-13.5","131.4","77.0","BROCKS CREEK, AS","0",",a","0",",a","0",",a","19110831","+,,a","0.0",",,a,31,+","0.0",",,,a"
"ASN00014005","1911-09","-13.5","131.4","77.0","BROCKS CREEK, AS","0",",a","0",",a","0",",a","19110930","+,,a","0.0",",,a,30,+","0.0",",,,a"
"ASN00014005","1911-10","-13.5","131.4","77.0","BROCKS CREEK, AS","5",",a","4",",a","2",",a","19111031",",,a","34.8",",,a,31,","82.5",",,,a"
"ASN00014005","1911-11","-13.5","131.4","77.0","BROCKS CREEK, AS","8",",a","3",",a","1",",a","19111121",",,a","26.7",",,a,21,","42.0",",,,a"
"ASN00014005","1911-12","-13.5","131.4","77.0","BROCKS CREEK, AS","18",",a","11",",a","1",",a","19111210",",,a","30.5",",,a,10,","105.4",",,,a"
"ASN00014005","1912-01","-13.5","131.4","77.0","BROCKS CREEK, AS","23",",a","14",",a","3",",a","19120115",",,a","61.5",",,a,15,","281.8",",,,a"
"ASN00014005","1912-02","-13.5","131.4","77.0","BROCKS CREEK, AS","20",",a","19",",a","2",",a","19120202",",,a","42.4",",,a,02,","249.8",",,,a"
"ASN00014005","1912-03","-13.5","131.4","77.0","BROCKS CREEK, AS","21",",a","16",",a","7",",a","19120311",",,a","68.8",",,a,11,","415.6",",,,a"
"ASN00014005","1912-04","-13.5","131.4","77.0","BROCKS CREEK, AS","3",",a","2",",a","0",",a","19120401",",,a","13.7",",,a,01,","20.8",",,,a"
"ASN00014005","1912-05","-13.5","131.4","77.0","BROCKS CREEK, AS","0",",a","0",",a","0",",a","19120531","+,,a","0.0",",,a,31,+","0.0",",,,a"
"ASN00014005","1912-06","-13.5","131.4","77.0","BROCKS CREEK, AS","0",",a","0",",a","0",",a","19120630","+,,a","0.0",",,a,30,+","0.0",",,,a"
"ASN00014005","1912-07","-13.5","131.4","77.0","BROCKS CREEK, AS","0",",a","0",",a","0",",a","19120731","+,,a","0.0",",,a,31,+","0.0",",,,a"
"ASN00014005","1912-08","-13.5","131.4","77.0","BROCKS CREEK, AS","0",",a","0",",a","0",",a","19120831","+,,a","0.0",",,a,31,+","0.0",",,,a"
"ASN00014005","1912-09","-13.5","131.4","77.0","BROCKS CREEK, AS","2",",a","2",",a","0",",a","19120920",",,a","10.7",",,a,20,","13.2",",,,a"
"ASN00014005","1912-10","-13.5","131.4","77.0","BROCKS CREEK, AS","6",",a","2",",a","0",",a","19121030",",,a","9.4",",,a,30,","19.0",",,,a"
"ASN00014005","1912-11","-13.5","131.4","77.0","BROCKS CREEK, AS","9",",a","6",",a","1",",a","19121112",",,a","82.6",",,a,12,","145.1",",,,a"
"ASN00014005","1912-12","-13.5","131.4","77.0","BROCKS CREEK, AS","11",",a","7",",a","2",",a","19121230",",,a","38.1",",,a,30,","109.0",",,,a"
"ASN00014005","1913-01","-13.5","131.4","77.0","BROCKS CREEK, AS","21",",a","17",",a","4",",a","19130130",",,a","58.9",",,a,30,","357.8",",,,a"
"ASN00014005","1913-02","-13.5","131.4","77.0","BROCKS CREEK, AS","18",",a","16",",a","5",",a","19130207",",,a","91.9",",,a,07,","422.7",",,,a"
"ASN00014005","1913-03","-13.5","131.4","77.0","BROCKS CREEK, AS","21",",a","20",",a","4",",a","19130308",",,a","113.0",",,a,08,","394.0",",,,a"
"ASN00014005","1913-04","-13.5","131.4","77.0","BROCKS CREEK, AS","0",",a","0",",a","0",",a","19130430","+,,a","0.0",",,a,30,+","0.0",",,,a"
"ASN00014005","1913-05","-13.5","131.4","77.0","BROCKS CREEK, AS","0",",a","0",",a","0",",a","19130531","+,,a","0.0",",,a,31,+","0.0",",,,a"
"ASN00014005","1913-06","-13.5","131.4","77.0","BROCKS CREEK, AS","0",",a","0",",a","0",",a","19130630","+,,a","0.0",",,a,30,+","0.0",",,,a"
"ASN00014005","1913-07","-13.5","131.4","77.0","BROCKS CREEK, AS","0",",a","0",",a","0",",a","19130731","+,,a","0.0",",,a,31,+","0.0",",,,a"
"ASN00014005","1913-08","-13.5","131.4","77.0","BROCKS CREEK, AS","0",",a","0",",a","0",",a","19130831","+,,a","0.0",",,a,31,+","0.0",",,,a"
"ASN00014005","1913-09","-13.5","131.4","77.0","BROCKS CREEK, AS","0",",a","0",",a","0",",a","19130930","+,,a","0.0",",,a,30,+","0.0",",,,a"
"ASN00014005","1913-10","-13.5","131.4","77.0","BROCKS CREEK, AS","1",",a","0",",a","0",",a","19131019",",,a","1.0",",,a,19,","1.0",",,,a"
"ASN00014005","1913-11","-13.5","131.4","77.0","BROCKS CREEK, AS","6",",a","3",",a","1",",a","19131122",",,a","27.9",",,a,22,","54.9",",,,a"
"ASN00014005","1913-12","-13.5","131.4","77.0","BROCKS CREEK, AS","14",",a","10",",a","2",",a","19131227",",,a","92.7",",,a,27,","217.9",",,,a"
"ASN00014005","1914-01","-13.5","131.4","77.0","BROCKS CREEK, AS","20",",a","15",",a","5",",a","19140104",",,a","271.3",",,a,04,","646.7",",,,a"
"ASN00014005","1914-02","-13.5","131.4","77.0","BROCKS CREEK, AS","15",",a","10",",a","3",",a","19140220",",,a","36.8",",,a,20,","164.3",",,,a"
"ASN00014005","1914-03","-13.5","131.4","77.0","BROCKS CREEK, AS","17",",a","13",",a","2",",a","19140317",",,a","33.8",",,a,17,","157.3",",,,a"
"ASN00014005","1914-04","-13.5","131.4","77.0","BROCKS CREEK, AS","5",",a","3",",a","0",",a","19140414",",,a","19.6",",,a,14,","26.4",",,,a"
"ASN00014005","1914-05","-13.5","131.4","77.0","BROCKS CREEK, AS","4",",a","3",",a","1",",a","19140509",",,a","39.6",",,a,09,","45.9",",,,a"
"ASN00014005","1914-06","-13.5","131.4","77.0","BROCKS CREEK, AS","0",",a","0",",a","0",",a","19140630","+,,a","0.0",",,a,30,+","0.0",",,,a"
"ASN00014005","1914-07","-13.5","131.4","77.0","BROCKS CREEK, AS","0",",a","0",",a","0",",a","19140731","+,,a","0.0",",,a,31,+","0.0",",,,a"
"ASN00014005","1914-08","-13.5","131.4","77.0","BROCKS CREEK, AS","0",",a","0",",a","0",",a","19140831","+,,a","0.0",",,a,31,+","0.0",",,,a"
"ASN00014005","1914-09","-13.5","131.4","77.0","BROCKS CREEK, AS","0",",a","0",",a","0",",a","19140930","+,,a","0.0",",,a,30,+","0.0",",,,a"
"ASN00014005","1914-10","-13.5","131.4","77.0","BROCKS CREEK, AS","3",",a","2",",a","0",",a","19141023",",,a","6.4",",,a,23,","10.7",",,,a"
"ASN00014005","1914-11","-13.5","131.4","77.0","BROCKS CREEK, AS","14",",a","10",",a","2",",a","19141130",",,a","29.5",",,a,30,","112.0",",,,a"
"ASN00014005","1914-12","-13.5","131.4","77.0","BROCKS CREEK, AS","18",",a","11",",a","2",",a","19141218",",,a","47.0",",,a,18,","151.0",",,,a"
"ASN00014005","1915-01","-13.5","131.4","77.0","BROCKS CREEK, AS","20",",a","19",",a","7",",a","19150109",",,a","94.5",",,a,09,","534.7",",,,a"
"ASN00014005","1915-02","-13.5","131.4","77.0","BROCKS CREEK, AS","15",",a","12",",a","2",",a","19150216",",,a","55.1",",,a,16,","196.3",",,,a"
"ASN00014005","1915-03","-13.5","131.4","77.0","BROCKS CREEK, AS","9",",a","7",",a","2",",a","19150330",",,a","60.2",",,a,30,","178.4",",,,a"
"ASN00014005","1915-04","-13.5","131.4","77.0","BROCKS CREEK, AS","1",",a","0",",a","0",",a","19150422",",,a","0.5",",,a,22,","0.5",",,,a"
"ASN00014005","1915-05","-13.5","131.4","77.0","BROCKS CREEK, AS","1",",a","1",",a","1",",a","19150516",",,a","44.2",",,a,16,","44.2",",,,a"
"ASN00014005","1915-06","-13.5","131.4","77.0","BROCKS CREEK, AS","0",",a","0",",a","0",",a","19150630","+,,a","0.0",",,a,30,+","0.0",",,,a"
"ASN00014005","1915-07","-13.5","131.4","77.0","BROCKS CREEK, AS","0",",a","0",",a","0",",a","19150731","+,,a","0.0",",,a,31,+","0.0",",,,a"
"ASN00014005","1915-08","-13.5","131.4","77.0","BROCKS CREEK, AS","0",",a","0",",a","0",",a","19150831","+,,a","0.0",",,a,31,+","0.0",",,,a"
"ASN00014005","1915-09","-13.5","131.4","77.0","BROCKS CREEK, AS","3",",a","1",",a","0",",a","19150924",",,a","12.2",",,a,24,","13.2",",,,a"
"ASN00014005","1915-10","-13.5","131.4","77.0","BROCKS CREEK, AS","8",",a","7",",a","0",",a","19151018",",,a","24.6",",,a,18,","69.8",",,,a"
"ASN00014005","1915-11","-13.5","131.4","77.0","BROCKS CREEK, AS","12",",a","8",",a","2",",a","19151108",",,a","34.8",",,a,08,","122.8",",,,a"
"ASN00014005","1915-12","-13.5","131.4","77.0","BROCKS CREEK, AS","16",",a","12",",a","4",",a","19151224",",,a","364.0",",,a,24,","712.8",",,,a"
"ASN00014005","1916-01","-13.5","131.4","77.0","BROCKS CREEK, AS","24",",a","21",",a","5",",a","19160130",",,a","50.8",",,a,30,","331.2",",,,a"
"ASN00014005","1916-02","-13.5","131.4","77.0","BROCKS CREEK, AS","18",",a","18",",a","5",",a","19160201",",,a","50.8",",,a,01,","349.9",",,,a"
"ASN00014005","1916-03","-13.5","131.4","77.0","BROCKS CREEK, AS","14",",a","12",",a","4",",a","19160308",",,a","87.6",",,a,08,","286.5",",,,a"
"ASN00014005","1916-04","-13.5","131.4","77.0","BROCKS CREEK, AS","1",",a","1",",a","0",",a","19160407",",,a","2.5",",,a,07,","2.5",",,,a"
"ASN00014005","1916-05","-13.5","131.4","77.0","BROCKS CREEK, AS","2",",a","0",",a","0",",a","19160502",",,a","0.8",",,a,02,","1.3",",,,a"
"ASN00014005","1916-06","-13.5","131.4","77.0","BROCKS CREEK, AS","0",",a","0",",a","0",",a","19160630","+,,a","0.0",",,a,30,+","0.0",",,,a"
"ASN00014005","1916-07","-13.5","131.4","77.0","BROCKS CREEK, AS","0",",a","0",",a","0",",a","19160731","+,,a","0.0",",,a,31,+","0.0",",,,a"
"ASN00014005","1916-08","-13.5","131.4","77.0","BROCKS CREEK, AS","0",",a","0",",a","0",",a","19160831","+,,a","0.0",",,a,31,+","0.0",",,,a"
"ASN00014005","1916-09","-13.5","131.4","77.0","BROCKS CREEK, AS","1",",a","0",",a","0",",a","19160929",",,a","0.8",",,a,29,","0.8",",,,a"
"ASN00014005","1916-10","-13.5","131.4","77.0","BROCKS CREEK, AS","9",",a","3",",a","0",",a","19161005",",,a","6.6",",,a,05,","21.1",",,,a"
"ASN00014005","1916-11","-13.5","131.4","77.0","BROCKS CREEK, AS","14",",a","12",",a","3",",a","19161112",",,a","54.9",",,a,12,","197.2",",,,a"
"ASN00014005","1916-12","-13.5","131.4","77.0","BROCKS CREEK, AS","18",",a","15",",a","4",",a","19161223",",,a","62.5",",,a,23,","260.9",",,,a"
"ASN00014005","1917-01","-13.5","131.4","77.0","BROCKS CREEK, AS","26",",a","19",",a","3",",a","19170112",",,a","71.1",",,a,12,","319.7",",,,a"
"ASN00014005","1917-02","-13.5","131.4","77.0","BROCKS CREEK, AS","19",",a","16",",a","4",",a","19170216",",,a","53.1",",,a,16,","265.0",",,,a"
"ASN00014005","1917-03","-13.5","131.4","77.0","BROCKS CREEK, AS","16",",a","13",",a","3",",a","19170322",",,a","41.9",",,a,22,","211.9",",,,a"
"ASN00014005","1917-04","-13.5","131.4","77.0","BROCKS CREEK, AS","3",",a","3",",a","0",",a","19170405",",,a","24.1",",,a,05,","38.1",",,,a"
"ASN00014005","1917-05","-13.5","131.4","77.0","BROCKS CREEK, AS","0",",a","0",",a","0",",a","19170531","+,,a","0.0",",,a,31,+","0.0",",,,a"
"ASN00014005","1917-06","-13.5","131.4","77.0","BROCKS CREEK, AS","1",",a","1",",a","0",",a","19170611",",,a","15.5",",,a,11,","15.5",",,,a"
"ASN00014005","1917-07","-13.5","131.4","77.0","BROCKS CREEK, AS","0",",a","0",",a","0",",a","19170731","+,,a","0.0",",,a,31,+","0.0",",,,a"
"ASN00014005","1917-09","-13.5","131.4","77.0","BROCKS CREEK, AS","2",",a","2",",a","1",",a","19170918",",,a","45.7",",,a,18,","64.8",",,,a"
"ASN00014005","1917-10","-13.5","131.4","77.0","BROCKS CREEK, AS","6",",a","6",",a","1",",a","19171005",",,a","46.7",",,a,05,","63.9",",,,a"
"ASN00014005","1917-11","-13.5","131.4","77.0","BROCKS CREEK, AS","9",",a","9",",a","2",",a","19171118",",,a","47.5",",,a,18,","152.9",",,,a"
"ASN00014005","1917-12","-13.5","131.4","77.0","BROCKS CREEK, AS","17",",a","16",",a","3",",a","19171215",",,a","82.0",",,a,15,","332.0",",,,a"
"ASN00014005","1918-02","-13.5","131.4","77.0","BROCKS CREEK, AS","20",",a","20",",a","5",",a","19180221","+,,a","39.4",",,a,21,+","354.3",",,,a"
"ASN00014005","1918-03","-13.5","131.4","77.0","BROCKS CREEK, AS","3",",a","3",",a","0",",a","19180327",",,a","10.2",",,a,27,","21.8",",,,a"
"ASN00014005","1918-04","-13.5","131.4","77.0","BROCKS CREEK, AS","1",",a","1",",a","0",",a","19180408",",,a","10.7",",,a,08,","10.7",",,,a"
"ASN00014005","1918-05","-13.5","131.4","77.0","BROCKS CREEK, AS","0",",a","0",",a","0",",a","19180531","+,,a","0.0",",,a,31,+","0.0",",,,a"
"ASN00014005","1918-06","-13.5","131.4","77.0","BROCKS CREEK, AS","0",",a","0",",a","0",",a","19180630","+,,a","0.0",",,a,30,+","0.0",",,,a"
"ASN00014005","1918-07","-13.5","131.4","77.0","BROCKS CREEK, AS","0",",a","0",",a","0",",a","19180731","+,,a","0.0",",,a,31,+","0.0",",,,a"
"ASN00014005","1918-09","-13.5","131.4","77.0","BROCKS CREEK, AS","0",",a","0",",a","0",",a","19180930","+,,a","0.0",",,a,30,+","0.0",",,,a"
"ASN00014005","1918-10","-13.5","131.4","77.0","BROCKS CREEK, AS","2",",a","1",",a","0",",a","19181015",",,a","3.6",",,a,15,","4.1",",,,a"
"ASN00014005","1918-11","-13.5","131.4","77.0","BROCKS CREEK, AS","6",",a","4",",a","1",",a","19181101",",,a","25.4",",,a,01,","63.5",",,,a"
"ASN00014005","1918-12","-13.5","131.4","77.0","BROCKS CREEK, AS","17",",a","16",",a","1",",a","19181219",",,a","30.5",",,a,19,","184.0",",,,a"
"ASN00014005","1919-01","-13.5","131.4","77.0","BROCKS CREEK, AS","16",",a","15",",a","2",",a","19190108",",,a","58.7",",,a,08,","214.7",",,,a"
"ASN00014005","1919-02","-13.5","131.4","77.0","BROCKS CREEK, AS","16",",a","15",",a","4",",a","19190204",",,a","78.7",",,a,04,","352.9",",,,a"
"ASN00014005","1919-03","-13.5","131.4","77.0","BROCKS CREEK, AS","10",",a","8",",a","2",",a","19190305",",,a","70.4",",,a,05,","149.4",",,,a"
"ASN00014005","1919-04","-13.5","131.4","77.0","BROCKS CREEK, AS","5",",a","4",",a","1",",a","19190408",",,a","30.5",",,a,08,","68.1",",,,a"
"ASN00014005","1919-05","-13.5","131.4","77.0","BROCKS CREEK, AS","1",",a","0",",a","0",",a","19190519",",,a","1.0",",,a,19,","1.0",",,,a"
"ASN00014005","1919-06","-13.5","131.4","77.0","BROCKS CREEK, AS","1",",a","1",",a","0",",a","19190616",",,a","3.0",",,a,16,","3.0",",,,a"
"ASN00014005","1919-07","-13.5","131.4","77.0","BROCKS CREEK, AS","0",",a","0",",a","0",",a","19190731","+,,a","0.0",",,a,31,+","0.0",",,,a"
"ASN00014005","1919-08","-13.5","131.4","77.0","BROCKS CREEK, AS","0",",a","0",",a","0",",a","19190831","+,,a","0.0",",,a,31,+","0.0",",,,a"
"ASN00014005","1919-09","-13.5","131.4","77.0","BROCKS CREEK, AS","1",",a","1",",a","1",",a","19190919",",,a","62.0",",,a,19,","62.0",",,,a"
"ASN00014005","1919-10","-13.5","131.4","77.0","BROCKS CREEK, AS","1",",a","1",",a","0",",a","19191010",",,a","6.4",",,a,10,","6.4",",,,a"
"ASN00014005","1919-11","-13.5","131.4","77.0","BROCKS CREEK, AS","11",",a","11",",a","3",",a","19191115",",,a","64.8",",,a,15,","224.5",",,,a"
"ASN00014005","1919-12","-13.5","131.4","77.0","BROCKS CREEK, AS","15",",a","12",",a","4",",a","19191217",",,a","53.3",",,a,17,","217.7",",,,a"
"ASN00014005","1920-09","-13.5","131.4","77.0","BROCKS CREEK, AS","2",",a","0",",a","0",",a","19200918","+,,a","0.8",",,a,18,+","1.6",",,,a"
"ASN00014005","1920-11","-13.5","131.4","77.0","BROCKS CREEK, AS","9",",a","9",",a","1",",a","19201123",",,a","47.0",",,a,23,","106.9",",,,a"
"ASN00014005","1921-01","-13.5","131.4","77.0","BROCKS CREEK, AS","17",",a","14",",a","6",",a","19210105",",,a","45.7",",,a,05,","288.4",",,,a"
"ASN00014005","1921-02","-13.5","131.4","77.0","BROCKS CREEK, AS","14",",a","12",",a","2",",a","19210221",",,a","100.3",",,a,21,","266.1",",,,a"
"ASN00014005","1921-03","-13.5","131.4","77.0","BROCKS CREEK, AS","16",",a","15",",a","7",",a","19210328",",,a","68.6",",,a,28,","435.8",",,,a"
"ASN00014005","1921-04","-13.5","131.4","77.0","BROCKS CREEK, AS","0",",a","0",",a","0",",a","19210430","+,,a","0.0",",,a,30,+","0.0",",,,a"
"ASN00014005","1921-05","-13.5","131.4","77.0","BROCKS CREEK, AS","1",",a","1",",a","0",",a","19210531",",,a","5.1",",,a,31,","5.1",",,,a"
"ASN00014005","1921-06","-13.5","131.4","77.0","BROCKS CREEK, AS","0",",a","0",",a","0",",a","19210630","+,,a","0.0",",,a,30,+","0.0",",,,a"
"ASN00014005","1921-07","-13.5","131.4","77.0","BROCKS CREEK, AS","0",",a","0",",a","0",",a","19210731","+,,a","0.0",",,a,31,+","0.0",",,,a"
"ASN00014005","1921-08","-13.5","131.4","77.0","BROCKS CREEK, AS","0",",a","0",",a","0",",a","19210831","+,,a","0.0",",,a,31,+","0.0",",,,a"
"ASN00014005","1921-09","-13.5","131.4","77.0","BROCKS CREEK, AS","3",",a","3",",a","1",",a","19210916",",,a","31.8",",,a,16,","38.6",",,,a"
"ASN00014005","1921-10","-13.5","131.4","77.0","BROCKS CREEK, AS","4",",a","2",",a","0",",a","19211022",",,a","15.2",",,a,22,","29.0",",,,a"
"ASN00014005","1921-11","-13.5","131.4","77.0","BROCKS CREEK, AS","10",",a","10",",a","3",",a","19211123",",,a","39.4",",,a,23,","170.0",",,,a"
"ASN00014005","1921-12","-13.5","131.4","77.0","BROCKS CREEK, AS","11",",a","11",",a","3",",a","19211226",",,a","29.2",",,a,26,","144.0",",,,a"
"ASN00014005","1924-01","-13.5","131.4","77.0","BROCKS CREEK, AS","12",",a","11",",a","1",",a","19240128",",,a","36.8",",,a,28,","133.4",",,,a"
"ASN00014005","1924-02","-13.5","131.4","77.0","BROCKS CREEK, AS","11",",a","9",",a","2",",a","19240225",",,a","30.0",",,a,25,","144.2",",,,a"
"ASN00014005","1924-03","-13.5","131.4","77.0","BROCKS CREEK, AS","5",",a","4",",a","0",",a","19240314",",,a","20.3",",,a,14,","46.4",",,,a"
"ASN00014005","1924-04","-13.5","131.4","77.0","BROCKS CREEK, AS","0",",a","0",",a","0",",a","19240430","+,,a","0.0",",,a,30,+","0.0",",,,a"
"ASN00014005","1924-05","-13.5","131.4","77.0","BROCKS CREEK, AS","0",",a","0",",a","0",",a","19240531","+,,a","0.0",",,a,31,+","0.0",",,,a"
"ASN00014005","1924-06","-13.5","131.4","77.0","BROCKS CREEK, AS","0",",a","0",",a","0",",a","19240630","+,,a","0.0",",,a,30,+","0.0",",,,a"
"ASN00014005","1924-07","-13.5","131.4","77.0","BROCKS CREEK, AS","1",",a","0",",a","0",",a","19240715",",,a","0.5",",,a,15,","0.5",",,,a"
"ASN00014005","1924-08","-13.5","131.4","77.0","BROCKS CREEK, AS","1",",a","0",",a","0",",a","19240824",",,a","1.3",",,a,24,","1.3",",,,a"
"ASN00014005","1924-09","-13.5","131.4","77.0","BROCKS CREEK, AS","2",",a","2",",a","0",",a","19240929",",,a","16.8",",,a,29,","24.7",",,,a"
"ASN00014005","1924-10","-13.5","131.4","77.0","BROCKS CREEK, AS","5",",a","5",",a","0",",a","19241017",",,a","17.0",",,a,17,","65.7",",,,a"
"ASN00014005","1924-11","-13.5","131.4","77.0","BROCKS CREEK, AS","8",",a","7",",a","2",",a","19241110",",,a","26.9",",,a,10,","130.4",",,,a"
"ASN00014005","1924-12","-13.5","131.4","77.0","BROCKS CREEK, AS","8",",a","6",",a","2",",a","19241209",",,a","42.7",",,a,09,","122.2",",,,a"
"ASN00014005","1926-06","-13.5","131.4","77.0","BROCKS CREEK, AS","0",",a","0",",a","0",",a","19260630","+,,a","0.0",",,a,30,+","0.0",",,,a"
"ASN00014005","1926-07","-13.5","131.4","77.0","BROCKS CREEK, AS","0",",a","0",",a","0",",a","19260731","+,,a","0.0",",,a,31,+","0.0",",,,a"
"ASN00014005","1926-08","-13.5","131.4","77.0","BROCKS CREEK, AS","0",",a","0",",a","0",",a","19260831","+,,a","0.0",",,a,31,+","0.0",",,,a"
"ASN00014005","1926-10","-13.5","131.4","77.0","BROCKS CREEK, AS","0",",a","0",",a","0",",a","19261031","+,,a","0.0",",,a,31,+","0.0",",,,a"
"ASN00014005","1927-06","-13.5","131.4","77.0","BROCKS CREEK, AS","0",",a","0",",a","0",",a","19270630","+,,a","0.0",",,a,30,+","0.0",",,,a"
"ASN00014005","1927-07","-13.5","131.4","77.0","BROCKS CREEK, AS","0",",a","0",",a","0",",a","19270731","+,,a","0.0",",,a,31,+","0.0",",,,a"
"ASN00014005","1927-08","-13.5","131.4","77.0","BROCKS CREEK, AS","0",",a","0",",a","0",",a","19270831","+,,a","0.0",",,a,31,+","0.0",",,,a"
"ASN00014005","1927-09","-13.5","131.4","77.0","BROCKS CREEK, AS","0",",a","0",",a","0",",a","19270930","+,,a","0.0",",,a,30,+","0.0",",,,a"
"ASN00014005","1928-05","-13.5","131.4","77.0","BROCKS CREEK, AS","0",",a","0",",a","0",",a","19280531","+,,a","0.0",",,a,31,+","0.0",",,,a"
"ASN00014005","1928-06","-13.5","131.4","77.0","BROCKS CREEK, AS","0",",a","0",",a","0",",a","19280630","+,,a","0.0",",,a,30,+","0.0",",,,a"
"ASN00014005","1928-07","-13.5","131.4","77.0","BROCKS CREEK, AS","0",",a","0",",a","0",",a","19280731","+,,a","0.0",",,a,31,+","0.0",",,,a"
"ASN00014005","1928-08","-13.5","131.4","77.0","BROCKS CREEK, AS","0",",a","0",",a","0",",a","19280831","+,,a","0.0",",,a,31,+","0.0",",,,a"
"ASN00014005","1929-01","-13.5","131.4","77.0","BROCKS CREEK, AS","8",",a","8",",a","2",",a","19290107",",,a","54.6",",,a,07,","164.7",",,,a"
"ASN00014005","1929-02","-13.5","131.4","77.0","BROCKS CREEK, AS","17",",a","17",",a","4",",a","19290213",",,a","43.2",",,a,13,","310.1",",,,a"
"ASN00014005","1929-03","-13.5","131.4","77.0","BROCKS CREEK, AS","17",",a","15",",a","4",",a","19290311",",,a","66.3",",,a,11,","317.2",",,,a"
"ASN00014005","1929-04","-13.5","131.4","77.0","BROCKS CREEK, AS","2",",a","2",",a","1",",a","19290401",",,a","43.9",",,a,01,","46.7",",,,a"
"ASN00014005","1929-05","-13.5","131.4","77.0","BROCKS CREEK, AS","0",",a","0",",a","0",",a","19290531","+,,a","0.0",",,a,31,+","0.0",",,,a"
"ASN00014005","1929-06","-13.5","131.4","77.0","BROCKS CREEK, AS","0",",a","0",",a","0",",a","19290630","+,,a","0.0",",,a,30,+","0.0",",,,a"
"ASN00014005","1929-07","-13.5","131.4","77.0","BROCKS CREEK, AS","1",",a","0",",a","0",",a","19290712",",,a","0.8",",,a,12,","0.8",",,,a"
"ASN00014005","1929-08","-13.5","131.4","77.0","BROCKS CREEK, AS","0",",a","0",",a","0",",a","19290831","+,,a","0.0",",,a,31,+","0.0",",,,a"
"ASN00014005","1929-09","-13.5","131.4","77.0","BROCKS CREEK, AS","0",",a","0",",a","0",",a","19290930","+,,a","0.0",",,a,30,+","0.0",",,,a"
"ASN00014005","1929-10","-13.5","131.4","77.0","BROCKS CREEK, AS","1",",a","1",",a","0",",a","19291030",",,a","7.6",",,a,30,","7.6",",,,a"
"ASN00014005","1929-11","-13.5","131.4","77.0","BROCKS CREEK, AS","6",",a","4",",a","0",",a","19291130",",,a","19.1",",,a,30,","54.8",",,,a"
"ASN00014005","1937-01","-13.5","131.4","77.0","BROCKS CREEK, AS","20",",a","18",",a","3",",a","19370105",",,a","76.2",",,a,05,","379.7",",,,a"
"ASN00014005","1937-02","-13.5","131.4","77.0","BROCKS CREEK, AS","14",",a","9",",a","1",",a","19370208",",,a","39.4",",,a,08,","139.9",",,,a"
"ASN00014005","1937-03","-13.5","131.4","77.0","BROCKS CREEK, AS","9",",a","8",",a","4",",a","19370312",",,a","82.6",",,a,12,","284.8",",,,a"
"ASN00014005","1937-04","-13.5","131.4","77.0","BROCKS CREEK, AS","1",",a","1",",a","0",",a","19370407",",,a","11.4",",,a,07,","11.4",",,,a"
"ASN00014005","1937-05","-13.5","131.4","77.0","BROCKS CREEK, AS","0",",a","0",",a","0",",a","19370531","+,,a","0.0",",,a,31,+","0.0",",,,a"
"ASN00014005","1937-06","-13.5","131.4","77.0","BROCKS CREEK, AS","2",",a","1",",a","0",",a","19370617",",,a","16.5",",,a,17,","17.8",",,,a"
"ASN00014005","1937-07","-13.5","131.4","77.0","BROCKS CREEK, AS","0",",a","0",",a","0",",a","19370731","+,,a","0.0",",,a,31,+","0.0",",,,a"
"ASN00014005","1937-08","-13.5","131.4","77.0","BROCKS CREEK, AS","0",",a","0",",a","0",",a","19370831","+,,a","0.0",",,a,31,+","0.0",",,,a"
"ASN00014005","1937-09","-13.5","131.4","77.0","BROCKS CREEK, AS","1",",a","1",",a","0",",a","19370921",",,a","21.6",",,a,21,","21.6",",,,a"
"ASN00014005","1937-10","-13.5","131.4","77.0","BROCKS CREEK, AS","4",",a","4",",a","0",",a","19371018",",,a","22.9",",,a,18,","45.3",",,,a"
"ASN00014005","1937-11","-13.5","131.4","77.0","BROCKS CREEK, AS","13",",a","8",",a","0",",a","19371109",",,a","19.3",",,a,09,","67.9",",,,a"
"ASN00014005","1937-12","-13.5","131.4","77.0","BROCKS CREEK, AS","15",",a","13",",a","3",",a","19371219",",,a","47.2",",,a,19,","240.9",",,,a"
"ASN00014005","1938-01","-13.5","131.4","77.0","BROCKS CREEK, AS","21",",a","15",",a","2",",a","19380116",",,a","55.4",",,a,16,","233.8",",,,a"
"ASN00014005","1938-02","-13.5","131.4","77.0","BROCKS CREEK, AS","15",",a","15",",a","8",",a","19380202",",,a","64.3",",,a,02,","441.0",",,,a"
"ASN00014005","1938-03","-13.5","131.4","77.0","BROCKS CREEK, AS","3",",a","3",",a","0",",a","19380329",",,a","4.6",",,a,29,","10.9",",,,a"
"ASN00014005","1938-04","-13.5","131.4","77.0","BROCKS CREEK, AS","4",",a","3",",a","0",",a","19380401",",,a","18.8",",,a,01,","33.3",",,,a"
"ASN00014005","1938-05","-13.5","131.4","77.0","BROCKS CREEK, AS","1",",a","0",",a","0",",a","19380518",",,a","1.5",",,a,18,","1.5",",,,a"
"ASN00014005","1938-06","-13.5","131.4","77.0","BROCKS CREEK, AS","0",",a","0",",a","0",",a","19380630","+,,a","0.0",",,a,30,+","0.0",",,,a"
"ASN00014005","1938-07","-13.5","131.4","77.0","BROCKS CREEK, AS","0",",a","0",",a","0",",a","19380731","+,,a","0.0",",,a,31,+","0.0",",,,a"
"ASN00014005","1938-08","-13.5","131.4","77.0","BROCKS CREEK, AS","0",",a","0",",a","0",",a","19380831","+,,a","0.0",",,a,31,+","0.0",",,,a"
"ASN00014005","1938-09","-13.5","131.4","77.0","BROCKS CREEK, AS","0",",a","0",",a","0",",a","19380930","+,,a","0.0",",,a,30,+","0.0",",,,a"
"ASN00014005","1938-10","-13.5","131.4","77.0","BROCKS CREEK, AS","3",",a","2",",a","0",",a","19381022",",,a","21.6",",,a,22,","26.0",",,,a"
"ASN00014005","1938-11","-13.5","131.4","77.0","BROCKS CREEK, AS","21",",a","16",",a","3",",a","19381126",",,a","72.9",",,a,26,","284.1",",,,a"
"ASN00014005","1938-12","-13.5","131.4","77.0","BROCKS CREEK, AS","11",",a","6",",a","0",",a","19381201",",,a","12.4",",,a,01,","54.1",",,,a"
"ASN00014005","1939-01","-13.5","131.4","77.0","BROCKS CREEK, AS","21",",a","17",",a","6",",a","19390125",",,a","58.7",",,a,25,","379.5",",,,a"
"ASN00014005","1939-02","-13.5","131.4","77.0","BROCKS CREEK, AS","21",",a","14",",a","3",",a","19390228",",,a","68.6",",,a,28,","250.7",",,,a"
"ASN00014005","1939-03","-13.5","131.4","77.0","BROCKS CREEK, AS","17",",a","10",",a","3",",a","19390321",",,a","33.0",",,a,21,","155.6",",,,a"
"ASN00014005","1939-04","-13.5","131.4","77.0","BROCKS CREEK, AS","5",",a","5",",a","0",",a","19390415",",,a","18.0",",,a,15,","46.9",",,,a"
"ASN00014005","1939-05","-13.5","131.4","77.0","BROCKS CREEK, AS","0",",a","0",",a","0",",a","19390531","+,,a","0.0",",,a,31,+","0.0",",,,a"
"ASN00014005","1939-06","-13.5","131.4","77.0","BROCKS CREEK, AS","4",",a","0",",a","0",",a","19390614",",,a","2.0",",,a,14,","5.1",",,,a"
"ASN00014005","1939-07","-13.5","131.4","77.0","BROCKS CREEK, AS","0",",a","0",",a","0",",a","19390731","+,,a","0.0",",,a,31,+","0.0",",,,a"
"ASN00014005","1939-08","-13.5","131.4","77.0","BROCKS CREEK, AS","0",",a","0",",a","0",",a","19390831","+,,a","0.0",",,a,31,+","0.0",",,,a"
"ASN00014005","1939-09","-13.5","131.4","77.0","BROCKS CREEK, AS","3",",a","1",",a","0",",a","19390921",",,a","5.8",",,a,21,","6.9",",,,a"
"ASN00014005","1939-10","-13.5","131.4","77.0","BROCKS CREEK, AS","3",",a","2",",a","1",",a","19391020",",,a","29.0",",,a,20,","34.3",",,,a"
"ASN00014005","1939-11","-13.5","131.4","77.0","BROCKS CREEK, AS","5",",a","3",",a","2",",a","19391126",",,a","42.2",",,a,26,","77.5",",,,a"
"ASN00014005","1939-12","-13.5","131.4","77.0","BROCKS CREEK, AS","13",",a","10",",a","2",",a","19391207",",,a","46.5",",,a,07,","135.6",",,,a"
"ASN00014005","1940-01","-13.5","131.4","77.0","BROCKS CREEK, AS","23",",a","18",",a","7",",a","19400110",",,a","74.9",",,a,10,","463.3",",,,a"
"ASN00014005","1940-02","-13.5","131.4","77.0","BROCKS CREEK, AS","16",",a","12",",a","5",",a","19400228",",,a","80.5",",,a,28,","366.0",",,,a"
"ASN00014005","1940-03","-13.5","131.4","77.0","BROCKS CREEK, AS","21",",a","18",",a","4",",a","19400311",",,a","47.8",",,a,11,","332.3",",,,a"
"ASN00014005","1940-04","-13.5","131.4","77.0","BROCKS CREEK, AS","3",",a","3",",a","0",",a","19400414",",,a","11.9",",,a,14,","30.4",",,,a"
"ASN00014005","1940-05","-13.5","131.4","77.0","BROCKS CREEK, AS","0",",a","0",",a","0",",a","19400531","+,,a","0.0",",,a,31,+","0.0",",,,a"
"ASN00014005","1940-06","-13.5","131.4","77.0","BROCKS CREEK, AS","0",",a","0",",a","0",",a","19400630","+,,a","0.0",",,a,30,+","0.0",",,,a"
"ASN00014005","1940-07","-13.5","131.4","77.0","BROCKS CREEK, AS","0",",a","0",",a","0",",a","19400731","+,,a","0.0",",,a,31,+","0.0",",,,a"
"ASN00014005","1940-08","-13.5","131.4","77.0","BROCKS CREEK, AS","0",",a","0",",a","0",",a","19400831","+,,a","0.0",",,a,31,+","0.0",",,,a"
"ASN00014005","1940-09","-13.5","131.4","77.0","BROCKS CREEK, AS","0",",a","0",",a","0",",a","19400930","+,,a","0.0",",,a,30,+","0.0",",,,a"
"ASN00014005","1940-10","-13.5","131.4","77.0","BROCKS CREEK, AS","0",",a","0",",a","0",",a","19401031","+,,a","0.0",",,a,31,+","0.0",",,,a"
"ASN00014005","1940-11","-13.5","131.4","77.0","BROCKS CREEK, AS","6",",a","5",",a","1",",a","19401114",",,a","37.1",",,a,14,","77.6",",,,a"
"ASN00014005","1940-12","-13.5","131.4","77.0","BROCKS CREEK, AS","14",",a","10",",a","3",",a","19401224",",,a","32.5",",,a,24,","174.0",",,,a"
"ASN00014005","1941-01","-13.5","131.4","77.0","BROCKS CREEK, AS","18",",a","18",",a","7",",a","19410120",",,a","134.1",",,a,20,","561.4",",,,a"
"ASN00014005","1941-02","-13.5","131.4","77.0","BROCKS CREEK, AS","15",",a","15",",a","5",",a","19410218",",,a","43.4",",,a,18,","266.2",",,,a"
"ASN00014005","1941-03","-13.5","131.4","77.0","BROCKS CREEK, AS","16",",a","13",",a","4",",a","19410331",",,a","40.4",",,a,31,","202.5",",,,a"
"ASN00014005","1941-04","-13.5","131.4","77.0","BROCKS CREEK, AS","4",",a","3",",a","1",",a","19410420",",,a","31.5",",,a,20,","46.5",",,,a"
"ASN00014005","1941-05","-13.5","131.4","77.0","BROCKS CREEK, AS","1",",a","1",",a","0",",a","19410525",",,a","3.0",",,a,25,","3.0",",,,a"
"ASN00014005","1941-06","-13.5","131.4","77.0","BROCKS CREEK, AS","1",",a","1",",a","0",",a","19410614",",,a","12.7",",,a,14,","12.7",",,,a"
"ASN00014005","1941-07","-13.5","131.4","77.0","BROCKS CREEK, AS","0",",a","0",",a","0",",a","19410731","+,,a","0.0",",,a,31,+","0.0",",,,a"
"ASN00014005","1941-08","-13.5","131.4","77.0","BROCKS CREEK, AS","0",",a","0",",a","0",",a","19410831","+,,a","0.0",",,a,31,+","0.0",",,,a"
"ASN00014005","1941-09","-13.5","131.4","77.0","BROCKS CREEK, AS","0",",a","0",",a","0",",a","19410930","+,,a","0.0",",,a,30,+","0.0",",,,a"
"ASN00014005","1941-10","-13.5","131.4","77.0","BROCKS CREEK, AS","1",",a","1",",a","0",",a","19411018",",,a","3.3",",,a,18,","3.3",",,,a"
"ASN00014005","1941-11","-13.5","131.4","77.0","BROCKS CREEK, AS","10",",a","9",",a","2",",a","19411121",",,a","42.2",",,a,21,","154.7",",,,a"
"ASN00014005","1941-12","-13.5","131.4","77.0","BROCKS CREEK, AS","11",",a","8",",a","0",",a","19411224",",,a","20.3",",,a,24,","78.4",",,,a"
"ASN00014005","1942-01","-13.5","131.4","77.0","BROCKS CREEK, AS","19",",a","17",",a","3",",a","19420103",",,a","40.6",",,a,03,","222.8",",,,a"
"ASN00014005","1942-02","-13.5","131.4","77.0","BROCKS CREEK, AS","12",",a","12",",a","3",",a","19420202",",,a","80.0",",,a,02,","336.7",",,,a"
"ASN00014005","1947-02","-13.5","131.4","77.0","BROCKS CREEK, AS","15",",a","12",",a","7",",a","19470210",",,a","53.8",",,a,10,","317.1",",,,a"
"ASN00014005","1949-05","-13.5","131.4","77.0","BROCKS CREEK, AS","0",",a","0",",a","0",",a","19490531","+,,a","0.0",",,a,31,+","0.0",",,,a"
"ASN00014005","1949-06","-13.5","131.4","77.0","BROCKS CREEK, AS","0",",a","0",",a","0",",a","19490630","+,,a","0.0",",,a,30,+","0.0",",,,a"
"ASN00014005","1949-07","-13.5","131.4","77.0","BROCKS CREEK, AS","0",",a","0",",a","0",",a","19490731","+,,a","0.0",",,a,31,+","0.0",",,,a"
"ASN00014005","1949-08","-13.5","131.4","77.0","BROCKS CREEK, AS","0",",a","0",",a","0",",a","19490831","+,,a","0.0",",,a,31,+","0.0",",,,a"
"ASN00014005","1949-09","-13.5","131.4","77.0","BROCKS CREEK, AS","0",",a","0",",a","0",",a","19490930","+,,a","0.0",",,a,30,+","0.0",",,,a"
