"STATION","DATE","LATITUDE","LONGITUDE","ELEVATION","NAME","CDSD","CDSD_ATTRIBUTES","CLDD","CLDD_ATTRIBUTES","DP01","DP01_ATTRIBUTES","DP10","DP10_ATTRIBUTES","DP1X","DP1X_ATTRIBUTES","DT00","DT00_ATTRIBUTES","DT32","DT32_ATTRIBUTES","DX32","DX32_ATTRIBUTES","DX70","DX70_ATTRIBUTES","DX90","DX90_ATTRIBUTES","DYNT","DYNT_ATTRIBUTES","DYXP","DYXP_ATTRIBUTES","DYXT","DYXT_ATTRIBUTES","EMNT","EMNT_ATTRIBUTES","EMXP","EMXP_ATTRIBUTES","EMXT","EMXT_ATTRIBUTES","HDSD","HDSD_ATTRIBUTES","HTDD","HTDD_ATTRIBUTES","PRCP","PRCP_ATTRIBUTES","TAVG","TAVG_ATTRIBUTES","TMAX","TMAX_ATTRIBUTES","TMIN","TMIN_ATTRIBUTES"
"ASN00089105","1992-02","-37.2822","143.2469","965.0","LOOKOUT HILL, AS","","","9.5","3,a","","","","","","","0","3,a","0","3,a","0","1,a","12","1,a","0","1,a","19920225",",3,a","","","19920217",",1,a","3.9","3,a,25,","","","31.2","1,a,17,","","","96.5","1,a","","","14.97","3,a","20.31","1,,,a","9.63","3,,,a"
"ASN00089105","1992-03","-37.2822","143.2469","965.0","LOOKOUT HILL, AS","","","10.5","5,a","","","","","","","0","2,a","0","2,a","0","4,a","10","4,a","0","4,a","19920328",",2,a","","","19920309",",4,a","4.3","2,a,28,","","","26.9","4,a,09,","","","118.8","4,a","","","14.52","5,a","18.66","4,,,a","10.38","2,,,a"
"ASN00089105","1992-04","-37.2822","143.2469","965.0","LOOKOUT HILL, AS","","","0.0","3,a","","","","","","","0","2,a","0","2,a","0","3,a","3","3,a","0","3,a","19920422",",2,a","","","19920404",",3,a","0.6","2,a,22,","","","23.7","3,a,04,","","","212.2","3,a","","","10.58","3,a","13.79","3,,,a","7.36","2,,,a"
"ASN00089105","1992-05","-37.2822","143.2469","965.0","LOOKOUT HILL, AS","","","","","","","","","","","0","4,a","0","4,a","0","2,a","0","2,a","0","2,a","19920522",",4,a","","","19920506",",2,a","0.1","4,a,22,","","","14.8","2,a,06,","","","","","","","7.03","6,a","9.22","2,,,a","4.84","4,,,a"
"ASN00089105","1992-06","-37.2822","143.2469","965.0","LOOKOUT HILL, AS","","","0.0","3,a","","","","","","","0","2,a","3","2,a","0","1,a","0","1,a","0","1,a","19920610",",2,a","","","19920616",",1,a","-0.8","2,a,10,","","","12.1","1,a,16,","","","372.0","1,a","","","4.52","3,a","6.35","1,,,a","2.69","2,,,a"
"ASN00089105","1992-07","-37.2822","143.2469","965.0","LOOKOUT HILL, AS","","","","","","","","","","","","","","","0","5,a","0","5,a","0","5,a","","","","","19920716",",5,a","","","","","11.4","5,a,16,","","","","","","","","","6.21","5,,,a","",""
"ASN00089105","1992-08","-37.2822","143.2469","965.0","LOOKOUT HILL, AS","","","0.0","2,a","","","","","","","0","1,a","5","1,a","0","1,a","0","1,a","0","1,a","19920818",",1,a","","","19920816",",1,a","-1.8","1,a,18,","","","11.0","1,a,16,","","","420.3","1,a","","","3.83","2,a","6.24","1,,,a","1.41","1,,,a"
"ASN00089105","1992-09","-37.2822","143.2469","965.0","LOOKOUT HILL, AS","","","","","","","","","","","","","","","0","5,a","0","5,a","0","5,a","","","","","19920914",",5,a","","","","","9.3","5,a,14,","","","","","","","","","7.25","5,,,a","",""
"ASN00089105","1992-10","-37.2822","143.2469","965.0","LOOKOUT HILL, AS","","","","","","","","","","","0","3,a","1","3,a","0","3,a","2","3,a","0","3,a","19921020",",3,a","","","19921028",",3,a","0.0","3,a,20,","","","22.2","3,a,28,","","","","","","","9.66","6,a","13.20","3,,,a","6.13","3,,,a"
"ASN00089105","1992-11","-37.2822","143.2469","965.0","LOOKOUT HILL, AS","","","0.0","3,a","","","","","","","0","2,a","1","2,a","0","1,a","1","1,a","0","1,a","19921110",",2,a","","","19921116",",1,a","0.0","2,a,10,","","","21.3","1,a,16,","","","256.7","1,a","","","8.85","3,a","12.88","1,,,a","4.83","2,,,a"
"ASN00089105","1992-12","-37.2822","143.2469","965.0","LOOKOUT HILL, AS","","","6.0","3,a","","","","","","","0","1,a","0","1,a","0","2,a","8","2,a","0","2,a","19921215",",1,a","","","19921231","+,2,a","2.3","1,a,15,","","","25.7","2,a,31,+","","","134.9","2,a","","","13.85","3,a","17.70","2,,,a","9.99","1,,,a"
"ASN00089105","1993-01","-37.2822","143.2469","965.0","LOOKOUT HILL, AS","","","","","","","","","","","0","3,a","0","3,a","","","","","","","19930105",",3,a","","","","","4.1","3,a,05,","","","","","","","","","","","","","","","10.78","3,,,a"
"ASN00089105","1993-02","-37.2822","143.2469","965.0","LOOKOUT HILL, AS","","","22.5","2,a","","","","","","","0","1,a","0","1,a","0","1,a","10","1,a","0","1,a","19930221",",1,a","","","19930203",",1,a","2.0","1,a,21,","","","31.7","1,a,03,","","","127.7","1,a","","","14.72","2,a","19.56","1,,,a","9.88","1,,,a"
"ASN00089105","1993-03","-37.2822","143.2469","965.0","LOOKOUT HILL, AS","","","0.4","4,a","","","","","","","0","4,a","0","4,a","0",",a","7",",a","0",",a","19930311",",4,a","","","19930319",",,a","5.1","4,a,11,","","","22.7",",a,19,","","","133.3",",a","","","13.17","4,a","16.96",",,,a","9.38","4,,,a"
"ASN00089105","1993-04","-37.2822","143.2469","965.0","LOOKOUT HILL, AS","","","1.8","2,a","","","","","","","0","1,a","0","1,a","0","2,a","5","2,a","0","2,a","19930409",",1,a","","","19930412",",2,a","4.9","1,a,09,","","","23.8","2,a,12,","","","124.5","2,a","","","13.96","2,a","17.85","2,,,a","10.08","1,,,a"
"ASN00089105","1993-05","-37.2822","143.2469","965.0","LOOKOUT HILL, AS","","","0.0","5,a","","","","","","","0","3,a","0","3,a","0","2,a","0","2,a","0","2,a","19930515",",3,a","","","19930501",",2,a","2.0","3,a,15,","","","19.0","2,a,01,","","","207.7","2,a","","","10.32","5,a","13.35","2,,,a","7.29","3,,,a"
"ASN00089105","1993-06","-37.2822","143.2469","965.0","LOOKOUT HILL, AS","","","","","","","","","","","0","5,a","0","5,a","","","","","","","19930613",",5,a","","","","","1.6","5,a,13,","","","","","","","","","","","","","","","4.99","5,,,a"
"ASN00089105","1993-07","-37.2822","143.2469","965.0","LOOKOUT HILL, AS","0.0","a","0.0","3,a","","","","","","","0","2,a","0","2,a","0","1,a","0","1,a","0","1,a","19930731",",2,a","","","19930729",",1,a","3.3","2,a,31,","","","14.3","1,a,29,","","","295.9","1,a","","","7.89","3,a","10.31","1,,,a","5.47","2,,,a"
"ASN00089105","1993-08","-37.2822","143.2469","965.0","LOOKOUT HILL, AS","0.0","a","0.0","3,a","","","","","","","0","2,a","0","2,a","0","1,a","0","1,a","0","1,a","19930817",",2,a","","","19930828",",1,a","0.8","2,a,17,","","","18.6","1,a,28,","","","260.9","1,a","","","9.05","3,a","11.75","1,,,a","6.36","2,,,a"
"ASN00089105","1993-09","-37.2822","143.2469","965.0","LOOKOUT HILL, AS","0.0","a","0.0","3,a","","","","","","","0","1,a","0","1,a","0","2,a","1","2,a","0","2,a","19930921",",1,a","","","19930928",",2,a","0.6","1,a,21,","","","21.9","2,a,28,","","","245.1","2,a","","","9.36","3,a","12.52","2,,,a","6.21","1,,,a"
"ASN00089105","1993-10","-37.2822","143.2469","965.0","LOOKOUT HILL, AS","","","","","","","","","","","0","4,a","2","4,a","0","2,a","1","2,a","0","2,a","19931018",",4,a","","","19931007",",2,a","-2.5","4,a,18,","","","23.1","2,a,07,","","","","","","","8.88","6,a","13.06","2,,,a","4.70","4,,,a"
"ASN00089105","1993-12","-37.2822","143.2469","965.0","LOOKOUT HILL, AS","","","11.8","2,a","","","","","","","0","1,a","0","1,a","0","2,a","11","2,a","0","2,a","19931205",",1,a","","","19931210",",2,a","4.1","1,a,05,","","","26.4","2,a,10,","","","104.3","2,a","","","15.23","2,a","20.01","2,,,a","10.46","1,,,a"
"ASN00089105","1994-01","-37.2822","143.2469","965.0","LOOKOUT HILL, AS","","","40.7","2,a","","","","","","","0","1,a","0","1,a","0","2,a","13","2,a","2","2,a","19940122",",1,a","","","19940126",",2,a","5.9","1,a,22,","","","32.4","2,a,26,","81.3","a","81.3","2,a","","","16.84","2,a","22.30","2,,,a","11.38","1,,,a"
"ASN00089105","1994-02","-37.2822","143.2469","965.0","LOOKOUT HILL, AS","","","26.4","3,a","","","","","","","0","2,a","0","2,a","0","1,a","17","1,a","0","1,a","19940228",",2,a","","","19940223",",1,a","4.4","2,a,28,","","","28.3","1,a,23,","128.8","a","47.5","1,a","","","17.61","3,a","22.38","1,,,a","12.85","2,,,a"
"ASN00089105","1994-10","-37.2822","143.2469","965.0","LOOKOUT HILL, AS","","","","","","","","","","","0","3,a","2","3,a","","","","","","","19941007",",3,a","","","","","-2.1","3,a,07,","","","","","","","","","","","","","","","4.48","3,,,a"
"ASN00089105","1994-12","-37.2822","143.2469","965.0","LOOKOUT HILL, AS","","","41.1","3,a","","","","","","","0","3,a","0","3,a","0",",a","20",",a","0",",a","19941201",",3,a","","","19941206",",,a","1.0","3,a,01,","","","30.4",",a,06,","","","87.6",",a","","","16.65","3,a","22.78",",,,a","10.51","3,,,a"
"ASN00089105","1995-06","-37.2822","143.2469","965.0","LOOKOUT HILL, AS","","","0.0","3,a","17","2,a","13","2,a","1","2,a","0",",a","5",",a","0","3,a","0","3,a","0","3,a","19950622",",,a","19950607",",2,a","19950609",",3,a","-2.0",",a,22,","29.0","2,,a,07,","12.6","3,a,09,","","","386.0","3,a","153.2","2,,,a","4.16","3,a","6.16","3,,,a","2.16",",,,a"
"ASN00089105","1995-07","-37.2822","143.2469","965.0","LOOKOUT HILL, AS","0.0","a","0.0","2,a","24",",a","16",",a","0",",a","0",",a","7",",a","0","2,a","0","2,a","0","2,a","19950710",",,a","19950722",",,a","19950713",",2,a","-2.1",",a,10,","21.0",",,a,22,","7.0","2,a,13,","","","458.1","2,a","176.6",",,,a","2.51","2,a","4.28","2,,,a","0.74",",,,a"
"ASN00089105","1995-08","-37.2822","143.2469","965.0","LOOKOUT HILL, AS","0.0","a","0.0","2,a","11","2,a","9","2,a","0","2,a","0","1,a","7","1,a","0","1,a","0","1,a","0","1,a","19950803",",1,a","19950807",",2,a","19950820",",1,a","-2.0","1,a,03,","16.0","2,,a,07,","17.5","1,a,20,","","","368.6","1,a","79.4","2,,,a","5.63","2,a","8.67","1,,,a","2.59","1,,,a"
"ASN00089105","1995-12","-37.2822","143.2469","965.0","LOOKOUT HILL, AS","","","","","8","5,a","4","5,a","0","5,a","","","","","0","5,a","7","5,a","0","5,a","","","19951219",",5,a","19951215",",5,a","","","15.0","5,,a,19,","24.5","5,a,15,","","","","","37.6","5,,,a","","","16.23","5,,,a","",""
"ASN00089105","1996-01","-37.2822","143.2469","965.0","LOOKOUT HILL, AS","","","12.2","2,a","4","1,a","3","1,a","0","1,a","0","2,a","0","2,a","0",",a","15",",a","0",",a","19960125",",2,a","19960102",",1,a","19960114",",,a","2.4","2,a,25,","17.0","1,,a,02,","31.6",",a,14,","108.6","a","108.6",",a","34.4","1,,,a","14.83","2,a","20.26",",,,a","9.39","2,,,a"
"ASN00089105","1996-03","-37.2822","143.2469","965.0","LOOKOUT HILL, AS","","","4.6",",a","6","1,a","3","1,a","2","1,a","0",",a","0",",a","0",",a","11",",a","0",",a","19960320",",,a","19960316",",1,a","19960315",",,a","2.5",",a,20,","34.0","1,,a,16,","25.0",",a,15,","","","158.1",",a","72.2","1,,,a","13.38",",a","17.97",",,,a","8.79",",,,a"
"ASN00089105","1996-05","-37.2822","143.2469","965.0","LOOKOUT HILL, AS","","","0.0","2,a","9","2,a","5","2,a","0","2,a","0","2,a","0","2,a","0","1,a","0","1,a","0","1,a","19960526",",2,a","19960520",",2,a","19960504",",1,a","1.1","2,a,26,","8.0","2,,a,20,","16.7","1,a,04,","","","330.3","1,a","33.4","2,,,a","7.06","2,a","9.44","1,,,a","4.68","2,,,a"
"ASN00089105","1996-06","-37.2822","143.2469","965.0","LOOKOUT HILL, AS","","","0.0",",a","16","1,a","11","1,a","2","1,a","0",",a","0",",a","0",",a","0",",a","0",",a","19960611",",,a","19960604",",1,a","19960621","+,,a","0.2",",a,11,","48.0","1,,a,04,","11.0",",a,21,+","","","393.8",",a","186.4","1,,,a","5.21",",a","7.42",",,,a","2.99",",,,a"
"ASN00089105","1996-07","-37.2822","143.2469","965.0","LOOKOUT HILL, AS","0.0","a","0.0",",a","24","1,a","16","1,a","0","1,a","0",",a","7",",a","0",",a","0",",a","0",",a","19960709",",,a","19960705",",1,a","19960728",",,a","-2.2",",a,09,","24.0","1,,a,05,","8.8",",a,28,","","","462.1",",a","173.6","1,,,a","3.43",",a","5.24",",,,a","1.61",",,,a"
"ASN00089105","1996-08","-37.2822","143.2469","965.0","LOOKOUT HILL, AS","0.0","a","0.0","2,a","24",",a","15",",a","1",",a","0","1,a","7","1,a","0","1,a","0","1,a","0","1,a","19960818",",1,a","19960801",",,a","19960826",",1,a","-2.3","1,a,18,","28.0",",,a,01,","11.5","1,a,26,","","","415.0","1,a","163.8",",,,a","4.03","2,a","6.13","1,,,a","1.92","1,,,a"
"ASN00089105","1996-09","-37.2822","143.2469","965.0","LOOKOUT HILL, AS","0.0","a","0.0",",a","18","3,a","12","3,a","1","3,a","0",",a","7",",a","0",",a","0",",a","0",",a","19960921",",,a","19960929",",3,a","19960915",",,a","-1.0",",a,21,","34.0","3,,a,29,","16.3",",a,15,","","","385.8",",a","134.4","3,,,a","5.47",",a","8.66",",,,a","2.28",",,,a"
"ASN00089105","1996-10","-37.2822","143.2469","965.0","LOOKOUT HILL, AS","0.0","a","0.0","2,a","11","4,a","6","4,a","0","4,a","0","1,a","2","1,a","0","2,a","1","2,a","0","2,a","19961020",",1,a","19961001",",4,a","19961024",",2,a","-0.2","1,a,20,","17.0","4,,a,01,","23.1","2,a,24,","","","274.5","2,a","55.8","4,,,a","8.79","2,a","12.92","2,,,a","4.65","1,,,a"
"ASN00089105","1996-11","-37.2822","143.2469","965.0","LOOKOUT HILL, AS","0.1","a","0.1","2,a","9","3,a","4","3,a","0","3,a","0","2,a","0","2,a","0","1,a","2","1,a","0","1,a","19961122",",2,a","19961130",",3,a","19961125",",1,a","0.4","2,a,22,","8.0","3,,a,30,","23.5","1,a,25,","","","266.5","1,a","29.8","3,,,a","8.83","2,a","13.69","1,,,a","3.98","2,,,a"
"ASN00089105","1996-12","-37.2822","143.2469","965.0","LOOKOUT HILL, AS","5.2","a","5.1","1,a","12","3,a","6","3,a","0","3,a","0",",a","0",",a","0","1,a","7","1,a","0","1,a","19961205",",,a","19961207",",3,a","19961221",",1,a","2.5",",a,05,","8.0","3,,a,07,","26.9","1,a,21,","","","206.5","1,a","36.8","3,,,a","11.60","1,a","16.94","1,,,a","6.27",",,,a"
"ASN00089105","1997-01","-37.2822","143.2469","965.0","LOOKOUT HILL, AS","50.0","a","44.8","3,a","","","","","","","0","2,a","0","2,a","0","1,a","18","1,a","1","1,a","19970107",",2,a","","","19970120",",1,a","3.8","2,a,07,","","","33.8","1,a,20,","81.2","a","81.2","1,a","","","16.94","3,a","22.88","1,,,a","11.00","2,,,a"
"ASN00089105","1997-02","-37.2822","143.2469","965.0","LOOKOUT HILL, AS","133.5","a","83.5","1,a","3","4,a","2","4,a","0","4,a","0","1,a","0","1,a","0",",a","21",",a","4",",a","19970226",",1,a","19970209",",4,a","19970219",",,a","5.5","1,a,26,","10.0","4,,a,09,","33.6",",a,19,","130.3","a","49.1",",a","15.2","4,,,a","19.69","1,a","25.33",",,,a","14.05","1,,,a"
"ASN00089105","1997-03","-37.2822","143.2469","965.0","LOOKOUT HILL, AS","134.2","a","0.7","3,a","8","3,a","6","3,a","0","3,a","0","2,a","0","2,a","0","1,a","4","1,a","0","1,a","19970313",",2,a","19970302",",3,a","19970307",",1,a","2.9","2,a,13,","9.0","3,,a,02,","24.2","1,a,07,","318.5","a","188.2","1,a","32.0","3,,,a","11.50","3,a","15.97","1,,,a","7.03","2,,,a"
"ASN00089105","1997-04","-37.2822","143.2469","965.0","LOOKOUT HILL, AS","134.2","a","0.0","3,a","9","2,a","3","2,a","0","2,a","0","2,a","0","2,a","0","2,a","1","2,a","0","2,a","19970407",",2,a","19970422",",2,a","19970413",",2,a","0.6","2,a,07,","5.0","2,,a,22,","22.3","2,a,13,","528.7","a","210.2","2,a","17.6","2,,,a","10.39","3,a","14.28","2,,,a","6.50","2,,,a"
"ASN00089105","1997-05","-37.2822","143.2469","965.0","LOOKOUT HILL, AS","134.2","a","0.0","2,a","12","3,a","7","3,a","0","3,a","0","2,a","0","2,a","0",",a","0",",a","0",",a","19970530",",2,a","19970526","+,3,a","19970501",",,a","0.1","2,a,30,","13.0","3,,a,26,+","16.9",",a,01,","863.6","a","334.9",",a","74.4","3,,,a","6.71","2,a","8.99",",,,a","4.43","2,,,a"
"ASN00089105","1997-06","-37.2822","143.2469","965.0","LOOKOUT HILL, AS","134.2","a","0.0","5,a","17","3,a","5","3,a","0","3,a","0","5,a","1","5,a","0","2,a","0","2,a","0","2,a","19970601",",5,a","19970613",",3,a","19970605",",2,a","-0.4","5,a,01,","17.0","3,,a,13,","13.2","2,a,05,","1204.8","a","341.2","2,a","56.8","3,,,a","4.72","5,a","6.97","2,,,a","2.46","5,,,a"
"ASN00089105","1997-07","-37.2822","143.2469","965.0","LOOKOUT HILL, AS","0.0","a","0.0","5,a","16","2,a","8","2,a","0","2,a","0","2,a","9","2,a","0","4,a","0","4,a","0","4,a","19970711",",2,a","19970715","+,2,a","19970707",",4,a","-2.2","2,a,11,","8.0","2,,a,15,+","8.9","4,a,07,","1605.1","a","400.3","4,a","48.6","2,,,a","2.93","5,a","5.07","4,,,a","0.79","2,,,a"
"ASN00089105","1997-08","-37.2822","143.2469","965.0","LOOKOUT HILL, AS","0.0","a","0.0","5,a","16","1,a","10","1,a","1","1,a","0","1,a","11","1,a","0","4,a","0","4,a","0","4,a","19970824",",1,a","19970812",",1,a","19970829",",4,a","-3.2","1,a,24,","26.0","1,,a,12,","11.6","4,a,29,","1981.5","a","376.4","4,a","115.2","1,,,a","3.80","5,a","6.54","4,,,a","1.05","1,,,a"
"ASN00089105","1997-09","-37.2822","143.2469","965.0","LOOKOUT HILL, AS","0.0","a","0.0",",a","17","1,a","13","1,a","2","1,a","0",",a","2",",a","0",",a","0",",a","0",",a","19970929",",,a","19970902",",1,a","19970913","+,,a","-0.7",",a,29,","30.0","1,,a,02,","13.4",",a,13,+","2334.5","a","353.0",",a","188.0","1,,,a","6.57",",a","9.99",",,,a","3.15",",,,a"
"ASN00089105","1997-10","-37.2822","143.2469","965.0","LOOKOUT HILL, AS","1.9","a","1.9","2,a","12","1,a","3","1,a","0","1,a","0","2,a","4","2,a","0","1,a","4","1,a","0","1,a","19971018",",2,a","19971017","+,1,a","19971026","+,1,a","-0.8","2,a,18,","7.0","1,,a,17,+","24.4","1,a,26,+","2603.1","a","268.6","1,a","29.8","1,,,a","9.15","2,a","13.51","1,,,a","4.79","2,,,a"
"ASN00089105","1997-11","-37.2822","143.2469","965.0","LOOKOUT HILL, AS","20.5","a","18.6","3,a","6","4,a","4","4,a","1","4,a","0","3,a","0","3,a","0","2,a","10","2,a","0","2,a","19971115",",3,a","19971111",",4,a","19971125",",2,a","0.3","3,a,15,","26.0","4,,a,11,","30.3","2,a,25,","2768.8","a","165.7","2,a","50.6","4,,,a","12.73","3,a","17.64","2,,,a","7.82","3,,,a"
"ASN00089105","1997-12","-37.2822","143.2469","965.0","LOOKOUT HILL, AS","26.5","a","6.0",",a","5","2,a","1","2,a","0","2,a","0",",a","0",",a","0",",a","12",",a","0",",a","19971227",",,a","19971219",",2,a","19971231",",,a","3.6",",a,27,","4.0","2,,a,19,","26.9",",a,31,","2915.4","a","146.6",",a","8.0","2,,,a","13.80",",a","19.53",",,,a","8.07",",,,a"
"ASN00089105","1998-01","-37.2822","143.2469","965.0","LOOKOUT HILL, AS","53.3","a","26.8","2,a","10","2,a","6","2,a","1","2,a","0","2,a","0","2,a","0",",a","16",",a","1",",a","19980129",",2,a","19980113",",2,a","19980117",",,a","4.1","2,a,29,","29.0","2,,a,13,","33.2",",a,17,","106.5","a","106.5",",a","81.2","2,,,a","15.64","2,a","21.57",",,,a","9.70","2,,,a"
"ASN00089105","1998-02","-37.2822","143.2469","965.0","LOOKOUT HILL, AS","79.5","a","26.2",",a","3","1,a","3","1,a","0","1,a","0",",a","0",",a","0",",a","14",",a","2",",a","19980217",",,a","19980208",",1,a","19980226",",,a","3.8",",a,17,","23.0","1,,a,08,","33.7",",a,26,","213.2","a","106.7",",a","45.6","1,,,a","15.46",",a","21.19",",,,a","9.73",",,,a"
"ASN00089105","1998-03","-37.2822","143.2469","965.0","LOOKOUT HILL, AS","105.9","a","26.4","2,a","9","2,a","2","2,a","0","2,a","0","1,a","0","1,a","0","1,a","13","1,a","1","1,a","19980324",",1,a","19980324",",2,a","19980312",",1,a","3.2","1,a,24,","6.0","2,,a,24,","32.2","1,a,12,","352.2","a","139.0","1,a","17.2","2,,,a","14.54","2,a","19.71","1,,,a","9.38","1,,,a"
"ASN00089105","1998-04","-37.2822","143.2469","965.0","LOOKOUT HILL, AS","105.9","a","0.0","1,a","11",",a","8",",a","2",",a","0","1,a","0","1,a","0",",a","2",",a","0",",a","19980409",",1,a","19980420",",,a","19980407",",,a","1.3","1,a,09,","56.0",",,a,20,","22.2",",a,07,","632.8","a","280.6",",a","126.8",",,,a","8.67","1,a","11.94",",,,a","5.40","1,,,a"
"ASN00089105","1998-05","-37.2822","143.2469","965.0","LOOKOUT HILL, AS","105.9","a","0.0",",a","10","1,a","4","1,a","0","1,a","0",",a","0",",a","0",",a","0",",a","0",",a","19980507",",,a","19980520",",1,a","19980517",",,a","0.8",",a,07,","12.0","1,,a,20,","15.8",",a,17,","972.7","a","339.9",",a","31.4","1,,,a","7.37",",a","9.99",",,,a","4.75",",,,a"
"ASN00089105","1998-06","-37.2822","143.2469","965.0","LOOKOUT HILL, AS","105.9","a","0.0",",a","1",",a","1",",a","0",",a","0",",a","5",",a","0",",a","0",",a","0",",a","19980622",",,a","19980621",",,a","19980605",",,a","-0.9",",a,22,","4.0",",,a,21,","12.3",",a,05,","1392.1","a","419.4",",a","4.2",",,,a","4.35",",a","6.43",",,,a","2.28",",,,a"
"ASN00089105","1998-07","-37.2822","143.2469","965.0","LOOKOUT HILL, AS","0.0","a","0.0","2,a","5","2,a","2","2,a","1","2,a","0",",a","10",",a","0","2,a","0","2,a","0","2,a","19980729",",,a","19980706",",2,a","19980718",",2,a","-2.5",",a,29,","28.0","2,,a,06,","9.1","2,a,18,","1835.1","a","443.0","2,a","34.4","2,,,a","3.09","2,a","5.23","2,,,a","0.96",",,,a"
"ASN00089105","1998-08","-37.2822","143.2469","965.0","LOOKOUT HILL, AS","0.0","a","0.0",",a","4",",a","2",",a","0",",a","0",",a","0",",a","0",",a","0",",a","0",",a","19980815",",,a","19980821",",,a","19980827",",,a","0.1",",a,15,","8.0",",,a,21,","13.2",",a,27,","2224.5","a","389.4",",a","16.2",",,,a","5.77",",a","8.47",",,,a","3.07",",,,a"
"ASN00089105","1998-09","-37.2822","143.2469","965.0","LOOKOUT HILL, AS","0.0","a","0.0","3,a","10","4,a","5","4,a","0","4,a","0","2,a","3","2,a","0","3,a","0","3,a","0","3,a","19980925",",2,a","19980923",",4,a","19980928",",3,a","-0.7","2,a,25,","16.0","4,,a,23,","18.3","3,a,28,","2525.9","a","301.4","3,a","48.2","4,,,a","7.09","3,a","10.38","3,,,a","3.79","2,,,a"
"ASN00089105","1998-10","-37.2822","143.2469","965.0","LOOKOUT HILL, AS","0.0","a","0.0","2,a","18","2,a","11","2,a","2","2,a","0","1,a","3","1,a","0","1,a","2","1,a","0","1,a","19981027",",1,a","19981006",",2,a","19981001",",1,a","-1.6","1,a,27,","33.0","2,,a,06,","22.0","1,a,01,","2836.5","a","310.6","1,a","120.6","2,,,a","7.66","2,a","11.56","1,,,a","3.75","1,,,a"
"ASN00089105","1998-11","-37.2822","143.2469","965.0","LOOKOUT HILL, AS","0.0","a","0.0","4,a","5","2,a","2","2,a","0","2,a","0","1,a","0","1,a","0","4,a","2","4,a","0","4,a","19981101",",1,a","19981128",",2,a","19981126",",4,a","0.3","1,a,01,","10.0","2,,a,28,","23.3","4,a,26,","3030.3","a","193.8","4,a","15.2","2,,,a","10.66","4,a","15.72","4,,,a","5.60","1,,,a"
"ASN00089105","1998-12","-37.2822","143.2469","965.0","LOOKOUT HILL, AS","29.3","a","29.3","1,a","9","1,a","4","1,a","0","1,a","0","1,a","1","1,a","0",",a","11",",a","2",",a","19981227",",1,a","19981227",",1,a","19981225",",,a","-0.2","1,a,27,","7.0","1,,a,27,","32.4",",a,25,","3193.9","a","163.6",",a","23.6","1,,,a","14.01","1,a","19.77",",,,a","8.24","1,,,a"
"ASN00089105","1999-01","-37.2822","143.2469","965.0","LOOKOUT HILL, AS","89.9","a","60.6",",a","5",",a","1",",a","0",",a","0",",a","0",",a","0",",a","23",",a","2",",a","19990112",",,a","19990107",",,a","19990105",",,a","2.8",",a,12,","4.0",",,a,07,","33.6",",a,05,","54.5","a","54.5",",a","8.6",",,,a","18.53",",a","25.63",",,,a","11.43",",,,a"
"ASN00089105","1999-02","-37.2822","143.2469","965.0","LOOKOUT HILL, AS","118.7","a","28.8","4,a","3","1,a","1","1,a","0","1,a","0","3,a","0","3,a","0","1,a","16","1,a","1","1,a","19990218",",3,a","19990218",",1,a","19990204",",1,a","0.1","3,a,18,","12.0","1,,a,18,","32.9","1,a,04,","121.4","a","66.9","1,a","15.2","1,,,a","16.16","4,a","21.93","1,,,a","10.38","3,,,a"
"ASN00089105","1999-03","-37.2822","143.2469","965.0","LOOKOUT HILL, AS","118.7","a","0.0","3,a","15","1,a","7","1,a","1","1,a","0","2,a","6","2,a","0","1,a","5","1,a","0","1,a","19990329",",2,a","19990322",",1,a","19990301",",1,a","-2.5","2,a,29,","55.0","1,,a,22,","25.9","1,a,01,","329.6","a","208.2","1,a","99.0","1,,,a","11.07","3,a","16.96","1,,,a","5.18","2,,,a"
"ASN00089105","1999-04","-37.2822","143.2469","965.0","LOOKOUT HILL, AS","118.7","a","0.0","1,a","3","1,a","2","1,a","0","1,a","0",",a","10",",a","0","1,a","0","1,a","0","1,a","19990427",",,a","19990427",",1,a","19990411",",1,a","-5.0",",a,27,","6.0","1,,a,27,","18.8","1,a,11,","654.8","a","325.2","1,a","11.0","1,,,a","7.04","1,a","12.79","1,,,a","1.30",",,,a"
"ASN00089105","1999-05","-37.2822","143.2469","965.0","LOOKOUT HILL, AS","118.7","a","0.0","2,a","16","1,a","9","1,a","1","1,a","0","1,a","7","1,a","0","1,a","0","1,a","0","1,a","19990517",",1,a","19990530",",1,a","19990505",",1,a","-5.5","1,a,17,","30.0","1,,a,30,","16.4","1,a,05,","989.4","a","334.6","1,a","118.0","1,,,a","6.72","2,a","10.54","1,,,a","2.90","1,,,a"
"ASN00089105","1999-06","-37.2822","143.2469","965.0","LOOKOUT HILL, AS","118.7","a","0.0","3,a","17","1,a","11","1,a","1","1,a","0","2,a","4","2,a","0","3,a","0","3,a","0","3,a","19990612",",2,a","19990630",",1,a","19990627",",3,a","-0.5","2,a,12,","33.0","1,,a,30,","10.4","3,a,27,","1351.5","a","362.1","3,a","119.8","1,,,a","4.94","3,a","7.02","3,,,a","2.86","2,,,a"
"ASN00089105","1999-07","-37.2822","143.2469","965.0","LOOKOUT HILL, AS","","","","","14","3,a","7","3,a","0","3,a","0","3,a","1","3,a","0","4,a","0","4,a","0","4,a","19990731",",3,a","19990718",",3,a","19990710",",4,a","-0.2","3,a,31,","12.0","3,,a,18,","11.9","4,a,10,","","","","","50.0","3,,,a","5.38","6,a","7.89","4,,,a","2.87","3,,,a"
"ASN00089105","1999-08","-37.2822","143.2469","965.0","LOOKOUT HILL, AS","","","","","","","","","","","0","5,a","1","5,a","0","5,a","0","5,a","0","5,a","19990813",",5,a","","","19990831",",5,a","-0.2","5,a,13,","","","17.1","5,a,31,","","","","","","","6.05","7,a","8.75","5,,,a","3.34","5,,,a"
"ASN00089105","1999-09","-37.2822","143.2469","965.0","LOOKOUT HILL, AS","","","0.0",",a","9",",a","5",",a","0",",a","0",",a","1",",a","0",",a","0",",a","0",",a","19990918",",,a","19990905",",,a","19990927","+,,a","0.0",",a,18,","24.0",",,a,05,","17.4",",a,27,+","","","304.9",",a","62.0",",,,a","8.17",",a","11.79",",,,a","4.55",",,,a"
"ASN00089105","1999-10","-37.2822","143.2469","965.0","LOOKOUT HILL, AS","","","0.0","1,a","13",",a","7",",a","0",",a","0",",a","3",",a","0","1,a","0","1,a","0","1,a","19991019",",,a","19991011",",,a","19991009",",1,a","-2.4",",a,19,","12.0",",,a,11,","20.0","1,a,09,","","","271.7","1,a","51.0",",,,a","9.33","1,a","13.42","1,,,a","5.24",",,,a"
"ASN00089105","1999-11","-37.2822","143.2469","965.0","LOOKOUT HILL, AS","","","2.7","3,a","12","1,a","7","1,a","1","1,a","0","3,a","0","3,a","0",",a","3",",a","0",",a","19991106",",3,a","19991122",",1,a","19991130",",,a","0.1","3,a,06,","28.0","1,,a,22,","25.0",",a,30,","","","231.7",",a","104.4","1,,,a","9.85","3,a","14.93",",,,a","4.77","3,,,a"
"ASN00089105","1999-12","-37.2822","143.2469","965.0","LOOKOUT HILL, AS","","","15.0","2,a","12","4,a","6","4,a","1","4,a","0","1,a","0","1,a","0","1,a","13","1,a","0","1,a","19991220",",1,a","19991226",",4,a","19991215",",1,a","2.0","1,a,20,","35.0","4,,a,26,","27.8","1,a,15,","","","158.2","1,a","109.0","4,,,a","13.42","2,a","18.41","1,,,a","8.42","1,,,a"
"ASN00089105","2000-01","-37.2822","143.2469","965.0","LOOKOUT HILL, AS","","","20.9","2,a","9","3,a","4","3,a","1","3,a","0","1,a","4","1,a","0","1,a","13","1,a","0","1,a","20000123",",1,a","20000127",",3,a","20000118",",1,a","-2.4","1,a,23,","38.0","3,,a,27,","30.2","1,a,18,","174.3","a","174.3","1,a","61.4","3,,,a","13.32","2,a","19.51","1,,,a","7.12","1,,,a"
"ASN00089105","2000-02","-37.2822","143.2469","965.0","LOOKOUT HILL, AS","","","41.0","2,a","8",",a","5",",a","1",",a","0","2,a","0","2,a","0",",a","21",",a","1",",a","20000207",",2,a","20000223",",,a","20000203",",,a","2.8","2,a,07,","30.0",",,a,23,","33.1",",a,03,","222.8","a","48.5",",a","68.4",",,,a","17.77","2,a","24.73",",,,a","10.80","2,,,a"
"ASN00089105","2000-03","-37.2822","143.2469","965.0","LOOKOUT HILL, AS","","","20.3",",a","4",",a","1",",a","0",",a","0",",a","0",",a","0",",a","10",",a","0",",a","20000323",",,a","20000323",",,a","20000302",",,a","3.6",",a,23,","7.0",",,a,23,","29.6",",a,02,","357.1","a","134.3",",a","10.0",",,,a","14.65",",a","19.26",",,,a","10.05",",,,a"
"ASN00089105","2000-04","-37.2822","143.2469","965.0","LOOKOUT HILL, AS","","","0.0","1,a","10","1,a","6","1,a","2","1,a","0",",a","0",",a","0","1,a","1","1,a","0","1,a","20000423",",,a","20000414",",1,a","20000411",",1,a","1.9",",a,23,","60.0","1,,a,14,","21.7","1,a,11,","571.1","a","214.0","1,a","116.2","1,,,a","10.88","1,a","14.30","1,,,a","7.47",",,,a"
"ASN00089105","2000-05","-37.2822","143.2469","965.0","LOOKOUT HILL, AS","","","0.0","3,a","20",",a","13",",a","1",",a","0","2,a","3","2,a","0","2,a","0","2,a","0","2,a","20000529","+,2,a","20000506",",,a","20000503",",2,a","-1.6","2,a,29,+","44.0",",,a,06,","17.6","2,a,03,","903.5","a","332.4","2,a","144.6",",,,a","6.43","3,a","8.89","2,,,a","3.97","2,,,a"
"ASN00089105","2000-06","-37.2822","143.2469","965.0","LOOKOUT HILL, AS","","","0.0","2,a","21",",a","13",",a","0",",a","0",",a","2",",a","0","2,a","0","2,a","0","2,a","20000605",",,a","20000623",",,a","20000625",",2,a","-0.3",",a,05,","18.0",",,a,23,","9.3","2,a,25,","1290.8","a","387.3","2,a","104.2",",,,a","4.45","2,a","6.27","2,,,a","2.63",",,,a"
"ASN00089105","2000-07","-37.2822","143.2469","965.0","LOOKOUT HILL, AS","0.0","a","0.0",",a","19","1,a","12","1,a","1","1,a","0",",a","3",",a","0",",a","0",",a","0",",a","20000727",",,a","20000719",",1,a","20000717",",,a","-1.2",",a,27,","34.0","1,,a,19,","12.6",",a,17,","1734.7","a","443.9",",a","135.6","1,,,a","4.01",",a","6.08",",,,a","1.95",",,,a"
"ASN00089105","2000-08","-37.2822","143.2469","965.0","LOOKOUT HILL, AS","0.0","a","0.0",",a","19",",a","11",",a","0",",a","0",",a","3",",a","0",",a","0",",a","0",",a","20000816",",,a","20000830","+,,a","20000803",",,a","-1.5",",a,16,","10.0",",,a,30,+","12.2",",a,03,","2159.3","a","424.6",",a","77.6",",,,a","4.64",",a","7.10",",,,a","2.17",",,,a"
"ASN00089105","2000-09","-37.2822","143.2469","965.0","LOOKOUT HILL, AS","0.0","a","0.0",",a","16",",a","12",",a","1",",a","0",",a","2",",a","0",",a","0",",a","0",",a","20000905",",,a","20000908",",,a","20000928",",,a","-0.4",",a,05,","40.0",",,a,08,","16.1",",a,28,","2511.2","a","351.9",",a","143.4",",,,a","6.60",",a","9.81",",,,a","3.39",",,,a"
"ASN00089105","2000-10","-37.2822","143.2469","965.0","LOOKOUT HILL, AS","0.0","a","0.0","3,a","18","1,a","10","1,a","0","1,a","0","2,a","2","2,a","0","1,a","0","1,a","0","1,a","20001011",",2,a","20001019",",1,a","20001005",",1,a","-0.5","2,a,11,","15.0","1,,a,19,","20.8","1,a,05,","2797.7","a","286.5","1,a","81.4","1,,,a","8.05","3,a","11.89","1,,,a","4.21","2,,,a"
"ASN00089105","2000-11","-37.2822","143.2469","965.0","LOOKOUT HILL, AS","10.4","a","10.4","1,a","12","1,a","6","1,a","2","1,a","0","1,a","0","1,a","0",",a","7",",a","0",",a","20001106",",1,a","20001116",",1,a","20001128",",,a","3.1","1,a,06,","37.0","1,,a,16,","28.5",",a,28,","2945.2","a","147.5",",a","94.0","1,,,a","13.57","1,a","17.78",",,,a","9.37","1,,,a"
"ASN00089105","2000-12","-37.2822","143.2469","965.0","LOOKOUT HILL, AS","29.0","a","18.6",",a","7",",a","3",",a","1",",a","0",",a","0",",a","0",",a","13",",a","0",",a","20001228",",,a","20001223",",,a","20001221",",,a","1.9",",a,28,","46.0",",,a,23,","30.5",",a,21,","3083.2","a","138.0",",a","72.4",",,,a","14.48",",a","20.82",",,,a","8.14",",,,a"
"ASN00089105","2001-01","-37.2822","143.2469","965.0","LOOKOUT HILL, AS","104.2","a","75.2",",a","6",",a","3",",a","0",",a","0",",a","0",",a","0",",a","21",",a","1",",a","20010131","+,,a","20010126",",,a","20010124",",,a","5.2",",a,31,+","23.0",",,a,26,","32.6",",a,24,","55.6","a","55.6",",a","49.8",",,,a","18.96",",a","24.88",",,,a","13.05",",,,a"
"ASN00089105","2001-02","-37.2822","143.2469","965.0","LOOKOUT HILL, AS","156.9","a","52.7",",a","4",",a","1",",a","0",",a","0",",a","0",",a","0",",a","20",",a","0",",a","20010228","+,,a","20010213",",,a","20010219",",,a","6.4",",a,28,+","14.0",",,a,13,","30.6",",a,19,","107.7","a","52.1",",a","17.4",",,,a","18.36",",a","24.38",",,,a","12.33",",,,a"
"ASN00089105","2001-03","-37.2822","143.2469","965.0","LOOKOUT HILL, AS","168.4","a","11.5",",a","12","1,a","5","1,a","1","1,a","0",",a","0",",a","0",",a","9",",a","0",",a","20010328",",,a","20010322",",1,a","20010308",",,a","3.2",",a,28,","27.0","1,,a,22,","27.6",",a,08,","283.2","a","175.5",",a","85.2","1,,,a","13.05",",a","17.74",",,,a","8.35",",,,a"
"ASN00089105","2001-04","-37.2822","143.2469","965.0","LOOKOUT HILL, AS","168.4","a","0.0",",a","10",",a","6",",a","0",",a","0",",a","0",",a","0",",a","1",",a","0",",a","20010412",",,a","20010424",",,a","20010406",",,a","1.4",",a,12,","22.0",",,a,24,","22.3",",a,06,","525.2","a","242.0",",a","69.2",",,,a","10.27",",a","14.02",",,,a","6.51",",,,a"
"ASN00089105","2001-05","-37.2822","143.2469","965.0","LOOKOUT HILL, AS","168.4","a","0.0","1,a","14","1,a","4","1,a","0","1,a","0",",a","0",",a","0","1,a","0","1,a","0","1,a","20010517",",,a","20010527",",1,a","20010514",",1,a","1.9",",a,17,","10.0","1,,a,27,","16.9","1,a,14,","861.3","a","336.1","1,a","38.4","1,,,a","7.10","1,a","9.56","1,,,a","4.64",",,,a"
"ASN00089105","2001-06","-37.2822","143.2469","965.0","LOOKOUT HILL, AS","168.4","a","0.0",",a","18",",a","12",",a","1",",a","0",",a","1",",a","0",",a","0",",a","0",",a","20010614",",,a","20010609",",,a","20010604",",,a","-0.4",",a,14,","56.0",",,a,09,","12.6",",a,04,","1242.7","a","381.4",",a","155.2",",,,a","5.62",",a","7.61",",,,a","3.63",",,,a"
"ASN00089105","2001-07","-37.2822","143.2469","965.0","LOOKOUT HILL, AS","0.0","a","0.0",",a","15","1,a","7","1,a","0","1,a","0",",a","0",",a","0",",a","0",",a","0",",a","20010705",",,a","20010712",",1,a","20010729",",,a","0.8",",a,05,","14.0","1,,a,12,","13.4",",a,29,","1656.7","a","414.0",",a","54.2","1,,,a","4.98",",a","7.00",",,,a","2.95",",,,a"
"ASN00089105","2001-08","-37.2822","143.2469","965.0","LOOKOUT HILL, AS","0.0","a","0.0",",a","18",",a","14",",a","0",",a","0",",a","7",",a","0",",a","0",",a","0",",a","20010817",",,a","20010822",",,a","20010810",",,a","-1.9",",a,17,","23.0",",,a,22,","13.1",",a,10,","2075.4","a","418.7",",a","153.8",",,,a","4.83",",a","7.60",",,,a","2.05",",,,a"
"ASN00089105","2001-09","-37.2822","143.2469","965.0","LOOKOUT HILL, AS","0.0","a","0.0",",a","14",",a","6",",a","1",",a","0",",a","1",",a","0",",a","1",",a","0",",a","20010905",",,a","20010925",",,a","20010930",",,a","-0.6",",a,05,","33.0",",,a,25,","22.6",",a,30,","2372.4","a","297.0",",a","104.2",",,,a","8.43",",a","11.96",",,,a","4.90",",,,a"
"ASN00089105","2001-10","-37.2822","143.2469","965.0","LOOKOUT HILL, AS","0.0","a","0.0",",a","23",",a","16",",a","0",",a","0",",a","2",",a","0",",a","0",",a","0",",a","20011009",",,a","20011004",",,a","20011022",",,a","-0.2",",a,09,","23.0",",,a,04,","19.9",",a,22,","2728.4","a","356.0",",a","181.2",",,,a","6.85",",a","10.11",",,,a","3.59",",,,a"
"ASN00089105","2001-11","-37.2822","143.2469","965.0","LOOKOUT HILL, AS","0.0","a","0.0","4,a","15",",a","9",",a","0",",a","0","1,a","1","1,a","0","3,a","1","3,a","0","3,a","20011111",",1,a","20011112",",,a","20011104",",3,a","-0.9","1,a,11,","21.0",",,a,12,","21.1","3,a,04,","2965.3","a","236.9","3,a","96.0",",,,a","9.13","4,a","13.34","3,,,a","4.92","1,,,a"
"ASN00089105","2001-12","-37.2822","143.2469","965.0","LOOKOUT HILL, AS","0.9","a","0.9","2,a","11",",a","5",",a","0",",a","0",",a","0",",a","0","2,a","2","2,a","0","2,a","20011208",",,a","20011207",",,a","20011229",",2,a","1.9",",a,08,","18.0",",,a,07,","26.5","2,a,29,","3209.4","a","244.1","2,a","49.0",",,,a","9.96","2,a","14.60","2,,,a","5.33",",,,a"
"ASN00089105","2002-01","-37.2822","143.2469","965.0","LOOKOUT HILL, AS","20.0","a","19.1","1,a","11","1,a","6","1,a","0","1,a","0","1,a","0","1,a","0",",a","11",",a","0",",a","20020109",",1,a","20020101",",1,a","20020126",",,a","3.0","1,a,09,","15.0","1,,a,01,","29.7",",a,26,","151.0","a","151.0",",a","40.4","1,,,a","13.90","1,a","19.35",",,,a","8.46","1,,,a"
"ASN00089105","2002-02","-37.2822","143.2469","965.0","LOOKOUT HILL, AS","29.0","a","9.0",",a","5",",a","3",",a","2",",a","0",",a","0",",a","0",",a","10",",a","0",",a","20020203",",,a","20020208",",,a","20020214",",,a","3.5",",a,03,","72.0",",,a,08,","28.1",",a,14,","294.6","a","143.6",",a","125.2",",,,a","13.53",",a","18.99",",,,a","8.06",",,,a"
"ASN00089105","2002-03","-37.2822","143.2469","965.0","LOOKOUT HILL, AS","30.8","a","1.8",",a","5",",a","1",",a","0",",a","0",",a","0",",a","0",",a","12",",a","0",",a","20020330",",,a","20020325",",,a","20020318",",,a","2.6",",a,30,","6.8",",,a,25,","26.1",",a,18,","473.0","a","178.4",",a","12.0",",,,a","12.63",",a","17.88",",,,a","7.39",",,,a"
"ASN00089105","2002-04","-37.2822","143.2469","965.0","LOOKOUT HILL, AS","30.8","a","0.0",",a","3","1,a","3","1,a","0","1,a","0",",a","0",",a","0",",a","5",",a","0",",a","20020404",",,a","20020413",",1,a","20020401",",,a","2.0",",a,04,","21.4","1,,a,13,","22.5",",a,01,","653.1","a","180.1",",a","33.6","1,,,a","12.33",",a","16.36",",,,a","8.30",",,,a"
"ASN00089105","2002-05","-37.2822","143.2469","965.0","LOOKOUT HILL, AS","30.8","a","0.0",",a","12",",a","9",",a","0",",a","0",",a","0",",a","0",",a","0",",a","0",",a","20020519",",,a","20020519",",,a","20020508",",,a","1.7",",a,19,","19.0",",,a,19,","19.0",",a,08,","966.1","a","313.0",",a","75.2",",,,a","8.24",",a","10.79",",,,a","5.68",",,,a"
"ASN00089105","2002-06","-37.2822","143.2469","965.0","LOOKOUT HILL, AS","30.8","a","0.0","3,a","18",",a","8",",a","0",",a","0","1,a","2","1,a","0","2,a","0","2,a","0","2,a","20020628",",1,a","20020615",",,a","20020605",",2,a","-0.8","1,a,28,","15.0",",,a,15,","10.8","2,a,05,","1331.9","a","365.8","2,a","74.0",",,,a","4.72","3,a","6.72","2,,,a","2.71","1,,,a"
"ASN00089105","2002-07","-37.2822","143.2469","965.0","LOOKOUT HILL, AS","0.0","a","0.0","1,a","20",",a","10",",a","0",",a","0","1,a","2","1,a","0",",a","0",",a","0",",a","20020725",",1,a","20020705",",,a","20020727",",,a","-1.3","1,a,25,","13.0",",,a,05,","11.5",",a,27,","1750.3","a","418.4",",a","66.4",",,,a","4.36","1,a","6.89",",,,a","1.83","1,,,a"
"ASN00089105","2002-08","-37.2822","143.2469","965.0","LOOKOUT HILL, AS","0.0","a","0.0",",a","13",",a","7",",a","0",",a","0",",a","6",",a","0",",a","0",",a","0",",a","20020823",",,a","20020829",",,a","20020811",",,a","-1.3",",a,23,","17.0",",,a,29,","12.9",",a,11,","2170.3","a","420.0",",a","68.6",",,,a","4.78",",a","7.66",",,,a","1.90",",,,a"
"ASN00089105","2002-09","-37.2822","143.2469","965.0","LOOKOUT HILL, AS","0.0","a","0.0","1,a","18",",a","8",",a","0",",a","0",",a","4",",a","0","1,a","0","1,a","0","1,a","20020910",",,a","20020916",",,a","20020915",",1,a","-1.3",",a,10,","19.0",",,a,16,","20.2","1,a,15,","2514.4","a","344.1","1,a","82.8",",,,a","6.47","1,a","10.01","1,,,a","2.93",",,,a"
"ASN00089105","2002-10","-37.2822","143.2469","965.0","LOOKOUT HILL, AS","0.0","a","0.0",",a","14",",a","9",",a","0",",a","0",",a","1",",a","0",",a","1",",a","0",",a","20021009",",,a","20021015",",,a","20021018",",,a","0.0",",a,09,","15.0",",,a,15,","22.7",",a,18,","2816.5","a","302.1",",a","76.6",",,,a","8.59",",a","13.04",",,,a","4.14",",,,a"
"ASN00089105","2002-11","-37.2822","143.2469","965.0","LOOKOUT HILL, AS","4.5","a","4.5",",a","8",",a","5",",a","0",",a","0",",a","0",",a","0",",a","12",",a","0",",a","20021104",",,a","20021126",",,a","20021123",",,a","1.1",",a,04,","9.0",",,a,26,","26.2",",a,23,","2968.5","a","152.0",",a","31.6",",,,a","13.41",",a","19.06",",,,a","7.76",",,,a"
"ASN00089105","2002-12","-37.2822","143.2469","965.0","LOOKOUT HILL, AS","49.1","a","44.6","4,a","5","1,a","2","1,a","0","1,a","0","3,a","0","3,a","0","2,a","15","2,a","2","2,a","20021206",",3,a","20021205",",1,a","20021217",",2,a","0.3","3,a,06,","14.0","1,,a,05,","32.9","2,a,17,","3107.0","a","138.5","2,a","27.2","1,,,a","14.81","4,a","20.68","2,,,a","8.94","3,,,a"
"ASN00089105","2003-01","-37.2822","143.2469","965.0","LOOKOUT HILL, AS","81.5","a","32.4","3,a","2","4,a","1","4,a","0","4,a","0","3,a","0","3,a","0","1,a","17","1,a","1","1,a","20030131",",3,a","20030131",",4,a","20030125",",1,a","4.2","3,a,31,","12.2","4,,a,31,","37.7","1,a,25,","87.1","a","87.1","1,a","13.0","4,,,a","16.39","3,a","22.93","1,,,a","9.85","3,,,a"
"ASN00089105","2003-02","-37.2822","143.2469","965.0","LOOKOUT HILL, AS","104.1","a","22.6",",a","7",",a","2",",a","1",",a","0",",a","0",",a","0",",a","17",",a","0",",a","20030218",",,a","20030221",",,a","20030204",",,a","4.0",",a,18,","65.0",",,a,21,","29.7",",a,04,","160.8","a","73.7",",a","91.4",",,,a","16.51",",a","22.30",",,,a","10.71",",,,a"
"ASN00089105","2003-03","-37.2822","143.2469","965.0","LOOKOUT HILL, AS","108.1","a","4.0",",a","8",",a","3",",a","0",",a","0",",a","0",",a","0",",a","9",",a","0",",a","20030302","+,,a","20030320",",,a","20030317",",,a","2.0",",a,02,+","17.0",",,a,20,","26.2",",a,17,","349.0","a","188.2",",a","35.0",",,,a","12.39",",a","17.00",",,,a","7.79",",,,a"
"ASN00089105","2003-04","-37.2822","143.2469","965.0","LOOKOUT HILL, AS","108.1","a","0.0",",a","9",",a","6",",a","0",",a","0",",a","0",",a","0",",a","0",",a","0",",a","20030417",",,a","20030411",",,a","20030401",",,a","2.8",",a,17,","11.2",",,a,11,","20.5",",a,01,","580.1","a","231.1",",a","46.4",",,,a","10.63",",a","14.19",",,,a","7.07",",,,a"
"ASN00089105","2003-05","-37.2822","143.2469","965.0","LOOKOUT HILL, AS","108.1","a","0.0",",a","13",",a","5",",a","0",",a","0",",a","0",",a","0",",a","0",",a","0",",a","20030501",",,a","20030518",",,a","20030506",",,a","1.0",",a,01,","22.6",",,a,18,","18.3",",a,06,","897.8","a","317.7",",a","59.0",",,,a","8.09",",a","10.99",",,,a","5.18",",,,a"
"ASN00089105","2003-06","-37.2822","143.2469","965.0","LOOKOUT HILL, AS","108.1","a","0.0",",a","27",",a","15",",a","1",",a","0",",a","1",",a","0",",a","0",",a","0",",a","20030625",",,a","20030623",",,a","20030602",",,a","-0.6",",a,25,","35.6",",,a,23,","12.5",",a,02,","1305.7","a","407.9",",a","147.8",",,,a","4.74",",a","6.59",",,,a","2.88",",,,a"
"ASN00089105","2003-07","-37.2822","143.2469","965.0","LOOKOUT HILL, AS","0.0","a","0.0",",a","12","2,a","8","2,a","1","2,a","0",",a","6",",a","0",",a","0",",a","0",",a","20030729",",,a","20030724",",2,a","20030719",",,a","-0.7",",a,29,","34.4","2,,a,24,","10.0",",a,19,","1747.4","a","441.7",",a","114.0","2,,,a","4.09",",a","6.18",",,,a","1.99",",,,a"
"ASN00089105","2003-08","-37.2822","143.2469","965.0","LOOKOUT HILL, AS","0.0","a","0.0","1,a","18","1,a","10","1,a","0","1,a","0","1,a","10","1,a","0",",a","0",",a","0",",a","20030810",",1,a","20030813",",1,a","20030804",",,a","-1.8","1,a,10,","13.2","1,,a,13,","11.1",",a,04,","2187.7","a","440.3",",a","99.0","1,,,a","3.63","1,a","6.03",",,,a","1.22","1,,,a"
"ASN00089105","2003-09","-37.2822","143.2469","965.0","LOOKOUT HILL, AS","0.0","a","0.0",",a","19",",a","13",",a","0",",a","0",",a","7",",a","0",",a","0",",a","0",",a","20030929",",,a","20030911",",,a","20030923","+,,a","-1.9",",a,29,","12.0",",,a,11,","14.5",",a,23,+","2585.9","a","398.2",",a","82.8",",,,a","5.06",",a","8.47",",,,a","1.65",",,,a"
"ASN00089105","2003-10","-37.2822","143.2469","965.0","LOOKOUT HILL, AS","0.0","a","0.0",",a","17",",a","13",",a","1",",a","0",",a","4",",a","0",",a","1",",a","0",",a","20031010",",,a","20031002",",,a","20031018",",,a","-1.7",",a,10,","32.8",",,a,02,","21.1",",a,18,","2964.8","a","378.9",",a","124.6",",,,a","6.11",",a","9.58",",,,a","2.64",",,,a"
"ASN00089105","2003-11","-37.2822","143.2469","965.0","LOOKOUT HILL, AS","11.1","a","11.1",",a","9",",a","6",",a","0",",a","0",",a","0",",a","0",",a","7",",a","0",",a","20031103",",,a","20031102",",,a","20031115",",,a","0.6",",a,03,","16.2",",,a,02,","30.0",",a,15,","3171.9","a","207.1",",a","47.6",",,,a","11.80",",a","17.04",",,,a","6.55",",,,a"
"ASN00089105","2003-12","-37.2822","143.2469","965.0","LOOKOUT HILL, AS","41.0","a","29.9",",a","7",",a","3",",a","1",",a","0",",a","0",",a","0",",a","18",",a","0",",a","20031206",",,a","20031222",",,a","20031217",",,a","2.7",",a,06,","25.6",",,a,22,","31.4",",a,17,","3279.7","a","107.8",",a","45.4",",,,a","15.82",",a","21.68",",,,a","9.96",",,,a"
"ASN00089105","2004-01","-37.2822","143.2469","965.0","LOOKOUT HILL, AS","49.4","a","8.4",",a","9",",a","5",",a","0",",a","0",",a","0",",a","0",",a","9",",a","0",",a","20040118",",,a","20040105",",,a","20040103",",,a","2.1",",a,18,","8.8",",,a,05,","28.2",",a,03,","178.6","a","178.6",",a","35.0",",,,a","12.84",",a","18.41",",,,a","7.27",",,,a"
"ASN00089105","2004-02","-37.2822","143.2469","965.0","LOOKOUT HILL, AS","89.6","a","40.2",",a","7",",a","1",",a","0",",a","0",",a","0",",a","0",",a","17",",a","2",",a","20040229",",,a","20040202",",,a","20040214",",,a","4.2",",a,29,","3.2",",,a,02,","36.2",",a,14,","274.7","a","96.1",",a","8.8",",,,a","16.41",",a","22.48",",,,a","10.33",",,,a"
"ASN00089105","2004-03","-37.2822","143.2469","965.0","LOOKOUT HILL, AS","99.9","a","10.3",",a","5",",a","4",",a","0",",a","0",",a","0",",a","0",",a","9",",a","0",",a","20040318",",,a","20040329",",,a","20040304",",,a","3.0",",a,18,","16.4",",,a,29,","29.1",",a,04,","451.6","a","176.9",",a","33.4",",,,a","12.96",",a","18.43",",,,a","7.49",",,,a"
"ASN00089105","2004-04","-37.2822","143.2469","965.0","LOOKOUT HILL, AS","100.9","a","1.0",",a","11","1,a","5","1,a","0","1,a","0",",a","0",",a","0",",a","2",",a","0",",a","20040424",",,a","20040423",",1,a","20040414",",,a","1.9",",a,24,","9.4","1,,a,23,","26.1",",a,14,","693.5","a","241.9",",a","32.2","1,,,a","10.30",",a","14.14",",,,a","6.47",",,,a"
"ASN00089105","2004-05","-37.2822","143.2469","965.0","LOOKOUT HILL, AS","100.9","a","0.0",",a","16",",a","9",",a","0",",a","0",",a","0",",a","0",",a","0",",a","0",",a","20040501",",,a","20040518",",,a","20040514",",,a","0.1",",a,01,","23.4",",,a,18,","14.8",",a,14,","1067.2","a","373.7",",a","90.2",",,,a","6.28",",a","8.80",",,,a","3.75",",,,a"
"ASN00089105","2004-06","-37.2822","143.2469","965.0","LOOKOUT HILL, AS","100.9","a","0.0",",a","22",",a","14",",a","0",",a","0",",a","2",",a","0",",a","0",",a","0",",a","20040620",",,a","20040610",",,a","20040608",",,a","-0.7",",a,20,","24.4",",,a,10,","12.1",",a,08,","1490.9","a","423.7",",a","156.8",",,,a","4.21",",a","6.16",",,,a","2.26",",,,a"
"ASN00089105","2004-07","-37.2822","143.2469","965.0","LOOKOUT HILL, AS","0.0","a","0.0",",a","22","2,a","13","2,a","0","2,a","0",",a","6",",a","0",",a","0",",a","0",",a","20040718",",,a","20040724",",2,a","20040703",",,a","-1.0",",a,18,","21.4","2,,a,24,","8.6",",a,03,","1969.6","a","478.7",",a","109.0","2,,,a","2.89",",a","4.71",",,,a","1.07",",,,a"
"ASN00089105","2004-08","-37.2822","143.2469","965.0","LOOKOUT HILL, AS","0.0","a","0.0","1,a","20","1,a","12","1,a","0","1,a","0","1,a","5","1,a","0",",a","0",",a","0",",a","20040815",",1,a","20040830",",1,a","20040825",",,a","-0.7","1,a,15,","21.8","1,,a,30,","14.4",",a,25,","2378.3","a","408.7",",a","104.2","1,,,a","4.70","1,a","7.08",",,,a","2.32","1,,,a"
"ASN00089105","2004-09","-37.2822","143.2469","965.0","LOOKOUT HILL, AS","0.0","a","0.0",",a","15",",a","11",",a","1",",a","0",",a","4",",a","0",",a","0",",a","0",",a","20040912",",,a","20040908",",,a","20040921",",,a","-2.1",",a,12,","26.0",",,a,08,","18.7",",a,21,","2750.1","a","371.8",",a","125.6",",,,a","5.94",",a","8.92",",,,a","2.96",",,,a"
"ASN00089105","2004-10","-37.2822","143.2469","965.0","LOOKOUT HILL, AS","1.2","a","1.2","2,a","8","4,a","3","4,a","0","4,a","0","2,a","5","2,a","0","1,a","3","1,a","0","1,a","20041016",",2,a","20041027",",4,a","20041012",",1,a","-1.6","2,a,16,","17.0","4,,a,27,","26.1","1,a,12,","3020.9","a","270.8","1,a","29.4","4,,,a","8.92","2,a","13.79","1,,,a","4.06","2,,,a"
"ASN00089105","2004-11","-37.2822","143.2469","965.0","LOOKOUT HILL, AS","9.3","a","8.1",",a","11","2,a","6","2,a","0","2,a","0",",a","2",",a","0",",a","6",",a","0",",a","20041103",",,a","20041105",",2,a","20041126",",,a","-2.1",",a,03,","24.0","2,,a,05,","28.7",",a,26,","3276.4","a","255.5",",a","100.0","2,,,a","10.09",",a","14.79",",,,a","5.38",",,,a"
"ASN00089105","2004-12","-37.2822","143.2469","965.0","LOOKOUT HILL, AS","17.0","a","7.7",",a","11","2,a","5","2,a","1","2,a","0",",a","1",",a","0",",a","9",",a","0",",a","20041228",",,a","20041211",",2,a","20041223",",,a","0.0",",a,28,","32.0","2,,a,11,","29.3",",a,23,","3457.1","a","180.7",",a","76.0","2,,,a","12.75",",a","18.31",",,,a","7.19",",,,a"
"ASN00089105","2005-01","-37.2822","143.2469","965.0","LOOKOUT HILL, AS","33.8","a","16.8",",a","7",",a","4",",a","1",",a","0",",a","0",",a","0",",a","19",",a","0",",a","20050107",",,a","20050128",",,a","20050127",",,a","1.9",",a,07,","68.6",",,a,28,","32.1",",a,27,","129.2","a","129.2",",a","105.0",",,,a","14.70",",a","21.06",",,,a","8.35",",,,a"
"ASN00089105","2005-02","-37.2822","143.2469","965.0","LOOKOUT HILL, AS","39.9","a","6.1",",a","9",",a","5",",a","1",",a","0",",a","0",",a","0",",a","9",",a","0",",a","20050203",",,a","20050203",",,a","20050223",",,a","1.7",",a,03,","33.2",",,a,03,","27.7",",a,23,","312.1","a","182.9",",a","79.8",",,,a","12.02",",a","17.35",",,,a","6.69",",,,a"
"ASN00089105","2005-03","-37.2822","143.2469","965.0","LOOKOUT HILL, AS","54.5","a","14.6",",a","4",",a","1",",a","0",",a","0",",a","0",",a","0",",a","6",",a","0",",a","20050326",",,a","20050305",",,a","20050314",",,a","2.1",",a,26,","4.2",",,a,05,","29.5",",a,14,","514.3","a","202.2",",a","8.2",",,,a","12.28",",a","17.22",",,,a","7.34",",,,a"
"ASN00089105","2005-04","-37.2822","143.2469","965.0","LOOKOUT HILL, AS","59.4","a","4.9",",a","8",",a","2",",a","0",",a","0",",a","0",",a","0",",a","6",",a","0",",a","20050415",",,a","20050403",",,a","20050409","+,,a","1.0",",a,15,","10.8",",,a,03,","25.1",",a,09,+","701.9","a","187.6",",a","22.6",",,,a","12.24",",a","16.85",",,,a","7.63",",,,a"
"ASN00089105","2005-05","-37.2822","143.2469","965.0","LOOKOUT HILL, AS","59.4","a","0.0",",a","8",",a","3",",a","0",",a","0",",a","0",",a","0",",a","0",",a","0",",a","20050529","+,,a","20050501",",,a","20050504",",,a","0.8",",a,29,+","12.8",",,a,01,","15.6",",a,04,","1051.4","a","349.5",",a","30.2",",,,a","7.06",",a","10.12",",,,a","4.00",",,,a"
"ASN00089105","2005-06","-37.2822","143.2469","965.0","LOOKOUT HILL, AS","59.4","a","0.0",",a","14",",a","9",",a","1",",a","0",",a","3",",a","0",",a","0",",a","0",",a","20050622",",,a","20050611",",,a","20050607",",,a","-1.9",",a,22,","34.2",",,a,11,","13.4",",a,07,","1444.6","a","393.2",",a","133.0",",,,a","5.23",",a","7.72",",,,a","2.74",",,,a"
"ASN00089105","2005-07","-37.2822","143.2469","965.0","LOOKOUT HILL, AS","0.0","a","0.0",",a","21",",a","11",",a","0",",a","0",",a","7",",a","0",",a","0",",a","0",",a","20050717",",,a","20050701",",,a","20050731",",,a","-1.4",",a,17,","12.0",",,a,01,","9.4",",a,31,","1895.6","a","451.0",",a","72.2",",,,a","3.78",",a","5.91",",,,a","1.65",",,,a"
"ASN00089105","2005-08","-37.2822","143.2469","965.0","LOOKOUT HILL, AS","0.0","a","0.0",",a","17",",a","12",",a","1",",a","0",",a","12",",a","1",",a","0",",a","0",",a","20050810",",,a","20050831",",,a","20050829",",,a","-3.7",",a,10,","38.8",",,a,31,","14.4",",a,29,","2333.5","a","437.9",",a","133.0",",,,a","4.21",",a","7.23",",,,a","1.19",",,,a"
"ASN00089105","2005-09","-37.2822","143.2469","965.0","LOOKOUT HILL, AS","0.0","a","0.0",",a","15",",a","12",",a","1",",a","0",",a","7",",a","0",",a","0",",a","0",",a","20050901",",,a","20050929",",,a","20050909",",,a","-2.2",",a,01,","27.6",",,a,29,","16.3",",a,09,","2714.0","a","380.5",",a","95.6",",,,a","5.65",",a","8.94",",,,a","2.35",",,,a"
"ASN00089105","2005-10","-37.2822","143.2469","965.0","LOOKOUT HILL, AS","0.0","a","0.0",",a","14",",a","10",",a","0",",a","0",",a","1",",a","0",",a","0",",a","0",",a","20051012",",,a","20051008",",,a","20051031",",,a","0.0",",a,12,","19.2",",,a,08,","19.8",",a,31,","3020.7","a","306.7",",a","78.0",",,,a","8.44",",a","12.45",",,,a","4.43",",,,a"
"ASN00089105","2005-11","-37.2822","143.2469","965.0","LOOKOUT HILL, AS","1.8","a","1.8","2,a","9",",a","5",",a","1",",a","0","1,a","0","1,a","0","1,a","7","1,a","0","1,a","20051111",",1,a","20051108",",,a","20051125",",1,a","1.4","1,a,11,","41.8",",,a,08,","25.4","1,a,25,","3193.8","a","173.1","1,a","77.0",",,,a","12.03","2,a","17.23","1,,,a","6.83","1,,,a"
"ASN00089105","2005-12","-37.2822","143.2469","965.0","LOOKOUT HILL, AS","21.2","a","19.4",",a","13",",a","6",",a","0",",a","0",",a","0",",a","0",",a","12",",a","2",",a","20051218",",,a","20051202",",,a","20051231",",,a","3.5",",a,18,","11.2",",,a,02,","35.4",",a,31,","3341.4","a","147.6",",a","44.2",",,,a","14.20",",a","20.30",",,,a","8.09",",,,a"
"ASN00089105","2006-01","-37.2822","143.2469","965.0","LOOKOUT HILL, AS","74.3","a","53.1",",a","5",",a","5",",a","0",",a","0",",a","0",",a","0",",a","21",",a","3",",a","20060104",",,a","20060102",",,a","20060122",",,a","3.9",",a,04,","8.6",",,a,02,","33.9",",a,22,","72.8","a","72.8",",a","29.4",",,,a","17.70",",a","23.89",",,,a","11.50",",,,a"
"ASN00089105","2006-02","-37.2822","143.2469","965.0","LOOKOUT HILL, AS","85.7","a","11.4",",a","8",",a","5",",a","0",",a","0",",a","0",",a","0",",a","10",",a","0",",a","20060207",",,a","20060209",",,a","20060223",",,a","3.5",",a,07,","11.4",",,a,09,","29.0",",a,23,","196.4","a","123.6",",a","29.6",",,,a","14.32",",a","20.20",",,,a","8.45",",,,a"
"ASN00089105","2006-03","-37.2822","143.2469","965.0","LOOKOUT HILL, AS","106.1","a","20.4",",a","1",",a","1",",a","0",",a","0",",a","0",",a","0",",a","18",",a","0",",a","20060331",",,a","20060313",",,a","20060312",",,a","5.6",",a,31,","12.4",",,a,13,","31.4",",a,12,","306.1","a","109.7",",a","12.8",",,,a","15.45",",a","21.27",",,,a","9.63",",,,a"
"ASN00089105","2006-04","-37.2822","143.2469","965.0","LOOKOUT HILL, AS","106.1","a","0.0",",a","16",",a","9",",a","0",",a","0",",a","0",",a","0",",a","0",",a","0",",a","20060421",",,a","20060429",",,a","20060411",",,a","1.0",",a,21,","23.6",",,a,29,","19.1",",a,11,","631.4","a","325.3",",a","99.6",",,,a","7.49",",a","10.62",",,,a","4.35",",,,a"
"ASN00089105","2006-05","-37.2822","143.2469","965.0","LOOKOUT HILL, AS","106.1","a","0.0",",a","13",",a","8",",a","0",",a","0",",a","1",",a","0",",a","0",",a","0",",a","20060508",",,a","20060507",",,a","20060515",",,a","-0.2",",a,08,","24.0",",,a,07,","13.0",",a,15,","1032.2","a","400.8",",a","69.0",",,,a","5.40",",a","7.77",",,,a","3.03",",,,a"
"ASN00089105","2006-06","-37.2822","143.2469","965.0","LOOKOUT HILL, AS","106.1","a","0.0",",a","9",",a","3",",a","0",",a","0",",a","4",",a","0",",a","0",",a","0",",a","20060611",",,a","20060622",",,a","20060620",",,a","-1.5",",a,11,","17.0",",,a,22,","10.7",",a,20,","1459.6","a","427.4",",a","30.6",",,,a","4.09",",a","6.39",",,,a","1.78",",,,a"
"ASN00089105","2006-07","-37.2822","143.2469","965.0","LOOKOUT HILL, AS","0.0","a","0.0",",a","19",",a","8",",a","1",",a","0",",a","7",",a","0",",a","0",",a","0",",a","20060712",",,a","20060702",",,a","20060726","+,,a","-1.5",",a,12,","30.2",",,a,02,","8.8",",a,26,+","1910.9","a","451.3",",a","106.6",",,,a","3.78",",a","5.91",",,,a","1.64",",,,a"
"ASN00089105","2006-08","-37.2822","143.2469","965.0","LOOKOUT HILL, AS","0.0","a","0.0",",a","14",",a","6",",a","0",",a","0",",a","1",",a","0",",a","0",",a","0",",a","20060826",",,a","20060824",",,a","20060831",",,a","-0.3",",a,26,","16.8",",,a,24,","14.8",",a,31,","2302.9","a","392.0",",a","45.4",",,,a","5.69",",a","8.71",",,,a","2.67",",,,a"
"ASN00089105","2006-09","-37.2822","143.2469","965.0","LOOKOUT HILL, AS","0.0","a","0.0",",a","11",",a","6",",a","0",",a","0",",a","2",",a","0",",a","1",",a","0",",a","20060925",",,a","20060906",",,a","20060919",",,a","-1.8",",a,25,","14.6",",,a,06,","21.4",",a,19,","2625.3","a","322.4",",a","52.4",",,,a","7.59",",a","11.48",",,,a","3.69",",,,a"
"ASN00089105","2006-10","-37.2822","143.2469","965.0","LOOKOUT HILL, AS","2.7","a","2.7",",a","5",",a","2",",a","0",",a","0",",a","3",",a","0",",a","4",",a","0",",a","20061029",",,a","20061028",",,a","20061012",",,a","-1.2",",a,29,","4.4",",,a,28,","28.1",",a,12,","2888.9","a","263.6",",a","11.6",",,,a","9.92",",a","15.37",",,,a","4.46",",,,a"
"ASN00089105","2006-11","-37.2822","143.2469","965.0","LOOKOUT HILL, AS","20.7","a","18.0",",a","7",",a","3",",a","0",",a","0",",a","3",",a","0",",a","11",",a","0",",a","20061115",",,a","20061116",",,a","20061121",",,a","-1.7",",a,15,","5.8",",,a,16,","30.8",",a,21,","3078.8","a","189.9",",a","18.0",",,,a","12.60",",a","18.51",",,,a","6.69",",,,a"
"ASN00089105","2006-12","-37.2822","143.2469","965.0","LOOKOUT HILL, AS","44.2","a","23.5",",a","6",",a","3",",a","0",",a","0",",a","0",",a","0",",a","13",",a","1",",a","20061225",",,a","20061225",",,a","20061210",",,a","0.3",",a,25,","7.8",",,a,25,","34.1",",a,10,","3244.9","a","166.1",",a","22.4",",,,a","13.73",",a","20.13",",,,a","7.33",",,,a"
"ASN00089105","2007-01","-37.2822","143.2469","965.0","LOOKOUT HILL, AS","83.5","","39.3",",a","10",",a","8",",a","1",",a","0",",a","0",",a","0",",a","16",",a","1",",a","20070131",",,a","20070120",",,a","20070116",",,a","3.8",",a,31,","27.4",",,a,20,","34.0",",a,16,","101.7","","101.7",",a","103.0",",,,a","16.32",",a","21.80",",,,a","10.84",",,,a"
"ASN00089105","2007-02","-37.2822","143.2469","965.0","LOOKOUT HILL, AS","144.0","","60.5",",a","7",",a","3",",a","0",",a","0",",a","0",",a","0",",a","20",",a","0",",a","20070201",",,a","20070227",",,a","20070205",",,a","4.9",",a,01,","22.0",",,a,27,","31.4",",a,05,","156.9","","55.2",",a","40.0",",,,a","18.52",",a","24.43",",,,a","12.61",",,,a"
"ASN00089105","2007-03","-37.2822","143.2469","965.0","LOOKOUT HILL, AS","153.8","","9.8",",a","10",",a","5",",a","0",",a","0",",a","0",",a","0",",a","10",",a","0",",a","20070325",",,a","20070329",",,a","20070323",",,a","3.2",",a,25,","7.8",",,a,29,","29.2",",a,23,","313.3","","156.4",",a","33.0",",,,a","13.60",",a","18.81",",,,a","8.40",",,,a"
"ASN00089105","2007-04","-37.2822","143.2469","965.0","LOOKOUT HILL, AS","153.8","","0.0",",a","6",",a","4",",a","1",",a","0",",a","0",",a","0",",a","3",",a","0",",a","20070406",",,a","20070428",",,a","20070413",",,a","3.8",",a,06,","29.0",",,a,28,","22.4",",a,13,","504.7","","191.4",",a","74.2",",,,a","11.95",",a","15.61",",,,a","8.30",",,,a"
