"STATION","DATE","LATITUDE","LONGITUDE","ELEVATION","NAME","CDSD","CDSD_ATTRIBUTES","CLDD","CLDD_ATTRIBUTES","DP01","DP01_ATTRIBUTES","DP10","DP10_ATTRIBUTES","DP1X","DP1X_ATTRIBUTES","DT00","DT00_ATTRIBUTES","DT32","DT32_ATTRIBUTES","DX32","DX32_ATTRIBUTES","DX70","DX70_ATTRIBUTES","DX90","DX90_ATTRIBUTES","DYNT","DYNT_ATTRIBUTES","DYXP","DYXP_ATTRIBUTES","DYXT","DYXT_ATTRIBUTES","EMNT","EMNT_ATTRIBUTES","EMXP","EMXP_ATTRIBUTES","EMXT","EMXT_ATTRIBUTES","HDSD","HDSD_ATTRIBUTES","HTDD","HTDD_ATTRIBUTES","PRCP","PRCP_ATTRIBUTES","TAVG","TAVG_ATTRIBUTES","TMAX","TMAX_ATTRIBUTES","TMIN","TMIN_ATTRIBUTES"
"ASN00070338","1996-01","-35.3083","149.1936","578.4","CANBERRA AERO COMPARISON, AS","","","53.4","1,a","11",",a","7",",a","1",",a","0","1,a","0","1,a","0",",a","27",",a","2",",a","19960126",",1,a","19960102",",,a","19960131",",,a","4.2","1,a,26,","34.0",",,a,02,","34.1",",a,31,","14.5","a","14.5",",a","84.0",",,,a","19.64","1,a","25.89",",,,a","13.39","1,,,a"
"ASN00070338","1996-02","-35.3083","149.1936","578.4","CANBERRA AERO COMPARISON, AS","","","20.9",",a","4",",a","3",",a","0",",a","0",",a","0",",a","0",",a","23",",a","0",",a","19960213",",,a","19960229",",,a","19960219","+,,a","4.4",",a,13,","24.2",",,a,29,","31.2",",a,19,+","62.1","a","47.6",",a","38.2",",,,a","17.41",",a","24.29",",,,a","10.53",",,,a"
"ASN00070338","1996-03","-35.3083","149.1936","578.4","CANBERRA AERO COMPARISON, AS","","","12.4",",a","4",",a","2",",a","0",",a","0",",a","0",",a","0",",a","24",",a","0",",a","19960318",",,a","19960308",",,a","19960314",",,a","2.8",",a,18,","9.6",",,a,08,","30.4",",a,14,","114.8","a","52.7",",a","19.2",",,,a","17.03",",a","23.88",",,,a","10.19",",,,a"
"ASN00070338","1996-04","-35.3083","149.1936","578.4","CANBERRA AERO COMPARISON, AS","","","0.0",",a","5",",a","3",",a","0",",a","0",",a","3",",a","0",",a","6",",a","0",",a","19960420",",,a","19960418",",,a","19960404",",,a","-1.7",",a,20,","8.0",",,a,18,","23.7",",a,04,","311.7","a","196.9",",a","17.2",",,,a","11.77",",a","18.64",",,,a","4.89",",,,a"
"ASN00070338","1996-05","-35.3083","149.1936","578.4","CANBERRA AERO COMPARISON, AS","","","0.0",",a","6","2,a","4","2,a","1","2,a","0",",a","11",",a","0",",a","2",",a","0",",a","19960530",",,a","19960506",",2,a","19960506",",,a","-3.5",",a,30,","31.0","2,,a,06,","21.6",",a,06,","562.6","a","250.9",",a","59.2","2,,,a","10.24",",a","16.77",",,,a","3.71",",,,a"
"ASN00070338","1996-06","-35.3083","149.1936","578.4","CANBERRA AERO COMPARISON, AS","","","0.0","1,a","8","5,a","3","5,a","0","5,a","0","1,a","13","1,a","0",",a","0",",a","0",",a","19960609",",1,a","19960623",",5,a","19960604",",,a","-6.1","1,a,09,","17.0","5,,a,23,","18.6",",a,04,","885.5","a","322.9",",a","32.4","5,,,a","7.29","1,a","13.55",",,,a","1.02","1,,,a"
"ASN00070338","1996-07","-35.3083","149.1936","578.4","CANBERRA AERO COMPARISON, AS","0.0","a","0.0",",a","11",",a","4",",a","1",",a","0",",a","13",",a","0",",a","0",",a","0",",a","19960716",",,a","19960727",",,a","19960730",",,a","-6.5",",a,16,","27.8",",,a,27,","14.5",",a,30,","1264.5","a","379.0",",a","65.6",",,,a","6.11",",a","11.36",",,,a","0.86",",,,a"
"ASN00070338","1996-08","-35.3083","149.1936","578.4","CANBERRA AERO COMPARISON, AS","0.0","a","0.0",",a","11","1,a","5","1,a","0","1,a","0",",a","11",",a","0",",a","0",",a","0",",a","19960820",",,a","19960807","+,1,a","19960828",",,a","-5.2",",a,20,","7.0","1,,a,07,+","17.7",",a,28,","1602.6","a","338.1",",a","36.1","1,,,a","7.43",",a","13.03",",,,a","1.83",",,,a"
"ASN00070338","1996-09","-35.3083","149.1936","578.4","CANBERRA AERO COMPARISON, AS","0.0","a","0.0",",a","8",",a","7",",a","0",",a","0",",a","2",",a","0",",a","4",",a","0",",a","19960926",",,a","19960920",",,a","19960918",",,a","-0.4",",a,26,","22.8",",,a,20,","23.8",",a,18,","1842.0","a","239.4",",a","81.6",",,,a","10.35",",a","16.17",",,,a","4.54",",,,a"
"ASN00070338","1996-10","-35.3083","149.1936","578.4","CANBERRA AERO COMPARISON, AS","0.8","a","0.8",",a","6",",a","5",",a","0",",a","0",",a","0",",a","0",",a","12",",a","0",",a","19961021",",,a","19961007",",,a","19961011",",,a","0.4",",a,21,","18.8",",,a,07,","26.3",",a,11,","1982.6","a","140.6",",a","62.4",",,,a","13.82",",a","20.09",",,,a","7.55",",,,a"
"ASN00070338","1996-11","-35.3083","149.1936","578.4","CANBERRA AERO COMPARISON, AS","5.8","a","5.0",",a","7",",a","6",",a","1",",a","0",",a","1",",a","0",",a","14",",a","0",",a","19961111",",,a","19961105",",,a","19961113",",,a","-0.2",",a,11,","33.2",",,a,05,","30.3",",a,13,","2111.5","a","128.9",",a","74.2",",,,a","14.21",",a","20.71",",,,a","7.70",",,,a"
"ASN00070338","1996-12","-35.3083","149.1936","578.4","CANBERRA AERO COMPARISON, AS","38.9","a","33.1",",a","4",",a","3",",a","1",",a","0",",a","0",",a","0",",a","29",",a","3",",a","19961213",",,a","19961207",",,a","19961224",",,a","5.0",",a,13,","32.0",",,a,07,","34.2",",a,24,","2151.1","a","39.6",",a","55.6",",,,a","18.12",",a","25.54",",,,a","10.71",",,,a"
"ASN00070338","1997-01","-35.3083","149.1936","578.4","CANBERRA AERO COMPARISON, AS","91.1","a","52.2",",a","10","3,a","3","3,a","0","3,a","0",",a","0",",a","0",",a","28",",a","3",",a","19970114",",,a","19970108","+,3,a","19970122",",,a","6.0",",a,14,","11.0","3,,a,08,+","34.5",",a,22,","23.8","a","23.8",",a","31.6","3,,,a","19.25",",a","26.52",",,,a","11.98",",,,a"
"ASN00070338","1997-02","-35.3083","149.1936","578.4","CANBERRA AERO COMPARISON, AS","216.7","a","125.6",",a","4",",a","2",",a","0",",a","0",",a","0",",a","0",",a","26",",a","12",",a","19970204",",,a","19970213",",,a","19970223",",,a","9.9",",a,04,","17.8",",,a,13,","36.8",",a,23,","25.6","a","1.8",",a","29.2",",,,a","22.76",",a","30.27",",,,a","15.24",",,,a"
"ASN00070338","1997-03","-35.3083","149.1936","578.4","CANBERRA AERO COMPARISON, AS","231.7","a","15.0",",a","3",",a","2",",a","0",",a","0",",a","0",",a","0",",a","28",",a","1",",a","19970324",",,a","19970303",",,a","19970301",",,a","2.4",",a,24,","20.6",",,a,03,","32.2",",a,01,","61.9","a","36.3",",a","29.6",",,,a","17.65",",a","24.69",",,,a","10.60",",,,a"
"ASN00070338","1997-04","-35.3083","149.1936","578.4","CANBERRA AERO COMPARISON, AS","231.8","a","0.1",",a","1",",a","0",",a","0",",a","0",",a","1",",a","0",",a","23",",a","0",",a","19970409",",,a","19970403",",,a","19970414",",,a","-0.7",",a,09,","0.8",",,a,03,","26.8",",a,14,","188.1","a","126.2",",a","0.8",",,,a","14.13",",a","22.63",",,,a","5.63",",,,a"
"ASN00070338","1997-05","-35.3083","149.1936","578.4","CANBERRA AERO COMPARISON, AS","231.8","a","0.0",",a","8",",a","3",",a","0",",a","0",",a","4",",a","0",",a","6",",a","0",",a","19970531",",,a","19970517",",,a","19970501",",,a","-3.9",",a,31,","8.6",",,a,17,","24.2",",a,01,","427.5","a","239.4",",a","28.2",",,,a","10.61",",a","16.92",",,,a","4.30",",,,a"
"ASN00070338","1997-06","-35.3083","149.1936","578.4","CANBERRA AERO COMPARISON, AS","231.8","a","0.0",",a","8",",a","6",",a","1",",a","0",",a","20",",a","0",",a","0",",a","0",",a","19970610",",,a","19970628",",,a","19970605",",,a","-4.9",",a,10,","54.6",",,a,28,","17.8",",a,05,","786.2","a","358.7",",a","110.2",",,,a","6.38",",a","13.10",",,,a","-0.34",",,,a"
"ASN00070338","1997-07","-35.3083","149.1936","578.4","CANBERRA AERO COMPARISON, AS","0.0","a","0.0",",a","4",",a","1",",a","0",",a","0",",a","22",",a","0",",a","0",",a","0",",a","19970711",",,a","19970727",",,a","19970725",",,a","-5.8",",a,11,","8.4",",,a,27,","15.7",",a,25,","1190.9","a","404.7",",a","11.0",",,,a","5.28",",a","12.15",",,,a","-1.59",",,,a"
"ASN00070338","1997-08","-35.3083","149.1936","578.4","CANBERRA AERO COMPARISON, AS","0.0","a","0.0",",a","6",",a","2",",a","0",",a","0",",a","17",",a","0",",a","0",",a","0",",a","19970802",",,a","19970812",",,a","19970830",",,a","-6.9",",a,02,","10.6",",,a,12,","17.6",",a,30,","1558.1","a","367.2",",a","24.2",",,,a","6.49",",a","13.35",",,,a","-0.37",",,,a"
"ASN00070338","1997-09","-35.3083","149.1936","578.4","CANBERRA AERO COMPARISON, AS","0.0","a","0.0",",a","14",",a","7",",a","1",",a","0",",a","1",",a","0",",a","0",",a","0",",a","19970929",",,a","19970902",",,a","19970927",",,a","-0.2",",a,29,","29.4",",,a,02,","19.5",",a,27,","1794.0","a","235.9",",a","84.2",",,,a","10.47",",a","15.87",",,,a","5.07",",,,a"
"ASN00070338","1997-10","-35.3083","149.1936","578.4","CANBERRA AERO COMPARISON, AS","6.8","a","6.8",",a","4",",a","2",",a","0",",a","0",",a","2",",a","0",",a","13",",a","0",",a","19971004",",,a","19971008",",,a","19971027",",,a","-0.3",",a,04,","11.0",",,a,08,","31.6",",a,27,","1949.3","a","155.3",",a","15.4",",,,a","13.54",",a","21.15",",,,a","5.93",",,,a"
"ASN00070338","1997-11","-35.3083","149.1936","578.4","CANBERRA AERO COMPARISON, AS","61.2","a","54.4",",a","6",",a","3",",a","0",",a","0",",a","0",",a","0",",a","26",",a","7",",a","19971118",",,a","19971101",",,a","19971126",",,a","1.6",",a,18,","8.2",",,a,01,","39.0",",a,26,","1993.0","a","43.7",",a","20.0",",,,a","18.69",",a","26.74",",,,a","10.64",",,,a"
"ASN00070338","1997-12","-35.3083","149.1936","578.4","CANBERRA AERO COMPARISON, AS","166.5","a","105.3",",a","4",",a","1",",a","0",",a","0",",a","0",",a","0",",a","31",",a","7",",a","19971204",",,a","19971210",",,a","19971221",",,a","6.0",",a,04,","6.6",",,a,10,","37.0",",a,21,","1997.1","a","4.1",",a","9.8",",,,a","21.60",",a","29.66",",,,a","13.53",",,,a"
