"STATION","DATE","LATITUDE","LONGITUDE","ELEVATION","NAME","DP01","DP01_ATTRIBUTES","DP10","DP10_ATTRIBUTES","DP1X","DP1X_ATTRIBUTES","DYXP","DYXP_ATTRIBUTES","EMXP","EMXP_ATTRIBUTES","PRCP","PRCP_ATTRIBUTES"
"ASN00076092","1884-11","-34.2","141.5",,"NEDS CORNER HOMESTEAD, AS","4",",a","1",",a","0",",a","18841116",",,a","7.6",",,a,16,","8.7",",,,a"
"ASN00076092","1884-12","-34.2","141.5",,"NEDS CORNER HOMESTEAD, AS","4",",a","4",",a","0",",a","18841214",",,a","10.4",",,a,14,","26.4",",,,a"
"ASN00076092","1885-01","-34.2","141.5",,"NEDS CORNER HOMESTEAD, AS","2",",a","1",",a","0",",a","18850117",",,a","5.3",",,a,17,","5.8",",,,a"
"ASN00076092","1885-02","-34.2","141.5",,"NEDS CORNER HOMESTEAD, AS","2",",a","1",",a","0",",a","18850227",",,a","9.1",",,a,27,","9.9",",,,a"
"ASN00076092","1885-03","-34.2","141.5",,"NEDS CORNER HOMESTEAD, AS","1",",a","1",",a","0",",a","18850327",",,a","20.3",",,a,27,","20.3",",,,a"
"ASN00076092","1885-04","-34.2","141.5",,"NEDS CORNER HOMESTEAD, AS","3",",a","1",",a","0",",a","18850414",",,a","3.0",",,a,14,","7.1",",,,a"
"ASN00076092","1885-05","-34.2","141.5",,"NEDS CORNER HOMESTEAD, AS","4",",a","2",",a","0",",a","18850527",",,a","4.6",",,a,27,","9.4",",,,a"
"ASN00076092","1885-06","-34.2","141.5",,"NEDS CORNER HOMESTEAD, AS","8",",a","2",",a","0",",a","18850614",",,a","4.1",",,a,14,","16.9",",,,a"
"ASN00076092","1885-07","-34.2","141.5",,"NEDS CORNER HOMESTEAD, AS","3",",a","2",",a","0",",a","18850704",",,a","6.4",",,a,04,","12.5",",,,a"
"ASN00076092","1885-08","-34.2","141.5",,"NEDS CORNER HOMESTEAD, AS","2",",a","1",",a","0",",a","18850809",",,a","8.1",",,a,09,","10.4",",,,a"
"ASN00076092","1885-09","-34.2","141.5",,"NEDS CORNER HOMESTEAD, AS","6",",a","5",",a","0",",a","18850912",",,a","20.8",",,a,12,","44.9",",,,a"
"ASN00076092","1885-10","-34.2","141.5",,"NEDS CORNER HOMESTEAD, AS","3",",a","1",",a","0",",a","18851011",",,a","8.9",",,a,11,","10.5",",,,a"
"ASN00076092","1885-11","-34.2","141.5",,"NEDS CORNER HOMESTEAD, AS","1",",a","1",",a","0",",a","18851101",",,a","4.3",",,a,01,","4.3",",,,a"
"ASN00076092","1885-12","-34.2","141.5",,"NEDS CORNER HOMESTEAD, AS","8",",a","7",",a","0",",a","18851222",",,a","15.2",",,a,22,","55.8",",,,a"
"ASN00076092","1886-01","-34.2","141.5",,"NEDS CORNER HOMESTEAD, AS","5",",a","3",",a","1",",a","18860107",",,a","42.4",",,a,07,","51.3",",,,a"
"ASN00076092","1886-02","-34.2","141.5",,"NEDS CORNER HOMESTEAD, AS","1",",a","0",",a","0",",a","18860218",",,a","2.0",",,a,18,","2.0",",,,a"
"ASN00076092","1886-03","-34.2","141.5",,"NEDS CORNER HOMESTEAD, AS","0",",a","0",",a","0",",a","18860331","+,,a","0.0",",,a,31,+","0.0",",,,a"
"ASN00076092","1886-04","-34.2","141.5",,"NEDS CORNER HOMESTEAD, AS","2",",a","0",",a","0",",a","18860404",",,a","2.0",",,a,04,","3.0",",,,a"
"ASN00076092","1886-05","-34.2","141.5",,"NEDS CORNER HOMESTEAD, AS","3",",a","2",",a","0",",a","18860525",",,a","4.1",",,a,25,","8.0",",,,a"
"ASN00076092","1886-06","-34.2","141.5",,"NEDS CORNER HOMESTEAD, AS","2",",a","1",",a","0",",a","18860618",",,a","4.3",",,a,18,","4.6",",,,a"
"ASN00076092","1886-07","-34.2","141.5",,"NEDS CORNER HOMESTEAD, AS","12",",a","7",",a","0",",a","18860724",",,a","18.3",",,a,24,","70.2",",,,a"
"ASN00076092","1886-08","-34.2","141.5",,"NEDS CORNER HOMESTEAD, AS","10",",a","5",",a","0",",a","18860819",",,a","17.0",",,a,19,","59.1",",,,a"
"ASN00076092","1886-09","-34.2","141.5",,"NEDS CORNER HOMESTEAD, AS","5",",a","2",",a","1",",a","18860921",",,a","32.0",",,a,21,","38.1",",,,a"
"ASN00076092","1886-10","-34.2","141.5",,"NEDS CORNER HOMESTEAD, AS","3",",a","0",",a","0",",a","18861030",",,a","1.0",",,a,30,","2.6",",,,a"
"ASN00076092","1886-11","-34.2","141.5",,"NEDS CORNER HOMESTEAD, AS","2",",a","1",",a","0",",a","18861126",",,a","5.6",",,a,26,","7.1",",,,a"
"ASN00076092","1886-12","-34.2","141.5",,"NEDS CORNER HOMESTEAD, AS","4",",a","3",",a","0",",a","18861207",",,a","16.5",",,a,07,","32.2",",,,a"
"ASN00076092","1887-01","-34.2","141.5",,"NEDS CORNER HOMESTEAD, AS","2",",a","1",",a","0",",a","18870105",",,a","3.6",",,a,05,","4.6",",,,a"
"ASN00076092","1887-02","-34.2","141.5",,"NEDS CORNER HOMESTEAD, AS","5",",a","3",",a","0",",a","18870216",",,a","10.2",",,a,16,","21.4",",,,a"
"ASN00076092","1887-03","-34.2","141.5",,"NEDS CORNER HOMESTEAD, AS","3",",a","3",",a","0",",a","18870319",",,a","11.4",",,a,19,","17.2",",,,a"
"ASN00076092","1887-04","-34.2","141.5",,"NEDS CORNER HOMESTEAD, AS","5",",a","4",",a","2",",a","18870415",",,a","29.0",",,a,15,","90.5",",,,a"
"ASN00076092","1887-05","-34.2","141.5",,"NEDS CORNER HOMESTEAD, AS","8",",a","1",",a","0",",a","18870508",",,a","5.6",",,a,08,","10.7",",,,a"
"ASN00076092","1887-06","-34.2","141.5",,"NEDS CORNER HOMESTEAD, AS","14",",a","5",",a","0",",a","18870630",",,a","6.1",",,a,30,","34.3",",,,a"
"ASN00076092","1887-07","-34.2","141.5",,"NEDS CORNER HOMESTEAD, AS","7",",a","1",",a","0",",a","18870731",",,a","12.7",",,a,31,","16.1",",,,a"
"ASN00076092","1887-08","-34.2","141.5",,"NEDS CORNER HOMESTEAD, AS","8",",a","2",",a","0",",a","18870827",",,a","9.1",",,a,27,","18.3",",,,a"
"ASN00076092","1887-09","-34.2","141.5",,"NEDS CORNER HOMESTEAD, AS","3",",a","3",",a","0",",a","18870924",",,a","4.1",",,a,24,","9.9",",,,a"
"ASN00076092","1887-10","-34.2","141.5",,"NEDS CORNER HOMESTEAD, AS","1",",a","1",",a","0",",a","18871004",",,a","10.4",",,a,04,","10.4",",,,a"
"ASN00076092","1887-11","-34.2","141.5",,"NEDS CORNER HOMESTEAD, AS","2","2,a","2","2,a","0","2,a","18871130",",2,a","22.9","2,,a,30,","79.8",",a,,a"
"ASN00076092","1887-12","-34.2","141.5",,"NEDS CORNER HOMESTEAD, AS","8",",a","6",",a","0",",a","18871201",",,a","23.9",",,a,01,","64.4",",,,a"
"ASN00076092","1888-01","-34.2","141.5",,"NEDS CORNER HOMESTEAD, AS","2",",a","1",",a","0",",a","18880101",",,a","10.4",",,a,01,","11.7",",,,a"
"ASN00076092","1888-02","-34.2","141.5",,"NEDS CORNER HOMESTEAD, AS","3",",a","3",",a","0",",a","18880212",",,a","6.4",",,a,12,","14.7",",,,a"
"ASN00076092","1888-03","-34.2","141.5",,"NEDS CORNER HOMESTEAD, AS","1",",a","1",",a","0",",a","18880301",",,a","3.6",",,a,01,","3.6",",,,a"
"ASN00076092","1888-04","-34.2","141.5",,"NEDS CORNER HOMESTEAD, AS","0",",a","0",",a","0",",a","18880430","+,,a","0.0",",,a,30,+","0.0",",,,a"
"ASN00076092","1888-05","-34.2","141.5",,"NEDS CORNER HOMESTEAD, AS","3",",a","2",",a","0",",a","18880513",",,a","15.2",",,a,13,","21.1",",,,a"
"ASN00076092","1888-06","-34.2","141.5",,"NEDS CORNER HOMESTEAD, AS","4",",a","0",",a","0",",a","18880602",",,a","2.3",",,a,02,","7.6",",,,a"
"ASN00076092","1888-07","-34.2","141.5",,"NEDS CORNER HOMESTEAD, AS","5",",a","3",",a","0",",a","18880713",",,a","5.3",",,a,13,","14.1",",,,a"
"ASN00076092","1888-08","-34.2","141.5",,"NEDS CORNER HOMESTEAD, AS","1",",a","0",",a","0",",a","18880804",",,a","1.0",",,a,04,","1.0",",,,a"
"ASN00076092","1888-09","-34.2","141.5",,"NEDS CORNER HOMESTEAD, AS","3",",a","3",",a","0",",a","18880901",",,a","12.2",",,a,01,","24.6",",,,a"
"ASN00076092","1888-10","-34.2","141.5",,"NEDS CORNER HOMESTEAD, AS","0",",a","0",",a","0",",a","18881031","+,,a","0.0",",,a,31,+","0.0",",,,a"
"ASN00076092","1888-11","-34.2","141.5",,"NEDS CORNER HOMESTEAD, AS","0",",a","0",",a","0",",a","18881130","+,,a","0.0",",,a,30,+","0.0",",,,a"
"ASN00076092","1888-12","-34.2","141.5",,"NEDS CORNER HOMESTEAD, AS","2",",a","1",",a","0",",a","18881219",",,a","10.2",",,a,19,","12.2",",,,a"
"ASN00076092","1889-01","-34.2","141.5",,"NEDS CORNER HOMESTEAD, AS","4",",a","3",",a","0",",a","18890103","+,,a","14.7",",,a,03,+","33.4",",,,a"
"ASN00076092","1889-02","-34.2","141.5",,"NEDS CORNER HOMESTEAD, AS","5",",a","1",",a","0",",a","18890227",",,a","8.1",",,a,27,","14.0",",,,a"
"ASN00076092","1889-03","-34.2","141.5",,"NEDS CORNER HOMESTEAD, AS","0",",a","0",",a","0",",a","18890331","+,,a","0.0",",,a,31,+","0.0",",,,a"
"ASN00076092","1889-04","-34.2","141.5",,"NEDS CORNER HOMESTEAD, AS","9",",a","8",",a","1",",a","18890407",",,a","29.5",",,a,07,","84.7",",,,a"
"ASN00076092","1889-05","-34.2","141.5",,"NEDS CORNER HOMESTEAD, AS","7",",a","5",",a","1",",a","18890520",",,a","29.2",",,a,20,","83.9",",,,a"
"ASN00076092","1889-06","-34.2","141.5",,"NEDS CORNER HOMESTEAD, AS","12",",a","6",",a","0",",a","18890601",",,a","14.2",",,a,01,","60.4",",,,a"
"ASN00076092","1889-07","-34.2","141.5",,"NEDS CORNER HOMESTEAD, AS","1",",a","1",",a","0",",a","18890728",",,a","3.3",",,a,28,","3.3",",,,a"
"ASN00076092","1889-08","-34.2","141.5",,"NEDS CORNER HOMESTEAD, AS","10",",a","4",",a","1",",a","18890830",",,a","32.5",",,a,30,","60.2",",,,a"
"ASN00076092","1889-09","-34.2","141.5",,"NEDS CORNER HOMESTEAD, AS","4",",a","4",",a","0",",a","18890910",",,a","15.7",",,a,10,","33.5",",,,a"
"ASN00076092","1889-10","-34.2","141.5",,"NEDS CORNER HOMESTEAD, AS","5",",a","5",",a","1",",a","18891016",",,a","27.9",",,a,16,","50.0",",,,a"
"ASN00076092","1889-11","-34.2","141.5",,"NEDS CORNER HOMESTEAD, AS","4",",a","4",",a","0",",a","18891115",",,a","20.6",",,a,15,","36.1",",,,a"
"ASN00076092","1889-12","-34.2","141.5",,"NEDS CORNER HOMESTEAD, AS","0",",a","0",",a","0",",a","18891231","+,,a","0.0",",,a,31,+","0.0",",,,a"
"ASN00076092","1890-01","-34.2","141.5",,"NEDS CORNER HOMESTEAD, AS","3",",a","2",",a","0",",a","18900110",",,a","9.1",",,a,10,","14.2",",,,a"
"ASN00076092","1890-02","-34.2","141.5",,"NEDS CORNER HOMESTEAD, AS","1",",a","0",",a","0",",a","18900214",",,a","1.5",",,a,14,","1.5",",,,a"
"ASN00076092","1890-03","-34.2","141.5",,"NEDS CORNER HOMESTEAD, AS","2",",a","2",",a","0",",a","18900331","+,,a","4.1",",,a,31,+","8.2",",,,a"
"ASN00076092","1890-04","-34.2","141.5",,"NEDS CORNER HOMESTEAD, AS","1",",a","1",",a","0",",a","18900409",",,a","19.8",",,a,09,","19.8",",,,a"
"ASN00076092","1890-05","-34.2","141.5",,"NEDS CORNER HOMESTEAD, AS","9",",a","4",",a","1",",a","18900516",",,a","35.8",",,a,16,","84.6",",,,a"
"ASN00076092","1890-06","-34.2","141.5",,"NEDS CORNER HOMESTEAD, AS","7",",a","4",",a","0",",a","18900621","+,,a","8.9",",,a,21,+","32.6",",,,a"
"ASN00076092","1890-07","-34.2","141.5",,"NEDS CORNER HOMESTEAD, AS","8",",a","6",",a","0",",a","18900731",",,a","19.8",",,a,31,","58.9",",,,a"
"ASN00076092","1890-08","-34.2","141.5",,"NEDS CORNER HOMESTEAD, AS","9",",a","7",",a","0",",a","18900812",",,a","12.7",",,a,12,","48.3",",,,a"
"ASN00076092","1890-09","-34.2","141.5",,"NEDS CORNER HOMESTEAD, AS","1",",a","0",",a","0",",a","18900905",",,a","1.3",",,a,05,","1.3",",,,a"
"ASN00076092","1890-10","-34.2","141.5",,"NEDS CORNER HOMESTEAD, AS","5",",a","3",",a","0",",a","18901030",",,a","15.2",",,a,30,","32.5",",,,a"
"ASN00076092","1890-11","-34.2","141.5",,"NEDS CORNER HOMESTEAD, AS","5",",a","5",",a","0",",a","18901124",",,a","11.2",",,a,24,","35.1",",,,a"
"ASN00076092","1890-12","-34.2","141.5",,"NEDS CORNER HOMESTEAD, AS","1",",a","1",",a","0",",a","18901208",",,a","9.7",",,a,08,","9.7",",,,a"
"ASN00076092","1891-01","-34.2","141.5",,"NEDS CORNER HOMESTEAD, AS","4",",a","2",",a","0",",a","18910105",",,a","6.1",",,a,05,","12.0",",,,a"
"ASN00076092","1891-02","-34.2","141.5",,"NEDS CORNER HOMESTEAD, AS","1",",a","0",",a","0",",a","18910222",",,a","1.3",",,a,22,","1.3",",,,a"
"ASN00076092","1891-03","-34.2","141.5",,"NEDS CORNER HOMESTEAD, AS","4",",a","3",",a","0",",a","18910329",",,a","14.0",",,a,29,","22.4",",,,a"
"ASN00076092","1891-04","-34.2","141.5",,"NEDS CORNER HOMESTEAD, AS","9",",a","6",",a","0",",a","18910412",",,a","24.4",",,a,12,","53.8",",,,a"
"ASN00076092","1891-05","-34.2","141.5",,"NEDS CORNER HOMESTEAD, AS","4",",a","3",",a","0",",a","18910531",",,a","9.1",",,a,31,","16.3",",,,a"
"ASN00076092","1891-06","-34.2","141.5",,"NEDS CORNER HOMESTEAD, AS","9",",a","7",",a","0",",a","18910630",",,a","8.6",",,a,30,","33.4",",,,a"
"ASN00076092","1891-07","-34.2","141.5",,"NEDS CORNER HOMESTEAD, AS","1",",a","1",",a","0",",a","18910710",",,a","2.5",",,a,10,","2.5",",,,a"
"ASN00076092","1891-08","-34.2","141.5",,"NEDS CORNER HOMESTEAD, AS","7",",a","2",",a","0",",a","18910802",",,a","8.4",",,a,02,","18.7",",,,a"
"ASN00076092","1891-09","-34.2","141.5",,"NEDS CORNER HOMESTEAD, AS","0",",a","0",",a","0",",a","18910930","+,,a","0.0",",,a,30,+","0.0",",,,a"
"ASN00076092","1891-10","-34.2","141.5",,"NEDS CORNER HOMESTEAD, AS","5",",a","4",",a","0",",a","18911028",",,a","9.9",",,a,28,","30.2",",,,a"
"ASN00076092","1891-11","-34.2","141.5",,"NEDS CORNER HOMESTEAD, AS","3",",a","3",",a","1",",a","18911101",",,a","31.8",",,a,01,","44.3",",,,a"
"ASN00076092","1891-12","-34.2","141.5",,"NEDS CORNER HOMESTEAD, AS","1",",a","1",",a","0",",a","18911212",",,a","9.1",",,a,12,","9.1",",,,a"
"ASN00076092","1892-01","-34.2","141.5",,"NEDS CORNER HOMESTEAD, AS","1",",a","1",",a","0",",a","18920123",",,a","10.9",",,a,23,","10.9",",,,a"
"ASN00076092","1892-02","-34.2","141.5",,"NEDS CORNER HOMESTEAD, AS","2",",a","1",",a","0",",a","18920224",",,a","3.6",",,a,24,","4.4",",,,a"
"ASN00076092","1892-03","-34.2","141.5",,"NEDS CORNER HOMESTEAD, AS","0",",a","0",",a","0",",a","18920331","+,,a","0.0",",,a,31,+","0.0",",,,a"
"ASN00076092","1892-04","-34.2","141.5",,"NEDS CORNER HOMESTEAD, AS","7",",a","4",",a","0",",a","18920418",",,a","4.8",",,a,18,","18.4",",,,a"
"ASN00076092","1892-05","-34.2","141.5",,"NEDS CORNER HOMESTEAD, AS","4",",a","2",",a","0",",a","18920527",",,a","9.9",",,a,27,","18.9",",,,a"
"ASN00076092","1892-06","-34.2","141.5",,"NEDS CORNER HOMESTEAD, AS","6",",a","4",",a","0",",a","18920615",",,a","10.4",",,a,15,","25.1",",,,a"
"ASN00076092","1892-07","-34.2","141.5",,"NEDS CORNER HOMESTEAD, AS","6",",a","4",",a","0",",a","18920703",",,a","6.4",",,a,03,","24.1",",,,a"
"ASN00076092","1892-08","-34.2","141.5",,"NEDS CORNER HOMESTEAD, AS","6",",a","5",",a","0",",a","18920830",",,a","5.1",",,a,30,","20.9",",,,a"
"ASN00076092","1892-09","-34.2","141.5",,"NEDS CORNER HOMESTEAD, AS","8",",a","6",",a","0",",a","18920907",",,a","21.8",",,a,07,","56.5",",,,a"
"ASN00076092","1892-10","-34.2","141.5",,"NEDS CORNER HOMESTEAD, AS","4",",a","3",",a","2",",a","18921014",",,a","38.6",",,a,14,","80.5",",,,a"
"ASN00076092","1892-11","-34.2","141.5",,"NEDS CORNER HOMESTEAD, AS","7",",a","5",",a","1",",a","18921102",",,a","47.0",",,a,02,","73.1",",,,a"
"ASN00076092","1892-12","-34.2","141.5",,"NEDS CORNER HOMESTEAD, AS","1",",a","1",",a","0",",a","18921211",",,a","2.5",",,a,11,","2.5",",,,a"
"ASN00076092","1893-01","-34.2","141.5",,"NEDS CORNER HOMESTEAD, AS","0",",a","0",",a","0",",a","18930131","+,,a","0.0",",,a,31,+","0.0",",,,a"
"ASN00076092","1893-02","-34.2","141.5",,"NEDS CORNER HOMESTEAD, AS","0",",a","0",",a","0",",a","18930228","+,,a","0.0",",,a,28,+","0.0",",,,a"
"ASN00076092","1893-03","-34.2","141.5",,"NEDS CORNER HOMESTEAD, AS","1",",a","1",",a","0",",a","18930331",",,a","6.4",",,a,31,","6.4",",,,a"
"ASN00076092","1893-04","-34.2","141.5",,"NEDS CORNER HOMESTEAD, AS","9",",a","4",",a","0",",a","18930416",",,a","14.5",",,a,16,","35.1",",,,a"
"ASN00076092","1893-05","-34.2","141.5",,"NEDS CORNER HOMESTEAD, AS","7",",a","6",",a","0",",a","18930529",",,a","24.4",",,a,29,","51.1",",,,a"
"ASN00076092","1893-06","-34.2","141.5",,"NEDS CORNER HOMESTEAD, AS","14",",a","5",",a","0",",a","18930614",",,a","6.6",",,a,14,","32.1",",,,a"
"ASN00076092","1893-07","-34.2","141.5",,"NEDS CORNER HOMESTEAD, AS","3",",a","3",",a","0",",a","18930718","+,,a","6.4",",,a,18,+","15.8",",,,a"
"ASN00076092","1893-08","-34.2","141.5",,"NEDS CORNER HOMESTEAD, AS","5",",a","3",",a","0",",a","18930806",",,a","11.2",",,a,06,","21.9",",,,a"
"ASN00076092","1893-09","-34.2","141.5",,"NEDS CORNER HOMESTEAD, AS","7",",a","5",",a","0",",a","18930908",",,a","7.6",",,a,08,","26.9",",,,a"
"ASN00076092","1893-10","-34.2","141.5",,"NEDS CORNER HOMESTEAD, AS","1",",a","1",",a","0",",a","18931014",",,a","12.7",",,a,14,","12.7",",,,a"
"ASN00076092","1893-11","-34.2","141.5",,"NEDS CORNER HOMESTEAD, AS","3",",a","2",",a","1",",a","18931112",",,a","33.0",",,a,12,","48.2",",,,a"
"ASN00076092","1893-12","-34.2","141.5",,"NEDS CORNER HOMESTEAD, AS","1",",a","0",",a","0",",a","18931228",",,a","0.5",",,a,28,","0.5",",,,a"
"ASN00076092","1894-01","-34.2","141.5",,"NEDS CORNER HOMESTEAD, AS","1",",a","1",",a","1",",a","18940127",",,a","38.9",",,a,27,","38.9",",,,a"
"ASN00076092","1894-02","-34.2","141.5",,"NEDS CORNER HOMESTEAD, AS","0",",a","0",",a","0",",a","18940228","+,,a","0.0",",,a,28,+","0.0",",,,a"
"ASN00076092","1894-03","-34.2","141.5",,"NEDS CORNER HOMESTEAD, AS","7",",a","5",",a","1",",a","18940320",",,a","30.5",",,a,20,","75.7",",,,a"
"ASN00076092","1894-04","-34.2","141.5",,"NEDS CORNER HOMESTEAD, AS","2",",a","2",",a","0",",a","18940428",",,a","5.1",",,a,28,","8.1",",,,a"
"ASN00076092","1894-05","-34.2","141.5",,"NEDS CORNER HOMESTEAD, AS","4",",a","2",",a","0",",a","18940519",",,a","7.1",",,a,19,","15.3",",,,a"
"ASN00076092","1894-06","-34.2","141.5",,"NEDS CORNER HOMESTEAD, AS","8",",a","4",",a","1",",a","18940623",",,a","30.5",",,a,23,","54.8",",,,a"
"ASN00076092","1894-07","-34.2","141.5",,"NEDS CORNER HOMESTEAD, AS","7",",a","3",",a","0",",a","18940722",",,a","7.9",",,a,22,","21.4",",,,a"
"ASN00076092","1894-08","-34.2","141.5",,"NEDS CORNER HOMESTEAD, AS","11",",a","6",",a","0",",a","18940823",",,a","13.5",",,a,23,","63.8",",,,a"
"ASN00076092","1894-09","-34.2","141.5",,"NEDS CORNER HOMESTEAD, AS","3",",a","2",",a","0",",a","18940908",",,a","7.9",",,a,08,","11.7",",,,a"
"ASN00076092","1894-10","-34.2","141.5",,"NEDS CORNER HOMESTEAD, AS","6",",a","6",",a","1",",a","18941007",",,a","40.9",",,a,07,","73.4",",,,a"
"ASN00076092","1894-11","-34.2","141.5",,"NEDS CORNER HOMESTEAD, AS","1",",a","1",",a","0",",a","18941105",",,a","13.2",",,a,05,","13.2",",,,a"
"ASN00076092","1894-12","-34.2","141.5",,"NEDS CORNER HOMESTEAD, AS","7",",a","7",",a","2",",a","18941227",",,a","30.5",",,a,27,","114.2",",,,a"
"ASN00076092","1895-01","-34.2","141.5",,"NEDS CORNER HOMESTEAD, AS","2",",a","1",",a","1",",a","18950104",",,a","25.7",",,a,04,","26.7",",,,a"
"ASN00076092","1895-02","-34.2","141.5",,"NEDS CORNER HOMESTEAD, AS","0",",a","0",",a","0",",a","18950228","+,,a","0.0",",,a,28,+","0.0",",,,a"
"ASN00076092","1895-03","-34.2","141.5",,"NEDS CORNER HOMESTEAD, AS","1",",a","1",",a","0",",a","18950316",",,a","8.6",",,a,16,","8.6",",,,a"
"ASN00076092","1895-04","-34.2","141.5",,"NEDS CORNER HOMESTEAD, AS","6",",a","4",",a","1",",a","18950430",",,a","25.4",",,a,30,","49.0",",,,a"
"ASN00076092","1895-05","-34.2","141.5",,"NEDS CORNER HOMESTEAD, AS","1",",a","1",",a","0",",a","18950524",",,a","5.8",",,a,24,","5.8",",,,a"
"ASN00076092","1895-06","-34.2","141.5",,"NEDS CORNER HOMESTEAD, AS","9",",a","2",",a","0",",a","18950627",",,a","6.4",",,a,27,","22.4",",,,a"
"ASN00076092","1895-07","-34.2","141.5",,"NEDS CORNER HOMESTEAD, AS","6",",a","3",",a","0",",a","18950721",",,a","7.6",",,a,21,","22.0",",,,a"
"ASN00076092","1895-08","-34.2","141.5",,"NEDS CORNER HOMESTEAD, AS","3",",a","3",",a","0",",a","18950806",",,a","10.4",",,a,06,","24.4",",,,a"
"ASN00076092","1895-09","-34.2","141.5",,"NEDS CORNER HOMESTEAD, AS","4",",a","3",",a","0",",a","18950918",",,a","6.9",",,a,18,","13.3",",,,a"
"ASN00076092","1895-10","-34.2","141.5",,"NEDS CORNER HOMESTEAD, AS","1",",a","1",",a","0",",a","18951001",",,a","3.3",",,a,01,","3.3",",,,a"
"ASN00076092","1895-11","-34.2","141.5",,"NEDS CORNER HOMESTEAD, AS","1",",a","1",",a","0",",a","18951130",",,a","14.7",",,a,30,","14.7",",,,a"
"ASN00076092","1895-12","-34.2","141.5",,"NEDS CORNER HOMESTEAD, AS","4",",a","4",",a","0",",a","18951210",",,a","9.4",",,a,10,","21.1",",,,a"
"ASN00076092","1896-01","-34.2","141.5",,"NEDS CORNER HOMESTEAD, AS","3",",a","0",",a","0",",a","18960125",",,a","1.8",",,a,25,","2.9",",,,a"
"ASN00076092","1896-02","-34.2","141.5",,"NEDS CORNER HOMESTEAD, AS","4",",a","1",",a","0",",a","18960212",",,a","6.4",",,a,12,","11.4",",,,a"
"ASN00076092","1896-03","-34.2","141.5",,"NEDS CORNER HOMESTEAD, AS","2",",a","1",",a","0",",a","18960315",",,a","9.9",",,a,15,","11.4",",,,a"
"ASN00076092","1896-04","-34.2","141.5",,"NEDS CORNER HOMESTEAD, AS","2",",a","2",",a","0",",a","18960422",",,a","4.1",",,a,22,","7.4",",,,a"
"ASN00076092","1896-05","-34.2","141.5",,"NEDS CORNER HOMESTEAD, AS","5",",a","3",",a","0",",a","18960521",",,a","7.6",",,a,21,","18.4",",,,a"
"ASN00076092","1896-06","-34.2","141.5",,"NEDS CORNER HOMESTEAD, AS","3",",a","2",",a","0",",a","18960628",",,a","15.2",",,a,28,","20.0",",,,a"
"ASN00076092","1896-07","-34.2","141.5",,"NEDS CORNER HOMESTEAD, AS","3",",a","1",",a","0",",a","18960705",",,a","15.0",",,a,05,","18.5",",,,a"
"ASN00076092","1896-08","-34.2","141.5",,"NEDS CORNER HOMESTEAD, AS","3",",a","2",",a","0",",a","18960813",",,a","6.4",",,a,13,","10.4",",,,a"
"ASN00076092","1896-09","-34.2","141.5",,"NEDS CORNER HOMESTEAD, AS","2",",a","2",",a","0",",a","18960917",",,a","11.9",",,a,17,","14.4",",,,a"
"ASN00076092","1896-10","-34.2","141.5",,"NEDS CORNER HOMESTEAD, AS","2",",a","2",",a","0",",a","18961013",",,a","5.1",",,a,13,","7.6",",,,a"
"ASN00076092","1896-11","-34.2","141.5",,"NEDS CORNER HOMESTEAD, AS","3",",a","1",",a","0",",a","18961117",",,a","3.8",",,a,17,","5.1",",,,a"
"ASN00076092","1896-12","-34.2","141.5",,"NEDS CORNER HOMESTEAD, AS","2",",a","1",",a","0",",a","18961202",",,a","5.1",",,a,02,","6.4",",,,a"
"ASN00076092","1897-01","-34.2","141.5",,"NEDS CORNER HOMESTEAD, AS","2",",a","2",",a","0",",a","18970108",",,a","12.7",",,a,08,","23.4",",,,a"
"ASN00076092","1897-02","-34.2","141.5",,"NEDS CORNER HOMESTEAD, AS","1",",a","0",",a","0",",a","18970219",",,a","2.0",",,a,19,","2.0",",,,a"
"ASN00076092","1897-03","-34.2","141.5",,"NEDS CORNER HOMESTEAD, AS","1",",a","1",",a","0",",a","18970328",",,a","4.1",",,a,28,","4.1",",,,a"
"ASN00076092","1897-04","-34.2","141.5",,"NEDS CORNER HOMESTEAD, AS","0",",a","0",",a","0",",a","18970430","+,,a","0.0",",,a,30,+","0.0",",,,a"
"ASN00076092","1897-05","-34.2","141.5",,"NEDS CORNER HOMESTEAD, AS","1",",a","1",",a","0",",a","18970526",",,a","3.8",",,a,26,","3.8",",,,a"
"ASN00076092","1897-06","-34.2","141.5",,"NEDS CORNER HOMESTEAD, AS","5",",a","2",",a","0",",a","18970618",",,a","15.5",",,a,18,","23.1",",,,a"
"ASN00076092","1897-07","-34.2","141.5",,"NEDS CORNER HOMESTEAD, AS","3",",a","3",",a","0",",a","18970720",",,a","5.1",",,a,20,","12.8",",,,a"
"ASN00076092","1897-08","-34.2","141.5",,"NEDS CORNER HOMESTEAD, AS","5",",a","4",",a","0",",a","18970813",",,a","10.4",",,a,13,","26.4",",,,a"
"ASN00076092","1897-09","-34.2","141.5",,"NEDS CORNER HOMESTEAD, AS","3",",a","2",",a","0",",a","18970929",",,a","12.2",",,a,29,","16.8",",,,a"
"ASN00076092","1897-10","-34.2","141.5",,"NEDS CORNER HOMESTEAD, AS","2",",a","1",",a","0",",a","18971022",",,a","2.5",",,a,22,","4.0",",,,a"
"ASN00076092","1897-11","-34.2","141.5",,"NEDS CORNER HOMESTEAD, AS","0",",a","0",",a","0",",a","18971130","+,,a","0.0",",,a,30,+","0.0",",,,a"
"ASN00076092","1897-12","-34.2","141.5",,"NEDS CORNER HOMESTEAD, AS","1",",a","0",",a","0",",a","18971223",",,a","1.0",",,a,23,","1.0",",,,a"
"ASN00076092","1898-01","-34.2","141.5",,"NEDS CORNER HOMESTEAD, AS","0",",a","0",",a","0",",a","18980131","+,,a","0.0",",,a,31,+","0.0",",,,a"
"ASN00076092","1898-02","-34.2","141.5",,"NEDS CORNER HOMESTEAD, AS","4",",a","2",",a","0",",a","18980225",",,a","9.1",",,a,25,","15.2",",,,a"
"ASN00076092","1898-03","-34.2","141.5",,"NEDS CORNER HOMESTEAD, AS","0",",a","0",",a","0",",a","18980331","+,,a","0.0",",,a,31,+","0.0",",,,a"
"ASN00076092","1898-04","-34.2","141.5",,"NEDS CORNER HOMESTEAD, AS","3",",a","2",",a","0",",a","18980403",",,a","5.3",",,a,03,","10.4",",,,a"
"ASN00076092","1898-05","-34.2","141.5",,"NEDS CORNER HOMESTEAD, AS","2",",a","2",",a","0",",a","18980515",",,a","4.3",",,a,15,","6.8",",,,a"
"ASN00076092","1898-06","-34.2","141.5",,"NEDS CORNER HOMESTEAD, AS","7",",a","4",",a","0",",a","18980614",",,a","15.2",",,a,14,","39.0",",,,a"
"ASN00076092","1898-07","-34.2","141.5",,"NEDS CORNER HOMESTEAD, AS","4",",a","3",",a","0",",a","18980723",",,a","5.6",",,a,23,","14.5",",,,a"
"ASN00076092","1898-08","-34.2","141.5",,"NEDS CORNER HOMESTEAD, AS","8",",a","6",",a","0",",a","18980830",",,a","15.5",",,a,30,","52.3",",,,a"
"ASN00076092","1898-09","-34.2","141.5",,"NEDS CORNER HOMESTEAD, AS","1",",a","1",",a","0",",a","18980905",",,a","8.9",",,a,05,","8.9",",,,a"
"ASN00076092","1898-10","-34.2","141.5",,"NEDS CORNER HOMESTEAD, AS","3",",a","2",",a","0",",a","18981027",",,a","16.5",",,a,27,","24.7",",,,a"
"ASN00076092","1898-11","-34.2","141.5",,"NEDS CORNER HOMESTEAD, AS","1",",a","0",",a","0",",a","18981126",",,a","1.8",",,a,26,","1.8",",,,a"
"ASN00076092","1898-12","-34.2","141.5",,"NEDS CORNER HOMESTEAD, AS","1",",a","1",",a","1",",a","18981223",",,a","31.8",",,a,23,","31.8",",,,a"
"ASN00076092","1899-01","-34.2","141.5",,"NEDS CORNER HOMESTEAD, AS","3",",a","1",",a","0",",a","18990119",",,a","3.8",",,a,19,","5.8",",,,a"
"ASN00076092","1899-02","-34.2","141.5",,"NEDS CORNER HOMESTEAD, AS","2",",a","2",",a","0",",a","18990226",",,a","16.5",",,a,26,","26.4",",,,a"
"ASN00076092","1899-03","-34.2","141.5",,"NEDS CORNER HOMESTEAD, AS","3",",a","1",",a","0",",a","18990325",",,a","12.4",",,a,25,","14.9",",,,a"
"ASN00076092","1899-04","-34.2","141.5",,"NEDS CORNER HOMESTEAD, AS","4",",a","2",",a","0",",a","18990423",",,a","9.9",",,a,23,","18.8",",,,a"
"ASN00076092","1899-05","-34.2","141.5",,"NEDS CORNER HOMESTEAD, AS","2",",a","2",",a","0",",a","18990504",",,a","8.9",",,a,04,","13.7",",,,a"
"ASN00076092","1899-06","-34.2","141.5",,"NEDS CORNER HOMESTEAD, AS","10",",a","7",",a","0",",a","18990623",",,a","18.3",",,a,23,","69.4",",,,a"
"ASN00076092","1899-07","-34.2","141.5",,"NEDS CORNER HOMESTEAD, AS","1",",a","1",",a","0",",a","18990709",",,a","10.9",",,a,09,","10.9",",,,a"
"ASN00076092","1899-08","-34.2","141.5",,"NEDS CORNER HOMESTEAD, AS","2",",a","0",",a","0",",a","18990804",",,a","2.0",",,a,04,","3.8",",,,a"
"ASN00076092","1899-09","-34.2","141.5",,"NEDS CORNER HOMESTEAD, AS","3",",a","3",",a","0",",a","18990911",",,a","11.7",",,a,11,","20.1",",,,a"
"ASN00076092","1899-10","-34.2","141.5",,"NEDS CORNER HOMESTEAD, AS","3",",a","1",",a","0",",a","18991015",",,a","9.4",",,a,15,","11.4",",,,a"
"ASN00076092","1899-11","-34.2","141.5",,"NEDS CORNER HOMESTEAD, AS","6",",a","2",",a","1",",a","18991106",",,a","27.2",",,a,06,","37.4",",,,a"
"ASN00076092","1899-12","-34.2","141.5",,"NEDS CORNER HOMESTEAD, AS","0",",a","0",",a","0",",a","18991231","+,,a","0.0",",,a,31,+","0.0",",,,a"
"ASN00076092","1900-01","-34.2","141.5",,"NEDS CORNER HOMESTEAD, AS","2",",a","2",",a","0",",a","19000119",",,a","6.6",",,a,19,","12.4",",,,a"
"ASN00076092","1900-02","-34.2","141.5",,"NEDS CORNER HOMESTEAD, AS","0",",a","0",",a","0",",a","19000228","+,,a","0.0",",,a,28,+","0.0",",,,a"
"ASN00076092","1900-03","-34.2","141.5",,"NEDS CORNER HOMESTEAD, AS","4",",a","3",",a","0",",a","19000320",",,a","16.8",",,a,20,","29.0",",,,a"
"ASN00076092","1900-04","-34.2","141.5",,"NEDS CORNER HOMESTEAD, AS","8",",a","2",",a","1",",a","19000401",",,a","26.7",",,a,01,","41.0",",,,a"
"ASN00076092","1900-05","-34.2","141.5",,"NEDS CORNER HOMESTEAD, AS","5",",a","2",",a","0",",a","19000518",",,a","13.5",",,a,18,","21.1",",,,a"
"ASN00076092","1900-06","-34.2","141.5",,"NEDS CORNER HOMESTEAD, AS","7",",a","6",",a","0",",a","19000624",",,a","10.9",",,a,24,","38.0",",,,a"
"ASN00076092","1900-07","-34.2","141.5",,"NEDS CORNER HOMESTEAD, AS","2",",a","2",",a","0",",a","19000705",",,a","6.6",",,a,05,","9.4",",,,a"
"ASN00076092","1900-08","-34.2","141.5",,"NEDS CORNER HOMESTEAD, AS","9",",a","4",",a","0",",a","19000830",",,a","9.7",",,a,30,","24.9",",,,a"
"ASN00076092","1900-09","-34.2","141.5",,"NEDS CORNER HOMESTEAD, AS","7",",a","5",",a","0",",a","19000907",",,a","7.1",",,a,07,","21.5",",,,a"
"ASN00076092","1900-10","-34.2","141.5",,"NEDS CORNER HOMESTEAD, AS","3",",a","1",",a","0",",a","19001023",",,a","2.8",",,a,23,","5.6",",,,a"
"ASN00076092","1900-11","-34.2","141.5",,"NEDS CORNER HOMESTEAD, AS","1",",a","1",",a","0",",a","19001117",",,a","5.8",",,a,17,","5.8",",,,a"
"ASN00076092","1900-12","-34.2","141.5",,"NEDS CORNER HOMESTEAD, AS","1",",a","0",",a","0",",a","19001203",",,a","2.3",",,a,03,","2.3",",,,a"
"ASN00076092","1901-01","-34.2","141.5",,"NEDS CORNER HOMESTEAD, AS","1",",a","1",",a","1",",a","19010127",",,a","31.0",",,a,27,","31.0",",,,a"
"ASN00076092","1901-02","-34.2","141.5",,"NEDS CORNER HOMESTEAD, AS","2",",a","2",",a","0",",a","19010213",",,a","9.4",",,a,13,","12.4",",,,a"
"ASN00076092","1901-03","-34.2","141.5",,"NEDS CORNER HOMESTEAD, AS","0",",a","0",",a","0",",a","19010331","+,,a","0.0",",,a,31,+","0.0",",,,a"
"ASN00076092","1901-04","-34.2","141.5",,"NEDS CORNER HOMESTEAD, AS","1",",a","0",",a","0",",a","19010421",",,a","1.8",",,a,21,","1.8",",,,a"
"ASN00076092","1901-05","-34.2","141.5",,"NEDS CORNER HOMESTEAD, AS","1",",a","1",",a","0",",a","19010526",",,a","4.6",",,a,26,","4.6",",,,a"
"ASN00076092","1901-06","-34.2","141.5",,"NEDS CORNER HOMESTEAD, AS","2",",a","1",",a","0",",a","19010605",",,a","6.9",",,a,05,","8.4",",,,a"
"ASN00076092","1901-07","-34.2","141.5",,"NEDS CORNER HOMESTEAD, AS","7",",a","4",",a","0",",a","19010727",",,a","5.8",",,a,27,","22.6",",,,a"
"ASN00076092","1901-08","-34.2","141.5",,"NEDS CORNER HOMESTEAD, AS","8",",a","7",",a","0",",a","19010817",",,a","18.5",",,a,17,","63.7",",,,a"
"ASN00076092","1901-09","-34.2","141.5",,"NEDS CORNER HOMESTEAD, AS","6",",a","1",",a","0",",a","19010922",",,a","3.3",",,a,22,","10.8",",,,a"
"ASN00076092","1901-10","-34.2","141.5",,"NEDS CORNER HOMESTEAD, AS","4",",a","2",",a","0",",a","19011012",",,a","19.8",",,a,12,","34.1",",,,a"
"ASN00076092","1901-11","-34.2","141.5",,"NEDS CORNER HOMESTEAD, AS","0",",a","0",",a","0",",a","19011130","+,,a","0.0",",,a,30,+","0.0",",,,a"
"ASN00076092","1901-12","-34.2","141.5",,"NEDS CORNER HOMESTEAD, AS","3",",a","1",",a","0",",a","19011220",",,a","6.4",",,a,20,","10.7",",,,a"
"ASN00076092","1902-01","-34.2","141.5",,"NEDS CORNER HOMESTEAD, AS","2",",a","0",",a","0",",a","19020104",",,a","1.5",",,a,04,","2.0",",,,a"
"ASN00076092","1902-02","-34.2","141.5",,"NEDS CORNER HOMESTEAD, AS","0",",a","0",",a","0",",a","19020228","+,,a","0.0",",,a,28,+","0.0",",,,a"
"ASN00076092","1902-03","-34.2","141.5",,"NEDS CORNER HOMESTEAD, AS","1",",a","1",",a","0",",a","19020326",",,a","4.3",",,a,26,","4.3",",,,a"
"ASN00076092","1902-04","-34.2","141.5",,"NEDS CORNER HOMESTEAD, AS","1",",a","0",",a","0",",a","19020427",",,a","0.8",",,a,27,","0.8",",,,a"
"ASN00076092","1902-05","-34.2","141.5",,"NEDS CORNER HOMESTEAD, AS","2",",a","1",",a","0",",a","19020509",",,a","2.5",",,a,09,","3.3",",,,a"
"ASN00076092","1902-06","-34.2","141.5",,"NEDS CORNER HOMESTEAD, AS","6",",a","1",",a","0",",a","19020616",",,a","6.1",",,a,16,","11.8",",,,a"
"ASN00076092","1902-07","-34.2","141.5",,"NEDS CORNER HOMESTEAD, AS","3",",a","1",",a","0",",a","19020725",",,a","4.3",",,a,25,","7.9",",,,a"
"ASN00076092","1902-08","-34.2","141.5",,"NEDS CORNER HOMESTEAD, AS","3",",a","0",",a","0",",a","19020821",",,a","1.3",",,a,21,","2.3",",,,a"
"ASN00076092","1902-09","-34.2","141.5",,"NEDS CORNER HOMESTEAD, AS","6",",a","3",",a","0",",a","19020926",",,a","6.1",",,a,26,","19.9",",,,a"
"ASN00076092","1902-10","-34.2","141.5",,"NEDS CORNER HOMESTEAD, AS","5",",a","1",",a","0",",a","19021028",",,a","7.6",",,a,28,","15.2",",,,a"
"ASN00076092","1902-11","-34.2","141.5",,"NEDS CORNER HOMESTEAD, AS","2",",a","1",",a","0",",a","19021108",",,a","7.4",",,a,08,","8.4",",,,a"
"ASN00076092","1902-12","-34.2","141.5",,"NEDS CORNER HOMESTEAD, AS","3",",a","3",",a","2",",a","19021217",",,a","37.3",",,a,17,","79.0",",,,a"
"ASN00076092","1903-01","-34.2","141.5",,"NEDS CORNER HOMESTEAD, AS","1",",a","0",",a","0",",a","19030122",",,a","1.0",",,a,22,","1.0",",,,a"
"ASN00076092","1903-02","-34.2","141.5",,"NEDS CORNER HOMESTEAD, AS","3",",a","2",",a","0",",a","19030203",",,a","21.1",",,a,03,","28.8",",,,a"
"ASN00076092","1903-03","-34.2","141.5",,"NEDS CORNER HOMESTEAD, AS","6",",a","3",",a","0",",a","19030322",",,a","8.1",",,a,22,","24.9",",,,a"
"ASN00076092","1903-04","-34.2","141.5",,"NEDS CORNER HOMESTEAD, AS","5",",a","3",",a","0",",a","19030411",",,a","7.6",",,a,11,","18.1",",,,a"
"ASN00076092","1903-05","-34.2","141.5",,"NEDS CORNER HOMESTEAD, AS","3",",a","2",",a","0",",a","19030521",",,a","14.5",",,a,21,","22.9",",,,a"
"ASN00076092","1903-06","-34.2","141.5",,"NEDS CORNER HOMESTEAD, AS","9",",a","3",",a","0",",a","19030612",",,a","6.4",",,a,12,","17.3",",,,a"
"ASN00076092","1903-07","-34.2","141.5",,"NEDS CORNER HOMESTEAD, AS","7",",a","1",",a","0",",a","19030730",",,a","2.8",",,a,30,","12.2",",,,a"
"ASN00076092","1903-08","-34.2","141.5",,"NEDS CORNER HOMESTEAD, AS","6",",a","2",",a","0",",a","19030831",",,a","13.7",",,a,31,","19.6",",,,a"
"ASN00076092","1903-09","-34.2","141.5",,"NEDS CORNER HOMESTEAD, AS","9",",a","7",",a","0",",a","19030917",",,a","23.9",",,a,17,","75.7",",,,a"
"ASN00076092","1903-10","-34.2","141.5",,"NEDS CORNER HOMESTEAD, AS","7",",a","7",",a","1",",a","19031013",",,a","33.0",",,a,13,","82.8",",,,a"
"ASN00076092","1903-11","-34.2","141.5",,"NEDS CORNER HOMESTEAD, AS","4",",a","4",",a","0",",a","19031129",",,a","20.6",",,a,29,","41.4",",,,a"
"ASN00076092","1903-12","-34.2","141.5",,"NEDS CORNER HOMESTEAD, AS","3",",a","1",",a","0",",a","19031227",",,a","12.7",",,a,27,","15.8",",,,a"
"ASN00076092","1904-01","-34.2","141.5",,"NEDS CORNER HOMESTEAD, AS","2",",a","2",",a","0",",a","19040103",",,a","8.9",",,a,03,","13.2",",,,a"
"ASN00076092","1904-02","-34.2","141.5",,"NEDS CORNER HOMESTEAD, AS","2",",a","1",",a","1",",a","19040219",",,a","25.9",",,a,19,","28.2",",,,a"
"ASN00076092","1904-03","-34.2","141.5",,"NEDS CORNER HOMESTEAD, AS","1",",a","1",",a","0",",a","19040316",",,a","4.8",",,a,16,","4.8",",,,a"
"ASN00076092","1904-04","-34.2","141.5",,"NEDS CORNER HOMESTEAD, AS","1",",a","1",",a","0",",a","19040419",",,a","7.4",",,a,19,","7.4",",,,a"
"ASN00076092","1904-05","-34.2","141.5",,"NEDS CORNER HOMESTEAD, AS","3",",a","1",",a","0",",a","19040508",",,a","5.1",",,a,08,","7.2",",,,a"
"ASN00076092","1904-06","-34.2","141.5",,"NEDS CORNER HOMESTEAD, AS","5",",a","3",",a","0",",a","19040620",",,a","6.9",",,a,20,","18.3",",,,a"
"ASN00076092","1904-07","-34.2","141.5",,"NEDS CORNER HOMESTEAD, AS","7",",a","5",",a","0",",a","19040724",",,a","15.5",",,a,24,","39.2",",,,a"
"ASN00076092","1904-08","-34.2","141.5",,"NEDS CORNER HOMESTEAD, AS","2",",a","2",",a","0",",a","19040830",",,a","8.6",",,a,30,","16.2",",,,a"
"ASN00076092","1904-09","-34.2","141.5",,"NEDS CORNER HOMESTEAD, AS","3",",a","1",",a","0",",a","19040927",",,a","5.8",",,a,27,","7.1",",,,a"
"ASN00076092","1904-10","-34.2","141.5",,"NEDS CORNER HOMESTEAD, AS","5",",a","4",",a","0",",a","19041019",",,a","18.0",",,a,19,","39.3",",,,a"
"ASN00076092","1904-11","-34.2","141.5",,"NEDS CORNER HOMESTEAD, AS","1",",a","1",",a","0",",a","19041102",",,a","13.5",",,a,02,","13.5",",,,a"
"ASN00076092","1904-12","-34.2","141.5",,"NEDS CORNER HOMESTEAD, AS","3",",a","3",",a","0",",a","19041218",",,a","8.4",",,a,18,","17.6",",,,a"
"ASN00076092","1905-01","-34.2","141.5",,"NEDS CORNER HOMESTEAD, AS","2",",a","1",",a","0",",a","19050103",",,a","24.1",",,a,03,","25.6",",,,a"
"ASN00076092","1905-02","-34.2","141.5",,"NEDS CORNER HOMESTEAD, AS","1",",a","1",",a","0",",a","19050212",",,a","6.6",",,a,12,","6.6",",,,a"
"ASN00076092","1905-03","-34.2","141.5",,"NEDS CORNER HOMESTEAD, AS","1",",a","0",",a","0",",a","19050324",",,a","1.8",",,a,24,","1.8",",,,a"
"ASN00076092","1905-04","-34.2","141.5",,"NEDS CORNER HOMESTEAD, AS","6",",a","4",",a","0",",a","19050424",",,a","17.5",",,a,24,","46.1",",,,a"
"ASN00076092","1905-05","-34.2","141.5",,"NEDS CORNER HOMESTEAD, AS","9",",a","4",",a","0",",a","19050525",",,a","11.4",",,a,25,","34.9",",,,a"
"ASN00076092","1905-06","-34.2","141.5",,"NEDS CORNER HOMESTEAD, AS","4",",a","2",",a","0",",a","19050629",",,a","23.9",",,a,29,","29.8",",,,a"
"ASN00076092","1905-07","-34.2","141.5",,"NEDS CORNER HOMESTEAD, AS","7",",a","2",",a","0",",a","19050709",",,a","14.0",",,a,09,","23.2",",,,a"
"ASN00076092","1905-08","-34.2","141.5",,"NEDS CORNER HOMESTEAD, AS","0",",a","0",",a","0",",a","19050831","+,,a","0.0",",,a,31,+","0.0",",,,a"
"ASN00076092","1905-09","-34.2","141.5",,"NEDS CORNER HOMESTEAD, AS","2",",a","2",",a","0",",a","19050910",",,a","5.3",",,a,10,","7.8",",,,a"
"ASN00076092","1905-10","-34.2","141.5",,"NEDS CORNER HOMESTEAD, AS","5",",a","1",",a","0",",a","19051022",",,a","4.1",",,a,22,","10.4",",,,a"
"ASN00076092","1905-11","-34.2","141.5",,"NEDS CORNER HOMESTEAD, AS","0",",a","0",",a","0",",a","19051130","+,,a","0.0",",,a,30,+","0.0",",,,a"
"ASN00076092","1905-12","-34.2","141.5",,"NEDS CORNER HOMESTEAD, AS","0",",a","0",",a","0",",a","19051231","+,,a","0.0",",,a,31,+","0.0",",,,a"
"ASN00076092","1906-01","-34.2","141.5",,"NEDS CORNER HOMESTEAD, AS","0",",a","0",",a","0",",a","19060131","+,,a","0.0",",,a,31,+","0.0",",,,a"
"ASN00076092","1906-02","-34.2","141.5",,"NEDS CORNER HOMESTEAD, AS","2",",a","2",",a","0",",a","19060228",",,a","9.1",",,a,28,","14.9",",,,a"
"ASN00076092","1906-03","-34.2","141.5",,"NEDS CORNER HOMESTEAD, AS","8",",a","5",",a","0",",a","19060310",",,a","22.4",",,a,10,","59.2",",,,a"
"ASN00076092","1906-04","-34.2","141.5",,"NEDS CORNER HOMESTEAD, AS","0",",a","0",",a","0",",a","19060430","+,,a","0.0",",,a,30,+","0.0",",,,a"
"ASN00076092","1906-05","-34.2","141.5",,"NEDS CORNER HOMESTEAD, AS","5",",a","2",",a","0",",a","19060512",",,a","10.2",",,a,12,","21.2",",,,a"
"ASN00076092","1906-06","-34.2","141.5",,"NEDS CORNER HOMESTEAD, AS","7",",a","5",",a","1",",a","19060622",",,a","30.0",",,a,22,","63.1",",,,a"
"ASN00076092","1906-07","-34.2","141.5",,"NEDS CORNER HOMESTEAD, AS","5",",a","3",",a","0",",a","19060727",",,a","5.6",",,a,27,","17.6",",,,a"
"ASN00076092","1906-08","-34.2","141.5",,"NEDS CORNER HOMESTEAD, AS","4",",a","4",",a","0",",a","19060818",",,a","8.9",",,a,18,","22.1",",,,a"
"ASN00076092","1906-09","-34.2","141.5",,"NEDS CORNER HOMESTEAD, AS","7",",a","5",",a","0",",a","19060902",",,a","16.5",",,a,02,","51.5",",,,a"
"ASN00076092","1906-10","-34.2","141.5",,"NEDS CORNER HOMESTEAD, AS","4",",a","3",",a","0",",a","19061002",",,a","8.1",",,a,02,","20.3",",,,a"
"ASN00076092","1906-11","-34.2","141.5",,"NEDS CORNER HOMESTEAD, AS","3",",a","3",",a","0",",a","19061114",",,a","12.2",",,a,14,","20.0",",,,a"
"ASN00076092","1906-12","-34.2","141.5",,"NEDS CORNER HOMESTEAD, AS","3",",a","3",",a","0",",a","19061218",",,a","13.2",",,a,18,","27.7",",,,a"
"ASN00076092","1907-01","-34.2","141.5",,"NEDS CORNER HOMESTEAD, AS","0",",a","0",",a","0",",a","19070131","+,,a","0.0",",,a,31,+","0.0",",,,a"
"ASN00076092","1907-02","-34.2","141.5",,"NEDS CORNER HOMESTEAD, AS","0",",a","0",",a","0",",a","19070228","+,,a","0.0",",,a,28,+","0.0",",,,a"
"ASN00076092","1907-03","-34.2","141.5",,"NEDS CORNER HOMESTEAD, AS","1",",a","1",",a","0",",a","19070305",",,a","11.2",",,a,05,","11.2",",,,a"
"ASN00076092","1907-04","-34.2","141.5",,"NEDS CORNER HOMESTEAD, AS","3",",a","1",",a","1",",a","19070406",",,a","25.7",",,a,06,","28.5",",,,a"
"ASN00076092","1907-05","-34.2","141.5",,"NEDS CORNER HOMESTEAD, AS","3",",a","2",",a","0",",a","19070521",",,a","14.0",",,a,21,","20.8",",,,a"
"ASN00076092","1907-06","-34.2","141.5",,"NEDS CORNER HOMESTEAD, AS","5",",a","4",",a","0",",a","19070613",",,a","15.5",",,a,13,","35.1",",,,a"
"ASN00076092","1907-07","-34.2","141.5",,"NEDS CORNER HOMESTEAD, AS","9",",a","4",",a","0",",a","19070728",",,a","11.9",",,a,28,","34.6",",,,a"
"ASN00076092","1907-08","-34.2","141.5",,"NEDS CORNER HOMESTEAD, AS","8",",a","3",",a","0",",a","19070803",",,a","14.7",",,a,03,","40.1",",,,a"
"ASN00076092","1907-09","-34.2","141.5",,"NEDS CORNER HOMESTEAD, AS","1",",a","1",",a","0",",a","19070909",",,a","2.5",",,a,09,","2.5",",,,a"
"ASN00076092","1907-10","-34.2","141.5",,"NEDS CORNER HOMESTEAD, AS","1",",a","1",",a","0",",a","19071030",",,a","2.5",",,a,30,","2.5",",,,a"
"ASN00076092","1907-11","-34.2","141.5",,"NEDS CORNER HOMESTEAD, AS","4",",a","3",",a","0",",a","19071103",",,a","10.2",",,a,03,","19.6",",,,a"
"ASN00076092","1907-12","-34.2","141.5",,"NEDS CORNER HOMESTEAD, AS","4",",a","3",",a","0",",a","19071227",",,a","13.0",",,a,27,","24.7",",,,a"
"ASN00076092","1908-01","-34.2","141.5",,"NEDS CORNER HOMESTEAD, AS","0",",a","0",",a","0",",a","19080131","+,,a","0.0",",,a,31,+","0.0",",,,a"
"ASN00076092","1908-02","-34.2","141.5",,"NEDS CORNER HOMESTEAD, AS","3",",a","3",",a","0",",a","19080201",",,a","8.1",",,a,01,","14.2",",,,a"
"ASN00076092","1908-03","-34.2","141.5",,"NEDS CORNER HOMESTEAD, AS","2",",a","1",",a","0",",a","19080309",",,a","7.6",",,a,09,","9.4",",,,a"
"ASN00076092","1908-04","-34.2","141.5",,"NEDS CORNER HOMESTEAD, AS","0",",a","0",",a","0",",a","19080430","+,,a","0.0",",,a,30,+","0.0",",,,a"
"ASN00076092","1908-05","-34.2","141.5",,"NEDS CORNER HOMESTEAD, AS","5",",a","4",",a","0",",a","19080514",",,a","12.4",",,a,14,","24.1",",,,a"
"ASN00076092","1908-06","-34.2","141.5",,"NEDS CORNER HOMESTEAD, AS","8",",a","5",",a","0",",a","19080610",",,a","16.5",",,a,10,","38.4",",,,a"
"ASN00076092","1908-07","-34.2","141.5",,"NEDS CORNER HOMESTEAD, AS","4",",a","0",",a","0",",a","19080709","+,,a","2.0",",,a,09,+","6.8",",,,a"
"ASN00076092","1908-08","-34.2","141.5",,"NEDS CORNER HOMESTEAD, AS","4",",a","4",",a","0",",a","19080822",",,a","17.8",",,a,22,","33.8",",,,a"
"ASN00076092","1908-09","-34.2","141.5",,"NEDS CORNER HOMESTEAD, AS","5",",a","3",",a","0",",a","19080901",",,a","22.1",",,a,01,","43.0",",,,a"
"ASN00076092","1908-10","-34.2","141.5",,"NEDS CORNER HOMESTEAD, AS","5",",a","3",",a","1",",a","19081016",",,a","36.3",",,a,16,","59.1",",,,a"
"ASN00076092","1908-11","-34.2","141.5",,"NEDS CORNER HOMESTEAD, AS","4",",a","3",",a","0",",a","19081124",",,a","9.9",",,a,24,","18.5",",,,a"
"ASN00076092","1908-12","-34.2","141.5",,"NEDS CORNER HOMESTEAD, AS","1",",a","1",",a","0",",a","19081221",",,a","14.0",",,a,21,","14.0",",,,a"
"ASN00076092","1909-01","-34.2","141.5",,"NEDS CORNER HOMESTEAD, AS","4",",a","2",",a","0",",a","19090104",",,a","3.0",",,a,04,","9.9",",,,a"
"ASN00076092","1909-02","-34.2","141.5",,"NEDS CORNER HOMESTEAD, AS","1",",a","1",",a","0",",a","19090224",",,a","4.3",",,a,24,","4.3",",,,a"
"ASN00076092","1909-03","-34.2","141.5",,"NEDS CORNER HOMESTEAD, AS","2",",a","2",",a","0",",a","19090307",",,a","7.1",",,a,07,","11.2",",,,a"
"ASN00076092","1909-04","-34.2","141.5",,"NEDS CORNER HOMESTEAD, AS","2",",a","2",",a","0",",a","19090426",",,a","4.6",",,a,26,","7.1",",,,a"
"ASN00076092","1909-05","-34.2","141.5",,"NEDS CORNER HOMESTEAD, AS","7",",a","4",",a","1",",a","19090516",",,a","31.8",",,a,16,","72.6",",,,a"
"ASN00076092","1909-06","-34.2","141.5",,"NEDS CORNER HOMESTEAD, AS","9",",a","7",",a","0",",a","19090623",",,a","22.4",",,a,23,","58.9",",,,a"
"ASN00076092","1909-07","-34.2","141.5",,"NEDS CORNER HOMESTEAD, AS","3",",a","3",",a","0",",a","19090707",",,a","19.3",",,a,07,","24.6",",,,a"
"ASN00076092","1909-08","-34.2","141.5",,"NEDS CORNER HOMESTEAD, AS","8",",a","6",",a","0",",a","19090819",",,a","15.2",",,a,19,","51.2",",,,a"
"ASN00076092","1909-09","-34.2","141.5",,"NEDS CORNER HOMESTEAD, AS","9",",a","8",",a","0",",a","19090915",",,a","8.6",",,a,15,","32.9",",,,a"
"ASN00076092","1909-10","-34.2","141.5",,"NEDS CORNER HOMESTEAD, AS","2",",a","2",",a","0",",a","19091002","+,,a","2.5",",,a,02,+","5.0",",,,a"
"ASN00076092","1909-11","-34.2","141.5",,"NEDS CORNER HOMESTEAD, AS","3",",a","2",",a","0",",a","19091110",",,a","5.1",",,a,10,","11.2",",,,a"
"ASN00076092","1909-12","-34.2","141.5",,"NEDS CORNER HOMESTEAD, AS","0",",a","0",",a","0",",a","19091231","+,,a","0.0",",,a,31,+","0.0",",,,a"
"ASN00076092","1910-01","-34.2","141.5",,"NEDS CORNER HOMESTEAD, AS","3",",a","2",",a","0",",a","19100113",",,a","16.8",",,a,13,","20.4",",,,a"
"ASN00076092","1910-02","-34.2","141.5",,"NEDS CORNER HOMESTEAD, AS","0",",a","0",",a","0",",a","19100228","+,,a","0.0",",,a,28,+","0.0",",,,a"
"ASN00076092","1910-03","-34.2","141.5",,"NEDS CORNER HOMESTEAD, AS","5",",a","3",",a","2",",a","19100306",",,a","53.1",",,a,06,","91.4",",,,a"
"ASN00076092","1910-04","-34.2","141.5",,"NEDS CORNER HOMESTEAD, AS","0",",a","0",",a","0",",a","19100430","+,,a","0.0",",,a,30,+","0.0",",,,a"
"ASN00076092","1910-05","-34.2","141.5",,"NEDS CORNER HOMESTEAD, AS","7",",a","6",",a","0",",a","19100524",",,a","19.8",",,a,24,","58.3",",,,a"
"ASN00076092","1910-06","-34.2","141.5",,"NEDS CORNER HOMESTEAD, AS","6",",a","5",",a","0",",a","19100622",",,a","11.7",",,a,22,","45.5",",,,a"
"ASN00076092","1910-07","-34.2","141.5",,"NEDS CORNER HOMESTEAD, AS","8",",a","4",",a","0",",a","19100722",",,a","6.1",",,a,22,","22.2",",,,a"
"ASN00076092","1910-08","-34.2","141.5",,"NEDS CORNER HOMESTEAD, AS","5",",a","4",",a","0",",a","19100830","+,,a","7.6",",,a,30,+","23.3",",,,a"
"ASN00076092","1910-09","-34.2","141.5",,"NEDS CORNER HOMESTEAD, AS","5",",a","4",",a","1",",a","19100903",",,a","39.1",",,a,03,","69.9",",,,a"
"ASN00076092","1910-10","-34.2","141.5",,"NEDS CORNER HOMESTEAD, AS","5",",a","3",",a","0",",a","19101018",",,a","8.9",",,a,18,","19.5",",,,a"
"ASN00076092","1910-11","-34.2","141.5",,"NEDS CORNER HOMESTEAD, AS","4",",a","3",",a","0",",a","19101104",",,a","22.4",",,a,04,","35.9",",,,a"
"ASN00076092","1910-12","-34.2","141.5",,"NEDS CORNER HOMESTEAD, AS","0",",a","0",",a","0",",a","19101231","+,,a","0.0",",,a,31,+","0.0",",,,a"
"ASN00076092","1911-01","-34.2","141.5",,"NEDS CORNER HOMESTEAD, AS","3",",a","2",",a","0",",a","19110129",",,a","3.3",",,a,29,","7.9",",,,a"
"ASN00076092","1911-02","-34.2","141.5",,"NEDS CORNER HOMESTEAD, AS","11",",a","8",",a","1",",a","19110208",",,a","61.7",",,a,08,","133.2",",,,a"
"ASN00076092","1911-03","-34.2","141.5",,"NEDS CORNER HOMESTEAD, AS","2",",a","2",",a","0",",a","19110319",",,a","14.5",",,a,19,","19.1",",,,a"
"ASN00076092","1911-04","-34.2","141.5",,"NEDS CORNER HOMESTEAD, AS","0",",a","0",",a","0",",a","19110430","+,,a","0.0",",,a,30,+","0.0",",,,a"
"ASN00076092","1911-05","-34.2","141.5",,"NEDS CORNER HOMESTEAD, AS","5",",a","4",",a","1",",a","19110508",",,a","27.9",",,a,08,","49.0",",,,a"
"ASN00076092","1911-06","-34.2","141.5",,"NEDS CORNER HOMESTEAD, AS","6",",a","0",",a","0",",a","19110619","+,,a","1.8",",,a,19,+","7.2",",,,a"
"ASN00076092","1911-07","-34.2","141.5",,"NEDS CORNER HOMESTEAD, AS","5",",a","4",",a","0",",a","19110712",",,a","3.6",",,a,12,","13.4",",,,a"
"ASN00076092","1911-08","-34.2","141.5",,"NEDS CORNER HOMESTEAD, AS","4",",a","4",",a","0",",a","19110822",",,a","9.1",",,a,22,","21.0",",,,a"
"ASN00076092","1911-09","-34.2","141.5",,"NEDS CORNER HOMESTEAD, AS","2",",a","2",",a","1",",a","19110902",",,a","25.9",",,a,02,","35.0",",,,a"
"ASN00076092","1911-10","-34.2","141.5",,"NEDS CORNER HOMESTEAD, AS","2",",a","1",",a","0",",a","19111015",",,a","13.2",",,a,15,","14.0",",,,a"
"ASN00076092","1911-11","-34.2","141.5",,"NEDS CORNER HOMESTEAD, AS","1",",a","1",",a","0",",a","19111124",",,a","6.4",",,a,24,","6.4",",,,a"
"ASN00076092","1911-12","-34.2","141.5",,"NEDS CORNER HOMESTEAD, AS","3",",a","3",",a","0",",a","19111205",",,a","13.7",",,a,05,","33.0",",,,a"
"ASN00076092","1912-01","-34.2","141.5",,"NEDS CORNER HOMESTEAD, AS","0",",a","0",",a","0",",a","19120131","+,,a","0.0",",,a,31,+","0.0",",,,a"
"ASN00076092","1912-02","-34.2","141.5",,"NEDS CORNER HOMESTEAD, AS","2",",a","2",",a","0",",a","19120225",",,a","15.2",",,a,25,","26.4",",,,a"
"ASN00076092","1912-03","-34.2","141.5",,"NEDS CORNER HOMESTEAD, AS","1",",a","1",",a","0",",a","19120309",",,a","4.6",",,a,09,","4.6",",,,a"
"ASN00076092","1912-04","-34.2","141.5",,"NEDS CORNER HOMESTEAD, AS","1",",a","0",",a","0",",a","19120417",",,a","1.8",",,a,17,","1.8",",,,a"
"ASN00076092","1912-05","-34.2","141.5",,"NEDS CORNER HOMESTEAD, AS","0",",a","0",",a","0",",a","19120531","+,,a","0.0",",,a,31,+","0.0",",,,a"
"ASN00076092","1912-06","-34.2","141.5",,"NEDS CORNER HOMESTEAD, AS","6",",a","4",",a","2",",a","19120624",",,a","55.6",",,a,24,","113.1",",,,a"
"ASN00076092","1912-07","-34.2","141.5",,"NEDS CORNER HOMESTEAD, AS","3",",a","1",",a","0",",a","19120706",",,a","3.3",",,a,06,","6.9",",,,a"
"ASN00076092","1912-08","-34.2","141.5",,"NEDS CORNER HOMESTEAD, AS","9",",a","6",",a","0",",a","19120805",",,a","8.9",",,a,05,","33.8",",,,a"
"ASN00076092","1912-09","-34.2","141.5",,"NEDS CORNER HOMESTEAD, AS","5",",a","2",",a","0",",a","19120903",",,a","10.9",",,a,03,","18.3",",,,a"
"ASN00076092","1912-10","-34.2","141.5",,"NEDS CORNER HOMESTEAD, AS","0",",a","0",",a","0",",a","19121031","+,,a","0.0",",,a,31,+","0.0",",,,a"
"ASN00076092","1912-11","-34.2","141.5",,"NEDS CORNER HOMESTEAD, AS","5",",a","4",",a","0",",a","19121102",",,a","22.9",",,a,02,","51.6",",,,a"
"ASN00076092","1912-12","-34.2","141.5",,"NEDS CORNER HOMESTEAD, AS","3",",a","3",",a","0",",a","19121206",",,a","8.4",",,a,06,","15.8",",,,a"
"ASN00076092","1913-01","-34.2","141.5",,"NEDS CORNER HOMESTEAD, AS","0",",a","0",",a","0",",a","19130131","+,,a","0.0",",,a,31,+","0.0",",,,a"
"ASN00076092","1913-02","-34.2","141.5",,"NEDS CORNER HOMESTEAD, AS","3",",a","3",",a","1",",a","19130214",",,a","32.0",",,a,14,","45.7",",,,a"
"ASN00076092","1913-03","-34.2","141.5",,"NEDS CORNER HOMESTEAD, AS","7",",a","6",",a","0",",a","19130326",",,a","17.0",",,a,26,","60.6",",,,a"
"ASN00076092","1913-04","-34.2","141.5",,"NEDS CORNER HOMESTEAD, AS","3",",a","3",",a","0",",a","19130426",",,a","6.4",",,a,26,","15.1",",,,a"
"ASN00076092","1913-05","-34.2","141.5",,"NEDS CORNER HOMESTEAD, AS","2",",a","2",",a","0",",a","19130531",",,a","12.4",",,a,31,","20.5",",,,a"
"ASN00076092","1913-06","-34.2","141.5",,"NEDS CORNER HOMESTEAD, AS","0",",a","0",",a","0",",a","19130630","+,,a","0.0",",,a,30,+","0.0",",,,a"
"ASN00076092","1913-07","-34.2","141.5",,"NEDS CORNER HOMESTEAD, AS","1",",a","1",",a","0",",a","19130719",",,a","3.0",",,a,19,","3.0",",,,a"
"ASN00076092","1913-08","-34.2","141.5",,"NEDS CORNER HOMESTEAD, AS","0",",a","0",",a","0",",a","19130831","+,,a","0.0",",,a,31,+","0.0",",,,a"
"ASN00076092","1913-09","-34.2","141.5",,"NEDS CORNER HOMESTEAD, AS","4",",a","2",",a","1",",a","19130919",",,a","31.8",",,a,19,","39.5",",,,a"
"ASN00076092","1913-10","-34.2","141.5",,"NEDS CORNER HOMESTEAD, AS","4",",a","4",",a","0",",a","19131027",",,a","19.1",",,a,27,","42.5",",,,a"
"ASN00076092","1913-11","-34.2","141.5",,"NEDS CORNER HOMESTEAD, AS","1",",a","1",",a","0",",a","19131112",",,a","6.1",",,a,12,","6.1",",,,a"
"ASN00076092","1913-12","-34.2","141.5",,"NEDS CORNER HOMESTEAD, AS","1",",a","1",",a","1",",a","19131223",",,a","25.9",",,a,23,","25.9",",,,a"
"ASN00076092","1914-01","-34.2","141.5",,"NEDS CORNER HOMESTEAD, AS","1",",a","0",",a","0",",a","19140125",",,a","1.0",",,a,25,","1.0",",,,a"
"ASN00076092","1914-02","-34.2","141.5",,"NEDS CORNER HOMESTEAD, AS","3",",a","1",",a","0",",a","19140209",",,a","6.1",",,a,09,","8.7",",,,a"
"ASN00076092","1914-03","-34.2","141.5",,"NEDS CORNER HOMESTEAD, AS","5",",a","4",",a","0",",a","19140313",",,a","20.8",",,a,13,","40.0",",,,a"
"ASN00076092","1914-05","-34.2","141.5",,"NEDS CORNER HOMESTEAD, AS","2",",a","2",",a","0",",a","19140513",",,a","5.3",",,a,13,","8.3",",,,a"
"ASN00076092","1914-06","-34.2","141.5",,"NEDS CORNER HOMESTEAD, AS","0",",a","0",",a","0",",a","19140630","+,,a","0.0",",,a,30,+","0.0",",,,a"
"ASN00076092","1914-07","-34.2","141.5",,"NEDS CORNER HOMESTEAD, AS","2",",a","1",",a","0",",a","19140729",",,a","3.6",",,a,29,","4.4",",,,a"
"ASN00076092","1914-08","-34.2","141.5",,"NEDS CORNER HOMESTEAD, AS","0",",a","0",",a","0",",a","19140831","+,,a","0.0",",,a,31,+","0.0",",,,a"
"ASN00076092","1914-09","-34.2","141.5",,"NEDS CORNER HOMESTEAD, AS","1",",a","0",",a","0",",a","19140910",",,a","0.8",",,a,10,","0.8",",,,a"
"ASN00076092","1914-10","-34.2","141.5",,"NEDS CORNER HOMESTEAD, AS","1",",a","0",",a","0",",a","19141003",",,a","1.8",",,a,03,","1.8",",,,a"
"ASN00076092","1914-11","-34.2","141.5",,"NEDS CORNER HOMESTEAD, AS","4",",a","3",",a","0",",a","19141114",",,a","20.3",",,a,14,","50.7",",,,a"
"ASN00076092","1914-12","-34.2","141.5",,"NEDS CORNER HOMESTEAD, AS","1",",a","1",",a","0",",a","19141214",",,a","24.1",",,a,14,","24.1",",,,a"
"ASN00076092","1915-01","-34.2","141.5",,"NEDS CORNER HOMESTEAD, AS","2",",a","2",",a","0",",a","19150112",",,a","7.6",",,a,12,","11.2",",,,a"
"ASN00076092","1915-02","-34.2","141.5",,"NEDS CORNER HOMESTEAD, AS","0",",a","0",",a","0",",a","19150228","+,,a","0.0",",,a,28,+","0.0",",,,a"
"ASN00076092","1915-03","-34.2","141.5",,"NEDS CORNER HOMESTEAD, AS","0",",a","0",",a","0",",a","19150331","+,,a","0.0",",,a,31,+","0.0",",,,a"
"ASN00076092","1915-04","-34.2","141.5",,"NEDS CORNER HOMESTEAD, AS","4",",a","2",",a","0",",a","19150409",",,a","8.4",",,a,09,","13.2",",,,a"
"ASN00076092","1915-05","-34.2","141.5",,"NEDS CORNER HOMESTEAD, AS","10",",a","3",",a","0",",a","19150513",",,a","8.1",",,a,13,","22.2",",,,a"
"ASN00076092","1915-06","-34.2","141.5",,"NEDS CORNER HOMESTEAD, AS","10",",a","4",",a","0",",a","19150623",",,a","10.2",",,a,23,","32.1",",,,a"
"ASN00076092","1915-07","-34.2","141.5",,"NEDS CORNER HOMESTEAD, AS","8",",a","4",",a","0",",a","19150718",",,a","7.6",",,a,18,","22.0",",,,a"
"ASN00076092","1915-08","-34.2","141.5",,"NEDS CORNER HOMESTEAD, AS","10",",a","3",",a","0",",a","19150802",",,a","8.9",",,a,02,","25.5",",,,a"
"ASN00076092","1915-09","-34.2","141.5",,"NEDS CORNER HOMESTEAD, AS","6",",a","4",",a","0",",a","19150919",",,a","17.8",",,a,19,","47.8",",,,a"
"ASN00076092","1915-10","-34.2","141.5",,"NEDS CORNER HOMESTEAD, AS","4",",a","2",",a","0",",a","19151023",",,a","6.1",",,a,23,","11.4",",,,a"
"ASN00076092","1915-11","-34.2","141.5",,"NEDS CORNER HOMESTEAD, AS","0",",a","0",",a","0",",a","19151130","+,,a","0.0",",,a,30,+","0.0",",,,a"
"ASN00076092","1915-12","-34.2","141.5",,"NEDS CORNER HOMESTEAD, AS","0",",a","0",",a","0",",a","19151231","+,,a","0.0",",,a,31,+","0.0",",,,a"
"ASN00076092","1916-01","-34.2","141.5",,"NEDS CORNER HOMESTEAD, AS","1",",a","0",",a","0",",a","19160106",",,a","2.3",",,a,06,","2.3",",,,a"
"ASN00076092","1916-02","-34.2","141.5",,"NEDS CORNER HOMESTEAD, AS","2",",a","1",",a","0",",a","19160210",",,a","2.5",",,a,10,","3.0",",,,a"
"ASN00076092","1916-03","-34.2","141.5",,"NEDS CORNER HOMESTEAD, AS","1",",a","0",",a","0",",a","19160305",",,a","0.5",",,a,05,","0.5",",,,a"
"ASN00076092","1916-04","-34.2","141.5",,"NEDS CORNER HOMESTEAD, AS","1",",a","0",",a","0",",a","19160421",",,a","0.5",",,a,21,","0.5",",,,a"
"ASN00076092","1916-07","-34.2","141.5",,"NEDS CORNER HOMESTEAD, AS","10",",a","6",",a","0",",a","19160718",",,a","14.0",",,a,18,","53.1",",,,a"
"ASN00076092","1916-08","-34.2","141.5",,"NEDS CORNER HOMESTEAD, AS","11",",a","5",",a","0",",a","19160827",",,a","14.7",",,a,27,","49.7",",,,a"
"ASN00076092","1916-09","-34.2","141.5",,"NEDS CORNER HOMESTEAD, AS","5",",a","4",",a","0",",a","19160923",",,a","20.3",",,a,23,","51.5",",,,a"
"ASN00076092","1916-10","-34.2","141.5",,"NEDS CORNER HOMESTEAD, AS","6",",a","4",",a","0",",a","19161022",",,a","7.6",",,a,22,","23.1",",,,a"
"ASN00076092","1916-11","-34.2","141.5",,"NEDS CORNER HOMESTEAD, AS","6",",a","5",",a","0",",a","19161125",",,a","21.8",",,a,25,","51.7",",,,a"
"ASN00076092","1916-12","-34.2","141.5",,"NEDS CORNER HOMESTEAD, AS","5",",a","2",",a","0",",a","19161209",",,a","13.2",",,a,09,","18.2",",,,a"
"ASN00076092","1917-01","-34.2","141.5",,"NEDS CORNER HOMESTEAD, AS","3",",a","1",",a","0",",a","19170122",",,a","22.6",",,a,22,","23.7",",,,a"
"ASN00076092","1917-02","-34.2","141.5",,"NEDS CORNER HOMESTEAD, AS","4",",a","3",",a","2",",a","19170222",",,a","54.1",",,a,22,","106.4",",,,a"
"ASN00076092","1917-03","-34.2","141.5",,"NEDS CORNER HOMESTEAD, AS","3",",a","2",",a","0",",a","19170329",",,a","11.4",",,a,29,","15.7",",,,a"
"ASN00076092","1917-04","-34.2","141.5",,"NEDS CORNER HOMESTEAD, AS","1",",a","0",",a","0",",a","19170406",",,a","0.8",",,a,06,","0.8",",,,a"
"ASN00076092","1917-05","-34.2","141.5",,"NEDS CORNER HOMESTEAD, AS","4",",a","4",",a","0",",a","19170514",",,a","10.4",",,a,14,","34.1",",,,a"
"ASN00076092","1917-06","-34.2","141.5",,"NEDS CORNER HOMESTEAD, AS","7",",a","3",",a","0",",a","19170605",",,a","12.7",",,a,05,","36.1",",,,a"
"ASN00076092","1917-07","-34.2","141.5",,"NEDS CORNER HOMESTEAD, AS","11",",a","5",",a","0",",a","19170718",",,a","14.2",",,a,18,","50.0",",,,a"
"ASN00076092","1917-08","-34.2","141.5",,"NEDS CORNER HOMESTEAD, AS","10",",a","6",",a","0",",a","19170811",",,a","20.8",",,a,11,","54.3",",,,a"
"ASN00076092","1917-09","-34.2","141.5",,"NEDS CORNER HOMESTEAD, AS","4",",a","4",",a","1",",a","19170915",",,a","30.5",",,a,15,","57.8",",,,a"
"ASN00076092","1917-10","-34.2","141.5",,"NEDS CORNER HOMESTEAD, AS","7",",a","6",",a","0",",a","19171004",",,a","22.1",",,a,04,","53.4",",,,a"
"ASN00076092","1917-11","-34.2","141.5",,"NEDS CORNER HOMESTEAD, AS","4",",a","2",",a","0",",a","19171121",",,a","15.7",",,a,21,","26.5",",,,a"
"ASN00076092","1917-12","-34.2","141.5",,"NEDS CORNER HOMESTEAD, AS","2",",a","1",",a","0",",a","19171213",",,a","5.3",",,a,13,","6.3",",,,a"
"ASN00076092","1918-01","-34.2","141.5",,"NEDS CORNER HOMESTEAD, AS","3",",a","3",",a","0",",a","19180129",",,a","5.8",",,a,29,","15.5",",,,a"
"ASN00076092","1918-02","-34.2","141.5",,"NEDS CORNER HOMESTEAD, AS","3",",a","2",",a","0",",a","19180218",",,a","6.4",",,a,18,","11.2",",,,a"
"ASN00076092","1918-03","-34.2","141.5",,"NEDS CORNER HOMESTEAD, AS","3",",a","1",",a","0",",a","19180305",",,a","16.5",",,a,05,","20.8",",,,a"
"ASN00076092","1918-04","-34.2","141.5",,"NEDS CORNER HOMESTEAD, AS","3",",a","2",",a","0",",a","19180425",",,a","10.2",",,a,25,","18.6",",,,a"
"ASN00076092","1918-05","-34.2","141.5",,"NEDS CORNER HOMESTEAD, AS","5",",a","4",",a","1",",a","19180516",",,a","37.1",",,a,16,","70.9",",,,a"
"ASN00076092","1918-06","-34.2","141.5",,"NEDS CORNER HOMESTEAD, AS","5",",a","3",",a","0",",a","19180618",",,a","7.6",",,a,18,","19.6",",,,a"
"ASN00076092","1918-07","-34.2","141.5",,"NEDS CORNER HOMESTEAD, AS","4",",a","3",",a","0",",a","19180702",",,a","6.1",",,a,02,","15.3",",,,a"
"ASN00076092","1918-08","-34.2","141.5",,"NEDS CORNER HOMESTEAD, AS","8",",a","5",",a","0",",a","19180805",",,a","10.7",",,a,05,","30.3",",,,a"
"ASN00076092","1918-10","-34.2","141.5",,"NEDS CORNER HOMESTEAD, AS","5",",a","3",",a","0",",a","19181007",",,a","10.4",",,a,07,","23.4",",,,a"
"ASN00076092","1918-11","-34.2","141.5",,"NEDS CORNER HOMESTEAD, AS","1",",a","0",",a","0",",a","19181101",",,a","1.3",",,a,01,","1.3",",,,a"
"ASN00076092","1918-12","-34.2","141.5",,"NEDS CORNER HOMESTEAD, AS","0",",a","0",",a","0",",a","19181231","+,,a","0.0",",,a,31,+","0.0",",,,a"
"ASN00076092","1919-02","-34.2","141.5",,"NEDS CORNER HOMESTEAD, AS","2",",a","2",",a","1",",a","19190217",",,a","37.1",",,a,17,","48.5",",,,a"
"ASN00076092","1919-03","-34.2","141.5",,"NEDS CORNER HOMESTEAD, AS","2",",a","0",",a","0",",a","19190304",",,a","2.3",",,a,04,","3.1",",,,a"
"ASN00076092","1919-04","-34.2","141.5",,"NEDS CORNER HOMESTEAD, AS","3",",a","3",",a","0",",a","19190405",",,a","4.1",",,a,05,","11.5",",,,a"
"ASN00076092","1919-05","-34.2","141.5",,"NEDS CORNER HOMESTEAD, AS","7",",a","5",",a","0",",a","19190506",",,a","21.6",",,a,06,","60.3",",,,a"
"ASN00076092","1919-06","-34.2","141.5",,"NEDS CORNER HOMESTEAD, AS","7",",a","2",",a","0",",a","19190613",",,a","5.6",",,a,13,","12.4",",,,a"
"ASN00076092","1919-07","-34.2","141.5",,"NEDS CORNER HOMESTEAD, AS","1",",a","1",",a","0",",a","19190712",",,a","2.5",",,a,12,","2.5",",,,a"
"ASN00076092","1919-08","-34.2","141.5",,"NEDS CORNER HOMESTEAD, AS","2",",a","1",",a","0",",a","19190806",",,a","4.6",",,a,06,","5.4",",,,a"
"ASN00076092","1919-09","-34.2","141.5",,"NEDS CORNER HOMESTEAD, AS","4",",a","2",",a","0",",a","19190907",",,a","3.8",",,a,07,","8.1",",,,a"
"ASN00076092","1919-10","-34.2","141.5",,"NEDS CORNER HOMESTEAD, AS","6",",a","3",",a","0",",a","19191012",",,a","6.6",",,a,12,","16.8",",,,a"
"ASN00076092","1920-01","-34.2","141.5",,"NEDS CORNER HOMESTEAD, AS","2",",a","1",",a","0",",a","19200109",",,a","13.5",",,a,09,","14.0",",,,a"
"ASN00076092","1920-02","-34.2","141.5",,"NEDS CORNER HOMESTEAD, AS","1",",a","0",",a","0",",a","19200227",",,a","0.5",",,a,27,","0.5",",,,a"
"ASN00076092","1920-04","-34.2","141.5",,"NEDS CORNER HOMESTEAD, AS","4",",a","3",",a","0",",a","19200412",",,a","5.1",",,a,12,","13.4",",,,a"
"ASN00076092","1920-05","-34.2","141.5",,"NEDS CORNER HOMESTEAD, AS","5",",a","3",",a","0",",a","19200511",",,a","8.1",",,a,11,","17.4",",,,a"
"ASN00076092","1920-06","-34.2","141.5",,"NEDS CORNER HOMESTEAD, AS","9",",a","4",",a","0",",a","19200601",",,a","12.4",",,a,01,","37.0",",,,a"
"ASN00076092","1920-07","-34.2","141.5",,"NEDS CORNER HOMESTEAD, AS","4",",a","2",",a","0",",a","19200707",",,a","6.9",",,a,07,","13.7",",,,a"
"ASN00076092","1920-08","-34.2","141.5",,"NEDS CORNER HOMESTEAD, AS","11",",a","7",",a","1",",a","19200824",",,a","25.4",",,a,24,","67.9",",,,a"
"ASN00076092","1920-09","-34.2","141.5",,"NEDS CORNER HOMESTEAD, AS","7",",a","5",",a","0",",a","19200915",",,a","15.5",",,a,15,","54.9",",,,a"
"ASN00076092","1920-10","-34.2","141.5",,"NEDS CORNER HOMESTEAD, AS","5",",a","5",",a","0",",a","19201023",",,a","10.7",",,a,23,","35.1",",,,a"
"ASN00076092","1920-11","-34.2","141.5",,"NEDS CORNER HOMESTEAD, AS","8",",a","8",",a","1",",a","19201112",",,a","25.9",",,a,12,","68.6",",,,a"
"ASN00076092","1920-12","-34.2","141.5",,"NEDS CORNER HOMESTEAD, AS","3",",a","2",",a","0",",a","19201226",",,a","10.2",",,a,26,","18.1",",,,a"
"ASN00076092","1921-01","-34.2","141.5",,"NEDS CORNER HOMESTEAD, AS","2",",a","1",",a","1",",a","19210102",",,a","31.0",",,a,02,","33.3",",,,a"
"ASN00076092","1921-02","-34.2","141.5",,"NEDS CORNER HOMESTEAD, AS","6",",a","6",",a","1",",a","19210225",",,a","54.1",",,a,25,","99.6",",,,a"
"ASN00076092","1921-03","-34.2","141.5",,"NEDS CORNER HOMESTEAD, AS","2",",a","2",",a","0",",a","19210315",",,a","16.3",",,a,15,","29.0",",,,a"
"ASN00076092","1921-04","-34.2","141.5",,"NEDS CORNER HOMESTEAD, AS","1",",a","0",",a","0",",a","19210409",",,a","0.8",",,a,09,","0.8",",,,a"
"ASN00076092","1921-05","-34.2","141.5",,"NEDS CORNER HOMESTEAD, AS","9",",a","4",",a","0",",a","19210529",",,a","16.0",",,a,29,","38.7",",,,a"
"ASN00076092","1921-06","-34.2","141.5",,"NEDS CORNER HOMESTEAD, AS","2",",a","2",",a","1",",a","19210607",",,a","30.7",",,a,07,","36.5",",,,a"
"ASN00076092","1921-07","-34.2","141.5",,"NEDS CORNER HOMESTEAD, AS","4",",a","1",",a","0",",a","19210727",",,a","5.1",",,a,27,","10.2",",,,a"
"ASN00076092","1921-08","-34.2","141.5",,"NEDS CORNER HOMESTEAD, AS","5",",a","3",",a","0",",a","19210822",",,a","12.7",",,a,22,","25.5",",,,a"
"ASN00076092","1921-09","-34.2","141.5",,"NEDS CORNER HOMESTEAD, AS","7",",a","5",",a","0",",a","19210908",",,a","22.6",",,a,08,","55.9",",,,a"
"ASN00076092","1921-10","-34.2","141.5",,"NEDS CORNER HOMESTEAD, AS","3",",a","2",",a","0",",a","19211001",",,a","7.9",",,a,01,","12.4",",,,a"
"ASN00076092","1921-11","-34.2","141.5",,"NEDS CORNER HOMESTEAD, AS","1",",a","1",",a","0",",a","19211105",",,a","10.2",",,a,05,","10.2",",,,a"
"ASN00076092","1921-12","-34.2","141.5",,"NEDS CORNER HOMESTEAD, AS","2",",a","1",",a","0",",a","19211202",",,a","3.0",",,a,02,","4.8",",,,a"
"ASN00076092","1922-01","-34.2","141.5",,"NEDS CORNER HOMESTEAD, AS","3",",a","2",",a","0",",a","19220101",",,a","8.9",",,a,01,","14.0",",,,a"
"ASN00076092","1922-02","-34.2","141.5",,"NEDS CORNER HOMESTEAD, AS","1",",a","1",",a","0",",a","19220220",",,a","21.3",",,a,20,","21.3",",,,a"
"ASN00076092","1922-03","-34.2","141.5",,"NEDS CORNER HOMESTEAD, AS","0",",a","0",",a","0",",a","19220331","+,,a","0.0",",,a,31,+","0.0",",,,a"
"ASN00076092","1922-04","-34.2","141.5",,"NEDS CORNER HOMESTEAD, AS","2",",a","1",",a","1",",a","19220426",",,a","41.7",",,a,26,","43.7",",,,a"
"ASN00076092","1922-05","-34.2","141.5",,"NEDS CORNER HOMESTEAD, AS","8",",a","6",",a","0",",a","19220531",",,a","11.2",",,a,31,","43.4",",,,a"
"ASN00076092","1922-06","-34.2","141.5",,"NEDS CORNER HOMESTEAD, AS","5",",a","5",",a","0",",a","19220611",",,a","16.5",",,a,11,","44.2",",,,a"
"ASN00076092","1922-07","-34.2","141.5",,"NEDS CORNER HOMESTEAD, AS","3",",a","3",",a","0",",a","19220707",",,a","20.6",",,a,07,","39.4",",,,a"
"ASN00076092","1922-08","-34.2","141.5",,"NEDS CORNER HOMESTEAD, AS","4",",a","1",",a","0",",a","19220812",",,a","4.6",",,a,12,","8.4",",,,a"
"ASN00076092","1922-09","-34.2","141.5",,"NEDS CORNER HOMESTEAD, AS","4",",a","4",",a","0",",a","19220930",",,a","20.3",",,a,30,","46.2",",,,a"
"ASN00076092","1922-10","-34.2","141.5",,"NEDS CORNER HOMESTEAD, AS","1",",a","1",",a","0",",a","19221024",",,a","4.6",",,a,24,","4.6",",,,a"
"ASN00076092","1922-11","-34.2","141.5",,"NEDS CORNER HOMESTEAD, AS","2",",a","2",",a","0",",a","19221109",",,a","6.9",",,a,09,","12.0",",,,a"
"ASN00076092","1922-12","-34.2","141.5",,"NEDS CORNER HOMESTEAD, AS","2",",a","1",",a","0",",a","19221229",",,a","3.8",",,a,29,","5.1",",,,a"
"ASN00076092","1923-01","-34.2","141.5",,"NEDS CORNER HOMESTEAD, AS","0",",a","0",",a","0",",a","19230131","+,,a","0.0",",,a,31,+","0.0",",,,a"
"ASN00076092","1923-02","-34.2","141.5",,"NEDS CORNER HOMESTEAD, AS","0",",a","0",",a","0",",a","19230228","+,,a","0.0",",,a,28,+","0.0",",,,a"
"ASN00076092","1923-03","-34.2","141.5",,"NEDS CORNER HOMESTEAD, AS","0",",a","0",",a","0",",a","19230331","+,,a","0.0",",,a,31,+","0.0",",,,a"
"ASN00076092","1923-04","-34.2","141.5",,"NEDS CORNER HOMESTEAD, AS","0",",a","0",",a","0",",a","19230430","+,,a","0.0",",,a,30,+","0.0",",,,a"
"ASN00076092","1923-05","-34.2","141.5",,"NEDS CORNER HOMESTEAD, AS","8",",a","5",",a","0",",a","19230527",",,a","13.2",",,a,27,","31.5",",,,a"
"ASN00076092","1923-06","-34.2","141.5",,"NEDS CORNER HOMESTEAD, AS","16",",a","13",",a","0",",a","19230605",",,a","15.5",",,a,05,","73.7",",,,a"
"ASN00076092","1923-07","-34.2","141.5",,"NEDS CORNER HOMESTEAD, AS","7",",a","7",",a","0",",a","19230730",",,a","22.9",",,a,30,","57.9",",,,a"
"ASN00076092","1923-08","-34.2","141.5",,"NEDS CORNER HOMESTEAD, AS","7",",a","4",",a","0",",a","19230810",",,a","11.7",",,a,10,","26.2",",,,a"
"ASN00076092","1923-09","-34.2","141.5",,"NEDS CORNER HOMESTEAD, AS","7",",a","4",",a","0",",a","19230921",",,a","16.0",",,a,21,","38.7",",,,a"
"ASN00076092","1923-10","-34.2","141.5",,"NEDS CORNER HOMESTEAD, AS","5",",a","2",",a","0",",a","19231011",",,a","4.6",",,a,11,","12.8",",,,a"
"ASN00076092","1923-12","-34.2","141.5",,"NEDS CORNER HOMESTEAD, AS","6",",a","5",",a","0",",a","19231214","+,,a","6.4",",,a,14,+","25.2",",,,a"
"ASN00076092","1924-01","-34.2","141.5",,"NEDS CORNER HOMESTEAD, AS","2",",a","2",",a","0",",a","19240102",",,a","7.9",",,a,02,","13.2",",,,a"
"ASN00076092","1924-02","-34.2","141.5",,"NEDS CORNER HOMESTEAD, AS","7",",a","5",",a","0",",a","19240217",",,a","14.2",",,a,17,","41.3",",,,a"
"ASN00076092","1924-03","-34.2","141.5",,"NEDS CORNER HOMESTEAD, AS","2",",a","2",",a","0",",a","19240327",",,a","15.2",",,a,27,","23.1",",,,a"
"ASN00076092","1924-04","-34.2","141.5",,"NEDS CORNER HOMESTEAD, AS","0",",a","0",",a","0",",a","19240430","+,,a","0.0",",,a,30,+","0.0",",,,a"
"ASN00076092","1924-05","-34.2","141.5",,"NEDS CORNER HOMESTEAD, AS","3",",a","2",",a","0",",a","19240521",",,a","3.3",",,a,21,","7.3",",,,a"
"ASN00076092","1924-06","-34.2","141.5",,"NEDS CORNER HOMESTEAD, AS","9",",a","6",",a","0",",a","19240604",",,a","7.9",",,a,04,","28.9",",,,a"
"ASN00076092","1924-07","-34.2","141.5",,"NEDS CORNER HOMESTEAD, AS","0",",a","0",",a","0",",a","19240731","+,,a","0.0",",,a,31,+","0.0",",,,a"
"ASN00076092","1924-08","-34.2","141.5",,"NEDS CORNER HOMESTEAD, AS","6",",a","3",",a","0",",a","19240826",",,a","6.4",",,a,26,","17.2",",,,a"
"ASN00076092","1924-09","-34.2","141.5",,"NEDS CORNER HOMESTEAD, AS","5",",a","4",",a","0",",a","19240920",",,a","17.8",",,a,20,","37.6",",,,a"
"ASN00076092","1924-10","-34.2","141.5",,"NEDS CORNER HOMESTEAD, AS","3",",a","3",",a","0",",a","19241021",",,a","16.5",",,a,21,","25.9",",,,a"
"ASN00076092","1924-11","-34.2","141.5",,"NEDS CORNER HOMESTEAD, AS","2",",a","2",",a","1",",a","19241107",",,a","31.8",",,a,07,","34.3",",,,a"
"ASN00076092","1924-12","-34.2","141.5",,"NEDS CORNER HOMESTEAD, AS","3",",a","2",",a","0",",a","19241214",",,a","11.7",",,a,14,","20.4",",,,a"
"ASN00076092","1925-01","-34.2","141.5",,"NEDS CORNER HOMESTEAD, AS","3",",a","1",",a","0",",a","19250113",",,a","23.1",",,a,13,","26.1",",,,a"
"ASN00076092","1925-02","-34.2","141.5",,"NEDS CORNER HOMESTEAD, AS","4",",a","2",",a","0",",a","19250208",",,a","22.4",",,a,08,","28.3",",,,a"
"ASN00076092","1925-03","-34.2","141.5",,"NEDS CORNER HOMESTEAD, AS","1",",a","1",",a","0",",a","19250317",",,a","3.6",",,a,17,","3.6",",,,a"
"ASN00076092","1925-04","-34.2","141.5",,"NEDS CORNER HOMESTEAD, AS","2",",a","1",",a","0",",a","19250407",",,a","3.6",",,a,07,","4.4",",,,a"
"ASN00076092","1925-05","-34.2","141.5",,"NEDS CORNER HOMESTEAD, AS","8",",a","6",",a","0",",a","19250512",",,a","18.0",",,a,12,","60.7",",,,a"
"ASN00076092","1925-06","-34.2","141.5",,"NEDS CORNER HOMESTEAD, AS","5",",a","1",",a","0",",a","19250606",",,a","4.1",",,a,06,","8.4",",,,a"
"ASN00076092","1925-07","-34.2","141.5",,"NEDS CORNER HOMESTEAD, AS","7",",a","4",",a","0",",a","19250717",",,a","9.1",",,a,17,","29.0",",,,a"
"ASN00076092","1925-08","-34.2","141.5",,"NEDS CORNER HOMESTEAD, AS","5",",a","1",",a","0",",a","19250830",",,a","4.3",",,a,30,","9.1",",,,a"
"ASN00076092","1925-09","-34.2","141.5",,"NEDS CORNER HOMESTEAD, AS","8",",a","5",",a","0",",a","19250912",",,a","23.9",",,a,12,","46.1",",,,a"
"ASN00076092","1925-10","-34.2","141.5",,"NEDS CORNER HOMESTEAD, AS","0",",a","0",",a","0",",a","19251031","+,,a","0.0",",,a,31,+","0.0",",,,a"
"ASN00076092","1925-11","-34.2","141.5",,"NEDS CORNER HOMESTEAD, AS","2",",a","1",",a","0",",a","19251120",",,a","3.6",",,a,20,","5.6",",,,a"
"ASN00076092","1925-12","-34.2","141.5",,"NEDS CORNER HOMESTEAD, AS","0",",a","0",",a","0",",a","19251231","+,,a","0.0",",,a,31,+","0.0",",,,a"
"ASN00076092","1926-01","-34.2","141.5",,"NEDS CORNER HOMESTEAD, AS","0",",a","0",",a","0",",a","19260131","+,,a","0.0",",,a,31,+","0.0",",,,a"
"ASN00076092","1926-02","-34.2","141.5",,"NEDS CORNER HOMESTEAD, AS","0",",a","0",",a","0",",a","19260228","+,,a","0.0",",,a,28,+","0.0",",,,a"
"ASN00076092","1926-03","-34.2","141.5",,"NEDS CORNER HOMESTEAD, AS","3",",a","2",",a","0",",a","19260322",",,a","5.6",",,a,22,","13.0",",,,a"
"ASN00076092","1926-04","-34.2","141.5",,"NEDS CORNER HOMESTEAD, AS","4",",a","2",",a","0",",a","19260424",",,a","4.1",",,a,24,","10.5",",,,a"
"ASN00076092","1926-05","-34.2","141.5",,"NEDS CORNER HOMESTEAD, AS","9",",a","7",",a","2",",a","19260530",",,a","38.6",",,a,30,","100.6",",,,a"
"ASN00076092","1926-06","-34.2","141.5",,"NEDS CORNER HOMESTEAD, AS","4",",a","3",",a","1",",a","19260622",",,a","30.5",",,a,22,","43.2",",,,a"
"ASN00076092","1926-07","-34.2","141.5",,"NEDS CORNER HOMESTEAD, AS","4",",a","4",",a","0",",a","19260720",",,a","7.9",",,a,20,","16.7",",,,a"
"ASN00076092","1926-08","-34.2","141.5",,"NEDS CORNER HOMESTEAD, AS","4",",a","3",",a","0",",a","19260829",",,a","16.3",",,a,29,","31.0",",,,a"
"ASN00076092","1926-09","-34.2","141.5",,"NEDS CORNER HOMESTEAD, AS","7",",a","3",",a","0",",a","19260927",",,a","17.0",",,a,27,","41.8",",,,a"
"ASN00076092","1926-10","-34.2","141.5",,"NEDS CORNER HOMESTEAD, AS","3",",a","1",",a","0",",a","19261007",",,a","2.5",",,a,07,","4.3",",,,a"
"ASN00076092","1926-11","-34.2","141.5",,"NEDS CORNER HOMESTEAD, AS","0",",a","0",",a","0",",a","19261130","+,,a","0.0",",,a,30,+","0.0",",,,a"
"ASN00076092","1926-12","-34.2","141.5",,"NEDS CORNER HOMESTEAD, AS","1",",a","0",",a","0",",a","19261201",",,a","1.3",",,a,01,","1.3",",,,a"
"ASN00076092","1927-01","-34.2","141.5",,"NEDS CORNER HOMESTEAD, AS","1",",a","1",",a","0",",a","19270117",",,a","7.1",",,a,17,","7.1",",,,a"
"ASN00076092","1927-02","-34.2","141.5",,"NEDS CORNER HOMESTEAD, AS","0",",a","0",",a","0",",a","19270228","+,,a","0.0",",,a,28,+","0.0",",,,a"
"ASN00076092","1927-03","-34.2","141.5",,"NEDS CORNER HOMESTEAD, AS","2",",a","1",",a","0",",a","19270322",",,a","3.3",",,a,22,","4.3",",,,a"
"ASN00076092","1927-04","-34.2","141.5",,"NEDS CORNER HOMESTEAD, AS","0",",a","0",",a","0",",a","19270430","+,,a","0.0",",,a,30,+","0.0",",,,a"
"ASN00076092","1927-05","-34.2","141.5",,"NEDS CORNER HOMESTEAD, AS","3",",a","1",",a","0",",a","19270526",",,a","3.6",",,a,26,","6.2",",,,a"
"ASN00076092","1927-06","-34.2","141.5",,"NEDS CORNER HOMESTEAD, AS","1",",a","1",",a","0",",a","19270618",",,a","7.6",",,a,18,","7.6",",,,a"
"ASN00076092","1927-07","-34.2","141.5",,"NEDS CORNER HOMESTEAD, AS","12",",a","5",",a","0",",a","19270709",",,a","5.8",",,a,09,","30.5",",,,a"
"ASN00076092","1927-08","-34.2","141.5",,"NEDS CORNER HOMESTEAD, AS","7",",a","1",",a","0",",a","19270805",",,a","4.3",",,a,05,","12.2",",,,a"
"ASN00076092","1927-09","-34.2","141.5",,"NEDS CORNER HOMESTEAD, AS","3",",a","2",",a","0",",a","19270901",",,a","14.2",",,a,01,","18.2",",,,a"
"ASN00076092","1927-10","-34.2","141.5",,"NEDS CORNER HOMESTEAD, AS","4",",a","3",",a","0",",a","19271020","+,,a","5.1",",,a,20,+","17.0",",,,a"
"ASN00076092","1927-11","-34.2","141.5",,"NEDS CORNER HOMESTEAD, AS","3",",a","2",",a","0",",a","19271123",",,a","5.3",",,a,23,","11.2",",,,a"
"ASN00076092","1927-12","-34.2","141.5",,"NEDS CORNER HOMESTEAD, AS","2",",a","1",",a","0",",a","19271215",",,a","3.8",",,a,15,","5.8",",,,a"
"ASN00076092","1928-01","-34.2","141.5",,"NEDS CORNER HOMESTEAD, AS","3",",a","1",",a","0",",a","19280119",",,a","8.6",",,a,19,","11.9",",,,a"
"ASN00076092","1928-02","-34.2","141.5",,"NEDS CORNER HOMESTEAD, AS","7",",a","5",",a","2",",a","19280216",",,a","46.2",",,a,16,","112.3",",,,a"
"ASN00076092","1928-03","-34.2","141.5",,"NEDS CORNER HOMESTEAD, AS","4",",a","3",",a","0",",a","19280326",",,a","24.1",",,a,26,","41.2",",,,a"
"ASN00076092","1928-04","-34.2","141.5",,"NEDS CORNER HOMESTEAD, AS","2",",a","2",",a","0",",a","19280404",",,a","6.1",",,a,04,","9.4",",,,a"
"ASN00076092","1928-05","-34.2","141.5",,"NEDS CORNER HOMESTEAD, AS","1",",a","1",",a","0",",a","19280526",",,a","8.4",",,a,26,","8.4",",,,a"
"ASN00076092","1928-06","-34.2","141.5",,"NEDS CORNER HOMESTEAD, AS","9",",a","7",",a","0",",a","19280623",",,a","10.4",",,a,23,","44.1",",,,a"
"ASN00076092","1928-07","-34.2","141.5",,"NEDS CORNER HOMESTEAD, AS","3",",a","3",",a","0",",a","19280715",",,a","11.2",",,a,15,","18.8",",,,a"
"ASN00076092","1928-08","-34.2","141.5",,"NEDS CORNER HOMESTEAD, AS","2",",a","0",",a","0",",a","19280815",",,a","2.0",",,a,15,","2.8",",,,a"
"ASN00076092","1928-09","-34.2","141.5",,"NEDS CORNER HOMESTEAD, AS","2",",a","2",",a","0",",a","19280930",",,a","12.7",",,a,30,","15.2",",,,a"
"ASN00076092","1928-10","-34.2","141.5",,"NEDS CORNER HOMESTEAD, AS","5",",a","3",",a","0",",a","19281015",",,a","7.9",",,a,15,","18.6",",,,a"
"ASN00076092","1928-11","-34.2","141.5",,"NEDS CORNER HOMESTEAD, AS","0",",a","0",",a","0",",a","19281130","+,,a","0.0",",,a,30,+","0.0",",,,a"
"ASN00076092","1928-12","-34.2","141.5",,"NEDS CORNER HOMESTEAD, AS","2",",a","2",",a","0",",a","19281222",",,a","3.0",",,a,22,","5.5",",,,a"
"ASN00076092","1929-01","-34.2","141.5",,"NEDS CORNER HOMESTEAD, AS","1",",a","0",",a","0",",a","19290125",",,a","0.8",",,a,25,","0.8",",,,a"
"ASN00076092","1929-02","-34.2","141.5",,"NEDS CORNER HOMESTEAD, AS","4",",a","3",",a","0",",a","19290220",",,a","24.1",",,a,20,","35.2",",,,a"
"ASN00076092","1929-03","-34.2","141.5",,"NEDS CORNER HOMESTEAD, AS","1",",a","1",",a","0",",a","19290325",",,a","4.6",",,a,25,","4.6",",,,a"
"ASN00076092","1929-04","-34.2","141.5",,"NEDS CORNER HOMESTEAD, AS","0",",a","0",",a","0",",a","19290430","+,,a","0.0",",,a,30,+","0.0",",,,a"
"ASN00076092","1929-05","-34.2","141.5",,"NEDS CORNER HOMESTEAD, AS","2",",a","0",",a","0",",a","19290507",",,a","2.0",",,a,07,","3.0",",,,a"
"ASN00076092","1929-06","-34.2","141.5",,"NEDS CORNER HOMESTEAD, AS","4",",a","1",",a","0",",a","19290604",",,a","3.8",",,a,04,","8.4",",,,a"
"ASN00076092","1929-07","-34.2","141.5",,"NEDS CORNER HOMESTEAD, AS","3",",a","2",",a","0",",a","19290712",",,a","4.1",",,a,12,","9.4",",,,a"
"ASN00076092","1929-08","-34.2","141.5",,"NEDS CORNER HOMESTEAD, AS","4",",a","2",",a","0",",a","19290806",",,a","6.1",",,a,06,","11.8",",,,a"
"ASN00076092","1929-09","-34.2","141.5",,"NEDS CORNER HOMESTEAD, AS","3",",a","3",",a","0",",a","19290928",",,a","5.6",",,a,28,","13.9",",,,a"
"ASN00076092","1929-10","-34.2","141.5",,"NEDS CORNER HOMESTEAD, AS","0",",a","0",",a","0",",a","19291031","+,,a","0.0",",,a,31,+","0.0",",,,a"
"ASN00076092","1929-11","-34.2","141.5",,"NEDS CORNER HOMESTEAD, AS","3",",a","3",",a","0",",a","19291117",",,a","9.4",",,a,17,","18.3",",,,a"
"ASN00076092","1929-12","-34.2","141.5",,"NEDS CORNER HOMESTEAD, AS","3",",a","3",",a","1",",a","19291227",",,a","52.1",",,a,27,","85.9",",,,a"
"ASN00076092","1930-01","-34.2","141.5",,"NEDS CORNER HOMESTEAD, AS","0",",a","0",",a","0",",a","19300131","+,,a","0.0",",,a,31,+","0.0",",,,a"
"ASN00076092","1930-02","-34.2","141.5",,"NEDS CORNER HOMESTEAD, AS","2",",a","2",",a","1",",a","19300204",",,a","29.2",",,a,04,","32.0",",,,a"
"ASN00076092","1930-03","-34.2","141.5",,"NEDS CORNER HOMESTEAD, AS","2",",a","1",",a","1",",a","19300313",",,a","39.1",",,a,13,","40.4",",,,a"
"ASN00076092","1930-04","-34.2","141.5",,"NEDS CORNER HOMESTEAD, AS","3",",a","2",",a","0",",a","19300424",",,a","17.8",",,a,24,","23.7",",,,a"
"ASN00076092","1930-05","-34.2","141.5",,"NEDS CORNER HOMESTEAD, AS","4",",a","2",",a","0",",a","19300512",",,a","12.4",",,a,12,","21.1",",,,a"
"ASN00076092","1930-06","-34.2","141.5",,"NEDS CORNER HOMESTEAD, AS","1",",a","1",",a","0",",a","19300622",",,a","2.5",",,a,22,","2.5",",,,a"
"ASN00076092","1930-07","-34.2","141.5",,"NEDS CORNER HOMESTEAD, AS","5",",a","2",",a","0",",a","19300703",",,a","20.8",",,a,03,","28.5",",,,a"
"ASN00076092","1930-08","-34.2","141.5",,"NEDS CORNER HOMESTEAD, AS","8",",a","5",",a","0",",a","19300814",",,a","11.9",",,a,14,","45.6",",,,a"
"ASN00076092","1930-09","-34.2","141.5",,"NEDS CORNER HOMESTEAD, AS","5",",a","2",",a","0",",a","19300917",",,a","8.9",",,a,17,","16.0",",,,a"
"ASN00076092","1930-10","-34.2","141.5",,"NEDS CORNER HOMESTEAD, AS","6",",a","5",",a","0",",a","19301011",",,a","24.1",",,a,11,","59.6",",,,a"
"ASN00076092","1930-11","-34.2","141.5",,"NEDS CORNER HOMESTEAD, AS","2",",a","2",",a","0",",a","19301117",",,a","9.4",",,a,17,","12.7",",,,a"
"ASN00076092","1930-12","-34.2","141.5",,"NEDS CORNER HOMESTEAD, AS","5",",a","4",",a","1",",a","19301206",",,a","51.6",",,a,06,","76.7",",,,a"
"ASN00076092","1931-01","-34.2","141.5",,"NEDS CORNER HOMESTEAD, AS","1",",a","1",",a","0",",a","19310102",",,a","4.1",",,a,02,","4.1",",,,a"
"ASN00076092","1931-02","-34.2","141.5",,"NEDS CORNER HOMESTEAD, AS","0",",a","0",",a","0",",a","19310228","+,,a","0.0",",,a,28,+","0.0",",,,a"
"ASN00076092","1931-03","-34.2","141.5",,"NEDS CORNER HOMESTEAD, AS","4",",a","3",",a","0",",a","19310319",",,a","11.4",",,a,19,","27.4",",,,a"
"ASN00076092","1931-04","-34.2","141.5",,"NEDS CORNER HOMESTEAD, AS","4",",a","3",",a","0",",a","19310414",",,a","24.1",",,a,14,","42.2",",,,a"
"ASN00076092","1931-05","-34.2","141.5",,"NEDS CORNER HOMESTEAD, AS","10",",a","4",",a","0",",a","19310507",",,a","8.4",",,a,07,","29.4",",,,a"
"ASN00076092","1931-06","-34.2","141.5",,"NEDS CORNER HOMESTEAD, AS","9",",a","8",",a","0",",a","19310624",",,a","18.0",",,a,24,","71.2",",,,a"
"ASN00076092","1931-07","-34.2","141.5",,"NEDS CORNER HOMESTEAD, AS","4",",a","3",",a","0",",a","19310712",",,a","8.1",",,a,12,","15.7",",,,a"
"ASN00076092","1931-08","-34.2","141.5",,"NEDS CORNER HOMESTEAD, AS","3",",a","2",",a","0",",a","19310828",",,a","5.1",",,a,28,","11.4",",,,a"
"ASN00076092","1931-09","-34.2","141.5",,"NEDS CORNER HOMESTEAD, AS","5",",a","5",",a","0",",a","19310903",",,a","13.2",",,a,03,","30.1",",,,a"
"ASN00076092","1931-10","-34.2","141.5",,"NEDS CORNER HOMESTEAD, AS","3",",a","3",",a","0",",a","19311017",",,a","8.1",",,a,17,","17.2",",,,a"
"ASN00076092","1931-11","-34.2","141.5",,"NEDS CORNER HOMESTEAD, AS","3",",a","2",",a","0",",a","19311116",",,a","18.3",",,a,16,","24.9",",,,a"
"ASN00076092","1931-12","-34.2","141.5",,"NEDS CORNER HOMESTEAD, AS","3",",a","2",",a","0",",a","19311204",",,a","3.8",",,a,04,","7.4",",,,a"
"ASN00076092","1932-01","-34.2","141.5",,"NEDS CORNER HOMESTEAD, AS","1",",a","1",",a","0",",a","19320109",",,a","3.3",",,a,09,","3.3",",,,a"
"ASN00076092","1932-02","-34.2","141.5",,"NEDS CORNER HOMESTEAD, AS","5",",a","3",",a","1",",a","19320208",",,a","30.2",",,a,08,","48.0",",,,a"
"ASN00076092","1932-03","-34.2","141.5",,"NEDS CORNER HOMESTEAD, AS","5",",a","3",",a","0",",a","19320327",",,a","12.7",",,a,27,","27.2",",,,a"
"ASN00076092","1932-04","-34.2","141.5",,"NEDS CORNER HOMESTEAD, AS","5",",a","3",",a","0",",a","19320410",",,a","8.6",",,a,10,","18.7",",,,a"
"ASN00076092","1932-05","-34.2","141.5",,"NEDS CORNER HOMESTEAD, AS","3",",a","3",",a","0",",a","19320507",",,a","19.6",",,a,07,","36.1",",,,a"
"ASN00076092","1932-06","-34.2","141.5",,"NEDS CORNER HOMESTEAD, AS","6",",a","4",",a","0",",a","19320612",",,a","16.5",",,a,12,","35.8",",,,a"
"ASN00076092","1932-07","-34.2","141.5",,"NEDS CORNER HOMESTEAD, AS","6",",a","4",",a","0",",a","19320703",",,a","6.1",",,a,03,","21.1",",,,a"
