"STATION","DATE","LATITUDE","LONGITUDE","ELEVATION","NAME","CDSD","CDSD_ATTRIBUTES","CLDD","CLDD_ATTRIBUTES","DP01","DP01_ATTRIBUTES","DP10","DP10_ATTRIBUTES","DP1X","DP1X_ATTRIBUTES","DSND","DSND_ATTRIBUTES","DSNW","DSNW_ATTRIBUTES","DT00","DT00_ATTRIBUTES","DT32","DT32_ATTRIBUTES","DX32","DX32_ATTRIBUTES","DX70","DX70_ATTRIBUTES","DX90","DX90_ATTRIBUTES","DYFG","DYFG_ATTRIBUTES","DYNT","DYNT_ATTRIBUTES","DYSD","DYSD_ATTRIBUTES","DYSN","DYSN_ATTRIBUTES","DYTS","DYTS_ATTRIBUTES","DYXP","DYXP_ATTRIBUTES","DYXT","DYXT_ATTRIBUTES","EMNT","EMNT_ATTRIBUTES","EMSD","EMSD_ATTRIBUTES","EMSN","EMSN_ATTRIBUTES","EMXP","EMXP_ATTRIBUTES","EMXT","EMXT_ATTRIBUTES","HDSD","HDSD_ATTRIBUTES","HTDD","HTDD_ATTRIBUTES","PRCP","PRCP_ATTRIBUTES","SNOW","SNOW_ATTRIBUTES","TAVG","TAVG_ATTRIBUTES","TMAX","TMAX_ATTRIBUTES","TMIN","TMIN_ATTRIBUTES"
"USC00471062","2007-02","43.05209","-88.17746","253.0","BROOKFIELD WWTP, WI US","","","0.0",",0","10",",0","4",",0","0",",0","26",",0","6",",0","11",",0","28",",0","21",",0","0",",0","0",",0","","","20070205",",,0","20070225",",,0","20070225","+,,0","","","20070225",",,0","20070222",",,0","-26.1",",0,05,","254",",,0,25,","127",",,0,25,+","14.0",",,0,25,","8.9",",0,22,","","","784.3",",0","35.7",",,,0","439",",,,0","-9.68",",0","-5.73",",,,0","-13.63",",,,0"
"USC00471062","2007-03","43.05209","-88.17746","253.0","BROOKFIELD WWTP, WI US","","","2.5",",0","11",",0","7",",0","1",",0","12",",0","2",",0","0",",0","19",",0","7",",0","2",",0","0",",0","2","","20070306",",,0","20070301",",,0","20070301",",,0","1","","20070322",",,0","20070327",",,0","-15.6",",0,06,","178",",,0,01,","64",",,0,01,","25.7",",,0,22,","26.7",",0,27,","","","477.0",",0","71.1",",,,0","128",",,,0","3.03",",0","8.24",",,,0","-2.18",",,,0"
"USC00471062","2007-04","43.05209","-88.17746","253.0","BROOKFIELD WWTP, WI US","","","2.5",",0","11",",0","9",",0","1",",0","2",",0","1",",0","0",",0","13",",0","3",",0","4",",0","0",",0","","","20070407",",,0","20070412",",,0","20070412",",,0","","","20070403",",,0","20070430","+,,0","-7.2",",0,07,","102",",,0,12,","102",",,0,12,","48.3",",,0,03,","27.8",",0,30,+","","","362.3",",0","118.5",",,,0","107",",,,0","6.34",",0","11.23",",,,0","1.46",",,,0"
"USC00471062","2007-05","43.05209","-88.17746","253.0","BROOKFIELD WWTP, WI US","","","37.5",",0","10",",0","3",",0","1",",0","0","1,0","0","1,0","0",",0","0",",0","0",",0","18",",0","0",",0","","","20070518",",,0","20070531","+,1,0","20070531","+,1,0","","","20070516",",,0","20070516","+,,0","2.8",",0,18,","0","1,,0,31,+","0","1,,0,31,+","30.0",",,0,16,","31.1",",0,16,+","","","103.4",",0","51.9",",,,0","0","1,,,0","16.21",",0","22.29",",,,0","10.12",",,,0"
"USC00471062","2007-06","43.05209","-88.17746","253.0","BROOKFIELD WWTP, WI US","","","83.1",",0","10",",0","5",",0","2",",0","0",",0","0",",0","0",",0","0",",0","0",",0","27",",0","1",",0","1","","20070606",",,0","20070630","+,,0","20070630","+,,0","1","","20070619",",,0","20070627",",,0","7.2",",0,06,","0",",,0,30,+","0",",,0,30,+","33.8",",,0,19,","32.8",",0,27,","","","23.6",",0","83.7",",,,0","0",",,,0","20.32",",0","26.44",",,,0","14.19",",,,0"
"USC00471062","2007-07","43.05209","-88.17746","253.0","BROOKFIELD WWTP, WI US","","","108.0",",0","8",",0","7",",0","2",",0","0",",0","0",",0","0",",0","0",",0","0",",0","31",",0","1",",0","","","20070722",",,0","20070731","+,,0","20070731","+,,0","1","","20070727",",,0","20070709",",,0","8.9",",0,22,","0",",,0,31,+","0",",,0,31,+","42.4",",,0,27,","33.9",",0,09,","7.3","0","7.3",",0","108.8",",,,0","0",",,,0","21.58",",0","27.22",",,,0","15.95",",,,0"
"USC00471062","2007-08","43.05209","-88.17746","253.0","BROOKFIELD WWTP, WI US","","","104.3",",0","17",",0","15",",0","3",",0","0",",0","0",",0","0",",0","0",",0","0",",0","28",",0","3",",0","","","20070831",",,0","20070831","+,,0","20070831","+,,0","","","20070819",",,0","20070829","+,,0","11.1",",0,31,","0",",,0,31,+","0",",,0,31,+","51.1",",,0,19,","32.2",",0,29,+","12.9","0","5.6",",0","212.8",",,,0","0",",,,0","21.51",",0","26.32",",,,0","16.71",",,,0"
"USC00471062","2007-09","43.05209","-88.17746","253.0","BROOKFIELD WWTP, WI US","","","51.4",",0","6",",0","5",",0","0",",0","0",",0","0",",0","0",",0","0",",0","0",",0","22",",0","1",",0","1","","20070915",",,0","20070930","+,,0","20070930","+,,0","","","20070911",",,0","20070906",",,0","1.1",",0,15,","0",",,0,30,+","0",",,0,30,+","23.1",",,0,11,","32.2",",0,06,","76.8","0","63.9",",0","45.9",",,,0","0",",,,0","17.92",",0","23.95",",,,0","11.89",",,,0"
"USC00471062","2007-10","43.05209","-88.17746","253.0","BROOKFIELD WWTP, WI US","","","19.8",",0","15",",0","7",",0","0",",0","0",",0","0",",0","0",",0","1",",0","0",",0","12",",0","0",",0","3","","20071028",",,0","20071031","+,,0","20071031","+,,0","","","20071016",",,0","20071008","+,,0","-1.7",",0,28,","0",",,0,31,+","0",",,0,31,+","19.8",",,0,16,","30.6",",0,08,+","247.8","0","171.0",",0","68.6",",,,0","0",",,,0","13.46",",0","18.66",",,,0","8.25",",,,0"
"USC00471062","2007-11","43.05209","-88.17746","253.0","BROOKFIELD WWTP, WI US","","","0.0",",0","5",",0","0",",0","0",",0","1",",0","1",",0","0",",0","23",",0","4",",0","0",",0","0",",0","","","20071129","+,,0","20071122",",,0","20071122",",,0","","","20071122","+,,0","20071113","+,,0","-9.4",",0,29,+","51",",,0,22,","38",",,0,22,","1.3",",,0,22,+","15.0",",0,13,+","725.5","0","477.7",",0","4.4",",,,0","41",",,,0","2.41",",0","7.16",",,,0","-2.34",",,,0"
"USC00471062","2007-12","43.05209","-88.17746","253.0","BROOKFIELD WWTP, WI US","","","0.0",",0","15",",0","9",",0","1",",0","25",",0","7",",0","1",",0","30",",0","23",",0","0",",0","0",",0","1","","20071206",",,0","20071217","+,,0","20071229",",,0","","","20071202",",,0","20071223",",,0","-18.3",",0,06,","254",",,0,17,+","147",",,0,29,","35.8",",,0,02,","7.2",",0,23,","1462.0","0","736.5",",0","99.7",",,,0","548",",,,0","-5.42",",0","-1.67",",,,0","-9.17",",,,0"
"USC00471062","2008-01","43.05209","-88.17746","253.0","BROOKFIELD WWTP, WI US","0.0","0","0.0","2,0","14",",0","6",",0","0",",0","","","3",",0","8","2,0","25","2,0","17",",0","0",",0","0",",0","","","20080124","+,2,0","","","20080122",",,0","","","20080109",",,0","20080108",",,0","-23.3","2,0,24,+","","","170",",,0,22,","10.4",",,0,09,","14.4",",0,08,","2171.1","0","709.1",",0","42.0",",,,0","277",",,,0","-6.45","2,0","-2.22",",,,0","-10.69","2,,,0"
"USC00471062","2008-02","43.05209","-88.17746","253.0","BROOKFIELD WWTP, WI US","0.0","0","0.0",",0","18",",0","7",",0","0",",0","27","2,0","8","1,0","8",",0","29",",0","23",",0","0",",0","0",",0","","","20080221",",,0","20080213",",2,0","20080207",",1,0","","","20080217",",,0","20080218",",,0","-22.8",",0,21,","305","2,,0,13,","203","1,,0,07,","17.5",",,0,17,","4.4",",0,18,","2937.8","0","766.7",",0","81.2",",,,0","670","1,,,0","-8.11",",0","-3.66",",,,0","-12.55",",,,0"
"USC00471062","2008-03","43.05209","-88.17746","253.0","BROOKFIELD WWTP, WI US","0.0","0","0.0",",0","11",",0","5",",0","0",",0","19",",0","2",",0","0",",0","29",",0","7",",0","0",",0","0",",0","","","20080308",",,0","20080322",",,0","20080322",",,0","","","20080322",",,0","20080303",",,0","-13.3",",0,08,","254",",,0,22,","234",",,0,22,","17.0",",,0,22,","11.7",",0,03,","3549.9","0","612.1",",0","61.4",",,,0","305",",,,0","-1.41",",0","2.96",",,,0","-5.79",",,,0"
"USC00471062","2008-04","43.05209","-88.17746","253.0","BROOKFIELD WWTP, WI US","0.0","0","0.0",",0","10",",0","9",",0","2",",0","0",",0","0",",0","0",",0","5",",0","0",",0","5",",0","0",",0","","","20080402",",,0","20080430","+,,0","20080413",",,0","","","20080411",",,0","20080426",",,0","-5.6",",0,02,","0",",,0,30,+","5",",,0,13,","35.6",",,0,11,","25.0",",0,26,","3849.0","0","299.1",",0","145.1",",,,0","5",",,,0","8.36",",0","13.30",",,,0","3.43",",,,0"
"USC00471062","2008-05","43.05209","-88.17746","253.0","BROOKFIELD WWTP, WI US","2.8","0","2.8",",0","10",",0","5",",0","0",",0","0",",0","0",",0","0",",0","2",",0","0",",0","8",",0","0",",0","","","20080519","+,,0","20080531","+,,0","20080531","+,,0","","","20080530",",,0","20080527","+,,0","0.0",",0,19,+","0",",,0,31,+","0",",,0,31,+","12.7",",,0,30,","26.7",",0,27,+","4056.4","0","207.4",",0","41.9",",,,0","0",",,,0","11.73",",0","17.89",",,,0","5.58",",,,0"
"USC00471062","2008-06","43.05209","-88.17746","253.0","BROOKFIELD WWTP, WI US","53.4","0","50.6",",0","15",",0","8",",0","4",",0","0",",0","0",",0","0",",0","0",",0","0",",0","26",",0","0",",0","","","20080602",",,0","20080630","+,,0","20080630","+,,0","","","20080608",",,0","20080608",",,0","8.3",",0,02,","0",",,0,30,+","0",",,0,30,+","143.8",",,0,08,","31.1",",0,08,","4082.5","0","26.1",",0","330.5",",,,0","0",",,,0","19.15",",0","24.62",",,,0","13.68",",,,0"
"USC00471062","2008-08","43.05209","-88.17746","253.0","BROOKFIELD WWTP, WI US","","","73.3",",0","8",",0","5",",0","0",",0","0","1,0","0",",0","0",",0","0",",0","0",",0","31",",0","0",",0","","","20080826",",,0","20080831","+,1,0","20080831","+,,0","","","20080804",",,0","20080802",",,0","8.9",",0,26,","0","1,,0,31,+","0",",,0,31,+","13.0",",,0,04,","30.6",",0,02,","","","8.1",",0","26.5",",,,0","0",",,,0","20.44",",0","26.43",",,,0","14.45",",,,0"
"USC00471062","2008-09","43.05209","-88.17746","253.0","BROOKFIELD WWTP, WI US","","","32.0",",0","9",",0","6",",0","1",",0","0",",0","0",",0","0",",0","0",",0","0",",0","21",",0","1",",0","","","20080910",",,0","20080930","+,,0","20080930","+,,0","","","20080905",",,0","20080903",",,0","5.0",",0,10,","0",",,0,30,+","0",",,0,30,+","39.4",",,0,05,","33.9",",0,03,","","","56.7",",0","97.1",",,,0","0",",,,0","17.51",",0","23.00",",,,0","12.02",",,,0"
"USC00471062","2008-10","43.05209","-88.17746","253.0","BROOKFIELD WWTP, WI US","","","2.5",",0","14",",0","6",",0","0",",0","0",",0","0",",0","0",",0","6",",0","0",",0","3",",0","0",",0","","","20081029",",,0","20081031","+,,0","20081031","+,,0","","","20081006",",,0","20081013",",,0","-2.2",",0,29,","0",",,0,31,+","0",",,0,31,+","18.3",",,0,06,","27.8",",0,13,","","","280.5",",0","56.9",",,,0","0",",,,0","9.36",",0","14.34",",,,0","4.39",",,,0"
"USC00471062","2008-11","43.05209","-88.17746","253.0","BROOKFIELD WWTP, WI US","","","0.0","1,0","10",",0","4",",0","0",",0","4",",0","1",",0","0","1,0","20","1,0","4","1,0","3","1,0","0","1,0","","","20081122",",1,0","20081125","+,,0","20081124",",,0","","","20081114",",,0","20081106","+,1,0","-10.6","1,0,22,","51",",,0,25,+","51",",,0,24,","8.4",",,0,14,","22.8","1,0,06,+","","","458.4","1,0","31.0",",,,0","54",",,,0","2.53","1,0","6.99","1,,,0","-1.93","1,,,0"
"USC00471062","2008-12","43.05209","-88.17746","253.0","BROOKFIELD WWTP, WI US","","","0.0",",0","22",",0","14",",0","1",",0","29",",0","13",",0","8",",0","31",",0","22",",0","0",",0","0",",0","","","20081222","+,,0","20081220","+,,0","20081219",",,0","","","20081228",",,0","20081228","+,,0","-22.2",",0,22,+","330",",,0,20,+","279",",,0,19,","26.2",",,0,28,","10.6",",0,28,+","","","806.0",",0","119.9",",,,0","1092",",,,0","-7.67",",0","-1.96",",,,0","-13.37",",,,0"
"USC00471062","2009-01","43.05209","-88.17746","253.0","BROOKFIELD WWTP, WI US","0.0","0","0.0",",0","12",",0","4",",0","0",",0","26","2,0","5","1,0","9",",0","31",",0","30",",0","0",",0","0",",0","","","20090117","+,,0","20090116","+,2,0","20090113",",1,0","","","20090104",",,0","20090104",",,0","-26.7",",0,17,+","152","2,,0,16,+","38","1,,0,13,","4.6",",,0,04,","0.6",",0,04,","","","909.1",",0","20.3",",,,0","198","1,,,0","-10.99",",0","-6.41",",,,0","-15.58",",,,0"
"USC00471062","2009-02","43.05209","-88.17746","253.0","BROOKFIELD WWTP, WI US","0.0","0","0.0",",0","10",",0","6",",0","0",",0","12","2,0","3","1,0","2",",0","26",",0","13",",0","0",",0","0",",0","","","20090204",",,0","20090223","+,2,0","20090222",",1,0","","","20090227",",,0","20090211",",,0","-19.4",",0,04,","152","2,,0,23,+","102","1,,0,22,","21.1",",,0,27,","13.9",",0,11,","","","635.2",",0","42.8",",,,0","231","1,,,0","-4.35",",0","0.68",",,,0","-9.38",",,,0"
"USC00471062","2009-03","43.05209","-88.17746","253.0","BROOKFIELD WWTP, WI US","0.0","0","0.0",",0","8",",0","5",",0","0",",0","3",",0","1",",0","0",",0","25",",0","7",",0","1",",0","0",",0","","","20090303",",,0","20090329",",,0","20090329",",,0","","","20090309",",,0","20090318",",,0","-14.4",",0,03,","51",",,0,29,","38",",,0,29,","20.1",",,0,09,","22.8",",0,18,","","","547.7",",0","89.8",",,,0","51",",,,0","0.67",",0","6.14",",,,0","-4.80",",,,0"
"USC00471062","2009-04","43.05209","-88.17746","253.0","BROOKFIELD WWTP, WI US","2.2","0","2.2",",0","12",",0","6",",0","3",",0","0",",0","0",",0","0",",0","13",",0","0",",0","4",",0","0",",0","","","20090412",",,0","20090430","+,,0","20090430","+,,0","","","20090426",",,0","20090425",",,0","-3.9",",0,12,","0",",,0,30,+","0",",,0,30,+","47.8",",,0,26,","28.9",",0,25,","","","355.4",",0","138.1",",,,0","0",",,,0","6.56",",0","11.95",",,,0","1.18",",,,0"
"USC00471062","2009-05","43.05209","-88.17746","253.0","BROOKFIELD WWTP, WI US","11.1","0","8.9",",0","12",",0","8",",0","0",",0","0",",0","0",",0","0",",0","0",",0","0",",0","9",",0","0",",0","","","20090517",",,0","20090531","+,,0","20090531","+,,0","","","20090514",",,0","20090521",",,0","2.8",",0,17,","0",",,0,31,+","0",",,0,31,+","23.4",",,0,14,","28.3",",0,21,","","","146.0",",0","80.0",",,,0","0",",,,0","13.91",",0","19.19",",,,0","8.62",",,,0"
"USC00471062","2009-06","43.05209","-88.17746","253.0","BROOKFIELD WWTP, WI US","74.9","0","63.8",",0","11",",0","5",",0","3",",0","0",",0","0",",0","0",",0","0",",0","0",",0","21",",0","2",",0","","","20090604",",,0","20090630","+,,0","20090630","+,,0","","","20090619",",,0","20090624",",,0","2.2",",0,04,","0",",,0,30,+","0",",,0,30,+","127.0",",,0,19,","33.9",",0,24,","","","59.8",",0","212.0",",,,0","0",",,,0","18.47",",0","23.96",",,,0","12.97",",,,0"
"USC00471062","2009-07","43.05209","-88.17746","253.0","BROOKFIELD WWTP, WI US","110.9","0","36.0",",0","9",",0","2",",0","0",",0","0",",0","0",",0","0",",0","0",",0","0",",0","26",",0","0",",0","","","20090709",",,0","20090731","+,,0","20090731","+,,0","","","20090715",",,0","20090728","+,,0","9.4",",0,09,","0",",,0,31,+","0",",,0,31,+","5.6",",,0,15,","28.3",",0,28,+","21.4","0","21.4",",0","16.4",",,,0","0",",,,0","18.80",",0","24.13",",,,0","13.48",",,,0"
"USC00471062","2009-08","43.05209","-88.17746","253.0","BROOKFIELD WWTP, WI US","186.6","0","75.7",",0","16",",0","8",",0","1",",0","0",",0","0",",0","0",",0","0",",0","0",",0","27",",0","0",",0","","","20090831",",,0","20090831","+,,0","20090831","+,,0","","","20090809",",,0","20090816","+,,0","4.4",",0,31,","0",",,0,31,+","0",",,0,31,+","31.5",",,0,09,","30.0",",0,16,+","44.2","0","22.8",",0","88.6",",,,0","0",",,,0","20.04",",0","25.25",",,,0","14.83",",,,0"
"USC00471062","2009-09","43.05209","-88.17746","253.0","BROOKFIELD WWTP, WI US","198.3","0","11.7",",0","5",",0","3",",0","0",",0","0",",0","0",",0","0",",0","0",",0","0",",0","23",",0","0",",0","","","20090930",",,0","20090930","+,,0","20090930","+,,0","","","20090928",",,0","20090915",",,0","1.7",",0,30,","0",",,0,30,+","0",",,0,30,+","21.6",",,0,28,","28.9",",0,15,","111.0","0","66.8",",0","51.1",",,,0","0",",,,0","16.50",",0","22.71",",,,0","10.29",",,,0"
"USC00471062","2009-10","43.05209","-88.17746","253.0","BROOKFIELD WWTP, WI US","198.3","0","0.0",",0","15",",0","11",",0","1",",0","0",",0","0",",0","0",",0","8",",0","0",",0","0",",0","0",",0","","","20091018","+,,0","20091031","+,,0","20091031","+,,0","","","20091023",",,0","20091022",",,0","-3.3",",0,18,+","0",",,0,31,+","0",",,0,31,+","29.2",",,0,23,","20.6",",0,22,","447.7","0","336.7",",0","118.1",",,,0","0",",,,0","7.47",",0","11.60",",,,0","3.35",",,,0"
"USC00471062","2009-11","43.05209","-88.17746","253.0","BROOKFIELD WWTP, WI US","198.3","0","0.0",",0","10",",0","3",",0","0",",0","0",",0","0",",0","0",",0","16",",0","0",",0","1",",0","0",",0","","","20091128","+,,0","20091130","+,,0","20091130","+,,0","","","20091125",",,0","20091109",",,0","-3.9",",0,28,+","0",",,0,30,+","0",",,0,30,+","20.8",",,0,25,","21.1",",0,09,","828.0","0","380.3",",0","47.4",",,,0","0",",,,0","5.66",",0","10.41",",,,0","0.90",",,,0"
"USC00471062","2009-12","43.05209","-88.17746","253.0","BROOKFIELD WWTP, WI US","198.3","0","0.0",",0","15",",0","5",",0","1",",0","25",",0","4",",0","2",",0","30",",0","20",",0","0",",0","0",",0","","","20091210",",,0","20091224",",,0","20091209",",,0","","","20091225",",,0","20091202",",,0","-19.4",",0,10,","203",",,0,24,","150",",,0,09,","33.0",",,0,25,","10.6",",0,02,","1540.9","0","712.9",",0","85.5",",,,0","423",",,,0","-4.66",",0","-1.15",",,,0","-8.18",",,,0"
"USC00471062","2010-01","43.05209","-88.17746","253.0","BROOKFIELD WWTP, WI US","0.0","0","0.0",",0","6",",0","4",",0","0",",0","24",",0","2",",0","5",",0","30",",0","25",",0","0",",0","0",",0","","","20100103",",,0","20100108",",,0","20100108",",,0","","","20100108",",,0","20100125",",,0","-19.4",",0,03,","330",",,0,08,","163",",,0,08,","9.1",",,0,08,","4.4",",0,25,","2335.1","0","794.2",",0","24.1",",,,0","206",",,,0","-7.29",",0","-3.98",",,,0","-10.59",",,,0"
"USC00471062","2010-02","43.05209","-88.17746","253.0","BROOKFIELD WWTP, WI US","0.0","0","0.0",",0","11",",0","3",",0","0",",0","24",",0","5",",0","0",",0","28",",0","20",",0","0",",0","0",",0","","","20100212",",,0","20100212","+,,0","20100210",",,0","","","20100210",",,0","20100220",",,0","-16.7",",0,12,","254",",,0,12,+","152",",,0,10,","9.9",",,0,10,","2.8",",0,20,","2987.4","0","652.3",",0","24.1",",,,0","330",",,,0","-4.96",",0","-1.35",",,,0","-8.58",",,,0"
"USC00471062","2010-03","43.05209","-88.17746","253.0","BROOKFIELD WWTP, WI US","0.0","0","0.0",",0","6",",0","3",",0","0",",0","8",",0","0",",0","0",",0","24",",0","0",",0","0",",0","0",",0","","","20100306","+,,0","20100301",",,0","20100331","+,,0","","","20100313",",,0","20100331","+,,0","-10.0",",0,06,+","152",",,0,01,","0",",,0,31,+","4.8",",,0,13,","17.2",",0,31,+","3455.8","0","468.4",",0","17.3",",,,0","0",",,,0","3.22",",0","8.96",",,,0","-2.51",",,,0"
"USC00471062","2010-04","43.05209","-88.17746","253.0","BROOKFIELD WWTP, WI US","4.5","0","4.5",",0","10",",0","6",",0","2",",0","0",",0","0",",0","0",",0","8",",0","0",",0","8",",0","0",",0","","","20100409",",,0","20100430","+,,0","20100430","+,,0","","","20100425",",,0","20100402",",,0","-3.9",",0,09,","0",",,0,30,+","0",",,0,30,+","42.2",",,0,25,","28.3",",0,02,","3693.1","0","237.3",",0","108.4",",,,0","0",",,,0","10.57",",0","16.31",",,,0","4.83",",,,0"
"USC00471062","2010-05","43.05209","-88.17746","253.0","BROOKFIELD WWTP, WI US","43.9","0","39.4",",0","14",",0","7",",0","1",",0","0",",0","0",",0","0",",0","2",",0","0",",0","16",",0","2",",0","","","20100510","+,,0","20100531","+,,0","20100531","+,,0","","","20100513",",,0","20100531","+,,0","-0.6",",0,10,+","0",",,0,31,+","0",",,0,31,+","29.0",",,0,13,","32.2",",0,31,+","3825.4","0","132.3",",0","94.6",",,,0","0",",,,0","15.34",",0","20.98",",,,0","9.70",",,,0"
"USC00471062","2010-06","43.05209","-88.17746","253.0","BROOKFIELD WWTP, WI US","109.5","0","65.6",",0","20",",0","12",",0","3",",0","0",",0","0",",0","0",",0","0",",0","0",",0","24",",0","0",",0","","","20100608",",,0","20100630","+,,0","20100630","+,,0","","","20100603",",,0","20100623","+,,0","10.0",",0,08,","0",",,0,30,+","0",",,0,30,+","47.0",",,0,03,","30.0",",0,23,+","3842.3","0","16.9",",0","223.9",",,,0","0",",,,0","19.96",",0","24.96",",,,0","14.95",",,,0"
"USC00471062","2010-07","43.05209","-88.17746","253.0","BROOKFIELD WWTP, WI US","274.1","0","164.6",",0","10",",0","7",",0","2",",0","0",",0","0",",0","0",",0","0",",0","0",",0","31",",0","0",",0","","","20100701",",,0","20100731","+,,0","20100731","+,,0","","","20100715",",,0","20100715",",,0","10.6",",0,01,","0",",,0,31,+","0",",,0,31,+","118.1",",,0,15,","31.7",",0,15,","1.6","0","1.6",",0","304.8",",,,0","0",",,,0","23.59",",0","28.50",",,,0","18.68",",,,0"
"USC00471062","2010-08","43.05209","-88.17746","253.0","BROOKFIELD WWTP, WI US","417.1","0","143.0",",0","8",",0","3",",0","1",",0","0",",0","0",",0","0",",0","0",",0","0",",0","31",",0","3",",0","","","20100826",",,0","20100831","+,,0","20100831","+,,0","","","20100809",",,0","20100821","+,,0","10.0",",0,26,","0",",,0,31,+","0",",,0,31,+","26.2",",,0,09,","32.8",",0,21,+","3.9","0","2.3",",0","50.2",",,,0","0",",,,0","22.87",",0","28.13",",,,0","17.62",",,,0"
"USC00471062","2010-09","43.05209","-88.17746","253.0","BROOKFIELD WWTP, WI US","438.2","0","21.1",",0","16",",0","7",",0","0",",0","0",",0","0",",0","0",",0","0",",0","0",",0","15",",0","0",",0","","","20100927",",,0","20100930","+,,0","20100930","+,,0","","","20100901",",,0","20100901",",,0","2.8",",0,27,","0",",,0,30,+","0",",,0,30,+","24.9",",,0,01,","30.6",",0,01,","101.5","0","97.6",",0","73.1",",,,0","0",",,,0","15.78",",0","20.95",",,,0","10.61",",,,0"
"USC00471062","2010-10","43.05209","-88.17746","253.0","BROOKFIELD WWTP, WI US","438.5","0","0.3",",0","6",",0","3",",0","0",",0","0",",0","0",",0","0",",0","7",",0","0",",0","9",",0","0",",0","","","20101022",",,0","20101031","+,,0","20101031","+,,0","","","20101024",",,0","20101011",",,0","-2.2",",0,22,","0",",,0,31,+","0",",,0,31,+","25.1",",,0,24,","28.3",",0,11,","325.2","0","223.7",",0","45.2",",,,0","0",",,,0","11.13",",0","17.96",",,,0","4.29",",,,0"
"USC00471062","2010-11","43.05209","-88.17746","253.0","BROOKFIELD WWTP, WI US","438.5","0","0.0",",0","11",",0","4",",0","0",",0","0",",0","0",",0","0",",0","22",",0","3",",0","0",",0","0",",0","","","20101127","+,,0","20101130","+,,0","20101130","+,,0","","","20101125",",,0","20101109",",,0","-8.9",",0,27,+","0",",,0,30,+","0",",,0,30,+","9.9",",,0,25,","19.4",",0,09,","765.8","0","440.6",",0","29.1",",,,0","0",",,,0","3.65",",0","8.87",",,,0","-1.58",",,,0"
"USC00471062","2010-12","43.05209","-88.17746","253.0","BROOKFIELD WWTP, WI US","438.5","0","0.0",",0","11",",0","4",",0","0",",0","27",",0","4",",0","3",",0","30",",0","25",",0","0",",0","0",",0","","","20101216","+,,0","20101222","+,,0","20101221","+,,0","","","20101212",",,0","20101231",",,0","-18.9",",0,16,+","127",",,0,22,+","46",",,0,21,+","23.9",",,0,12,","10.0",",0,31,","1530.9","0","765.1",",0","39.1",",,,0","179",",,,0","-6.35",",0","-2.68",",,,0","-10.02",",,,0"
"USC00471062","2011-01","43.05209","-88.17746","253.0","BROOKFIELD WWTP, WI US","0.0","7","0.0",",7","13",",7","2",",7","0",",7","25",",7","4",",7","5",",7","31",",7","28",",7","0",",7","0",",7","","","20110121",",,7","20110127","+,,7","20110118",",,7","","","20110118",",,7","20110101",",,7","-22.8",",7,21,","203",",,7,27,+","99",",,7,18,","13.2",",,7,18,","12.2",",7,01,","2335.4","7","804.5",",7","27.9",",,,7","302",",,,7","-7.62",",7","-3.61",",,,7","-11.63",",,,7"
"USC00471062","2011-02","43.05209","-88.17746","253.0","BROOKFIELD WWTP, WI US","0.0","7","0.0",",7","10",",7","5",",7","0",",7","23",",7","7",",7","4",",7","27",",7","19",",7","0",",7","0",",7","","","20110210",",,7","20110202",",,7","20110202",",,7","","","20110221",",,7","20110218",",,7","-23.9",",7,10,","457",",,7,02,","272",",,7,02,","23.1",",,7,21,","11.1",",7,18,","3006.8","7","671.4",",7","49.8",",,,7","651",",,,7","-5.64",",7","-1.70",",,,7","-9.59",",,,7"
"USC00471062","2011-03","43.05209","-88.17746","253.0","BROOKFIELD WWTP, WI US","0.0","7","0.0",",7","9",",7","4",",7","1",",7","13",",7","1",",7","0",",7","27",",7","8",",7","0",",7","0",",7","","","20110303",",,7","20110309",",,7","20110309",",,7","","","20110321",",,7","20110319","+,,7","-10.6",",7,03,","127",",,7,09,","84",",,7,09,","30.2",",,7,21,","16.7",",7,19,+","3590.4","7","583.6",",7","69.9",",,,7","105",",,,7","-0.49",",7","3.99",",,,7","-4.98",",,,7"
"USC00471062","2011-04","43.05209","-88.17746","253.0","BROOKFIELD WWTP, WI US","0.3","7","0.3",",7","19",",7","8",",7","1",",7","1",",7","0",",7","0",",7","9",",7","0",",7","1",",7","0",",7","","","20110401",",,7","20110418",",,7","20110418",",,7","","","20110426",",,7","20110411",",,7","-5.6",",7,01,","25",",,7,18,","13",",,7,18,","25.7",",,7,26,","27.2",",7,11,","3953.3","7","362.9",",7","103.7",",,,7","13",",,,7","6.25",",7","10.65",",,,7","1.84",",,,7"
"USC00471062","2011-05","43.05209","-88.17746","253.0","BROOKFIELD WWTP, WI US","14.5","7","14.2",",7","14",",7","7",",7","0",",7","","","","","0",",7","0",",7","0",",7","7",",7","0",",7","","","20110504",",,7","","","","","","","20110523",",,7","20110531",",,7","1.1",",7,04,","","","","","16.5",",,7,23,","31.7",",7,31,","4146.0","7","192.7",",7","60.4",",,,7","","","12.57",",7","17.46",",,,7","7.69",",,,7"
"USC00471062","2011-06","43.05209","-88.17746","253.0","BROOKFIELD WWTP, WI US","64.3","7","49.8",",7","12",",7","8",",7","2",",7","","","","","0",",7","0",",7","0",",7","22",",7","2",",7","","","20110613",",,7","","","","","","","20110622",",,7","20110608",",,7","7.2",",7,13,","","","","","45.2",",,7,22,","35.6",",7,08,","4193.9","7","47.9",",7","150.7",",,,7","","","18.40",",7","23.68",",,,7","13.11",",,,7"
"USC00471062","2011-07","43.05209","-88.17746","253.0","BROOKFIELD WWTP, WI US","239.1","7","174.8",",7","10",",7","6",",7","0",",7","","","","","0",",7","0",",7","0",",7","31",",7","4",",7","","","20110708",",,7","","","","","","","20110728",",,7","20110721",",,7","12.2",",7,08,","","","","","24.6",",,7,28,","36.1",",7,21,","0.8","7","0.8",",7","80.5",",,,7","","","23.94",",7","29.46",",,,7","18.43",",,,7"
"USC00471062","2011-08","43.05209","-88.17746","253.0","BROOKFIELD WWTP, WI US","340.1","7","101.0",",7","9",",7","6",",7","0",",7","","","","","0",",7","0",",7","0",",7","31",",7","1",",7","","","20110829",",,7","","","","","","","20110807",",,7","20110803",",,7","9.4",",7,29,","","","","","8.9",",,7,07,","32.8",",7,03,","4.4","7","3.6",",7","35.4",",,,7","","","21.47",",7","27.19",",,,7","15.76",",,,7"
"USC00471062","2011-09","43.05209","-88.17746","253.0","BROOKFIELD WWTP, WI US","368.1","7","28.0",",7","12",",7","9",",7","1",",7","","","","","0",",7","0",",7","0",",7","11",",7","1",",7","","","20110915",",,7","","","","","","","20110926",",,7","20110902",",,7","1.7",",7,15,","","","","","30.5",",,7,26,","33.3",",7,02,","129.4","7","125.0",",7","122.4",",,,7","","","15.10",",7","20.40",",,,7","9.80",",,,7"
"USC00471062","2011-10","43.05209","-88.17746","253.0","BROOKFIELD WWTP, WI US","370.8","7","2.7",",7","11",",7","4",",7","0",",7","0",",7","0",",7","0",",7","5",",7","0",",7","9",",7","0",",7","","","20111030",",,7","20111031","+,,7","20111031","+,,7","","","20111014",",,7","20111009","+,,7","-3.3",",7,30,","0",",,7,31,+","0",",,7,31,+","12.7",",,7,14,","27.2",",7,09,+","365.2","7","235.8",",7","36.7",",,,7","0",",,,7","10.82",",7","17.01",",,,7","4.62",",,,7"
"USC00471062","2011-11","43.05209","-88.17746","253.0","BROOKFIELD WWTP, WI US","370.8","7","0.0",",7","7",",7","4",",7","0",",7","0",",7","0",",7","0",",7","17",",7","0",",7","0",",7","0",",7","","","20111130","+,,7","20111130","+,,7","20111130","+,,7","","","20111127","+,,7","20111114",",,7","-6.1",",7,30,+","0",",,7,30,+","0",",,7,30,+","20.3",",,7,27,+","17.8",",7,14,","790.1","7","424.9",",7","65.3",",,,7","0",",,,7","4.17",",7","8.50",",,,7","-0.16",",,,7"
"USC00471062","2011-12","43.05209","-88.17746","253.0","BROOKFIELD WWTP, WI US","370.8","7","0.0",",7","13",",7","5",",7","1",",7","0",",7","0",",7","0",",7","29",",7","8",",7","0",",7","0",",7","","","20111210",",,7","20111231","+,,7","20111231","+,,7","","","20111231",",,7","20111215",",,7","-13.3",",7,10,","0",",,7,31,+","0",",,7,31,+","25.4",",,7,31,","11.7",",7,15,","1389.5","7","599.4",",7","63.6",",,,7","0",",,,7","-1.00",",7","3.16",",,,7","-5.16",",,,7"
"USC00471062","2012-01","43.05209","-88.17746","253.0","BROOKFIELD WWTP, WI US","0.0","7","0.0",",7","11",",7","5",",7","0",",7","21",",7","4",",7","3",",7","31",",7","14",",7","0",",7","0",",7","","","20120120",",,7","20120114","+,,7","20120113",",,7","","","20120102",",,7","20120112",",,7","-20.0",",7,20,","152",",,7,14,+","119",",,7,13,","18.5",",,7,02,","12.8",",7,12,","2088.2","7","698.7",",7","47.3",",,,7","292",",,,7","-4.20",",7","0.44",",,,7","-8.85",",,,7"
"USC00471062","2012-02","43.05209","-88.17746","253.0","BROOKFIELD WWTP, WI US","0.0","7","0.0",",7","8",",7","3",",7","0",",7","9",",7","5",",7","0",",7","27",",7","7",",7","0",",7","0",",7","","","20120211",",,7","20120224",",,7","20120224",",,7","","","20120229",",,7","20120201",",,7","-15.6",",7,11,","152",",,7,24,","140",",,7,24,","9.9",",,7,29,","11.1",",7,01,","2667.1","7","578.9",",7","23.2",",,,7","307",",,,7","-1.63",",7","2.71",",,,7","-5.96",",,,7"
"USC00471062","2012-03","43.05209","-88.17746","253.0","BROOKFIELD WWTP, WI US","10.3","7","10.3",",7","12",",7","7",",7","0",",7","3","2,7","0","1,7","0",",7","11",",7","1",",7","10",",7","0",",7","","","20120305",",,7","20120304",",2,7","20120331","+,1,7","","","20120324",",,7","20120322",",,7","-12.8",",7,05,","127","2,,7,04,","0","1,,7,31,+","16.0",",,7,24,","28.3",",7,22,","2972.1","7","305.0",",7","78.4",",,,7","0","1,,,7","8.83",",7","14.39",",,,7","3.26",",,,7"
"USC00471062","2012-04","43.05209","-88.17746","253.0","BROOKFIELD WWTP, WI US","10.3","7","0.0",",7","9",",7","6",",7","0",",7","0",",7","0",",7","0",",7","14",",7","0",",7","2",",7","0",",7","","","20120427","+,,7","20120430","+,,7","20120430","+,,7","","","20120420",",,7","20120416",",,7","-2.8",",7,27,+","0",",,7,30,+","0",",,7,30,+","21.3",",,7,20,","23.3",",7,16,","3309.3","7","337.2",",7","58.0",",,,7","0",",,,7","7.09",",7","12.33",",,,7","1.85",",,,7"
"USC00471062","2012-05","43.05209","-88.17746","253.0","BROOKFIELD WWTP, WI US","42.0","7","31.7",",7","12",",7","9",",7","1",",7","","","","","0",",7","0",",7","0",",7","17",",7","1",",7","","","20120510",",,7","","","","","","","20120507",",,7","20120528",",,7","3.3",",7,10,","","","","","38.9",",,7,07,","33.3",",7,28,","3407.9","7","98.6",",7","107.6",",,,7","","","16.18",",7","22.31",",,,7","10.04",",,,7"
"USC00471062","2012-06","43.05209","-88.17746","253.0","BROOKFIELD WWTP, WI US","152.0","7","110.0",",7","4",",7","2",",7","0",",7","","","","","0",",7","0",",7","0",",7","26",",7","7",",7","","","20120607","+,,7","","","","","","","20120617",",,7","20120629",",,7","7.2",",7,07,+","","","","","14.7",",,7,17,","34.4",",7,29,","3446.4","7","38.5",",7","18.8",",,,7","","","20.71",",7","26.95",",,,7","14.48",",,,7"
"USC00471062","2012-07","43.05209","-88.17746","253.0","BROOKFIELD WWTP, WI US","378.8","7","226.8",",7","9",",7","7",",7","0",",7","","","","","0",",7","0",",7","0",",7","31",",7","16",",7","","","20120711",",,7","","","","","","","20120719",",,7","20120706",",,7","12.2",",7,11,","","","","","19.1",",,7,19,","38.9",",7,06,","0.0","7","0.0",",7","66.8",",,,7","","","25.65",",7","31.85",",,,7","19.45",",,,7"
"USC00471062","2012-08","43.05209","-88.17746","253.0","BROOKFIELD WWTP, WI US","483.0","7","104.2",",7","9",",7","5",",7","0",",7","","","","","0",",7","0",",7","0",",7","30",",7","3",",7","","","20120818",",,7","","","","","","","20120827",",,7","20120826",",,7","8.3",",7,18,","","","","","19.8",",,7,27,","33.3",",7,26,","14.4","7","14.4",",7","60.1",",,,7","","","21.23",",7","26.92",",,,7","15.54",",,,7"
"USC00471062","2012-09","43.05209","-88.17746","253.0","BROOKFIELD WWTP, WI US","520.5","7","37.5",",7","9",",7","6",",7","0",",7","","","","","0",",7","0",",7","0",",7","18",",7","1",",7","","","20120924","+,,7","","","","","","","20120905",",,7","20120901",",,7","0.6",",7,24,+","","","","","11.2",",,7,05,","32.2",",7,01,","129.3","7","114.9",",7","36.5",",,,7","","","15.75",",7","22.57",",,,7","8.93",",,,7"
"USC00471062","2012-10","43.05209","-88.17746","253.0","BROOKFIELD WWTP, WI US","521.9","7","1.4",",7","12",",7","8",",7","1",",7","0",",7","0",",7","0",",7","6",",7","0",",7","4",",7","0",",7","","","20121027",",,7","20121031","+,,7","20121031","+,,7","","","20121023",",,7","20121025",",,7","-3.9",",7,27,","0",",,7,31,+","0",",,7,31,+","31.0",",,7,23,","24.4",",7,25,","426.0","7","296.7",",7","126.3",",,,7","0",",,,7","8.81",",7","14.50",",,,7","3.11",",,,7"
"USC00471062","2012-11","43.05209","-88.17746","253.0","BROOKFIELD WWTP, WI US","521.9","7","0.0",",7","5",",7","2",",7","0",",7","0",",7","0",",7","0",",7","24",",7","5",",7","0",",7","0",",7","","","20121127",",,7","20121130","+,,7","20121130","+,,7","","","20121112",",,7","20121112","+,,7","-11.1",",7,27,","0",",,7,30,+","0",",,7,30,+","11.2",",,7,12,","18.3",",7,12,+","894.7","7","468.7",",7","16.5",",,,7","0",",,,7","2.71",",7","7.62",",,,7","-2.21",",,,7"
"USC00471062","2012-12","43.05209","-88.17746","253.0","BROOKFIELD WWTP, WI US","521.9","7","0.0",",7","14",",7","6",",7","1",",7","13",",7","3",",7","0",",7","26",",7","14",",7","0",",7","0",",7","","","20121230",",,7","20121230",",,7","20121221",",,7","","","20121221",",,7","20121204",",,7","-13.3",",7,30,","102",",,7,30,","58",",,7,21,","28.4",",,7,21,","17.8",",7,04,","1479.7","7","585.0",",7","86.9",",,,7","165",",,,7","-0.54",",7","2.96",",,,7","-4.04",",,,7"
"USC00471062","2013-01","43.05209","-88.17746","253.0","BROOKFIELD WWTP, WI US","0.0","7","0.0",",7","10",",7","6",",7","0",",7","12",",7","2",",7","3",",7","30",",7","18",",7","0",",7","0",",7","","","20130123","+,,7","20130101",",,7","20130131",",,7","","","20130130",",,7","20130130",",,7","-21.7",",7,23,+","76",",,7,01,","51",",,7,31,","19.8",",,7,30,","15.0",",7,30,","2230.0","7","750.3",",7","65.6",",,,7","97",",,,7","-5.87",",7","-1.04",",,,7","-10.70",",,,7"
"USC00471062","2013-02","43.05209","-88.17746","253.0","BROOKFIELD WWTP, WI US","0.0","7","0.0",",7","15",",7","6",",7","0",",7","27",",7","7",",7","2",",7","28",",7","20",",7","0",",7","0",",7","","","20130202","+,,7","20130228","+,,7","20130227","+,,7","","","20130219",",,7","20130219",",,7","-19.4",",7,02,+","229",",,7,28,+","127",",,7,27,+","15.5",",,7,19,","8.3",",7,19,","2936.4","7","706.4",",7","66.1",",,,7","471",",,,7","-6.90",",7","-2.59",",,,7","-11.20",",,,7"
"USC00471062","2013-03","43.05209","-88.17746","253.0","BROOKFIELD WWTP, WI US","0.0","7","0.0",",7","9",",7","4",",7","0",",7","26",",7","2",",7","0",",7","29",",7","15",",7","0",",7","0",",7","","","20130303",",,7","20130307","+,,7","20130306",",,7","","","20130311",",,7","20130331",",,7","-16.1",",7,03,","279",",,7,07,+","191",",,7,06,","16.8",",,7,11,","12.8",",7,31,","3592.8","7","656.4",",7","34.8",",,,7","245",",,,7","-2.84",",7","1.22",",,,7","-6.90",",,,7"
"USC00471062","2013-04","43.05209","-88.17746","253.0","BROOKFIELD WWTP, WI US","0.0","7","0.0",",7","17",",7","9",",7","2",",7","1",",7","0",",7","0",",7","12",",7","0",",7","1",",7","0",",7","","","20130403",",,7","20130414",",,7","20130414",",,7","","","20130410",",,7","20130430",",,7","-6.7",",7,03,","25",",,7,14,","10",",,7,14,","47.2",",,7,10,","21.7",",7,30,","3972.6","7","379.8",",7","182.7",",,,7","10",",,,7","5.67",",7","10.21",",,,7","1.13",",,,7"
"USC00471062","2013-05","43.05209","-88.17746","253.0","BROOKFIELD WWTP, WI US","25.6","7","25.6",",7","14",",7","10",",7","3",",7","","","","","0",",7","1",",7","0",",7","16",",7","0",",7","","","20130513",",,7","","","","","","","20130503",",,7","20130501",",,7","-1.1",",7,13,","","","","","36.1",",,7,03,","30.0",",7,01,","4127.8","7","155.2",",7","166.1",",,,7","","","14.15",",7","20.11",",,,7","8.19",",,,7"
"USC00471062","2013-06","43.05209","-88.17746","253.0","BROOKFIELD WWTP, WI US","79.3","7","53.7",",7","13",",7","10",",7","4",",7","","","","","0",",7","0",",7","0",",7","23",",7","0",",7","","","20130603",",,7","","","","","","","20130622",",,7","20130624",",,7","5.6",",7,03,","","","","","51.6",",,7,22,","30.6",",7,24,","4170.1","7","42.3",",7","206.9",",,,7","","","18.72",",7","23.63",",,,7","13.80",",,,7"
"USC00471062","2013-07","43.05209","-88.17746","253.0","BROOKFIELD WWTP, WI US","190.0","7","110.7",",7","8",",7","5",",7","0",",7","","","","","0",",7","0",",7","0",",7","28",",7","4",",7","","","20130728","+,,7","","","","","","","20130727",",,7","20130719","+,,7","10.6",",7,28,+","","","","","18.8",",,7,27,","33.3",",7,19,+","16.5","7","16.5",",7","59.3",",,,7","","","21.37",",7","26.45",",,,7","16.30",",,,7"
"USC00471062","2013-08","43.05209","-88.17746","253.0","BROOKFIELD WWTP, WI US","267.4","7","77.4",",7","6",",7","4",",7","1",",7","","","","","0",",7","0",",7","0",",7","30",",7","2",",7","","","20130814",",,7","","","","","","","20130823",",,7","20130831","+,,7","8.3",",7,14,","","","","","35.3",",,7,23,","33.3",",7,31,+","26.0","7","9.5",",7","52.8",",,,7","","","20.52",",7","26.36",",,,7","14.68",",,,7"
"USC00471062","2013-09","43.05209","-88.17746","253.0","BROOKFIELD WWTP, WI US","304.8","7","37.4",",7","8",",7","8",",7","0",",7","","","","","0",",7","0",",7","0",",7","17",",7","1",",7","","","20130923",",,7","","","","","","","20130920",",,7","20130911",",,7","3.3",",7,23,","","","","","18.5",",,7,20,","33.3",",7,11,","119.5","7","93.5",",7","65.8",",,,7","","","16.46",",7","22.60",",,,7","10.32",",,,7"
"USC00471062","2013-10","43.05209","-88.17746","253.0","BROOKFIELD WWTP, WI US","306.5","7","1.7",",7","11",",7","6",",7","1",",7","","","","","0",",7","9",",7","0",",7","9",",7","0",",7","","","20131025",",,7","","","","","","","20131006",",,7","20131002",",,7","-2.8",",7,25,","","","","","35.6",",,7,06,","26.1",",7,02,","394.0","7","274.5",",7","63.8",",,,7","","","9.53",",7","14.95",",,,7","4.11",",,,7"
"USC00471062","2013-11","43.05209","-88.17746","253.0","BROOKFIELD WWTP, WI US","306.5","7","0.0",",7","13",",7","6",",7","1",",7","6",",7","2",",7","0",",7","19",",7","8",",7","0",",7","0",",7","","","20131129",",,7","20131129","+,,7","20131126","+,,7","","","20131118",",,7","20131118",",,7","-13.9",",7,29,","51",",,7,29,+","25",",,7,26,+","31.2",",,7,18,","17.2",",7,18,","905.7","7","511.7",",7","79.8",",,,7","61",",,,7","1.28",",7","5.75",",,,7","-3.20",",,,7"
"USC00471062","2013-12","43.05209","-88.17746","253.0","BROOKFIELD WWTP, WI US","306.5","7","0.0",",7","17",",7","6",",7","0",",7","23",",7","7",",7","8",",7","30",",7","23",",7","0",",7","0",",7","","","20131231","+,,7","20131227","+,,7","20131222",",,7","","","20131222",",,7","20131205",",,7","-22.8",",7,31,+","203",",,7,27,+","102",",,7,22,","8.4",",,7,22,","10.6",",7,05,","1708.9","7","803.2",",7","39.8",",,,7","427",",,,7","-7.58",",7","-2.88",",,,7","-12.27",",,,7"
"USC00471062","2014-01","43.05209","-88.17746","253.0","BROOKFIELD WWTP, WI US","0.0","7","0.0",",7","16",",7","3",",7","0",",7","31",",7","5",",7","16",",7","31",",7","27",",7","0",",7","0",",7","","","20140107",",,7","20140102",",,7","20140126",",,7","","","20140111",",,7","20140113",",,7","-27.2",",7,07,","203",",,7,02,","102",",,7,26,","10.7",",,7,11,","5.0",",7,13,","2658.6","7","949.7",",7","26.3",",,,7","360",",,,7","-12.30",",7","-7.40",",,,7","-17.21",",,,7"
"USC00471062","2014-02","43.05209","-88.17746","253.0","BROOKFIELD WWTP, WI US","0.0","7","0.0",",7","12",",7","4",",7","0",",7","26","2,7","3","1,7","13",",7","28",",7","25",",7","0",",7","0",",7","","","20140228",",,7","20140218",",2,7","20140218",",1,7","","","20140218",",,7","20140220","+,,7","-23.9",",7,28,","254","2,,7,18,","102","1,,7,18,","10.9",",,7,18,","7.8",",7,20,+","3478.9","7","820.3",",7","33.1",",,,7","255","1,,,7","-10.96",",7","-6.11",",,,7","-15.81",",,,7"
"USC00471062","2014-03","43.05209","-88.17746","253.0","BROOKFIELD WWTP, WI US","0.0","7","0.0",",7","9",",7","2",",7","0",",7","13",",7","2",",7","3",",7","29",",7","13",",7","0",",7","0",",7","","","20140303",",,7","20140306","+,,7","20140304",",,7","","","20140328",",,7","20140331",",,7","-22.8",",7,03,","229",",,7,06,+","74",",,7,04,","18.0",",,7,28,","13.3",",7,31,","4165.8","7","686.9",",7","31.0",",,,7","148",",,,7","-3.82",",7","1.13",",,,7","-8.78",",,,7"
"USC00471062","2014-04","43.05209","-88.17746","253.0","BROOKFIELD WWTP, WI US","0.0","7","0.0",",7","15",",7","7",",7","1",",7","0",",7","0",",7","0",",7","12",",7","0",",7","2",",7","0",",7","","","20140415","+,,7","20140430","+,,7","20140430","+,,7","","","20140414",",,7","20140421",",,7","-6.1",",7,15,+","0",",,7,30,+","0",",,7,30,+","40.9",",,7,14,","25.0",",7,21,","4529.7","7","363.9",",7","97.4",",,,7","0",",,,7","6.20",",7","11.61",",,,7","0.79",",,,7"
"USC00471062","2014-05","43.05209","-88.17746","253.0","BROOKFIELD WWTP, WI US","17.9","7","17.9",",7","13",",7","5",",7","1",",7","","","","","0",",7","0",",7","0",",7","14",",7","0",",7","","","20140516",",,7","","","","","","","20140513",",,7","20140509",",,7","2.2",",7,16,","","","","","86.4",",,7,13,","29.4",",7,09,","4688.4","7","158.7",",7","127.4",",,,7","","","13.79",",7","19.33",",,,7","8.25",",,,7"
"USC00471062","2014-06","43.05209","-88.17746","253.0","BROOKFIELD WWTP, WI US","77.6","7","59.7",",7","15",",7","12",",7","3",",7","","","","","0",",7","0",",7","0",",7","26",",7","0",",7","","","20140614",",,7","","","","","","","20140618",",,7","20140617","+,,7","7.8",",7,14,","","","","","35.1",",,7,18,","30.0",",7,17,+","4709.5","7","21.1",",7","173.0",",,,7","","","19.62",",7","24.89",",,,7","14.35",",,,7"
"USC00471062","2014-07","43.05209","-88.17746","253.0","BROOKFIELD WWTP, WI US","132.0","7","54.4",",7","11",",7","6",",7","1",",7","","","","","0",",7","0",",7","0",",7","28",",7","0",",7","","","20140724","+,,7","","","","","","","20140701",",,7","20140723",",,7","10.0",",7,24,+","","","","","25.4",",,7,01,","30.6",",7,23,","15.3","7","15.3",",7","73.8",",,,7","","","19.59",",7","24.75",",,,7","14.44",",,,7"
"USC00471062","2014-08","43.05209","-88.17746","253.0","BROOKFIELD WWTP, WI US","210.1","7","78.1",",7","13",",7","11",",7","1",",7","","","","","0",",7","0",",7","0",",7","31",",7","0",",7","","","20140816","+,,7","","","","","","","20140805",",,7","20140823",",,7","8.9",",7,16,+","","","","","53.6",",,7,05,","30.0",",7,23,","23.7","7","8.4",",7","156.8",",,,7","","","20.58",",7","25.73",",,,7","15.43",",,,7"
"USC00471062","2014-09","43.05209","-88.17746","253.0","BROOKFIELD WWTP, WI US","231.5","7","21.4",",7","12",",7","5",",7","0",",7","","","","","0",",7","0",",7","0",",7","20",",7","0",",7","","","20140922",",,7","","","","","","","20140921",",,7","20140901",",,7","2.8",",7,22,","","","","","7.6",",,7,21,","28.3",",7,01,","122.0","7","98.3",",7","32.0",",,,7","","","15.77",",7","21.78",",,,7","9.76",",,,7"
"USC00471062","2014-10","43.05209","-88.17746","253.0","BROOKFIELD WWTP, WI US","231.5","7","0.0",",7","16",",7","5",",7","0",",7","0",",7","0",",7","0",",7","8",",7","0",",7","2",",7","0",",7","","","20141022",",,7","20141031","+,,7","20141031",",,7","","","20141014",",,7","20141028",",,7","-2.2",",7,22,","0",",,7,31,+","10",",,7,31,","23.1",",,7,14,","23.9",",7,28,","405.0","7","283.0",",7","68.0",",,,7","10",",,,7","9.20",",7","14.42",",,,7","3.98",",,,7"
"USC00471062","2014-11","43.05209","-88.17746","253.0","BROOKFIELD WWTP, WI US","231.5","7","0.0",",7","15",",7","4",",7","0",",7","9",",7","2",",7","0",",7","23",",7","13",",7","0",",7","0",",7","","","20141121",",,7","20141128","+,,7","20141125",",,7","","","20141124",",,7","20141105","+,,7","-15.0",",7,21,","51",",,7,28,+","58",",,7,25,","18.8",",,7,24,","15.6",",7,05,+","996.0","7","591.0",",7","47.2",",,,7","119",",,,7","-1.37",",7","2.68",",,,7","-5.42",",,,7"
"USC00471062","2014-12","43.05209","-88.17746","253.0","BROOKFIELD WWTP, WI US","231.5","7","0.0",",7","7",",7","4",",7","0",",7","1",",7","0",",7","1",",7","27",",7","10",",7","0",",7","0",",7","","","20141231",",,7","20141203",",,7","20141203",",,7","","","20141223",",,7","20141228",",,7","-18.3",",7,31,","25",",,7,03,","13",",,7,03,","15.2",",,7,23,","8.9",",7,28,","1611.7","7","615.7",",7","32.0",",,,7","13",",,,7","-1.53",",7","1.83",",,,7","-4.88",",,,7"
"USC00471062","2015-01","43.05209","-88.17746","253.0","BROOKFIELD WWTP, WI US","0.0","7","0.0",",7","10",",7","4",",7","0",",7","18",",7","4",",7","9",",7","30",",7","22",",7","0",",7","0",",7","","","20150108","+,,7","20150114","+,,7","20150104",",,7","","","20150104",",,7","20150118",",,7","-23.3",",7,08,+","178",",,7,14,+","71",",,7,04,","6.6",",,7,04,","5.0",",7,18,","2410.1","7","798.4",",7","23.5",",,,7","259",",,,7","-7.42",",7","-3.64",",,,7","-11.21",",,,7"
"USC00471062","2015-02","43.05209","-88.17746","253.0","BROOKFIELD WWTP, WI US","0.0","7","0.0",",7","7",",7","3",",7","0",",7","28",",7","3",",7","12",",7","28",",7","25",",7","0",",7","0",",7","","","20150220","+,,7","20150205","+,,7","20150202",",,7","","","20150201",",,7","20150208",",,7","-23.9",",7,20,+","203",",,7,05,+","140",",,7,02,","5.8",",,7,01,","5.0",",7,08,","3237.2","7","827.1",",7","13.2",",,,7","234",",,,7","-11.21",",7","-6.56",",,,7","-15.85",",,,7"
"USC00471062","2015-03","43.05209","-88.17746","253.0","BROOKFIELD WWTP, WI US","0.0","7","0.0",",7","7",",7","2",",7","0",",7","9",",7","1",",7","3",",7","27",",7","9",",7","0",",7","0",",7","","","20150305",",,7","20150307","+,,7","20150303",",,7","","","20150325",",,7","20150317",",,7","-19.4",",7,05,","127",",,7,07,+","38",",,7,03,","9.9",",,7,25,","20.0",",7,17,","3811.4","7","574.2",",7","18.4",",,,7","56",",,,7","-0.19",",7","5.73",",,,7","-6.11",",,,7"
"USC00471062","2015-04","43.05209","-88.17746","253.0","BROOKFIELD WWTP, WI US","0.0","7","0.0",",7","13",",7","6",",7","2",",7","0",",7","0",",7","0",",7","11",",7","0",",7","2",",7","0",",7","","","20150425","+,,7","20150430","+,,7","20150430","+,,7","","","20150410","+,,7","20150418",",,7","-3.3",",7,25,+","0",",,7,30,+","0",",,7,30,+","34.8",",,7,10,+","23.9",",7,18,","4136.7","7","325.3",",7","120.3",",,,7","0",",,,7","7.49",",7","13.26",",,,7","1.72",",,,7"
"USC00471062","2015-05","43.05209","-88.17746","253.0","BROOKFIELD WWTP, WI US","14.5","7","14.5",",7","16",",7","9",",7","0",",7","","","","","0",",7","0",",7","0",",7","17",",7","0",",7","","","20150513","+,,7","","","","","","","20150530",",,7","20150508",",,7","0.6",",7,13,+","","","","","22.1",",,7,30,","28.3",",7,08,","4276.3","7","139.6",",7","75.7",",,,7","","","14.30",",7","20.31",",,,7","8.29",",,,7"
"USC00471062","2015-06","43.05209","-88.17746","253.0","BROOKFIELD WWTP, WI US","53.0","7","38.5",",7","11",",7","7",",7","1",",7","","","","","0",",7","0",",7","0",",7","22",",7","0",",7","","","20150602",",,7","","","","","","","20150612",",,7","20150612","+,,7","2.8",",7,02,","","","","","32.3",",,7,12,","30.0",",7,12,+","4320.6","7","44.3",",7","72.4",",,,7","","","18.14",",7","24.03",",,,7","12.25",",,,7"
"USC00471062","2015-07","43.05209","-88.17746","253.0","BROOKFIELD WWTP, WI US","140.8","7","87.8",",7","6",",7","5",",7","0",",7","","","","","0",",7","0",",7","0",",7","27",",7","0",",7","","","20150702",",,7","","","","","","","20150717",",,7","20150729","+,,7","7.2",",7,02,","","","","","16.5",",,7,17,","31.1",",7,29,+","19.0","7","19.0",",7","61.2",",,,7","","","20.55",",7","26.29",",,,7","14.82",",,,7"
"USC00471062","2015-08","43.05209","-88.17746","253.0","BROOKFIELD WWTP, WI US","218.9","7","78.1",",7","11",",7","7",",7","1",",7","","","","","0",",7","0",",7","0",",7","26",",7","2",",7","","","20150828","+,,7","","","","","","","20150829",",,7","20150815","+,,7","8.9",",7,28,+","","","","","34.5",",,7,29,","32.2",",7,15,+","40.2","7","21.2",",7","105.9",",,,7","","","20.17",",7","25.13",",,,7","15.21",",,,7"
"USC00471062","2015-09","43.05209","-88.17746","253.0","BROOKFIELD WWTP, WI US","289.6","7","70.7",",7","8",",7","6",",7","1",",7","","","","","0",",7","0",",7","0",",7","27",",7","1",",7","","","20150930",",,7","","","","","","","20150918",",,7","20150907",",,7","5.6",",7,30,","","","","","40.6",",,7,18,","32.2",",7,07,","78.3","7","38.1",",7","110.2",",,,7","","","19.42",",7","24.90",",,,7","13.94",",,,7"
"USC00471062","2015-10","43.05209","-88.17746","253.0","BROOKFIELD WWTP, WI US","290.2","7","0.6",",7","10",",7","5",",7","0",",7","0",",7","0",",7","0",",7","3",",7","0",",7","6",",7","0",",7","","","20151018",",,7","20151031","+,,7","20151031","+,,7","","","20151028",",,7","20151012",",,7","-3.3",",7,18,","0",",,7,31,+","0",",,7,31,+","11.7",",,7,28,","25.6",",7,12,","308.1","7","229.8",",7","40.6",",,,7","0",",,,7","10.94",",7","16.09",",,,7","5.78",",,,7"
"USC00471062","2015-11","43.05209","-88.17746","253.0","BROOKFIELD WWTP, WI US","290.2","7","0.0",",7","11",",7","8",",7","2",",7","4",",7","2",",7","0",",7","17",",7","2",",7","4",",7","0",",7","","","20151122",",,7","20151122",",,7","20151121",",,7","","","20151127",",,7","20151104",",,7","-11.1",",7,22,","127",",,7,22,","76",",,7,21,","48.3",",,7,27,","24.4",",7,04,","686.0","7","377.9",",7","125.3",",,,7","127",",,,7","5.74",",7","11.09",",,,7","0.38",",,,7"
"USC00471062","2015-12","43.05209","-88.17746","253.0","BROOKFIELD WWTP, WI US","290.2","7","0.0",",7","13",",7","9",",7","1",",7","3",",7","1",",7","0",",7","17",",7","6",",7","0",",7","0",",7","","","20151219",",,7","20151230","+,,7","20151229",",,7","","","20151214",",,7","20151214",",,7","-10.6",",7,19,","152",",,7,30,+","140",",,7,29,","33.5",",,7,14,","15.6",",7,14,","1175.6","7","489.6",",7","123.4",",,,7","140",",,,7","2.54",",7","5.76",",,,7","-0.68",",,,7"
"USC00471062","2016-01","43.05209","-88.17746","253.0","BROOKFIELD WWTP, WI US","0.0","7","0.0",",7","7",",7","3",",7","0",",7","31",",7","1",",7","9",",7","29",",7","18",",7","0",",7","0",",7","","","20160118",",,7","20160101",",,7","20160110",",,7","","","20160110",",,7","20160131",",,7","-22.2",",7,18,","127",",,7,01,","43",",,7,10,","4.8",",,7,10,","7.2",",7,31,","1954.2","7","778.6",",7","15.0",",,,7","66",",,,7","-6.78",",7","-2.95",",,,7","-10.61",",,,7"
"USC00471062","2016-02","43.05209","-88.17746","253.0","BROOKFIELD WWTP, WI US","0.0","7","0.0",",7","9",",7","2",",7","0",",7","12",",7","3",",7","3",",7","28",",7","14",",7","0",",7","0",",7","","","20160214",",,7","20160217","+,,7","20160215","+,,7","","","20160203",",,7","20160229",",,7","-20.0",",7,14,","76",",,7,17,+","38",",,7,15,+","5.8",",,7,03,","15.0",",7,29,","2571.7","7","617.5",",7","17.7",",,,7","119",",,,7","-2.96",",7","1.00",",,,7","-6.92",",,,7"
"USC00471062","2016-03","43.05209","-88.17746","253.0","BROOKFIELD WWTP, WI US","0.0","7","0.0",",7","13",",7","8",",7","0",",7","6",",7","3",",7","0",",7","19",",7","4",",7","0",",7","0",",7","","","20160302",",,7","20160305","+,,7","20160305",",,7","","","20160316",",,7","20160309",",,7","-15.6",",7,02,","51",",,7,05,+","51",",,7,05,","22.4",",,7,16,","20.6",",7,09,","3024.1","7","452.4",",7","91.5",",,,7","142",",,,7","3.74",",7","8.54",",,,7","-1.05",",,,7"
"USC00471062","2016-04","43.05209","-88.17746","253.0","BROOKFIELD WWTP, WI US","0.0","7","0.0",",7","15",",7","7",",7","0",",7","1",",7","1",",7","0",",7","13",",7","1",",7","5",",7","0",",7","","","20160409","+,,7","20160408",",,7","20160408",",,7","","","20160421",",,7","20160426","+,,7","-7.2",",7,09,+","25",",,7,08,","25",",,7,08,","12.7",",,7,21,","27.2",",7,26,+","3367.7","7","343.6",",7","51.6",",,,7","28",",,,7","6.88",",7","12.64",",,,7","1.11",",,,7"
"USC00471062","2016-05","43.05209","-88.17746","253.0","BROOKFIELD WWTP, WI US","25.5","7","25.5",",7","15",",7","7",",7","0",",7","","","","","0",",7","0",",7","0",",7","13",",7","0",",7","","","20160515",",,7","","","","","","","20160511",",,7","20160527",",,7","0.6",",7,15,","","","","","16.8",",,7,11,","28.3",",7,27,","3537.1","7","169.4",",7","61.6",",,,7","","","13.69",",7","19.47",",,,7","7.92",",,,7"
"USC00471062","2016-06","43.05209","-88.17746","253.0","BROOKFIELD WWTP, WI US","96.3","7","70.8",",7","12",",7","5",",7","1",",7","","","","","0",",7","0",",7","0",",7","26",",7","1",",7","","","20160608",",,7","","","","","","","20160615",",,7","20160626",",,7","6.1",",7,08,","","","","","40.1",",,7,15,","32.2",",7,26,","3558.7","7","21.6",",7","88.6",",,,7","","","19.97",",7","25.92",",,,7","14.02",",,,7"
"USC00471062","2016-07","43.05209","-88.17746","253.0","BROOKFIELD WWTP, WI US","232.6","7","136.3",",7","13",",7","6",",7","2",",7","","","","","0",",7","0",",7","0",",7","31",",7","4",",7","","","20160716",",,7","","","","","","","20160724",",,7","20160726","+,,7","11.1",",7,16,","","","","","32.0",",,7,24,","32.8",",7,26,+","1.7","7","1.7",",7","93.7",",,,7","","","22.68",",7","28.14",",,,7","17.22",",,,7"
"USC00471062","2016-08","43.05209","-88.17746","253.0","BROOKFIELD WWTP, WI US","362.0","7","129.4",",7","13",",7","10",",7","1",",7","","","","","0",",7","0",",7","0",",7","31",",7","1",",7","","","20160823","+,,7","","","","","","","20160813",",,7","20160805",",,7","10.0",",7,23,+","","","","","69.3",",,7,13,","32.2",",7,05,","5.0","7","3.3",",7","155.0",",,,7","","","22.40",",7","27.78",",,,7","17.02",",,,7"
"USC00471062","2016-09","43.05209","-88.17746","253.0","BROOKFIELD WWTP, WI US","405.3","7","43.3",",7","16",",7","8",",7","2",",7","","","","","0",",7","0",",7","0",",7","24",",7","1",",7","","","20160928",",,7","","","","","","","20160908",",,7","20160907",",,7","8.9",",7,28,","","","","","36.8",",,7,08,","32.8",",7,07,","37.6","7","32.6",",7","124.6",",,,7","","","18.69",",7","23.96",",,,7","13.42",",,,7"
"USC00471062","2016-10","43.05209","-88.17746","253.0","BROOKFIELD WWTP, WI US","409.5","7","4.2",",7","16",",7","6",",7","2",",7","0",",7","0",",7","0",",7","3",",7","0",",7","7",",7","0",",7","","","20161025",",,7","20161031","+,,7","20161031","+,,7","","","20161026","+,,7","20161018",",,7","-0.6",",7,25,","0",",,7,31,+","0",",,7,31,+","31.0",",,7,26,+","25.6",",7,18,","241.1","7","203.5",",7","107.4",",,,7","0",",,,7","11.90",",7","17.14",",,,7","6.67",",,,7"
"USC00471062","2016-11","43.05209","-88.17746","253.0","BROOKFIELD WWTP, WI US","409.5","7","0.0",",7","9",",7","4",",7","0",",7","0",",7","0",",7","0",",7","10",",7","0",",7","3",",7","0",",7","","","20161121",",,7","20161130","+,,7","20161130","+,,7","","","20161129",",,7","20161102",",,7","-7.8",",7,21,","0",",,7,30,+","0",",,7,30,+","18.3",",,7,29,","22.8",",7,02,","591.9","7","350.8",",7","48.9",",,,7","0",",,,7","6.64",",7","12.25",",,,7","1.03",",,,7"
"USC00471062","2016-12","43.05209","-88.17746","253.0","BROOKFIELD WWTP, WI US","409.5","7","0.0",",7","11",",7","7",",7","0",",7","17",",7","7",",7","5",",7","31",",7","17",",7","0",",7","0",",7","","","20161219",",,7","20161218",",,7","20161211",",,7","","","20161226",",,7","20161227",",,7","-22.8",",7,19,","305",",,7,18,","147",",,7,11,","10.7",",,7,26,","8.3",",7,27,","1315.4","7","723.5",",7","54.8",",,,7","579",",,,7","-5.01",",7","-1.74",",,,7","-8.27",",,,7"
"USC00471062","2017-01","43.05209","-88.17746","253.0","BROOKFIELD WWTP, WI US","0.0","7","0.0",",7","12",",7","7",",7","0",",7","2",",7","1",",7","4",",7","28",",7","12",",7","0",",7","0",",7","","","20170106",",,7","20170131","+,,7","20170131",",,7","","","20170117",",,7","20170122",",,7","-20.0",",7,06,","25",",,7,31,+","25",",,7,31,","15.0",",,7,17,","13.3",",7,22,","2014.0","7","698.6",",7","59.1",",,,7","38",",,,7","-4.20",",7","-0.59",",,,7","-7.82",",,,7"
"USC00471062","2017-02","43.05209","-88.17746","253.0","BROOKFIELD WWTP, WI US","0.0","7","0.0",",7","7",",7","3",",7","1",",7","3",",7","0",",7","0",",7","24",",7","6",",7","0",",7","0",",7","","","20170210","+,,7","20170226","+,,7","20170225",",,7","","","20170224",",,7","20170223",",,7","-13.9",",7,10,+","25",",,7,26,+","18",",,7,25,","29.5",",,7,24,","20.0",",7,23,","2526.9","7","512.9",",7","39.5",",,,7","18",",,,7","0.01",",7","5.64",",,,7","-5.61",",,,7"
"USC00471062","2017-03","43.05209","-88.17746","253.0","BROOKFIELD WWTP, WI US","0.0","7","0.0",",7","14",",7","11",",7","0",",7","7",",7","2",",7","0",",7","21",",7","8",",7","0",",7","0",",7","","","20170315",",,7","20170315","+,,7","20170313",",,7","","","20170327",",,7","20170325",",,7","-13.3",",7,15,","152",",,7,15,+","86",",,7,13,","13.5",",,7,27,","19.4",",7,25,","3068.9","7","542.0",",7","72.1",",,,7","173",",,,7","0.85",",7","5.76",",,,7","-4.06",",,,7"
"USC00471062","2017-04","43.05209","-88.17746","253.0","BROOKFIELD WWTP, WI US","3.9","7","3.9",",7","14","1,7","9","1,7","1","1,7","0",",7","0",",7","0",",7","4",",7","0",",7","6",",7","0",",7","","","20170401",",,7","20170430","+,,7","20170430","+,,7","","","20170427",",1,7","20170416",",,7","-2.8",",7,01,","0",",,7,30,+","0",",,7,30,+","27.2","1,,7,27,","26.1",",7,16,","3324.6","7","255.7",",7","126.7","1,,,7","0",",,,7","9.94",",7","15.81",",,,7","4.07",",,,7"
"USC00471062","2017-05","43.05209","-88.17746","253.0","BROOKFIELD WWTP, WI US","10.3","7","6.4",",7","17",",7","9",",7","1",",7","","","","","0",",7","3",",7","0",",7","7",",7","0",",7","","","20170508",",,7","","","","","","","20170529",",,7","20170517",",,7","-1.1",",7,08,","","","","","26.7",",,7,29,","30.0",",7,17,","3519.0","7","194.4",",7","127.7",",,,7","","","12.27",",7","17.61",",,,7","6.92",",,,7"
"USC00471062","2017-06","43.05209","-88.17746","253.0","BROOKFIELD WWTP, WI US","85.7","7","75.4",",7","14",",7","8",",7","2",",7","","","","","0",",7","0",",7","0",",7","26",",7","2",",7","","","20170602","+,,7","","","","","","","20170623",",,7","20170612",",,7","7.2",",7,02,+","","","","","43.7",",,7,23,","32.8",",7,12,","3549.1","7","30.1",",7","141.1",",,,7","","","19.84",",7","25.45",",,,7","14.24",",,,7"
"USC00471062","2017-07","43.05209","-88.17746","253.0","BROOKFIELD WWTP, WI US","179.5","7","93.8",",7","11",",7","8",",7","1",",7","","","","","0",",7","0",",7","0",",7","31",",7","0",",7","","","20170717",",,7","","","","","","","20170712",",,7","20170707",",,7","11.7",",7,17,","","","","","57.9",",,7,12,","31.1",",7,07,","3.9","7","3.9",",7","139.7",",,,7","","","21.23",",7","26.43",",,,7","16.04",",,,7"
"USC00471062","2017-08","43.05209","-88.17746","253.0","BROOKFIELD WWTP, WI US","228.3","7","48.8",",7","13",",7","7",",7","1",",7","","","","","0",",7","0",",7","0",",7","28",",7","0",",7","","","20170825",",,7","","","","","","","20170829",",,7","20170802",",,7","6.7",",7,25,","","","","","31.5",",,7,29,","27.8",",7,02,","21.6","7","17.7",",7","82.7",",,,7","","","19.34",",7","24.41",",,,7","14.26",",,,7"
"USC00471062","2017-09","43.05209","-88.17746","253.0","BROOKFIELD WWTP, WI US","289.6","7","61.3",",7","3",",7","2",",7","0",",7","","","","","0",",7","0",",7","0",",7","20",",7","4",",7","","","20170930","+,,7","","","","","","","20170908",",,7","20170923",",,7","5.6",",7,30,+","","","","","6.6",",,7,08,","33.9",",7,23,","91.2","7","69.6",",7","10.9",",,,7","","","18.06",",7","24.29",",,,7","11.82",",,,7"
"USC00471062","2017-10","43.05209","-88.17746","253.0","BROOKFIELD WWTP, WI US","297.2","7","7.6",",7","11",",7","10",",7","0",",7","0",",7","0",",7","0",",7","4",",7","0",",7","11",",7","0",",7","","","20171026",",,7","20171031","+,,7","20171031","+,,7","","","20171011",",,7","20171003",",,7","-0.6",",7,26,","0",",,7,31,+","0",",,7,31,+","24.1",",,7,11,","27.2",",7,03,","285.1","7","193.9",",7","103.8",",,,7","0",",,,7","12.32",",7","16.87",",,,7","7.77",",,,7"
"USC00471062","2017-11","43.05209","-88.17746","253.0","BROOKFIELD WWTP, WI US","297.2","7","0.0",",7","10",",7","4",",7","0",",7","0",",7","0",",7","0",",7","24",",7","3",",7","0",",7","0",",7","","","20171110",",,7","20171130","+,,7","20171130","+,,7","","","20171118",",,7","20171126","+,,7","-11.7",",7,10,","0",",,7,30,+","0",",,7,30,+","9.7",",,7,18,","17.8",",7,26,+","780.3","7","495.2",",7","29.3",",,,7","0",",,,7","1.83",",7","6.41",",,,7","-2.76",",,,7"
"USC00471062","2017-12","43.05209","-88.17746","253.0","BROOKFIELD WWTP, WI US","297.2","7","0.0",",7","12",",7","2",",7","0",",7","13",",7","2",",7","5",",7","30",",7","20",",7","0",",7","0",",7","","","20171228","+,,7","20171231","+,,7","20171225","+,,7","","","20171205",",,7","20171205",",,7","-21.7",",7,28,+","51",",,7,31,+","25",",,7,25,+","3.8",",,7,05,","16.7",",7,05,","1515.7","7","735.4",",7","13.6",",,,7","109",",,,7","-5.39",",7","-1.33",",,,7","-9.45",",,,7"
"USC00471062","2018-01","43.05209","-88.17746","253.0","BROOKFIELD WWTP, WI US","0.0","7","0.0","1,7","8",",7","4",",7","0",",7","17",",7","3",",7","10",",7","29",",7","19","1,7","0","1,7","0","1,7","","","20180102","+,,7","20180116",",,7","20180116",",,7","","","20180123",",,7","20180112",",1,7","-23.3",",7,02,+","102",",,7,16,","64",",,7,16,","21.1",",,7,23,","12.2","1,7,12,","2277.9","7","762.2","1,7","39.2",",,,7","158",",,,7","-7.02","1,7","-2.38","1,,,7","-11.66",",,,7"
"USC00471062","2018-02","43.05209","-88.17746","253.0","BROOKFIELD WWTP, WI US","0.0","7","0.0",",7","12",",7","7",",7","1",",7","15",",7","5",",7","7",",7","26",",7","14",",7","0",",7","0",",7","","","20180205",",,7","20180212","+,,7","20180204",",,7","","","20180220",",,7","20180228",",,7","-22.2",",7,05,","279",",,7,12,+","114",",,7,04,","27.9",",,7,20,","15.0",",7,28,","2952.0","7","674.1",",7","76.4",",,,7","398",",,,7","-5.74",",7","-0.92",",,,7","-10.56",",,,7"
"USC00471062","2018-03","43.05209","-88.17746","253.0","BROOKFIELD WWTP, WI US","0.0","7","0.0","3,7","3",",7","2",",7","0",",7","1",",7","1",",7","0","2,7","29","2,7","2","2,7","0","2,7","0","2,7","","","20180322","+,2,7","20180306",",,7","20180306",",,7","","","20180327",",,7","20180319",",2,7","-8.9","2,7,22,+","25",",,7,06,","25",",,7,06,","9.4",",,7,27,","13.3","2,7,19,","3454.6","7","502.6","2,7","14.2",",,,7","30",",,,7","0.31","3,7","5.64","2,,,7","-5.01","2,,,7"
"USC00471062","2018-04","43.05209","-88.17746","253.0","BROOKFIELD WWTP, WI US","0.0","7","0.0","5,7","10",",7","7",",7","0",",7","8",",7","4",",7","0","1,7","23","1,7","3","4,7","0","4,7","0","4,7","","","20180408","+,1,7","20180419",",,7","20180419",",,7","","","20180415",",,7","20180425",",4,7","-9.4","1,7,08,+","178",",,7,19,","127",",,7,19,","19.6",",,7,15,","19.4","4,7,25,","3860.3","7","405.7","4,7","71.4",",,,7","280",",,,7","2.26","5,7","7.73","4,,,7","-3.21","1,,,7"
"USC00471062","2018-05","43.05209","-88.17746","253.0","BROOKFIELD WWTP, WI US","47.2","7","47.2","4,7","15",",7","11",",7","0",",7","0",",7","0",",7","0","4,7","1","4,7","0","1,7","20","1,7","3","1,7","","","20180501",",4,7","20180531","+,,7","20180531","+,,7","","","20180512",",,7","20180528",",1,7","-0.6","4,7,01,","0",",,7,31,+","0",",,7,31,+","19.1",",,7,12,","33.9","1,7,28,","3950.8","7","90.5","1,7","111.1",",,,7","0",",,,7","16.85","4,7","23.26","1,,,7","10.43","4,,,7"
"USC00471062","2018-06","43.05209","-88.17746","253.0","BROOKFIELD WWTP, WI US","104.0","7","56.8",",7","11",",7","9",",7","1",",7","0",",7","0",",7","0",",7","0",",7","0",",7","23",",7","2",",7","","","20180607","+,,7","20180630","+,,7","20180630","+,,7","","","20180619",",,7","20180630",",,7","5.0",",7,07,+","0",",,7,30,+","0",",,7,30,+","52.8",",,7,19,","33.9",",7,30,","3983.6","7","32.8",",7","142.2",",,,7","0",",,,7","19.13",",7","24.15",",,,7","14.11",",,,7"
"USC00471062","2018-07","43.05209","-88.17746","253.0","BROOKFIELD WWTP, WI US","222.6","7","118.6",",7","8",",7","5",",7","0",",7","0",",7","0",",7","0",",7","0",",7","0",",7","31",",7","4",",7","","","20180707",",,7","20180731","+,,7","20180731","+,,7","","","20180721",",,7","20180705","+,,7","10.0",",7,07,","0",",,7,31,+","0",",,7,31,+","23.1",",,7,21,","33.9",",7,05,+","2.3","7","2.3",",7","67.3",",,,7","0",",,,7","22.09",",7","27.83",",,,7","16.34",",,,7"
"USC00471062","2018-08","43.05209","-88.17746","253.0","BROOKFIELD WWTP, WI US","332.1","7","109.5",",7","11",",7","9",",7","2",",7","0",",7","0",",7","0",",7","0",",7","0",",7","31",",7","1",",7","","","20180831","+,,7","20180831","+,,7","20180831","+,,7","","","20180827",",,7","20180805",",,7","11.7",",7,31,+","0",",,7,31,+","0",",,7,31,+","53.6",",,7,27,","33.3",",7,05,","6.7","7","4.4",",7","206.6",",,,7","0",",,,7","21.72",",7","27.20",",,,7","16.24",",,,7"
"USC00471062","2018-09","43.05209","-88.17746","253.0","BROOKFIELD WWTP, WI US","382.5","7","50.4",",7","13",",7","9",",7","1",",7","0",",7","0",",7","0",",7","0",",7","0",",7","18",",7","0",",7","","","20180930","+,,7","20180930","+,,7","20180930","+,,7","","","20180906",",,7","20180918","+,,7","1.1",",7,30,+","0",",,7,30,+","0",",,7,30,+","47.0",",,7,06,","31.1",",7,18,+","68.5","7","61.8",",7","165.3",",,,7","0",",,,7","17.95",",7","23.15",",,,7","12.76",",,,7"
"USC00471062","2018-10","43.05209","-88.17746","253.0","BROOKFIELD WWTP, WI US","391.4","7","8.9","3,7","17",",7","8",",7","1",",7","0",",7","0",",7","0",",7","9",",7","0","3,7","3","3,7","0","3,7","","","20181021",",,7","20181031","+,,7","20181031","+,,7","","","20181001",",,7","20181004",",3,7","-3.9",",7,21,","0",",,7,31,+","0",",,7,31,+","41.9",",,7,01,","28.9","3,7,04,","327.3","7","258.8","3,7","121.7",",,,7","0",",,,7","9.23","3,7","13.93","3,,,7","4.54",",,,7"
"USC00471062","2018-11","43.05209","-88.17746","253.0","BROOKFIELD WWTP, WI US","","","","","12",",7","5",",7","0",",7","3",",7","1",",7","","","","","","","","","","","","","","","20181110","+,,7","20181109",",,7","","","20181105",",,7","","","","","51",",,7,10,+","46",",,7,09,","22.1",",,7,05,","","","","","","","55.5",",,,7","85",",,,7","","","","","",""
"USC00471062","2018-12","43.05209","-88.17746","253.0","BROOKFIELD WWTP, WI US","","","0.0","1,7","9",",7","3",",7","0",",7","2",",7","0",",7","0",",7","29",",7","10","1,7","0","1,7","0","1,7","","","20181209",",,7","20181229","+,,7","20181229","+,,7","","","20181202",",,7","20181228",",1,7","-12.2",",7,09,","25",",,7,29,+","13",",,7,29,+","22.4",",,7,02,","10.0","1,7,28,","","","605.3","1,7","44.1",",,,7","31",",,,7","-1.88","1,7","1.63","1,,,7","-5.40",",,,7"
"USC00471062","2019-01","43.05209","-88.17746","253.0","BROOKFIELD WWTP, WI US","0.0","7","0.0","1,7","11",",7","6",",7","0",",7","16",",7","3",",7","9",",7","30",",7","23","1,7","0","1,7","0","1,7","","","20190130",",,7","20190130","+,,7","20190123",",,7","","","20190108",",,7","20190106",",1,7","-36.1",",7,30,","305",",,7,30,+","114",",,7,23,","13.7",",,7,08,","10.6","1,7,06,","","","797.5","1,7","61.5",",,,7","390",",,,7","-8.20","1,7","-3.72","1,,,7","-12.67",",,,7"
"USC00471062","2019-02","43.05209","-88.17746","253.0","BROOKFIELD WWTP, WI US","0.0","7","0.0",",7","15",",7","7",",7","0",",7","22",",7","3","1,7","4",",7","26",",7","19",",7","0",",7","0",",7","","","20190201",",,7","20190218","+,,7","20190212",",1,7","","","20190224",",,7","20190205","+,,7","-32.2",",7,01,","254",",,7,18,+","152","1,,7,12,","14.7",",,7,24,","7.2",",7,05,+","","","703.4",",7","67.7",",,,7","380","1,,,7","-6.79",",7","-1.76",",,,7","-11.81",",,,7"
"USC00471062","2019-03","43.05209","-88.17746","253.0","BROOKFIELD WWTP, WI US","0.0","7","0.0","3,7","8",",7","4",",7","0",",7","13",",7","1","1,7","2","3,7","22","3,7","8","2,7","0","2,7","0","2,7","","","20190304",",3,7","20190309","+,,7","20190302",",1,7","","","20190315",",,7","20190315",",2,7","-27.8","3,7,04,","127",",,7,09,+","33","1,,7,02,","20.6",",,7,15,","15.6","2,7,15,","","","559.3","2,7","46.1",",,,7","38","1,,,7","-1.70","3,7","3.99","2,,,7","-7.39","3,,,7"
"USC00471062","2019-04","43.05209","-88.17746","253.0","BROOKFIELD WWTP, WI US","0.0","7","0.0",",7","12",",7","9",",7","0",",7","3",",7","3",",7","0",",7","11",",7","0",",7","4",",7","0",",7","","","20190401",",,7","20190415",",,7","20190415",",,7","","","20190423",",,7","20190423","+,,7","-6.7",",7,01,","76",",,7,15,","76",",,7,15,","16.8",",,7,23,","25.6",",7,23,+","","","339.3",",7","73.4",",,,7","152",",,,7","7.02",",7","12.36",",,,7","1.69",",,,7"
"USC00471062","2019-05","43.05209","-88.17746","253.0","BROOKFIELD WWTP, WI US","2.8","7","2.8",",7","20",",7","13",",7","0",",7","0",",7","0",",7","0",",7","0",",7","0",",7","12",",7","0",",7","","","20190504",",,7","20190531","+,,7","20190531","+,,7","","","20190509",",,7","20190526","+,,7","0.6",",7,04,","0",",,7,31,+","0",",,7,31,+","23.4",",,7,09,","26.7",",7,26,+","","","208.1",",7","131.6",",,,7","0",",,,7","11.71",",7","16.83",",,,7","6.59",",,,7"
"USC00471062","2019-06","43.05209","-88.17746","253.0","BROOKFIELD WWTP, WI US","39.8","7","37.0",",7","13",",7","9",",7","1",",7","0",",7","0",",7","0",",7","0",",7","0",",7","23",",7","0",",7","","","20190603",",,7","20190630","+,,7","20190630","+,,7","","","20190628",",,7","20190630","+,,7","3.9",",7,03,","0",",,7,30,+","0",",,7,30,+","36.6",",,7,28,","30.0",",7,30,+","","","45.0",",7","99.5",",,,7","0",",,,7","18.07",",7","23.71",",,,7","12.43",",,,7"
"USC00471062","2019-07","43.05209","-88.17746","253.0","BROOKFIELD WWTP, WI US","188.1","7","148.3","1,7","10",",7","8",",7","1",",7","0",",7","0",",7","0",",7","0",",7","0","1,7","30","1,7","3","1,7","","","20190731","+,,7","20190731","+,,7","20190731","+,,7","","","20190720",",,7","20190720",",1,7","12.2",",7,31,+","0",",,7,31,+","0",",,7,31,+","27.9",",,7,20,","32.8","1,7,20,","0.6","7","0.6","1,7","92.6",",,,7","0",",,,7","23.26","1,7","28.59","1,,,7","17.94",",,,7"
"USC00471062","2019-08","43.05209","-88.17746","253.0","BROOKFIELD WWTP, WI US","248.4","7","60.3",",7","13",",7","9",",7","1",",7","0",",7","0",",7","0",",7","0",",7","0",",7","30",",7","0",",7","","","20190831","+,,7","20190831","+,,7","20190831","+,,7","","","20190827",",,7","20190806",",,7","8.9",",7,31,+","0",",,7,31,+","0",",,7,31,+","25.4",",,7,27,","30.0",",7,06,","13.8","7","13.2",",7","95.6",",,,7","0",",,,7","19.85",",7","25.38",",,,7","14.32",",,,7"
"USC00471062","2019-09","43.05209","-88.17746","253.0","BROOKFIELD WWTP, WI US","280.0","7","31.6","1,7","13",",7","8",",7","1",",7","0",",7","0",",7","0","1,7","0","1,7","0","1,7","21","1,7","0","1,7","","","20190905",",1,7","20190930","+,,7","20190930","+,,7","","","20190913",",,7","20190912",",1,7","7.8","1,7,05,","0",",,7,30,+","0",",,7,30,+","47.0",",,7,13,","30.0","1,7,12,","49.8","7","36.0","1,7","129.6",",,,7","0",",,,7","18.18","1,7","22.82","1,,,7","13.54","1,,,7"
"USC00471062","2019-10","43.05209","-88.17746","253.0","BROOKFIELD WWTP, WI US","285.0","7","5.0",",7","15",",7","10",",7","2",",7","1",",7","1",",7","0",",7","8",",7","0",",7","3",",7","0",",7","","","20191030",",,7","20191031",",,7","20191031",",,7","","","20191002",",,7","20191001",",,7","-3.3",",7,30,","51",",,7,31,","51",",,7,31,","38.4",",,7,02,","29.4",",7,01,","342.2","7","292.4",",7","132.2",",,,7","51",",,,7","9.06",",7","13.85",",,,7","4.27",",,,7"
"USC00471062","2019-11","43.05209","-88.17746","253.0","BROOKFIELD WWTP, WI US","285.0","7","0.0","2,7","14",",7","6",",7","0",",7","11",",7","4",",7","0",",7","29",",7","7","2,7","0","2,7","0","2,7","","","20191113","+,,7","20191101",",,7","20191111",",,7","","","20191127",",,7","20191122",",2,7","-14.4",",7,13,+","76",",,7,01,","30",",,7,11,","14.2",",,7,27,","11.1","2,7,22,","873.0","7","530.8","2,7","48.9",",,,7","126",",,,7","-0.75","2,7","3.09","2,,,7","-4.59",",,,7"
"USC00471062","2019-12","43.05209","-88.17746","253.0","BROOKFIELD WWTP, WI US","285.0","7","0.0",",7","8",",7","4",",7","0",",7","1",",7","1",",7","0",",7","27",",7","8",",7","0",",7","0",",7","","","20191219","+,,7","20191231",",,7","20191231",",,7","","","20191229",",,7","20191226",",,7","-16.1",",7,19,+","51",",,7,31,","53",",,7,31,","24.1",",,7,29,","13.3",",7,26,","1469.8","7","596.8",",7","61.4",",,,7","66",",,,7","-0.92",",7","3.40",",,,7","-5.24",",,,7"
"USC00471062","2020-01","43.05209","-88.17746","253.0","BROOKFIELD WWTP, WI US","0.0","7","0.0","1,7","9",",7","7",",7","0",",7","22",",7","4",",7","0",",7","31",",7","16","1,7","0","1,7","0","1,7","","","20200119",",,7","20200125",",,7","20200118",",,7","","","20200118",",,7","20200110",",1,7","-16.7",",7,19,","152",",,7,25,","102",",,7,18,","15.2",",,7,18,","9.4","1,7,10,","2116.4","7","646.6","1,7","52.0",",,,7","225",",,,7","-3.36","1,7","0.55","1,,,7","-7.27",",,,7"
"USC00471062","2020-02","43.05209","-88.17746","253.0","BROOKFIELD WWTP, WI US","0.0","7","0.0","1,7","3",",7","3",",7","0",",7","29",",7","3",",7","3","1,7","27","1,7","16",",7","0",",7","0",",7","","","20200215","+,1,7","20200215","+,,7","20200210",",,7","","","20200210",",,7","20200224","+,,7","-22.2","1,7,15,+","152",",,7,15,+","152",",,7,10,","12.4",",,7,10,","9.4",",7,24,+","2753.9","7","637.5",",7","25.4",",,,7","251",",,,7","-4.45","1,7","-0.19",",,,7","-8.71","1,,,7"
"USC00471062","2020-03","43.05209","-88.17746","253.0","BROOKFIELD WWTP, WI US","0.0","7","0.0",",7","10",",7","6",",7","0",",7","0",",7","0",",7","0",",7","23",",7","0",",7","0",",7","0",",7","","","20200322","+,,7","20200323","+,,7","20200323",",,7","","","20200320",",,7","20200309",",,7","-7.8",",7,22,+","0",",T,7,23,+","13",",,7,23,","20.3",",,7,20,","16.7",",7,09,","3237.6","7","483.7",",7","85.5",",,,7","21",",,,7","2.73",",7","6.85",",,,7","-1.38",",,,7"
"USC00471062","2020-04","43.05209","-88.17746","253.0","BROOKFIELD WWTP, WI US","0.0","7","0.0","1,7","13",",7","5",",7","1",",7","0",",7","0",",7","0","1,7","15","1,7","0",",7","1",",7","0",",7","","","20200416","+,1,7","20200415",",,7","20200418","+,,7","","","20200430",",,7","20200408",",,7","-5.6","1,7,16,+","0",",T,7,15,","0",",T,7,18,+","31.5",",,7,30,","25.0",",7,08,","3610.8","7","373.2",",7","78.1",",,,7","0",",T,,7","5.41","1,7","10.75",",,,7","0.08","1,,,7"
"USC00471062","2020-05","43.05209","-88.17746","253.0","BROOKFIELD WWTP, WI US","22.2","7","22.2","2,7","11",",7","9",",7","2",",7","0",",7","0",",7","0",",7","6",",7","0","2,7","9","2,7","0","2,7","","","20200510","+,,7","20200531","+,,7","20200511",",,7","","","20200518",",,7","20200527",",2,7","-2.2",",7,10,+","0",",,7,31,+","0",",T,7,11,","45.0",",,7,18,","30.6","2,7,27,","3798.4","7","187.6","2,7","135.8",",,,7","0",",T,,7","12.53","2,7","17.78","2,,,7","7.27",",,,7"
"USC00471062","2020-06","43.05209","-88.17746","253.0","BROOKFIELD WWTP, WI US","104.6","7","82.4",",7","10",",7","7",",7","0",",7","0",",7","0",",7","0",",7","0",",7","0",",7","26",",7","1",",7","","","20200615","+,,7","20200630","+,,7","20200630","+,,7","","","20200603",",,7","20200603",",,7","6.1",",7,15,+","0",",,7,30,+","0",",,7,30,+","12.7",",,7,03,","32.2",",7,03,","3828.9","7","30.5",",7","60.0",",,,7","0",",,,7","20.06",",7","26.07",",,,7","14.05",",,,7"
"USC00471062","2020-07","43.05209","-88.17746","253.0","BROOKFIELD WWTP, WI US","266.0","7","161.4","1,7","7",",7","6",",7","2",",7","0",",7","0",",7","0","1,7","0","1,7","0",",7","31",",7","4",",7","","","20200724",",1,7","20200731","+,,7","20200731","+,,7","","","20200710",",,7","20200727","+,,7","13.9","1,7,24,","0",",,7,31,+","0",",,7,31,+","45.2",",,7,10,","33.3",",7,27,+","0.0","7","0.0",",7","121.9",",,,7","0",",,,7","23.65","1,7","29.00",",,,7","18.31","1,,,7"
"USC00471062","2020-08","43.05209","-88.17746","253.0","BROOKFIELD WWTP, WI US","366.0","7","100.0","1,7","7",",7","6",",7","1",",7","0",",7","0",",7","0",",7","0",",7","0","1,7","28","1,7","1","1,7","","","20200805",",,7","20200831","+,,7","20200831","+,,7","","","20200803",",,7","20200825",",1,7","9.4",",7,05,","0",",,7,31,+","0",",,7,31,+","35.8",",,7,03,","32.8","1,7,25,","12.2","7","12.2","1,7","86.5",",,,7","0",",,,7","21.31","1,7","27.19","1,,,7","15.43",",,,7"
"USC00471062","2020-09","43.05209","-88.17746","253.0","BROOKFIELD WWTP, WI US","374.1","7","8.1","3,7","12",",7","9",",7","0",",7","0",",7","0",",7","0",",7","0",",7","0","3,7","14","3,7","0","3,7","","","20200919",",,7","20200930","+,,7","20200930","+,,7","","","20200912",",,7","20200903",",3,7","2.2",",7,19,","0",",,7,30,+","0",",,7,30,+","15.7",",,7,12,","26.7","3,7,03,","87.2","7","75.0","3,7","69.8",",,,7","0",",,,7","15.83","3,7","20.93","3,,,7","10.74",",,,7"
"USC00471062","2020-10","43.05209","-88.17746","253.0","BROOKFIELD WWTP, WI US","375.2","7","1.1","1,7","16",",7","8",",7","0",",7","0",",7","0",",7","0",",7","13",",7","0","1,7","2","1,7","0","1,7","","","20201031",",,7","20201026","+,,7","20201026","+,,7","","","20201023",",,7","20201010",",1,7","-6.1",",7,31,","0",",T,7,26,+","0",",T,7,26,+","23.4",",,7,23,","26.7","1,7,10,","416.0","7","328.8","1,7","78.0",",,,7","0",",T,,7","7.34","1,7","12.38","1,,,7","2.29",",,,7"
"USC00471062","2020-11","43.05209","-88.17746","253.0","BROOKFIELD WWTP, WI US","376.9","7","1.7",",7","7",",7","4",",7","0",",7","0",",7","0",",7","0",",7","19",",7","0",",7","7",",7","0",",7","","","20201114",",,7","20201124",",,7","20201125","+,,7","","","20201126",",,7","20201110",",,7","-5.6",",7,14,","0",",T,7,24,","0",",T,7,25,+","16.3",",,7,26,","23.3",",7,10,","782.8","7","366.8",",7","42.1",",,,7","0",",T,,7","6.16",",7","11.45",",,,7","0.88",",,,7"
"USC00471062","2020-12","43.05209","-88.17746","253.0","BROOKFIELD WWTP, WI US","376.9","7","0.0",",7","5","1,7","2","1,7","0","1,7","2",",7","1",",7","0",",7","31",",7","12",",7","0",",7","0",",7","","","20201226","+,,7","20201231","+,,7","20201230",",,7","","","20201212",",1,7","20201224","+,,7","-14.4",",7,26,+","152",",,7,31,+","152",",,7,30,","22.1","1,,7,12,","12.8",",7,24,+","1418.4","7","635.6",",7","27.3","1,,,7","173",",,,7","-2.17",",7","1.74",",,,7","-6.08",",,,7"
"USC00471062","2021-01","43.05209","-88.17746","253.0","BROOKFIELD WWTP, WI US","0.0","7","0.0","1,7","10",",7","6",",7","0",",7","31",",7","5",",7","1",",7","31",",7","23","1,7","0","1,7","0","1,7","","","20210128",",,7","20210131","+,,7","20210131",",,7","","","20210102",",,7","20210114",",1,7","-19.4",",7,28,","229",",,7,31,+","127",",,7,31,","9.7",",,7,02,","3.9","1,7,14,","2114.9","7","696.5","1,7","41.4",",,,7","387",",,,7","-5.06","1,7","-1.15","1,,,7","-8.96",",,,7"
"USC00471062","2021-02","43.05209","-88.17746","253.0","BROOKFIELD WWTP, WI US","0.0","7","0.0",",7","8",",7","3",",7","0",",7","28",",7","4",",7","13",",7","27",",7","20",",7","0",",7","0",",7","","","20210207",",,7","20210222",",,7","20210222",",,7","","","20210205",",,7","20210228",",,7","-24.4",",7,07,","305",",,7,22,","76",",,7,22,","7.4",",,7,05,","10.6",",7,28,","2908.3","7","793.4",",7","19.7",",,,7","250",",,,7","-10.00",",7","-5.20",",,,7","-14.80",",,,7"
"USC00471062","2021-03","43.05209","-88.17746","253.0","BROOKFIELD WWTP, WI US","0.0","7","0.0","1,7","8",",7","3",",7","0",",7","6",",7","0",",7","0",",7","23",",7","1","1,7","0","1,7","0","1,7","","","20210302",",,7","20210302","+,,7","20210316",",,7","","","20210324",",,7","20210324","+,1,7","-11.7",",7,02,","76",",,7,02,+","13",",,7,16,","18.3",",,7,24,","18.9","1,7,24,+","3348.8","7","440.5","1,7","31.9",",,,7","13",",,,7","3.69","1,7","9.15","1,,,7","-1.78",",,,7"
"USC00471062","2021-04","43.05209","-88.17746","253.0","BROOKFIELD WWTP, WI US","1.1","7","1.1",",7","12",",7","5",",7","0",",7","0",",7","1",",7","0",",7","10",",7","0",",7","5",",7","0",",7","","","20210401",",,7","20210430","+,,7","20210422",",,7","","","20210411",",,7","20210408","+,,7","-6.7",",7,01,","0",",,7,30,+","25",",,7,22,","17.8",",,7,11,","25.6",",7,08,+","3654.1","7","305.3",",7","46.7",",,,7","25",",,,7","8.19",",7","13.72",",,,7","2.67",",,,7"
"USC00471062","2021-05","43.05209","-88.17746","253.0","BROOKFIELD WWTP, WI US","32.7","7","31.6",",7","14",",7","7",",7","1",",7","0",",7","0",",7","0",",7","3",",7","0",",7","14",",7","0",",7","","","20210511",",,7","20210531","+,,7","20210531","+,,7","","","20210504",",,7","20210502",",,7","-0.6",",7,11,","0",",,7,31,+","0",",,7,31,+","32.8",",,7,04,","29.4",",7,02,","3833.3","7","179.2",",7","84.7",",,,7","0",",,,7","13.57",",7","19.30",",,,7","7.85",",,,7"
"USC00471062","2021-06","43.05209","-88.17746","253.0","BROOKFIELD WWTP, WI US","135.9","7","103.2","1,7","13",",7","7",",7","1",",7","0",",7","0",",7","0",",7","0",",7","0","1,7","28","1,7","2","1,7","","","20210622",",,7","20210630","+,,7","20210630","+,,7","","","20210630",",,7","20210612",",1,7","7.2",",7,22,","0",",,7,30,+","0",",,7,30,+","30.0",",,7,30,","33.9","1,7,12,","3846.8","7","13.5","1,7","98.0",",,,7","0",",,,7","21.46","1,7","27.21","1,,,7","15.72",",,,7"
"USC00471062","2021-07","43.05209","-88.17746","253.0","BROOKFIELD WWTP, WI US","239.2","7","103.3","2,7","7",",7","3",",7","0",",7","0",",7","0",",7","0",",7","0",",7","0","2,7","27","2,7","1","2,7","","","20210709",",,7","20210731","+,,7","20210731","+,,7","","","20210729",",,7","20210727",",2,7","10.6",",7,09,","0",",,7,31,+","0",",,7,31,+","19.1",",,7,29,","32.2","2,7,27,","5.0","7","5.0","2,7","56.5",",,,7","0",",,,7","21.60","2,7","26.86","2,,,7","16.35",",,,7"
"USC00471062","2021-08","43.05209","-88.17746","253.0","BROOKFIELD WWTP, WI US","370.2","7","131.0",",7","12",",7","7",",7","2",",7","0",",7","0",",7","0",",7","0",",7","0",",7","31",",7","3",",7","","","20210815",",,7","20210831","+,,7","20210831","+,,7","","","20210808",",,7","20210829","+,,7","11.1",",7,15,","0",",,7,31,+","0",",,7,31,+","52.8",",,7,08,","32.8",",7,29,+","6.6","7","1.6",",7","163.0",",,,7","0",",,,7","22.51",",7","28.38",",,,7","16.64",",,,7"
"USC00471062","2021-09","43.05209","-88.17746","253.0","BROOKFIELD WWTP, WI US","394.1","7","23.9",",7","6",",7","5",",7","0",",7","0",",7","0",",7","0",",7","0",",7","0",",7","26",",7","0",",7","","","20210929",",,7","20210930","+,,7","20210930","+,,7","","","20210913",",,7","20210920","+,,7","7.2",",7,29,","0",",,7,30,+","0",",,7,30,+","19.6",",,7,13,","29.4",",7,20,+","45.5","7","38.9",",7","45.7",",,,7","0",",,,7","17.83",",7","24.09",",,,7","11.57",",,,7"
"USC00471062","2021-10","43.05209","-88.17746","253.0","BROOKFIELD WWTP, WI US","407.8","7","13.7","1,7","16",",7","8",",7","0",",7","0",",7","0",",7","0","1,7","5","1,7","0",",7","12",",7","0",",7","","","20211024",",1,7","20211031","+,,7","20211031","+,,7","","","20211025",",,7","20211002",",,7","-1.7","1,7,24,","0",",,7,31,+","0",",,7,31,+","20.1",",,7,25,","28.9",",7,02,","209.7","7","164.2",",7","72.0",",,,7","0",",,,7","13.39","1,7","17.97",",,,7","8.80","1,,,7"
"USC00471062","2021-11","43.05209","-88.17746","253.0","BROOKFIELD WWTP, WI US","407.8","7","0.0","3,7","4",",7","1",",7","0",",7","0",",7","0",",7","0",",7","24",",7","2","3,7","0","3,7","0","3,7","","","20211126",",,7","20211130","+,,7","20211130","+,,7","","","20211112",",,7","20211109",",3,7","-10.0",",7,26,","0",",,7,30,+","0",",T,7,30,+","5.3",",,7,12,","18.9","3,7,09,","634.2","7","424.5","3,7","8.4",",,,7","0",",T,,7","2.67","3,7","8.00","3,,,7","-2.67",",,,7"
"USC00471062","2021-12","43.05209","-88.17746","253.0","BROOKFIELD WWTP, WI US","407.8","7","0.0",",7","11",",7","5",",7","0",",7","4",",7","1",",7","0",",7","28",",7","6",",7","0",",7","0",",7","","","20211207",",,7","20211231","+,,7","20211227",",,7","","","20211211",",,7","20211216",",,7","-14.4",",7,07,","25",",,7,31,+","30",",,7,27,","23.1",",,7,11,","18.3",",7,16,","1219.5","7","585.3",",7","53.5",",,,7","58",",,,7","-0.55",",7","3.69",",,,7","-4.78",",,,7"
"USC00471062","2022-01","43.05209","-88.17746","253.0","BROOKFIELD WWTP, WI US","","","","","7",",7","3",",7","0",",7","25",",7","3",",7","","","","","","","","","","","","","","","20220127","+,,7","20220123","+,,7","","","20220123",",,7","","","","","102",",,7,27,+","51",",,7,23,+","3.0",",,7,23,","","","","","","","10.8",",,,7","181",",,,7","","","","","",""
"USC00471062","2022-02","43.05209","-88.17746","253.0","BROOKFIELD WWTP, WI US","","","","","9",",7","4",",7","0",",7","11",",7","2",",7","","","","","","","","","","","","","","","20220225",",,7","20220225",",,7","","","20220225","+,,7","","","","","102",",,7,25,","89",",,7,25,","6.4",",,7,25,+","","","","","","","24.2",",,,7","160",",,,7","","","","","",""
"USC00471062","2022-03","43.05209","-88.17746","253.0","BROOKFIELD WWTP, WI US","","","0.0",",7","13",",7","7",",7","0",",7","2",",7","1",",7","0",",7","23",",7","6",",7","0",",7","0",",7","","","20220313","+,,7","20220331",",,7","20220331",",,7","","","20220331",",,7","20220317",",,7","-15.6",",7,13,+","51",",,7,31,","51",",,7,31,","23.4",",,7,31,","19.4",",7,17,","","","531.2",",7","85.1",",,,7","72",",,,7","1.20",",7","6.23",",,,7","-3.84",",,,7"
"USC00471062","2022-04","43.05209","-88.17746","253.0","BROOKFIELD WWTP, WI US","","","0.0","2,7","18",",7","7",",7","0",",7","2",",7","1",",7","0","1,7","14","1,7","0","1,7","3","1,7","0","1,7","","","20220417",",1,7","20220418","+,,7","20220418",",,7","","","20220423",",,7","20220424",",1,7","-5.0","1,7,17,","25",",,7,18,+","38",",,7,18,","22.9",",,7,23,","27.8","1,7,24,","","","370.1","1,7","87.8",",,,7","38",",,,7","5.28","2,7","9.81","1,,,7","0.76","1,,,7"
"USC00471062","2022-05","43.05209","-88.17746","253.0","BROOKFIELD WWTP, WI US","","","45.3","1,7","11",",7","6",",7","1",",7","0",",7","0",",7","0",",7","0",",7","0","1,7","14","1,7","2","1,7","","","20220504",",,7","20220531","+,,7","20220531","+,,7","","","20220526",",,7","20220513",",1,7","0.6",",7,04,","0",",,7,31,+","0",",,7,31,+","27.2",",,7,26,","34.4","1,7,13,","","","146.1","1,7","81.1",",,,7","0",",,,7","14.94","1,7","20.48","1,,,7","9.39",",,,7"
"USC00471062","2022-06","43.05209","-88.17746","253.0","BROOKFIELD WWTP, WI US","","","67.4","2,7","12",",7","7",",7","0",",7","0",",7","0",",7","0","1,7","0","1,7","0","1,7","25","1,7","5","1,7","","","20220604",",1,7","20220630","+,,7","20220630","+,,7","","","20220616",",,7","20220615",",1,7","6.1","1,7,04,","0",",,7,30,+","0",",,7,30,+","23.9",",,7,16,","36.1","1,7,15,","","","31.4","1,7","86.4",",,,7","0",",,,7","19.58","2,7","26.10","1,,,7","13.07","1,,,7"
"USC00471062","2022-07","43.05209","-88.17746","253.0","BROOKFIELD WWTP, WI US","","","106.7","2,7","13",",7","7",",7","2",",7","0",",7","0",",7","0","2,7","0","2,7","0","1,7","30","1,7","1","1,7","","","20220714","+,2,7","20220731","+,,7","20220731","+,,7","","","20220705",",,7","20220701",",1,7","11.1","2,7,14,+","0",",,7,31,+","0",",,7,31,+","33.0",",,7,05,","32.8","1,7,01,","1.4","7","1.4","1,7","116.2",",,,7","0",",,,7","21.95","2,7","27.22","1,,,7","16.69","2,,,7"
"USC00471062","2022-08","43.05209","-88.17746","253.0","BROOKFIELD WWTP, WI US","","","76.2","2,7","12",",7","7",",7","1",",7","0",",7","0",",7","0","2,7","0","2,7","0",",7","30",",7","1",",7","","","20220812",",2,7","20220831","+,,7","20220831","+,,7","","","20220825",",,7","20220807",",,7","10.0","2,7,12,","0",",,7,31,+","0",",,7,31,+","51.6",",,7,25,","32.8",",7,07,","4.5","7","3.1",",7","126.4",",,,7","0",",,,7","20.87","2,7","26.30",",,,7","15.43","2,,,7"
"USC00471062","2022-09","43.05209","-88.17746","253.0","BROOKFIELD WWTP, WI US","","","40.5","3,7","7",",7","6",",7","2",",7","0",",7","0",",7","0",",7","0",",7","0","3,7","19","3,7","0","3,7","","","20220930","+,,7","20220930","+,,7","20220930","+,,7","","","20220912",",,7","20220902",",3,7","1.1",",7,30,+","0",",,7,30,+","0",",,7,30,+","147.6",",,7,12,","29.4","3,7,02,","56.4","7","51.9","3,7","224.8",",,,7","0",",,,7","17.47","3,7","23.49","3,,,7","11.45",",,,7"
"USC00471062","2022-10","43.05209","-88.17746","253.0","BROOKFIELD WWTP, WI US","","","","","8",",7","4",",7","0",",7","0",",7","0",",7","","","","","0","1,7","7","1,7","0","1,7","","","","","20221031","+,,7","20221017",",,7","","","20221026",",,7","20221023",",1,7","","","0",",,7,31,+","0",",T,7,17,","16.8",",,7,26,","24.4","1,7,23,","","","","","36.9",",,,7","0",",T,,7","","","16.28","1,,,7","",""
"USC00471062","2022-11","43.05209","-88.17746","253.0","BROOKFIELD WWTP, WI US","","","0.0",",7","8",",7","4",",7","1",",7","6",",7","1",",7","0",",7","17",",7","5",",7","4",",7","0",",7","","","20221120",",,7","20221116",",,7","20221116",",,7","","","20221105",",,7","20221111",",,7","-13.3",",7,20,","51",",,7,16,","38",",,7,16,","90.9",",,7,05,","23.3",",7,11,","","","422.5",",7","107.3",",,,7","38",",,,7","4.25",",7","9.20",",,,7","-0.70",",,,7"
"USC00471062","2022-12","43.05209","-88.17746","253.0","BROOKFIELD WWTP, WI US","","","0.0","2,7","12",",7","4",",7","0",",7","16",",7","5",",7","3",",7","28",",7","13","2,7","0","2,7","0","2,7","","","20221224","+,,7","20221223",",,7","20221223","+,,7","","","20221215",",,7","20221230",",2,7","-22.2",",7,24,+","127",",,7,23,","76",",,7,23,+","24.1",",,7,15,","13.3","2,7,30,","","","650.3","2,7","45.8",",,,7","307",",,,7","-4.04","2,7","-0.52","2,,,7","-7.56",",,,7"
"USC00471062","2023-01","43.05209","-88.17746","253.0","BROOKFIELD WWTP, WI US","0.0","7","0.0","1,7","15",",7","5",",7","0",",7","7",",7","2",",7","1",",7","28",",7","14","1,7","0","1,7","0","1,7","","","20230131",",,7","20230129",",,7","20230129",",,7","","","20230129",",,7","20230117","+,1,7","-22.2",",7,31,","203",",,7,29,","178",",,7,29,","8.6",",,7,29,","7.2","1,7,17,+","","","605.6","1,7","36.2",",,,7","252",",,,7","-1.95","1,7","1.13","1,,,7","-5.04",",,,7"
"USC00471062","2023-02","43.05209","-88.17746","253.0","BROOKFIELD WWTP, WI US","0.0","7","0.0","3,7","8",",7","6",",7","2",",7","14",",7","3",",7","3","2,7","25","2,7","9","1,7","0","1,7","0","1,7","","","20230201",",2,7","20230202","+,,7","20230217",",,7","","","20230227",",,7","20230215","+,1,7","-22.2","2,7,01,","127",",,7,02,+","102",",,7,17,","38.9",",,7,27,","10.6","1,7,15,+","","","532.7","1,7","111.2",",,,7","183",",,,7","-2.70","3,7","2.35","1,,,7","-7.76","2,,,7"
"USC00471062","2023-03","43.05209","-88.17746","253.0","BROOKFIELD WWTP, WI US","0.0","7","0.0","2,7","12",",7","7",",7","0",",7","9",",7","4",",7","0","1,7","27","1,7","3","1,7","0","1,7","0","1,7","","","20230318",",1,7","20230310",",,7","20230310",",,7","","","20230306",",,7","20230321","+,1,7","-12.2","1,7,18,","203",",,7,10,","198",",,7,10,","12.4",",,7,06,","10.0","1,7,21,+","","","515.3","1,7","62.0",",,,7","421",",,,7","0.52","2,7","4.93","1,,,7","-3.89","1,,,7"
"USC00471062","2023-04","43.05209","-88.17746","253.0","BROOKFIELD WWTP, WI US","6.9","7","6.9",",7","9",",7","7",",7","0",",7","0",",7","0",",7","0",",7","12",",7","0",",7","7",",7","0",",7","","","20230402",",,7","20230417",",,7","20230417",",,7","","","20230405",",,7","20230415",",,7","-4.4",",7,02,","0",",T,7,17,","3",",,7,17,","18.3",",,7,05,","28.3",",7,15,","","","294.3",",7","82.3",",,,7","3",",,,7","8.75",",7","15.07",",,,7","2.44",",,,7"
"USC00471062","2023-05","43.05209","-88.17746","253.0","BROOKFIELD WWTP, WI US","","","","","8",",7","4",",7","0",",7","0",",7","0",",7","","","","","","","","","","","","","","","20230531","+,,7","20230502","+,,7","","","20230501",",,7","","","","","0",",,7,31,+","0",",T,7,02,+","9.1",",,7,01,","","","","","","","31.6",",,,7","0",",T,,7","","","","","",""
"USC00471062","2023-06","43.05209","-88.17746","253.0","BROOKFIELD WWTP, WI US","","","43.6","5,7","7",",7","4",",7","0",",7","0",",7","0",",7","0","3,7","0","3,7","0","2,7","25","2,7","0","2,7","","","20230612",",3,7","20230630","+,,7","20230630","+,,7","","","20230614",",,7","20230625","+,2,7","3.9","3,7,12,","0",",,7,30,+","0",",,7,30,+","21.3",",,7,14,","31.7","2,7,25,+","","","23.6","2,7","46.7",",,,7","0",",,,7","19.26","5,7","26.19","2,,,7","12.33","3,,,7"
"USC00471062","2023-07","43.05209","-88.17746","253.0","BROOKFIELD WWTP, WI US","","","113.6","5,7","8",",7","5",",7","1",",7","0",",7","0",",7","0","3,7","0","3,7","0","2,7","29","2,7","3","2,7","","","20230718","+,3,7","20230731","+,,7","20230731","+,,7","","","20230729",",,7","20230729",",2,7","12.2","3,7,18,+","0",",,7,31,+","0",",,7,31,+","34.8",",,7,29,","33.3","2,7,29,","0.9","7","0.9","2,7","92.0",",,,7","0",",,,7","22.58","5,7","28.39","2,,,7","16.77","3,,,7"
"USC00471062","2023-08","43.05209","-88.17746","253.0","BROOKFIELD WWTP, WI US","","","97.0","1,7","8",",7","4",",7","1",",7","0",",7","0",",7","0",",7","0",",7","0","1,7","28","1,7","2","1,7","","","20230831",",,7","20230831","+,,7","20230831","+,,7","","","20230815",",,7","20230824",",1,7","7.2",",7,31,","0",",,7,31,+","0",",,7,31,+","65.0",",,7,15,","36.1","1,7,24,","5.9","7","5.0","1,7","94.1",",,,7","0",",,,7","21.26","1,7","26.92","1,,,7","15.60",",,,7"
"USC00471062","2023-09","43.05209","-88.17746","253.0","BROOKFIELD WWTP, WI US","","","51.1",",7","11",",7","6",",7","2",",7","0",",7","0",",7","0",",7","0",",7","0",",7","19",",7","2",",7","","","20230915","+,,7","20230930","+,,7","20230930","+,,7","","","20230926",",,7","20230904",",,7","6.1",",7,15,+","0",",,7,30,+","0",",,7,30,+","32.8",",,7,26,","33.9",",7,04,","50.1","7","44.2",",7","101.9",",,,7","0",",,,7","18.56",",7","23.45",",,,7","13.67",",,,7"
"USC00471062","2023-10","43.05209","-88.17746","253.0","BROOKFIELD WWTP, WI US","","","8.1","1,7","12",",7","6",",7","1",",7","0",",7","0",",7","0","1,7","4","1,7","0",",7","7",",7","0",",7","","","20231031",",1,7","20231031","+,,7","20231031",",,7","","","20231014",",,7","20231002",",,7","-3.3","1,7,31,","0",",,7,31,+","0",",T,7,31,","37.6",",,7,14,","28.9",",7,02,","279.6","7","229.5",",7","70.8",",,,7","0",",T,,7","11.11","1,7","16.34",",,,7","5.89","1,,,7"
"USC00471062","2023-11","43.05209","-88.17746","253.0","BROOKFIELD WWTP, WI US","","","0.0","1,7","7",",7","4",",7","0",",7","5",",7","1",",7","0",",7","19",",7","4","1,7","0","1,7","0","1,7","","","20231129","+,,7","20231129","+,,7","20231101",",,7","","","20231109",",,7","20231107",",1,7","-11.7",",7,29,+","25",",,7,29,+","30",",,7,01,","24.9",",,7,09,","19.4","1,7,07,","722.7","7","443.1","1,7","62.3",",,,7","56",",,,7","3.01","1,7","8.03","1,,,7","-2.00",",,,7"
"USC00471062","2023-12","43.05209","-88.17746","253.0","BROOKFIELD WWTP, WI US","","","0.0",",7","11",",7","6",",7","0",",7","0",",7","1",",7","0",",7","21",",7","3",",7","0",",7","0",",7","","","20231219",",,7","20231231","+,,7","20231202",",,7","","","20231226",",,7","20231209",",,7","-10.6",",7,19,","0",",,7,31,+","25",",,7,02,","10.4",",,7,26,","12.8",",7,09,","1235.4","7","512.7",",7","40.7",",,,7","25",",,,7","1.80",",7","5.07",",,,7","-1.48",",,,7"
"USC00471062","2024-01","43.05209","-88.17746","253.0","BROOKFIELD WWTP, WI US","0.0","","0.0",",7","15",",7","8",",7","0",",7","23",",7","5",",7","8",",7","30",",7","17",",7","0",",7","0",",7","","","20240116",",,7","20240113",",,7","20240113",",,7","","","20240110",",,7","20240131","+,,7","-23.9",",7,16,","432",",,7,13,","229",",,7,13,","12.4",",,7,10,","5.0",",7,31,+","1962.3","","726.9",",7","64.6",",,,7","557",",,,7","-5.12",",7","-2.47",",,,7","-7.76",",,,7"
"USC00471062","2024-02","43.05209","-88.17746","253.0","BROOKFIELD WWTP, WI US","0.0","","0.0","3,7","4",",7","2",",7","0",",7","1",",7","1",",7","0",",7","25",",7","3","3,7","1","3,7","0","3,7","","","20240218","+,,7","20240215",",,7","20240215",",,7","","","20240215",",,7","20240228",",3,7","-12.8",",7,18,+","25",",,7,15,","25",",,7,15,","10.9",",,7,15,","21.7","3,7,28,","2405.4","","443.1","3,7","17.1",",,,7","45",",,,7","1.40","3,7","7.05","3,,,7","-4.26",",,,7"
"USC00471062","2024-03","43.05209","-88.17746","253.0","BROOKFIELD WWTP, WI US","0.0","","0.0","2,7","10",",7","8",",7","2",",7","3",",7","2",",7","0",",7","23",",7","1","2,7","0","2,7","0","2,7","","","20240301",",,7","20240322",",,7","20240322",",,7","","","20240315",",,7","20240313",",2,7","-7.2",",7,01,","152",",,7,22,","152",",,7,22,","32.3",",,7,15,","20.6","2,7,13,","2841.0","","435.6","2,7","132.5",",,,7","190",",,,7","3.42","2,7","8.42","2,,,7","-1.57",",,,7"
"USC00471062","2024-04","43.05209","-88.17746","253.0","BROOKFIELD WWTP, WI US","0.0","","0.0","2,7","14",",7","9",",7","1",",7","1",",7","1",",7","0","1,7","12","1,7","0","1,7","4","1,7","0","1,7","","","20240425",",1,7","20240403",",,7","20240403",",,7","","","20240403",",,7","20240428","+,1,7","-2.8","1,7,25,","25",",,7,03,","25",",,7,03,","35.1",",,7,03,","26.1","1,7,28,+","3118.1","","277.1","1,7","103.5",",,,7","25",",,,7","8.55","2,7","14.14","1,,,7","2.95","1,,,7"
"USC00471062","2024-05","43.05209","-88.17746","253.0","BROOKFIELD WWTP, WI US","9.4","","9.4",",H","16","1,H","10","1,H","1","1,H","","","","","0",",H","0",",H","0",",H","18",",H","0",",H","","","20240531",",,H","","","","","","","20240508",",1,H","20240519",",,H","4.4",",H,31,","","","","","34.0","1,,H,08,","30.0",",H,19,","3214.3","","96.2",",H","143.5","1,,,H","","","15.53",",H","21.55",",,,H","9.52",",,,H"
