"STATION","DATE","LATITUDE","LONGITUDE","ELEVATION","NAME","CDSD","CDSD_ATTRIBUTES","CLDD","CLDD_ATTRIBUTES","DP01","DP01_ATTRIBUTES","DP10","DP10_ATTRIBUTES","DP1X","DP1X_ATTRIBUTES","DSND","DSND_ATTRIBUTES","DSNW","DSNW_ATTRIBUTES","DT00","DT00_ATTRIBUTES","DT32","DT32_ATTRIBUTES","DX32","DX32_ATTRIBUTES","DX70","DX70_ATTRIBUTES","DX90","DX90_ATTRIBUTES","DYFG","DYFG_ATTRIBUTES","DYNT","DYNT_ATTRIBUTES","DYSD","DYSD_ATTRIBUTES","DYSN","DYSN_ATTRIBUTES","DYTS","DYTS_ATTRIBUTES","DYXP","DYXP_ATTRIBUTES","DYXT","DYXT_ATTRIBUTES","EMNT","EMNT_ATTRIBUTES","EMSD","EMSD_ATTRIBUTES","EMSN","EMSN_ATTRIBUTES","EMXP","EMXP_ATTRIBUTES","EMXT","EMXT_ATTRIBUTES","HDSD","HDSD_ATTRIBUTES","HTDD","HTDD_ATTRIBUTES","PRCP","PRCP_ATTRIBUTES","SNOW","SNOW_ATTRIBUTES","TAVG","TAVG_ATTRIBUTES","TMAX","TMAX_ATTRIBUTES","TMIN","TMIN_ATTRIBUTES"
"USC00238051","1893-01","39.97018","-91.88753","214.9","STEFFENVILLE, MO US","","","","","5","2,6","2","2,6","0","2,6","","","2","1,6","","","","","","","","","","","","","","","","","18930118","+,1,6","","","18930128",",2,6","","","","","","","127","1,,6,18,+","10.9","2,,6,28,","","","","","","","16.3","2,,,6","254","1,,,6","","","","","",""
"USC00238051","1893-02","39.97018","-91.88753","214.9","STEFFENVILLE, MO US","","","","","5",",6","5",",6","2",",6","","","2",",6","","","","","","","","","","","","","","","","","18930201",",,6","","","18930216","+,,6","","","","","","","254",",,6,01,","25.4",",,6,16,+","","","","","","","64.7",",,,6","432",",,,6","","","","","",""
"USC00238051","1893-03","39.97018","-91.88753","214.9","STEFFENVILLE, MO US","","","","","7",",6","5",",6","1",",6","","","","","","","","","","","","","","","","","","","","","","","","","18930308",",,6","","","","","","","","","35.8",",,6,08,","","","","","","","61.6",",,,6","","","","","","","",""
"USC00238051","1893-04","39.97018","-91.88753","214.9","STEFFENVILLE, MO US","","","","","13",",6","11",",6","2",",6","","","","","","","","","","","","","","","","","","","","","","","","","18930428",",,6","","","","","","","","","38.9",",,6,28,","","","","","","","198.0",",,,6","","","","","","","",""
"USC00238051","1893-05","39.97018","-91.88753","214.9","STEFFENVILLE, MO US","","","","","9",",6","7",",6","3",",6","","","","","","","","","","","","","","","","","","","","","","","","","18930526",",,6","","","","","","","","","95.5",",,6,26,","","","","","","","205.3",",,,6","","","","","","","",""
"USC00238051","1893-06","39.97018","-91.88753","214.9","STEFFENVILLE, MO US","","","","","13",",6","8",",6","1",",6","","","","","","","","","","","","","","","","","","","","","","","","","18930625",",,6","","","","","","","","","26.7",",,6,25,","","","","","","","120.4",",,,6","","","","","","","",""
"USC00238051","1893-07","39.97018","-91.88753","214.9","STEFFENVILLE, MO US","","","","","6",",6","5",",6","0",",6","","","","","","","","","","","","","","","","","","","","","","","","","18930708",",,6","","","","","","","","","24.9",",,6,08,","","","","","","","56.1",",,,6","","","","","","","",""
"USC00238051","1893-08","39.97018","-91.88753","214.9","STEFFENVILLE, MO US","","","","","4",",6","2",",6","1",",6","","","","","","","","","","","","","","","","","","","","","","","","","18930816",",,6","","","","","","","","","32.0",",,6,16,","","","","","","","48.3",",,,6","","","","","","","",""
"USC00238051","1893-09","39.97018","-91.88753","214.9","STEFFENVILLE, MO US","","","","","9",",6","4",",6","0",",6","","","","","","","","","","","","","","","","","","","","","","","","","18930929",",,6","","","","","","","","","24.6",",,6,29,","","","","","","","50.0",",,,6","","","","","","","",""
"USC00238051","1893-10","39.97018","-91.88753","214.9","STEFFENVILLE, MO US","","","","","3",",6","3",",6","0",",6","","","","","","","","","","","","","","","","","","","","","","","","","18931006",",,6","","","","","","","","","12.7",",,6,06,","","","","","","","26.2",",,,6","","","","","","","",""
"USC00238051","1893-11","39.97018","-91.88753","214.9","STEFFENVILLE, MO US","","","","","5",",6","4",",6","0",",6","","","","","","","","","","","","","","","","","","","","","","","","","18931126",",,6","","","","","","","","","22.6",",,6,26,","","","","","","","43.1",",,,6","","","","","","","",""
"USC00238051","1893-12","39.97018","-91.88753","214.9","STEFFENVILLE, MO US","","","","","5",",6","3",",6","1",",6","","","3",",6","","","","","","","","","","","","","","","","","18931203",",,6","","","18931215",",,6","","","","","","","76",",,6,03,","32.3",",,6,15,","","","","","","","42.2",",,,6","126",",,,6","","","","","",""
"USC00238051","1894-01","39.97018","-91.88753","214.9","STEFFENVILLE, MO US","","","","","3",",6","2",",6","1",",6","","","1",",6","","","","","","","","","","","","","","","","","18940123",",,6","","","18940120",",,6","","","","","","","51",",,6,23,","48.0",",,6,20,","","","","","","","58.2",",,,6","51",",,,6","","","","","",""
"USC00238051","1894-02","39.97018","-91.88753","214.9","STEFFENVILLE, MO US","","","","","6",",6","3",",6","1",",6","","","2",",6","","","","","","","","","","","","","","","","","18940212",",,6","","","18940212",",,6","","","","","","","406",",,6,12,","33.0",",,6,12,","","","","","","","53.6",",,,6","444",",,,6","","","","","",""
"USC00238051","1894-03","39.97018","-91.88753","214.9","STEFFENVILLE, MO US","","","","","7",",6","5",",6","1",",6","","","0",",6","","","","","","","","","","","","","","","","","18940328",",,6","","","18940305",",,6","","","","","","","0",",T,6,28,","26.9",",,6,05,","","","","","","","59.4",",,,6","0",",T,,6","","","","","",""
"USC00238051","1894-04","39.97018","-91.88753","214.9","STEFFENVILLE, MO US","","","","","8",",6","7",",6","1",",6","","","0",",6","","","","","","","","","","","","","","","","","18940410",",,6","","","18940430",",,6","","","","","","","0",",T,6,10,","25.4",",,6,30,","","","","","","","58.7",",,,6","0",",T,,6","","","","","",""
"USC00238051","1894-05","39.97018","-91.88753","214.9","STEFFENVILLE, MO US","","","","","4",",6","4",",6","1",",6","","","","","","","","","","","","","","","","","","","","","","","","","18940509",",,6","","","","","","","","","43.9",",,6,09,","","","","","","","56.8",",,,6","","","","","","","",""
"USC00238051","1894-06","39.97018","-91.88753","214.9","STEFFENVILLE, MO US","","","","","6",",6","6",",6","1",",6","","","","","","","","","","","","","","","","","","","","","","","","","18940621",",,6","","","","","","","","","27.4",",,6,21,","","","","","","","85.3",",,,6","","","","","","","",""
"USC00238051","1894-07","39.97018","-91.88753","214.9","STEFFENVILLE, MO US","","","","","3",",6","2",",6","0",",6","","","","","","","","","","","","","","","","","","","","","","","","","18940731",",,6","","","","","","","","","23.9",",,6,31,","","","","","","","30.0",",,,6","","","","","","","",""
"USC00238051","1894-08","39.97018","-91.88753","214.9","STEFFENVILLE, MO US","","","","","6",",6","3",",6","0",",6","","","","","","","","","","","","","","","","","","","","","","","","","18940817",",,6","","","","","","","","","18.5",",,6,17,","","","","","","","37.9",",,,6","","","","","","","",""
"USC00238051","1894-09","39.97018","-91.88753","214.9","STEFFENVILLE, MO US","","","","","10",",6","8",",6","1",",6","","","","","","","","","","","","","","","","","","","","","","","","","18940916",",,6","","","","","","","","","33.3",",,6,16,","","","","","","","81.9",",,,6","","","","","","","",""
"USC00238051","1894-10","39.97018","-91.88753","214.9","STEFFENVILLE, MO US","","","","","6",",6","6",",6","0",",6","","","","","","","","","","","","","","","","","","","","","","","","","18941019",",,6","","","","","","","","","10.2",",,6,19,","","","","","","","31.0",",,,6","","","","","","","",""
"USC00238051","1894-11","39.97018","-91.88753","214.9","STEFFENVILLE, MO US","","","","","5",",6","2",",6","0",",6","","","0",",6","","","","","","","","","","","","","","","","","18941116","+,,6","","","18941129",",,6","","","","","","","0",",T,6,16,+","10.4",",,6,29,","","","","","","","22.4",",,,6","0",",T,,6","","","","","",""
"USC00238051","1894-12","39.97018","-91.88753","214.9","STEFFENVILLE, MO US","","","","","3",",6","1",",6","0",",6","","","0",",6","","","","","","","","","","","1","","","","","","18941227","+,,6","","","18941215",",,6","","","","","","","0",",T,6,27,+","9.9",",,6,15,","","","","","","","13.0",",,,6","0",",T,,6","","","","","",""
"USC00238051","1895-01","39.97018","-91.88753","214.9","STEFFENVILLE, MO US","","","","","5",",6","2",",6","1",",6","","","1",",6","","","","","","","","","","","","","","","","","18950125",",,6","","","18950125",",,6","","","","","","","356",",,6,25,","29.5",",,6,25,","","","","","","","38.2",",,,6","369",",,,6","","","","","",""
"USC00238051","1895-02","39.97018","-91.88753","214.9","STEFFENVILLE, MO US","","","","","6",",6","3",",6","0",",6","","","3",",6","","","","","","","","","","","","","","","","","18950203",",,6","","","18950203",",,6","","","","","","","51",",,6,03,","5.1",",,6,03,","","","","","","","11.7",",,,6","101",",,,6","","","","","",""
"USC00238051","1895-03","39.97018","-91.88753","214.9","STEFFENVILLE, MO US","","","","","4",",6","4",",6","0",",6","","","3",",6","","","","","","","","","","","","","","","","","18950314","+,,6","","","18950330",",,6","","","","","","","25",",,6,14,+","22.4",",,6,30,","","","","","","","29.9",",,,6","75",",,,6","","","","","",""
"USC00238051","1895-04","39.97018","-91.88753","214.9","STEFFENVILLE, MO US","","","","","10",",6","9",",6","0",",6","","","0",",6","","","","","","","","","","","","","","","","","18950402",",,6","","","18950416",",,6","","","","","","","0",",T,6,02,","22.6",",,6,16,","","","","","","","87.0",",,,6","0",",T,,6","","","","","",""
"USC00238051","1895-05","39.97018","-91.88753","214.9","STEFFENVILLE, MO US","","","","","9",",6","7",",6","1",",6","","","","","","","","","","","","","","","","","","","","","","","","","18950502",",,6","","","","","","","","","50.8",",,6,02,","","","","","","","125.7",",,,6","","","","","","","",""
"USC00238051","1895-06","39.97018","-91.88753","214.9","STEFFENVILLE, MO US","","","","","11",",6","10",",6","3",",6","","","","","","","","","","","","","","","","","","","","","","","","","18950617",",,6","","","","","","","","","35.1",",,6,17,","","","","","","","159.9",",,,6","","","","","","","",""
"USC00238051","1895-07","39.97018","-91.88753","214.9","STEFFENVILLE, MO US","","","","","12",",6","9",",6","3",",6","","","","","","","","","","","","","","","","","","","","","","","","","18950719",",,6","","","","","","","","","40.6",",,6,19,","","","","","","","166.0",",,,6","","","","","","","",""
"USC00238051","1895-08","39.97018","-91.88753","214.9","STEFFENVILLE, MO US","","","","","6",",6","6",",6","1",",6","","","","","","","","","","","","","","","","","","","","","","","","","18950829",",,6","","","","","","","","","77.7",",,6,29,","","","","","","","147.0",",,,6","","","","","","","",""
"USC00238051","1895-09","39.97018","-91.88753","214.9","STEFFENVILLE, MO US","","","","","5",",6","4",",6","2",",6","","","","","","","","","","","","","","","","","","","","","","","","","18950904",",,6","","","","","","","","","38.6",",,6,04,","","","","","","","85.1",",,,6","","","","","","","",""
"USC00238051","1895-10","39.97018","-91.88753","214.9","STEFFENVILLE, MO US","","","","","4",",6","1",",6","0",",6","","","","","","","","","","","","","","","","","","","","","","","","","18951006",",,6","","","","","","","","","11.2",",,6,06,","","","","","","","13.5",",,,6","","","","","","","",""
"USC00238051","1895-11","39.97018","-91.88753","214.9","STEFFENVILLE, MO US","","","","","9",",6","6",",6","1",",6","","","","","","","","","","","","","","","","","","","","","","","","","18951106",",,6","","","","","","","","","34.3",",,6,06,","","","","","","","81.0",",,,6","","","","","","","",""
"USC00238051","1895-12","39.97018","-91.88753","214.9","STEFFENVILLE, MO US","","","","","7",",6","6",",6","2",",6","","","0",",6","","","","","","","","","","","","","","","","","18951231","+,,6","","","18951218",",,6","","","","","","","0",",T,6,31,+","57.2",",,6,18,","","","","","","","128.3",",,,6","0",",T,,6","","","","","",""
"USC00238051","1896-01","39.97018","-91.88753","214.9","STEFFENVILLE, MO US","","","","","3","1,6","3","1,6","0","1,6","","","0",",6","","","","","","","","","","","","","","","","","18960123",",,6","","","18960123",",1,6","","","","","","","13",",,6,23,","16.3","1,,6,23,","","","","","","","28.5","1,,,6","13",",,,6","","","","","",""
"USC00238051","1896-02","39.97018","-91.88753","214.9","STEFFENVILLE, MO US","","","","","5",",6","3",",6","1",",6","","","2",",6","","","","","","","","","","","","","","","","","18960202",",,6","","","18960212",",,6","","","","","","","102",",,6,02,","26.9",",,6,12,","","","","","","","55.9",",,,6","140",",,,6","","","","","",""
"USC00238051","1896-03","39.97018","-91.88753","214.9","STEFFENVILLE, MO US","","","","","10",",6","3",",6","0",",6","","","1",",6","","","","","","","","","","","","","","","","","18960310",",,6","","","18960305",",,6","","","","","","","51",",,6,10,","6.4",",,6,05,","","","","","","","19.4",",,,6","64",",,,6","","","","","",""
"USC00238051","1896-04","39.97018","-91.88753","214.9","STEFFENVILLE, MO US","","","","","9",",6","5",",6","0",",6","","","","","","","","","","","","","","","","","","","","","","","","","18960409",",,6","","","","","","","","","24.1",",,6,09,","","","","","","","69.9",",,,6","","","","","","","",""
"USC00238051","1896-05","39.97018","-91.88753","214.9","STEFFENVILLE, MO US","","","","","13",",6","12",",6","3",",6","","","","","","","","","","","","","","","","","","","","","","","","","18960527",",,6","","","","","","","","","52.1",",,6,27,","","","","","","","217.0",",,,6","","","","","","","",""
"USC00238051","1896-06","39.97018","-91.88753","214.9","STEFFENVILLE, MO US","","","","","9",",6","6",",6","1",",6","","","","","","","","","","","","","","","","","","","","","","","","","18960617",",,6","","","","","","","","","48.5",",,6,17,","","","","","","","107.0",",,,6","","","","","","","",""
"USC00238051","1896-07","39.97018","-91.88753","214.9","STEFFENVILLE, MO US","","","","","14",",6","11",",6","3",",6","","","","","","","","","","","","","","","","","","","","","","","","","18960719",",,6","","","","","","","","","107.4",",,6,19,","","","","","","","283.7",",,,6","","","","","","","",""
"USC00238051","1896-08","39.97018","-91.88753","214.9","STEFFENVILLE, MO US","","","","","6",",6","3",",6","1",",6","","","","","","","","","","","","","","","","","","","","","","","","","18960813",",,6","","","","","","","","","29.7",",,6,13,","","","","","","","52.5",",,,6","","","","","","","",""
"USC00238051","1896-09","39.97018","-91.88753","214.9","STEFFENVILLE, MO US","","","","","15",",6","10",",6","2",",6","","","","","","","","","","","","","","","","","","","","","","","","","18960911",",,6","","","","","","","","","50.8",",,6,11,","","","","","","","184.9",",,,6","","","","","","","",""
"USC00238051","1896-10","39.97018","-91.88753","214.9","STEFFENVILLE, MO US","","","","","5",",6","3",",6","1",",6","","","","","","","","","","","","","","","","","","","","","","","","","18961028",",,6","","","","","","","","","30.7",",,6,28,","","","","","","","62.7",",,,6","","","","","","","",""
"USC00238051","1896-11","39.97018","-91.88753","214.9","STEFFENVILLE, MO US","","","","","8",",6","5",",6","0",",6","","","0",",6","","","","","","","","","","","","","","","","","18961121",",,6","","","18961126",",,6","","","","","","","0",",T,6,21,","18.5",",,6,26,","","","","","","","37.4",",,,6","0",",T,,6","","","","","",""
"USC00238051","1896-12","39.97018","-91.88753","214.9","STEFFENVILLE, MO US","","","","","5",",6","4",",6","0",",6","","","0",",6","","","","","","","","","","","","","","","","","18961218","+,,6","","","18961231",",,6","","","","","","","0",",T,6,18,+","13.5",",,6,31,","","","","","","","30.7",",,,6","0",",T,,6","","","","","",""
"USC00238051","1897-01","39.97018","-91.88753","214.9","STEFFENVILLE, MO US","","","","","8",",6","7",",6","1",",6","","","2",",6","","","","","","","","","","","","","","","","","18970111",",,6","","","18970102",",,6","","","","","","","102",",,6,11,","83.8",",,6,02,","","","","","","","147.0",",,,6","127",",,,6","","","","","",""
"USC00238051","1897-02","39.97018","-91.88753","214.9","STEFFENVILLE, MO US","","","","","4",",6","4",",6","0",",6","","","3",",6","","","","","","","","","","","","","","","","","18970214",",,6","","","18970214",",,6","","","","","","","178",",,6,14,","17.8",",,6,14,","","","","","","","35.5",",,,6","305",",,,6","","","","","",""
"USC00238051","1897-03","39.97018","-91.88753","214.9","STEFFENVILLE, MO US","","","","","12",",6","10",",6","2",",6","","","1",",6","","","","","","","","","","","","","","","","","18970314",",,6","","","18970304",",,6","","","","","","","25",",,6,14,","28.4",",,6,04,","","","","","","","147.4",",,,6","25",",,,6","","","","","",""
"USC00238051","1897-06","39.97018","-91.88753","214.9","STEFFENVILLE, MO US","","","","","11",",6","9",",6","2",",6","","","","","","","","","","","","","","","","","","","","","","","","","18970621",",,6","","","","","","","","","62.2",",,6,21,","","","","","","","161.6",",,,6","","","","","","","",""
"USC00238051","1897-07","39.97018","-91.88753","214.9","STEFFENVILLE, MO US","","","","","4",",6","2",",6","2",",6","","","0",",6","","","","","","","","","","","","","","","","","18970731","+,,6","","","18970719",",,6","","","","","","","0",",,6,31,+","53.8",",,6,19,","","","","","","","88.8",",,,6","0",",,,6","","","","","",""
"USC00238051","1897-10","39.97018","-91.88753","214.9","STEFFENVILLE, MO US","","","","","1",",6","1",",6","1",",6","","","","","","","","","","","","","","","","","","","","","","","","","18971011",",,6","","","","","","","","","25.4",",,6,11,","","","","","","","25.4",",,,6","","","","","","","",""
"USC00238051","1897-11","39.97018","-91.88753","214.9","STEFFENVILLE, MO US","","","0.0","4,6","7",",6","5",",6","0",",6","","","","","0","2,6","11","2,6","0","2,6","3","2,6","0","2,6","","","18971129","+,2,6","","","","","","","18971107",",,6","18971104",",2,6","-6.7","2,6,29,+","","","","","17.0",",,6,07,","24.4","2,6,04,","","","307.7","2,6","55.1",",,,6","","","6.41","4,6","11.61","2,,,6","1.21","2,,,6"
"USC00238051","1897-12","39.97018","-91.88753","214.9","STEFFENVILLE, MO US","","","","","9",",6","7",",6","0",",6","","","4",",6","0","4,6","25","4,6","9","4,6","0","4,6","0","4,6","","","18971218",",4,6","","","18971217",",,6","","","18971203",",,6","18971209",",4,6","-16.1","4,6,18,","","","76",",,6,17,","19.1",",,6,03,","14.4","4,6,09,","","","","","56.0",",,,6","229",",,,6","-2.47","7,6","1.13","4,,,6","-6.07","4,,,6"
"USC00238051","1898-01","39.97018","-91.88753","214.9","STEFFENVILLE, MO US","0.0","6","0.0",",6","11",",6","11",",6","1",",6","","","6",",6","0",",6","22",",6","2",",6","0",",6","0",",6","","","18980129",",,6","","","18980122",",,6","","","18980125",",,6","18980107",",,6","-12.8",",6,29,","","","152",",,6,22,","26.7",",,6,25,","11.1",",6,07,","","","544.4",",6","116.5",",,,6","380",",,,6","0.77",",6","4.41",",,,6","-2.87",",,,6"
"USC00238051","1898-02","39.97018","-91.88753","214.9","STEFFENVILLE, MO US","0.0","6","0.0",",6","5",",6","4",",6","0",",6","","","2",",6","0",",6","23",",6","5",",6","0",",6","0",",6","","","18980202",",,6","","","18980219",",,6","","","18980209",",,6","18980208",",,6","-17.2",",6,02,","","","51",",,6,19,","15.5",",,6,09,","16.1",",6,08,","","","493.5",",6","29.7",",,,6","76",",,,6","0.71",",6","5.12",",,,6","-3.70",",,,6"
"USC00238051","1898-03","39.97018","-91.88753","214.9","STEFFENVILLE, MO US","0.0","6","0.0",",6","8",",6","8",",6","3",",6","","","1",",6","0",",6","18",",6","0",",6","0",",6","0",",6","","","18980323",",,6","","","18980313",",,6","","","18980318",",,6","18980327",",,6","-7.8",",6,23,","","","25",",,6,13,","62.2",",,6,18,","20.0",",6,27,","","","390.4",",6","214.1",",,,6","25",",,,6","5.74",",6","11.44",",,,6","0.04",",,,6"
"USC00238051","1898-04","39.97018","-91.88753","214.9","STEFFENVILLE, MO US","0.6","6","0.6",",6","9",",6","7",",6","1",",6","","","","","0",",6","5",",6","0",",6","4",",6","0",",6","","","18980405",",,6","","","","","","","18980413",",,6","18980416",",,6","-5.0",",6,05,","","","","","26.7",",,6,13,","26.7",",6,16,","","","229.3",",6","90.4",",,,6","","","10.71",",6","16.86",",,,6","4.55",",,,6"
"USC00238051","1898-05","39.97018","-91.88753","214.9","STEFFENVILLE, MO US","34.9","6","34.3",",6","16",",6","14",",6","3",",6","","","","","0",",6","0",",6","0",",6","23",",6","0",",6","","","18980506",",,6","","","","","","","18980514",",,6","18980522",",,6","4.4",",6,06,","","","","","39.1",",,6,14,","29.4",",6,22,","","","59.8",",6","188.7",",,,6","","","17.51",",6","22.99",",,,6","12.04",",,,6"
"USC00238051","1898-06","39.97018","-91.88753","214.9","STEFFENVILLE, MO US","187.8","6","152.9",",6","10",",6","9",",6","1",",6","","","","","0",",6","0",",6","0",",6","30",",6","4",",6","","","18980628","+,,6","","","","","","","18980601",",,6","18980630",",,6","13.3",",6,28,+","","","","","31.8",",,6,01,","33.3",",6,30,","","","0.0",",6","83.6",",,,6","","","23.43",",6","28.70",",,,6","18.16",",,,6"
"USC00238051","1898-07","39.97018","-91.88753","214.9","STEFFENVILLE, MO US","364.8","6","177.0",",6","7",",6","6",",6","1",",6","","","","","0",",6","0",",6","0",",6","31",",6","8",",6","","","18980711",",,6","","","","","","","18980707",",,6","18980724","+,,6","11.7",",6,11,","","","","","108.0",",,6,07,","35.0",",6,24,+","0.3","6","0.3",",6","176.8",",,,6","","","24.03",",6","29.64",",,,6","18.43",",,,6"
"USC00238051","1898-08","39.97018","-91.88753","214.9","STEFFENVILLE, MO US","537.2","6","172.4",",6","4",",6","4",",6","1",",6","","","","","0",",6","0",",6","0",",6","31",",6","10",",6","","","18980812",",,6","","","","","","","18980824",",,6","18980823",",,6","11.7",",6,12,","","","","","28.4",",,6,24,","36.1",",6,23,","0.3","6","0.0",",6","48.5",",,,6","","","23.90",",6","29.44",",,,6","18.35",",,,6"
"USC00238051","1898-09","39.97018","-91.88753","214.9","STEFFENVILLE, MO US","655.1","6","117.9",",6","9",",6","8",",6","3",",6","","","","","0",",6","0",",6","0",",6","25",",6","3",",6","","","18980907",",,6","","","","","","","18980925",",,6","18980903",",,6","7.8",",6,07,","","","","","33.5",",,6,25,","35.0",",6,03,","24.5","6","24.2",",6","145.5",",,,6","","","21.46",",6","27.21",",,,6","15.70",",,,6"
"USC00238051","1898-10","39.97018","-91.88753","214.9","STEFFENVILLE, MO US","671.1","6","16.0","4,6","4",",6","4",",6","2",",6","","","1",",6","0","1,6","7","1,6","0","3,6","6","3,6","0","3,6","","","18981031",",1,6","","","18981025",",,6","","","18981025",",,6","18981003",",3,6","-4.4","1,6,31,","","","51",",,6,25,","34.0",",,6,25,","31.1","3,6,03,","235.5","6","211.0","3,6","87.1",",,,6","51",",,,6","11.33","4,6","16.30","3,,,6","6.36","1,,,6"
"USC00238051","1898-11","39.97018","-91.88753","214.9","STEFFENVILLE, MO US","671.1","6","0.0",",6","9",",6","5",",6","0",",6","","","2",",6","0",",6","19",",6","3",",6","2",",6","0",",6","","","18981126",",,6","","","18981126",",,6","","","18981121",",,6","18981104",",,6","-17.2",",6,26,","","","51",",,6,26,","16.3",",,6,21,","22.2",",6,04,","681.4","6","445.9",",6","50.6",",,,6","102",",,,6","3.47",",6","9.34",",,,6","-2.40",",,,6"
"USC00238051","1898-12","39.97018","-91.88753","214.9","STEFFENVILLE, MO US","671.1","6","0.0",",6","7",",6","5",",6","0",",6","","","4",",6","6",",6","28",",6","10",",6","0",",6","0",",6","","","18981209",",,6","","","18981222","+,,6","","","18981219",",,6","18981229",",,6","-20.0",",6,09,","","","76",",,6,22,+","21.1",",,6,19,","13.3",",6,29,","1344.4","6","663.0",",6","45.6",",,,6","228",",,,6","-3.05",",6","1.72",",,,6","-7.83",",,,6"
"USC00238051","1899-01","39.97018","-91.88753","214.9","STEFFENVILLE, MO US","0.0","6","0.0",",6","4",",6","4",",6","0",",6","","","4",",6","5",",6","29",",6","9",",6","0",",6","0",",6","","","18990129",",,6","","","18990106",",,6","","","18990109",",,6","18990121","+,,6","-24.4",",6,29,","","","51",",,6,06,","10.2",",,6,09,","10.6",",6,21,+","1985.1","6","640.7",",6","20.3",",,,6","126",",,,6","-2.33",",6","3.08",",,,6","-7.75",",,,6"
"USC00238051","1899-02","39.97018","-91.88753","214.9","STEFFENVILLE, MO US","0.0","6","0.0",",6","7",",6","7",",6","1",",6","","","4",",6","8",",6","26",",6","14",",6","0",",6","0",",6","","","18990212",",,6","","","18990223","+,,6","","","18990225",",,6","18990220",",,6","-31.1",",6,12,","","","51",",,6,23,+","25.4",",,6,25,","16.1",",6,20,","2692.8","6","707.7",",6","54.7",",,,6","191",",,,6","-6.94",",6","-1.17",",,,6","-12.71",",,,6"
"USC00238051","1899-03","39.97018","-91.88753","214.9","STEFFENVILLE, MO US","0.0","6","0.0",",6","9",",6","8",",6","1",",6","","","5",",6","0",",6","27",",6","4",",6","0",",6","0",",6","","","18990307",",,6","","","18990330",",,6","","","18990330",",,6","18990311",",,6","-16.7",",6,07,","","","254",",,6,30,","25.4",",,6,30,","18.9",",6,11,","3221.4","6","528.6",",6","75.9",",,,6","495",",,,6","1.28",",6","6.42",",,,6","-3.85",",,,6"
"USC00238051","1899-04","39.97018","-91.88753","214.9","STEFFENVILLE, MO US","20.0","6","20.0",",6","8",",6","6",",6","1",",6","","","1",",6","0",",6","8",",6","1",",6","16",",6","0",",6","","","18990401",",,6","","","18990403",",,6","","","18990423",",,6","18990429",",,6","-12.8",",6,01,","","","51",",,6,03,","25.4",",,6,23,","30.6",",6,29,","3436.1","6","214.7",",6","88.1",",,,6","64",",,,6","11.85",",6","18.25",",,,6","5.44",",,,6"
"USC00238051","1899-05","39.97018","-91.88753","214.9","STEFFENVILLE, MO US","66.6","6","46.6",",6","16",",6","14",",6","1",",6","","","","","0",",6","0",",6","0",",6","24",",6","0",",6","","","18990504",",,6","","","","","","","18990520",",,6","18990516",",,6","6.1",",6,04,","","","","","57.4",",,6,20,","30.0",",6,16,","3484.8","6","48.7",",6","208.7",",,,6","","","18.26",",6","23.61",",,,6","12.92",",,,6"
"USC00238051","1899-06","39.97018","-91.88753","214.9","STEFFENVILLE, MO US","208.6","6","142.0",",6","9",",6","8",",6","1",",6","","","","","0",",6","0",",6","0",",6","30",",6","1",",6","","","18990610",",,6","","","","","","","18990614",",,6","18990606",",,6","11.7",",6,10,","","","","","42.2",",,6,14,","32.2",",6,06,","3486.7","6","1.9",",6","120.8",",,,6","","","23.00",",6","28.16",",,,6","17.84",",,,6"
"USC00238051","1899-07","39.97018","-91.88753","214.9","STEFFENVILLE, MO US","369.3","6","160.7","3,6","6",",6","6",",6","3",",6","","","","","0","3,6","0","3,6","0","3,6","28","3,6","3","3,6","","","18990730","+,3,6","","","","","","","18990731",",,6","18990726",",3,6","12.8","3,6,30,+","","","","","52.1",",,6,31,","33.9","3,6,26,","0.0","6","0.0","3,6","143.5",",,,6","","","24.07","3,6","29.75","3,,,6","18.40","3,,,6"
"USC00238051","1899-08","39.97018","-91.88753","214.9","STEFFENVILLE, MO US","568.3","6","199.0",",6","7",",6","6",",6","1",",6","","","","","0",",6","0",",6","0",",6","31",",6","12",",6","","","18990825","+,,6","","","","","","","18990808",",,6","18990803",",,6","14.4",",6,25,+","","","","","120.7",",,6,08,","34.4",",6,03,","0.0","6","0.0",",6","156.8",",,,6","","","24.75",",6","30.26",",,,6","19.24",",,,6"
"USC00238051","1899-09","39.97018","-91.88753","214.9","STEFFENVILLE, MO US","646.0","6","77.7",",6","5",",6","4",",6","0",",6","","","","","0",",6","2",",6","0",",6","23",",6","7",",6","","","18990930",",,6","","","","","","","18990910",",,6","18990906",",,6","-2.2",",6,30,","","","","","11.7",",,6,10,","38.3",",6,06,","67.0","6","67.0",",6","37.6",",,,6","","","18.69",",6","25.51",",,,6","11.87",",,,6"
"USC00238051","1899-10","39.97018","-91.88753","214.9","STEFFENVILLE, MO US","692.1","6","46.1",",6","","","","","","","","","","","0",",6","2",",6","0",",6","21",",6","1",",6","","","18991031",",,6","","","","","","","","","18991013",",,6","-0.6",",6,31,","","","","","","","34.4",",6,13,","171.6","6","104.6",",6","","","","","16.45",",6","23.42",",,,6","9.47",",,,6"
"USC00238051","1899-11","39.97018","-91.88753","214.9","STEFFENVILLE, MO US","692.1","6","0.0",",6","6",",6","5",",6","0",",6","","","0",",6","0",",6","8",",6","0",",6","3",",6","0",",6","","","18991104",",,6","","","18991103",",,6","","","18991121",",,6","18991116",",,6","-3.9",",6,04,","","","13",",,6,03,","17.8",",,6,21,","22.8",",6,16,","433.1","6","261.5",",6","38.2",",,,6","13",",,,6","9.62",",6","15.42",",,,6","3.81",",,,6"
"USC00238051","1899-12","39.97018","-91.88753","214.9","STEFFENVILLE, MO US","692.1","6","0.0",",6","9",",6","9",",6","0",",6","","","5",",6","4",",6","25",",6","10",",6","0",",6","0",",6","","","18991231",",,6","","","18991226",",,6","","","18991211",",,6","18991210",",,6","-20.0",",6,31,","","","76",",,6,26,","20.3",",,6,11,","13.9",",6,10,","1049.4","6","616.3",",6","61.3",",,,6","280",",,,6","-1.55",",6","3.96",",,,6","-7.05",",,,6"
"USC00238051","1900-01","39.97018","-91.88753","214.9","STEFFENVILLE, MO US","0.0","6","0.0",",6","3",",6","3",",6","1",",6","","","0",",6","0",",6","23",",6","5",",6","0",",6","0",",6","","","19000129",",,6","","","19000120","+,,6","","","19000117",",,6","19000123",",,6","-16.7",",6,29,","","","0",",T,6,20,+","58.4",",,6,17,","15.0",",6,23,","1608.1","6","558.7",",6","82.5",",,,6","0",",T,,6","0.31",",6","5.57",",,,6","-4.95",",,,6"
"USC00238051","1900-02","39.97018","-91.88753","214.9","STEFFENVILLE, MO US","0.0","6","0.0",",6","13",",6","13",",6","3",",6","","","11",",6","2",",6","27",",6","13",",6","0",",6","0",",6","","","19000209","+,,6","","","19000228",",,6","","","19000228",",,6","19000207",",,6","-17.8",",6,09,+","","","356",",,6,28,","35.6",",,6,28,","18.3",",6,07,","2250.5","6","642.4",",6","154.0",",,,6","926",",,,6","-4.61",",6","1.28",",,,6","-10.50",",,,6"
"USC00238051","1900-03","39.97018","-91.88753","214.9","STEFFENVILLE, MO US","0.0","6","0.0",",6","6",",6","3",",6","0",",6","","","0",",6","1",",6","21",",6","2",",6","0",",6","0",",6","","","19000303",",,6","","","19000316",",,6","","","19000305",",,6","19000323","+,,6","-17.8",",6,03,","","","13",",,6,16,","15.2",",,6,05,","18.3",",6,23,+","2752.0","6","501.5",",6","29.5",",,,6","13",",,,6","2.15",",6","8.15",",,,6","-3.84",",,,6"
"USC00238051","1900-04","39.97018","-91.88753","214.9","STEFFENVILLE, MO US","2.5","6","2.5",",6","5",",6","5",",6","0",",6","","","1",",6","0",",6","5",",6","0",",6","15",",6","0",",6","","","19000412",",,6","","","19000411",",,6","","","19000417",",,6","19000429",",,6","-2.8",",6,12,","","","76",",,6,11,","17.0",",,6,17,","29.4",",6,29,","2911.6","6","159.6",",6","49.9",",,,6","76",",,,6","13.10",",6","19.98",",,,6","6.21",",,,6"
"USC00238051","1900-05","39.97018","-91.88753","214.9","STEFFENVILLE, MO US","61.4","6","58.9",",6","10",",6","9",",6","1",",6","","","","","0",",6","0",",6","0",",6","26",",6","0",",6","","","19000503",",,6","","","","","","","19000506",",,6","19000513",",,6","2.2",",6,03,","","","","","58.4",",,6,06,","30.6",",6,13,","2964.3","6","52.7",",6","145.8",",,,6","","","18.53",",6","24.32",",,,6","12.75",",,,6"
"USC00238051","1900-06","39.97018","-91.88753","214.9","STEFFENVILLE, MO US","165.0","6","103.6",",6","10",",6","9",",6","1",",6","","","","","0",",6","0",",6","0",",6","30",",6","0",",6","","","19000605",",,6","","","","","","","19000622",",,6","19000628","+,,6","10.6",",6,05,","","","","","50.8",",,6,22,","31.7",",6,28,+","2965.7","6","1.4",",6","115.0",",,,6","","","21.74",",6","27.39",",,,6","16.09",",,,6"
"USC00238051","1900-07","39.97018","-91.88753","214.9","STEFFENVILLE, MO US","357.8","6","192.8",",6","9",",6","6",",6","0",",6","","","","","0",",6","0",",6","0",",6","31",",6","11",",6","","","19000709",",,6","","","","","","","19000723",",,6","19000723",",,6","12.8",",6,09,","","","","","18.5",",,6,23,","35.6",",6,23,","0.0","6","0.0",",6","59.9",",,,6","","","24.55",",6","30.43",",,,6","18.67",",,,6"
"USC00238051","1900-08","39.97018","-91.88753","214.9","STEFFENVILLE, MO US","661.0","6","303.2",",6","5",",6","3",",6","0",",6","","","","","0",",6","0",",6","0",",6","31",",6","26",",6","","","19000828",",,6","","","","","","","19000815",",,6","19000821",",,6","16.7",",6,28,","","","","","7.6",",,6,15,","38.3",",6,21,","0.0","6","0.0",",6","23.2",",,,6","","","28.11",",6","34.85",",,,6","21.38",",,,6"
"USC00238051","1900-09","39.97018","-91.88753","214.9","STEFFENVILLE, MO US","776.4","6","115.4",",6","10",",6","9",",6","1",",6","","","","","0",",6","0",",6","0",",6","26",",6","7",",6","","","19000917",",,6","","","","","","","19000927",",,6","19000909",",,6","2.2",",6,17,","","","","","29.5",",,6,27,","36.1",",6,09,","38.6","6","38.6",",6","109.9",",,,6","","","20.89",",6","27.39",",,,6","14.39",",,,6"
"USC00238051","1900-10","39.97018","-91.88753","214.9","STEFFENVILLE, MO US","811.0","6","34.6",",6","9",",6","9",",6","1",",6","","","","","0",",6","0",",6","0",",6","20",",6","0",",6","","","19001017",",,6","","","","","","","19001007",",,6","19001006","+,,6","1.1",",6,17,","","","","","40.1",",,6,07,","30.6",",6,06,+","120.7","6","82.1",",6","139.3",",,,6","","","16.80",",6","22.87",",,,6","10.73",",,,6"
"USC00238051","1900-11","39.97018","-91.88753","214.9","STEFFENVILLE, MO US","811.0","6","0.0",",6","6",",6","5",",6","0",",6","","","1",",6","0",",6","18",",6","1",",6","0",",6","0",",6","","","19001114",",,6","","","19001124",",,6","","","19001120",",,6","19001118","+,,6","-8.3",",6,14,","","","25",",,6,24,","8.9",",,6,20,","20.0",",6,18,+","528.2","6","407.5",",6","31.7",",,,6","25",",,,6","4.75",",6","10.10",",,,6","-0.61",",,,6"
"USC00238051","1900-12","39.97018","-91.88753","214.9","STEFFENVILLE, MO US","811.0","6","0.0",",6","3",",6","0",",6","0",",6","","","0",",6","0",",6","28",",6","3",",6","0",",6","0",",6","","","19001231",",,6","","","19001231",",,6","","","19001231","+,,6","19001222",",,6","-16.1",",6,31,","","","13",",,6,31,","1.3",",,6,31,+","15.0",",6,22,","1070.9","6","542.7",",6","3.9",",,,6","13",",,,6","0.83",",6","6.22",",,,6","-4.57",",,,6"
"USC00238051","1901-01","39.97018","-91.88753","214.9","STEFFENVILLE, MO US","0.0","6","0.0","1,6","5",",6","4",",6","1",",6","","","1",",6","0","1,6","27","1,6","4","1,6","0","1,6","0","1,6","","","19010101",",1,6","","","19010118",",,6","","","19010109",",,6","19010120","+,1,6","-16.7","1,6,01,","","","25",",,6,18,","33.0",",,6,09,","14.4","1,6,20,+","1622.5","6","551.6","1,6","45.2",",,,6","38",",,,6","-0.06","1,6","5.04","1,,,6","-5.15","1,,,6"
"USC00238051","1901-02","39.97018","-91.88753","214.9","STEFFENVILLE, MO US","0.0","6","0.0",",6","5",",6","4",",6","0",",6","","","4",",6","0",",6","27",",6","13",",6","0",",6","0",",6","","","19010213",",,6","","","19010202",",,6","","","19010202",",,6","19010217",",,6","-16.7",",6,13,","","","76",",,6,02,","7.6",",,6,02,","7.2",",6,17,","2264.8","6","642.3",",6","21.6",",,,6","203",",,,6","-4.61",",6","-0.30",",,,6","-8.91",",,,6"
"USC00238051","1901-03","39.97018","-91.88753","214.9","STEFFENVILLE, MO US","0.0","6","0.0",",6","9",",6","7",",6","2",",6","","","1",",6","0",",6","16",",6","1",",6","1",",6","0",",6","","","19010305",",,6","","","19010304",",,6","","","19010319",",,6","19010318",",,6","-11.7",",6,05,","","","25",",,6,04,","48.3",",,6,19,","22.2",",6,18,","2683.4","6","418.6",",6","112.1",",,,6","64",",,,6","4.83",",6","9.92",",,,6","-0.25",",,,6"
"USC00238051","1901-04","39.97018","-91.88753","214.9","STEFFENVILLE, MO US","15.3","6","15.3",",6","4",",6","4",",6","0",",6","","","1",",6","0",",6","4",",6","0",",6","8",",6","1",",6","","","19010420","+,,6","","","19010402",",,6","","","19010402",",,6","19010429",",,6","-1.1",",6,20,+","","","38",",,6,02,","10.7",",,6,02,","32.2",",6,29,","2899.6","6","216.2",",6","22.6",",,,6","38",",,,6","11.64",",6","17.99",",,,6","5.29",",,,6"
"USC00238051","1901-05","39.97018","-91.88753","214.9","STEFFENVILLE, MO US","59.8","6","44.5",",6","4",",6","3",",6","0",",6","","","","","0",",6","0",",6","0",",6","27",",6","1",",6","","","19010513",",,6","","","","","","","19010521",",,6","19010518",",,6","2.2",",6,13,","","","","","5.3",",,6,21,","32.8",",6,18,","2957.0","6","57.4",",6","16.5",",,,6","","","17.91",",6","25.07",",,,6","10.75",",,,6"
"USC00238051","1901-06","39.97018","-91.88753","214.9","STEFFENVILLE, MO US","274.1","6","214.3",",6","6",",6","6",",6","0",",6","","","","","0",",6","0",",6","0",",6","30",",6","19",",6","","","19010607",",,6","","","","","","","19010605",",,6","19010630","+,,6","9.4",",6,07,","","","","","21.6",",,6,05,","38.9",",6,30,+","2960.9","6","3.9",",6","92.9",",,,6","","","25.35",",6","32.33",",,,6","18.36",",,,6"
"USC00238051","1901-07","39.97018","-91.88753","214.9","STEFFENVILLE, MO US","640.0","6","365.9",",6","5",",6","4",",6","0",",6","","","","","0",",6","0",",6","0",",6","31",",6","28",",6","","","19010708",",,6","","","","","","","19010729",",,6","19010724",",,6","13.3",",6,08,","","","","","23.4",",,6,29,","44.4",",6,24,","0.0","6","0.0",",6","46.5",",,,6","","","30.14",",6","37.82",",,,6","22.45",",,,6"
"USC00238051","1901-08","39.97018","-91.88753","214.9","STEFFENVILLE, MO US","877.0","6","237.0",",6","1",",6","1",",6","0",",6","","","","","0",",6","0",",6","0",",6","31",",6","29",",6","","","19010831","+,,6","","","","","","","19010817",",,6","19010829",",,6","12.8",",6,31,+","","","","","6.9",",,6,17,","37.2",",6,29,","0.0","6","0.0",",6","6.9",",,,6","","","25.98",",6","34.15",",,,6","17.80",",,,6"
"USC00238051","1901-09","39.97018","-91.88753","214.9","STEFFENVILLE, MO US","978.9","6","101.9","1,6","","","","","","","","","","","0",",6","0",",6","0","1,6","25","1,6","5","1,6","","","19010918",",,6","","","","","","","","","19010907",",1,6","1.7",",6,18,","","","","","","","36.1","1,6,07,","39.7","6","39.7","1,6","","","","","20.56","1,6","27.70","1,,,6","13.42",",,,6"
"USC00238051","1901-10","39.97018","-91.88753","214.9","STEFFENVILLE, MO US","1002.8","6","23.9",",6","3",",6","2",",6","0",",6","","","","","0",",6","4",",6","0",",6","21",",6","0",",6","","","19011013","+,,6","","","","","","","19011008",",,6","19011022","+,,6","-1.1",",6,13,+","","","","","11.2",",,6,08,","30.6",",6,22,+","156.1","6","116.4",",6","21.4",",,,6","","","15.35",",6","23.01",",,,6","7.69",",,,6"
"USC00238051","1901-11","39.97018","-91.88753","214.9","STEFFENVILLE, MO US","1002.8","6","0.0","1,6","4",",6","3",",6","0",",6","","","1",",6","0","1,6","19","1,6","0",",6","2",",6","0",",6","","","19011117",",1,6","","","19011105",",,6","","","19011122",",,6","19011111",",,6","-12.2","1,6,17,","","","25",",,6,05,","14.0",",,6,22,","22.8",",6,11,","554.6","6","398.5",",6","28.7",",,,6","25",",,,6","4.64","1,6","11.47",",,,6","-2.20","1,,,6"
"USC00238051","1901-12","39.97018","-91.88753","214.9","STEFFENVILLE, MO US","1002.8","6","0.0",",6","9",",6","6",",6","0",",6","","","4",",6","7",",6","26",",6","10",",6","0",",6","0",",6","","","19011220",",,6","","","19011228",",,6","","","19011213",",,6","19011201",",,6","-28.3",",6,20,","","","102",",,6,28,","14.0",",,6,13,","12.8",",6,01,","1230.1","6","675.5",",6","49.1",",,,6","247",",,,6","-3.46",",6","1.02",",,,6","-7.94",",,,6"
"USC00238051","1902-01","39.97018","-91.88753","214.9","STEFFENVILLE, MO US","0.0","6","0.0",",6","4",",6","4",",6","0",",6","","","4",",6","2",",6","29",",6","12",",6","0",",6","0",",6","","","19020127",",,6","","","19020121",",,6","","","19020121",",,6","19020109",",,6","-23.9",",6,27,","","","89",",,6,21,","8.9",",,6,21,","15.0",",6,09,","1870.5","6","640.4",",6","24.2",",,,6","242",",,,6","-2.32",",6","2.92",",,,6","-7.57",",,,6"
"USC00238051","1902-02","39.97018","-91.88753","214.9","STEFFENVILLE, MO US","0.0","6","0.0",",6","6",",6","3",",6","0",",6","","","2",",6","7",",6","25",",6","19",",6","0",",6","0",",6","","","19020203",",,6","","","19020211","+,,6","","","19020227",",,6","19020226",",,6","-23.3",",6,03,","","","25",",,6,11,+","15.2",",,6,27,","11.7",",6,26,","2558.0","6","687.5",",6","24.1",",,,6","76",",,,6","-6.22",",6","-0.46",",,,6","-11.98",",,,6"
"USC00238051","1902-03","39.97018","-91.88753","214.9","STEFFENVILLE, MO US","0.0","6","0.0",",6","9",",6","7",",6","1",",6","","","1",",6","0",",6","13",",6","2",",6","3",",6","0",",6","","","19020317",",,6","","","19020301",",,6","","","19020312",",,6","19020325",",,6","-12.8",",6,17,","","","25",",,6,01,","37.3",",,6,12,","23.3",",6,25,","2924.0","6","366.0",",6","69.6",",,,6","25",",,,6","6.53",",6","11.41",",,,6","1.65",",,,6"
"USC00238051","1902-04","39.97018","-91.88753","214.9","STEFFENVILLE, MO US","8.1","6","8.1",",6","5",",6","4",",6","1",",6","","","0",",6","0",",6","8",",6","0",",6","10",",6","0",",6","","","19020408",",,6","","","19020430","+,,6","","","19020425",",,6","19020421",",,6","-5.6",",6,08,","","","0",",,6,30,+","26.7",",,6,25,","31.1",",6,21,","3149.9","6","225.9",",6","58.0",",,,6","0",",,,6","11.07",",6","18.17",",,,6","3.98",",,,6"
"USC00238051","1902-05","39.97018","-91.88753","214.9","STEFFENVILLE, MO US","96.3","6","88.2",",6","","","","","","","","","","","0",",6","0",",6","0",",6","26",",6","4",",6","","","19020528","+,,6","","","","","","","","","19020520",",,6","7.2",",6,28,+","","","","","","","35.0",",6,20,","3173.3","6","23.4",",6","","","","","20.42",",6","26.60",",,,6","14.25",",,,6"
"USC00238051","1902-06","39.97018","-91.88753","214.9","STEFFENVILLE, MO US","189.9","6","93.6",",6","14",",6","13",",6","1",",6","","","","","0",",6","0",",6","0",",6","28",",6","5",",6","","","19020622",",,6","","","","","","","19020628",",,6","19020610",",,6","6.1",",6,22,","","","","","54.4",",,6,28,","35.0",",6,10,","3194.7","6","21.4",",6","173.8",",,,6","","","20.74",",6","26.59",",,,6","14.89",",,,6"
"USC00238051","1902-07","39.97018","-91.88753","214.9","STEFFENVILLE, MO US","399.8","6","209.9",",6","7",",6","6",",6","0",",6","","","","","0",",6","0",",6","0",",6","31",",6","16",",6","","","19020701",",,6","","","","","","","19020719",",,6","19020717",",,6","12.2",",6,01,","","","","","21.1",",,6,19,","35.0",",6,17,","1.7","6","1.7",",6","68.8",",,,6","","","25.05",",6","30.96",",,,6","19.14",",,,6"
"USC00238051","1902-08","39.97018","-91.88753","214.9","STEFFENVILLE, MO US","544.6","6","144.8",",6","10",",6","8",",6","3",",6","","","","","0",",6","0",",6","0",",6","31",",6","4",",6","","","19020811",",,6","","","","","","","19020826",",,6","19020813",",,6","9.4",",6,11,","","","","","40.4",",,6,26,","36.1",",6,13,","5.1","6","3.4",",6","142.9",",,,6","","","22.90",",6","28.89",",,,6","16.90",",,,6"
"USC00238051","1902-09","39.97018","-91.88753","214.9","STEFFENVILLE, MO US","563.0","6","18.4",",6","9",",6","9",",6","0",",6","","","","","0",",6","0",",6","0",",6","24",",6","0",",6","","","19020913",",,6","","","","","","","19020905",",,6","19020907",",,6","0.6",",6,13,","","","","","21.6",",,6,05,","29.4",",6,07,","65.8","6","60.7",",6","99.6",",,,6","","","16.92",",6","23.24",",,,6","10.61",",,,6"
"USC00238051","1902-10","39.97018","-91.88753","214.9","STEFFENVILLE, MO US","573.3","6","10.3",",6","6",",6","5",",6","0",",6","","","","","0",",6","1",",6","0",",6","19",",6","0",",6","","","19021014",",,6","","","","","","","19021004",",,6","19021025","+,,6","-1.1",",6,14,","","","","","21.6",",,6,04,","27.2",",6,25,+","186.8","6","121.0",",6","65.9",",,,6","","","14.76",",6","21.27",",,,6","8.25",",,,6"
"USC00238051","1902-11","39.97018","-91.88753","214.9","STEFFENVILLE, MO US","575.5","6","2.2",",6","8",",6","7",",6","0",",6","","","0",",6","0",",6","8",",6","0",",6","4",",6","0",",6","","","19021128",",,6","","","19021128",",,6","","","19021104",",,6","19021112","+,,6","-3.9",",6,28,","","","13",",,6,28,","16.5",",,6,04,","24.4",",6,12,+","459.3","6","272.5",",6","77.4",",,,6","13",",,,6","9.32",",6","14.27",",,,6","4.38",",,,6"
"USC00238051","1902-12","39.97018","-91.88753","214.9","STEFFENVILLE, MO US","575.5","6","0.0",",6","8",",6","8",",6","0",",6","","","4",",6","1",",6","28",",6","11",",6","0",",6","0",",6","","","19021226",",,6","","","19021214",",,6","","","19021201",",,6","19021201",",,6","-18.9",",6,26,","","","76",",,6,14,","15.2",",,6,01,","13.3",",6,01,","1102.8","6","643.5",",6","65.3",",,,6","177",",,,6","-2.42",",6","1.49",",,,6","-6.34",",,,6"
"USC00238051","1903-01","39.97018","-91.88753","214.9","STEFFENVILLE, MO US","0.0","6","0.0","1,6","7","2,6","7","2,6","0","2,6","17","1,6","6",",6","1","1,6","27","1,6","9",",6","0",",6","0",",6","","","19030112",",1,6","19030124","+,1,6","19030124","+,,6","","","19030102",",2,6","19030128",",,6","-21.1","1,6,12,","102","1,,6,24,+","51",",,6,24,+","13.7","2,,6,02,","12.8",",6,28,","1720.4","6","617.6",",6","35.2","2,,,6","228",",,,6","-2.22","1,6","2.52",",,,6","-6.97","1,,,6"
"USC00238051","1903-02","39.97018","-91.88753","214.9","STEFFENVILLE, MO US","0.0","6","0.0",",6","7",",6","5",",6","1",",6","","","5",",6","4",",6","25",",6","10",",6","0",",6","0",",6","","","19030217",",,6","","","19030215",",,6","","","19030203",",,6","19030201",",,6","-26.7",",6,17,","","","127",",,6,15,","26.7",",,6,03,","12.8",",6,01,","2312.5","6","592.1",",6","50.8",",,,6","266",",,,6","-2.81",",6","2.16",",,,6","-7.79",",,,6"
"USC00238051","1903-03","39.97018","-91.88753","214.9","STEFFENVILLE, MO US","6.2","6","6.2",",6","8",",6","5",",6","1",",6","","","0",",6","0",",6","12",",6","0",",6","6",",6","0",",6","","","19030301",",,6","","","19030323",",,6","","","19030307",",,6","19030318","+,,6","-9.4",",6,01,","","","0",",T,6,23,","43.2",",,6,07,","25.6",",6,18,+","2626.4","6","313.9",",6","63.6",",,,6","0",",T,,6","8.41",",6","14.71",",,,6","2.11",",,,6"
"USC00238051","1903-04","39.97018","-91.88753","214.9","STEFFENVILLE, MO US","11.6","6","5.4",",6","9",",6","6",",6","2",",6","","","1",",6","0",",6","2",",6","0",",6","12",",6","0",",6","","","19030404",",,6","","","19030403",",,6","","","19030410",",,6","19030429","+,,6","-1.1",",6,04,","","","76",",,6,03,","53.3",",,6,10,","26.7",",6,29,+","2803.3","6","176.9",",6","132.4",",,,6","76",",,,6","12.61",",6","18.82",",,,6","6.41",",,,6"
"USC00238051","1903-05","39.97018","-91.88753","214.9","STEFFENVILLE, MO US","64.7","6","53.1","1,6","12",",6","11",",6","3",",6","","","","","0",",6","1",",6","0","1,6","23","1,6","0","1,6","","","19030501",",,6","","","","","","","19030531",",,6","19030509",",1,6","-0.6",",6,01,","","","","","55.9",",,6,31,","29.4","1,6,09,","2857.5","6","54.2","1,6","191.0",",,,6","","","18.35","1,6","23.66","1,,,6","13.03",",,,6"
"USC00238051","1903-06","39.97018","-91.88753","214.9","STEFFENVILLE, MO US","110.3","6","45.6","2,6","9",",6","5",",6","0",",6","","","","","0","2,6","0","2,6","0","1,6","24","1,6","1","1,6","","","19030612",",2,6","","","","","","","19030601",",,6","19030630",",1,6","5.0","2,6,12,","","","","","17.8",",,6,01,","32.8","1,6,30,","2886.4","6","28.9","1,6","71.7",",,,6","","","18.94","2,6","24.81","1,,,6","13.08","2,,,6"
"USC00238051","1903-07","39.97018","-91.88753","214.9","STEFFENVILLE, MO US","289.5","6","179.2","2,6","8",",6","8",",6","0",",6","","","","","0","2,6","0","2,6","0","2,6","29","2,6","7","2,6","","","19030731","+,2,6","","","","","","","19030717",",,6","19030710",",2,6","14.4","2,6,31,+","","","","","24.1",",,6,17,","35.6","2,6,10,","0.0","6","0.0","2,6","57.9",",,,6","","","24.51","2,6","30.28","2,,,6","18.75","2,,,6"
"USC00238051","1903-08","39.97018","-91.88753","214.9","STEFFENVILLE, MO US","438.1","6","148.6","1,6","10",",6","7",",6","1",",6","","","","","0","1,6","0","1,6","0","1,6","30","1,6","9","1,6","","","19030831",",1,6","","","","","","","19030828",",,6","19030823",",1,6","10.6","1,6,31,","","","","","36.8",",,6,28,","35.0","1,6,23,","2.0","6","2.0","1,6","76.8",",,,6","","","23.22","1,6","29.16","1,,,6","17.28","1,,,6"
"USC00238051","1903-09","39.97018","-91.88753","214.9","STEFFENVILLE, MO US","486.8","6","48.7",",6","10",",6","8",",6","2",",6","","","","","0",",6","0",",6","0",",6","25",",6","0",",6","","","19030918",",,6","","","","","","","19030909",",,6","19030907",",,6","2.8",",6,18,","","","","","30.5",",,6,09,","31.1",",6,07,","46.2","6","44.2",",6","91.8",",,,6","","","18.48",",6","24.45",",,,6","12.52",",,,6"
"USC00238051","1903-10","39.97018","-91.88753","214.9","STEFFENVILLE, MO US","498.8","6","12.0","3,6","4",",6","4",",6","1",",6","","","","","0","2,6","6","2,6","0","3,6","10","3,6","0","3,6","","","19031028",",2,6","","","","","","","19031007",",,6","19031003",",3,6","-3.3","2,6,28,","","","","","33.0",",,6,07,","28.9","3,6,03,","209.8","6","163.6","3,6","71.1",",,,6","","","12.75","3,6","19.19","3,,,6","6.32","2,,,6"
"USC00238051","1903-11","39.97018","-91.88753","214.9","STEFFENVILLE, MO US","498.8","6","0.0","5,6","6","4,6","6","4,6","0","4,6","","","1",",6","0","4,6","19","4,6","2","5,6","1","5,6","0","5,6","","","19031126",",4,6","","","19031124",",,6","","","19031102",",4,6","19031102",",5,6","-13.3","4,6,26,","","","69",",,6,24,","20.3","4,,6,02,","21.7","5,6,02,","566.8","6","357.0","5,6","53.4","4,,,6","74",",,,6","3.87","5,6","9.78","5,,,6","-2.03","4,,,6"
"USC00238051","1903-12","39.97018","-91.88753","214.9","STEFFENVILLE, MO US","498.8","6","0.0","2,6","5",",6","5",",6","0",",6","","","3",",6","4","2,6","29","2,6","11","1,6","0","1,6","0","1,6","","","19031213",",2,6","","","19031210",",,6","","","19031212",",,6","19031231",",1,6","-20.6","2,6,13,","","","51",",,6,10,","13.2",",,6,12,","12.8","1,6,31,","1190.7","6","623.9","1,6","33.2",",,,6","101",",,,6","-3.26","2,6","2.46","1,,,6","-8.98","2,,,6"
"USC00238051","1904-01","39.97018","-91.88753","214.9","STEFFENVILLE, MO US","0.0","6","0.0","1,6","8",",6","7",",6","1",",6","","","5",",6","8",",6","30",",6","13","1,6","0","1,6","0","1,6","","","19040129",",,6","","","19040125","+,,6","","","19040120",",,6","19040120",",1,6","-28.9",",6,29,","","","102",",,6,25,+","36.8",",,6,20,","13.3","1,6,20,","1923.6","6","732.9","1,6","93.8",",,,6","394",",,,6","-6.07","1,6","-0.84","1,,,6","-11.29",",,,6"
"USC00238051","1904-02","39.97018","-91.88753","214.9","STEFFENVILLE, MO US","0.0","6","0.0","2,6","6",",6","4",",6","0",",6","","","3",",6","4","2,6","24","2,6","16","2,6","0","2,6","0","2,6","","","19040201",",2,6","","","19040221","+,,6","","","19040217",",,6","19040206",",2,6","-23.3","2,6,01,","","","25",",,6,21,+","19.1",",,6,17,","18.9","2,6,06,","2528.5","6","604.9","2,6","33.1",",,,6","88",",,,6","-4.07","2,6","1.00","2,,,6","-9.14","2,,,6"
"USC00238051","1904-03","39.97018","-91.88753","214.9","STEFFENVILLE, MO US","0.0","6","0.0","2,6","10",",6","9",",6","0",",6","","","1","1,6","0","2,6","20","2,6","2","1,6","2","1,6","0","1,6","","","19040303",",2,6","","","19040313",",1,6","","","19040324",",,6","19040321",",1,6","-10.0","2,6,03,","","","51","1,,6,13,","24.6",",,6,24,","25.6","1,6,21,","2929.7","6","401.2","1,6","91.6",",,,6","59","1,,,6","4.65","2,6","10.48","1,,,6","-1.18","2,,,6"
"USC00238051","1904-04","39.97018","-91.88753","214.9","STEFFENVILLE, MO US","1.9","6","1.9",",6","6",",6","6",",6","3",",6","","","2",",6","0",",6","12",",6","0",",6","5",",6","0",",6","","","19040403",",,6","","","19040420",",,6","","","19040424",",,6","19040423",",,6","-6.7",",6,03,","","","51",",,6,20,","84.1",",,6,24,","27.2",",6,23,","3239.4","6","309.7",",6","170.8",",,,6","89",",,,6","8.08",",6","14.28",",,,6","1.87",",,,6"
"USC00238051","1904-05","39.97018","-91.88753","214.9","STEFFENVILLE, MO US","27.7","6","25.8",",6","12",",6","9",",6","0",",6","","","0",",6","0",",6","0",",6","0",",6","23",",6","0",",6","","","19040514",",,6","","","19040531","+,,6","","","19040529",",,6","19040525",",,6","5.6",",6,14,","","","0",",,6,31,+","21.1",",,6,29,","31.1",",6,25,","3315.8","6","76.4",",6","99.8",",,,6","0",",,,6","16.70",",6","22.38",",,,6","11.02",",,,6"
"USC00238051","1904-06","39.97018","-91.88753","214.9","STEFFENVILLE, MO US","106.7","6","79.0","1,6","9",",6","8",",6","1",",6","","","","","0","1,6","0","1,6","0","1,6","29","1,6","0","1,6","","","19040629",",1,6","","","","","","","19040617",",,6","19040624",",1,6","11.7","1,6,29,","","","","","26.7",",,6,17,","30.6","1,6,24,","3315.8","6","0.0","1,6","89.1",",,,6","","","21.06","1,6","26.22","1,,,6","15.90","1,,,6"
"USC00238051","1904-07","39.97018","-91.88753","214.9","STEFFENVILLE, MO US","237.2","6","130.5","1,6","10",",6","8",",6","2",",6","","","","","0","1,6","0","1,6","0",",6","31",",6","5",",6","","","19040702",",1,6","","","","","","","19040715",",,6","19040730","+,,6","10.6","1,6,02,","","","","","26.9",",,6,15,","33.3",",6,30,+","1.1","6","1.1",",6","95.0",",,,6","","","22.73","1,6","28.40",",,,6","17.05","1,,,6"
"USC00238051","1904-08","39.97018","-91.88753","214.9","STEFFENVILLE, MO US","366.2","6","129.0","2,6","6",",6","5",",6","1",",6","","","","","0",",6","0",",6","0","2,6","29","2,6","7","2,6","","","19040823",",,6","","","","","","","19040819",",,6","19040816",",2,6","9.4",",6,23,","","","","","53.3",",,6,19,","36.7","2,6,16,","4.7","6","3.6","2,6","99.0",",,,6","","","22.63","2,6","28.96","2,,,6","16.31",",,,6"
"USC00238051","1904-09","39.97018","-91.88753","214.9","STEFFENVILLE, MO US","444.7","6","78.5",",6","7",",6","6",",6","2",",6","","","","","0",",6","0",",6","0",",6","25",",6","0",",6","","","19040915","+,,6","","","","","","","19040924",",,6","19040910",",,6","5.0",",6,15,+","","","","","48.5",",,6,24,","31.1",",6,10,","35.5","6","30.8",",6","146.9",",,,6","","","19.92",",6","25.19",",,,6","14.66",",,,6"
"USC00238051","1904-10","39.97018","-91.88753","214.9","STEFFENVILLE, MO US","451.1","6","6.4","4,6","1",",6","1",",6","0",",6","","","","","0","4,6","4","4,6","0",",6","12",",6","0",",6","","","19041025",",4,6","","","","","","","19041001",",,6","19041017","+,,6","-0.6","4,6,25,","","","","","3.0",",,6,01,","27.8",",6,17,+","195.5","6","160.0",",6","3.0",",,,6","","","13.10","4,6","19.54",",,,6","6.67","4,,,6"
"USC00238051","1904-11","39.97018","-91.88753","214.9","STEFFENVILLE, MO US","451.1","6","0.0","1,6","1",",6","0",",6","0",",6","","","","","0","1,6","13","1,6","0","1,6","4","1,6","0","1,6","","","19041130",",1,6","","","","","","","19041110",",,6","19041116",",1,6","-10.0","1,6,30,","","","","","1.8",",,6,10,","23.9","1,6,16,","527.4","6","331.9","1,6","1.8",",,,6","","","6.89","1,6","13.89","1,,,6","-0.11","1,,,6"
"USC00238051","1904-12","39.97018","-91.88753","214.9","STEFFENVILLE, MO US","451.1","6","0.0","2,6","5","1,6","5","1,6","0","1,6","","","3",",6","0","2,6","27","2,6","3",",6","0",",6","0",",6","","","19041228",",2,6","","","19041227",",,6","","","19041226",",1,6","19041223","+,,6","-17.2","2,6,28,","","","51",",,6,27,","12.7","1,,6,26,","15.6",",6,23,+","1091.1","6","563.7",",6","34.3","1,,,6","127",",,,6","-1.05","2,6","4.28",",,,6","-6.38","2,,,6"
"USC00238051","1905-01","39.97018","-91.88753","214.9","STEFFENVILLE, MO US","0.0","6","0.0",",6","3","1,6","1","1,6","0","1,6","","","1",",6","7",",6","29",",6","17",",6","0",",6","0",",6","","","19050125",",,6","","","19050109",",,6","","","19050109",",1,6","19050102",",,6","-22.2",",6,25,","","","25",",,6,09,","2.5","1,,6,09,","12.2",",6,02,","1855.0","6","763.9",",6","4.3","1,,,6","38",",,,6","-6.31",",6","-1.29",",,,6","-11.32",",,,6"
"USC00238051","1905-02","39.97018","-91.88753","214.9","STEFFENVILLE, MO US","0.0","6","0.0","1,6","10",",6","4",",6","0",",6","","","7",",6","11","1,6","24","1,6","17",",6","0",",6","0",",6","","","19050213",",1,6","","","19050205",",,6","","","19050205",",,6","19050228",",,6","-33.3","1,6,13,","","","178",",,6,05,","12.7",",,6,05,","15.6",",6,28,","2549.9","6","694.9",",6","35.4",",,,6","405",",,,6","-7.50","1,6","-2.21",",,,6","-12.78","1,,,6"
"USC00238051","1905-03","39.97018","-91.88753","214.9","STEFFENVILLE, MO US","2.0","6","2.0","2,6","5",",6","4",",6","0",",6","","","","","0","2,6","14","2,6","0","2,6","9","2,6","0","2,6","","","19050311",",2,6","","","","","","","19050326",",,6","19050326","+,2,6","-9.4","2,6,11,","","","","","12.7",",,6,26,","25.6","2,6,26,+","2827.5","6","277.6","2,6","35.7",",,,6","","","8.83","2,6","15.42","2,,,6","2.23","2,,,6"
"USC00238051","1905-04","39.97018","-91.88753","214.9","STEFFENVILLE, MO US","4.2","6","2.2",",6","6",",6","6",",6","0",",6","","","","","0",",6","8",",6","0",",6","9",",6","0",",6","","","19050417","+,,6","","","","","","","19050425",",,6","19050409",",,6","-2.2",",6,17,+","","","","","20.1",",,6,25,","29.4",",6,09,","3039.3","6","211.8",",6","65.0",",,,6","","","11.35",",6","18.08",",,,6","4.62",",,,6"
"USC00238051","1905-05","39.97018","-91.88753","214.9","STEFFENVILLE, MO US","34.9","6","30.7",",6","10",",6","7",",6","1",",6","","","","","0",",6","0",",6","0",",6","24",",6","0",",6","","","19050526","+,,6","","","","","","","19050509",",,6","19050511",",,6","5.6",",6,26,+","","","","","26.7",",,6,09,","30.6",",6,11,","3098.0","6","58.7",",6","97.8",",,,6","","","17.43",",6","23.50",",,,6","11.36",",,,6"
"USC00238051","1905-06","39.97018","-91.88753","214.9","STEFFENVILLE, MO US","192.0","6","157.1","1,6","7",",6","6",",6","0",",6","","","","","0",",6","0",",6","0","1,6","29","1,6","11","1,6","","","19050627",",,6","","","","","","","19050620",",,6","19050618",",1,6","8.9",",6,27,","","","","","10.2",",,6,20,","37.2","1,6,18,","3098.0","6","0.0","1,6","49.6",",,,6","","","23.61","1,6","30.08","1,,,6","17.14",",,,6"
"USC00238051","1905-07","39.97018","-91.88753","214.9","STEFFENVILLE, MO US","334.5","6","142.5","1,6","10",",6","9",",6","2",",6","","","","","0",",6","0",",6","0","1,6","29","1,6","7","1,6","","","19050726",",,6","","","","","","","19050701",",,6","19050719",",1,6","12.8",",6,26,","","","","","50.8",",,6,01,","33.3","1,6,19,","2.5","6","2.5","1,6","168.4",",,,6","","","22.98","1,6","27.98","1,,,6","17.98",",,,6"
"USC00238051","1905-08","39.97018","-91.88753","214.9","STEFFENVILLE, MO US","523.9","6","189.4",",6","5",",6","4",",6","0",",6","","","","","0",",6","0",",6","0",",6","31",",6","8",",6","","","19050826",",,6","","","","","","","19050813",",,6","19050811",",,6","12.2",",6,26,","","","","","15.0",",,6,13,","35.0",",6,11,","2.5","6","0.0",",6","34.3",",,,6","","","24.44",",6","30.21",",,,6","18.67",",,,6"
"USC00238051","1905-09","39.97018","-91.88753","214.9","STEFFENVILLE, MO US","595.4","6","71.5","1,6","8",",6","8",",6","1",",6","","","","","0",",6","0",",6","0","1,6","24","1,6","1","1,6","","","19050926","+,,6","","","","","","","19050915",",,6","19050901",",1,6","10.0",",6,26,+","","","","","25.4",",,6,15,","33.3","1,6,01,","18.2","6","15.7","1,6","141.8",",,,6","","","20.27","1,6","25.45","1,,,6","15.08",",,,6"
"USC00238051","1905-10","39.97018","-91.88753","214.9","STEFFENVILLE, MO US","608.0","6","12.6",",6","9",",6","8",",6","1",",6","","","","","0",",6","5",",6","0",",6","12",",6","0",",6","","","19051028",",,6","","","","","","","19051019",",,6","19051005",",,6","-4.4",",6,28,","","","","","25.4",",,6,19,","28.3",",6,05,","209.1","6","190.9",",6","91.4",",,,6","","","12.58",",6","18.28",",,,6","6.88",",,,6"
"USC00238051","1905-11","39.97018","-91.88753","214.9","STEFFENVILLE, MO US","608.0","6","0.0",",6","7",",6","7",",6","1",",6","","","","","0",",6","13",",6","1",",6","0",",6","0",",6","","","19051130",",,6","","","","","","","19051105",",,6","19051113",",,6","-12.8",",6,30,","","","","","27.9",",,6,05,","20.0",",6,13,","566.5","6","357.4",",6","59.6",",,,6","","","6.42",",6","12.35",",,,6","0.49",",,,6"
"USC00238051","1905-12","39.97018","-91.88753","214.9","STEFFENVILLE, MO US","608.0","6","0.0",",6","3",",6","3",",6","0",",6","","","1",",6","0",",6","30",",6","3",",6","0",",6","0",",6","","","19051204",",,6","","","19051221",",,6","","","19051228",",,6","19051207",",,6","-13.3",",6,04,","","","38",",,6,21,","18.0",",,6,28,","13.3",",6,07,","1138.5","6","572.0",",6","27.9",",,,6","38",",,,6","-0.12",",6","4.64",",,,6","-4.88",",,,6"
"USC00238051","1906-01","39.97018","-91.88753","214.9","STEFFENVILLE, MO US","0.0","6","0.0",",6","7",",6","5",",6","1",",6","","","4",",6","0",",6","29",",6","4",",6","0",",6","0",",6","","","19060124",",,6","","","19060123",",,6","","","19060102",",,6","19060120",",,6","-16.7",",6,24,","","","89",",,6,23,","33.0",",,6,02,","20.0",",6,20,","1702.0","6","563.5",",6","90.6",",,,6","164",",,,6","0.15",",6","4.94",",,,6","-4.63",",,,6"
"USC00238051","1906-02","39.97018","-91.88753","214.9","STEFFENVILLE, MO US","0.0","6","0.0",",6","","","","","","","","","2",",6","1",",6","25",",6","9",",6","0",",6","0",",6","","","19060205",",,6","","","19060226",",,6","","","","","19060222",",,6","-17.8",",6,05,","","","152",",,6,26,","","","17.2",",6,22,","2246.4","6","544.4",",6","","","190",",,,6","-1.11",",6","4.43",",,,6","-6.64",",,,6"
"USC00238051","1906-03","39.97018","-91.88753","214.9","STEFFENVILLE, MO US","0.0","6","0.0",",6","8",",6","6",",6","1",",6","","","3",",6","0",",6","26",",6","11",",6","0",",6","0",",6","","","19060317",",,6","","","19060311",",,6","","","19060326",",,6","19060302",",,6","-17.2",",6,17,","","","203",",,6,11,","30.5",",,6,26,","15.0",",6,02,","2838.5","6","592.1",",6","77.2",",,,6","355",",,,6","-0.77",",6","3.44",",,,6","-4.97",",,,6"
"USC00238051","1906-04","39.97018","-91.88753","214.9","STEFFENVILLE, MO US","5.4","6","5.4","1,6","8",",6","5",",6","2",",6","","","","","0","1,6","3","1,6","0",",6","15",",6","0",",6","","","19060401",",1,6","","","","","","","19060407",",,6","19060423",",,6","-2.8","1,6,01,","","","","","29.2",",,6,07,","29.4",",6,23,","2983.5","6","145.0",",6","91.0",",,,6","","","13.61","1,6","20.17",",,,6","7.05","1,,,6"
"USC00238051","1906-05","39.97018","-91.88753","214.9","STEFFENVILLE, MO US","53.4","6","48.0","3,6","8",",6","7",",6","0",",6","","","","","0","2,6","1","2,6","0","1,6","24","1,6","0","1,6","","","19060507",",2,6","","","","","","","19060524",",,6","19060523","+,1,6","0.0","2,6,07,","","","","","14.7",",,6,24,","31.1","1,6,23,+","3048.8","6","65.3","1,6","43.4",",,,6","","","17.99","3,6","24.98","1,,,6","11.00","2,,,6"
"USC00238051","1906-06","39.97018","-91.88753","214.9","STEFFENVILLE, MO US","172.3","6","118.9",",6","6",",6","6",",6","0",",6","","","","","0",",6","0",",6","0",",6","30",",6","9",",6","","","19060611",",,6","","","","","","","19060607",",,6","19060629",",,6","9.4",",6,11,","","","","","7.6",",,6,07,","34.4",",6,29,","3052.7","6","3.9",",6","24.8",",,,6","","","22.16",",6","28.50",",,,6","15.83",",,,6"
"USC00238051","1906-07","39.97018","-91.88753","214.9","STEFFENVILLE, MO US","350.0","6","177.7",",6","7",",6","4",",6","0",",6","","","","","0",",6","0",",6","0",",6","31",",6","13",",6","","","19060716","+,,6","","","","","","","19060728","+,,6","19060722",",,6","12.2",",6,16,+","","","","","12.4",",,6,28,+","37.8",",6,22,","0.0","6","0.0",",6","40.5",",,,6","","","24.06",",6","31.60",",,,6","16.53",",,,6"
"USC00238051","1906-08","39.97018","-91.88753","214.9","STEFFENVILLE, MO US","535.0","6","185.0","3,6","9",",6","7",",6","3",",6","","","","","0","2,6","0","2,6","0","3,6","28","3,6","14","3,6","","","19060828",",2,6","","","","","","","19060819",",,6","19060802",",3,6","11.7","2,6,28,","","","","","83.8",",,6,19,","36.1","3,6,02,","0.0","6","0.0","3,6","195.6",",,,6","","","24.98","3,6","31.68","3,,,6","18.28","2,,,6"
"USC00238051","1906-09","39.97018","-91.88753","214.9","STEFFENVILLE, MO US","666.3","6","131.3",",6","4",",6","4",",6","3",",6","","","","","0",",6","0",",6","0",",6","28",",6","9",",6","","","19060930",",,6","","","","","","","19060907",",,6","19060917",",,6","7.2",",6,30,","","","","","47.0",",,6,07,","35.6",",6,17,","8.1","6","8.1",",6","134.7",",,,6","","","22.44",",6","28.74",",,,6","16.15",",,,6"
"USC00238051","1906-10","39.97018","-91.88753","214.9","STEFFENVILLE, MO US","673.5","6","7.2","4,6","1",",6","1",",6","0",",6","","","","","0","4,6","4","4,6","0","1,6","16","1,6","0","1,6","","","19061025","+,4,6","","","","","","","19061022",",,6","19061004",",1,6","-3.9","4,6,25,+","","","","","11.4",",,6,22,","28.9","1,6,04,","159.3","6","151.2","1,6","11.4",",,,6","","","13.16","4,6","20.28","1,,,6","6.04","4,,,6"
"USC00238051","1906-11","39.97018","-91.88753","214.9","STEFFENVILLE, MO US","674.1","6","0.6","1,6","7",",6","7",",6","0",",6","","","2",",6","0","1,6","20","1,6","3","1,6","3","1,6","0","1,6","","","19061113",",1,6","","","19061121","+,,6","","","19061120",",,6","19061106",",1,6","-9.4","1,6,13,","","","25",",,6,21,+","21.6",",,6,20,","25.6","1,6,06,","556.5","6","397.2","1,6","57.2",",,,6","50",",,,6","4.66","1,6","10.12","1,,,6","-0.81","1,,,6"
"USC00238051","1906-12","39.97018","-91.88753","214.9","STEFFENVILLE, MO US","674.1","6","0.0","2,6","8","1,6","6","1,6","0","1,6","","","2",",6","1","1,6","25","1,6","7","1,6","0","1,6","0","1,6","","","19061223",",1,6","","","19061223",",,6","","","19061230",",1,6","19061213",",1,6","-17.8","1,6,23,","","","89",",,6,23,","22.9","1,,6,30,","19.4","1,6,13,","1082.8","6","526.3","1,6","50.6","1,,,6","153",",,,6","0.25","2,6","4.92","1,,,6","-4.43","1,,,6"
"USC00238051","1907-01","39.97018","-91.88753","214.9","STEFFENVILLE, MO US","0.0","6","0.0","1,6","12",",6","6",",6","2",",6","","","","","1",",6","27",",6","8","1,6","1","1,6","0","1,6","","","19070126",",,6","","","","","","","19070119",",,6","19070107",",1,6","-18.3",",6,26,","","","","","61.0",",,6,19,","21.7","1,6,07,","1650.7","6","567.9","1,6","150.1",",,,6","","","-0.52","1,6","4.43","1,,,6","-5.48",",,,6"
"USC00238051","1907-02","39.97018","-91.88753","214.9","STEFFENVILLE, MO US","0.0","6","0.0","1,6","4",",6","3",",6","0",",6","","","2",",6","3","1,6","26","1,6","8","1,6","0","1,6","0","1,6","","","19070206",",1,6","","","19070201",",,6","","","19070201",",,6","19070218",",1,6","-22.2","1,6,06,","","","76",",,6,01,","15.2",",,6,01,","17.2","1,6,18,","2171.9","6","521.2","1,6","30.0",",,,6","127",",,,6","-0.97","1,6","4.32","1,,,6","-6.26","1,,,6"
"USC00238051","1907-03","39.97018","-91.88753","214.9","STEFFENVILLE, MO US","16.7","6","16.7","1,6","8",",6","8",",6","3",",6","","","2",",6","0","1,6","14","1,6","0",",6","11",",6","1",",6","","","19070314","+,1,6","","","19070309",",,6","","","19070327",",,6","19070320",",,6","-3.9","1,6,14,+","","","64",",,6,09,","26.7",",,6,27,","32.2",",6,20,","2448.1","6","276.2",",6","111.2",",,,6","115",",,,6","9.68","1,6","15.95",",,,6","3.41","1,,,6"
"USC00238051","1907-04","39.97018","-91.88753","214.9","STEFFENVILLE, MO US","16.7","6","0.0",",6","7",",6","7",",6","0",",6","","","","","0",",6","12",",6","0",",6","6",",6","0",",6","","","19070415",",,6","","","","","","","19070429",",,6","19070428",",,6","-4.4",",6,15,","","","","","21.6",",,6,29,","26.1",",6,28,","2753.5","6","305.4",",6","64.5",",,,6","","","8.15",",6","14.67",",,,6","1.63",",,,6"
"USC00238051","1907-05","39.97018","-91.88753","214.9","STEFFENVILLE, MO US","37.6","6","20.9","3,6","10",",6","8",",6","1",",6","","","","","0","3,6","1","3,6","0","1,6","13","1,6","0","1,6","","","19070504",",3,6","","","","","","","19070513",",,6","19070523",",1,6","-3.3","3,6,04,","","","","","55.9",",,6,13,","30.0","1,6,23,","2889.8","6","136.3","1,6","107.8",",,,6","","","14.15","3,6","20.08","1,,,6","8.22","3,,,6"
"USC00238051","1907-06","39.97018","-91.88753","214.9","STEFFENVILLE, MO US","129.5","6","91.9","1,6","10",",6","10",",6","2",",6","","","","","0","1,6","0","1,6","0","1,6","29","1,6","0","1,6","","","19070606",",1,6","","","","","","","19070610",",,6","19070630","+,1,6","7.2","1,6,06,","","","","","38.1",",,6,10,","31.1","1,6,30,+","2903.2","6","13.4","1,6","162.1",",,,6","","","21.04","1,6","26.86","1,,,6","15.23","1,,,6"
"USC00238051","1907-07","39.97018","-91.88753","214.9","STEFFENVILLE, MO US","323.0","6","193.5",",6","14",",6","11",",6","2",",6","","","","","0",",6","0",",6","0",",6","31",",6","10",",6","","","19070727",",,6","","","","","","","19070716",",,6","19070725","+,,6","13.9",",6,27,","","","","","38.1",",,6,16,","33.9",",6,25,+","0.0","6","0.0",",6","183.2",",,,6","","","24.57",",6","29.84",",,,6","19.31",",,,6"
"USC00238051","1907-08","39.97018","-91.88753","214.9","STEFFENVILLE, MO US","486.1","6","163.1",",6","11",",6","11",",6","3",",6","","","","","0",",6","0",",6","0",",6","31",",6","7",",6","","","19070802",",,6","","","","","","","19070805",",,6","19070831",",,6","10.6",",6,02,","","","","","32.0",",,6,05,","36.7",",6,31,","1.9","6","1.9",",6","179.7",",,,6","","","23.53",",6","29.07",",,,6","18.00",",,,6"
"USC00238051","1907-09","39.97018","-91.88753","214.9","STEFFENVILLE, MO US","558.2","6","72.1",",6","6",",6","6",",6","0",",6","","","","","0",",6","0",",6","0",",6","26",",6","6",",6","","","19070925",",,6","","","","","","","19070927",",,6","19070918","+,,6","2.2",",6,25,","","","","","19.1",",,6,27,","33.9",",6,18,+","39.4","6","37.5",",6","48.3",",,,6","","","19.49",",6","26.24",",,,6","12.73",",,,6"
"USC00238051","1907-10","39.97018","-91.88753","214.9","STEFFENVILLE, MO US","558.2","6","0.0","3,6","5",",6","4",",6","0",",6","","","","","0","2,6","4","2,6","0","1,6","18","1,6","0","1,6","","","19071028",",2,6","","","","","","","19071001",",,6","19071022",",1,6","-6.1","2,6,28,","","","","","9.4",",,6,01,","30.6","1,6,22,","199.0","6","159.6","1,6","26.3",",,,6","","","12.70","3,6","20.33","1,,,6","5.07","2,,,6"
"USC00238051","1907-11","39.97018","-91.88753","214.9","STEFFENVILLE, MO US","558.2","6","0.0","1,6","3",",6","2",",6","1",",6","","","","","0","1,6","19","1,6","0",",6","1",",6","0",",6","","","19071115","+,1,6","","","","","","","19071125",",,6","19071102",",,6","-9.4","1,6,15,+","","","","","31.8",",,6,25,","21.1",",6,02,","570.7","6","371.7",",6","42.3",",,,6","","","5.53","1,6","13.17",",,,6","-2.11","1,,,6"
"USC00238051","1907-12","39.97018","-91.88753","214.9","STEFFENVILLE, MO US","558.2","6","0.0","1,6","6",",6","6",",6","0",",6","","","3",",6","0","1,6","27","1,6","2",",6","0",",6","0",",6","","","19071204",",1,6","","","19071221",",,6","","","19071221",",,6","19071208",",,6","-11.1","1,6,04,","","","51",",,6,21,","7.6",",,6,21,","16.7",",6,08,","1084.3","6","513.6",",6","21.4",",,,6","101",",,,6","1.37","1,6","6.72",",,,6","-3.98","1,,,6"
"USC00238051","1908-01","39.97018","-91.88753","214.9","STEFFENVILLE, MO US","0.0","6","0.0","2,6","3","1,6","2","1,6","0","1,6","","","2",",6","1","1,6","27","1,6","3","1,6","0","1,6","0","1,6","","","19080129",",1,6","","","19080111",",,6","","","19080110",",1,6","19080122",",1,6","-18.3","1,6,29,","","","102",",,6,11,","10.2","1,,6,10,","20.0","1,6,22,","1610.2","6","525.9","1,6","15.6","1,,,6","153",",,,6","0.02","2,6","6.35","1,,,6","-6.31","1,,,6"
"USC00238051","1908-02","39.97018","-91.88753","214.9","STEFFENVILLE, MO US","0.0","6","0.0","2,6","6",",6","6",",6","2",",6","","","3",",6","2","2,6","24","2,6","3","1,6","0","1,6","0","1,6","","","19080202",",2,6","","","19080218",",,6","","","19080214",",,6","19080212",",1,6","-19.4","2,6,02,","","","254",",,6,18,","38.1",",,6,14,","15.6","1,6,12,","2121.7","6","511.5","1,6","94.5",",,,6","330",",,,6","-0.62","2,6","4.79","1,,,6","-6.02","2,,,6"
"USC00238051","1908-03","39.97018","-91.88753","214.9","STEFFENVILLE, MO US","0.0","6","0.0",",6","2",",6","2",",6","0",",6","","","0",",6","0",",6","15",",6","0",",6","8",",6","0",",6","","","19080303",",,6","","","19080331","+,,6","","","19080327",",,6","19080325",",,6","-3.9",",6,03,","","","0",",,6,31,+","20.3",",,6,27,","26.7",",6,25,","2444.9","6","323.2",",6","22.8",",,,6","0",",,,6","7.91",",6","14.72",",,,6","1.09",",,,6"
"USC00238051","1908-04","39.97018","-91.88753","214.9","STEFFENVILLE, MO US","6.8","6","6.8",",6","8",",6","7",",6","0",",6","","","","","0",",6","6",",6","0",",6","12",",6","0",",6","","","19080403",",,6","","","","","","","19080415",",,6","19080420",",,6","-5.0",",6,03,","","","","","15.2",",,6,15,","28.9",",6,20,","2623.7","6","178.8",",6","49.3",",,,6","","","12.60",",6","19.50",",,,6","5.70",",,,6"
"USC00238051","1908-05","39.97018","-91.88753","214.9","STEFFENVILLE, MO US","77.4","6","70.6",",6","11",",6","10",",6","1",",6","","","","","0",",6","1",",6","0",",6","22",",6","0",",6","","","19080502",",,6","","","","","","","19080529",",,6","19080516",",,6","-1.7",",6,02,","","","","","43.2",",,6,29,","31.1",",6,16,","2705.9","6","82.2",",6","157.9",",,,6","","","17.96",",6","23.26",",,,6","12.65",",,,6"
"USC00238051","1908-06","39.97018","-91.88753","214.9","STEFFENVILLE, MO US","179.5","6","102.1",",6","12",",6","8",",6","2",",6","","","","","0",",6","0",",6","0",",6","27",",6","0",",6","","","19080616","+,,6","","","","","","","19080613",",,6","19080620",",,6","9.4",",6,16,+","","","","","64.0",",,6,13,","31.7",",6,20,","2724.8","6","18.9",",6","149.2",",,,6","","","21.11",",6","26.08",",,,6","16.13",",,,6"
"USC00238051","1908-07","39.97018","-91.88753","214.9","STEFFENVILLE, MO US","357.2","6","177.7","1,6","5",",6","4",",6","0",",6","","","","","0","1,6","0","1,6","0",",6","31",",6","12",",6","","","19080708",",1,6","","","","","","","19080724",",,6","19080730",",,6","12.8","1,6,08,","","","","","22.9",",,6,24,","36.1",",6,30,","0.0","6","0.0",",6","62.3",",,,6","","","24.21","1,6","30.29",",,,6","18.14","1,,,6"
"USC00238051","1908-08","39.97018","-91.88753","214.9","STEFFENVILLE, MO US","526.4","6","169.2",",6","4",",6","4",",6","1",",6","","","","","0",",6","0",",6","0",",6","31",",6","13",",6","","","19080825","+,,6","","","","","","","19080806",",,6","19080803",",,6","11.1",",6,25,+","","","","","59.7",",,6,06,","36.7",",6,03,","0.6","6","0.6",",6","94.4",",,,6","","","23.77",",6","30.33",",,,6","17.22",",,,6"
"USC00238051","1908-09","39.97018","-91.88753","214.9","STEFFENVILLE, MO US","657.7","6","131.3",",6","6",",6","5",",6","2",",6","","","","","0",",6","1",",6","0",",6","28",",6","13",",6","","","19080929",",,6","","","","","","","19080927",",,6","19080919",",,6","-0.6",",6,29,","","","","","49.5",",,6,27,","35.6",",6,19,","30.3","6","29.7",",6","106.7",",,,6","","","21.72",",6","29.44",",,,6","14.00",",,,6"
"USC00238051","1908-10","39.97018","-91.88753","214.9","STEFFENVILLE, MO US","677.2","6","19.5","2,6","6",",6","6",",6","0",",6","","","0",",6","0",",6","7",",6","0","2,6","16","2,6","0","2,6","","","19081028",",,6","","","19081024",",,6","","","19081021",",,6","19081017",",2,6","-3.9",",6,28,","","","0",",T,6,24,","10.2",",,6,21,","30.6","2,6,17,","204.5","6","174.2","2,6","30.6",",,,6","0",",T,,6","13.00","2,6","20.24","2,,,6","5.76",",,,6"
"USC00238051","1908-11","39.97018","-91.88753","214.9","STEFFENVILLE, MO US","677.2","6","0.0","3,6","6",",6","6",",6","1",",6","","","0",",6","0","2,6","13","2,6","0","1,6","5","1,6","0","1,6","","","19081115",",2,6","","","19081113","+,,6","","","19081125",",,6","19081118",",1,6","-8.9","2,6,15,","","","0",",T,6,13,+","29.7",",,6,25,","23.9","1,6,18,","503.9","6","299.4","1,6","85.4",",,,6","0",",T,,6","7.56","3,6","14.49","1,,,6","0.64","2,,,6"
"USC00238051","1908-12","39.97018","-91.88753","214.9","STEFFENVILLE, MO US","677.2","6","0.0",",6","2",",6","2",",6","0",",6","","","1",",6","0",",6","27",",6","3",",6","0",",6","0",",6","","","19081202",",,6","","","19081206",",,6","","","19081206",",,6","19081216","+,,6","-15.6",",6,02,","","","25",",,6,06,","8.9",",,6,06,","15.6",",6,16,+","1028.3","6","524.4",",6","14.0",",,,6","25",",,,6","1.42",",6","7.00",",,,6","-4.16",",,,6"
"USC00238051","1909-01","39.97018","-91.88753","214.9","STEFFENVILLE, MO US","0.0","6","0.0","1,6","9",",6","9",",6","1",",6","","","8",",6","4",",6","25",",6","11","1,6","1","1,6","0","1,6","","","19090106",",,6","","","19090113","+,,6","","","19090128",",,6","19090123",",1,6","-21.7",",6,06,","","","51",",,6,13,+","34.3",",,6,28,","23.3","1,6,23,","1606.1","6","577.8","1,6","77.5",",,,6","330",",,,6","-1.19","1,6","3.72","1,,,6","-6.10",",,,6"
"USC00238051","1909-02","39.97018","-91.88753","214.9","STEFFENVILLE, MO US","0.0","6","0.0",",6","11",",6","10",",6","0",",6","","","5",",6","0",",6","24",",6","4",",6","0",",6","0",",6","","","19090215",",,6","","","19090215",",,6","","","19090209",",,6","19090204",",,6","-15.0",",6,15,","","","64",",,6,15,","12.7",",,6,09,","17.8",",6,04,","2090.3","6","484.2",",6","61.2",",,,6","169",",,,6","1.04",",6","7.48",",,,6","-5.40",",,,6"
"USC00238051","1909-03","39.97018","-91.88753","214.9","STEFFENVILLE, MO US","0.0","6","0.0",",6","4",",6","4",",6","1",",6","","","","","0",",6","23",",6","0",",6","0",",6","0",",6","","","19090317",",,6","","","","","","","19090308",",,6","19090301",",,6","-10.6",",6,17,","","","","","29.2",",,6,08,","20.0",",6,01,","2529.5","6","439.2",",6","72.3",",,,6","","","4.16",",6","9.94",",,,6","-1.61",",,,6"
"USC00238051","1909-04","39.97018","-91.88753","214.9","STEFFENVILLE, MO US","6.4","6","6.4",",6","9",",6","8",",6","1",",6","","","0",",6","0",",6","7",",6","0",",6","9",",6","0",",6","","","19090410",",,6","","","19090412",",,6","","","19090406",",,6","19090429",",,6","-4.4",",6,10,","","","0",",T,6,12,","32.3",",,6,06,","30.6",",6,29,","2760.9","6","231.4",",6","118.1",",,,6","0",",T,,6","10.84",",6","17.78",",,,6","3.89",",,,6"
"USC00238051","1909-05","39.97018","-91.88753","214.9","STEFFENVILLE, MO US","25.9","6","19.5",",6","7",",6","7",",6","1",",6","","","","","0",",6","2",",6","0",",6","23",",6","1",",6","","","19090502","+,,6","","","","","","","19090525",",,6","19090505",",,6","-1.1",",6,02,+","","","","","76.2",",,6,25,","32.2",",6,05,","2853.5","6","92.6",",6","167.4",",,,6","","","15.97",",6","22.38",",,,6","9.56",",,,6"
"USC00238051","1909-06","39.97018","-91.88753","214.9","STEFFENVILLE, MO US","141.7","6","115.8","1,6","8",",6","7",",6","3",",6","","","","","0","1,6","0","1,6","0","1,6","29","1,6","2","1,6","","","19090615",",1,6","","","","","","","19090626",",,6","19090630","+,1,6","10.0","1,6,15,","","","","","44.5",",,6,26,","32.2","1,6,30,+","2856.0","6","2.5","1,6","143.0",",,,6","","","22.24","1,6","27.58","1,,,6","16.90","1,,,6"
"USC00238051","1909-07","39.97018","-91.88753","214.9","STEFFENVILLE, MO US","298.9","6","157.2","1,6","9",",6","9",",6","4",",6","","","","","0","1,6","0","1,6","0",",6","31",",6","2",",6","","","19090705",",1,6","","","","","","","19090705",",,6","19090701",",,6","12.2","1,6,05,","","","","","78.0",",,6,05,","32.8",",6,01,","0.0","6","0.0",",6","219.8",",,,6","","","23.56","1,6","28.98",",,,6","18.15","1,,,6"
"USC00238051","1909-08","39.97018","-91.88753","214.9","STEFFENVILLE, MO US","545.1","6","246.2",",6","1",",6","1",",6","0",",6","","","","","0",",6","0",",6","0",",6","31",",6","22",",6","","","19090830","+,,6","","","","","","","19090825",",,6","19090827",",,6","10.0",",6,30,+","","","","","2.5",",,6,25,","37.2",",6,27,","0.0","6","0.0",",6","2.5",",,,6","","","26.28",",6","33.43",",,,6","19.12",",,,6"
"USC00238051","1909-09","39.97018","-91.88753","214.9","STEFFENVILLE, MO US","612.3","6","67.2","1,6","8",",6","7",",6","1",",6","","","","","0","1,6","0","1,6","0",",6","26",",6","3",",6","","","19090927",",1,6","","","","","","","19090914",",,6","19090913","+,,6","3.3","1,6,27,","","","","","37.6",",,6,14,","33.3",",6,13,+","35.6","6","35.6",",6","95.1",",,,6","","","19.30","1,6","25.83",",,,6","12.78","1,,,6"
"USC00238051","1909-10","39.97018","-91.88753","214.9","STEFFENVILLE, MO US","629.6","6","17.3","1,6","9",",6","7",",6","0",",6","","","0",",6","0","1,6","7","1,6","0",",6","13",",6","2",",6","","","19091013",",1,6","","","19091014","+,,6","","","19091017",",,6","19091002",",,6","-4.4","1,6,13,","","","0",",T,6,14,+","22.9",",,6,17,","32.8",",6,02,","240.5","6","204.9",",6","91.1",",,,6","0",",T,,6","12.21","1,6","19.00",",,,6","5.42","1,,,6"
"USC00238051","1909-11","39.97018","-91.88753","214.9","STEFFENVILLE, MO US","630.7","6","1.1",",6","7",",6","7",",6","0",",6","","","","","0",",6","7",",6","0",",6","11",",6","0",",6","","","19091118",",,6","","","","","","","19091101",",,6","19091105",",,6","-8.9",",6,18,","","","","","21.6",",,6,01,","28.9",",6,05,","485.9","6","245.4",",6","82.6",",,,6","","","10.19",",6","16.74",",,,6","3.64",",,,6"
"USC00238051","1909-12","39.97018","-91.88753","214.9","STEFFENVILLE, MO US","630.7","6","0.0","2,6","9",",6","8",",6","0",",6","","","5",",6","8","2,6","25","2,6","22",",6","0",",6","0",",6","","","19091229","+,2,6","","","19091224",",,6","","","19091205",",,6","19091204",",,6","-23.3","2,6,29,+","","","102",",,6,24,","24.1",",,6,05,","14.4",",6,04,","1194.0","6","708.1",",6","91.5",",,,6","343",",,,6","-6.05","2,6","-1.36",",,,6","-10.75","2,,,6"
"USC00238051","1910-01","39.97018","-91.88753","214.9","STEFFENVILLE, MO US","0.0","6","0.0",",6","7",",6","4",",6","1",",6","","","","","3",",6","28",",6","8",",6","0",",6","0",",6","","","19100106",",,6","","","","","","","19100112",",,6","19100119",",,6","-21.1",",6,06,","","","","","49.8",",,6,12,","11.7",",6,19,","1834.3","6","640.3",",6","60.9",",,,6","","","-2.32",",6","2.17",",,,6","-6.82",",,,6"
"USC00238051","1910-02","39.97018","-91.88753","214.9","STEFFENVILLE, MO US","0.0","6","0.0",",6","3",",6","2",",6","0",",6","","","0",",6","1",",6","26",",6","6",",6","0",",6","0",",6","","","19100223",",,6","","","19100221",",,6","","","19100226","+,,6","19100214",",,6","-20.0",",6,23,","","","13",",,6,21,","12.7",",,6,26,+","15.0",",6,14,","2408.3","6","574.0",",6","26.7",",,,6","18",",,,6","-2.17",",6","3.38",",,,6","-7.72",",,,6"
"USC00238051","1910-03","39.97018","-91.88753","214.9","STEFFENVILLE, MO US","21.4","6","21.4",",6","1",",6","1",",6","0",",6","","","","","0",",6","13",",6","0",",6","15",",6","0",",6","","","19100315",",,6","","","","","","","19100330",",,6","19100323",",,6","-6.1",",6,15,","","","","","12.7",",,6,30,","31.7",",6,23,","2616.2","6","207.9",",6","12.7",",,,6","","","12.32",",6","20.27",",,,6","4.36",",,,6"
"USC00238051","1910-04","39.97018","-91.88753","214.9","STEFFENVILLE, MO US","30.6","6","9.2",",6","13",",6","11",",6","2",",6","","","","","0",",6","6",",6","0",",6","16",",6","1",",6","","","19100425",",,6","","","","","","","19100415",",,6","19100429",",,6","-5.6",",6,25,","","","","","30.5",",,6,15,","32.2",",6,29,","2809.6","6","193.4",",6","131.8",",,,6","","","12.19",",6","18.81",",,,6","5.57",",,,6"
"USC00238051","1910-05","39.97018","-91.88753","214.9","STEFFENVILLE, MO US","40.0","6","9.4",",6","12",",6","11",",6","3",",6","","","","","0",",6","0",",6","0",",6","18",",6","0",",6","","","19100504",",,6","","","","","","","19100511",",,6","19100521",",,6","2.2",",6,04,","","","","","58.9",",,6,11,","28.3",",6,21,","2929.4","6","119.8",",6","217.9",",,,6","","","14.77",",6","20.69",",,,6","8.85",",,,6"
"USC00238051","1910-06","39.97018","-91.88753","214.9","STEFFENVILLE, MO US","162.4","6","122.4",",6","4",",6","3",",6","0",",6","","","","","0",",6","0",",6","0",",6","26",",6","9",",6","","","19100603",",,6","","","","","","","19100625",",,6","19100630",",,6","6.7",",6,03,","","","","","20.3",",,6,25,","33.9",",6,30,","2956.9","6","27.5",",6","35.8",",,,6","","","21.50",",6","27.28",",,,6","15.71",",,,6"
"USC00238051","1910-07","39.97018","-91.88753","214.9","STEFFENVILLE, MO US","341.7","6","179.3",",6","","","","","","","","","","","0",",6","0",",6","0",",6","31",",6","9",",6","","","19100719","+,,6","","","","","","","","","19100725","+,,6","12.8",",6,19,+","","","","","","","35.0",",6,25,+","0.0","6","0.0",",6","","","","","24.12",",6","30.02",",,,6","18.21",",,,6"
"USC00238051","1910-08","39.97018","-91.88753","214.9","STEFFENVILLE, MO US","494.4","6","152.7",",6","4",",6","4",",6","1",",6","","","","","0",",6","0",",6","0",",6","31",",6","6",",6","","","19100827","+,,6","","","","","","","19100821",",,6","19100823","+,,6","8.9",",6,27,+","","","","","55.9",",,6,21,","33.9",",6,23,+","3.0","6","3.0",",6","69.4",",,,6","","","23.16",",6","28.68",",,,6","17.64",",,,6"
"USC00238051","1910-09","39.97018","-91.88753","214.9","STEFFENVILLE, MO US","559.8","6","65.4",",6","9",",6","8",",6","1",",6","","","","","0",",6","0",",6","0",",6","26",",6","1",",6","","","19100927",",,6","","","","","","","19100904",",,6","19100918",",,6","5.6",",6,27,","","","","","44.5",",,6,04,","32.2",",6,18,","26.1","6","23.1",",6","119.5",",,,6","","","19.75",",6","25.11",",,,6","14.38",",,,6"
"USC00238051","1910-10","39.97018","-91.88753","214.9","STEFFENVILLE, MO US","599.6","6","39.8",",6","4",",6","4",",6","1",",6","","","0",",6","0",",6","3",",6","0",",6","22",",6","1",",6","","","19101029",",,6","","","19101028",",,6","","","19101003",",,6","19101002",",,6","-6.7",",6,29,","","","0",",T,6,28,","25.4",",,6,03,","32.8",",6,02,","141.2","6","115.1",",6","41.9",",,,6","0",",T,,6","15.90",",6","23.35",",,,6","8.46",",,,6"
"USC00238051","1910-11","39.97018","-91.88753","214.9","STEFFENVILLE, MO US","599.6","6","0.0",",6","3",",6","2",",6","0",",6","","","0",",6","0",",6","23",",6","2",",6","1",",6","0",",6","","","19101117","+,,6","","","19101119",",,6","","","19101104",",,6","19101107",",,6","-9.4",",6,17,+","","","0",",T,6,19,","12.7",",,6,04,","21.1",",6,07,","572.5","6","431.3",",6","21.6",",,,6","0",",T,,6","3.96",",6","10.12",",,,6","-2.20",",,,6"
"USC00238051","1910-12","39.97018","-91.88753","214.9","STEFFENVILLE, MO US","599.6","6","0.0","1,6","2",",6","1",",6","0",",6","","","0",",6","0",",6","30",",6","3","1,6","0","1,6","0","1,6","","","19101213",",,6","","","19101231","+,,6","","","19101228",",,6","19101216","+,1,6","-16.7",",6,13,","","","0",",,6,31,+","21.6",",,6,28,","8.9","1,6,16,+","1176.3","6","603.8","1,6","22.9",",,,6","0",",,,6","-1.73","1,6","3.96","1,,,6","-7.43",",,,6"
"USC00238051","1911-01","39.97018","-91.88753","214.9","STEFFENVILLE, MO US","0.0","6","0.0","1,6","","","","","","","","","2",",6","3","1,6","24","1,6","8",",6","0",",6","0",",6","","","19110103",",1,6","","","19110117",",,6","","","","","19110110",",,6","-23.3","1,6,03,","","","64",",,6,17,","","","17.8",",6,10,","1739.7","6","563.4",",6","","","102",",,,6","-0.53","1,6","4.75",",,,6","-5.81","1,,,6"
"USC00238051","1911-02","39.97018","-91.88753","214.9","STEFFENVILLE, MO US","0.0","6","0.0",",6","7","3,6","6","3,6","0","3,6","","","2",",6","0",",6","20",",6","3",",6","1",",6","0",",6","","","19110221",",,6","","","19110219",",,6","","","19110217",",3,6","19110201",",,6","-12.2",",6,21,","","","64",",,6,19,","21.6","3,,6,17,","23.3",",6,01,","2210.3","6","470.6",",6","74.5","3,,,6","102",",,,6","1.53",",6","6.87",",,,6","-3.81",",,,6"
"USC00238051","1911-03","39.97018","-91.88753","214.9","STEFFENVILLE, MO US","0.0","6","0.0","1,6","3",",6","3",",6","1",",6","","","0",",6","0",",6","20",",6","0","1,6","6","1,6","0","1,6","","","19110316",",,6","","","19110331","+,,6","","","19110306",",,6","19110310",",1,6","-11.7",",6,16,","","","0",",T,6,31,+","32.0",",,6,06,","26.1","1,6,10,","2555.2","6","344.9","1,6","56.1",",,,6","0",",T,,6","6.76","1,6","14.55","1,,,6","-1.03",",,,6"
"USC00238051","1911-04","39.97018","-91.88753","214.9","STEFFENVILLE, MO US","2.8","6","2.8","1,6","13",",6","10",",6","2",",6","","","0",",6","0",",6","3",",6","0","1,6","7","1,6","0","1,6","","","19110401",",,6","","","19110430","+,,6","","","19110404",",,6","19110417",",1,6","-1.7",",6,01,","","","0",",,6,30,+","27.9",",,6,04,","25.0","1,6,17,","2790.7","6","235.5","1,6","129.0",",,,6","0",",,,6","10.35","1,6","16.26","1,,,6","4.45",",,,6"
"USC00238051","1911-05","39.97018","-91.88753","214.9","STEFFENVILLE, MO US","112.7","6","109.9","1,6","7",",6","2",",6","0",",6","","","0",",6","0","1,6","0","1,6","0",",6","27",",6","5",",6","","","19110502",",1,6","","","19110531","+,,6","","","19110531",",,6","19110527",",,6","1.1","1,6,02,","","","0",",,6,31,+","24.1",",,6,31,","36.1",",6,27,","2836.8","6","46.1",",6","37.0",",,,6","0",",,,6","20.41","1,6","27.33",",,,6","13.49","1,,,6"
"USC00238051","1911-06","39.97018","-91.88753","214.9","STEFFENVILLE, MO US","363.5","6","250.8","1,6","5",",6","4",",6","0",",6","","","0",",6","0","1,6","0","1,6","0","1,6","29","1,6","22","1,6","","","19110628","+,1,6","","","19110630","+,,6","","","19110624",",,6","19110630","+,1,6","12.8","1,6,28,+","","","0",",,6,30,+","10.7",",,6,24,","40.0","1,6,30,+","2836.8","6","0.0","1,6","40.0",",,,6","0",",,,6","26.98","1,6","35.07","1,,,6","18.90","1,,,6"
"USC00238051","1911-07","39.97018","-91.88753","214.9","STEFFENVILLE, MO US","629.3","6","265.8",",6","7",",6","6",",6","3",",6","","","0",",6","0",",6","0",",6","0",",6","31",",6","24",",6","","","19110726","+,,6","","","19110731","+,,6","","","19110719",",,6","19110703",",,6","10.0",",6,26,+","","","0",",,6,31,+","63.0",",,6,19,","45.0",",6,03,","0.0","6","0.0",",6","185.3",",,,6","0",",,,6","26.91",",6","35.22",",,,6","18.60",",,,6"
"USC00238051","1911-08","39.97018","-91.88753","214.9","STEFFENVILLE, MO US","844.1","6","214.8","1,6","4",",6","3",",6","1",",6","","","0",",6","0",",6","0",",6","0","1,6","30","1,6","23","1,6","","","19110829","+,,6","","","19110831","+,,6","","","19110807",",,6","19110810",",1,6","7.8",",6,29,+","","","0",",,6,31,+","27.9",",,6,07,","41.1","1,6,10,","0.0","6","0.0","1,6","48.5",",,,6","0",",,,6","25.49","1,6","33.94","1,,,6","17.03",",,,6"
"USC00238051","1911-09","39.97018","-91.88753","214.9","STEFFENVILLE, MO US","980.3","6","136.2",",6","14",",6","12",",6","4",",6","","","0",",6","0",",6","0",",6","0",",6","28",",6","10",",6","","","19110922","+,,6","","","19110930","+,,6","","","19110927",",,6","19110902",",,6","10.0",",6,22,+","","","0",",,6,30,+","133.4",",,6,27,","40.6",",6,02,","5.6","6","5.6",",6","342.5",",,,6","0",",,,6","22.69",",6","29.45",",,,6","15.93",",,,6"
"USC00238051","1911-10","39.97018","-91.88753","214.9","STEFFENVILLE, MO US","993.6","6","13.3","2,6","9",",6","6",",6","1",",6","","","0",",6","0","1,6","3","1,6","0","1,6","13","1,6","0","1,6","","","19111029","+,1,6","","","19111027",",,6","","","19111001",",,6","19111003",",1,6","-1.1","1,6,29,+","","","0",",T,6,27,","50.8",",,6,01,","31.1","1,6,03,","171.7","6","166.1","1,6","80.7",",,,6","0",",T,,6","13.01","2,6","18.99","1,,,6","7.02","1,,,6"
"USC00238051","1911-11","39.97018","-91.88753","214.9","STEFFENVILLE, MO US","993.6","6","0.0","2,6","9","1,6","8","1,6","0","1,6","","","1",",6","0","1,6","22","1,6","1","1,6","1","1,6","0","1,6","","","19111129",",1,6","","","19111128",",,6","","","19111106",",1,6","19111111",",1,6","-16.7","1,6,29,","","","38",",,6,28,","17.0","1,,6,06,","27.2","1,6,11,","600.3","6","428.6","1,6","58.8","1,,,6","56",",,,6","2.83","2,6","8.94","1,,,6","-3.29","1,,,6"
"USC00238051","1911-12","39.97018","-91.88753","214.9","STEFFENVILLE, MO US","993.6","6","0.0",",6","8","1,6","8","1,6","0","1,6","","","2",",6","0",",6","24",",6","1",",6","0",",6","0",",6","","","19111231",",,6","","","19111216",",,6","","","19111220",",1,6","19111208",",,6","-16.7",",6,31,","","","64",",,6,16,","17.8","1,,6,20,","16.1",",6,08,","1099.2","6","498.9",",6","80.1","1,,,6","102",",,,6","2.24",",6","6.90",",,,6","-2.42",",,,6"
"USC00238051","1912-01","39.97018","-91.88753","214.9","STEFFENVILLE, MO US","0.0","6","0.0",",6","3","2,6","2","2,6","0","2,6","","","2",",6","13",",6","31",",6","22",",6","0",",6","0",",6","","","19120112",",,6","","","19120109","+,,6","","","19120109",",2,6","19120123",",,6","-30.0",",6,12,","","","25",",,6,09,+","7.6","2,,6,09,","8.9",",6,23,","1960.8","6","861.6",",6","11.6","2,,,6","76",",,,6","-9.46",",6","-4.22",",,,6","-14.70",",,,6"
"USC00238051","1912-02","39.97018","-91.88753","214.9","STEFFENVILLE, MO US","0.0","6","0.0","1,6","6","2,6","5","2,6","1","2,6","","","4","1,6","5",",6","28",",6","12","1,6","0","1,6","0","1,6","","","19120204",",,6","","","19120203",",1,6","","","19120226",",2,6","19120223",",1,6","-23.9",",6,04,","","","64","1,,6,03,","26.7","2,,6,26,","12.2","1,6,23,","2593.8","6","633.0","1,6","53.1","2,,,6","178","1,,,6","-4.12","1,6","1.08","1,,,6","-9.31",",,,6"
"USC00238051","1912-03","39.97018","-91.88753","214.9","STEFFENVILLE, MO US","0.0","6","0.0",",6","12",",6","12",",6","1",",6","","","9",",6","2",",6","25",",6","4",",6","0",",6","0",",6","","","19120306","+,,6","","","19120315","+,,6","","","19120311",",,6","19120331",",,6","-18.3",",6,06,+","","","76",",,6,15,+","33.0",",,6,11,","20.0",",6,31,","3151.1","6","557.3",",6","106.6",",,,6","456",",,,6","0.36",",6","6.33",",,,6","-5.61",",,,6"
"USC00238051","1912-04","39.97018","-91.88753","214.9","STEFFENVILLE, MO US","0.3","6","0.3","1,6","7",",6","7",",6","0",",6","","","0",",6","0",",6","4",",6","0","1,6","10","1,6","0","1,6","","","19120403",",,6","","","19120417",",,6","","","19120417",",,6","19120405",",1,6","-2.2",",6,03,","","","0",",T,6,17,","17.0",",,6,17,","26.1","1,6,05,","3331.1","6","180.0","1,6","77.5",",,,6","0",",T,,6","12.12","1,6","18.63","1,,,6","5.61",",,,6"
"USC00238051","1912-05","39.97018","-91.88753","214.9","STEFFENVILLE, MO US","101.6","6","101.3",",6","9",",6","8",",6","2",",6","","","","","0",",6","0",",6","0",",6","29",",6","4",",6","","","19120513",",,6","","","","","","","19120528",",,6","19120523","+,,6","3.9",",6,13,","","","","","40.6",",,6,28,","35.0",",6,23,+","3362.7","6","31.6",",6","105.1",",,,6","","","20.58",",6","27.90",",,,6","13.26",",,,6"
"USC00238051","1912-06","39.97018","-91.88753","214.9","STEFFENVILLE, MO US","216.9","6","115.3",",6","10",",6","7",",6","0",",6","","","","","0",",6","0",",6","0",",6","29",",6","9",",6","","","19120607",",,6","","","","","","","19120605",",,6","19120626",",,6","7.8",",6,07,","","","","","18.3",",,6,05,","37.8",",6,26,","3373.0","6","10.3",",6","54.9",",,,6","","","21.83",",6","29.26",",,,6","14.41",",,,6"
"USC00238051","1912-07","39.97018","-91.88753","214.9","STEFFENVILLE, MO US","476.6","6","259.7",",6","3",",6","3",",6","1",",6","","","","","0",",6","0",",6","0",",6","31",",6","27",",6","","","19120719",",,6","","","","","","","19120707",",,6","19120724",",,6","12.8",",6,19,","","","","","36.1",",,6,07,","40.0",",6,24,","0.0","6","0.0",",6","48.9",",,,6","","","26.71",",6","34.82",",,,6","18.60",",,,6"
"USC00238051","1912-08","39.97018","-91.88753","214.9","STEFFENVILLE, MO US","665.8","6","189.2","1,6","12",",6","11",",6","2",",6","","","","","0",",6","0",",6","0","1,6","30","1,6","13","1,6","","","19120804",",,6","","","","","","","19120815",",,6","19120829",",1,6","7.8",",6,04,","","","","","45.2",",,6,15,","37.8","1,6,29,","0.0","6","0.0","1,6","211.5",",,,6","","","24.57","1,6","31.41","1,,,6","17.72",",,,6"
"USC00238051","1912-09","39.97018","-91.88753","214.9","STEFFENVILLE, MO US","788.3","6","122.5",",6","6",",6","5",",6","1",",6","","","","","0",",6","2",",6","0",",6","24",",6","11",",6","","","19120930","+,,6","","","","","","","19120915",",,6","19120908",",,6","-0.6",",6,30,+","","","","","25.4",",,6,15,","38.9",",6,08,","54.4","6","54.4",",6","52.5",",,,6","","","20.61",",6","27.69",",,,6","13.52",",,,6"
"USC00238051","1912-10","39.97018","-91.88753","214.9","STEFFENVILLE, MO US","809.7","6","21.4",",6","6",",6","6",",6","1",",6","","","","","0",",6","3",",6","0",",6","24",",6","2",",6","","","19121023",",,6","","","","","","","19121022",",,6","19121006",",,6","-2.8",",6,23,","","","","","35.6",",,6,22,","34.4",",6,06,","170.6","6","116.2",",6","94.0",",,,6","","","15.27",",6","23.98",",,,6","6.57",",,,6"
"USC00238051","1912-11","39.97018","-91.88753","214.9","STEFFENVILLE, MO US","809.7","6","0.0","3,6","4",",6","3",",6","1",",6","","","0",",6","0","1,6","17","1,6","0","2,6","4","2,6","0","2,6","","","19121125",",1,6","","","19121101",",,6","","","19121105",",,6","19121110",",2,6","-7.8","1,6,25,","","","0",",T,6,01,","35.6",",,6,05,","23.9","2,6,10,","485.0","6","314.4","2,6","62.3",",,,6","0",",T,,6","6.98","3,6","14.04","2,,,6","-0.08","1,,,6"
"USC00238051","1912-12","39.97018","-91.88753","214.9","STEFFENVILLE, MO US","809.7","6","0.0","3,6","3",",6","3",",6","0",",6","","","0",",6","0","2,6","23","2,6","1","1,6","0","1,6","0","1,6","","","19121211",",2,6","","","19121217","+,,6","","","19121203",",,6","19121204",",1,6","-14.4","2,6,11,","","","0",",T,6,17,+","7.6",",,6,03,","17.2","1,6,04,","927.1","6","442.1","1,6","15.2",",,,6","0",",T,,6","2.51","3,6","8.68","1,,,6","-3.67","2,,,6"
"USC00238051","1913-01","39.97018","-91.88753","214.9","STEFFENVILLE, MO US","0.0","6","0.0",",6","7",",6","4",",6","0",",6","","","0","1,6","1",",6","27",",6","7",",6","0",",6","0",",6","","","19130112",",,6","","","19130105",",1,6","","","19130123",",,6","19130116",",,6","-21.1",",6,12,","","","20","1,,6,05,","8.9",",,6,23,","15.0",",6,16,","1522.5","6","595.4",",6","29.8",",,,6","46","1,,,6","-0.87",",6","5.02",",,,6","-6.76",",,,6"
"USC00238051","1913-02","39.97018","-91.88753","214.9","STEFFENVILLE, MO US","0.0","6","0.0",",6","6",",6","6",",6","1",",6","","","4",",6","3",",6","26",",6","10",",6","0",",6","0",",6","","","19130206","+,,6","","","19130226",",,6","","","19130221",",,6","19130218",",,6","-18.9",",6,06,+","","","64",",,6,26,","45.7",",,6,21,","20.6",",6,18,","2117.5","6","595.0",",6","75.3",",,,6","183",",,,6","-2.92",",6","3.16",",,,6","-8.99",",,,6"
"USC00238051","1913-03","39.97018","-91.88753","214.9","STEFFENVILLE, MO US","0.0","6","0.0","2,6","10","1,6","6","1,6","0","1,6","","","2",",6","3","1,6","18","1,6","4","1,6","1","1,6","0","1,6","","","19130302",",1,6","","","19130326",",,6","","","19130321",",1,6","19130330",",1,6","-21.1","1,6,02,","","","38",",,6,26,","24.1","1,,6,21,","23.3","1,6,30,","2544.5","6","427.0","1,6","94.6","1,,,6","76",",,,6","3.62","2,6","10.22","1,,,6","-2.98","1,,,6"
"USC00238051","1913-04","39.97018","-91.88753","214.9","STEFFENVILLE, MO US","6.1","6","6.1",",6","3",",6","3",",6","0",",6","","","","","0",",6","2",",6","0",",6","14",",6","0",",6","","","19130413","+,,6","","","","","","","19130403",",,6","19130430",",,6","0.0",",6,13,+","","","","","21.6",",,6,03,","31.1",",6,30,","2721.4","6","176.9",",6","33.0",",,,6","","","12.64",",6","20.09",",,,6","5.19",",,,6"
"USC00238051","1913-05","39.97018","-91.88753","214.9","STEFFENVILLE, MO US","63.2","6","57.1",",6","10",",6","8",",6","1",",6","","","","","0",",6","0",",6","0",",6","27",",6","6",",6","","","19130511",",,6","","","","","","","19130526",",,6","19130531",",,6","3.3",",6,11,","","","","","27.9",",,6,26,","37.8",",6,31,","2765.4","6","44.0",",6","104.6",",,,6","","","18.75",",6","26.20",",,,6","11.31",",,,6"
"USC00238051","1913-06","39.97018","-91.88753","214.9","STEFFENVILLE, MO US","271.8","6","208.6",",6","4",",6","4",",6","1",",6","","","","","0",",6","0",",6","0",",6","30",",6","23",",6","","","19130609",",,6","","","","","","","19130623",",,6","19130618",",,6","4.4",",6,09,","","","","","36.8",",,6,23,","41.7",",6,18,","2778.2","6","12.8",",6","62.2",",,,6","","","24.86",",6","33.26",",,,6","16.46",",,,6"
"USC00238051","1913-07","39.97018","-91.88753","214.9","STEFFENVILLE, MO US","573.7","6","301.9",",6","1",",6","1",",6","0",",6","","","","","0",",6","0",",6","0",",6","31",",6","28",",6","","","19130722","+,,6","","","","","","","19130701",",,6","19130729",",,6","12.8",",6,22,+","","","","","3.8",",,6,01,","41.7",",6,29,","0.0","6","0.0",",6","3.8",",,,6","","","28.07",",6","36.02",",,,6","20.12",",,,6"
"USC00238051","1913-08","39.97018","-91.88753","214.9","STEFFENVILLE, MO US","915.6","6","341.9",",6","3",",6","2",",6","0",",6","","","","","0",",6","0",",6","0",",6","31",",6","31",",6","","","19130830",",,6","","","","","","","19130811",",,6","19130816","+,,6","11.1",",6,30,","","","","","23.4",",,6,11,","42.8",",6,16,+","0.0","6","0.0",",6","28.5",",,,6","","","29.36",",6","39.07",",,,6","19.66",",,,6"
"USC00238051","1913-09","39.97018","-91.88753","214.9","STEFFENVILLE, MO US","1054.8","6","139.2",",6","6",",6","3",",6","1",",6","","","","","0",",6","1",",6","0",",6","27",",6","10",",6","","","19130922",",,6","","","","","","","19130920",",,6","19130904",",,6","-1.1",",6,22,","","","","","27.4",",,6,20,","42.8",",6,04,","35.9","6","35.9",",6","53.1",",,,6","","","21.78",",6","29.72",",,,6","13.83",",,,6"
"USC00238051","1913-10","39.97018","-91.88753","214.9","STEFFENVILLE, MO US","1080.0","6","25.2",",6","6",",6","6",",6","0",",6","","","1",",6","0",",6","12",",6","0",",6","14",",6","0",",6","","","19131031",",,6","","","19131029",",,6","","","19131024","+,,6","19131005",",,6","-7.2",",6,31,","","","25",",,6,29,","10.2",",,6,24,+","31.7",",6,05,","261.8","6","225.9",",6","43.3",",,,6","25",",,,6","11.86",",6","19.07",",,,6","4.65",",,,6"
"USC00238051","1913-11","39.97018","-91.88753","214.9","STEFFENVILLE, MO US","1084.2","6","4.2","1,6","5",",6","5",",6","1",",6","","","","","0","1,6","7","1,6","0",",6","7",",6","0",",6","","","19131111",",1,6","","","","","","","19131115",",,6","19131120",",,6","-8.3","1,6,11,","","","","","31.8",",,6,15,","25.0",",6,20,","497.1","6","235.3",",6","67.4",",,,6","","","10.23","1,6","15.98",",,,6","4.48","1,,,6"
"USC00238051","1913-12","39.97018","-91.88753","214.9","STEFFENVILLE, MO US","1084.2","6","0.0","1,6","5","1,6","4","1,6","0","1,6","","","1",",6","0","1,6","21","1,6","4",",6","0",",6","0",",6","","","19131221",",1,6","","","19131223",",,6","","","19131223",",1,6","19131204",",,6","-12.2","1,6,21,","","","152",",,6,23,","18.5","1,,6,23,","18.3",",6,04,","952.5","6","455.4",",6","41.4","1,,,6","152",",,,6","3.33","1,6","7.76",",,,6","-1.10","1,,,6"
"USC00238051","1914-01","39.97018","-91.88753","214.9","STEFFENVILLE, MO US","0.0","6","0.0","2,6","3","2,6","1","2,6","0","2,6","","","","","0","2,6","24","2,6","8",",6","0",",6","0",",6","","","19140112",",2,6","","","","","","","19140129",",2,6","19140127",",,6","-15.0","2,6,12,","","","","","22.9","2,,6,29,","18.3",",6,27,","1428.0","6","475.5",",6","25.5","2,,,6","","","1.96","2,6","7.16",",,,6","-3.24","2,,,6"
"USC00238051","1914-02","39.97018","-91.88753","214.9","STEFFENVILLE, MO US","0.0","6","0.0",",6","8",",6","6",",6","0",",6","","","6",",6","5",",6","27",",6","10",",6","0",",6","0",",6","","","19140207",",,6","","","19140223",",,6","","","19140222","+,,6","19140202",",,6","-20.6",",6,07,","","","254",",,6,23,","12.7",",,6,22,+","12.2",",6,02,","2068.0","6","640.0",",6","47.5",",,,6","470",",,,6","-4.52",",6","1.65",",,,6","-10.69",",,,6"
"USC00238051","1914-03","39.97018","-91.88753","214.9","STEFFENVILLE, MO US","0.0","6","0.0","1,6","9",",6","4",",6","1",",6","","","0",",6","0",",6","18",",6","0","1,6","5","1,6","0","1,6","","","19140301",",,6","","","19140307",",,6","","","19140328",",,6","19140316",",1,6","-12.2",",6,01,","","","13",",,6,07,","25.4",",,6,28,","24.4","1,6,16,","2456.8","6","388.8","1,6","76.2",",,,6","13",",,,6","5.18","1,6","10.97","1,,,6","-0.61",",,,6"
"USC00238051","1914-04","39.97018","-91.88753","214.9","STEFFENVILLE, MO US","20.6","6","20.6","3,6","8",",6","4",",6","0",",6","","","0",",6","0","1,6","7","1,6","0","2,6","12","2,6","1","2,6","","","19140409",",1,6","","","19140430","+,,6","","","19140406",",,6","19140426",",2,6","-4.4","1,6,09,","","","0",",,6,30,+","24.4",",,6,06,","32.8","2,6,26,","2639.8","6","183.0","2,6","62.7",",,,6","0",",,,6","12.25","3,6","19.00","2,,,6","5.50","1,,,6"
"USC00238051","1914-05","39.97018","-91.88753","214.9","STEFFENVILLE, MO US","114.1","6","93.5","1,6","3",",6","2",",6","0",",6","","","0",",6","0","1,6","0","1,6","0","1,6","29","1,6","7","1,6","","","19140501",",1,6","","","19140531","+,,6","","","19140529",",,6","19140527",",1,6","2.8","1,6,01,","","","0",",,6,31,+","6.9",",,6,29,","35.6","1,6,27,","2684.8","6","45.0","1,6","10.7",",,,6","0",",,,6","19.95","1,6","28.14","1,,,6","11.76","1,,,6"
"USC00238051","1914-06","39.97018","-91.88753","214.9","STEFFENVILLE, MO US","360.1","6","246.0",",6","4",",6","3",",6","0",",6","","","0",",6","0",",6","0",",6","0",",6","30",",6","23",",6","","","19140617",",,6","","","19140630","+,,6","","","19140622",",,6","19140626","+,,6","8.9",",6,17,","","","0",",,6,30,+","21.6",",,6,22,","39.4",",6,26,+","2684.8","6","0.0",",6","46.2",",,,6","0",",,,6","26.53",",6","34.46",",,,6","18.61",",,,6"
"USC00238051","1914-07","39.97018","-91.88753","214.9","STEFFENVILLE, MO US","663.4","6","303.3",",6","6",",6","4",",6","0",",6","","","0",",6","0",",6","0",",6","0",",6","31",",6","28",",6","","","19140719",",,6","","","19140731","+,,6","","","19140706",",,6","19140727",",,6","12.2",",6,19,","","","0",",,6,31,+","20.3",",,6,06,","40.6",",6,27,","0.0","6","0.0",",6","53.3",",,,6","0",",,,6","28.12",",6","36.55",",,,6","19.68",",,,6"
"USC00238051","1914-08","39.97018","-91.88753","214.9","STEFFENVILLE, MO US","940.4","6","277.0",",6","6",",6","4",",6","1",",6","","","","","0",",6","0",",6","0",",6","31",",6","28",",6","","","19140811",",,6","","","","","","","19140828",",,6","19140807",",,6","12.2",",6,11,","","","","","55.9",",,6,28,","41.1",",6,07,","0.0","6","0.0",",6","78.5",",,,6","","","27.27",",6","36.09",",,,6","18.45",",,,6"
"USC00238051","1914-09","39.97018","-91.88753","214.9","STEFFENVILLE, MO US","1031.5","6","91.1","1,6","8",",6","7",",6","2",",6","","","0",",6","0","1,6","0","1,6","0","1,6","27","1,6","6","1,6","","","19140926",",1,6","","","19140930","+,,6","","","19140909",",,6","19140906",",1,6","5.0","1,6,26,","","","0",",,6,30,+","36.8",",,6,09,","34.4","1,6,06,","15.3","6","15.3","1,6","134.8",",,,6","0",",,,6","20.95","1,6","28.19","1,,,6","13.70","1,,,6"
"USC00238051","1914-10","39.97018","-91.88753","214.9","STEFFENVILLE, MO US","1056.2","6","24.7",",6","7",",6","5",",6","1",",6","","","0",",6","0",",6","3",",6","0",",6","19",",6","0",",6","","","19141027",",,6","","","19141031","+,,6","","","19141007",",,6","19141007","+,,6","-6.1",",6,27,","","","0",",,6,31,+","26.2",",,6,07,","29.4",",6,07,+","125.9","6","110.6",",6","66.7",",,,6","0",",,,6","15.56",",6","22.01",",,,6","9.12",",,,6"
"USC00238051","1914-11","39.97018","-91.88753","214.9","STEFFENVILLE, MO US","1056.2","6","0.0",",6","1",",6","1",",6","0",",6","","","0",",6","0",",6","12",",6","0",",6","8",",6","0",",6","","","19141119",",,6","","","19141130","+,,6","","","19141124",",,6","19141106",",,6","-13.9",",6,19,","","","0",",,6,30,+","3.8",",,6,24,","27.2",",6,06,","426.1","6","300.2",",6","3.8",",,,6","0",",,,6","8.33",",6","15.81",",,,6","0.84",",,,6"
"USC00238051","1914-12","39.97018","-91.88753","214.9","STEFFENVILLE, MO US","1056.2","6","0.0",",6","9",",6","6",",6","0",",6","","","5",",6","9",",6","25",",6","14",",6","0",",6","0",",6","","","19141226",",,6","","","19141219",",,6","","","19141219",",,6","19141201",",,6","-27.8",",6,26,","","","152",",,6,19,","10.7",",,6,19,","15.0",",6,01,","1147.5","6","721.4",",6","33.5",",,,6","303",",,,6","-4.94",",6","-0.04",",,,6","-9.84",",,,6"
"USC00238051","1915-01","39.97018","-91.88753","214.9","STEFFENVILLE, MO US","0.0","6","0.0",",6","7","1,6","6","1,6","0","1,6","22","2,6","4",",6","5",",6","29",",6","11",",6","0",",6","0",",6","","","19150128",",,6","19150123","+,2,6","19150116",",,6","","","19150130",",1,6","19150116","+,,6","-29.4",",6,28,","178","2,,6,23,+","178",",,6,16,","19.1","1,,6,30,","13.9",",6,16,+","1844.3","6","696.8",",6","64.7","1,,,6","343",",,,6","-4.15",",6","1.31",",,,6","-9.60",",,,6"
"USC00238051","1915-02","39.97018","-91.88753","214.9","STEFFENVILLE, MO US","0.0","6","0.0",",6","10",",6","8",",6","0",",6","","","1",",6","0",",6","17",",6","1",",6","0",",6","0",",6","","","19150208",",,6","","","19150202",",,6","","","19150201",",,6","19150212",",,6","-9.4",",6,08,","","","51",",,6,02,","14.0",",,6,01,","18.9",",6,12,","2255.4","6","411.1",",6","66.7",",,,6","51",",,,6","3.65",",6","8.06",",,,6","-0.76",",,,6"
"USC00238051","1915-03","39.97018","-91.88753","214.9","STEFFENVILLE, MO US","0.0","6","0.0",",6","5",",6","4",",6","0",",6","","","2",",6","0",",6","28",",6","0",",6","0",",6","0",",6","","","19150329","+,,6","","","19150305",",,6","","","19150305","+,,6","19150324",",,6","-6.7",",6,29,+","","","127",",,6,05,","15.2",",,6,05,+","15.6",",6,24,","2762.9","6","507.5",",6","37.2",",,,6","204",",,,6","1.96",",6","6.51",",,,6","-2.58",",,,6"
"USC00238051","1915-04","39.97018","-91.88753","214.9","STEFFENVILLE, MO US","36.9","6","36.9",",6","6",",6","4",",6","0",",6","","","","","0",",6","1",",6","0",",6","24",",6","0",",6","","","19150413",",,6","","","","","","","19150422",",,6","19150429","+,,6","0.0",",6,13,","","","","","22.9",",,6,22,","30.6",",6,29,+","2858.3","6","95.4",",6","62.9",",,,6","","","16.38",",6","23.51",",,,6","9.26",",,,6"
"USC00238051","1915-05","39.97018","-91.88753","214.9","STEFFENVILLE, MO US","71.5","6","34.6",",6","13",",6","11",",6","3",",6","","","","","0",",6","0",",6","0",",6","22",",6","3",",6","","","19150509",",,6","","","","","","","19150526",",,6","19150512",",,6","1.7",",6,09,","","","","","29.2",",,6,26,","36.1",",6,12,","2931.3","6","73.0",",6","153.4",",,,6","","","17.09",",6","23.95",",,,6","10.24",",,,6"
"USC00238051","1915-06","39.97018","-91.88753","214.9","STEFFENVILLE, MO US","175.7","6","104.2",",6","11",",6","11",",6","4",",6","","","","","0",",6","0",",6","0",",6","29",",6","2",",6","","","19150609",",,6","","","","","","","19150614",",,6","19150629","+,,6","5.6",",6,09,","","","","","50.8",",,6,14,","32.2",",6,29,+","2940.4","6","9.1",",6","244.7",",,,6","","","21.50",",6","28.15",",,,6","14.85",",,,6"
"USC00238051","1915-07","39.97018","-91.88753","214.9","STEFFENVILLE, MO US","340.3","6","164.6",",6","","","","","","","","","","","0",",6","0",",6","0",",6","31",",6","6",",6","","","19150705",",,6","","","","","","","","","19150717",",,6","9.4",",6,05,","","","","","","","35.0",",6,17,","0.3","6","0.3",",6","","","","","23.63",",6","29.88",",,,6","17.38",",,,6"
"USC00238051","1915-08","39.97018","-91.88753","214.9","STEFFENVILLE, MO US","434.6","6","94.3",",6","","","","","","","","","","","0",",6","0",",6","0",",6","27",",6","4",",6","","","19150831",",,6","","","","","","","","","19150815",",,6","5.0",",6,31,","","","","","","","33.9",",6,15,","11.1","6","10.8",",6","","","","","21.03",",6","27.28",",,,6","14.77",",,,6"
"USC00238051","1915-09","39.97018","-91.88753","214.9","STEFFENVILLE, MO US","543.5","6","108.9",",6","9",",6","7",",6","4",",6","","","","","0",",6","0",",6","0",",6","30",",6","4",",6","","","19150930",",,6","","","","","","","19150910",",,6","19150912",",,6","6.7",",6,30,","","","","","72.4",",,6,10,","33.3",",6,12,","19.1","6","8.0",",6","197.8",",,,6","","","21.70",",6","28.37",",,,6","15.02",",,,6"
"USC00238051","1915-10","39.97018","-91.88753","214.9","STEFFENVILLE, MO US","551.6","6","8.1",",6","1",",6","1",",6","0",",6","","","","","0",",6","1",",6","0",",6","27",",6","0",",6","","","19151009",",,6","","","","","","","19151013",",,6","19151003",",,6","-3.3",",6,09,","","","","","19.1",",,6,13,","31.1",",6,03,","112.3","6","93.2",",6","19.1",",,,6","","","15.59",",6","24.56",",,,6","6.62",",,,6"
"USC00238051","1915-11","39.97018","-91.88753","214.9","STEFFENVILLE, MO US","557.4","6","5.8",",6","","","","","","","","","0",",6","0",",6","16",",6","1",",6","8",",6","0",",6","","","19151129","+,,6","","","19151128",",,6","","","","","19151106",",,6","-9.4",",6,29,+","","","0",",T,6,28,","","","29.4",",6,06,","419.4","6","307.1",",6","","","0",",T,,6","8.29",",6","15.26",",,,6","1.32",",,,6"
"USC00238051","1915-12","39.97018","-91.88753","214.9","STEFFENVILLE, MO US","557.4","6","0.0",",6","","","","","","","","","","","2",",6","29",",6","2",",6","0",",6","0",",6","","","19151228",",,6","","","","","","","","","19151208",",,6","-22.2",",6,28,","","","","","","","12.8",",6,08,","1008.2","6","588.8",",6","","","","","-0.66",",6","4.09",",,,6","-5.41",",,,6"
"USC00238051","1916-01","39.97018","-91.88753","214.9","STEFFENVILLE, MO US","0.0","6","0.0",",6","","","","","","","","","","","5",",6","28",",6","11",",6","0",",6","0",",6","","","19160113",",,6","","","","","","","","","19160105",",,6","-25.6",",6,13,","","","","","","","16.1",",6,05,","1641.7","6","633.5",",6","","","","","-2.10",",6","3.98",",,,6","-8.19",",,,6"
"USC00238051","1916-02","39.97018","-91.88753","214.9","STEFFENVILLE, MO US","0.0","6","0.0",",6","4","1,6","3","1,6","0","1,6","","","3",",6","3",",6","27",",6","6",",6","0",",6","0",",6","","","19160208","+,,6","","","19160228","+,,6","","","19160205",",1,6","19160222",",,6","-17.8",",6,08,+","","","51",",,6,28,+","12.7","1,,6,05,","16.7",",6,22,","2246.6","6","604.9",",6","23.4","1,,,6","166",",,,6","-2.53",",6","3.41",",,,6","-8.47",",,,6"
"USC00238051","1916-03","39.97018","-91.88753","214.9","STEFFENVILLE, MO US","0.0","6","0.0",",6","","","","","","","","","","","0",",6","20",",6","2",",6","5",",6","0",",6","","","19160303",",,6","","","","","","","","","19160324",",,6","-13.3",",6,03,","","","","","","","27.8",",6,24,","2645.2","6","398.6",",6","","","","","5.48",",6","12.72",",,,6","-1.77",",,,6"
"USC00238051","1916-04","39.97018","-91.88753","214.9","STEFFENVILLE, MO US","1.4","6","1.4","1,6","","","","","","","","","","","0","1,6","5","1,6","0",",6","6",",6","0",",6","","","19160406",",1,6","","","","","","","","","19160412","+,,6","-4.4","1,6,06,","","","","","","","27.8",",6,12,+","2858.0","6","212.8",",6","","","","","11.06","1,6","17.67",",,,6","4.46","1,,,6"
"USC00238051","1916-05","39.97018","-91.88753","214.9","STEFFENVILLE, MO US","61.6","6","60.2",",6","","","","","","","","","","","0",",6","0",",6","0",",6","22",",6","1",",6","","","19160518",",,6","","","","","","","","","19160525",",,6","3.3",",6,18,","","","","","","","32.2",",6,25,","2927.7","6","69.7",",6","","","","","18.03",",6","24.37",",,,6","11.69",",,,6"
"USC00238051","1916-06","39.97018","-91.88753","214.9","STEFFENVILLE, MO US","149.8","6","88.2","1,6","8",",6","6",",6","1",",6","","","","","0",",6","0",",6","0","1,6","26","1,6","5","1,6","","","19160603",",,6","","","","","","","19160606",",,6","19160630",",1,6","10.0",",6,03,","","","","","73.7",",,6,06,","37.8","1,6,30,","2940.3","6","12.6","1,6","136.4",",,,6","","","20.99","1,6","27.70","1,,,6","14.28",",,,6"
"USC00238051","1916-07","39.97018","-91.88753","214.9","STEFFENVILLE, MO US","490.6","6","340.8",",6","2",",6","2",",6","0",",6","","","","","0",",6","0",",6","0",",6","31",",6","31",",6","","","19160710",",,6","","","","","","","19160719",",,6","19160731","+,,6","13.3",",6,10,","","","","","9.4",",,6,19,","42.8",",6,31,+","0.0","6","0.0",",6","12.4",",,,6","","","29.33",",6","38.64",",,,6","20.02",",,,6"
"USC00238051","1916-08","39.97018","-91.88753","214.9","STEFFENVILLE, MO US","745.3","6","254.7",",6","","","","","","","","","","","0",",6","0",",6","0",",6","31",",6","22",",6","","","19160828",",,6","","","","","","","","","19160804",",,6","9.4",",6,28,","","","","","","","41.7",",6,04,","0.0","6","0.0",",6","","","","","26.55",",6","34.23",",,,6","18.87",",,,6"
"USC00238051","1916-09","39.97018","-91.88753","214.9","STEFFENVILLE, MO US","841.5","6","96.2",",6","","","","","","","","","","","0",",6","2",",6","0",",6","26",",6","5",",6","","","19160929",",,6","","","","","","","","","19160905",",,6","-1.1",",6,29,","","","","","","","37.2",",6,05,","54.1","6","54.1",",6","","","","","19.74",",6","27.75",",,,6","11.72",",,,6"
"USC00238051","1916-10","39.97018","-91.88753","214.9","STEFFENVILLE, MO US","866.8","6","25.3",",6","6",",6","6",",6","1",",6","","","1",",6","0",",6","6",",6","0",",6","18",",6","4",",6","","","19161021",",,6","","","19161020",",,6","","","19161024",",,6","19161007","+,,6","-6.1",",6,21,","","","38",",,6,20,","48.3",",,6,24,","33.3",",6,07,+","221.4","6","167.3",",6","74.8",",,,6","38",",,,6","13.75",",6","21.92",",,,6","5.59",",,,6"
"USC00238051","1916-11","39.97018","-91.88753","214.9","STEFFENVILLE, MO US","867.4","6","0.6",",6","","","","","","","","","","","0",",6","15",",6","1",",6","7",",6","0",",6","","","19161114",",,6","","","","","","","","","19161105",",,6","-12.2",",6,14,","","","","","","","27.8",",6,05,","568.1","6","346.7",",6","","","","","6.80",",6","14.02",",,,6","-0.42",",,,6"
"USC00238051","1916-12","39.97018","-91.88753","214.9","STEFFENVILLE, MO US","867.4","6","0.0","1,6","8",",6","6",",6","0",",6","","","1",",6","4","1,6","24","1,6","9",",6","1",",6","0",",6","","","19161222","+,1,6","","","19161212",",,6","","","19161227",",,6","19161203",",,6","-22.8","1,6,22,+","","","51",",,6,12,","9.1",",,6,27,","22.2",",6,03,","1172.2","6","604.1",",6","31.2",",,,6","77",",,,6","-1.72","1,6","4.40",",,,6","-7.84","1,,,6"
"USC00238051","1917-01","39.97018","-91.88753","214.9","STEFFENVILLE, MO US","0.0","6","0.0",",6","","","","","","","","","","","1",",6","30",",6","7",",6","0",",6","0",",6","","","19170113",",,6","","","","","","","","","19170129",",,6","-18.9",",6,13,","","","","","","","16.7",",6,29,","1785.3","6","613.1",",6","","","","","-1.45",",6","4.97",",,,6","-7.86",",,,6"
"USC00238051","1917-02","39.97018","-91.88753","214.9","STEFFENVILLE, MO US","0.0","6","0.0","5,6","3","2,6","1","2,6","0","2,6","","","","","6","2,6","26","2,6","8","3,6","0","3,6","0","3,6","","","19170202",",2,6","","","","","","","19170224",",2,6","19170217",",3,6","-27.2","2,6,02,","","","","","7.6","2,,6,24,","17.2","3,6,17,","2312.1","6","526.8","3,6","10.7","2,,,6","","","-4.23","5,6","3.42","3,,,6","-11.89","2,,,6"
"USC00238051","1917-03","39.97018","-91.88753","214.9","STEFFENVILLE, MO US","0.3","6","0.3",",6","6",",6","5",",6","1",",6","","","","","0",",6","21",",6","0",",6","5",",6","0",",6","","","19170305",",,6","","","","","","","19170313",",,6","19170330",",,6","-17.2",",6,05,","","","","","58.4",",,6,13,","26.7",",6,30,","2712.0","6","399.9",",6","107.5",",,,6","","","5.44",",6","12.48",",,,6","-1.59",",,,6"
"USC00238051","1917-04","39.97018","-91.88753","214.9","STEFFENVILLE, MO US","7.5","6","7.2",",6","13",",6","11",",6","2",",6","","","1",",6","0",",6","9",",6","0",",6","9",",6","0",",6","","","19170409",",,6","","","19170407",",,6","","","19170428",",,6","19170418","+,,6","-3.9",",6,09,","","","127",",,6,07,","50.8",",,6,28,","29.4",",6,18,+","2956.6","6","244.6",",6","172.2",",,,6","127",",,,6","10.42",",6","17.22",",,,6","3.62",",,,6"
"USC00238051","1917-05","39.97018","-91.88753","214.9","STEFFENVILLE, MO US","16.4","6","8.9",",6","","","","","","","","","","","0",",6","2",",6","0",",6","19",",6","3",",6","","","19170514","+,,6","","","","","","","","","19170518","+,,6","-0.6",",6,14,+","","","","","","","32.8",",6,18,+","3114.4","6","157.8",",6","","","","","13.53",",6","22.20",",,,6","4.86",",,,6"
"USC00238051","1917-06","39.97018","-91.88753","214.9","STEFFENVILLE, MO US","81.9","6","65.5",",6","11",",6","11",",6","2",",6","","","","","0",",6","0",",6","0",",6","28",",6","7",",6","","","19170616","+,,6","","","","","","","19170604",",,6","19170630",",,6","3.3",",6,16,+","","","","","53.3",",,6,04,","35.0",",6,30,","3150.5","6","36.1",",6","149.8",",,,6","","","19.31",",6","28.39",",,,6","10.23",",,,6"
"USC00238051","1917-07","39.97018","-91.88753","214.9","STEFFENVILLE, MO US","252.6","6","170.7",",6","","","","","","","","","","","0",",6","0",",6","0",",6","31",",6","25",",6","","","19170704","+,,6","","","","","","","","","19170731","+,,6","5.6",",6,04,+","","","","","","","40.6",",6,31,+","1.6","6","1.6",",6","","","","","23.79",",6","34.75",",,,6","12.82",",,,6"
"USC00238051","1917-08","39.97018","-91.88753","214.9","STEFFENVILLE, MO US","354.0","6","101.4",",6","","","","","","","","","","","0",",6","0",",6","0",",6","31",",6","17",",6","","","19170810",",,6","","","","","","","","","19170803",",,6","3.3",",6,10,","","","","","","","40.0",",6,03,","3.6","6","2.0",",6","","","","","21.54",",6","32.65",",,,6","10.43",",,,6"
"USC00238051","1917-09","39.97018","-91.88753","214.9","STEFFENVILLE, MO US","421.6","6","67.6",",6","","","","","","","","","","","0",",6","0",",6","0",",6","30",",6","8",",6","","","19170911",",,6","","","","","","","","","19170902","+,,6","2.8",",6,11,","","","","","","","35.0",",6,02,+","24.1","6","20.5",",6","","","","","19.90",",6","29.09",",,,6","10.72",",,,6"
"USC00238051","1917-10","39.97018","-91.88753","214.9","STEFFENVILLE, MO US","429.6","6","8.0",",6","","","","","","","","","","","0",",6","14",",6","0",",6","11",",6","0",",6","","","19171030","+,,6","","","","","","","","","19171015",",,6","-8.3",",6,30,+","","","","","","","31.7",",6,15,","313.0","6","288.9",",6","","","","","9.27",",6","17.31",",,,6","1.24",",,,6"
"USC00238051","1917-11","39.97018","-91.88753","214.9","STEFFENVILLE, MO US","429.6","6","0.0",",6","","","","","","","","","","","0",",6","14",",6","0",",6","9",",6","0",",6","","","19171124",",,6","","","","","","","","","19171106",",,6","-12.2",",6,24,","","","","","","","25.6",",6,06,","661.4","6","348.4",",6","","","","","6.72",",6","13.87",",,,6","-0.44",",,,6"
"USC00238051","1917-12","39.97018","-91.88753","214.9","STEFFENVILLE, MO US","429.6","6","0.0","1,6","","","","","","","","","","","12",",6","26",",6","13","1,6","0","1,6","0","1,6","","","19171229",",,6","","","","","","","","","19171202",",1,6","-27.2",",6,29,","","","","","","","20.0","1,6,02,","1381.2","6","719.8","1,6","","","","","-5.45","1,6","0.62","1,,,6","-11.53",",,,6"
"USC00238051","1918-01","39.97018","-91.88753","214.9","STEFFENVILLE, MO US","0.0","0","0.0",",0","4",",0","3",",0","0",",0","25",",0","4",",0","15",",0","31",",0","24",",0","0",",0","0",",0","","","19180112",",,0","19180114","+,,0","19180106",",,0","","","19180106",",,0","19180104",",,0","-31.1",",0,12,","305",",,0,14,+","152",",,0,06,","12.7",",,0,06,","6.7",",0,04,","2292.4","0","911.2",",0","25.9",",,,0","329",",,,0","-11.06",",0","-5.02",",,,0","-17.10",",,,0"
"USC00238051","1918-02","39.97018","-91.88753","214.9","STEFFENVILLE, MO US","0.0","0","0.0",",0","4",",0","3",",0","1",",0","5",",0","0",",0","5",",0","25",",0","7",",0","1",",0","0",",0","","","19180204",",,0","19180204","+,,0","19180228","+,,0","","","19180228",",,0","19180225",",,0","-27.8",",0,04,","178",",,0,04,+","0",",,0,28,+","27.9",",,0,28,","24.4",",0,25,","2831.0","0","538.6",",0","42.7",",,,0","0",",,,0","-0.90",",0","6.77",",,,0","-8.58",",,,0"
"USC00238051","1918-03","39.97018","-91.88753","214.9","STEFFENVILLE, MO US","3.3","0","3.3",",0","0",",0","0",",0","0",",0","0",",0","0",",0","0",",0","18",",0","0",",0","15",",0","0",",0","","","19180310",",,0","19180331","+,,0","19180314",",,0","","","19180331","+,,0","19180313",",,0","-10.0",",0,10,","0",",,0,31,+","0",",T,0,14,","0.0",",T,0,31,+","31.1",",0,13,","3101.9","0","270.9",",0","0.0",",T,,0","0",",T,,0","9.70",",0","19.05",",,,0","0.35",",,,0"
"USC00238051","1918-04","39.97018","-91.88753","214.9","STEFFENVILLE, MO US","3.3","0","0.0",",0","7",",0","6",",0","1",",0","0",",0","0",",0","0",",0","9",",0","0",",0","5",",0","0",",0","","","19180410","+,,0","19180430","+,,0","19180420",",,0","","","19180406",",,0","19180401",",,0","-3.3",",0,10,+","0",",,0,30,+","0",",T,0,20,","26.7",",,0,06,","26.7",",0,01,","3353.7","0","251.8",",0","84.1",",,,0","0",",T,,0","9.94",",0","16.07",",,,0","3.81",",,,0"
"USC00238051","1918-05","39.97018","-91.88753","214.9","STEFFENVILLE, MO US","100.0","0","96.7","1,0","11","1,0","11","1,0","2","1,0","0","1,0","0","1,0","0","1,0","0","1,0","0","1,0","26","1,0","4","1,0","","","19180501",",1,0","19180531","+,1,0","19180531","+,1,0","","","19180528",",1,0","19180530","+,1,0","1.1","1,0,01,","0","1,,0,31,+","0","1,,0,31,+","57.2","1,,0,28,","32.8","1,0,30,+","3385.4","0","31.7","1,0","180.5","1,,,0","0","1,,,0","20.50","1,0","27.48","1,,,0","13.52","1,,,0"
"USC00238051","1918-06","39.97018","-91.88753","214.9","STEFFENVILLE, MO US","299.4","0","199.4","1,0","5",",0","4",",0","1",",0","0",",0","0",",0","0","1,0","0","1,0","0","1,0","29","1,0","17","1,0","","","19180608",",1,0","19180630","+,,0","19180630","+,,0","","","19180624",",,0","19180616",",1,0","10.0","1,0,08,","0",",,0,30,+","0",",,0,30,+","35.6",",,0,24,","41.1","1,0,16,","3385.4","0","0.0","1,0","70.0",",,,0","0",",,,0","25.21","1,0","33.29","1,,,0","17.13","1,,,0"
"USC00238051","1918-07","39.97018","-91.88753","214.9","STEFFENVILLE, MO US","531.8","0","232.4","1,0","5",",0","5",",0","0",",0","0",",0","0",",0","0","1,0","0","1,0","0",",0","31",",0","24",",0","","","19180731",",1,0","19180731","+,,0","19180731","+,,0","","","19180705",",,0","19180726",",,0","10.6","1,0,31,","0",",,0,31,+","0",",,0,31,+","13.7",",,0,05,","42.2",",0,26,","0.0","0","0.0",",0","43.8",",,,0","0",",,,0","26.10","1,0","34.65",",,,0","17.54","1,,,0"
"USC00238051","1918-08","39.97018","-91.88753","214.9","STEFFENVILLE, MO US","865.6","0","333.8",",0","6",",0","6",",0","1",",0","0",",0","0",",0","0",",0","0",",0","0",",0","31",",0","28",",0","","","19180831",",,0","19180831","+,,0","19180831","+,,0","","","19180830",",,0","19180804",",,0","13.9",",0,31,","0",",,0,31,+","0",",,0,31,+","39.4",",,0,30,","43.9",",0,04,","0.0","0","0.0",",0","88.9",",,,0","0",",,,0","29.10",",0","37.49",",,,0","20.71",",,,0"
"USC00238051","1918-09","39.97018","-91.88753","214.9","STEFFENVILLE, MO US","903.4","0","37.8",",0","7",",0","6",",0","1",",0","0",",0","0",",0","0",",0","0",",0","0",",0","27",",0","1",",0","","","19180920",",,0","19180930","+,,0","19180930","+,,0","","","19180902",",,0","19180928",",,0","0.6",",0,20,","0",",,0,30,+","0",",,0,30,+","31.8",",,0,02,","32.8",",0,28,","52.5","0","52.5",",0","85.7",",,,0","0",",,,0","17.85",",0","25.78",",,,0","9.91",",,,0"
"USC00238051","1918-10","39.97018","-91.88753","214.9","STEFFENVILLE, MO US","924.4","0","21.0","1,0","7",",0","5",",0","1",",0","0",",0","0",",0","0","1,0","1","1,0","0",",0","20",",0","1",",0","","","19181025",",1,0","19181031","+,,0","19181031","+,,0","","","19181024",",,0","19181016",",,0","0.0","1,0,25,","0",",,0,31,+","0",",,0,31,+","27.9",",,0,24,","32.2",",0,16,","150.5","0","98.0",",0","67.4",",,,0","0",",,,0","15.68","1,0","22.27",",,,0","9.09","1,,,0"
"USC00238051","1918-11","39.97018","-91.88753","214.9","STEFFENVILLE, MO US","924.4","0","0.0",",0","4",",0","4",",0","1",",0","0",",0","0",",0","0",",0","13",",0","0",",0","6",",0","0",",0","","","19181126","+,,0","19181130","+,,0","19181128","+,,0","","","19181128",",,0","19181106",",,0","-7.2",",0,26,+","0",",,0,30,+","0",",T,0,28,+","29.2",",,0,28,","23.9",",0,06,","482.3","0","331.8",",0","54.5",",,,0","0",",T,,0","7.28",",0","12.88",",,,0","1.67",",,,0"
"USC00238051","1918-12","39.97018","-91.88753","214.9","STEFFENVILLE, MO US","924.4","0","0.0","2,0","8",",0","6",",0","0",",0","8",",0","3",",0","0","2,0","18","2,0","3",",0","0",",0","0",",0","","","19181226",",2,0","19181228","+,,0","19181224",",,0","","","19181223",",,0","19181209",",,0","-11.1","2,0,26,","279",",,0,28,+","254",",,0,24,","22.9",",,0,23,","18.3",",0,09,","904.4","0","422.1",",0","83.1",",,,0","381",",,,0","3.82","2,0","8.81",",,,0","-1.17","2,,,0"
"USC00238051","1919-01","39.97018","-91.88753","214.9","STEFFENVILLE, MO US","0.0","0","0.0","1,0","1",",0","1",",0","0",",0","11",",0","1",",0","4",",0","27",",0","5","1,0","0","1,0","0","1,0","","","19190103",",,0","19190103","+,,0","19190101",",,0","","","19190101",",,0","19190124",",1,0","-27.2",",0,03,","178",",,0,03,+","178",",,0,01,","12.7",",,0,01,","16.1","1,0,24,","1466.5","0","562.1","1,0","12.7",",,,0","178",",,,0","-0.57","1,0","5.92","1,,,0","-7.07",",,,0"
"USC00238051","1919-02","39.97018","-91.88753","214.9","STEFFENVILLE, MO US","0.0","0","0.0",",0","5",",0","5",",0","0",",0","7",",0","3",",0","0",",0","25",",0","0",",0","0",",0","0",",0","","","19190228",",,0","19190223","+,,0","19190220",",,0","","","19190213",",,0","19190211",",,0","-13.3",",0,28,","102",",,0,23,+","89",",,0,20,","20.3",",,0,13,","15.6",",0,11,","1943.6","0","477.1",",0","51.6",",,,0","241",",,,0","1.29",",0","7.15",",,,0","-4.56",",,,0"
"USC00238051","1919-03","39.97018","-91.88753","214.9","STEFFENVILLE, MO US","0.0","0","0.0",",0","4",",0","3",",0","0",",0","0",",0","0",",0","0",",0","17",",0","1",",0","3",",0","0",",0","","","19190301",",,0","19190331","+,,0","19190308","+,,0","","","19190316",",,0","19190329",",,0","-13.9",",0,01,","0",",,0,31,+","0",",T,0,08,+","20.3",",,0,16,","22.8",",0,29,","2294.2","0","350.6",",0","39.9",",,,0","0",",T,,0","7.02",",0","14.02",",,,0","0.03",",,,0"
"USC00238051","1919-04","39.97018","-91.88753","214.9","STEFFENVILLE, MO US","5.6","0","5.6",",0","8",",0","7",",0","0",",0","0",",0","0",",0","0",",0","4",",0","0",",0","11",",0","0",",0","","","19190401",",,0","19190430","+,,0","19190430","+,,0","","","19190414",",,0","19190406",",,0","-3.9",",0,01,","0",",,0,30,+","0",",,0,30,+","19.1",",,0,14,","28.3",",0,06,","2482.2","0","188.0",",0","64.2",",,,0","0",",,,0","12.25",",0","18.97",",,,0","5.53",",,,0"
"USC00238051","1919-05","39.97018","-91.88753","214.9","STEFFENVILLE, MO US","32.6","0","27.0",",0","12",",0","9",",0","2",",0","0",",0","0",",0","0",",0","0",",0","0",",0","22",",0","0",",0","","","19190520",",,0","19190531","+,,0","19190531","+,,0","","","19190506",",,0","19190530",",,0","3.9",",0,20,","0",",,0,31,+","0",",,0,31,+","27.9",",,0,06,","31.1",",0,30,","2559.5","0","77.3",",0","160.5",",,,0","0",",,,0","16.71",",0","22.96",",,,0","10.45",",,,0"
"USC00238051","1919-06","39.97018","-91.88753","214.9","STEFFENVILLE, MO US","225.6","0","193.0",",0","8",",0","6",",0","2",",0","0",",0","0",",0","0",",0","0",",0","0",",0","29",",0","14",",0","","","19190607",",,0","19190630","+,,0","19190630","+,,0","","","19190622",",,0","19190625",",,0","12.2",",0,07,","0",",,0,30,+","0",",,0,30,+","40.6",",,0,22,","36.7",",0,25,","2561.1","0","1.6",",0","113.0",",,,0","0",",,,0","24.71",",0","30.85",",,,0","18.57",",,,0"
"USC00238051","1919-07","39.97018","-91.88753","214.9","STEFFENVILLE, MO US","517.8","0","292.2",",0","4",",0","3",",0","0",",0","0",",0","0",",0","0",",0","0",",0","0",",0","31",",0","30",",0","","","19190716",",,0","19190731","+,,0","19190731","+,,0","","","19190714",",,0","19190728",",,0","12.8",",0,16,","0",",,0,31,+","0",",,0,31,+","24.1",",,0,14,","40.0",",0,28,","0.0","0","0.0",",0","46.7",",,,0","0",",,,0","27.76",",0","35.29",",,,0","20.23",",,,0"
"USC00238051","1919-08","39.97018","-91.88753","214.9","STEFFENVILLE, MO US","","","","","10",",0","9",",0","2",",0","0",",0","0",",0","","","","","0",",0","31",",0","12",",0","","","","","19190831","+,,0","19190831","+,,0","","","19190807",",,0","19190806",",,0","","","0",",,0,31,+","0",",,0,31,+","50.8",",,0,07,","39.4",",0,06,","","","","","156.2",",,,0","0",",,,0","","","31.07",",,,0","",""
"USC00238051","1919-09","39.97018","-91.88753","214.9","STEFFENVILLE, MO US","","","144.3","1,0","6",",0","5",",0","0",",0","0",",0","0",",0","0","1,0","0","1,0","0",",0","30",",0","13",",0","","","19190926",",1,0","19190930","+,,0","19190930","+,,0","","","19190921",",,0","19190910",",,0","6.7","1,0,26,","0",",,0,30,+","0",",,0,30,+","24.1",",,0,21,","37.8",",0,10,","","","3.6",",0","67.4",",,,0","0",",,,0","23.16","1,0","31.22",",,,0","15.10","1,,,0"
"USC00238051","1919-10","39.97018","-91.88753","214.9","STEFFENVILLE, MO US","","","38.9",",0","9",",0","7",",0","1",",0","0",",0","0",",0","0",",0","3",",0","0",",0","19",",0","3",",0","","","19191029",",,0","19191031","+,,0","19191031","+,,0","","","19191031",",,0","19191002",",,0","-3.9",",0,29,","0",",,0,31,+","0",",,0,31,+","35.6",",,0,31,","35.0",",0,02,","","","153.2",",0","80.4",",,,0","0",",,,0","14.64",",0","21.55",",,,0","7.74",",,,0"
"USC00238051","1919-11","39.97018","-91.88753","214.9","STEFFENVILLE, MO US","","","0.0",",0","8",",0","6",",0","2",",0","2",",0","2",",0","0",",0","18",",0","3",",0","0",",0","0",",0","","","19191113",",,0","19191128","+,,0","19191128","+,,0","","","19191129",",,0","19191118",",,0","-11.7",",0,13,","25",",,0,28,+","25",",,0,28,+","31.8",",,0,29,","18.9",",0,18,","","","403.5",",0","102.8",",,,0","50",",,,0","4.88",",0","10.75",",,,0","-0.98",",,,0"
"USC00238051","1919-12","39.97018","-91.88753","214.9","STEFFENVILLE, MO US","","","0.0","2,0","3",",0","1",",0","0",",0","0",",0","1",",0","4","2,0","29","2,0","12","1,0","0","1,0","0","1,0","","","19191202",",2,0","19191231","+,,0","19191209",",,0","","","19191205",",,0","19191230",",1,0","-22.8","2,0,02,","0",",,0,31,+","25",",,0,09,","6.9",",,0,05,","13.3","1,0,30,","","","657.0","1,0","10.0",",,,0","25",",,,0","-4.33","2,0","1.45","1,,,0","-10.11","2,,,0"
"USC00238051","1920-01","39.97018","-91.88753","214.9","STEFFENVILLE, MO US","0.0","0","0.0","1,0","4",",0","2",",0","0",",0","11",",0","3",",0","3",",0","30",",0","12","1,0","0","1,0","0","1,0","","","19200104",",,0","19200125","+,,0","19200123",",,0","","","19200123",",,0","19200126",",1,0","-18.9",",0,04,","51",",,0,25,+","64",",,0,23,","12.2",",,0,23,","7.8","1,0,26,","","","680.6","1,0","18.4",",,,0","153",",,,0","-4.18","1,0","1.34","1,,,0","-9.70",",,,0"
"USC00238051","1920-02","39.97018","-91.88753","214.9","STEFFENVILLE, MO US","0.0","0","0.0",",0","2",",0","0",",0","0",",0","0",",0","1",",0","2",",0","27",",0","3",",0","0",",0","0",",0","","","19200216",",,0","19200229","+,,0","19200226",",,0","","","19200226",",,0","19200202",",,0","-19.4",",0,16,","0",",,0,29,+","25",",,0,26,","1.8",",,0,26,","16.7",",0,02,","","","541.1",",0","2.6",",,,0","25",",,,0","-0.33",",0","4.60",",,,0","-5.25",",,,0"
"USC00238051","1920-03","39.97018","-91.88753","214.9","STEFFENVILLE, MO US","0.0","0","0.0","1,0","6",",0","5",",0","3",",0","3",",0","1",",0","1","1,0","15","1,0","2","1,0","4","1,0","0","1,0","","","19200307",",1,0","19200304",",,0","19200304",",,0","","","19200304",",,0","19200327",",1,0","-19.4","1,0,07,","51",",,0,04,","51",",,0,04,","32.5",",,0,04,","26.7","1,0,27,","","","371.3","1,0","110.8",",,,0","51",",,,0","5.96","1,0","12.49","1,,,0","-0.57","1,,,0"
"USC00238051","1920-04","39.97018","-91.88753","214.9","STEFFENVILLE, MO US","0.0","0","0.0",",0","15",",0","13",",0","1",",0","3",",0","2",",0","0",",0","11",",0","1",",0","5",",0","0",",0","","","19200405",",,0","19200404",",,0","19200404",",,0","","","19200404",",,0","19200421",",,0","-15.0",",0,05,","254",",,0,04,","254",",,0,04,","33.0",",,0,04,","28.3",",0,21,","","","291.1",",0","120.8",",,,0","279",",,,0","8.63",",0","15.00",",,,0","2.26",",,,0"
"USC00238051","1920-05","39.97018","-91.88753","214.9","STEFFENVILLE, MO US","43.5","0","43.5",",0","9",",0","6",",0","3",",0","0",",0","0",",0","0",",0","0",",0","0",",0","21",",0","1",",0","","","19200514",",,0","19200531","+,,0","19200531","+,,0","","","19200502",",,0","19200526",",,0","1.1",",0,14,","0",",,0,31,+","0",",,0,31,+","33.0",",,0,02,","32.2",",0,26,","","","72.9",",0","119.2",",,,0","0",",,,0","17.39",",0","23.86",",,,0","10.91",",,,0"
"USC00238051","1920-06","39.97018","-91.88753","214.9","STEFFENVILLE, MO US","202.1","0","158.6",",0","7",",0","6",",0","1",",0","0",",0","0",",0","0",",0","0",",0","0",",0","30",",0","11",",0","","","19200618","+,,0","19200630","+,,0","19200630","+,,0","","","19200608",",,0","19200627",",,0","9.4",",0,18,+","0",",,0,30,+","0",",,0,30,+","31.8",",,0,08,","36.7",",0,27,","","","0.0",",0","80.9",",,,0","0",",,,0","23.62",",0","30.40",",,,0","16.83",",,,0"
"USC00238051","1920-07","39.97018","-91.88753","214.9","STEFFENVILLE, MO US","405.2","0","203.1","1,0","5",",0","5",",0","2",",0","0",",0","0",",0","0","1,0","0","1,0","0","1,0","30","1,0","19","1,0","","","19200726",",1,0","19200731","+,,0","19200731","+,,0","","","19200713",",,0","19200722",",1,0","12.8","1,0,26,","0",",,0,31,+","0",",,0,31,+","26.7",",,0,13,","37.2","1,0,22,","0.0","0","0.0","1,0","83.3",",,,0","0",",,,0","25.10","1,0","32.36","1,,,0","17.85","1,,,0"
"USC00238051","1920-08","39.97018","-91.88753","214.9","STEFFENVILLE, MO US","579.3","0","174.1",",0","7",",0","7",",0","0",",0","0",",0","0",",0","0",",0","0",",0","0",",0","31",",0","14",",0","","","19200824",",,0","19200831","+,,0","19200831","+,,0","","","19200831",",,0","19200805",",,0","6.7",",0,24,","0",",,0,31,+","0",",,0,31,+","17.8",",,0,31,","37.8",",0,05,","0.8","0","0.8",",0","52.1",",,,0","0",",,,0","23.92",",0","31.57",",,,0","16.27",",,,0"
"USC00238051","1920-09","39.97018","-91.88753","214.9","STEFFENVILLE, MO US","698.9","0","119.6",",0","6",",0","5",",0","2",",0","0",",0","0",",0","0",",0","0",",0","0",",0","28",",0","7",",0","","","19200929",",,0","19200930","+,,0","19200930","+,,0","","","19200911",",,0","19200925",",,0","3.3",",0,29,","0",",,0,30,+","0",",,0,30,+","67.3",",,0,11,","35.6",",0,25,","14.7","0","13.9",",0","125.5",",,,0","0",",,,0","21.86",",0","28.70",",,,0","15.01",",,,0"
"USC00238051","1920-10","39.97018","-91.88753","214.9","STEFFENVILLE, MO US","774.8","0","75.9","2,0","8",",0","7",",0","0",",0","0",",0","0",",0","0","1,0","2","1,0","0","1,0","21","1,0","0","1,0","","","19201029",",1,0","19201031","+,,0","19201028",",,0","","","19201020",",,0","19201010",",1,0","-4.4","1,0,29,","0",",,0,31,+","0",",T,0,28,","12.7",",,0,20,","31.7","1,0,10,","89.4","0","74.7","1,0","50.3",",,,0","0",",T,,0","18.48","2,0","23.95","1,,,0","13.00","1,,,0"
"USC00238051","1920-11","39.97018","-91.88753","214.9","STEFFENVILLE, MO US","774.8","0","0.0","1,0","7",",0","6",",0","0",",0","0",",0","0",",0","0","1,0","16","1,0","2","1,0","1","1,0","0","1,0","","","19201116",",1,0","19201130","+,,0","19201128","+,,0","","","19201128",",,0","19201120",",1,0","-12.2","1,0,16,","0",",,0,30,+","0",",T,0,28,+","15.2",",,0,28,","22.2","1,0,20,","487.7","0","398.3","1,0","39.8",",,,0","0",",T,,0","4.60","1,0","10.01","1,,,0","-0.81","1,,,0"
"USC00238051","1920-12","39.97018","-91.88753","214.9","STEFFENVILLE, MO US","774.8","0","0.0","1,0","5",",0","4",",0","0",",0","3",",0","2",",0","0","1,0","24","1,0","7","1,0","0","1,0","0","1,0","","","19201227",",1,0","19201227",",,0","19201227",",,0","","","19201213",",,0","19201203",",1,0","-17.2","1,0,27,","51",",,0,27,","51",",,0,27,","7.6",",,0,13,","18.3","1,0,03,","1022.5","0","534.8","1,0","18.0",",,,0","76",",,,0","0.51","1,0","5.39","1,,,0","-4.37","1,,,0"
"USC00238051","1921-01","39.97018","-91.88753","214.9","STEFFENVILLE, MO US","0.0","0","0.0","2,0","9",",0","6",",0","0",",0","8",",0","3",",0","0","1,0","26","1,0","5","1,0","0","1,0","0","1,0","","","19210118","+,1,0","19210116","+,,0","19210113",",,0","","","19210121",",,0","19210120",",1,0","-13.9","1,0,18,+","127",",,0,16,+","102",",,0,13,","12.7",",,0,21,","17.8","1,0,20,","1523.1","0","500.6","1,0","63.3",",,,0","178",",,,0","1.09","2,0","6.46","1,,,0","-4.28","1,,,0"
"USC00238051","1921-02","39.97018","-91.88753","214.9","STEFFENVILLE, MO US","0.0","0","0.0",",0","3",",0","3",",0","0",",0","0",",0","0",",0","0",",0","21",",0","0",",0","2",",0","0",",0","","","19210218",",,0","19210228","+,,0","19210222","+,,0","","","19210222","+,,0","19210215",",,0","-10.6",",0,18,","0",",,0,28,+","0",",T,0,22,+","7.6",",,0,22,+","24.4",",0,15,","1925.4","0","402.3",",0","17.7",",,,0","0",",T,,0","3.96",",0","9.67",",,,0","-1.74",",,,0"
"USC00238051","1921-03","39.97018","-91.88753","214.9","STEFFENVILLE, MO US","5.3","0","5.3","1,0","11",",0","8",",0","1",",0","0",",0","0",",0","0","1,0","7","1,0","0",",0","9",",0","0",",0","","","19210328",",1,0","19210331","+,,0","19210331","+,,0","","","19210308",",,0","19210319","+,,0","-9.4","1,0,28,","0",",,0,31,+","0",",,0,31,+","47.0",",,0,08,","26.7",",0,19,+","2160.7","0","235.3",",0","128.1",",,,0","0",",,,0","10.62","1,0","16.79",",,,0","4.45","1,,,0"
"USC00238051","1921-04","39.97018","-91.88753","214.9","STEFFENVILLE, MO US","12.2","0","6.9",",0","13",",0","11",",0","1",",0","0",",0","0",",0","0",",0","7",",0","0",",0","11",",0","0",",0","","","19210417","+,,0","19210430","+,,0","19210416",",,0","","","19210416",",,0","19210424",",,0","-2.8",",0,17,+","0",",,0,30,+","0",",T,0,16,","69.9",",,0,16,","28.9",",0,24,","2318.3","0","157.6",",0","152.3",",,,0","0",",T,,0","13.31",",0","19.86",",,,0","6.76",",,,0"
"USC00238051","1921-05","39.97018","-91.88753","214.9","STEFFENVILLE, MO US","103.2","0","91.0",",0","8",",0","7",",0","0",",0","0",",0","0",",0","0",",0","0",",0","0",",0","23",",0","10",",0","","","19210503",",,0","19210531","+,,0","19210531","+,,0","","","19210526","+,,0","19210524",",,0","2.2",",0,03,","0",",,0,31,+","0",",,0,31,+","24.1",",,0,26,+","34.4",",0,24,","2381.0","0","62.7",",0","86.2",",,,0","0",",,,0","19.25",",0","25.72",",,,0","12.77",",,,0"
"USC00238051","1921-06","39.97018","-91.88753","214.9","STEFFENVILLE, MO US","315.3","0","212.1",",0","9",",0","7",",0","1",",0","0",",0","0",",0","0",",0","0",",0","0",",0","30",",0","15",",0","","","19210606",",,0","19210630","+,,0","19210630","+,,0","","","19210624",",,0","19210613",",,0","9.4",",0,06,","0",",,0,30,+","0",",,0,30,+","35.6",",,0,24,","37.2",",0,13,","2381.0","0","0.0",",0","122.6",",,,0","0",",,,0","25.40",",0","31.42",",,,0","19.39",",,,0"
"USC00238051","1921-07","39.97018","-91.88753","214.9","STEFFENVILLE, MO US","636.0","0","320.7",",0","5",",0","5",",0","0",",0","0",",0","0",",0","0",",0","0",",0","0",",0","31",",0","29",",0","","","19210722",",,0","19210731","+,,0","19210731","+,,0","","","19210704",",,0","19210712",",,0","15.6",",0,22,","0",",,0,31,+","0",",,0,31,+","20.3",",,0,04,","40.0",",0,12,","0.0","0","0.0",",0","67.3",",,,0","0",",,,0","28.68",",0","35.36",",,,0","21.99",",,,0"
"USC00238051","1921-08","39.97018","-91.88753","214.9","STEFFENVILLE, MO US","871.2","0","235.2",",0","6",",0","5",",0","1",",0","0",",0","0",",0","0",",0","0",",0","0",",0","31",",0","15",",0","","","19210803",",,0","19210831","+,,0","19210831","+,,0","","","19210802",",,0","19210827",",,0","14.4",",0,03,","0",",,0,31,+","0",",,0,31,+","52.1",",,0,02,","37.2",",0,27,","0.0","0","0.0",",0","95.0",",,,0","0",",,,0","25.92",",0","31.85",",,,0","19.99",",,,0"
"USC00238051","1921-09","39.97018","-91.88753","214.9","STEFFENVILLE, MO US","1022.9","0","151.7",",0","14",",0","13",",0","0",",0","0",",0","0",",0","0",",0","0",",0","0",",0","30",",0","7",",0","","","19210930",",,0","19210930","+,,0","19210930","+,,0","","","19210919",",,0","19210904",",,0","1.1",",0,30,","0",",,0,30,+","0",",,0,30,+","22.9",",,0,19,","37.2",",0,04,","9.4","0","9.4",",0","147.5",",,,0","0",",,,0","23.07",",0","28.74",",,,0","17.41",",,,0"
"USC00238051","1921-10","39.97018","-91.88753","214.9","STEFFENVILLE, MO US","1035.1","0","12.2",",0","8",",0","6",",0","1",",0","0",",0","0",",0","0",",0","2",",0","0",",0","17",",0","0",",0","","","19211012","+,,0","19211031","+,,0","19211031","+,,0","","","19211028",",,0","19211024","+,,0","-1.7",",0,12,+","0",",,0,31,+","0",",,0,31,+","27.9",",,0,28,","28.9",",0,24,+","125.2","0","115.8",",0","80.6",",,,0","0",",,,0","14.99",",0","22.08",",,,0","7.90",",,,0"
"USC00238051","1921-11","39.97018","-91.88753","214.9","STEFFENVILLE, MO US","1035.1","0","0.0","1,0","7",",0","5",",0","0",",0","0",",0","1",",0","0","1,0","17","1,0","0",",0","3",",0","0",",0","","","19211112",",1,0","19211130","+,,0","19211119",",,0","","","19211118",",,0","19211104",",,0","-9.4","1,0,12,","0",",,0,30,+","25",",,0,19,","12.2",",,0,18,","21.7",",0,04,","504.0","0","378.8",",0","33.5",",,,0","25",",,,0","5.35","1,0","10.82",",,,0","-0.11","1,,,0"
"USC00238051","1921-12","39.97018","-91.88753","214.9","STEFFENVILLE, MO US","1035.1","0","0.0","1,0","5",",0","3",",0","0",",0","3",",0","2",",0","1",",0","25",",0","5","1,0","0","1,0","0","1,0","","","19211225",",,0","19211225","+,,0","19211224","+,,0","","","19211224",",,0","19211201",",1,0","-18.9",",0,25,","25",",,0,25,+","25",",,0,24,+","17.8",",,0,24,","20.0","1,0,01,","999.9","0","495.9","1,0","25.9",",,,0","50",",,,0","1.78","1,0","7.25","1,,,0","-3.69",",,,0"
"USC00238051","1922-01","39.97018","-91.88753","214.9","STEFFENVILLE, MO US","0.0","0","0.0","1,0","4",",0","2",",0","0",",0","8",",0","2",",0","1",",0","30",",0","9","1,0","0","1,0","0","1,0","","","19220123",",,0","19220123","+,,0","19220120",",,0","","","19220104",",,0","19220103",",1,0","-18.3",",0,23,","51",",,0,23,+","51",",,0,20,","20.3",",,0,04,","12.8","1,0,03,","1664.4","0","664.5","1,0","25.9",",,,0","89",",,,0","-3.69","1,0","2.26","1,,,0","-9.64",",,,0"
"USC00238051","1922-02","39.97018","-91.88753","214.9","STEFFENVILLE, MO US","0.0","0","0.0",",0","6",",0","5",",0","0",",0","4",",0","2",",0","0",",0","24",",0","4",",0","1",",0","0",",0","","","19220213",",,0","19220211",",,0","19220211",",,0","","","19220221",",,0","19220222",",,0","-17.2",",0,13,","102",",,0,11,","102",",,0,11,","10.2",",,0,21,","21.1",",0,22,","2159.4","0","495.0",",0","35.0",",,,0","127",",,,0","0.65",",0","7.11",",,,0","-5.80",",,,0"
"USC00238051","1922-03","39.97018","-91.88753","214.9","STEFFENVILLE, MO US","0.0","0","0.0",",0","13",",0","9",",0","1",",0","2",",0","1",",0","0",",0","12",",0","1",",0","2",",0","0",",0","","","19220302",",,0","19220301",",,0","19220301",",,0","","","19220314",",,0","19220323",",,0","-12.2",",0,02,","51",",,0,01,","51",",,0,01,","29.7",",,0,14,","23.3",",0,23,","2538.6","0","379.2",",0","111.0",",,,0","51",",,,0","6.10",",0","11.53",",,,0","0.68",",,,0"
"USC00238051","1922-04","39.97018","-91.88753","214.9","STEFFENVILLE, MO US","5.8","0","5.8","1,0","11",",0","11",",0","0",",0","0",",0","0",",0","0","1,0","2","1,0","0","1,0","9","1,0","0","1,0","","","19220418","+,1,0","19220430","+,,0","19220430","+,,0","","","19220417",",,0","19220406",",1,0","-1.1","1,0,18,+","0",",,0,30,+","0",",,0,30,+","20.3",",,0,17,","28.3","1,0,06,","2703.8","0","165.2","1,0","81.1",",,,0","0",",,,0","12.84","1,0","18.60","1,,,0","7.08","1,,,0"
"USC00238051","1922-05","39.97018","-91.88753","214.9","STEFFENVILLE, MO US","64.0","0","58.2","1,0","8",",0","7",",0","0",",0","0",",0","0",",0","0","1,0","0","1,0","0",",0","29",",0","0",",0","","","19220501",",1,0","19220531","+,,0","19220531","+,,0","","","19220516",",,0","19220530",",,0","3.3","1,0,01,","0",",,0,31,+","0",",,0,31,+","16.5",",,0,16,","31.7",",0,30,","2723.1","0","19.3",",0","64.1",",,,0","0",",,,0","19.52","1,0","25.83",",,,0","13.21","1,,,0"
"USC00238051","1922-06","39.97018","-91.88753","214.9","STEFFENVILLE, MO US","264.2","0","200.2",",0","5",",0","3",",0","1",",0","0",",0","0",",0","0",",0","0",",0","0",",0","30",",0","21",",0","","","19220603",",,0","19220630","+,,0","19220630","+,,0","","","19220619",",,0","19220614",",,0","8.9",",0,03,","0",",,0,30,+","0",",,0,30,+","30.5",",,0,19,","39.4",",0,14,","2726.4","0","3.3",",0","44.2",",,,0","0",",,,0","24.90",",0","32.38",",,,0","17.41",",,,0"
"USC00238051","1922-07","39.97018","-91.88753","214.9","STEFFENVILLE, MO US","492.6","0","228.4",",0","7",",0","7",",0","2",",0","0",",0","0",",0","0",",0","0",",0","0",",0","31",",0","14",",0","","","19220704",",,0","19220731","+,,0","19220731","+,,0","","","19220711",",,0","19220709",",,0","10.0",",0,04,","0",",,0,31,+","0",",,0,31,+","44.5",",,0,11,","37.2",",0,09,","0.0","0","0.0",",0","141.1",",,,0","0",",,,0","25.70",",0","31.69",",,,0","19.71",",,,0"
"USC00238051","1922-08","39.97018","-91.88753","214.9","STEFFENVILLE, MO US","712.8","0","220.2","1,0","6",",0","6",",0","0",",0","0",",0","0",",0","0","1,0","0","1,0","0",",0","31",",0","20",",0","","","19220826",",1,0","19220831","+,,0","19220831","+,,0","","","19220830",",,0","19220824",",,0","11.1","1,0,26,","0",",,0,31,+","0",",,0,31,+","20.3",",,0,30,","39.4",",0,24,","0.0","0","0.0",",0","44.4",",,,0","0",",,,0","25.71","1,0","32.47",",,,0","18.95","1,,,0"
"USC00238051","1922-09","39.97018","-91.88753","214.9","STEFFENVILLE, MO US","863.9","0","151.1",",0","5",",0","4",",0","2",",0","0",",0","0",",0","0",",0","0",",0","0",",0","28",",0","8",",0","","","19220927",",,0","19220930","+,,0","19220930","+,,0","","","19220910",",,0","19220907",",,0","4.4",",0,27,","0",",,0,30,+","0",",,0,30,+","45.7",",,0,10,","40.0",",0,07,","9.5","0","9.5",",0","93.4",",,,0","0",",,,0","23.05",",0","28.66",",,,0","17.44",",,,0"
"USC00238051","1922-10","39.97018","-91.88753","214.9","STEFFENVILLE, MO US","917.0","0","53.1",",0","5",",0","5",",0","0",",0","0",",0","0",",0","0",",0","3",",0","0",",0","20",",0","4",",0","","","19221017",",,0","19221031","+,,0","19221031","+,,0","","","19221006",",,0","19221030",",,0","-2.8",",0,17,","0",",,0,31,+","0",",,0,31,+","22.9",",,0,06,","33.9",",0,30,","104.5","0","95.0",",0","43.1",",,,0","0",",,,0","16.98",",0","23.80",",,,0","10.16",",,,0"
"USC00238051","1922-11","39.97018","-91.88753","214.9","STEFFENVILLE, MO US","917.3","0","0.3",",0","8",",0","6",",0","0",",0","0",",0","0",",0","0",",0","13",",0","0",",0","2",",0","0",",0","","","19221121",",,0","19221130","+,,0","19221130","+,,0","","","19221113","+,,0","19221101",",,0","-5.0",",0,21,","0",",,0,30,+","0",",,0,30,+","20.3",",,0,13,+","23.9",",0,01,","387.2","0","282.7",",0","61.8",",,,0","0",",,,0","8.92",",0","13.63",",,,0","4.21",",,,0"
"USC00238051","1922-12","39.97018","-91.88753","214.9","STEFFENVILLE, MO US","917.3","0","0.0","1,0","4",",0","3",",0","0",",0","1",",0","1",",0","1",",0","26",",0","7","1,0","0","1,0","0","1,0","","","19221218",",,0","19221214",",,0","19221214",",,0","","","19221207",",,0","19221225",",1,0","-20.6",",0,18,","25",",,0,14,","25",",,0,14,","6.4",",,0,07,","17.2","1,0,25,","919.6","0","532.4","1,0","12.7",",,,0","25",",,,0","0.65","1,0","6.57","1,,,0","-5.26",",,,0"
"USC00238051","1923-01","39.97018","-91.88753","214.9","STEFFENVILLE, MO US","0.0","0","0.0",",0","8",",0","5",",0","0",",0","3",",0","2",",0","0",",0","23",",0","1",",0","0",",0","0",",0","","","19230122",",,0","19230106",",,0","19230106","+,,0","","","19230130","+,,0","19230118",",,0","-10.0",",0,22,","51",",,0,06,","25",",,0,06,+","12.7",",,0,30,+","13.3",",0,18,","1420.0","0","500.4",",0","49.3",",,,0","50",",,,0","2.19",",0","6.64",",,,0","-2.26",",,,0"
"USC00238051","1923-02","39.97018","-91.88753","214.9","STEFFENVILLE, MO US","0.0","0","0.0","2,0","2",",0","0",",0","0",",0","0",",0","1",",0","2",",0","26",",0","7","2,0","0","2,0","0","2,0","","","19230204","+,,0","19230228","+,,0","19230210",",,0","","","19230210",",,0","19230225",",2,0","-20.6",",0,04,+","0",",,0,28,+","25",",,0,10,","1.8",",,0,10,","10.0","2,0,25,","1960.0","0","540.0","2,0","3.1",",,,0","25",",,,0","-2.50","2,0","3.20","2,,,0","-8.20",",,,0"
"USC00238051","1923-03","39.97018","-91.88753","214.9","STEFFENVILLE, MO US","0.6","0","0.6",",0","10",",0","10",",0","1",",0","0",",0","1",",0","1",",0","26",",0","1",",0","1",",0","0",",0","","","19230319",",,0","19230314","+,,0","19230313",",,0","","","19230311",",,0","19230302",",,0","-18.9",",0,19,","0",",T,0,14,+","25",",,0,13,","25.4",",,0,11,","23.9",",0,02,","2414.4","0","454.4",",0","118.2",",,,0","25",",,,0","3.69",",0","10.05",",,,0","-2.66",",,,0"
"USC00238051","1923-04","39.97018","-91.88753","214.9","STEFFENVILLE, MO US","4.0","0","3.4","1,0","6",",0","4",",0","0",",0","0",",0","0",",0","0","1,0","11","1,0","0",",0","10",",0","0",",0","","","19230416",",1,0","19230430","+,,0","19230406",",,0","","","19230423",",,0","19230430",",,0","-3.9","1,0,16,","0",",,0,30,+","0",",T,0,06,","20.3",",,0,23,","27.8",",0,30,","2623.6","0","209.2",",0","33.5",",,,0","0",",T,,0","11.27","1,0","18.13",",,,0","4.41","1,,,0"
"USC00238051","1923-05","39.97018","-91.88753","214.9","STEFFENVILLE, MO US","53.3","0","49.3",",0","9",",0","6",",0","1",",0","0",",0","0",",0","0",",0","2",",0","0",",0","22",",0","0",",0","","","19230511","+,,0","19230531","+,,0","19230508",",,0","","","19230510",",,0","19230531",",,0","-1.1",",0,11,+","0",",,0,31,+","0",",T,0,08,","45.7",",,0,10,","31.1",",0,31,","2700.0","0","76.4",",0","100.2",",,,0","0",",T,,0","17.46",",0","23.64",",,,0","11.27",",,,0"
"USC00238051","1923-06","39.97018","-91.88753","214.9","STEFFENVILLE, MO US","216.9","0","163.6",",0","12",",0","9",",0","1",",0","0",",0","0",",0","0",",0","0",",0","0",",0","28",",0","9",",0","","","19230629",",,0","19230630","+,,0","19230630","+,,0","","","19230628",",,0","19230623",",,0","8.9",",0,29,","0",",,0,30,+","0",",,0,30,+","40.6",",,0,28,","37.2",",0,23,","2708.1","0","8.1",",0","116.7",",,,0","0",",,,0","23.52",",0","29.11",",,,0","17.92",",,,0"
"USC00238051","1923-07","39.97018","-91.88753","214.9","STEFFENVILLE, MO US","471.0","0","254.1",",0","4",",0","3",",0","0",",0","0",",0","0",",0","0",",0","0",",0","0",",0","31",",0","23",",0","","","19230729",",,0","19230731","+,,0","19230731","+,,0","","","19230703",",,0","19230721",",,0","13.9",",0,29,","0",",,0,31,+","0",",,0,31,+","15.2",",,0,03,","38.3",",0,21,","0.0","0","0.0",",0","34.8",",,,0","0",",,,0","26.53",",0","33.61",",,,0","19.45",",,,0"
"USC00238051","1923-08","39.97018","-91.88753","214.9","STEFFENVILLE, MO US","663.2","0","192.2","1,0","9",",0","6",",0","4",",0","0",",0","0",",0","0",",0","0",",0","0","1,0","30","1,0","14","1,0","","","19230823",",,0","19230831","+,,0","19230831","+,,0","","","19230816",",,0","19230807",",1,0","7.8",",0,23,","0",",,0,31,+","0",",,0,31,+","53.3",",,0,16,","36.7","1,0,07,","2.2","0","2.2","1,0","184.5",",,,0","0",",,,0","24.64","1,0","31.41","1,,,0","17.86",",,,0"
"USC00238051","1923-09","39.97018","-91.88753","214.9","STEFFENVILLE, MO US","756.2","0","93.0",",0","13",",0","9",",0","2",",0","0",",0","0",",0","0",",0","0",",0","0",",0","27",",0","2",",0","","","19230914",",,0","19230930","+,,0","19230930","+,,0","","","19230927",",,0","19230904","+,,0","1.7",",0,14,","0",",,0,30,+","0",",,0,30,+","53.3",",,0,27,","33.3",",0,04,+","19.9","0","17.7",",0","157.5",",,,0","0",",,,0","20.84",",0","26.09",",,,0","15.60",",,,0"
"USC00238051","1923-10","39.97018","-91.88753","214.9","STEFFENVILLE, MO US","766.3","0","10.1",",0","5",",0","5",",0","0",",0","0",",0","0",",0","0",",0","8",",0","0",",0","10",",0","0",",0","","","19231031","+,,0","19231031","+,,0","19231031","+,,0","","","19231013",",,0","19231011","+,,0","-3.3",",0,31,+","0",",,0,31,+","0",",,0,31,+","14.7",",,0,13,","26.7",",0,11,+","189.9","0","170.0",",0","31.2",",,,0","0",",,,0","13.17",",0","19.52",",,,0","6.83",",,,0"
"USC00238051","1923-11","39.97018","-91.88753","214.9","STEFFENVILLE, MO US","767.1","0","0.8",",0","7",",0","4",",0","0",",0","1",",0","1",",0","0",",0","14",",0","0",",0","2",",0","0",",0","","","19231101",",,0","19231129",",,0","19231129",",,0","","","19231123",",,0","19231111",",,0","-5.6",",0,01,","25",",,0,29,","25",",,0,29,","11.4",",,0,23,","23.3",",0,11,","507.3","0","317.4",",0","37.1",",,,0","25",",,,0","7.78",",0","12.96",",,,0","2.60",",,,0"
"USC00238051","1923-12","39.97018","-91.88753","214.9","STEFFENVILLE, MO US","767.1","0","0.0","1,0","9",",0","5",",0","0",",0","1",",0","2",",0","0",",0","20",",0","0","1,0","0","1,0","0","1,0","","","19231231",",,0","19231231",",,0","19231231","+,,0","","","19231212",",,0","19231207",",1,0","-15.0",",0,31,","25",",,0,31,","25",",,0,31,+","16.5",",,0,12,","15.0","1,0,07,","930.0","0","422.7","1,0","42.5",",,,0","50",",,,0","4.29","1,0","9.37","1,,,0","-0.80",",,,0"
"USC00238051","1924-01","39.97018","-91.88753","214.9","STEFFENVILLE, MO US","0.0","0","0.0","1,0","7",",0","5",",0","0",",0","15",",0","4",",0","9",",0","27",",0","16","1,0","0","1,0","0","1,0","","","19240105",",,0","19240119","+,,0","19240116",",,0","","","19240116",",,0","19240108",",1,0","-28.3",",0,05,","152",",,0,19,+","152",",,0,16,","12.7",",,0,16,","13.3","1,0,08,","1653.0","0","723.0","1,0","43.0",",,,0","227",",,,0","-5.59","1,0","0.46","1,,,0","-11.65",",,,0"
"USC00238051","1924-02","39.97018","-91.88753","214.9","STEFFENVILLE, MO US","0.0","0","0.0",",0","6",",0","6",",0","0",",0","8",",0","4",",0","2",",0","26",",0","7",",0","0",",0","0",",0","","","19240208","+,,0","19240208","+,,0","19240205",",,0","","","19240205",",,0","19240203","+,,0","-18.9",",0,08,+","254",",,0,08,+","178",",,0,05,","15.2",",,0,05,","16.7",",0,03,+","2197.9","0","544.9",",0","38.1",",,,0","330",",,,0","-0.46",",0","4.85",",,,0","-5.76",",,,0"
"USC00238051","1924-03","39.97018","-91.88753","214.9","STEFFENVILLE, MO US","0.0","0","0.0","1,0","9",",0","8",",0","1",",0","4",",0","4",",0","0","1,0","19","1,0","3","1,0","1","1,0","0","1,0","","","19240310",",1,0","19240310",",,0","19240319",",,0","","","19240329",",,0","19240327",",1,0","-11.1","1,0,10,","127",",,0,10,","152",",,0,19,","38.1",",,0,29,","21.1","1,0,27,","2657.3","0","459.4","1,0","110.5",",,,0","355",",,,0","3.02","1,0","7.68","1,,,0","-1.65","1,,,0"
"USC00238051","1924-04","39.97018","-91.88753","214.9","STEFFENVILLE, MO US","16.1","0","16.1","1,0","7",",0","7",",0","0",",0","0",",0","0",",0","0",",0","2",",0","0","1,0","13","1,0","0","1,0","","","19240401",",,0","19240430","+,,0","19240430","+,,0","","","19240425",",,0","19240424","+,1,0","-7.2",",0,01,","0",",,0,30,+","0",",,0,30,+","12.7",",,0,25,","30.0","1,0,24,+","2801.4","0","144.1","1,0","48.2",",,,0","0",",,,0","13.83","1,0","20.56","1,,,0","7.11",",,,0"
"USC00238051","1924-05","39.97018","-91.88753","214.9","STEFFENVILLE, MO US","28.6","0","12.5",",0","6",",0","3",",0","2",",0","0",",0","0",",0","0",",0","0",",0","0",",0","19",",0","0",",0","","","19240501",",,0","19240531","+,,0","19240531","+,,0","","","19240529",",,0","19240505",",,0","3.3",",0,01,","0",",,0,31,+","0",",,0,31,+","31.8",",,0,29,","30.0",",0,05,","2913.5","0","112.1",",0","72.2",",,,0","0",",,,0","15.12",",0","21.19",",,,0","9.05",",,,0"
"USC00238051","1924-06","39.97018","-91.88753","214.9","STEFFENVILLE, MO US","136.8","0","108.2","1,0","12","1,0","11","1,0","2","1,0","0","1,0","0","1,0","0","1,0","0","1,0","0","1,0","29","1,0","3","1,0","","","19240602",",1,0","19240630","+,1,0","19240630","+,1,0","","","19240612",",1,0","19240623",",1,0","9.4","1,0,02,","0","1,,0,30,+","0","1,,0,30,+","54.6","1,,0,12,","33.9","1,0,23,","2919.6","0","6.1","1,0","176.9","1,,,0","0","1,,,0","21.85","1,0","27.46","1,,,0","16.24","1,,,0"
"USC00238051","1924-07","39.97018","-91.88753","214.9","STEFFENVILLE, MO US","303.7","0","166.9",",0","7",",0","7",",0","0",",0","0",",0","0",",0","0",",0","0",",0","0",",0","31",",0","9",",0","","","19240703",",,0","19240731","+,,0","19240731","+,,0","","","19240707",",,0","19240716",",,0","8.9",",0,03,","0",",,0,31,+","0",",,0,31,+","21.1",",,0,07,","35.0",",0,16,","1.9","0","1.9",",0","85.9",",,,0","0",",,,0","23.65",",0","29.84",",,,0","17.47",",,,0"
"USC00238051","1924-08","39.97018","-91.88753","214.9","STEFFENVILLE, MO US","530.1","0","226.4",",0","6",",0","5",",0","2",",0","0",",0","0",",0","0",",0","0",",0","0",",0","31",",0","17",",0","","","19240812",",,0","19240831","+,,0","19240831","+,,0","","","19240824","+,,0","19240827",",,0","11.1",",0,12,","0",",,0,31,+","0",",,0,31,+","30.5",",,0,24,+","37.8",",0,27,","1.9","0","0.0",",0","97.9",",,,0","0",",,,0","25.64",",0","32.16",",,,0","19.11",",,,0"
"USC00238051","1924-09","39.97018","-91.88753","214.9","STEFFENVILLE, MO US","567.2","0","37.1",",0","9",",0","5",",0","1",",0","0",",0","0",",0","0",",0","1",",0","0",",0","25",",0","1",",0","","","19240930",",,0","19240930","+,,0","19240930","+,,0","","","19240901",",,0","19240901",",,0","-1.1",",0,30,","0",",,0,30,+","0",",,0,30,+","25.4",",,0,01,","32.2",",0,01,","34.4","0","32.5",",0","74.4",",,,0","0",",,,0","18.49",",0","25.12",",,,0","11.85",",,,0"
"USC00238051","1924-10","39.97018","-91.88753","214.9","STEFFENVILLE, MO US","606.8","0","39.6","1,0","5",",0","3",",0","0",",0","0",",0","0",",0","0","1,0","3","1,0","0",",0","27",",0","0",",0","","","19241023",",1,0","19241031","+,,0","19241031","+,,0","","","19241003",",,0","19241018","+,,0","-3.3","1,0,23,","0",",,0,31,+","0",",,0,31,+","17.8",",,0,03,","31.7",",0,18,+","102.1","0","67.7",",0","37.7",",,,0","0",",,,0","17.37","1,0","25.43",",,,0","9.31","1,,,0"
"USC00238051","1924-11","39.97018","-91.88753","214.9","STEFFENVILLE, MO US","606.8","0","0.0",",0","3",",0","2",",0","0",",0","0",",0","0",",0","0",",0","15",",0","1",",0","8",",0","0",",0","","","19241129","+,,0","19241130","+,,0","19241129","+,,0","","","19241113",",,0","19241106","+,,0","-8.3",",0,29,+","0",",,0,30,+","0",",T,0,29,+","13.2",",,0,13,","26.7",",0,06,+","427.0","0","324.9",",0","19.6",",,,0","0",",T,,0","7.50",",0","14.10",",,,0","0.91",",,,0"
"USC00238051","1924-12","39.97018","-91.88753","214.9","STEFFENVILLE, MO US","606.8","0","0.0","1,0","8",",0","4",",0","2",",0","15",",0","4",",0","8","1,0","26","1,0","15",",0","0",",0","0",",0","","","19241228",",1,0","19241229","+,,0","19241225",",,0","","","19241204",",,0","19241212",",,0","-32.2","1,0,28,","203",",,0,29,+","127",",,0,25,","38.1",",,0,04,","13.9",",0,12,","1104.4","0","677.4",",0","92.6",",,,0","305",",,,0","-4.28","1,0","0.97",",,,0","-9.53","1,,,0"
"USC00238051","1925-01","39.97018","-91.88753","214.9","STEFFENVILLE, MO US","0.0","0","0.0","1,0","2",",0","1",",0","0",",0","18",",0","2",",0","2",",0","31",",0","6","1,0","0","1,0","0","1,0","","","19250113",",,0","19250102","+,,0","19250112",",,0","","","19250112",",,0","19250125",",1,0","-19.4",",0,13,","178",",,0,02,+","51",",,0,12,","6.4",",,0,12,","13.3","1,0,25,","1732.6","0","628.2","1,0","8.2",",,,0","76",",,,0","-2.60","1,0","3.89","1,,,0","-9.10",",,,0"
"USC00238051","1925-02","39.97018","-91.88753","214.9","STEFFENVILLE, MO US","0.0","0","0.0",",0","8",",0","7",",0","0",",0","4",",0","2",",0","0",",0","21",",0","1",",0","0",",0","0",",0","","","19250227",",,0","19250212","+,,0","19250210",",,0","","","19250208",",,0","19250207",",,0","-14.4",",0,27,","152",",,0,12,+","152",",,0,10,","14.0",",,0,08,","17.8",",0,07,","2196.2","0","463.6",",0","61.1",",,,0","228",",,,0","1.78",",0","7.79",",,,0","-4.24",",,,0"
"USC00238051","1925-03","39.97018","-91.88753","214.9","STEFFENVILLE, MO US","0.0","0","0.0",",0","3",",0","3",",0","0",",0","2",",0","1",",0","0",",0","13",",0","1",",0","7",",0","0",",0","","","19250302",",,0","19250302","+,,0","19250301",",,0","","","19250318",",,0","19250323",",,0","-16.1",",0,02,","51",",,0,02,+","51",",,0,01,","19.1",",,0,18,","25.0",",0,23,","2540.0","0","343.8",",0","37.9",",,,0","51",",,,0","7.24",",0","14.66",",,,0","-0.17",",,,0"
"USC00238051","1925-04","39.97018","-91.88753","214.9","STEFFENVILLE, MO US","20.9","0","20.9","1,0","10",",0","10",",0","0",",0","0",",0","0",",0","0","1,0","1","1,0","0",",0","18",",0","0",",0","","","19250405",",1,0","19250430","+,,0","19250430","+,,0","","","19250424",",,0","19250422",",,0","-2.8","1,0,05,","0",",,0,30,+","0",",,0,30,+","19.1",",,0,24,","30.6",",0,22,","2651.1","0","111.1",",0","78.3",",,,0","0",",,,0","15.31","1,0","22.32",",,,0","8.30","1,,,0"
"USC00238051","1925-05","39.97018","-91.88753","214.9","STEFFENVILLE, MO US","61.7","0","40.8","1,0","5",",0","5",",0","1",",0","0",",0","0",",0","0","1,0","1","1,0","0",",0","18",",0","3",",0","","","19250525",",1,0","19250531","+,,0","19250531","+,,0","","","19250516",",,0","19250521",",,0","-1.1","1,0,25,","0",",,0,31,+","0",",,0,31,+","36.8",",,0,16,","35.0",",0,21,","2768.0","0","116.9",",0","76.2",",,,0","0",",,,0","15.69","1,0","22.99",",,,0","8.39","1,,,0"
"USC00238051","1925-06","39.97018","-91.88753","214.9","STEFFENVILLE, MO US","230.5","0","168.8",",0","13",",0","12",",0","1",",0","0",",0","0",",0","0",",0","0",",0","0",",0","30",",0","11",",0","","","19250628",",,0","19250630","+,,0","19250630","+,,0","","","19250616",",,0","19250621",",,0","12.8",",0,28,","0",",,0,30,+","0",",,0,30,+","25.9",",,0,16,","34.4",",0,21,","2768.3","0","0.3",",0","160.8",",,,0","0",",,,0","23.95",",0","30.03",",,,0","17.87",",,,0"
"USC00238051","1925-07","39.97018","-91.88753","214.9","STEFFENVILLE, MO US","434.9","0","204.4","3,0","5",",0","5",",0","1",",0","0",",0","0",",0","0","3,0","0","3,0","0","2,0","29","2,0","14","2,0","","","19250729",",3,0","19250731","+,,0","19250731","+,,0","","","19250706",",,0","19250702",",2,0","10.0","3,0,29,","0",",,0,31,+","0",",,0,31,+","82.6",",,0,06,","40.0","2,0,02,","1.1","0","1.1","2,0","111.8",",,,0","0",",,,0","25.48","3,0","32.14","2,,,0","18.83","3,,,0"
"USC00238051","1925-08","39.97018","-91.88753","214.9","STEFFENVILLE, MO US","625.7","0","190.8",",0","8",",0","7",",0","2",",0","0",",0","0",",0","0",",0","0",",0","0",",0","31",",0","15",",0","","","19250825","+,,0","19250831","+,,0","19250831","+,,0","","","19250818",",,0","19250825","+,,0","11.1",",0,25,+","0",",,0,31,+","0",",,0,31,+","90.2",",,0,18,","36.7",",0,25,+","1.1","0","0.0",",0","198.7",",,,0","0",",,,0","24.49",",0","32.00",",,,0","16.98",",,,0"
"USC00238051","1925-09","39.97018","-91.88753","214.9","STEFFENVILLE, MO US","792.0","0","166.3","1,0","11",",0","10",",0","1",",0","0",",0","0",",0","0","1,0","0","1,0","0","1,0","26","1,0","11","1,0","","","19250923","+,1,0","19250930","+,,0","19250930","+,,0","","","19250929",",,0","19250904",",1,0","10.0","1,0,23,+","0",",,0,30,+","0",",,0,30,+","38.1",",,0,29,","41.7","1,0,04,","12.2","0","11.1","1,0","126.8",",,,0","0",",,,0","23.68","1,0","30.20","1,,,0","17.17","1,,,0"
"USC00238051","1925-10","39.97018","-91.88753","214.9","STEFFENVILLE, MO US","797.6","0","5.6",",0","11",",0","9",",0","0",",0","1","1,0","1",",0","0",",0","13",",0","1",",0","3",",0","0",",0","","","19251030",",,0","19251030",",1,0","19251029",",,0","","","19251003",",,0","19251002",",,0","-13.9",",0,30,","76","1,,0,30,","127",",,0,29,","22.9",",,0,03,","28.3",",0,02,","334.0","0","321.8",",0","88.3",",,,0","140",",,,0","8.13",",0","13.67",",,,0","2.60",",,,0"
"USC00238051","1925-11","39.97018","-91.88753","214.9","STEFFENVILLE, MO US","797.6","0","0.0",",0","5",",0","5",",0","1",",0","1",",0","2",",0","0",",0","19",",0","0",",0","0",",0","0",",0","","","19251108",",,0","19251115",",,0","19251115",",,0","","","19251107",",,0","19251121",",,0","-13.9",",0,08,","51",",,0,15,","51",",,0,15,","35.6",",,0,07,","18.9",",0,21,","737.8","0","403.8",",0","62.2",",,,0","76",",,,0","4.87",",0","11.57",",,,0","-1.82",",,,0"
"USC00238051","1925-12","39.97018","-91.88753","214.9","STEFFENVILLE, MO US","797.6","0","0.0",",0","6",",0","4",",0","0",",0","6","2,0","4","1,0","3",",0","27",",0","6",",0","0",",0","0",",0","","","19251227",",,0","19251207",",2,0","19251204",",1,0","","","19251205","+,,0","19251212","+,,0","-22.2",",0,27,","152","2,,0,07,","152","1,,0,04,","19.1",",,0,05,+","13.3",",0,12,+","1378.5","0","640.7",",0","56.3",",,,0","279","1,,,0","-2.34",",0","3.30",",,,0","-7.97",",,,0"
"USC00238051","1926-01","39.97018","-91.88753","214.9","STEFFENVILLE, MO US","0.0","0","0.0",",0","6",",0","5",",0","0",",0","4",",0","2",",0","3",",0","24",",0","5",",0","0",",0","0",",0","","","19260122",",,0","19260122","+,,0","19260121",",,0","","","19260103",",,0","19260130",",,0","-22.8",",0,22,","51",",,0,22,+","51",",,0,21,","17.3",",,0,03,","13.9",",0,30,","1975.0","0","596.5",",0","47.1",",,,0","76",",,,0","-0.91",",0","4.63",",,,0","-6.45",",,,0"
"USC00238051","1926-02","39.97018","-91.88753","214.9","STEFFENVILLE, MO US","0.0","0","0.0",",0","7",",0","6",",0","0",",0","0",",0","2",",0","0",",0","24",",0","0",",0","0",",0","0",",0","","","19260219",",,0","19260221","+,,0","19260218",",,0","","","19260218",",,0","19260228",",,0","-12.2",",0,19,","0",",T,0,21,+","102",",,0,18,","15.2",",,0,18,","18.3",",0,28,","2418.0","0","443.0",",0","51.3",",,,0","178",",,,0","2.51",",0","7.64",",,,0","-2.62",",,,0"
"USC00238051","1926-03","39.97018","-91.88753","214.9","STEFFENVILLE, MO US","0.0","0","0.0",",0","8",",0","8",",0","0",",0","3",",0","3",",0","0",",0","21",",0","2",",0","3",",0","0",",0","","","19260313",",,0","19260331",",,0","19260330",",,0","","","19260310",",,0","19260323","+,,0","-12.8",",0,13,","254",",,0,31,","152",",,0,30,","17.8",",,0,10,","23.9",",0,23,+","2877.9","0","459.9",",0","64.2",",,,0","318",",,,0","3.50",",0","9.79",",,,0","-2.79",",,,0"
"USC00238051","1926-04","39.97018","-91.88753","214.9","STEFFENVILLE, MO US","2.8","0","2.8","1,0","7",",0","6",",0","1",",0","0","2,0","0","1,0","0","1,0","14","1,0","0","1,0","8","1,0","0","1,0","","","19260401",",1,0","19260406","+,2,0","19260401",",1,0","","","19260406",",,0","19260430",",1,0","-7.8","1,0,01,","0","2,T,0,06,+","0","1,T,0,01,","43.2",",,0,06,","27.8","1,0,30,","3172.7","0","294.8","1,0","81.1",",,,0","0","1,T,,0","8.26","1,0","14.79","1,,,0","1.74","1,,,0"
"USC00238051","1926-05","39.97018","-91.88753","214.9","STEFFENVILLE, MO US","81.1","0","78.3",",0","8",",0","8",",0","0",",0","0",",0","0",",0","0",",0","0",",0","0",",0","29",",0","6",",0","","","19260520",",,0","19260531","+,,0","19260531","+,,0","","","19260527",",,0","19260529","+,,0","2.2",",0,20,","0",",,0,31,+","0",",,0,31,+","15.2",",,0,27,","35.0",",0,29,+","3201.9","0","29.2",",0","56.8",",,,0","0",",,,0","19.92",",0","26.92",",,,0","12.92",",,,0"
"USC00238051","1926-06","39.97018","-91.88753","214.9","STEFFENVILLE, MO US","186.6","0","105.5",",0","8",",0","8",",0","4",",0","0",",0","0",",0","0",",0","0",",0","0",",0","30",",0","5",",0","","","19260610",",,0","19260630","+,,0","19260630","+,,0","","","19260616",",,0","19260629","+,,0","7.2",",0,10,","0",",,0,30,+","0",",,0,30,+","38.1",",,0,16,","35.6",",0,29,+","3204.1","0","2.2",",0","195.1",",,,0","0",",,,0","21.78",",0","27.90",",,,0","15.65",",,,0"
"USC00238051","1926-07","39.97018","-91.88753","214.9","STEFFENVILLE, MO US","420.3","0","233.7",",0","10",",0","10",",0","3",",0","0",",0","0",",0","0",",0","0",",0","0",",0","31",",0","19",",0","","","19260712","+,,0","19260731","+,,0","19260731","+,,0","","","19260709",",,0","19260729",",,0","12.8",",0,12,+","0",",,0,31,+","0",",,0,31,+","29.5",",,0,09,","39.4",",0,29,","0.0","0","0.0",",0","137.3",",,,0","0",",,,0","25.87",",0","32.82",",,,0","18.93",",,,0"
"USC00238051","1926-08","39.97018","-91.88753","214.9","STEFFENVILLE, MO US","645.2","0","224.9",",0","12",",0","8",",0","2",",0","0",",0","0",",0","0",",0","0",",0","0",",0","31",",0","17",",0","","","19260825",",,0","19260831","+,,0","19260831","+,,0","","","19260829",",,0","19260829",",,0","12.8",",0,25,","0",",,0,31,+","0",",,0,31,+","53.3",",,0,29,","40.0",",0,29,","0.0","0","0.0",",0","149.1",",,,0","0",",,,0","25.59",",0","32.02",",,,0","19.16",",,,0"
"USC00238051","1926-09","39.97018","-91.88753","214.9","STEFFENVILLE, MO US","751.8","0","106.6","2,0","20",",0","19",",0","2",",0","0",",0","0",",0","0","1,0","1","1,0","0","1,0","24","1,0","4","1,0","","","19260926",",1,0","19260930","+,,0","19260930","+,,0","","","19260904",",,0","19260917",",1,0","-0.6","1,0,26,","0",",,0,30,+","0",",,0,30,+","66.0",",,0,04,","35.0","1,0,17,","50.0","0","50.0","1,0","260.6",",,,0","0",",,,0","20.34","2,0","26.12","1,,,0","14.56","1,,,0"
"USC00238051","1926-10","39.97018","-91.88753","214.9","STEFFENVILLE, MO US","769.6","0","17.8","1,0","9",",0","8",",0","0",",0","0",",0","0",",0","0","1,0","3","1,0","0",",0","18",",0","0",",0","","","19261025",",1,0","19261031","+,,0","19261031","+,,0","","","19261002",",,0","19261003",",,0","-3.9","1,0,25,","0",",,0,31,+","0",",,0,31,+","17.8",",,0,02,","30.0",",0,03,","206.2","0","156.2",",0","77.1",",,,0","0",",,,0","13.74","1,0","19.96",",,,0","7.52","1,,,0"
"USC00238051","1926-11","39.97018","-91.88753","214.9","STEFFENVILLE, MO US","769.6","0","0.0",",0","9",",0","8",",0","1",",0","2",",0","3",",0","0",",0","23",",0","2",",0","0",",0","0",",0","","","19261121",",,0","19261121","+,,0","19261121",",,0","","","19261114",",,0","19261114","+,,0","-13.9",",0,21,","51",",,0,21,+","64",",,0,21,","40.6",",,0,14,","20.0",",0,14,+","630.3","0","424.1",",0","93.8",",,,0","127",",,,0","4.20",",0","10.21",",,,0","-1.82",",,,0"
"USC00238051","1926-12","39.97018","-91.88753","214.9","STEFFENVILLE, MO US","769.6","0","0.0","1,0","3",",0","2",",0","0",",0","4",",0","3",",0","2","1,0","27","1,0","7",",0","0",",0","0",",0","","","19261214",",1,0","19261222","+,,0","19261221",",,0","","","19261223",",,0","19261212",",,0","-18.3","1,0,14,","76",",,0,22,+","76",",,0,21,","7.6",",,0,23,","16.7",",0,12,","1204.6","0","574.3",",0","14.7",",,,0","152",",,,0","-0.95","1,0","4.20",",,,0","-6.09","1,,,0"
"USC00238051","1927-01","39.97018","-91.88753","214.9","STEFFENVILLE, MO US","0.0","0","0.0",",0","3",",0","2",",0","0",",0","12",",0","1",",0","4",",0","30",",0","10",",0","0",",0","0",",0","","","19270115",",,0","19270115","+,,0","19270113",",,0","","","19270113",",,0","19270105",",,0","-29.4",",0,15,","254",",,0,15,+","254",",,0,13,","21.6",",,0,13,","16.1",",0,05,","1864.2","0","659.6",",0","27.7",",,,0","267",",,,0","-2.95",",0","3.46",",,,0","-9.35",",,,0"
"USC00238051","1927-02","39.97018","-91.88753","214.9","STEFFENVILLE, MO US","0.0","0","0.0","2,0","7",",0","7",",0","0",",0","0",",0","0",",0","0",",0","19",",0","2","2,0","0","2,0","0","2,0","","","19270210",",,0","19270228","+,,0","19270227","+,,0","","","19270217",",,0","19270224","+,2,0","-12.2",",0,10,","0",",,0,28,+","0",",T,0,27,+","17.8",",,0,17,","20.0","2,0,24,+","2241.6","0","377.4","2,0","49.5",",,,0","0",",T,,0","3.89","2,0","9.68","2,,,0","-1.90",",,,0"
"USC00238051","1927-03","39.97018","-91.88753","214.9","STEFFENVILLE, MO US","0.0","0","0.0","1,0","10",",0","8",",0","0",",0","0",",0","1",",0","0","1,0","11","1,0","0",",0","3",",0","0",",0","","","19270302",",1,0","19270331","+,,0","19270301",",,0","","","19270311",",,0","19270316",",,0","-12.2","1,0,02,","0",",,0,31,+","51",",,0,01,","19.1",",,0,11,","23.9",",0,16,","2576.1","0","334.5",",0","96.9",",,,0","51",",,,0","7.22","1,0","13.35",",,,0","1.10","1,,,0"
"USC00238051","1927-04","39.97018","-91.88753","214.9","STEFFENVILLE, MO US","10.3","0","10.3","1,0","15",",0","12",",0","3",",0","0",",0","0",",0","0","1,0","2","1,0","0","1,0","9","1,0","0","1,0","","","19270423",",1,0","19270430","+,,0","19270423",",,0","","","19270401",",,0","19270417",",1,0","-1.7","1,0,23,","0",",,0,30,+","0",",T,0,23,","41.4",",,0,01,","28.9","1,0,17,","2775.0","0","198.9","1,0","193.5",",,,0","0",",T,,0","11.83","1,0","17.08","1,,,0","6.58","1,,,0"
"USC00238051","1927-05","39.97018","-91.88753","214.9","STEFFENVILLE, MO US","36.7","0","26.4","1,0","11",",0","10",",0","1",",0","0",",0","0",",0","0","1,0","0","1,0","0","1,0","20","1,0","0","1,0","","","19270512",",1,0","19270531","+,,0","19270531","+,,0","","","19270523",",,0","19270522",",1,0","2.8","1,0,12,","0",",,0,31,+","0",",,0,31,+","37.3",",,0,23,","30.0","1,0,22,","2847.6","0","72.6","1,0","119.2",",,,0","0",",,,0","16.79","1,0","22.72","1,,,0","10.87","1,,,0"
"USC00238051","1927-06","39.97018","-91.88753","214.9","STEFFENVILLE, MO US","108.5","0","71.8",",0","8",",0","8",",0","1",",0","0",",0","0",",0","0",",0","0",",0","0",",0","28",",0","3",",0","","","19270615",",,0","19270630","+,,0","19270630","+,,0","","","19270602",",,0","19270630",",,0","9.4",",0,15,","0",",,0,30,+","0",",,0,30,+","26.7",",,0,02,","34.4",",0,30,","2865.7","0","18.1",",0","118.3",",,,0","0",",,,0","20.12",",0","25.41",",,,0","14.83",",,,0"
"USC00238051","1927-07","39.97018","-91.88753","214.9","STEFFENVILLE, MO US","294.7","0","186.2",",0","6",",0","6",",0","0",",0","0",",0","0",",0","0",",0","0",",0","0",",0","31",",0","12",",0","","","19270723","+,,0","19270731","+,,0","19270731","+,,0","","","19270725",",,0","19270711","+,,0","12.2",",0,23,+","0",",,0,31,+","0",",,0,31,+","18.5",",,0,25,","36.1",",0,11,+","0.0","0","0.0",",0","61.1",",,,0","0",",,,0","24.34",",0","31.22",",,,0","17.46",",,,0"
"USC00238051","1927-08","39.97018","-91.88753","214.9","STEFFENVILLE, MO US","409.5","0","114.8","1,0","7",",0","7",",0","0",",0","0",",0","0",",0","0","1,0","0","1,0","0","1,0","30","1,0","7","1,0","","","19270824",",1,0","19270831","+,,0","19270831","+,,0","","","19270813",",,0","19270814",",1,0","10.6","1,0,24,","0",",,0,31,+","0",",,0,31,+","21.6",",,0,13,","35.6","1,0,14,","0.2","0","0.2","1,0","74.9",",,,0","0",",,,0","22.15","1,0","29.13","1,,,0","15.17","1,,,0"
"USC00238051","1927-09","39.97018","-91.88753","214.9","STEFFENVILLE, MO US","556.8","0","147.3",",0","11",",0","10",",0","1",",0","0",",0","0",",0","0",",0","0",",0","0",",0","28",",0","16",",0","","","19270921",",,0","19270930","+,,0","19270930","+,,0","","","19270903",",,0","19270915","+,,0","3.9",",0,21,","0",",,0,30,+","0",",,0,30,+","31.8",",,0,03,","37.2",",0,15,+","37.4","0","37.2",",0","91.6",",,,0","0",",,,0","22.01",",0","29.21",",,,0","14.80",",,,0"
"USC00238051","1927-10","39.97018","-91.88753","214.9","STEFFENVILLE, MO US","577.6","0","20.8","1,0","4",",0","4",",0","2",",0","0",",0","0",",0","0","1,0","2","1,0","0","1,0","22","1,0","0","1,0","","","19271018","+,1,0","19271031","+,,0","19271031","+,,0","","","19271002",",,0","19271028","+,1,0","0.0","1,0,18,+","0",",,0,31,+","0",",,0,31,+","68.6",",,0,02,","30.0","1,0,28,+","137.6","0","100.2","1,0","118.2",",,,0","0",",,,0","15.69","1,0","23.38","1,,,0","7.99","1,,,0"
"USC00238051","1927-11","39.97018","-91.88753","214.9","STEFFENVILLE, MO US","577.6","0","0.0",",0","5",",0","4",",0","1",",0","0",",0","1",",0","0",",0","15",",0","2",",0","3",",0","0",",0","","","19271107",",,0","19271130",",,0","19271130",",,0","","","19271115",",,0","19271101",",,0","-11.1",",0,07,","0",",T,0,30,","38",",,0,30,","25.4",",,0,15,","26.7",",0,01,","480.1","0","342.5",",0","45.0",",,,0","38",",,,0","6.92",",0","13.12",",,,0","0.71",",,,0"
"USC00238051","1927-12","39.97018","-91.88753","214.9","STEFFENVILLE, MO US","577.6","0","0.0",",0","5",",0","5",",0","0",",0","2",",0","1",",0","2",",0","29",",0","9",",0","0",",0","0",",0","","","19271231","+,,0","19271231","+,,0","19271230",",,0","","","19271228",",,0","19271213","+,,0","-19.4",",0,31,+","152",",,0,31,+","152",",,0,30,","24.1",",,0,28,","14.4",",0,13,+","1121.5","0","641.4",",0","70.4",",,,0","152",",,,0","-2.36",",0","3.65",",,,0","-8.37",",,,0"
"USC00238051","1928-01","39.97018","-91.88753","214.9","STEFFENVILLE, MO US","0.0","0","0.0",",0","2",",0","1",",0","0",",0","6",",0","0",",0","4",",0","20",",0","7",",0","0",",0","0",",0","","","19280102",",,0","19280104","+,,0","19280130","+,,0","","","19280119",",,0","19280114",",,0","-24.4",",0,02,","152",",,0,04,+","0",",T,0,30,+","6.4",",,0,19,","18.3",",0,14,","1721.9","0","600.4",",0","7.7",",,,0","0",",T,,0","-1.04",",0","3.89",",,,0","-5.96",",,,0"
"USC00238051","1928-02","39.97018","-91.88753","214.9","STEFFENVILLE, MO US","0.0","0","0.0",",0","8",",0","5",",0","0",",0","0",",0","2",",0","0",",0","22",",0","3",",0","0",",0","0",",0","","","19280218",",,0","19280218","+,,0","19280223","+,,0","","","19280206",",,0","19280212",",,0","-15.6",",0,18,","0",",T,0,18,+","25",",,0,23,+","21.6",",,0,06,","16.7",",0,12,","2204.7","0","482.8",",0","57.0",",,,0","63",",,,0","1.68",",0","6.98",",,,0","-3.61",",,,0"
"USC00238051","1928-03","39.97018","-91.88753","214.9","STEFFENVILLE, MO US","3.6","0","3.6","1,0","5",",0","4",",0","0",",0","0",",0","1",",0","0","1,0","20","1,0","0",",0","7",",0","0",",0","","","19280305",",1,0","19280329",",,0","19280330",",,0","","","19280315",",,0","19280325",",,0","-11.1","1,0,05,","0",",T,0,29,","51",",,0,30,","12.7",",,0,15,","31.1",",0,25,","2544.2","0","339.5",",0","31.7",",,,0","51",",,,0","6.99","1,0","13.87",",,,0","0.11","1,,,0"
"USC00238051","1928-04","39.97018","-91.88753","214.9","STEFFENVILLE, MO US","4.5","0","0.9",",0","7",",0","7",",0","1",",0","1",",0","1",",0","0",",0","11",",0","0",",0","7",",0","0",",0","","","19280415",",,0","19280407",",,0","19280407",",,0","","","19280405",",,0","19280402",",,0","-6.7",",0,15,","51",",,0,07,","64",",,0,07,","47.0",",,0,05,","26.7",",0,02,","2805.8","0","261.6",",0","101.1",",,,0","64",",,,0","9.64",",0","15.87",",,,0","3.41",",,,0"
"USC00238051","1928-05","39.97018","-91.88753","214.9","STEFFENVILLE, MO US","33.7","0","29.2","1,0","6",",0","4",",0","1",",0","0",",0","0",",0","0","1,0","0","1,0","0",",0","29",",0","2",",0","","","19280507",",1,0","19280531","+,,0","19280531","+,,0","","","19280518",",,0","19280510",",,0","3.3","1,0,07,","0",",,0,31,+","0",",,0,31,+","53.3",",,0,18,","33.3",",0,10,","2854.0","0","48.2",",0","80.0",",,,0","0",",,,0","17.82","1,0","25.28",",,,0","10.35","1,,,0"
"USC00238051","1928-06","39.97018","-91.88753","214.9","STEFFENVILLE, MO US","88.9","0","55.2",",0","10",",0","9",",0","2",",0","0",",0","0",",0","0",",0","0",",0","0",",0","27",",0","0",",0","","","19280606","+,,0","19280630","+,,0","19280630","+,,0","","","19280608",",,0","19280618",",,0","8.3",",0,06,+","0",",,0,30,+","0",",,0,30,+","34.3",",,0,08,","28.9",",0,18,","2877.1","0","23.1",",0","166.6",",,,0","0",",,,0","19.40",",0","25.07",",,,0","13.73",",,,0"
"USC00238051","1928-07","39.97018","-91.88753","214.9","STEFFENVILLE, MO US","295.6","0","206.7",",0","8",",0","6",",0","2",",0","0",",0","0",",0","0",",0","0",",0","0",",0","31",",0","15",",0","","","19280728",",,0","19280731","+,,0","19280731","+,,0","","","19280710",",,0","19280718","+,,0","12.2",",0,28,","0",",,0,31,+","0",",,0,31,+","31.8",",,0,10,","35.0",",0,18,+","0.0","0","0.0",",0","82.7",",,,0","0",",,,0","25.00",",0","30.96",",,,0","19.04",",,,0"
"USC00238051","1928-08","39.97018","-91.88753","214.9","STEFFENVILLE, MO US","495.8","0","200.2",",0","5",",0","5",",0","1",",0","0",",0","0",",0","0",",0","0",",0","0",",0","31",",0","15",",0","","","19280825",",,0","19280831","+,,0","19280831","+,,0","","","19280804",",,0","19280815",",,0","11.1",",0,25,","0",",,0,31,+","0",",,0,31,+","39.4",",,0,04,","36.7",",0,15,","0.0","0","0.0",",0","95.3",",,,0","0",",,,0","24.79",",0","31.15",",,,0","18.44",",,,0"
"USC00238051","1928-09","39.97018","-91.88753","214.9","STEFFENVILLE, MO US","550.7","0","54.9",",0","7",",0","7",",0","0",",0","0",",0","0",",0","0",",0","1",",0","0",",0","23",",0","3",",0","","","19280926",",,0","19280930","+,,0","19280930","+,,0","","","19280912",",,0","19280909",",,0","-1.7",",0,26,","0",",,0,30,+","0",",,0,30,+","24.1",",,0,12,","34.4",",0,09,","73.7","0","73.7",",0","86.4",",,,0","0",",,,0","17.71",",0","24.90",",,,0","10.51",",,,0"
"USC00238051","1928-10","39.97018","-91.88753","214.9","STEFFENVILLE, MO US","592.0","0","41.3",",0","11",",0","11",",0","0",",0","0",",0","0",",0","0",",0","1",",0","0",",0","17",",0","0",",0","","","19281029",",,0","19281031","+,,0","19281031","+,,0","","","19281022",",,0","19281012","+,,0","-2.8",",0,29,","0",",,0,31,+","0",",,0,31,+","24.1",",,0,22,","31.7",",0,12,+","213.6","0","139.9",",0","132.6",",,,0","0",",,,0","15.15",",0","21.68",",,,0","8.62",",,,0"
"USC00238051","1928-11","39.97018","-91.88753","214.9","STEFFENVILLE, MO US","592.0","0","0.0","1,0","9",",0","6",",0","2",",0","0",",0","0",",0","0",",0","12",",0","0","1,0","1","1,0","0","1,0","","","19281120",",,0","19281127","+,,0","19281127","+,,0","","","19281117",",,0","19281115",",1,0","-9.4",",0,20,","0",",T,0,27,+","0",",T,0,27,+","72.4",",,0,17,","22.2","1,0,15,","569.7","0","356.1","1,0","183.0",",,,0","0",",T,,0","6.02","1,0","11.23","1,,,0","0.81",",,,0"
"USC00238051","1928-12","39.97018","-91.88753","214.9","STEFFENVILLE, MO US","592.0","0","0.0","3,0","4",",0","4",",0","0",",0","3",",0","1",",0","0","2,0","22","2,0","3","1,0","0","1,0","0","1,0","","","19281205",",2,0","19281204",",,0","19281204",",,0","","","19281213",",,0","19281228",",1,0","-17.2","2,0,05,","76",",,0,04,","64",",,0,04,","24.9",",,0,13,","12.2","1,0,28,","1063.5","0","493.8","1,0","55.4",",,,0","64",",,,0","0.85","3,0","6.06","1,,,0","-4.37","2,,,0"
"USC00238051","1929-01","39.97018","-91.88753","214.9","STEFFENVILLE, MO US","0.0","0","0.0",",0","10",",0","5",",0","1",",0","23","2,0","7","1,0","8",",0","31",",0","17",",0","0",",0","0",",0","","","19290115","+,,0","19290115",",2,0","19290105",",1,0","","","19290105",",,0","19290122","+,,0","-22.8",",0,15,+","152","2,,0,15,","76","1,,0,05,","38.1",",,0,05,","6.7",",0,22,+","1849.0","0","785.5",",0","72.7",",,,0","356","1,,,0","-7.01",",0","-0.68",",,,0","-13.33",",,,0"
"USC00238051","1929-02","39.97018","-91.88753","214.9","STEFFENVILLE, MO US","0.0","0","0.0","2,0","7","1,0","5","1,0","0","1,0","15",",0","4",",0","9","1,0","25","1,0","11","1,0","0","1,0","0","1,0","","","19290210",",1,0","19290209","+,,0","19290208","+,,0","","","19290225",",1,0","19290223","+,1,0","-25.0","1,0,10,","76",",,0,09,+","51",",,0,08,+","12.7","1,,0,25,","10.0","1,0,23,+","2484.2","0","635.2","1,0","32.8","1,,,0","204",",,,0","-5.84","2,0","0.21","1,,,0","-11.89","1,,,0"
"USC00238051","1929-03","39.97018","-91.88753","214.9","STEFFENVILLE, MO US","0.0","0","0.0","1,0","7",",0","6",",0","2",",0","0",",0","0",",0","0","1,0","11","1,0","0","1,0","5","1,0","0","1,0","","","19290309",",1,0","19290331","+,,0","19290301",",,0","","","19290331",",,0","19290324",",1,0","-8.9","1,0,09,","0",",,0,31,+","0",",T,0,01,","83.8",",,0,31,","28.9","1,0,24,","2804.7","0","320.5","1,0","149.9",",,,0","0",",T,,0","7.65","1,0","13.78","1,,,0","1.52","1,,,0"
"USC00238051","1929-04","39.97018","-91.88753","214.9","STEFFENVILLE, MO US","9.2","0","9.2","1,0","12",",0","11",",0","2",",0","0",",0","0",",0","0",",0","2",",0","0","1,0","7","1,0","0","1,0","","","19290401",",,0","19290430","+,,0","19290430","+,,0","","","19290424",",,0","19290404",",1,0","-1.7",",0,01,","0",",,0,30,+","0",",,0,30,+","49.5",",,0,24,","29.4","1,0,04,","2991.6","0","186.9","1,0","182.9",",,,0","0",",,,0","12.30","1,0","17.84","1,,,0","6.76",",,,0"
"USC00238051","1929-05","39.97018","-91.88753","214.9","STEFFENVILLE, MO US","35.5","0","26.3","2,0","14",",0","12",",0","1",",0","0",",0","0",",0","0","2,0","0","2,0","0","2,0","15","2,0","0","2,0","","","19290516","+,2,0","19290531","+,,0","19290531","+,,0","","","19290518",",,0","19290528",",2,0","1.7","2,0,16,+","0",",,0,31,+","0",",,0,31,+","25.4",",,0,18,","30.6","2,0,28,","3102.5","0","110.9","2,0","126.9",",,,0","0",",,,0","15.42","2,0","21.22","2,,,0","9.61","2,,,0"
"USC00238051","1929-06","39.97018","-91.88753","214.9","STEFFENVILLE, MO US","140.7","0","105.2",",0","11",",0","9",",0","1",",0","0",",0","0",",0","0",",0","0",",0","0",",0","28",",0","3",",0","","","19290604","+,,0","19290630","+,,0","19290630","+,,0","","","19290601",",,0","19290630",",,0","5.6",",0,04,+","0",",,0,30,+","0",",,0,30,+","44.5",",,0,01,","34.4",",0,30,","3121.3","0","18.8",",0","130.4",",,,0","0",",,,0","21.22",",0","27.43",",,,0","15.00",",,,0"
"USC00238051","1929-07","39.97018","-91.88753","214.9","STEFFENVILLE, MO US","334.9","0","194.2",",0","9",",0","9",",0","5",",0","0",",0","0",",0","0",",0","0",",0","0",",0","31",",0","13",",0","","","19290720","+,,0","19290731","+,,0","19290731","+,,0","","","19290706",",,0","19290731",",,0","12.8",",0,20,+","0",",,0,31,+","0",",,0,31,+","53.3",",,0,06,","35.0",",0,31,","0.0","0","0.0",",0","230.4",",,,0","0",",,,0","24.60",",0","30.41",",,,0","18.79",",,,0"
"USC00238051","1929-08","39.97018","-91.88753","214.9","STEFFENVILLE, MO US","503.9","0","169.0",",0","5",",0","4",",0","1",",0","0",",0","0",",0","0",",0","0",",0","0",",0","31",",0","12",",0","","","19290815",",,0","19290831","+,,0","19290831","+,,0","","","19290806",",,0","19290802",",,0","8.3",",0,15,","0",",,0,31,+","0",",,0,31,+","50.8",",,0,06,","36.1",",0,02,","0.0","0","0.0",",0","71.2",",,,0","0",",,,0","23.78",",0","30.66",",,,0","16.91",",,,0"
"USC00238051","1929-09","39.97018","-91.88753","214.9","STEFFENVILLE, MO US","576.4","0","72.5",",0","7",",0","5",",0","2",",0","0",",0","0",",0","0",",0","0",",0","0",",0","24",",0","6",",0","","","19290918",",,0","19290930","+,,0","19290930","+,,0","","","19290905",",,0","19290902",",,0","2.2",",0,18,","0",",,0,30,+","0",",,0,30,+","45.7",",,0,05,","34.4",",0,02,","50.8","0","50.8",",0","115.7",",,,0","0",",,,0","19.06",",0","25.66",",,,0","12.45",",,,0"
"USC00238051","1929-10","39.97018","-91.88753","214.9","STEFFENVILLE, MO US","581.7","0","5.3",",0","10",",0","9",",0","3",",0","0",",0","0",",0","0",",0","2",",0","0",",0","15",",0","0",",0","","","19291025","+,,0","19291031","+,,0","19291023",",,0","","","19291010",",,0","19291016",",,0","-0.6",",0,25,+","0",",,0,31,+","0",",T,0,23,","49.5",",,0,10,","28.9",",0,16,","207.0","0","156.2",",0","181.7",",,,0","0",",T,,0","13.47",",0","20.29",",,,0","6.64",",,,0"
"USC00238051","1929-11","39.97018","-91.88753","214.9","STEFFENVILLE, MO US","581.7","0","0.0",",0","5",",0","3",",0","0",",0","3",",0","1",",0","1",",0","20",",0","4",",0","0",",0","0",",0","","","19291130",",,0","19291130","+,,0","19291128",",,0","","","19291113",",,0","19291112","+,,0","-20.0",",0,30,","51",",,0,30,+","51",",,0,28,","20.8",",,0,13,","17.8",",0,12,+","663.0","0","456.0",",0","34.3",",,,0","51",",,,0","3.13",",0","9.06",",,,0","-2.80",",,,0"
"USC00238051","1929-12","39.97018","-91.88753","214.9","STEFFENVILLE, MO US","581.7","0","0.0","2,0","5",",0","5",",0","0",",0","7",",0","2",",0","2","1,0","21","1,0","7","1,0","0","1,0","0","1,0","","","19291203","+,1,0","19291203","+,,0","19291201",",,0","","","19291217",",,0","19291230","+,1,0","-20.6","1,0,03,+","51",",,0,03,+","38",",,0,01,","7.6",",,0,17,","13.3","1,0,30,+","1204.9","0","541.9","1,0","21.7",",,,0","63",",,,0","-0.50","2,0","4.84","1,,,0","-5.83","1,,,0"
"USC00238051","1930-01","39.97018","-91.88753","214.9","STEFFENVILLE, MO US","0.0","0","0.0",",0","8",",0","6",",0","0",",0","26",",0","6",",0","11",",0","30",",0","22",",0","0",",0","0",",0","","","19300118",",,0","19300126",",,0","19300109",",,0","","","19300109",",,0","19300106","+,,0","-30.0",",0,18,","279",",,0,26,","178",",,0,09,","20.3",",,0,09,","12.2",",0,06,+","2024.7","0","819.8",",0","56.3",",,,0","329",",,,0","-8.11",",0","-1.89",",,,0","-14.34",",,,0"
"USC00238051","1930-02","39.97018","-91.88753","214.9","STEFFENVILLE, MO US","0.0","0","0.0",",0","4",",0","2",",0","0",",0","6",",0","1",",0","0",",0","18",",0","1",",0","4",",0","0",",0","","","19300215",",,0","19300201",",,0","19300214",",,0","","","19300225",",,0","19300224",",,0","-17.2",",0,15,","203",",,0,01,","25",",,0,14,","8.9",",,0,25,","25.6",",0,24,","2389.0","0","364.3",",0","19.6",",,,0","25",",,,0","5.32",",0","11.00",",,,0","-0.35",",,,0"
"USC00238051","1930-03","39.97018","-91.88753","214.9","STEFFENVILLE, MO US","0.0","0","0.0",",0","4",",0","4",",0","0",",0","2",",0","2",",0","0",",0","22",",0","1",",0","3",",0","0",",0","","","19300302",",,0","19300325","+,,0","19300325","+,,0","","","19300318",",,0","19300316",",,0","-12.2",",0,02,","51",",,0,25,+","51",",,0,25,+","15.2",",,0,18,","23.3",",0,16,","2813.4","0","424.4",",0","30.4",",,,0","102",",,,0","4.64",",0","11.24",",,,0","-1.95",",,,0"
"USC00238051","1930-04","39.97018","-91.88753","214.9","STEFFENVILLE, MO US","25.9","0","25.9",",0","6",",0","5",",0","1",",0","0",",0","0",",0","0",",0","6",",0","0",",0","13",",0","2",",0","","","19300403",",,0","19300430","+,,0","19300430","+,,0","","","19300416",",,0","19300410",",,0","-2.2",",0,03,","0",",,0,30,+","0",",,0,30,+","63.5",",,0,16,","34.4",",0,10,","2972.1","0","158.7",",0","92.0",",,,0","0",",,,0","13.91",",0","21.67",",,,0","6.14",",,,0"
"USC00238051","1930-05","39.97018","-91.88753","214.9","STEFFENVILLE, MO US","62.2","0","36.3",",0","7",",0","7",",0","0",",0","0",",0","0",",0","0",",0","0",",0","0",",0","26",",0","1",",0","","","19300518",",,0","19300531","+,,0","19300531","+,,0","","","19300502",",,0","19300521",",,0","3.3",",0,18,","0",",,0,31,+","0",",,0,31,+","17.8",",,0,02,","32.2",",0,21,","3037.2","0","65.1",",0","53.5",",,,0","0",",,,0","17.40",",0","24.71",",,,0","10.10",",,,0"
"USC00238051","1930-06","39.97018","-91.88753","214.9","STEFFENVILLE, MO US","153.8","0","91.6",",0","11",",0","11",",0","1",",0","0",",0","0",",0","0",",0","0",",0","0",",0","29",",0","7",",0","","","19300608",",,0","19300630","+,,0","19300630","+,,0","","","19300625",",,0","19300623","+,,0","5.0",",0,08,","0",",,0,30,+","0",",,0,30,+","38.1",",,0,25,","37.2",",0,23,+","3054.4","0","17.2",",0","142.2",",,,0","0",",,,0","20.81",",0","28.99",",,,0","12.63",",,,0"
"USC00238051","1930-07","39.97018","-91.88753","214.9","STEFFENVILLE, MO US","394.3","0","240.5",",0","2",",0","1",",0","0",",0","0",",0","0",",0","0",",0","0",",0","0",",0","31",",0","24",",0","","","19300715",",,0","19300731","+,,0","19300731","+,,0","","","19300721",",,0","19300727",",,0","5.6",",0,15,","0",",,0,31,+","0",",,0,31,+","2.5",",,0,21,","42.2",",0,27,","1.4","0","1.4",",0","3.3",",,,0","0",",,,0","26.05",",0","35.14",",,,0","16.95",",,,0"
"USC00238051","1930-08","39.97018","-91.88753","214.9","STEFFENVILLE, MO US","594.7","0","200.4","1,0","8",",0","5",",0","0",",0","0",",0","0",",0","0",",0","0",",0","0","1,0","30","1,0","18","1,0","","","19300811",",,0","19300831","+,,0","19300831","+,,0","","","19300828",",,0","19300809",",1,0","8.3",",0,11,","0",",,0,31,+","0",",,0,31,+","16.5",",,0,28,","42.8","1,0,09,","1.4","0","0.0","1,0","61.8",",,,0","0",",,,0","25.03","1,0","33.64","1,,,0","16.41",",,,0"
"USC00238051","1930-09","39.97018","-91.88753","214.9","STEFFENVILLE, MO US","711.5","0","116.8",",0","5",",0","3",",0","2",",0","0",",0","0",",0","0",",0","0",",0","0",",0","30",",0","6",",0","","","19300926",",,0","19300930","+,,0","19300930","+,,0","","","19300914",",,0","19300901",",,0","3.9",",0,26,","0",",,0,30,+","0",",,0,30,+","74.9",",,0,14,","37.8",",0,01,","16.5","0","15.1",",0","106.7",",,,0","0",",,,0","21.72",",0","29.54",",,,0","13.91",",,,0"
"USC00238051","1930-10","39.97018","-91.88753","214.9","STEFFENVILLE, MO US","740.6","0","29.1","2,0","4",",0","4",",0","1",",0","0",",0","0",",0","0",",0","8",",0","0","2,0","13","2,0","0","2,0","","","19301031","+,,0","19301031","+,,0","19301030",",,0","","","19301007",",,0","19301012",",2,0","-6.7",",0,31,+","0",",,0,31,+","0",",T,0,30,","48.3",",,0,07,","31.1","2,0,12,","201.9","0","185.4","2,0","75.0",",,,0","0",",T,,0","12.96","2,0","19.25","2,,,0","6.67",",,,0"
"USC00238051","1930-11","39.97018","-91.88753","214.9","STEFFENVILLE, MO US","740.6","0","0.0",",0","5",",0","4",",0","2",",0","0",",0","0",",0","0",",0","19",",0","2",",0","5",",0","0",",0","","","19301128",",,0","19301130","+,,0","19301128","+,,0","","","19301129",",,0","19301119",",,0","-13.3",",0,28,","0",",,0,30,+","0",",T,0,28,+","40.6",",,0,29,","27.2",",0,19,","555.0","0","353.1",",0","90.2",",,,0","0",",T,,0","6.56",",0","14.48",",,,0","-1.36",",,,0"
"USC00238051","1930-12","39.97018","-91.88753","214.9","STEFFENVILLE, MO US","740.6","0","0.0",",0","3",",0","3",",0","0",",0","0",",0","0",",0","0",",0","24",",0","1",",0","0",",0","0",",0","","","19301230",",,0","19301231","+,,0","19301219","+,,0","","","19301205",",,0","19301209",",,0","-12.8",",0,30,","0",",,0,31,+","0",",T,0,19,+","20.8",",,0,05,","15.0",",0,09,","1111.4","0","556.4",",0","25.8",",,,0","0",",T,,0","0.39",",0","4.89",",,,0","-4.12",",,,0"
"USC00238051","1931-01","39.97018","-91.88753","214.9","STEFFENVILLE, MO US","0.0","0","0.0",",0","3",",0","2",",0","0",",0","0",",0","1",",0","0",",0","25",",0","2",",0","0",",0","0",",0","","","19310114",",,0","19310115","+,,0","19310113",",,0","","","19310118",",,0","19310130",",,0","-16.7",",0,14,","0",",T,0,15,+","25",",,0,13,","12.7",",,0,18,","16.1",",0,30,","1636.6","0","525.2",",0","23.4",",,,0","25",",,,0","1.39",",0","7.21",",,,0","-4.43",",,,0"
"USC00238051","1931-02","39.97018","-91.88753","214.9","STEFFENVILLE, MO US","0.0","0","0.0",",0","6",",0","5",",0","0",",0","0",",0","0",",0","0",",0","19",",0","0",",0","0",",0","0",",0","","","19310210",",,0","19310228","+,,0","19310219","+,,0","","","19310207",",,0","19310203",",,0","-11.7",",0,10,","0",",,0,28,+","0",",T,0,19,+","12.7",",,0,07,","18.9",",0,03,","2044.1","0","407.5",",0","38.2",",,,0","0",",T,,0","3.78",",0","9.48",",,,0","-1.93",",,,0"
"USC00238051","1931-03","39.97018","-91.88753","214.9","STEFFENVILLE, MO US","0.0","0","0.0",",0","6",",0","6",",0","1",",0","6",",0","3",",0","0",",0","22",",0","3",",0","0",",0","0",",0","","","19310310",",,0","19310307",",,0","19310307",",,0","","","19310328",",,0","19310313",",,0","-7.2",",0,10,","229",",,0,07,","229",",,0,07,","25.4",",,0,28,","16.7",",0,13,","2522.8","0","478.7",",0","81.3",",,,0","344",",,,0","2.89",",0","8.04",",,,0","-2.26",",,,0"
"USC00238051","1931-04","39.97018","-91.88753","214.9","STEFFENVILLE, MO US","3.9","0","3.9",",0","8",",0","8",",0","1",",0","0",",0","0",",0","0",",0","6",",0","0",",0","15",",0","0",",0","","","19310401",",,0","19310430","+,,0","19310430","+,,0","","","19310420",",,0","19310415",",,0","-1.7",",0,01,","0",",,0,30,+","0",",,0,30,+","27.9",",,0,20,","28.3",",0,15,","2726.9","0","204.1",",0","85.0",",,,0","0",",,,0","11.66",",0","18.25",",,,0","5.07",",,,0"
"USC00238051","1931-05","39.97018","-91.88753","214.9","STEFFENVILLE, MO US","27.3","0","23.4","1,0","12",",0","12",",0","2",",0","0",",0","0",",0","0","1,0","1","1,0","0",",0","17",",0","0",",0","","","19310507",",1,0","19310531","+,,0","19310531","+,,0","","","19310519",",,0","19310527",",,0","0.0","1,0,07,","0",",,0,31,+","0",",,0,31,+","54.6",",,0,19,","30.6",",0,27,","2848.1","0","121.2",",0","158.8",",,,0","0",",,,0","15.01","1,0","21.77",",,,0","8.24","1,,,0"
"USC00238051","1931-06","39.97018","-91.88753","214.9","STEFFENVILLE, MO US","211.8","0","184.5",",0","7",",0","7",",0","4",",0","0",",0","0",",0","0",",0","0",",0","0",",0","29",",0","12",",0","","","19310608",",,0","19310630","+,,0","19310630","+,,0","","","19310612",",,0","19310630",",,0","7.2",",0,08,","0",",,0,30,+","0",",,0,30,+","59.7",",,0,12,","38.9",",0,30,","2855.7","0","7.6",",0","187.4",",,,0","0",",,,0","24.23",",0","30.72",",,,0","17.74",",,,0"
"USC00238051","1931-07","39.97018","-91.88753","214.9","STEFFENVILLE, MO US","477.3","0","265.5",",0","6",",0","5",",0","0",",0","0",",0","0",",0","0",",0","0",",0","0",",0","31",",0","20",",0","","","19310708",",,0","19310731","+,,0","19310731","+,,0","","","19310720",",,0","19310729",",,0","12.8",",0,08,","0",",,0,31,+","0",",,0,31,+","17.8",",,0,20,","40.6",",0,29,","0.0","0","0.0",",0","45.9",",,,0","0",",,,0","26.90",",0","34.01",",,,0","19.78",",,,0"
"USC00238051","1931-08","39.97018","-91.88753","214.9","STEFFENVILLE, MO US","639.7","0","162.4","1,0","4",",0","4",",0","0",",0","0",",0","0",",0","0","1,0","0","1,0","0",",0","31",",0","13",",0","","","19310829","+,1,0","19310831","+,,0","19310831","+,,0","","","19310809",",,0","19310807",",,0","8.9","1,0,29,+","0",",,0,31,+","0",",,0,31,+","19.1",",,0,09,","37.2",",0,07,","0.5","0","0.5",",0","36.8",",,,0","0",",,,0","23.63","1,0","31.09",",,,0","16.16","1,,,0"
"USC00238051","1931-09","39.97018","-91.88753","214.9","STEFFENVILLE, MO US","815.7","0","176.0",",0","9",",0","9",",0","2",",0","0",",0","0",",0","0",",0","0",",0","0",",0","28",",0","17",",0","","","19310927",",,0","19310930","+,,0","19310930","+,,0","","","19310901",",,0","19310916","+,,0","3.9",",0,27,","0",",,0,30,+","0",",,0,30,+","35.6",",,0,01,","36.1",",0,16,+","18.6","0","18.1",",0","115.4",",,,0","0",",,,0","23.60",",0","30.66",",,,0","16.53",",,,0"
"USC00238051","1931-10","39.97018","-91.88753","214.9","STEFFENVILLE, MO US","847.9","0","32.2",",0","11",",0","8",",0","3",",0","0",",0","0",",0","0",",0","0",",0","0",",0","18",",0","0",",0","","","19311028",",,0","19311031","+,,0","19311031","+,,0","","","19311007",",,0","19311005",",,0","1.1",",0,28,","0",",,0,31,+","0",",,0,31,+","44.5",",,0,07,","31.7",",0,05,","118.9","0","100.3",",0","142.6",",,,0","0",",,,0","16.14",",0","22.34",",,,0","9.94",",,,0"
"USC00238051","1931-11","39.97018","-91.88753","214.9","STEFFENVILLE, MO US","849.1","0","1.2","1,0","13",",0","11",",0","0",",0","0",",0","2",",0","0",",0","9",",0","0","1,0","10","1,0","0","1,0","","","19311104",",,0","19311127","+,,0","19311127","+,,0","","","19311122",",,0","19311108",",1,0","-6.7",",0,04,","0",",T,0,27,+","25",",,0,27,+","22.9",",,0,22,","26.7","1,0,08,","351.6","0","232.7","1,0","94.6",",,,0","50",",,,0","10.27","1,0","16.19","1,,,0","4.36",",,,0"
"USC00238051","1931-12","39.97018","-91.88753","214.9","STEFFENVILLE, MO US","849.1","0","0.0",",0","13",",0","9",",0","0",",0","1",",0","2",",0","0",",0","16",",0","0",",0","0",",0","0",",0","","","19311214",",,0","19311209",",,0","19311209",",,0","","","19311231",",,0","19311219",",,0","-7.8",",0,14,","51",",,0,09,","102",",,0,09,","24.1",",,0,31,","15.6",",0,19,","781.0","0","429.4",",0","84.4",",,,0","140",",,,0","4.48",",0","8.85",",,,0","0.11",",,,0"
"USC00238051","1932-01","39.97018","-91.88753","214.9","STEFFENVILLE, MO US","0.0","0","0.0",",0","7",",0","6",",0","1",",0","0",",0","1",",0","0",",0","24",",0","5",",0","0",",0","0",",0","","","19320131",",,0","19320131","+,,0","19320123",",,0","","","19320126",",,0","19320128",",,0","-17.2",",0,31,","0",",,0,31,+","38",",,0,23,","26.7",",,0,26,","16.7",",0,28,","1312.8","0","531.8",",0","69.9",",,,0","51",",,,0","1.18",",0","5.37",",,,0","-3.01",",,,0"
"USC00238051","1932-02","39.97018","-91.88753","214.9","STEFFENVILLE, MO US","0.0","0","0.0","1,0","5",",0","4",",0","0",",0","2",",0","2",",0","0","1,0","21","1,0","2","1,0","5","1,0","0","1,0","","","19320204",",1,0","19320214",",,0","19320214",",,0","","","19320211",",,0","19320229",",1,0","-11.7","1,0,04,","76",",,0,14,","76",",,0,14,","17.0",",,0,11,","24.4","1,0,29,","1727.0","0","414.2","1,0","29.7",",,,0","114",",,,0","3.54","1,0","10.26","1,,,0","-3.18","1,,,0"
"USC00238051","1932-03","39.97018","-91.88753","214.9","STEFFENVILLE, MO US","0.0","0","0.0",",0","7",",0","7",",0","0",",0","2",",0","3",",0","0",",0","21",",0","7",",0","1",",0","0",",0","","","19320307",",,0","19320322",",,0","19320322",",,0","","","19320318",",,0","19320329",",,0","-16.1",",0,07,","76",",,0,22,","76",",,0,22,","10.9",",,0,18,","23.3",",0,29,","2246.5","0","519.5",",0","51.6",",,,0","152",",,,0","1.57",",0","7.32",",,,0","-4.17",",,,0"
"USC00238051","1932-04","39.97018","-91.88753","214.9","STEFFENVILLE, MO US","4.2","0","4.2","1,0","6",",0","5",",0","1",",0","0",",0","0",",0","0","1,0","5","1,0","0",",0","11",",0","0",",0","","","19320401",",1,0","19320430","+,,0","19320430","+,,0","","","19320421",",,0","19320406",",,0","-5.6","1,0,01,","0",",,0,30,+","0",",,0,30,+","35.6",",,0,21,","28.3",",0,06,","2417.1","0","170.6",",0","47.9",",,,0","0",",,,0","12.50","1,0","19.63",",,,0","5.38","1,,,0"
"USC00238051","1932-05","39.97018","-91.88753","214.9","STEFFENVILLE, MO US","48.6","0","44.4",",0","7",",0","7",",0","0",",0","0",",0","0",",0","0",",0","0",",0","0",",0","27",",0","1",",0","","","19320502",",,0","19320531","+,,0","19320531","+,,0","","","19320526",",,0","19320524",",,0","2.2",",0,02,","0",",,0,31,+","0",",,0,31,+","19.1",",,0,26,","32.2",",0,24,","2456.7","0","39.6",",0","89.4",",,,0","0",",,,0","18.49",",0","25.58",",,,0","11.39",",,,0"
"USC00238051","1932-06","39.97018","-91.88753","214.9","STEFFENVILLE, MO US","197.0","0","148.4",",0","15",",0","11",",0","2",",0","0",",0","0",",0","0",",0","0",",0","0",",0","30",",0","6",",0","","","19320602",",,0","19320630","+,,0","19320630","+,,0","","","19320618",",,0","19320630",",,0","13.3",",0,02,","0",",,0,30,+","0",",,0,30,+","38.9",",,0,18,","33.9",",0,30,","2456.7","0","0.0",",0","169.2",",,,0","0",",,,0","23.28",",0","29.29",",,,0","17.26",",,,0"
"USC00238051","1932-07","39.97018","-91.88753","214.9","STEFFENVILLE, MO US","420.8","0","223.8",",0","7",",0","6",",0","1",",0","0",",0","0",",0","0",",0","0",",0","0",",0","31",",0","15",",0","","","19320702",",,0","19320731","+,,0","19320731","+,,0","","","19320726",",,0","19320716",",,0","11.1",",0,02,","0",",,0,31,+","0",",,0,31,+","45.7",",,0,26,","37.8",",0,16,","0.0","0","0.0",",0","110.2",",,,0","0",",,,0","25.55",",0","31.95",",,,0","19.15",",,,0"
"USC00238051","1932-08","39.97018","-91.88753","214.9","STEFFENVILLE, MO US","581.1","0","160.3",",0","13",",0","12",",0","6",",0","0",",0","0",",0","0",",0","0",",0","0",",0","31",",0","5",",0","","","19320819",",,0","19320831","+,,0","19320831","+,,0","","","19320801",",,0","19320810",",,0","11.7",",0,19,","0",",,0,31,+","0",",,0,31,+","113.0",",,0,01,","34.4",",0,10,","0.0","0","0.0",",0","308.1",",,,0","0",",,,0","23.50",",0","29.06",",,,0","17.95",",,,0"
"USC00238051","1932-09","39.97018","-91.88753","214.9","STEFFENVILLE, MO US","617.8","0","36.7",",0","5",",0","4",",0","0",",0","0",",0","0",",0","0",",0","0",",0","0",",0","25",",0","0",",0","","","19320930",",,0","19320930","+,,0","19320930","+,,0","","","19320918",",,0","19320906",",,0","3.9",",0,30,","0",",,0,30,+","0",",,0,30,+","24.1",",,0,18,","30.6",",0,06,","40.5","0","40.5",",0","61.7",",,,0","0",",,,0","18.21",",0","25.04",",,,0","11.37",",,,0"
"USC00238051","1932-10","39.97018","-91.88753","214.9","STEFFENVILLE, MO US","622.0","0","4.2",",0","5",",0","4",",0","1",",0","0",",0","0",",0","0",",0","6",",0","0",",0","14",",0","0",",0","","","19321030",",,0","19321031","+,,0","19321031","+,,0","","","19321010",",,0","19321002","+,,0","-3.3",",0,30,","0",",,0,31,+","0",",,0,31,+","30.5",",,0,10,","26.7",",0,02,+","238.3","0","197.8",",0","81.0",",,,0","0",",,,0","12.09",",0","19.01",",,,0","5.16",",,,0"
"USC00238051","1932-11","39.97018","-91.88753","214.9","STEFFENVILLE, MO US","622.0","0","0.0",",0","5",",0","3",",0","2",",0","9",",0","2",",0","0",",0","25",",0","2",",0","0",",0","0",",0","","","19321116",",,0","19321115","+,,0","19321109",",,0","","","19321108",",,0","19321107",",,0","-15.6",",0,16,","178",",,0,15,+","178",",,0,09,","33.5",",,0,08,","18.3",",0,07,","710.5","0","472.2",",0","71.6",",,,0","254",",,,0","2.59",",0","8.74",",,,0","-3.55",",,,0"
"USC00238051","1932-12","39.97018","-91.88753","214.9","STEFFENVILLE, MO US","622.0","0","0.0",",0","8",",0","6",",0","2",",0","13",",0","4",",0","6",",0","23",",0","12",",0","0",",0","0",",0","","","19321216",",,0","19321212","+,,0","19321211","+,,0","","","19321223",",,0","19321201",",,0","-27.8",",0,16,","229",",,0,12,+","102",",,0,11,+","53.3",",,0,23,","18.3",",0,01,","1355.2","0","644.7",",0","113.1",",,,0","254",",,,0","-2.46",",0","2.85",",,,0","-7.78",",,,0"
"USC00238051","1933-01","39.97018","-91.88753","214.9","STEFFENVILLE, MO US","0.0","0","0.0",",0","7",",0","4",",0","1",",0","0",",0","1",",0","0",",0","22",",0","0",",0","0",",0","0",",0","","","19330114",",,0","19330114",",,0","19330129",",,0","","","19330118",",,0","19330121",",,0","-11.1",",0,14,","0",",T,0,14,","25",",,0,29,","36.8",",,0,18,","16.1",",0,21,","1798.9","0","443.7",",0","55.2",",,,0","38",",,,0","4.02",",0","9.80",",,,0","-1.76",",,,0"
"USC00238051","1933-02","39.97018","-91.88753","214.9","STEFFENVILLE, MO US","0.0","0","0.0",",0","4",",0","2",",0","0",",0","9",",0","1",",0","6",",0","23",",0","6",",0","0",",0","0",",0","","","19330209",",,0","19330211","+,,0","19330207",",,0","","","19330207",",,0","19330223",",,0","-26.1",",0,09,","152",",,0,11,+","152",",,0,07,","12.7",",,0,07,","18.3",",0,23,","2371.4","0","572.5",",0","17.0",",,,0","165",",,,0","-2.11",",0","3.83",",,,0","-8.06",",,,0"
"USC00238051","1933-03","39.97018","-91.88753","214.9","STEFFENVILLE, MO US","0.0","0","0.0",",0","10",",0","10",",0","0",",0","1",",0","3",",0","0",",0","19",",0","2",",0","3",",0","0",",0","","","19330310",",,0","19330324",",,0","19330324",",,0","","","19330331",",,0","19330313",",,0","-12.8",",0,10,","51",",,0,24,","152",",,0,24,","14.7",",,0,31,","23.3",",0,13,","2786.1","0","414.7",",0","81.9",",,,0","228",",,,0","4.96",",0","10.57",",,,0","-0.66",",,,0"
"USC00238051","1933-04","39.97018","-91.88753","214.9","STEFFENVILLE, MO US","3.6","0","3.6",",0","8",",0","6",",0","0",",0","0",",0","0",",0","0",",0","4",",0","0",",0","7",",0","0",",0","","","19330411",",,0","19330430","+,,0","19330406",",,0","","","19330416",",,0","19330409",",,0","-1.1",",0,11,","0",",,0,30,+","0",",T,0,06,","19.1",",,0,16,","26.7",",0,09,","3003.7","0","217.6",",0","58.4",",,,0","0",",T,,0","11.20",",0","17.42",",,,0","4.98",",,,0"
"USC00238051","1933-05","39.97018","-91.88753","214.9","STEFFENVILLE, MO US","43.7","0","40.1",",0","14",",0","12",",0","2",",0","0",",0","0",",0","0",",0","0",",0","0",",0","22",",0","0",",0","","","19330504",",,0","19330531","+,,0","19330531","+,,0","","","19330512",",,0","19330520",",,0","5.0",",0,04,","0",",,0,31,+","0",",,0,31,+","44.5",",,0,12,","30.0",",0,20,","3065.2","0","61.5",",0","172.0",",,,0","0",",,,0","17.64",",0","23.12",",,,0","12.17",",,,0"
"USC00238051","1933-06","39.97018","-91.88753","214.9","STEFFENVILLE, MO US","272.5","0","228.8",",0","4",",0","4",",0","2",",0","0",",0","0",",0","0",",0","0",",0","0",",0","30",",0","21",",0","","","19330614",",,0","19330630","+,,0","19330630","+,,0","","","19330629",",,0","19330623",",,0","7.2",",0,14,","0",",,0,30,+","0",",,0,30,+","82.6",",,0,29,","37.2",",0,23,","3069.1","0","3.9",",0","128.3",",,,0","0",",,,0","25.83",",0","32.96",",,,0","18.70",",,,0"
"USC00238051","1933-07","39.97018","-91.88753","214.9","STEFFENVILLE, MO US","493.0","0","220.5",",0","4",",0","2",",0","1",",0","0",",0","0",",0","0",",0","0",",0","0",",0","31",",0","18",",0","","","19330726",",,0","19330731","+,,0","19330731","+,,0","","","19330723",",,0","19330701",",,0","13.3",",0,26,","0",",,0,31,+","0",",,0,31,+","36.8",",,0,23,","35.6",",0,01,","0.0","0","0.0",",0","59.7",",,,0","0",",,,0","25.45",",0","31.62",",,,0","19.27",",,,0"
"USC00238051","1933-08","39.97018","-91.88753","214.9","STEFFENVILLE, MO US","640.0","0","147.0",",0","10",",0","8",",0","0",",0","0",",0","0",",0","0",",0","0",",0","0",",0","31",",0","4",",0","","","19330818",",,0","19330831","+,,0","19330831","+,,0","","","19330809",",,0","19330801",",,0","12.2",",0,18,","0",",,0,31,+","0",",,0,31,+","18.5",",,0,09,","34.4",",0,01,","0.0","0","0.0",",0","86.8",",,,0","0",",,,0","23.08",",0","29.15",",,,0","17.01",",,,0"
"USC00238051","1933-09","39.97018","-91.88753","214.9","STEFFENVILLE, MO US","772.0","0","132.0",",0","8",",0","7",",0","0",",0","0",",0","0",",0","0",",0","0",",0","0",",0","28",",0","11",",0","","","19330927",",,0","19330930","+,,0","19330930","+,,0","","","19330927",",,0","19330910",",,0","5.6",",0,27,","0",",,0,30,+","0",",,0,30,+","22.9",",,0,27,","35.6",",0,10,","9.7","0","9.7",",0","57.0",",,,0","0",",,,0","22.41",",0","29.65",",,,0","15.17",",,,0"
"USC00238051","1933-10","39.97018","-91.88753","214.9","STEFFENVILLE, MO US","775.9","0","3.9",",0","6",",0","5",",0","0",",0","0",",0","0",",0","0",",0","6",",0","0",",0","13",",0","0",",0","","","19331025",",,0","19331031","+,,0","19331031","+,,0","","","19331015",",,0","19331031","+,,0","-4.4",",0,25,","0",",,0,31,+","0",",,0,31,+","15.2",",,0,15,","27.2",",0,31,+","205.2","0","195.5",",0","33.0",",,,0","0",",,,0","12.15",",0","19.15",",,,0","5.16",",,,0"
"USC00238051","1933-11","39.97018","-91.88753","214.9","STEFFENVILLE, MO US","777.6","0","1.7",",0","3",",0","3",",0","0",",0","0",",0","0",",0","0",",0","16",",0","0",",0","5",",0","0",",0","","","19331116",",,0","19331130","+,,0","19331130","+,,0","","","19331103","+,,0","19331101",",,0","-12.8",",0,16,","0",",,0,30,+","0",",,0,30,+","3.8",",,0,03,+","26.7",",0,01,","565.7","0","360.5",",0","10.6",",,,0","0",",,,0","6.37",",0","13.33",",,,0","-0.59",",,,0"
"USC00238051","1933-12","39.97018","-91.88753","214.9","STEFFENVILLE, MO US","777.6","0","0.0",",0","6",",0","4",",0","0",",0","1",",0","1",",0","1",",0","22",",0","8",",0","0",",0","0",",0","","","19331227",",,0","19331226",",,0","19331226",",,0","","","19331219",",,0","19331223",",,0","-19.4",",0,27,","25",",,0,26,","25",",,0,26,","20.3",",,0,19,","18.3",",0,23,","1082.1","0","516.4",",0","46.6",",,,0","25",",,,0","1.67",",0","7.47",",,,0","-4.12",",,,0"
"USC00238051","1934-01","39.97018","-91.88753","214.9","STEFFENVILLE, MO US","0.0","0","0.0",",0","3",",0","2",",0","0",",0","0",",0","0",",0","2",",0","25",",0","4",",0","0",",0","0",",0","","","19340130",",,0","19340131","+,,0","19340113","+,,0","","","19340104",",,0","19340124",",,0","-19.4",",0,30,","0",",,0,31,+","0",",T,0,13,+","14.5",",,0,04,","20.0",",0,24,","1621.0","0","538.9",",0","18.6",",,,0","0",",T,,0","0.95",",0","6.42",",,,0","-4.52",",,,0"
"USC00238051","1934-02","39.97018","-91.88753","214.9","STEFFENVILLE, MO US","0.0","0","0.0",",0","3",",0","3",",0","0",",0","8",",0","3",",0","2",",0","26",",0","6",",0","0",",0","0",",0","","","19340227",",,0","19340228","+,,0","19340224",",,0","","","19340224",",,0","19340214",",,0","-26.7",",0,27,","203",",,0,28,+","127",",,0,24,","12.7",",,0,24,","20.0",",0,14,","2166.6","0","545.6",",0","29.2",",,,0","254",",,,0","-1.15",",0","5.42",",,,0","-7.73",",,,0"
"USC00238051","1934-03","39.97018","-91.88753","214.9","STEFFENVILLE, MO US","0.0","0","0.0",",0","12",",0","10",",0","0",",0","7",",0","6",",0","1",",0","25",",0","1",",0","1",",0","0",",0","","","19340310",",,0","19340317","+,,0","19340317","+,,0","","","19340317",",,0","19340320",",,0","-19.4",",0,10,","127",",,0,17,+","127",",,0,17,+","17.8",",,0,17,","22.2",",0,20,","2642.7","0","476.1",",0","77.4",",,,0","483",",,,0","2.97",",0","9.32",",,,0","-3.37",",,,0"
"USC00238051","1934-04","39.97018","-91.88753","214.9","STEFFENVILLE, MO US","8.1","0","8.1",",0","5",",0","4",",0","1",",0","0",",0","0",",0","0",",0","6",",0","0",",0","14",",0","0",",0","","","19340425","+,,0","19340430","+,,0","19340411",",,0","","","19340404",",,0","19340430",",,0","-1.7",",0,25,+","0",",,0,30,+","0",",T,0,11,","36.8",",,0,04,","28.3",",0,30,","2817.0","0","174.3",",0","71.2",",,,0","0",",T,,0","12.80",",0","20.12",",,,0","5.47",",,,0"
"USC00238051","1934-05","39.97018","-91.88753","214.9","STEFFENVILLE, MO US","100.3","0","92.2",",0","4",",0","4",",0","0",",0","0",",0","0",",0","0",",0","0",",0","0",",0","30",",0","5",",0","","","19340525",",,0","19340531","+,,0","19340531","+,,0","","","19340505",",,0","19340531",",,0","5.0",",0,25,","0",",,0,31,+","0",",,0,31,+","15.2",",,0,05,","38.9",",0,31,","2836.7","0","19.7",",0","40.1",",,,0","0",",,,0","20.67",",0","28.40",",,,0","12.95",",,,0"
"USC00238051","1934-06","39.97018","-91.88753","214.9","STEFFENVILLE, MO US","362.1","0","261.8",",0","6",",0","5",",0","0",",0","0",",0","0",",0","0",",0","0",",0","0",",0","30",",0","23",",0","","","19340612",",,0","19340630","+,,0","19340630","+,,0","","","19340609",",,0","19340628",",,0","12.2",",0,12,","0",",,0,30,+","0",",,0,30,+","23.9",",,0,09,","40.6",",0,28,","2836.7","0","0.0",",0","44.0",",,,0","0",",,,0","27.06",",0","34.66",",,,0","19.46",",,,0"
"USC00238051","1934-07","39.97018","-91.88753","214.9","STEFFENVILLE, MO US","739.2","0","377.1",",0","2",",0","2",",0","0",",0","0",",0","0",",0","0",",0","0",",0","0",",0","31",",0","30",",0","","","19340707",",,0","19340731","+,,0","19340731","+,,0","","","19340710",",,0","19340724","+,,0","13.3",",0,07,","0",",,0,31,+","0",",,0,31,+","8.4",",,0,10,","44.4",",0,24,+","0.0","0","0.0",",0","12.2",",,,0","0",",,,0","30.50",",0","39.13",",,,0","21.87",",,,0"
"USC00238051","1934-08","39.97018","-91.88753","214.9","STEFFENVILLE, MO US","984.3","0","245.1",",0","10",",0","7",",0","1",",0","0",",0","0",",0","0",",0","0",",0","0",",0","31",",0","15",",0","","","19340829",",,0","19340831","+,,0","19340831","+,,0","","","19340816",",,0","19340808",",,0","7.8",",0,29,","0",",,0,31,+","0",",,0,31,+","33.0",",,0,16,","45.0",",0,08,","4.2","0","4.2",",0","82.0",",,,0","0",",,,0","26.10",",0","33.65",",,,0","18.56",",,,0"
"USC00238051","1934-09","39.97018","-91.88753","214.9","STEFFENVILLE, MO US","1025.2","0","40.9",",0","13",",0","13",",0","4",",0","0",",0","0",",0","0",",0","0",",0","0",",0","23",",0","0",",0","","","19340927",",,0","19340930","+,,0","19340930","+,,0","","","19340915",",,0","19340911","+,,0","1.7",",0,27,","0",",,0,30,+","0",",,0,30,+","67.3",",,0,15,","30.6",",0,11,+","62.6","0","58.4",",0","261.8",",,,0","0",",,,0","17.75",",0","23.90",",,,0","11.60",",,,0"
"USC00238051","1934-10","39.97018","-91.88753","214.9","STEFFENVILLE, MO US","1029.7","0","4.5",",0","4",",0","4",",0","1",",0","0",",0","0",",0","0",",0","3",",0","0",",0","23",",0","0",",0","","","19341028",",,0","19341031","+,,0","19341031","+,,0","","","19341019",",,0","19341016",",,0","-2.8",",0,28,","0",",,0,31,+","0",",,0,31,+","27.9",",,0,19,","27.2",",0,16,","180.5","0","117.9",",0","59.7",",,,0","0",",,,0","14.68",",0","21.33",",,,0","8.03",",,,0"
"USC00238051","1934-11","39.97018","-91.88753","214.9","STEFFENVILLE, MO US","1029.7","0","0.0",",0","12",",0","11",",0","3",",0","0",",0","1",",0","0",",0","10",",0","0",",0","3",",0","0",",0","","","19341123","+,,0","19341130","+,,0","19341130",",,0","","","19341103",",,0","19341118",",,0","-4.4",",0,23,+","0",",,0,30,+","25",",,0,30,","78.7",",,0,03,","22.2",",0,18,","491.9","0","311.4",",0","221.0",",,,0","25",",,,0","7.95",",0","13.24",",,,0","2.67",",,,0"
"USC00238051","1934-12","39.97018","-91.88753","214.9","STEFFENVILLE, MO US","1029.7","0","0.0",",0","6",",0","4",",0","0",",0","8",",0","3",",0","1",",0","31",",0","6",",0","0",",0","0",",0","","","19341226",",,0","19341219",",,0","19341219",",,0","","","19341219",",,0","19341216",",,0","-17.8",",0,26,","127",",,0,19,","127",",,0,19,","10.2",",,0,19,","8.9",",0,16,","1117.0","0","625.1",",0","25.7",",,,0","177",",,,0","-1.83",",0","2.37",",,,0","-6.04",",,,0"
"USC00238051","1935-01","39.97018","-91.88753","214.9","STEFFENVILLE, MO US","0.0","0","0.0",",0","5",",0","3",",0","0",",0","0",",0","0",",0","3",",0","27",",0","7",",0","0",",0","0",",0","","","19350121",",,0","19350128","+,,0","19350121","+,,0","","","19350108",",,0","19350116",",,0","-21.7",",0,21,","0",",T,0,28,+","0",",T,0,21,+","24.1",",,0,08,","12.8",",0,16,","1739.1","0","622.1",",0","39.4",",,,0","0",",T,,0","-1.74",",0","3.25",",,,0","-6.72",",,,0"
"USC00238051","1935-02","39.97018","-91.88753","214.9","STEFFENVILLE, MO US","0.0","0","0.0",",0","6",",0","5",",0","0",",0","0",",0","0",",0","0",",0","23",",0","2",",0","0",",0","0",",0","","","19350227",",,0","19350225","+,,0","19350225","+,,0","","","19350224",",,0","19350221",",,0","-13.3",",0,27,","0",",T,0,25,+","0",",T,0,25,+","17.8",",,0,24,","18.3",",0,21,","2213.8","0","474.7",",0","52.4",",,,0","0",",T,,0","1.38",",0","5.52",",,,0","-2.76",",,,0"
"USC00238051","1935-03","39.97018","-91.88753","214.9","STEFFENVILLE, MO US","2.2","0","2.2",",0","8",",0","7",",0","1",",0","0",",0","0",",0","0",",0","10",",0","1",",0","4",",0","0",",0","","","19350308",",,0","19350331","+,,0","19350307",",,0","","","19350325",",,0","19350322",",,0","-7.8",",0,08,","0",",,0,31,+","0",",T,0,07,","27.9",",,0,25,","25.0",",0,22,","2516.7","0","302.9",",0","88.4",",,,0","0",",T,,0","8.63",",0","14.24",",,,0","3.03",",,,0"
"USC00238051","1935-04","39.97018","-91.88753","214.9","STEFFENVILLE, MO US","5.8","0","3.6",",0","9",",0","9",",0","1",",0","1",",0","1",",0","0",",0","7",",0","0",",0","6",",0","0",",0","","","19350416","+,,0","19350407",",,0","19350407",",,0","","","19350407",",,0","19350425",",,0","-2.8",",0,16,+","254",",,0,07,","254",",,0,07,","50.8",",,0,07,","26.7",",0,25,","2772.3","0","255.6",",0","119.2",",,,0","254",",,,0","9.94",",0","15.24",",,,0","4.63",",,,0"
"USC00238051","1935-05","39.97018","-91.88753","214.9","STEFFENVILLE, MO US","13.9","0","8.1",",0","16",",0","14",",0","4",",0","0",",0","0",",0","0",",0","0",",0","0",",0","16",",0","0",",0","","","19350504",",,0","19350531","+,,0","19350531","+,,0","","","19350509",",,0","19350512",",,0","1.7",",0,04,","0",",,0,31,+","0",",,0,31,+","58.4",",,0,09,","27.2",",0,12,","2898.4","0","126.1",",0","308.1",",,,0","0",",,,0","14.53",",0","19.50",",,,0","9.55",",,,0"
"USC00238051","1935-06","39.97018","-91.88753","214.9","STEFFENVILLE, MO US","90.8","0","76.9",",0","15",",0","11",",0","3",",0","0",",0","0",",0","0",",0","0",",0","0",",0","26",",0","1",",0","","","19350607",",,0","19350630","+,,0","19350630","+,,0","","","19350618","+,,0","19350630",",,0","6.7",",0,07,","0",",,0,30,+","0",",,0,30,+","31.8",",,0,18,+","32.2",",0,30,","2919.3","0","20.9",",0","191.4",",,,0","0",",,,0","20.20",",0","25.59",",,,0","14.81",",,,0"
"USC00238051","1935-07","39.97018","-91.88753","214.9","STEFFENVILLE, MO US","349.4","0","258.6",",0","7",",0","6",",0","2",",0","0",",0","0",",0","0",",0","0",",0","0",",0","31",",0","22",",0","","","19350713",",,0","19350731","+,,0","19350731","+,,0","","","19350722",",,0","19350730",",,0","15.0",",0,13,","0",",,0,31,+","0",",,0,31,+","45.2",",,0,22,","36.7",",0,30,","0.0","0","0.0",",0","118.0",",,,0","0",",,,0","26.68",",0","32.87",",,,0","20.48",",,,0"
"USC00238051","1935-08","39.97018","-91.88753","214.9","STEFFENVILLE, MO US","552.1","0","202.7",",0","7",",0","6",",0","1",",0","0",",0","0",",0","0",",0","0",",0","0",",0","29",",0","18",",0","","","19350828",",,0","19350831","+,,0","19350831","+,,0","","","19350818",",,0","19350811","+,,0","8.9",",0,28,","0",",,0,31,+","0",",,0,31,+","33.0",",,0,18,","36.7",",0,11,+","7.8","0","7.8",",0","69.9",",,,0","0",",,,0","24.62",",0","30.95",",,,0","18.30",",,,0"
"USC00238051","1935-09","39.97018","-91.88753","214.9","STEFFENVILLE, MO US","624.4","0","72.3",",0","5",",0","4",",0","3",",0","0",",0","0",",0","0",",0","0",",0","0",",0","26",",0","4",",0","","","19350928",",,0","19350930","+,,0","19350930","+,,0","","","19350908",",,0","19350924",",,0","1.7",",0,28,","0",",,0,30,+","0",",,0,30,+","29.2",",,0,08,","33.9",",0,24,","43.9","0","36.1",",0","105.7",",,,0","0",",,,0","19.54",",0","26.37",",,,0","12.71",",,,0"
"USC00238051","1935-10","39.97018","-91.88753","214.9","STEFFENVILLE, MO US","640.0","0","15.6",",0","10",",0","8",",0","0",",0","0",",0","0",",0","0",",0","4",",0","0",",0","14",",0","0",",0","","","19351006",",,0","19351031","+,,0","19351007",",,0","","","19351031",",,0","19351016",",,0","-5.0",",0,06,","0",",,0,31,+","0",",T,0,07,","8.1",",,0,31,","30.0",",0,16,","207.4","0","163.5",",0","40.6",",,,0","0",",T,,0","13.56",",0","20.26",",,,0","6.86",",,,0"
"USC00238051","1935-11","39.97018","-91.88753","214.9","STEFFENVILLE, MO US","640.0","0","0.0",",0","11",",0","9",",0","1",",0","0",",0","0",",0","0",",0","13",",0","0",",0","1",",0","0",",0","","","19351122",",,0","19351130","+,,0","19351128",",,0","","","19351104",",,0","19351103",",,0","-11.1",",0,22,","0",",,0,30,+","0",",T,0,28,","47.0",",,0,04,","21.1",",0,03,","629.5","0","422.1",",0","134.0",",,,0","0",",T,,0","4.26",",0","8.79",",,,0","-0.26",",,,0"
"USC00238051","1935-12","39.97018","-91.88753","214.9","STEFFENVILLE, MO US","640.0","0","0.0",",0","8",",0","4",",0","0",",0","6",",0","2",",0","4",",0","28",",0","9",",0","0",",0","0",",0","","","19351226",",,0","19351228","+,,0","19351225",",,0","","","19351214",",,0","19351212",",,0","-22.8",",0,26,","51",",,0,28,+","38",",,0,25,","15.2",",,0,14,","14.4",",0,12,","1286.3","0","656.8",",0","35.3",",,,0","76",",,,0","-2.85",",0","2.05",",,,0","-7.76",",,,0"
"USC00238051","1936-01","39.97018","-91.88753","214.9","STEFFENVILLE, MO US","0.0","0","0.0","1,0","9",",0","7",",0","0",",0","21",",0","6",",0","12",",0","31",",0","14","1,0","0","1,0","0","1,0","","","19360127",",,0","19360129","+,,0","19360124",",,0","","","19360102",",,0","19360112",",1,0","-28.9",",0,27,","203",",,0,29,+","89",",,0,24,","12.7",",,0,02,","12.2","1,0,12,","2043.5","0","757.2","1,0","52.7",",,,0","330",",,,0","-7.15","1,0","-1.53","1,,,0","-12.77",",,,0"
"USC00238051","1936-02","39.97018","-91.88753","214.9","STEFFENVILLE, MO US","0.0","0","0.0",",0","7",",0","1",",0","1",",0","22",",0","2",",0","14",",0","27",",0","20",",0","1",",0","0",",0","","","19360205",",,0","19360217","+,,0","19360217","+,,0","","","19360226",",,0","19360224",",,0","-27.8",",0,05,","152",",,0,17,+","25",",,0,17,+","63.5",",,0,26,","21.1",",0,24,","2807.5","0","764.0",",0","71.2",",,,0","76",",,,0","-8.01",",0","-1.64",",,,0","-14.38",",,,0"
"USC00238051","1936-03","39.97018","-91.88753","214.9","STEFFENVILLE, MO US","1.4","0","1.4",",0","3",",0","3",",0","0",",0","0",",0","0",",0","0",",0","18",",0","0",",0","5",",0","0",",0","","","19360306",",,0","19360331","+,,0","19360319",",,0","","","19360311",",,0","19360323",",,0","-9.4",",0,06,","0",",,0,31,+","0",",T,0,19,","13.2",",,0,11,","25.6",",0,23,","3141.1","0","333.6",",0","27.2",",,,0","0",",T,,0","7.62",",0","14.98",",,,0","0.25",",,,0"
"USC00238051","1936-04","39.97018","-91.88753","214.9","STEFFENVILLE, MO US","14.2","0","12.8","1,0","9",",0","7",",0","0",",0","0",",0","3",",0","0",",0","11",",0","0","1,0","11","1,0","0","1,0","","","19360403",",,0","19360403","+,,0","19360404",",,0","","","19360427",",,0","19360430",",1,0","-10.6",",0,03,","0",",T,0,03,+","51",",,0,04,","12.7",",,0,27,","31.1","1,0,30,","3371.4","0","230.3","1,0","49.9",",,,0","101",",,,0","10.67","1,0","17.82","1,,,0","3.52",",,,0"
"USC00238051","1936-05","39.97018","-91.88753","214.9","STEFFENVILLE, MO US","88.5","0","74.3",",0","8",",0","4",",0","1",",0","0",",0","0",",0","0",",0","0",",0","0",",0","29",",0","1",",0","","","19360514",",,0","19360531","+,,0","19360531","+,,0","","","19360502",",,0","19360531",",,0","6.7",",0,14,","0",",,0,31,+","0",",,0,31,+","27.9",",,0,02,","33.3",",0,31,","3386.3","0","14.9",",0","54.9",",,,0","0",",,,0","20.25",",0","27.09",",,,0","13.41",",,,0"
"USC00238051","1936-06","39.97018","-91.88753","214.9","STEFFENVILLE, MO US","255.0","0","166.5",",0","4",",0","2",",0","0",",0","0",",0","0",",0","0",",0","0",",0","0",",0","30",",0","14",",0","","","19360605","+,,0","19360630","+,,0","19360630","+,,0","","","19360630",",,0","19360629","+,,0","7.2",",0,05,+","0",",,0,30,+","0",",,0,30,+","21.6",",,0,30,","40.6",",0,29,+","3394.1","0","7.8",",0","33.4",",,,0","0",",,,0","23.62",",0","31.84",",,,0","15.41",",,,0"
"USC00238051","1936-07","39.97018","-91.88753","214.9","STEFFENVILLE, MO US","625.0","0","370.0",",0","1",",0","0",",0","0",",0","0",",0","0",",0","0",",0","0",",0","0",",0","31",",0","30",",0","","","19360731",",,0","19360731","+,,0","19360731","+,,0","","","19360727",",,0","19360715",",,0","10.0",",0,31,","0",",,0,31,+","0",",,0,31,+","0.5",",,0,27,","46.1",",0,15,","0.0","0","0.0",",0","0.5",",,,0","0",",,,0","30.27",",0","38.82",",,,0","21.72",",,,0"
"USC00238051","1936-08","39.97018","-91.88753","214.9","STEFFENVILLE, MO US","954.7","0","329.7",",0","4",",0","3",",0","0",",0","0",",0","0",",0","0",",0","0",",0","0",",0","31",",0","27",",0","","","19360801",",,0","19360831","+,,0","19360831","+,,0","","","19360817",",,0","19360816",",,0","11.7",",0,01,","0",",,0,31,+","0",",,0,31,+","17.0",",,0,17,","42.8",",0,16,","0.0","0","0.0",",0","33.1",",,,0","0",",,,0","28.97",",0","37.27",",,,0","20.66",",,,0"
"USC00238051","1936-09","39.97018","-91.88753","214.9","STEFFENVILLE, MO US","1097.7","0","143.0",",0","10",",0","10",",0","4",",0","0",",0","0",",0","0",",0","0",",0","0",",0","26",",0","11",",0","","","19360924",",,0","19360930","+,,0","19360930","+,,0","","","19360902",",,0","19360911","+,,0","8.3",",0,24,","0",",,0,30,+","0",",,0,30,+","119.4",",,0,02,","37.8",",0,11,+","24.9","0","24.9",",0","307.9",",,,0","0",",,,0","22.27",",0","28.50",",,,0","16.04",",,,0"
"USC00238051","1936-10","39.97018","-91.88753","214.9","STEFFENVILLE, MO US","1104.1","0","6.4",",0","9",",0","8",",0","1",",0","0",",0","0",",0","0",",0","6",",0","0",",0","16",",0","0",",0","","","19361023",",,0","19361031","+,,0","19361031","+,,0","","","19361009",",,0","19361020",",,0","-3.9",",0,23,","0",",,0,31,+","0",",,0,31,+","29.2",",,0,09,","28.3",",0,20,","183.6","0","158.7",",0","74.3",",,,0","0",",,,0","13.42",",0","19.98",",,,0","6.86",",,,0"
"USC00238051","1936-11","39.97018","-91.88753","214.9","STEFFENVILLE, MO US","1104.6","0","0.5",",0","3",",0","2",",0","0",",0","2",",0","1",",0","0",",0","20",",0","1",",0","2",",0","0",",0","","","19361127",",,0","19361126",",,0","19361126",",,0","","","19361102",",,0","19361101",",,0","-12.8",",0,27,","76",",,0,26,","76",",,0,26,","19.1",",,0,02,","24.4",",0,01,","584.3","0","400.7",",0","27.2",",,,0","76",",,,0","5.00",",0","12.07",",,,0","-2.08",",,,0"
"USC00238051","1936-12","39.97018","-91.88753","214.9","STEFFENVILLE, MO US","1104.6","0","0.0",",0","5",",0","4",",0","1",",0","2",",0","1",",0","1",",0","25",",0","2",",0","0",",0","0",",0","","","19361207",",,0","19361206","+,,0","19361205",",,0","","","19361230",",,0","19361225",",,0","-17.8",",0,07,","25",",,0,06,+","25",",,0,05,","27.9",",,0,30,","18.3",",0,25,","1093.8","0","509.5",",0","53.3",",,,0","25",",,,0","1.90",",0","7.63",",,,0","-3.84",",,,0"
"USC00238051","1937-01","39.97018","-91.88753","214.9","STEFFENVILLE, MO US","0.0","0","0.0",",0","9",",0","8",",0","1",",0","24","2,0","2","1,0","1",",0","30",",0","15",",0","0",",0","0",",0","","","19370123",",,0","19370122","+,2,0","19370121",",1,0","","","19370107",",,0","19370113",",,0","-20.0",",0,23,","102","2,,0,22,+","51","1,,0,21,","33.0",",,0,07,","8.3",",0,13,","1820.9","0","727.1",",0","99.8",",,,0","89","1,,,0","-5.12",",0","0.30",",,,0","-10.55",",,,0"
"USC00238051","1937-02","39.97018","-91.88753","214.9","STEFFENVILLE, MO US","0.0","0","0.0",",0","5",",0","3",",0","0",",0","5",",0","3",",0","0",",0","24",",0","11",",0","0",",0","0",",0","","","19370210",",,0","19370215","+,,0","19370221",",,0","","","19370220",",,0","19370220",",,0","-17.2",",0,10,","25",",,0,15,+","51",",,0,21,","21.6",",,0,20,","12.8",",0,20,","2396.0","0","575.1",",0","34.1",",,,0","101",",,,0","-2.21",",0","3.01",",,,0","-7.42",",,,0"
"USC00238051","1937-03","39.97018","-91.88753","214.9","STEFFENVILLE, MO US","0.0","0","0.0",",0","6",",0","5",",0","0",",0","0",",0","1",",0","0",",0","22",",0","3",",0","0",",0","0",",0","","","19370301",",,0","19370331","+,,0","19370310",",,0","","","19370324",",,0","19370307",",,0","-8.9",",0,01,","0",",,0,31,+","25",",,0,10,","13.2",",,0,24,","20.6",",0,07,","2856.5","0","460.5",",0","33.5",",,,0","25",",,,0","3.48",",0","9.22",",,,0","-2.26",",,,0"
"USC00238051","1937-04","39.97018","-91.88753","214.9","STEFFENVILLE, MO US","4.5","0","4.5",",0","10",",0","8",",0","0",",0","0",",0","0",",0","0",",0","6",",0","0",",0","9",",0","0",",0","","","19370406",",,0","19370430","+,,0","19370430","+,,0","","","19370420",",,0","19370423","+,,0","-2.8",",0,06,","0",",,0,30,+","0",",,0,30,+","18.3",",,0,20,","27.8",",0,23,+","3080.6","0","224.1",",0","67.5",",,,0","0",",,,0","11.01",",0","17.09",",,,0","4.93",",,,0"
"USC00238051","1937-05","39.97018","-91.88753","214.9","STEFFENVILLE, MO US","46.1","0","41.6",",0","9",",0","8",",0","1",",0","0",",0","0",",0","0",",0","0",",0","0",",0","26",",0","0",",0","","","19370515",",,0","19370531","+,,0","19370531","+,,0","","","19370502",",,0","19370531","+,,0","3.9",",0,15,","0",",,0,31,+","0",",,0,31,+","35.6",",,0,02,","31.7",",0,31,+","3134.0","0","53.4",",0","117.8",",,,0","0",",,,0","17.95",",0","23.96",",,,0","11.95",",,,0"
"USC00238051","1937-06","39.97018","-91.88753","214.9","STEFFENVILLE, MO US","173.6","0","127.5",",0","11",",0","7",",0","0",",0","0",",0","0",",0","0",",0","0",",0","0",",0","29",",0","7",",0","","","19370611",",,0","19370630","+,,0","19370630","+,,0","","","19370613",",,0","19370625",",,0","8.9",",0,11,","0",",,0,30,+","0",",,0,30,+","20.6",",,0,13,","37.8",",0,25,","3141.2","0","7.2",",0","86.4",",,,0","0",",,,0","22.34",",0","28.60",",,,0","16.09",",,,0"
"USC00238051","1937-07","39.97018","-91.88753","214.9","STEFFENVILLE, MO US","379.3","0","205.7",",0","7",",0","6",",0","3",",0","0",",0","0",",0","0",",0","0",",0","0",",0","31",",0","19",",0","","","19370702",",,0","19370731","+,,0","19370731","+,,0","","","19370719",",,0","19370710",",,0","11.7",",0,02,","0",",,0,31,+","0",",,0,31,+","62.2",",,0,19,","37.2",",0,10,","0.0","0","0.0",",0","162.5",",,,0","0",",,,0","24.97",",0","31.92",",,,0","18.02",",,,0"
"USC00238051","1937-08","39.97018","-91.88753","214.9","STEFFENVILLE, MO US","614.2","0","234.9",",0","7",",0","6",",0","2",",0","0",",0","0",",0","0",",0","0",",0","0",",0","31",",0","18",",0","","","19370829",",,0","19370831","+,,0","19370831","+,,0","","","19370803",",,0","19370816",",,0","16.1",",0,29,","0",",,0,31,+","0",",,0,31,+","62.2",",,0,03,","37.2",",0,16,","0.0","0","0.0",",0","137.9",",,,0","0",",,,0","25.91",",0","32.25",",,,0","19.57",",,,0"
"USC00238051","1937-09","39.97018","-91.88753","214.9","STEFFENVILLE, MO US","703.7","0","89.5",",0","3",",0","3",",0","0",",0","0",",0","0",",0","0",",0","0",",0","0",",0","25",",0","7",",0","","","19370926",",,0","19370930","+,,0","19370930","+,,0","","","19370924",",,0","19370922","+,,0","1.1",",0,26,","0",",,0,30,+","0",",,0,30,+","19.1",",,0,24,","36.1",",0,22,+","49.8","0","49.8",",0","32.3",",,,0","0",",,,0","19.66",",0","27.89",",,,0","11.42",",,,0"
"USC00238051","1937-10","39.97018","-91.88753","214.9","STEFFENVILLE, MO US","720.7","0","17.0",",0","6",",0","4",",0","0",",0","0",",0","0",",0","0",",0","7",",0","0",",0","14",",0","1",",0","","","19371014",",,0","19371031","+,,0","19371031","+,,0","","","19371017",",,0","19371005",",,0","-5.0",",0,14,","0",",,0,31,+","0",",,0,31,+","18.0",",,0,17,","32.8",",0,05,","243.4","0","193.6",",0","49.8",",,,0","0",",,,0","12.64",",0","19.64",",,,0","5.63",",,,0"
"USC00238051","1937-11","39.97018","-91.88753","214.9","STEFFENVILLE, MO US","721.3","0","0.6",",0","9",",0","8",",0","0",",0","9",",0","4",",0","1",",0","17",",0","6",",0","5",",0","0",",0","","","19371121",",,0","19371130","+,,0","19371128","+,,0","","","19371104",",,0","19371101",",,0","-17.8",",0,21,","51",",,0,30,+","51",",,0,28,+","17.0",",,0,04,","28.9",",0,01,","680.2","0","436.8",",0","52.1",",,,0","178",",,,0","3.79",",0","10.19",",,,0","-2.60",",,,0"
"USC00238051","1937-12","39.97018","-91.88753","214.9","STEFFENVILLE, MO US","721.3","0","0.0",",0","7",",0","5",",0","0",",0","3",",0","1",",0","0",",0","27",",0","7",",0","0",",0","0",",0","","","19371208",",,0","19371214",",,0","19371214",",,0","","","19371214",",,0","19371231",",,0","-17.2",",0,08,","51",",,0,14,","38",",,0,14,","19.1",",,0,14,","12.2",",0,31,","1309.0","0","628.8",",0","33.5",",,,0","38",",,,0","-1.95",",0","2.41",",,,0","-6.31",",,,0"
"USC00238051","1938-01","39.97018","-91.88753","214.9","STEFFENVILLE, MO US","0.0","0","0.0",",0","6",",0","5",",0","2",",0","2",",0","2",",0","3",",0","28",",0","7",",0","0",",0","0",",0","","","19380131",",,0","19380119",",,0","19380119",",,0","","","19380124",",,0","19380116",",,0","-19.4",",0,31,","51",",,0,19,","51",",,0,19,","53.3",",,0,24,","12.8",",0,16,","1923.2","0","614.2",",0","104.3",",,,0","76",",,,0","-1.48",",0","4.28",",,,0","-7.24",",,,0"
"USC00238051","1938-02","39.97018","-91.88753","214.9","STEFFENVILLE, MO US","0.0","0","0.0",",0","6",",0","4",",0","0",",0","7",",0","2",",0","0",",0","20",",0","2",",0","1",",0","0",",0","","","19380201",",,0","19380222","+,,0","19380219",",,0","","","19380217",",,0","19380212",",,0","-12.2",",0,01,","102",",,0,22,+","114",",,0,19,","14.0",",,0,17,","21.1",",0,12,","2340.2","0","417.0",",0","37.8",",,,0","165",",,,0","3.44",",0","8.45",",,,0","-1.56",",,,0"
"USC00238051","1938-03","39.97018","-91.88753","214.9","STEFFENVILLE, MO US","1.4","0","1.4",",0","13",",0","7",",0","2",",0","0",",0","0",",0","0",",0","11",",0","0",",0","8",",0","0",",0","","","19380306",",,0","19380331","+,,0","19380305",",,0","","","19380329",",,0","19380321",",,0","-6.7",",0,06,","0",",,0,31,+","0",",T,0,05,","33.0",",,0,29,","28.9",",0,21,","2602.6","0","262.4",",0","107.2",",,,0","0",",T,,0","9.92",",0","16.86",",,,0","2.97",",,,0"
"USC00238051","1938-04","39.97018","-91.88753","214.9","STEFFENVILLE, MO US","11.2","0","9.8",",0","12",",0","9",",0","1",",0","1",",0","1",",0","0",",0","8",",0","0",",0","15",",0","0",",0","","","19380409",",,0","19380408",",,0","19380408",",,0","","","19380408",",,0","19380427",",,0","-6.7",",0,09,","152",",,0,08,","152",",,0,08,","32.0",",,0,08,","27.8",",0,27,","2807.0","0","204.4",",0","98.1",",,,0","152",",,,0","11.85",",0","17.89",",,,0","5.80",",,,0"
"USC00238051","1938-05","39.97018","-91.88753","214.9","STEFFENVILLE, MO US","49.8","0","38.6",",0","11",",0","9",",0","1",",0","0",",0","0",",0","0",",0","0",",0","0",",0","22",",0","0",",0","","","19380513",",,0","19380531","+,,0","19380531","+,,0","","","19380521",",,0","19380518",",,0","3.9",",0,13,","0",",,0,31,+","0",",,0,31,+","26.9",",,0,21,","31.1",",0,18,","2880.9","0","73.9",",0","121.3",",,,0","0",",,,0","17.20",",0","23.23",",,,0","11.16",",,,0"
"USC00238051","1938-06","39.97018","-91.88753","214.9","STEFFENVILLE, MO US","150.0","0","100.2",",0","10",",0","7",",0","2",",0","0",",0","0",",0","0",",0","0",",0","0",",0","30",",0","3",",0","","","19380627",",,0","19380630","+,,0","19380630","+,,0","","","19380626",",,0","19380623",",,0","9.4",",0,27,","0",",,0,30,+","0",",,0,30,+","38.1",",,0,26,","34.4",",0,23,","2882.6","0","1.7",",0","118.6",",,,0","0",",,,0","21.62",",0","27.88",",,,0","15.35",",,,0"
"USC00238051","1938-07","39.97018","-91.88753","214.9","STEFFENVILLE, MO US","386.1","0","236.1",",0","6",",0","6",",0","1",",0","0",",0","0",",0","0",",0","0",",0","0",",0","31",",0","22",",0","","","19380721","+,,0","19380731","+,,0","19380731","+,,0","","","19380725",",,0","19380711",",,0","14.4",",0,21,+","0",",,0,31,+","0",",,0,31,+","38.1",",,0,25,","38.9",",0,11,","0.0","0","0.0",",0","71.3",",,,0","0",",,,0","25.95",",0","32.99",",,,0","18.91",",,,0"
"USC00238051","1938-08","39.97018","-91.88753","214.9","STEFFENVILLE, MO US","629.6","0","243.5",",0","6",",0","5",",0","2",",0","0",",0","0",",0","0",",0","0",",0","0",",0","31",",0","16",",0","","","19380827",",,0","19380831","+,,0","19380831","+,,0","","","19380828",",,0","19380805",",,0","13.3",",0,27,","0",",,0,31,+","0",",,0,31,+","100.8",",,0,28,","37.8",",0,05,","0.0","0","0.0",",0","200.4",",,,0","0",",,,0","26.19",",0","33.07",",,,0","19.30",",,,0"
"USC00238051","1938-09","39.97018","-91.88753","214.9","STEFFENVILLE, MO US","732.3","0","102.7",",0","9",",0","6",",0","0",",0","0",",0","0",",0","0",",0","0",",0","0",",0","27",",0","6",",0","","","19380919",",,0","19380930","+,,0","19380930","+,,0","","","19380913",",,0","19380910","+,,0","2.2",",0,19,","0",",,0,30,+","0",",,0,30,+","14.5",",,0,13,","35.6",",0,10,+","32.1","0","32.1",",0","38.4",",,,0","0",",,,0","20.69",",0","27.96",",,,0","13.41",",,,0"
"USC00238051","1938-10","39.97018","-91.88753","214.9","STEFFENVILLE, MO US","783.9","0","51.6",",0","2",",0","2",",0","1",",0","0",",0","0",",0","0",",0","2",",0","0",",0","25",",0","4",",0","","","19381024",",,0","19381031","+,,0","19381031","+,,0","","","19381018",",,0","19381004",",,0","-1.7",",0,24,","0",",,0,31,+","0",",,0,31,+","27.9",",,0,18,","33.3",",0,04,","122.2","0","90.1",",0","33.5",",,,0","0",",,,0","17.09",",0","25.25",",,,0","8.94",",,,0"
"USC00238051","1938-11","39.97018","-91.88753","214.9","STEFFENVILLE, MO US","791.7","0","7.8",",0","6",",0","5",",0","3",",0","1",",0","1",",0","0",",0","14",",0","1",",0","3",",0","0",",0","","","19381127",",,0","19381107",",,0","19381107",",,0","","","19381104",",,0","19381101",",,0","-12.8",",0,27,","25",",,0,07,","25",",,0,07,","69.9",",,0,04,","28.9",",0,01,","443.7","0","321.5",",0","224.3",",,,0","25",",,,0","7.88",",0","14.54",",,,0","1.21",",,,0"
"USC00238051","1938-12","39.97018","-91.88753","214.9","STEFFENVILLE, MO US","791.7","0","0.0",",0","7",",0","5",",0","0",",0","2",",0","2",",0","0",",0","26",",0","4",",0","0",",0","0",",0","","","19381230","+,,0","19381226","+,,0","19381226","+,,0","","","19381202",",,0","19381202",",,0","-15.0",",0,30,+","25",",,0,26,+","25",",,0,26,+","9.7",",,0,02,","18.3",",0,02,","1008.9","0","565.2",",0","37.1",",,,0","63",",,,0","0.10",",0","5.02",",,,0","-4.81",",,,0"
"USC00238051","1939-01","39.97018","-91.88753","214.9","STEFFENVILLE, MO US","0.0","0","0.0",",0","11",",0","6",",0","0",",0","10",",0","4",",0","0",",0","21",",0","3",",0","0",",0","0",",0","","","19390116",",,0","19390115",",,0","19390115",",,0","","","19390115",",,0","19390109",",,0","-12.2",",0,16,","102",",,0,15,","127",",,0,15,","6.9",",,0,15,","19.4",",0,09,","1507.9","0","499.0",",0","36.3",",,,0","343",",,,0","2.24",",0","7.96",",,,0","-3.49",",,,0"
"USC00238051","1939-02","39.97018","-91.88753","214.9","STEFFENVILLE, MO US","0.0","0","0.0",",0","6",",0","4",",0","0",",0","5",",0","3",",0","1",",0","26",",0","4",",0","0",",0","0",",0","","","19390210",",,0","19390210",",,0","19390210",",,0","","","19390228",",,0","19390213",",,0","-17.8",",0,10,","51",",,0,10,","51",",,0,10,","13.2",",,0,28,","15.6",",0,13,","2047.0","0","539.1",",0","36.2",",,,0","101",",,,0","-0.92",",0","5.64",",,,0","-7.48",",,,0"
"USC00238051","1939-03","39.97018","-91.88753","214.9","STEFFENVILLE, MO US","1.1","0","1.1",",0","6",",0","6",",0","1",",0","0",",0","0",",0","0",",0","15",",0","0",",0","7",",0","0",",0","","","19390301",",,0","19390331","+,,0","19390331","+,,0","","","19390311",",,0","19390323",",,0","-11.1",",0,01,","0",",,0,31,+","0",",,0,31,+","41.1",",,0,11,","28.3",",0,23,","2407.8","0","360.8",",0","114.0",",,,0","0",",,,0","6.73",",0","13.35",",,,0","0.11",",,,0"
"USC00238051","1939-04","39.97018","-91.88753","214.9","STEFFENVILLE, MO US","8.3","0","7.2",",0","12",",0","9",",0","1",",0","0",",0","0",",0","0",",0","7",",0","0",",0","7",",0","0",",0","","","19390412",",,0","19390430","+,,0","19390411",",,0","","","19390415",",,0","19390425",",,0","-6.1",",0,12,","0",",,0,30,+","0",",T,0,11,","35.6",",,0,15,","28.3",",0,25,","2647.8","0","240.0",",0","107.4",",,,0","0",",T,,0","10.58",",0","16.85",",,,0","4.30",",,,0"
"USC00238051","1939-05","39.97018","-91.88753","214.9","STEFFENVILLE, MO US","80.4","0","72.1",",0","6",",0","5",",0","1",",0","0",",0","0",",0","0",",0","0",",0","0",",0","27",",0","2",",0","","","19390502",",,0","19390531","+,,0","19390531","+,,0","","","19390526",",,0","19390524",",,0","4.4",",0,02,","0",",,0,31,+","0",",,0,31,+","34.3",",,0,26,","33.9",",0,24,","2686.6","0","38.8",",0","97.7",",,,0","0",",,,0","19.41",",0","25.86",",,,0","12.95",",,,0"
"USC00238051","1939-06","39.97018","-91.88753","214.9","STEFFENVILLE, MO US","226.1","0","145.7",",0","9",",0","8",",0","3",",0","0",",0","0",",0","0",",0","0",",0","0",",0","29",",0","4",",0","","","19390604",",,0","19390630","+,,0","19390630","+,,0","","","19390621",",,0","19390618",",,0","11.1",",0,04,","0",",,0,30,+","0",",,0,30,+","51.3",",,0,21,","33.9",",0,18,","2691.1","0","4.5",",0","169.1",",,,0","0",",,,0","23.04",",0","28.52",",,,0","17.56",",,,0"
"USC00238051","1939-07","39.97018","-91.88753","214.9","STEFFENVILLE, MO US","455.2","0","229.1",",0","6",",0","5",",0","0",",0","0",",0","0",",0","0",",0","0",",0","0",",0","31",",0","15",",0","","","19390730",",,0","19390731","+,,0","19390731","+,,0","","","19390724",",,0","19390713",",,0","12.8",",0,30,","0",",,0,31,+","0",",,0,31,+","23.9",",,0,24,","37.8",",0,13,","0.0","0","0.0",",0","79.8",",,,0","0",",,,0","25.72",",0","32.26",",,,0","19.19",",,,0"
"USC00238051","1939-08","39.97018","-91.88753","214.9","STEFFENVILLE, MO US","592.8","0","137.6",",0","13",",0","12",",0","2",",0","0",",0","0",",0","0",",0","0",",0","0",",0","31",",0","4",",0","","","19390809",",,0","19390831","+,,0","19390831","+,,0","","","19390811",",,0","19390807",",,0","11.1",",0,09,","0",",,0,31,+","0",",,0,31,+","66.5",",,0,11,","33.9",",0,07,","0.0","0","0.0",",0","236.2",",,,0","0",",,,0","22.77",",0","29.15",",,,0","16.39",",,,0"
"USC00238051","1939-09","39.97018","-91.88753","214.9","STEFFENVILLE, MO US","736.2","0","143.4",",0","1",",0","1",",0","0",",0","0",",0","0",",0","0",",0","0",",0","0",",0","28",",0","15",",0","","","19390930",",,0","19390930","+,,0","19390930","+,,0","","","19390929",",,0","19390915",",,0","1.1",",0,30,","0",",,0,30,+","0",",,0,30,+","3.0",",,0,29,","37.2",",0,15,","19.5","0","19.5",",0","3.0",",,,0","0",",,,0","22.46",",0","30.61",",,,0","14.31",",,,0"
"USC00238051","1939-10","39.97018","-91.88753","214.9","STEFFENVILLE, MO US","774.6","0","38.4",",0","8",",0","4",",0","1",",0","0",",0","0",",0","0",",0","5",",0","0",",0","21",",0","2",",0","","","19391031",",,0","19391031","+,,0","19391030",",,0","","","19391008",",,0","19391007",",,0","-4.4",",0,31,","0",",,0,31,+","0",",T,0,30,","25.4",",,0,08,","36.7",",0,07,","154.5","0","135.0",",0","51.4",",,,0","0",",T,,0","15.22",",0","23.21",",,,0","7.22",",,,0"
"USC00238051","1939-11","39.97018","-91.88753","214.9","STEFFENVILLE, MO US","774.6","0","0.0",",0","8",",0","3",",0","1",",0","0",",0","0",",0","0",",0","18",",0","0",",0","1",",0","0",",0","","","19391128","+,,0","19391130","+,,0","19391130","+,,0","","","19391119",",,0","19391109",",,0","-7.2",",0,28,+","0",",,0,30,+","0",",,0,30,+","33.0",",,0,19,","23.3",",0,09,","523.0","0","368.5",",0","59.2",",,,0","0",",,,0","6.05",",0","12.15",",,,0","-0.05",",,,0"
"USC00238051","1939-12","39.97018","-91.88753","214.9","STEFFENVILLE, MO US","774.6","0","0.0",",0","5",",0","3",",0","0",",0","7",",0","3",",0","1",",0","22",",0","4",",0","0",",0","0",",0","","","19391231",",,0","19391227",",,0","19391227",",,0","","","19391227",",,0","19391218",",,0","-20.0",",0,31,","152",",,0,27,","152",",,0,27,","10.7",",,0,27,","20.0",",0,18,","1007.8","0","484.8",",0","29.5",",,,0","215",",,,0","2.69",",0","8.83",",,,0","-3.44",",,,0"
"USC00238051","1940-01","39.97018","-91.88753","214.9","STEFFENVILLE, MO US","0.0","0","0.0",",0","8",",0","3",",0","0",",0","31",",0","5",",0","16",",0","31",",0","27",",0","0",",0","0",",0","","","19400119",",,0","19400118","+,,0","19400107",",,0","","","19400107",",,0","19400131","+,,0","-26.7",",0,19,","229",",,0,18,+","127",",,0,07,","7.1",",,0,07,","2.8",",0,31,+","1918.9","0","911.1",",0","22.9",",,,0","330",",,,0","-11.06",",0","-5.42",",,,0","-16.70",",,,0"
"USC00238051","1940-02","39.97018","-91.88753","214.9","STEFFENVILLE, MO US","0.0","0","0.0",",0","7",",0","6",",0","0",",0","18",",0","2",",0","0",",0","27",",0","3",",0","0",",0","0",",0","","","19400225",",,0","19400221","+,,0","19400219",",,0","","","19400208",",,0","19400229",",,0","-17.2",",0,25,","76",",,0,21,+","51",",,0,19,","6.4",",,0,08,","11.7",",0,29,","2468.5","0","549.6",",0","27.0",",,,0","76",",,,0","-0.62",",0","3.45",",,,0","-4.69",",,,0"
"USC00238051","1940-03","39.97018","-91.88753","214.9","STEFFENVILLE, MO US","0.3","0","0.3",",0","12",",0","5",",0","0",",0","3",",0","1",",0","0",",0","21",",0","3",",0","5",",0","0",",0","","","19400325","+,,0","19400314","+,,0","19400312",",,0","","","19400302",",,0","19400331",",,0","-10.0",",0,25,+","25",",,0,14,+","25",",,0,12,","16.5",",,0,02,","27.2",",0,31,","2908.1","0","439.6",",0","53.2",",,,0","38",",,,0","4.16",",0","9.44",",,,0","-1.12",",,,0"
"USC00238051","1940-04","39.97018","-91.88753","214.9","STEFFENVILLE, MO US","3.9","0","3.6",",0","9",",0","7",",0","1",",0","0",",0","0",",0","0",",0","7",",0","0",",0","8",",0","0",",0","","","19400412",",,0","19400410",",,0","19400411","+,,0","","","19400417",",,0","19400415",",,0","-7.8",",0,12,","0",",T,0,10,","0",",T,0,11,+","45.2",",,0,17,","27.2",",0,15,","3129.3","0","221.2",",0","100.1",",,,0","0",",T,,0","11.08",",0","17.90",",,,0","4.26",",,,0"
"USC00238051","1940-05","39.97018","-91.88753","214.9","STEFFENVILLE, MO US","29.2","0","25.3",",0","9",",0","5",",0","0",",0","0",",0","0",",0","0",",0","1",",0","0",",0","21",",0","0",",0","","","19400501",",,0","19400531","+,,0","19400531","+,,0","","","19400526",",,0","19400513","+,,0","0.0",",0,01,","0",",,0,31,+","0",",,0,31,+","11.2",",,0,26,","31.1",",0,13,+","3223.5","0","94.2",",0","40.8",",,,0","0",",,,0","16.11",",0","23.01",",,,0","9.21",",,,0"
"USC00238051","1940-06","39.97018","-91.88753","214.9","STEFFENVILLE, MO US","170.8","0","141.6",",0","7",",0","5",",0","1",",0","0",",0","0",",0","0",",0","0",",0","0",",0","30",",0","8",",0","","","19400624","+,,0","19400630","+,,0","19400630","+,,0","","","19400619",",,0","19400606",",,0","11.1",",0,24,+","0",",,0,30,+","0",",,0,30,+","26.7",",,0,19,","34.4",",0,06,","3223.8","0","0.3",",0","84.2",",,,0","0",",,,0","23.05",",0","29.63",",,,0","16.46",",,,0"
"USC00238051","1940-07","39.97018","-91.88753","214.9","STEFFENVILLE, MO US","410.2","0","239.4",",0","3",",0","3",",0","0",",0","0",",0","0",",0","0",",0","0",",0","0",",0","31",",0","21",",0","","","19400704",",,0","19400731","+,,0","19400731","+,,0","","","19400727","+,,0","19400725",",,0","9.4",",0,04,","0",",,0,31,+","0",",,0,31,+","5.1",",,0,27,+","41.1",",0,25,","0.0","0","0.0",",0","13.2",",,,0","0",",,,0","26.06",",0","33.91",",,,0","18.21",",,,0"
"USC00238051","1940-08","39.97018","-91.88753","214.9","STEFFENVILLE, MO US","580.3","0","170.1",",0","10",",0","8",",0","1",",0","0",",0","0",",0","0",",0","0",",0","0",",0","31",",0","9",",0","","","19400820",",,0","19400831","+,,0","19400831","+,,0","","","19400817",",,0","19400802",",,0","8.9",",0,20,","0",",,0,31,+","0",",,0,31,+","67.3",",,0,17,","40.6",",0,02,","2.8","0","2.8",",0","143.1",",,,0","0",",,,0","23.73",",0","30.18",",,,0","17.28",",,,0"
"USC00238051","1940-09","39.97018","-91.88753","214.9","STEFFENVILLE, MO US","679.1","0","98.8",",0","1",",0","0",",0","0",",0","0",",0","0",",0","0",",0","1",",0","0",",0","27",",0","8",",0","","","19400926",",,0","19400930","+,,0","19400930","+,,0","","","19400923",",,0","19400921","+,,0","-1.1",",0,26,","0",",,0,30,+","0",",,0,30,+","1.3",",,0,23,","35.6",",0,21,+","44.2","0","41.4",",0","1.3",",,,0","0",",,,0","20.25",",0","28.59",",,,0","11.90",",,,0"
"USC00238051","1940-10","39.97018","-91.88753","214.9","STEFFENVILLE, MO US","703.9","0","24.8",",0","8",",0","5",",0","0",",0","0",",0","0",",0","0",",0","2",",0","0",",0","23",",0","0",",0","","","19401016",",,0","19401031","+,,0","19401031","+,,0","","","19401006","+,,0","19401025","+,,0","-1.1",",0,16,","0",",,0,31,+","0",",,0,31,+","17.8",",,0,06,+","30.0",",0,25,+","131.4","0","87.2",",0","69.9",",,,0","0",",,,0","16.32",",0","23.82",",,,0","8.81",",,,0"
"USC00238051","1940-11","39.97018","-91.88753","214.9","STEFFENVILLE, MO US","","","","","8",",0","8",",0","1",",0","5",",0","1",",0","0","1,0","19","1,0","4","5,0","2","5,0","0","5,0","","","19401114",",1,0","19401128","+,,0","19401126",",,0","","","19401126",",,0","19401103",",5,0","-16.1","1,0,14,","102",",,0,28,+","102",",,0,26,","34.3",",,0,26,","21.7","5,0,03,","","","","","83.9",",,,0","102",",,,0","3.22","6,0","9.66","5,,,0","-3.22","1,,,0"
"USC00238051","1940-12","39.97018","-91.88753","214.9","STEFFENVILLE, MO US","","","","","6",",0","4",",0","1",",0","1",",0","1",",0","0","1,0","22","1,0","1","5,0","0","5,0","0","5,0","","","19401204","+,1,0","19401211",",,0","19401211",",,0","","","19401216",",,0","19401209",",5,0","-16.7","1,0,04,+","51",",,0,11,","38",",,0,11,","31.8",",,0,16,","20.6","5,0,09,","","","","","47.4",",,,0","51",",,,0","1.73","6,0","7.06","5,,,0","-3.61","1,,,0"
"USC00238051","1941-01","39.97018","-91.88753","214.9","STEFFENVILLE, MO US","0.0","0","0.0","5,0","13",",0","10",",0","0",",0","14",",0","5",",0","0",",0","28",",0","7","5,0","0","5,0","0","5,0","","","19410119",",,0","19410127","+,,0","19410126",",,0","","","19410114",",,0","19410112",",5,0","-16.7",",0,19,","127",",,0,27,+","102",",,0,26,","17.8",",,0,14,","11.1","5,0,12,","","","524.3","5,0","99.9",",,,0","318",",,,0","-1.85","5,0","2.40","5,,,0","-6.09",",,,0"
"USC00238051","1941-02","39.97018","-91.88753","214.9","STEFFENVILLE, MO US","0.0","0","0.0","5,0","5",",0","2",",0","0",",0","0",",0","0",",0","0",",0","27",",0","6","5,0","0","5,0","0","5,0","","","19410219",",,0","19410228","+,,0","19410227","+,,0","","","19410213",",,0","19410212",",5,0","-15.6",",0,19,","0",",T,0,28,+","13",",,0,27,+","11.9",",,0,13,","15.0","5,0,12,","","","475.9","5,0","18.8",",,,0","26",",,,0","-2.03","5,0","3.47","5,,,0","-7.54",",,,0"
"USC00238051","1941-03","39.97018","-91.88753","214.9","STEFFENVILLE, MO US","0.0","0","0.0","2,0","4",",0","2",",0","0",",0","3",",0","1",",0","0",",0","26",",0","0","2,0","0","2,0","0","2,0","","","19410301",",,0","19410306",",,0","19410306",",,0","","","19410306",",,0","19410331",",2,0","-12.2",",0,01,","152",",,0,06,","152",",,0,06,","15.2",",,0,06,","20.0","2,0,31,","","","450.5","2,0","22.1",",,,0","152",",,,0","2.61","2,0","9.50","2,,,0","-4.28",",,,0"
"USC00238051","1941-04","39.97018","-91.88753","214.9","STEFFENVILLE, MO US","7.6","0","7.6","2,0","10",",0","7",",0","0",",0","0",",0","0",",0","0",",0","0",",0","0","2,0","12","2,0","0","2,0","","","19410424","+,,0","19410430","+,,0","19410430","+,,0","","","19410404",",,0","19410413",",2,0","1.7",",0,24,+","0",",,0,30,+","0",",,0,30,+","14.0",",,0,04,","30.6","2,0,13,","","","147.0","2,0","65.7",",,,0","0",",,,0","13.38","2,0","19.65","2,,,0","7.11",",,,0"
"USC00238051","1941-05","39.97018","-91.88753","214.9","STEFFENVILLE, MO US","93.4","0","85.8",",0","7",",0","5",",0","0",",0","0",",0","0",",0","0",",0","0",",0","0",",0","30",",0","6",",0","","","19410509",",,0","19410531","+,,0","19410531","+,,0","","","19410506",",,0","19410531",",,0","3.3",",0,09,","0",",,0,31,+","0",",,0,31,+","19.1",",,0,06,","33.3",",0,31,","","","35.9",",0","40.8",",,,0","0",",,,0","19.94",",0","26.60",",,,0","13.29",",,,0"
"USC00238051","1941-06","39.97018","-91.88753","214.9","STEFFENVILLE, MO US","242.3","0","148.9","3,0","12",",0","8",",0","0",",0","0",",0","0",",0","0",",0","0",",0","0","3,0","27","3,0","10","3,0","","","19410616",",,0","19410630","+,,0","19410630","+,,0","","","19410602",",,0","19410630",",3,0","10.6",",0,16,","0",",,0,30,+","0",",,0,30,+","22.9",",,0,02,","36.7","3,0,30,","","","1.4","3,0","104.8",",,,0","0",",,,0","23.65","3,0","29.79","3,,,0","17.52",",,,0"
"USC00238051","1941-07","39.97018","-91.88753","214.9","STEFFENVILLE, MO US","462.7","0","220.4","2,0","4",",0","3",",0","0",",0","0",",0","0",",0","0","1,0","0","1,0","0","1,0","30","1,0","18","1,0","","","19410717","+,1,0","19410731","+,,0","19410731","+,,0","","","19410710",",,0","19410723",",1,0","12.2","1,0,17,+","0",",,0,31,+","0",",,0,31,+","14.0",",,0,10,","43.3","1,0,23,","0.0","0","0.0","1,0","27.2",",,,0","0",",,,0","25.97","2,0","34.05","1,,,0","17.89","1,,,0"
"USC00238051","1941-08","39.97018","-91.88753","214.9","STEFFENVILLE, MO US","685.5","0","222.8","1,0","7",",0","4",",0","0",",0","0",",0","0",",0","0","1,0","0","1,0","0",",0","31",",0","19",",0","","","19410819","+,1,0","19410831","+,,0","19410831","+,,0","","","19410824",",,0","19410811","+,,0","12.2","1,0,19,+","0",",,0,31,+","0",",,0,31,+","15.7",",,0,24,","40.6",",0,11,+","0.0","0","0.0",",0","47.5",",,,0","0",",,,0","25.79","1,0","33.02",",,,0","18.56","1,,,0"
"USC00238051","1941-09","39.97018","-91.88753","214.9","STEFFENVILLE, MO US","784.1","0","98.6","2,0","10",",0","9",",0","2",",0","0",",0","0",",0","0",",0","0",",0","0","2,0","24","2,0","3","2,0","","","19410926",",,0","19410930","+,,0","19410930","+,,0","","","19410903",",,0","19410920","+,2,0","3.9",",0,26,","0",",,0,30,+","0",",,0,30,+","57.2",",,0,03,","32.2","2,0,20,+","26.9","0","26.9","2,0","154.3",",,,0","0",",,,0","20.84","2,0","27.24","2,,,0","14.45",",,,0"
"USC00238051","1941-10","39.97018","-91.88753","214.9","STEFFENVILLE, MO US","798.6","0","14.5","4,0","18",",0","16",",0","5",",0","0",",0","0",",0","0","1,0","2","1,0","0","3,0","13","3,0","0","3,0","","","19411028",",1,0","19411031","+,,0","19411031","+,,0","","","19411003",",,0","19411022",",3,0","-3.9","1,0,28,","0",",,0,31,+","0",",,0,31,+","66.0",",,0,03,","27.2","3,0,22,","136.7","0","109.8","3,0","278.5",",,,0","0",",,,0","14.84","4,0","19.92","3,,,0","9.76","1,,,0"
"USC00238051","1941-11","39.97018","-91.88753","214.9","STEFFENVILLE, MO US","798.6","0","0.0","4,0","5",",0","5",",0","0",",0","1",",0","1",",0","0",",0","15",",0","2","4,0","2","4,0","0","4,0","","","19411124",",,0","19411123",",,0","19411123",",,0","","","19411101",",,0","19411117",",4,0","-11.1",",0,24,","51",",,0,23,","76",",,0,23,","20.6",",,0,01,","22.2","4,0,17,","449.3","0","312.6","4,0","65.0",",,,0","76",",,,0","6.27","4,0","11.75","4,,,0","0.80",",,,0"
"USC00238051","1941-12","39.97018","-91.88753","214.9","STEFFENVILLE, MO US","798.6","0","0.0","3,0","7",",0","3",",0","0",",0","3",",0","3",",0","0",",0","21",",0","5","3,0","0","3,0","0","3,0","","","19411229",",,0","19411226","+,,0","19411226",",,0","","","19411226",",,0","19411220",",3,0","-12.2",",0,29,","51",",,0,26,+","51",",,0,26,","18.0",",,0,26,","16.7","3,0,20,","879.3","0","430.0","3,0","54.8",",,,0","114",",,,0","2.84","3,0","7.83","3,,,0","-2.14",",,,0"
"USC00238051","1942-01","39.97018","-91.88753","214.9","STEFFENVILLE, MO US","0.0","0","0.0","5,0","4",",0","3",",0","0",",0","3",",0","2",",0","7","1,0","27","1,0","6","4,0","0","4,0","0","4,0","","","19420105","+,1,0","19420104","+,,0","19420131",",,0","","","19420131",",,0","19420125",",4,0","-23.3","1,0,05,+","51",",,0,04,+","51",",,0,31,","6.1",",,0,31,","14.4","4,0,25,","1378.1","0","498.8","4,0","17.3",",,,0","89",",,,0","-1.80","5,0","4.08","4,,,0","-7.69","1,,,0"
"USC00238051","1942-02","39.97018","-91.88753","214.9","STEFFENVILLE, MO US","0.0","0","0.0","3,0","10",",0","6",",0","1",",0","10",",0","4",",0","0",",0","27",",0","9","3,0","0","3,0","0","3,0","","","19420219","+,,0","19420211",",,0","19420211",",,0","","","19420205",",,0","19420221",",3,0","-15.0",",0,19,+","102",",,0,11,","76",",,0,11,","39.4",",,0,05,","7.8","3,0,21,","1886.3","0","508.2","3,0","92.9",",,,0","151",",,,0","-2.01","3,0","2.25","3,,,0","-6.26",",,,0"
"USC00238051","1942-03","39.97018","-91.88753","214.9","STEFFENVILLE, MO US","0.0","0","0.0","3,0","5",",0","5",",0","1",",0","0",",0","0",",0","0",",0","21",",0","0","3,0","3","3,0","0","3,0","","","19420301",",,0","19420309","+,,0","19420330","+,,0","","","19420316",",,0","19420324",",3,0","-8.9",",0,01,","0",",T,0,09,+","0",",T,0,30,+","30.5",",,0,16,","22.2","3,0,24,","2250.8","0","364.5","3,0","58.0",",,,0","0",",T,,0","5.33","3,0","10.68","3,,,0","-0.01",",,,0"
"USC00238051","1942-04","39.97018","-91.88753","214.9","STEFFENVILLE, MO US","3.1","0","3.1","1,0","7",",0","5",",0","2",",0","0",",0","0",",0","0",",0","3",",0","0","1,0","16","1,0","0","1,0","","","19420411",",,0","19420430","+,,0","19420430","+,,0","","","19420407",",,0","19420430",",1,0","-1.1",",0,11,","0",",,0,30,+","0",",,0,30,+","31.8",",,0,07,","31.1","1,0,30,","2397.9","0","147.1","1,0","94.0",",,,0","0",",,,0","13.33","1,0","20.44","1,,,0","6.22",",,,0"
"USC00238051","1942-05","39.97018","-91.88753","214.9","STEFFENVILLE, MO US","45.6","0","42.5",",0","13",",0","10",",0","0",",0","0",",0","0",",0","0",",0","0",",0","0",",0","19",",0","0",",0","","","19420504",",,0","19420531","+,,0","19420531","+,,0","","","19420531",",,0","19420528",",,0","3.3",",0,04,","0",",,0,31,+","0",",,0,31,+","24.1",",,0,31,","31.7",",0,28,","2485.9","0","88.0",",0","144.1",",,,0","0",",,,0","16.86",",0","22.71",",,,0","11.02",",,,0"
"USC00238051","1942-06","39.97018","-91.88753","214.9","STEFFENVILLE, MO US","182.5","0","136.9",",0","17",",0","9",",0","1",",0","0",",0","0",",0","0",",0","0",",0","0",",0","26",",0","3",",0","","","19420614",",,0","19420630","+,,0","19420630","+,,0","","","19420625",",,0","19420605","+,,0","5.6",",0,14,","0",",,0,30,+","0",",,0,30,+","30.0",",,0,25,","35.0",",0,05,+","2502.2","0","16.3",",0","105.8",",,,0","0",",,,0","22.35",",0","27.80",",,,0","16.91",",,,0"
"USC00238051","1942-07","39.97018","-91.88753","214.9","STEFFENVILLE, MO US","386.8","0","204.3",",0","7",",0","5",",0","3",",0","0",",0","0",",0","0",",0","0",",0","0",",0","31",",0","12",",0","","","19420707",",,0","19420731","+,,0","19420731","+,,0","","","19420714",",,0","19420731",",,0","11.7",",0,07,","0",",,0,31,+","0",",,0,31,+","49.0",",,0,14,","36.7",",0,31,","0.0","0","0.0",",0","140.3",",,,0","0",",,,0","24.92",",0","30.89",",,,0","18.95",",,,0"
"USC00238051","1942-08","39.97018","-91.88753","214.9","STEFFENVILLE, MO US","535.7","0","148.9",",0","8",",0","4",",0","1",",0","0",",0","0",",0","0",",0","0",",0","0",",0","31",",0","9",",0","","","19420824",",,0","19420831","+,,0","19420831","+,,0","","","19420826",",,0","19420802","+,,0","7.2",",0,24,","0",",,0,31,+","0",",,0,31,+","35.3",",,0,26,","35.0",",0,02,+","1.7","0","1.7",",0","65.2",",,,0","0",",,,0","23.08",",0","29.85",",,,0","16.31",",,,0"
"USC00238051","1942-09","39.97018","-91.88753","214.9","STEFFENVILLE, MO US","645.5","0","109.8",",0","7",",0","5",",0","0",",0","0",",0","0",",0","0",",0","3",",0","0",",0","23",",0","7",",0","","","19420928",",,0","19420930","+,,0","19420930","+,,0","","","19420916",",,0","19420914","+,,0","-4.4",",0,28,","0",",,0,30,+","0",",,0,30,+","15.7",",,0,16,","33.9",",0,14,+","90.8","0","89.1",",0","60.1",",,,0","0",",,,0","19.02",",0","25.71",",,,0","12.33",",,,0"
"USC00238051","1942-10","39.97018","-91.88753","214.9","STEFFENVILLE, MO US","651.4","0","5.9",",0","6",",0","2",",0","0",",0","0",",0","0",",0","0",",0","4",",0","0",",0","19",",0","0",",0","","","19421026",",,0","19421031","+,,0","19421031","+,,0","","","19421003",",,0","19421008","+,,0","-7.8",",0,26,","0",",,0,31,+","0",",,0,31,+","17.5",",,0,03,","28.9",",0,08,+","250.0","0","159.2",",0","25.7",",,,0","0",",,,0","13.39",",0","20.91",",,,0","5.86",",,,0"
"USC00238051","1942-11","39.97018","-91.88753","214.9","STEFFENVILLE, MO US","652.2","0","0.8",",0","9",",0","7",",0","3",",0","2",",0","1",",0","0",",0","12",",0","0",",0","5",",0","0",",0","","","19421130","+,,0","19421130","+,,0","19421129",",,0","","","19421109",",,0","19421119",",,0","-8.3",",0,30,+","51",",,0,30,+","76",",,0,29,","37.1",",,0,09,","26.1",",0,19,","578.9","0","328.9",",0","148.4",",,,0","91",",,,0","7.40",",0","13.10",",,,0","1.69",",,,0"
"USC00238051","1942-12","39.97018","-91.88753","214.9","STEFFENVILLE, MO US","652.2","0","0.0",",0","10",",0","6",",0","1",",0","8",",0","2",",0","0",",0","29",",0","13",",0","0",",0","0",",0","","","19421208",",,0","19421205",",,0","19421205",",,0","","","19421227",",,0","19421223",",,0","-17.2",",0,08,","102",",,0,05,","91",",,0,05,","29.2",",,0,27,","10.6",",0,23,","1228.8","0","649.9",",0","76.2",",,,0","170",",,,0","-2.63",",0","1.70",",,,0","-6.96",",,,0"
"USC00238051","1943-01","39.97018","-91.88753","214.9","STEFFENVILLE, MO US","0.0","0","0.0",",0","10",",0","3",",0","0",",0","7",",0","4",",0","4",",0","31",",0","9",",0","0",",0","0",",0","","","19430119",",,0","19430120","+,,0","19430118",",,0","","","19430103",",,0","19430122","+,,0","-26.7",",0,19,","102",",,0,20,+","58",",,0,18,","6.1",",,0,03,","12.2",",0,22,+","1908.1","0","679.3",",0","20.1",",,,0","176",",,,0","-3.58",",0","1.93",",,,0","-9.09",",,,0"
"USC00238051","1943-02","39.97018","-91.88753","214.9","STEFFENVILLE, MO US","0.0","0","0.0",",0","4",",0","1",",0","0",",0","1",",0","1",",0","2",",0","22",",0","5",",0","1",",0","0",",0","","","19430216",",,0","19430215",",,0","19430215",",,0","","","19430203",",,0","19430209",",,0","-20.0",",0,16,","25",",,0,15,","25",",,0,15,","16.0",",,0,03,","21.7",",0,09,","2371.5","0","463.4",",0","20.0",",,,0","25",",,,0","1.78",",0","8.75",",,,0","-5.19",",,,0"
"USC00238051","1943-03","39.97018","-91.88753","214.9","STEFFENVILLE, MO US","2.5","0","2.5",",0","7",",0","6",",0","0",",0","5",",0","4",",0","3",",0","22",",0","6",",0","3",",0","0",",0","","","19430308",",,0","19430308","+,,0","19430306",",,0","","","19430319",",,0","19430330",",,0","-21.1",",0,08,","51",",,0,08,+","38",",,0,06,","13.2",",,0,19,","27.8",",0,30,","2846.5","0","475.0",",0","37.6",",,,0","113",",,,0","3.09",",0","9.85",",,,0","-3.67",",,,0"
"USC00238051","1943-04","39.97018","-91.88753","214.9","STEFFENVILLE, MO US","3.9","0","1.4",",0","13",",0","7",",0","0",",0","0",",0","0",",0","0",",0","8",",0","0",",0","11",",0","0",",0","","","19430414",",,0","19430430","+,,0","19430414",",,0","","","19430425",",,0","19430429",",,0","-3.9",",0,14,","0",",,0,30,+","0",",T,0,14,","19.6",",,0,25,","28.3",",0,29,","3039.2","0","192.7",",0","58.7",",,,0","0",",T,,0","11.95",",0","19.35",",,,0","4.56",",,,0"
"USC00238051","1943-05","39.97018","-91.88753","214.9","STEFFENVILLE, MO US","33.9","0","30.0",",0","18",",0","14",",0","3",",0","0",",0","0",",0","0",",0","0",",0","0",",0","16",",0","1",",0","","","19430501",",,0","19430531","+,,0","19430531","+,,0","","","19430520",",,0","19430505",",,0","1.1",",0,01,","0",",,0,31,+","0",",,0,31,+","47.5",",,0,20,","32.8",",0,05,","3136.1","0","96.9",",0","216.3",",,,0","0",",,,0","16.17",",0","22.04",",,,0","10.31",",,,0"
"USC00238051","1943-06","39.97018","-91.88753","214.9","STEFFENVILLE, MO US","193.4","0","159.5",",0","11",",0","10",",0","3",",0","0",",0","0",",0","0",",0","0",",0","0",",0","29",",0","10",",0","","","19430630",",,0","19430630","+,,0","19430630","+,,0","","","19430616",",,0","19430627",",,0","7.2",",0,30,","0",",,0,30,+","0",",,0,30,+","39.9",",,0,16,","35.0",",0,27,","3142.0","0","5.9",",0","151.9",",,,0","0",",,,0","23.46",",0","28.95",",,,0","17.96",",,,0"
"USC00238051","1943-07","39.97018","-91.88753","214.9","STEFFENVILLE, MO US","415.1","0","221.7",",0","8",",0","7",",0","1",",0","0",",0","0",",0","0",",0","0",",0","0",",0","31",",0","19",",0","","","19430702",",,0","19430731","+,,0","19430731","+,,0","","","19430704",",,0","19430728","+,,0","11.1",",0,02,","0",",,0,31,+","0",",,0,31,+","68.1",",,0,04,","35.6",",0,28,+","0.0","0","0.0",",0","131.1",",,,0","0",",,,0","25.48",",0","32.54",",,,0","18.43",",,,0"
"USC00238051","1943-08","39.97018","-91.88753","214.9","STEFFENVILLE, MO US","646.5","0","231.4",",0","9",",0","4",",0","0",",0","0",",0","0",",0","0",",0","0",",0","0",",0","31",",0","18",",0","","","19430818",",,0","19430831","+,,0","19430831","+,,0","","","19430808",",,0","19430824",",,0","8.3",",0,18,","0",",,0,31,+","0",",,0,31,+","12.7",",,0,08,","39.4",",0,24,","1.1","0","1.1",",0","27.5",",,,0","0",",,,0","25.76",",0","32.63",",,,0","18.89",",,,0"
"USC00238051","1943-09","39.97018","-91.88753","214.9","STEFFENVILLE, MO US","702.2","0","55.7",",0","8",",0","4",",0","0",",0","0",",0","0",",0","0",",0","0",",0","0",",0","24",",0","4",",0","","","19430926","+,,0","19430930","+,,0","19430930","+,,0","","","19430922",",,0","19430905","+,,0","2.8",",0,26,+","0",",,0,30,+","0",",,0,30,+","21.3",",,0,22,","35.0",",0,05,+","57.4","0","56.3",",0","60.1",",,,0","0",",,,0","18.31",",0","25.56",",,,0","11.07",",,,0"
"USC00238051","1943-10","39.97018","-91.88753","214.9","STEFFENVILLE, MO US","708.6","0","6.4",",0","4","2,0","4","2,0","1","2,0","0",",0","0",",0","0",",0","4",",0","0",",0","16",",0","0",",0","","","19431017",",,0","19431031","+,,0","19431031","+,,0","","","19431021",",2,0","19431010",",,0","-3.9",",0,17,","0",",,0,31,+","0",",,0,31,+","32.5","2,,0,21,","28.9",",0,10,","226.7","0","169.3",",0","73.7",",a,,0","0",",,,0","13.08",",0","19.94",",,,0","6.22",",,,0"
"USC00238051","1943-11","39.97018","-91.88753","214.9","STEFFENVILLE, MO US","708.6","0","0.0",",0","1","2,0","0","2,0","0","2,0","1",",0","1",",0","0",",0","21",",0","0",",0","1",",0","0",",0","","","19431116",",,0","19431108",",,0","19431108",",,0","","","19431108",",2,0","19431118",",,0","-10.6",",0,16,","25",",,0,08,","25",",,0,08,","0.5","2,,0,08,","21.1",",0,18,","664.0","0","437.3",",0","31.0",",a,,0","25",",,,0","3.76",",0","9.79",",,,0","-2.27",",,,0"
"USC00238051","1943-12","39.97018","-91.88753","214.9","STEFFENVILLE, MO US","708.6","0","0.0",",0","5",",0","4",",0","0",",0","21",",0","3",",0","5",",0","29",",0","11",",0","0",",0","0",",0","","","19431216",",,0","19431210",",,0","19431210",",,0","","","19431210",",,0","19431204",",,0","-25.6",",0,16,","152",",,0,10,","191",",,0,10,","18.5",",,0,10,","16.7",",0,04,","1327.6","0","663.6",",0","46.8",",,,0","359",",,,0","-3.07",",0","2.42",",,,0","-8.57",",,,0"
"USC00238051","1944-01","39.97018","-91.88753","214.9","STEFFENVILLE, MO US","0.0","0","0.0",",0","3",",0","1",",0","0",",0","18",",0","0",",0","1",",0","27",",0","7",",0","0",",0","0",",0","","","19440113",",,0","19440101",",,0","19440131","+,,0","","","19440125",",,0","19440127",",,0","-17.8",",0,13,","102",",,0,01,","0",",,0,31,+","5.8",",,0,25,","16.7",",0,27,","1912.8","0","585.2",",0","7.9",",,,0","0",",,,0","-0.54",",0","4.95",",,,0","-6.04",",,,0"
"USC00238051","1944-02","39.97018","-91.88753","214.9","STEFFENVILLE, MO US","0.0","0","0.0",",0","7",",0","4",",0","0",",0","12",",0","3",",0","3",",0","21",",0","5",",0","0",",0","0",",0","","","19440212",",,0","19440210",",,0","19440210",",,0","","","19440226","+,,0","19440225","+,,0","-26.1",",0,12,","203",",,0,10,","191",",,0,10,","19.1",",,0,26,+","16.1",",0,25,+","2433.5","0","520.7",",0","57.6",",,,0","305",",,,0","0.38",",0","6.13",",,,0","-5.37",",,,0"
"USC00238051","1944-03","39.97018","-91.88753","214.9","STEFFENVILLE, MO US","0.0","0","0.0",",0","14",",0","9",",0","1",",0","0",",0","2",",0","0",",0","22",",0","3",",0","0",",0","0",",0","","","19440309",",,0","19440325",",,0","19440325",",,0","","","19440315",",,0","19440314",",,0","-11.1",",0,09,","0",",T,0,25,","51",",,0,25,","68.1",",,0,15,","20.6",",0,14,","2910.3","0","476.8",",0","135.0",",,,0","76",",,,0","2.95",",0","8.13",",,,0","-2.23",",,,0"
"USC00238051","1944-04","39.97018","-91.88753","214.9","STEFFENVILLE, MO US","0.0","0","0.0",",0","17",",0","10",",0","4",",0","0",",0","0",",0","0",",0","7",",0","0",",0","4",",0","0",",0","","","19440405",",,0","19440430","+,,0","19440430","+,,0","","","19440410",",,0","19440430",",,0","-5.6",",0,05,","0",",,0,30,+","0",",,0,30,+","46.5",",,0,10,","23.9",",0,30,","3182.5","0","272.2",",0","207.9",",,,0","0",",,,0","9.26",",0","14.78",",,,0","3.74",",,,0"
"USC00238051","1944-05","39.97018","-91.88753","214.9","STEFFENVILLE, MO US","109.9","0","109.9",",0","15",",0","6",",0","1",",0","0",",0","0",",0","0",",0","0",",0","0",",0","25",",0","2",",0","","","19440506",",,0","19440531","+,,0","19440506","+,,0","","","19440521",",,0","19440520",",,0","0.6",",0,06,","0",",,0,31,+","0",",T,0,06,+","34.3",",,0,21,","36.1",",0,20,","3243.0","0","60.5",",0","79.1",",,,0","0",",T,,0","19.93",",0","26.00",",,,0","13.85",",,,0"
"USC00238051","1944-06","39.97018","-91.88753","214.9","STEFFENVILLE, MO US","307.7","0","197.8",",0","7",",0","2",",0","0",",0","0",",0","0",",0","0",",0","0",",0","0",",0","29",",0","15",",0","","","19440620",",,0","19440630","+,,0","19440630","+,,0","","","19440608",",,0","19440627",",,0","8.3",",0,20,","0",",,0,30,+","0",",,0,30,+","8.4",",,0,08,","37.8",",0,27,","3250.5","0","7.5",",0","17.7",",,,0","0",",,,0","24.68",",0","31.30",",,,0","18.06",",,,0"
"USC00238051","1944-07","39.97018","-91.88753","214.9","STEFFENVILLE, MO US","526.5","0","218.8",",0","5","2,0","2","2,0","0","2,0","0",",0","0",",0","0",",0","0",",0","0",",0","31",",0","27",",0","","","19440721",",,0","19440731","+,,0","19440731","+,,0","","","19440719",",2,0","19440710",",,0","8.9",",0,21,","0",",,0,31,+","0",",,0,31,+","14.0","2,,0,19,","38.3",",0,10,","0.0","0","0.0",",0","36.2",",a,,0","0",",,,0","25.39",",0","33.71",",,,0","17.08",",,,0"
"USC00238051","1944-08","39.97018","-91.88753","214.9","STEFFENVILLE, MO US","708.3","0","181.8",",0","11",",0","10",",0","2",",0","0",",0","0",",0","0",",0","0",",0","0",",0","29",",0","17",",0","","","19440826",",,0","19440831","+,,0","19440831","+,,0","","","19440826",",,0","19440815","+,,0","11.7",",0,26,","0",",,0,31,+","0",",,0,31,+","40.4",",,0,26,","36.1",",0,15,+","8.0","0","8.0",",0","141.6",",,,0","0",",,,0","23.94",",0","30.56",",,,0","17.31",",,,0"
"USC00238051","1944-09","39.97018","-91.88753","214.9","STEFFENVILLE, MO US","786.3","0","78.0",",0","7",",0","4",",0","1",",0","0",",0","0",",0","0",",0","0",",0","0",",0","28",",0","3",",0","","","19440907",",,0","19440930","+,,0","19440930","+,,0","","","19440928",",,0","19440918",",,0","6.7",",0,07,","0",",,0,30,+","0",",,0,30,+","33.5",",,0,28,","35.6",",0,18,","29.6","0","21.6",",0","64.9",",,,0","0",",,,0","20.21",",0","26.54",",,,0","13.89",",,,0"
"USC00238051","1944-10","39.97018","-91.88753","214.9","STEFFENVILLE, MO US","793.0","0","6.7",",0","5",",0","3",",0","1",",0","0",",0","0",",0","0",",0","1",",0","0",",0","15",",0","0",",0","","","19441012",",,0","19441031","+,,0","19441031","+,,0","","","19441002",",,0","19441006",",,0","0.0",",0,12,","0",",,0,31,+","0",",,0,31,+","58.9",",,0,02,","27.2",",0,06,","175.5","0","145.9",",0","77.7",",,,0","0",",,,0","13.84",",0","20.72",",,,0","6.97",",,,0"
"USC00238051","1944-11","39.97018","-91.88753","214.9","STEFFENVILLE, MO US","796.3","0","3.3",",0","11",",0","6",",0","1",",0","0",",0","0",",0","0",",0","8",",0","1",",0","5",",0","0",",0","","","19441130",",,0","19441130","+,,0","19441129",",,0","","","19441103",",,0","19441101",",,0","-10.6",",0,30,","0",",T,0,30,+","10",",,0,29,","37.8",",,0,03,","26.1",",0,01,","516.7","0","341.2",",0","86.6",",,,0","15",",,,0","7.07",",0","10.88",",,,0","3.25",",,,0"
"USC00238051","1944-12","39.97018","-91.88753","214.9","STEFFENVILLE, MO US","796.3","0","0.0",",0","8",",0","3",",0","0",",0","22",",0","2",",0","1",",0","30",",0","13",",0","0",",0","0",",0","","","19441226",",,0","19441211","+,,0","19441210",",,0","","","19441205",",,0","19441220","+,,0","-20.6",",0,26,","152",",,0,11,+","140",",,0,10,","13.2",",,0,05,","5.6",",0,20,+","1203.0","0","686.3",",0","33.3",",,,0","227",",,,0","-3.80",",0","0.26",",,,0","-7.87",",,,0"
"USC00238051","1945-01","39.97018","-91.88753","214.9","STEFFENVILLE, MO US","0.0","0","0.0",",0","8",",0","5",",0","0",",0","29",",0","5",",0","4",",0","30",",0","18",",0","0",",0","0",",0","","","19450109",",,0","19450121","+,,0","19450121",",,0","","","19450114",",,0","19450112",",,0","-23.3",",0,09,","102",",,0,21,+","94",",,0,21,","6.9",",,0,14,","7.2",",0,12,","1917.5","0","714.5",",0","28.1",",,,0","343",",,,0","-4.71",",0","-0.59",",,,0","-8.84",",,,0"
"USC00238051","1945-02","39.97018","-91.88753","214.9","STEFFENVILLE, MO US","0.0","0","0.0",",0","8",",0","3",",0","0",",0","8",",0","1",",0","1",",0","25",",0","7",",0","0",",0","0",",0","","","19450201",",,0","19450202",",,0","19450202",",,0","","","19450221",",,0","19450214",",,0","-22.2",",0,01,","76",",,0,02,","25",",,0,02,","13.5",",,0,21,","16.1",",0,14,","2431.7","0","514.2",",0","25.6",",,,0","66",",,,0","-0.03",",0","4.56",",,,0","-4.62",",,,0"
"USC00238051","1945-03","39.97018","-91.88753","214.9","STEFFENVILLE, MO US","2.6","0","2.6",",0","9",",0","7",",0","1",",0","2",",0","1",",0","0",",0","11",",0","0",",0","11",",0","0",",0","","","19450307",",,0","19450306",",,0","19450306",",,0","","","19450325",",,0","19450316",",,0","-12.8",",0,07,","51",",,0,06,","51",",,0,06,","37.6",",,0,25,","28.3",",0,16,","2684.2","0","252.5",",0","108.6",",,,0","51",",,,0","10.27",",0","16.83",",,,0","3.72",",,,0"
"USC00238051","1945-04","39.97018","-91.88753","214.9","STEFFENVILLE, MO US","4.8","0","2.2",",0","14",",0","10",",0","1",",0","0",",0","0",",0","0",",0","2",",0","0",",0","8",",0","0",",0","","","19450405",",,0","19450430","+,,0","19450430","+,,0","","","19450413",",,0","19450410",",,0","-1.7",",0,05,","0",",,0,30,+","0",",,0,30,+","33.5",",,0,13,","26.1",",0,10,","2871.9","0","187.7",",0","144.5",",,,0","0",",,,0","12.15",",0","18.29",",,,0","6.01",",,,0"
"USC00238051","1945-05","39.97018","-91.88753","214.9","STEFFENVILLE, MO US","30.7","0","25.9",",0","12",",0","8",",0","1",",0","0",",0","0",",0","0",",0","0",",0","0",",0","18",",0","0",",0","","","19450509",",,0","19450531","+,,0","19450531","+,,0","","","19450516",",,0","19450531","+,,0","1.7",",0,09,","0",",,0,31,+","0",",,0,31,+","29.2",",,0,16,","30.0",",0,31,+","3011.0","0","139.1",",0","98.3",",,,0","0",",,,0","14.68",",0","20.68",",,,0","8.68",",,,0"
"USC00238051","1945-06","39.97018","-91.88753","214.9","STEFFENVILLE, MO US","102.9","0","72.2",",0","16",",0","15",",0","3",",0","0",",0","0",",0","0",",0","0",",0","0",",0","26",",0","1",",0","","","19450604","+,,0","19450630","+,,0","19450630","+,,0","","","19450607",",,0","19450628",",,0","7.2",",0,04,+","0",",,0,30,+","0",",,0,30,+","50.3",",,0,07,","32.2",",0,28,","3036.4","0","25.4",",0","234.7",",,,0","0",",,,0","19.90",",0","25.22",",,,0","14.57",",,,0"
"USC00238051","1945-07","39.97018","-91.88753","214.9","STEFFENVILLE, MO US","261.0","0","158.1",",0","5",",0","3",",0","0",",0","0",",0","0",",0","0",",0","0",",0","0",",0","31",",0","10",",0","","","19450711",",,0","19450731","+,,0","19450731","+,,0","","","19450701",",,0","19450724",",,0","9.4",",0,11,","0",",,0,31,+","0",",,0,31,+","7.6",",,0,01,","37.8",",0,24,","0.6","0","0.6",",0","15.0",",,,0","0",",,,0","23.41",",0","30.66",",,,0","16.17",",,,0"
"USC00238051","1945-08","39.97018","-91.88753","214.9","STEFFENVILLE, MO US","445.0","0","184.0",",0","7",",0","5",",0","0",",0","0",",0","0",",0","0",",0","0",",0","0",",0","31",",0","15",",0","","","19450826","+,,0","19450831","+,,0","19450831","+,,0","","","19450811",",,0","19450801",",,0","9.4",",0,26,+","0",",,0,31,+","0",",,0,31,+","15.2",",,0,11,","37.8",",0,01,","0.6","0","0.0",",0","53.6",",,,0","0",",,,0","24.27",",0","31.54",",,,0","17.00",",,,0"
"USC00238051","1945-09","39.97018","-91.88753","214.9","STEFFENVILLE, MO US","530.0","0","85.0",",0","15",",0","15",",0","3",",0","0",",0","0",",0","0",",0","0",",0","0",",0","25",",0","7",",0","","","19450929",",,0","19450930","+,,0","19450930","+,,0","","","19450914",",,0","19450906","+,,0","5.0",",0,29,","0",",,0,30,+","0",",,0,30,+","48.5",",,0,14,","36.7",",0,06,+","46.3","0","45.7",",0","241.6",",,,0","0",",,,0","19.65",",0","26.02",",,,0","13.27",",,,0"
"USC00238051","1945-10","39.97018","-91.88753","214.9","STEFFENVILLE, MO US","532.2","0","2.2",",0","7",",0","3",",0","0",",0","0",",0","0",",0","0",",0","5",",0","0",",0","12",",0","0",",0","","","19451009",",,0","19451031","+,,0","19451031","+,,0","","","19451001",",,0","19451017",",,0","-2.2",",0,09,","0",",,0,31,+","0",",,0,31,+","17.3",",,0,01,","27.2",",0,17,","228.8","0","182.5",",0","30.2",",,,0","0",",,,0","12.52",",0","19.29",",,,0","5.75",",,,0"
"USC00238051","1945-11","39.97018","-91.88753","214.9","STEFFENVILLE, MO US","532.2","0","0.0",",0","5",",0","3",",0","0",",0","0",",0","0",",0","0",",0","18",",0","2",",0","6",",0","0",",0","","","19451122",",,0","19451122","+,,0","19451121",",,0","","","19451112",",,0","19451107",",,0","-9.4",",0,22,","0",",T,0,22,+","8",",,0,21,","14.5",",,0,12,","25.6",",0,07,","599.8","0","371.0",",0","28.0",",,,0","8",",,,0","5.97",",0","11.71",",,,0","0.22",",,,0"
"USC00238051","1945-12","39.97018","-91.88753","214.9","STEFFENVILLE, MO US","532.2","0","0.0",",0","11",",0","5",",0","0",",0","20",",0","4",",0","6",",0","29",",0","19",",0","0",",0","0",",0","","","19451217",",,0","19451220","+,,0","19451218",",,0","","","19451201",",,0","19451207",",,0","-21.1",",0,17,","152",",,0,20,+","102",",,0,18,","18.3",",,0,01,","13.3",",0,07,","1325.6","0","725.8",",0","54.0",",,,0","286",",,,0","-5.08",",0","-0.70",",,,0","-9.46",",,,0"
"USC00238051","1946-01","39.97018","-91.88753","214.9","STEFFENVILLE, MO US","0.0","0","0.0",",0","7",",0","5",",0","1",",0","3",",0","1",",0","1",",0","29",",0","4",",0","0",",0","0",",0","","","19460101",",,0","19460103","+,,0","19460111",",,0","","","19460105",",,0","19460105",",,0","-17.8",",0,01,","25",",,0,03,+","25",",,0,11,","26.7",",,0,05,","12.8",",0,05,","1921.1","0","595.5",",0","80.2",",,,0","30",",,,0","-0.88",",0","4.26",",,,0","-6.02",",,,0"
"USC00238051","1946-02","39.97018","-91.88753","214.9","STEFFENVILLE, MO US","0.0","0","0.0",",0","5",",0","2",",0","0",",0","3",",0","1",",0","1",",0","25",",0","1",",0","0",",0","0",",0","","","19460215",",,0","19460215","+,,0","19460213",",,0","","","19460219",",,0","19460225",",,0","-17.8",",0,15,","51",",,0,15,+","51",",,0,13,","5.3",",,0,19,","20.6",",0,25,","2370.1","0","449.0",",0","12.4",",,,0","77",",,,0","2.30",",0","8.71",",,,0","-4.11",",,,0"
"USC00238051","1946-03","39.97018","-91.88753","214.9","STEFFENVILLE, MO US","0.0","0","0.0",",0","13",",0","9",",0","1",",0","0",",0","0",",0","0",",0","6",",0","0",",0","14",",0","0",",0","","","19460309",",,0","19460331","+,,0","19460310",",,0","","","19460323",",,0","19460331","+,,0","-7.2",",0,09,","0",",,0,31,+","5",",,0,10,","35.1",",,0,23,","26.1",",0,31,+","2560.5","0","190.4",",0","101.7",",,,0","5",",,,0","12.19",",0","18.84",",,,0","5.55",",,,0"
"USC00238051","1946-04","39.97018","-91.88753","214.9","STEFFENVILLE, MO US","8.9","0","8.9",",0","10",",0","5",",0","1",",0","0",",0","0",",0","0",",0","1",",0","0",",0","10",",0","0",",0","","","19460412",",,0","19460430","+,,0","19460411",",,0","","","19460415",",,0","19460401",",,0","-1.1",",0,12,","0",",,0,30,+","0",",T,0,11,","26.4",",,0,15,","28.3",",0,01,","2716.5","0","156.0",",0","77.9",",,,0","0",",T,,0","13.43",",0","19.62",",,,0","7.24",",,,0"
"USC00238051","1946-05","39.97018","-91.88753","214.9","STEFFENVILLE, MO US","16.7","0","7.8",",0","15",",0","8",",0","1",",0","0",",0","0",",0","0",",0","0",",0","0",",0","17",",0","0",",0","","","19460511",",,0","19460531","+,,0","19460531","+,,0","","","19460503",",,0","19460530",",,0","2.2",",0,11,","0",",,0,31,+","0",",,0,31,+","42.2",",,0,03,","27.2",",0,30,","2818.1","0","101.6",",0","141.0",",,,0","0",",,,0","15.31",",0","21.02",",,,0","9.59",",,,0"
"USC00238051","1946-06","39.97018","-91.88753","214.9","STEFFENVILLE, MO US","164.3","0","147.6",",0","10",",0","5",",0","1",",0","0",",0","0",",0","0",",0","0",",0","0",",0","28",",0","9",",0","","","19460603",",,0","19460630","+,,0","19460630","+,,0","","","19460613",",,0","19460627","+,,0","5.6",",0,03,","0",",,0,30,+","0",",,0,30,+","25.4",",,0,13,","33.3",",0,27,+","2836.6","0","18.5",",0","77.0",",,,0","0",",,,0","22.64",",0","29.08",",,,0","16.19",",,,0"
"USC00238051","1946-07","39.97018","-91.88753","214.9","STEFFENVILLE, MO US","390.5","0","226.2",",0","5",",0","4",",0","0",",0","0",",0","0",",0","0",",0","0",",0","0",",0","31",",0","21",",0","","","19460704",",,0","19460731","+,,0","19460731","+,,0","","","19460717",",,0","19460723","+,,0","11.1",",0,04,","0",",,0,31,+","0",",,0,31,+","12.7",",,0,17,","37.8",",0,23,+","0.0","0","0.0",",0","26.3",",,,0","0",",,,0","25.63",",0","33.29",",,,0","17.97",",,,0"
"USC00238051","1946-08","39.97018","-91.88753","214.9","STEFFENVILLE, MO US","509.6","0","119.1",",0","14",",0","11",",0","2",",0","0",",0","0",",0","0",",0","0",",0","0",",0","28",",0","4",",0","","","19460830","+,,0","19460831","+,,0","19460831","+,,0","","","19460802",",,0","19460801",",,0","8.9",",0,30,+","0",",,0,31,+","0",",,0,31,+","40.4",",,0,02,","36.7",",0,01,","6.9","0","6.9",",0","162.7",",,,0","0",",,,0","21.95",",0","27.66",",,,0","16.24",",,,0"
"USC00238051","1946-09","39.97018","-91.88753","214.9","STEFFENVILLE, MO US","578.0","0","68.4",",0","5",",0","3",",0","1",",0","0",",0","0",",0","0",",0","0",",0","0",",0","27",",0","2",",0","","","19460930",",,0","19460930","+,,0","19460930","+,,0","","","19460923",",,0","19460908","+,,0","1.7",",0,30,","0",",,0,30,+","0",",,0,30,+","33.3",",,0,23,","32.2",",0,08,+","39.0","0","32.1",",0","66.4",",,,0","0",",,,0","19.54",",0","27.01",",,,0","12.08",",,,0"
"USC00238051","1946-10","39.97018","-91.88753","214.9","STEFFENVILLE, MO US","594.7","0","16.7",",0","9",",0","7",",0","1",",0","0",",0","0",",0","0",",0","1",",0","0",",0","22",",0","0",",0","","","19461012",",,0","19461031","+,,0","19461031","+,,0","","","19461017",",,0","19461007",",,0","-1.1",",0,12,","0",",,0,31,+","0",",,0,31,+","59.9",",,0,17,","30.6",",0,07,","147.5","0","108.5",",0","111.8",",,,0","0",",,,0","15.37",",0","22.49",",,,0","8.25",",,,0"
"USC00238051","1946-11","39.97018","-91.88753","214.9","STEFFENVILLE, MO US","594.7","0","0.0",",0","9",",0","8",",0","0",",0","0",",0","0",",0","0",",0","14",",0","0",",0","0",",0","0",",0","","","19461117",",,0","19461130","+,,0","19461130","+,,0","","","19461103",",,0","19461103",",,0","-7.8",",0,17,","0",",,0,30,+","0",",,0,30,+","17.8",",,0,03,","20.0",",0,03,","492.2","0","344.7",",0","67.5",",,,0","0",",,,0","6.84",",0","12.72",",,,0","0.96",",,,0"
"USC00238051","1946-12","39.97018","-91.88753","214.9","STEFFENVILLE, MO US","594.7","0","0.0",",0","5",",0","3",",0","1",",0","2",",0","1",",0","0",",0","24",",0","6",",0","1",",0","0",",0","","","19461231",",,0","19461230","+,,0","19461229",",,0","","","19461212",",,0","19461227",",,0","-16.7",",0,31,","25",",,0,30,+","25",",,0,29,","43.7",",,0,12,","21.1",",0,27,","979.3","0","487.1",",0","53.9",",,,0","28",",,,0","2.62",",0","8.29",",,,0","-3.05",",,,0"
"USC00238051","1947-01","39.97018","-91.88753","214.9","STEFFENVILLE, MO US","0.0","0","0.0",",0","8",",0","3",",0","0",",0","8",",0","2",",0","3",",0","25",",0","8",",0","0",",0","0",",0","","","19470104",",,0","19470106","+,,0","19470103","+,,0","","","19470130",",,0","19470126","+,,0","-25.6",",0,04,","102",",,0,06,+","51",",,0,03,+","12.4",",,0,30,","13.3",",0,26,+","1567.4","0","588.1",",0","31.8",",,,0","102",",,,0","-0.64",",0","4.24",",,,0","-5.52",",,,0"
"USC00238051","1947-02","39.97018","-91.88753","214.9","STEFFENVILLE, MO US","0.0","0","0.0",",0","2",",0","1",",0","0",",0","1",",0","1",",0","0",",0","27",",0","13",",0","0",",0","0",",0","","","19470207",",,0","19470228",",,0","19470228",",,0","","","19470228",",,0","19470214",",,0","-17.2",",0,07,","51",",,0,28,","58",",,0,28,","3.0",",,0,28,","12.8",",0,14,","2183.1","0","615.7",",0","3.3",",,,0","71",",,,0","-3.66",",0","1.63",",,,0","-8.94",",,,0"
"USC00238051","1947-03","39.97018","-91.88753","214.9","STEFFENVILLE, MO US","0.0","0","0.0",",0","13",",0","5",",0","0",",0","5",",0","5",",0","0",",0","25",",0","4",",0","0",",0","0",",0","","","19470303",",,0","19470301",",,0","19470324","+,,0","","","19470313",",,0","19470322",",,0","-16.1",",0,03,","102",",,0,01,","76",",,0,24,+","22.6",",,0,13,","20.6",",0,22,","2709.7","0","526.6",",0","58.8",",,,0","318",",,,0","1.35",",0","6.22",",,,0","-3.53",",,,0"
"USC00238051","1947-04","39.97018","-91.88753","214.9","STEFFENVILLE, MO US","3.4","0","3.4",",0","13","2,0","11","2,0","1","2,0","0",",0","0",",0","0",",0","1",",0","0",",0","8",",0","0",",0","","","19470407",",,0","19470430","+,,0","19470416",",,0","","","19470405",",2,0","19470430","+,,0","-1.1",",0,07,","0",",,0,30,+","0",",T,0,16,","63.2","2,,0,05,","26.7",",0,30,+","2930.4","0","220.7",",0","151.8",",a,,0","0",",T,,0","11.09",",0","17.03",",,,0","5.15",",,,0"
"USC00238051","1947-05","39.97018","-91.88753","214.9","STEFFENVILLE, MO US","13.9","0","10.5",",0","14","2,0","11","2,0","2","2,0","0",",0","0",",0","0",",0","1",",0","0",",0","20",",0","0",",0","","","19470509",",,0","19470531","+,,0","19470531","+,,0","","","19470520",",2,0","19470514",",,0","0.0",",0,09,","0",",,0,31,+","0",",,0,31,+","71.1","2,,0,20,","30.0",",0,14,","3039.7","0","109.3",",0","177.0",",a,,0","0",",,,0","15.15",",0","21.66",",,,0","8.63",",,,0"
"USC00238051","1947-06","39.97018","-91.88753","214.9","STEFFENVILLE, MO US","110.1","0","96.2",",0","14",",0","11",",0","3",",0","0",",0","0",",0","0",",0","0",",0","0",",0","29",",0","1",",0","","","19470614",",,0","19470630","+,,0","19470630","+,,0","","","19470606",",,0","19470628",",,0","7.8",",0,14,","0",",,0,30,+","0",",,0,30,+","52.8",",,0,06,","32.2",",0,28,","3049.4","0","9.7",",0","274.3",",,,0","0",",,,0","21.22",",0","26.87",",,,0","15.56",",,,0"
"USC00238051","1947-07","39.97018","-91.88753","214.9","STEFFENVILLE, MO US","270.1","0","160.0",",0","6",",0","2",",0","0",",0","0",",0","0",",0","0",",0","0",",0","0",",0","31",",0","11",",0","","","19470722",",,0","19470731","+,,0","19470731","+,,0","","","19470727",",,0","19470730",",,0","7.2",",0,22,","0",",,0,31,+","0",",,0,31,+","9.9",",,0,27,","37.2",",0,30,","1.6","0","1.6",",0","22.0",",,,0","0",",,,0","23.44",",0","30.04",",,,0","16.85",",,,0"
"USC00238051","1947-08","39.97018","-91.88753","214.9","STEFFENVILLE, MO US","600.6","0","330.5",",0","6",",0","2",",0","0",",0","0",",0","0",",0","0",",0","0",",0","0",",0","31",",0","30",",0","","","19470801",",,0","19470831","+,,0","19470831","+,,0","","","19470820",",,0","19470830","+,,0","15.6",",0,01,","0",",,0,31,+","0",",,0,31,+","6.9",",,0,20,","40.0",",0,30,+","1.6","0","0.0",",0","14.8",",,,0","0",",,,0","29.00",",0","36.69",",,,0","21.30",",,,0"
"USC00238051","1947-09","39.97018","-91.88753","214.9","STEFFENVILLE, MO US","746.5","0","145.9",",0","5",",0","2",",0","1",",0","0",",0","0",",0","0",",0","0",",0","0",",0","26",",0","14",",0","","","19470930","+,,0","19470930","+,,0","19470930","+,,0","","","19470921",",,0","19470908",",,0","3.9",",0,30,+","0",",,0,30,+","0",",,0,30,+","130.3",",,0,21,","40.0",",0,08,","37.2","0","35.6",",0","142.0",",,,0","0",",,,0","22.01",",0","29.62",",,,0","14.40",",,,0"
"USC00238051","1947-10","39.97018","-91.88753","214.9","STEFFENVILLE, MO US","782.3","0","35.8",",0","8",",0","6",",0","1",",0","0",",0","0",",0","0",",0","0",",0","0",",0","23",",0","0",",0","","","19471011","+,,0","19471031","+,,0","19471031","+,,0","","","19471031",",,0","19471014",",,0","5.6",",0,11,+","0",",,0,31,+","0",",,0,31,+","30.7",",,0,31,","30.6",",0,14,","102.5","0","65.3",",0","108.9",",,,0","0",",,,0","17.38",",0","23.82",",,,0","10.94",",,,0"
"USC00238051","1947-11","39.97018","-91.88753","214.9","STEFFENVILLE, MO US","782.3","0","0.0",",0","9",",0","7",",0","0",",0","1",",0","1",",0","0",",0","21",",0","0",",0","0",",0","0",",0","","","19471130",",,0","19471124",",,0","19471124",",,0","","","19471115",",,0","19471104",",,0","-12.2",",0,30,","25",",,0,24,","38",",,0,24,","18.0",",,0,15,","17.8",",0,04,","552.2","0","449.7",",0","60.7",",,,0","38",",,,0","3.34",",0","7.66",",,,0","-0.98",",,,0"
"USC00238051","1947-12","39.97018","-91.88753","214.9","STEFFENVILLE, MO US","782.3","0","0.0",",0","5",",0","5",",0","1",",0","4",",0","1",",0","0",",0","27",",0","4",",0","0",",0","0",",0","","","19471213",",,0","19471212","+,,0","19471210",",,0","","","19471204",",,0","19471207",",,0","-11.1",",0,13,","51",",,0,12,+","69",",,0,10,","25.4",",,0,04,","17.8",",0,07,","1075.6","0","523.4",",0","70.1",",,,0","69",",,,0","1.45",",0","6.50",",,,0","-3.60",",,,0"
"USC00238051","1948-01","39.97018","-91.88753","214.9","STEFFENVILLE, MO US","0.0","0","0.0",",0","4",",0","1",",0","1",",0","11",",0","3",",0","5",",0","31",",0","17",",0","0",",0","0",",0","","","19480128",",,0","19480103","+,,0","19480101",",,0","","","19480101",",,0","19480108",",,0","-23.9",",0,28,","127",",,0,03,+","127",",,0,01,","40.6",",,0,01,","10.0",",0,08,","1810.5","0","734.9",",0","44.2",",,,0","198",",,,0","-5.37",",0","-0.20",",,,0","-10.55",",,,0"
"USC00238051","1948-02","39.97018","-91.88753","214.9","STEFFENVILLE, MO US","0.0","0","0.0",",0","10",",0","4",",0","1",",0","12",",0","3",",0","2",",0","24",",0","13",",0","0",",0","0",",0","","","19480208",",,0","19480213",",,0","19480213","+,,0","","","19480227",",,0","19480218",",,0","-19.4",",0,08,","102",",,0,13,","64",",,0,13,+","29.0",",,0,27,","17.8",",0,18,","2389.1","0","578.6",",0","45.9",",,,0","187",",,,0","-1.62",",0","3.93",",,,0","-7.17",",,,0"
"USC00238051","1948-03","39.97018","-91.88753","214.9","STEFFENVILLE, MO US","0.0","0","0.0",",0","13",",0","10",",0","1",",0","5",",0","3",",0","2",",0","17",",0","7",",0","5",",0","0",",0","","","19480312",",,0","19480312","+,,0","19480302",",,0","","","19480319",",,0","19480320",",,0","-22.2",",0,12,","51",",,0,12,+","51",",,0,02,","40.1",",,0,19,","25.6",",0,20,","2831.9","0","442.8",",0","128.7",",,,0","117",",,,0","4.05",",0","9.64",",,,0","-1.54",",,,0"
"USC00238051","1948-04","39.97018","-91.88753","214.9","STEFFENVILLE, MO US","20.2","0","20.2",",0","9",",0","6",",0","1",",0","0",",0","0",",0","0",",0","4",",0","0",",0","14",",0","0",",0","","","19480409","+,,0","19480430","+,,0","19480430","+,,0","","","19480407",",,0","19480418",",,0","-1.7",",0,09,+","0",",,0,30,+","0",",,0,30,+","31.8",",,0,07,","29.4",",0,18,","2973.7","0","141.8",",0","62.6",",,,0","0",",,,0","14.28",",0","20.46",",,,0","8.10",",,,0"
"USC00238051","1948-05","39.97018","-91.88753","214.9","STEFFENVILLE, MO US","38.6","0","18.4",",0","10",",0","5",",0","0",",0","0",",0","0",",0","0",",0","0",",0","0",",0","23",",0","0",",0","","","19480503",",,0","19480531","+,,0","19480531","+,,0","","","19480510",",,0","19480528",",,0","3.9",",0,03,","0",",,0,31,+","0",",,0,31,+","16.0",",,0,10,","30.0",",0,28,","3043.7","0","70.0",",0","52.3",",,,0","0",",,,0","16.67",",0","23.53",",,,0","9.80",",,,0"
"USC00238051","1948-06","39.97018","-91.88753","214.9","STEFFENVILLE, MO US","148.6","0","110.0",",0","16",",0","8",",0","0",",0","0",",0","0",",0","0",",0","0",",0","0",",0","30",",0","4",",0","","","19480609","+,,0","19480630","+,,0","19480630","+,,0","","","19480621",",,0","19480611",",,0","10.6",",0,09,+","0",",,0,30,+","0",",,0,30,+","22.9",",,0,21,","35.0",",0,11,","3045.1","0","1.4",",0","77.4",",,,0","0",",,,0","21.96",",0","28.61",",,,0","15.30",",,,0"
"USC00238051","1948-07","39.97018","-91.88753","214.9","STEFFENVILLE, MO US","337.9","0","189.3",",0","12",",0","11",",0","3",",0","0",",0","0",",0","0",",0","0",",0","0",",0","31",",0","6",",0","","","19480701",",,0","19480731","+,,0","19480731","+,,0","","","19480705",",,0","19480706",",,0","11.7",",0,01,","0",",,0,31,+","0",",,0,31,+","60.2",",,0,05,","35.6",",0,06,","0.0","0","0.0",",0","210.6",",,,0","0",",,,0","24.44",",0","30.31",",,,0","18.56",",,,0"
"USC00238051","1948-08","39.97018","-91.88753","214.9","STEFFENVILLE, MO US","518.5","0","180.6",",0","8",",0","4",",0","0",",0","0",",0","0",",0","0",",0","0",",0","0",",0","31",",0","15",",0","","","19480805",",,0","19480831","+,,0","19480831","+,,0","","","19480830",",,0","19480823","+,,0","9.4",",0,05,","0",",,0,31,+","0",",,0,31,+","22.1",",,0,30,","36.7",",0,23,+","1.1","0","1.1",",0","64.5",",,,0","0",",,,0","24.12",",0","31.06",",,,0","17.19",",,,0"
"USC00238051","1948-09","39.97018","-91.88753","214.9","STEFFENVILLE, MO US","619.6","0","101.1",",0","5",",0","4",",0","0",",0","0",",0","0",",0","0",",0","0",",0","0",",0","29",",0","4",",0","","","19480927","+,,0","19480930","+,,0","19480930","+,,0","","","19480908",",,0","19480920","+,,0","7.2",",0,27,+","0",",,0,30,+","0",",,0,30,+","24.9",",,0,08,","34.4",",0,20,+","19.5","0","18.4",",0","52.6",",,,0","0",",,,0","21.09",",0","27.90",",,,0","14.28",",,,0"
"USC00238051","1948-10","39.97018","-91.88753","214.9","STEFFENVILLE, MO US","619.9","0","0.3",",0","8",",0","3",",0","1",",0","0",",0","0",",0","0",",0","5",",0","0",",0","15",",0","0",",0","","","19481018",",,0","19481031","+,,0","19481031","+,,0","","","19481007",",,0","19481001",",,0","-5.0",",0,18,","0",",,0,31,+","0",",,0,31,+","26.7",",,0,07,","26.7",",0,01,","208.4","0","188.9",",0","49.2",",,,0","0",",,,0","12.25",",0","19.87",",,,0","4.62",",,,0"
"USC00238051","1948-11","39.97018","-91.88753","214.9","STEFFENVILLE, MO US","619.9","0","0.0",",0","7",",0","5",",0","0",",0","0",",0","0",",0","0",",0","15",",0","0",",0","2",",0","0",",0","","","19481129",",,0","19481130","+,,0","19481120","+,,0","","","19481119",",,0","19481104",",,0","-8.3",",0,29,","0",",,0,30,+","0",",T,0,20,+","13.7",",,0,19,","21.7",",0,04,","551.4","0","343.0",",0","49.5",",,,0","0",",T,,0","6.90",",0","12.32",",,,0","1.48",",,,0"
"USC00238051","1948-12","39.97018","-91.88753","214.9","STEFFENVILLE, MO US","619.9","0","0.0",",0","9",",0","4",",0","0",",0","5",",0","1",",0","1",",0","26",",0","6",",0","0",",0","0",",0","","","19481226",",,0","19481224",",,0","19481224",",,0","","","19481215",",,0","19481213",",,0","-26.7",",0,26,","152",",,0,24,","178",",,0,24,","17.5",",,0,15,","19.4",",0,13,","1100.1","0","548.7",",0","46.6",",,,0","225",",,,0","0.63",",0","6.06",",,,0","-4.79",",,,0"
"USC00238051","1949-01","39.97018","-91.88753","214.9","STEFFENVILLE, MO US","0.0","0","0.0",",0","12",",0","9",",0","0",",0","18",",0","4",",0","3",",0","28",",0","16",",0","0",",0","0",",0","3","","19490130",",,0","19490131","+,,0","19490118",",,0","","","19490110",",,0","19490115",",,0","-24.4",",0,30,","76",",,0,31,+","76",",,0,18,","22.9",",,0,10,","17.2",",0,15,","1765.1","0","665.0",",0","111.4",",,,0","247",",,,0","-3.12",",0","1.65",",,,0","-7.88",",,,0"
"USC00238051","1949-02","39.97018","-91.88753","214.9","STEFFENVILLE, MO US","0.0","0","0.0",",0","8",",0","4",",0","0",",0","10",",0","2",",0","0",",0","25",",0","5",",0","0",",0","0",",0","","","19490205",",,0","19490207","+,,0","19490203",",,0","","","19490213",",,0","19490219",",,0","-16.1",",0,05,","102",",,0,07,+","38",",,0,03,","15.7",",,0,13,","15.6",",0,19,","2320.3","0","555.2",",0","37.3",",,,0","104",",,,0","-1.49",",0","3.80",",,,0","-6.79",",,,0"
"USC00238051","1949-03","39.97018","-91.88753","214.9","STEFFENVILLE, MO US","0.0","0","0.0",",0","9",",0","5",",0","1",",0","0",",0","0",",0","0",",0","16",",0","1",",0","5",",0","0",",0","3","","19490315",",,0","19490319","+,,0","19490318","+,,0","2","","19490326",",,0","19490329","+,,0","-12.2",",0,15,","0",",T,0,19,+","13",",,0,18,+","25.7",",,0,26,","23.9",",0,29,+","2729.2","0","408.9",",0","62.6",",,,0","26",",,,0","5.14",",0","11.38",",,,0","-1.10",",,,0"
"USC00238051","1949-04","39.97018","-91.88753","214.9","STEFFENVILLE, MO US","3.0","0","3.0",",0","5","2,0","4","2,0","0","2,0","0",",0","0",",0","0",",0","5",",0","0",",0","10",",0","0",",0","","","19490416",",,0","19490415",",,0","19490430","+,,0","2","","19490427",",2,0","19490425",",,0","-3.3",",0,16,","0",",T,0,15,","0",",,0,30,+","13.2","2,,0,27,","28.9",",0,25,","2954.2","0","225.0",",0","37.2",",a,,0","5",",a,,0","10.94",",0","17.71",",,,0","4.16",",,,0"
"USC00238051","1949-05","39.97018","-91.88753","214.9","STEFFENVILLE, MO US","54.7","0","51.7",",0","12",",0","9",",0","0",",0","0",",0","0",",0","0",",0","0",",0","0",",0","27",",0","0",",0","2","","19490511",",,0","19490531","+,,0","19490526",",,0","3","","19490509",",,0","19490505","+,,0","4.4",",0,11,","0",",,0,31,+","0",",T,0,26,","16.5",",,0,09,","31.7",",0,05,+","2988.0","0","33.8",",0","74.0",",,,0","0",",T,,0","18.91",",0","25.23",",,,0","12.59",",,,0"
"USC00238051","1949-06","39.97018","-91.88753","214.9","STEFFENVILLE, MO US","209.4","0","154.7",",0","16",",0","9",",0","1",",0","0",",0","0",",0","0",",0","0",",0","0",",0","30",",0","5",",0","6","","19490608",",,0","19490630","+,,0","19490630","+,,0","11","","19490624",",,0","19490630","+,,0","10.6",",0,08,","0",",,0,30,+","0",",,0,30,+","38.9",",,0,24,","33.9",",0,30,+","2988.9","0","0.9",",0","174.5",",,,0","0",",,,0","23.46",",0","29.54",",,,0","17.38",",,,0"
"USC00238051","1949-07","39.97018","-91.88753","214.9","STEFFENVILLE, MO US","430.4","0","221.0",",0","13",",0","11",",0","4",",0","0",",0","0",",0","0",",0","0",",0","0",",0","31",",0","9",",0","7","","19490716",",,0","19490731","+,,0","19490731","+,,0","7","","19490722",",,0","19490701",",,0","14.4",",0,16,","0",",,0,31,+","0",",,0,31,+","41.9",",,0,22,","35.6",",0,01,","0.0","0","0.0",",0","186.4",",,,0","0",",,,0","25.46",",0","30.88",",,,0","20.04",",,,0"
"USC00238051","1949-08","39.97018","-91.88753","214.9","STEFFENVILLE, MO US","592.0","0","161.6",",0","4",",0","2",",0","0",",0","0",",0","0",",0","0",",0","0",",0","0",",0","31",",0","11",",0","11","","19490822",",,0","19490831","+,,0","19490831","+,,0","3","","19490812",",,0","19490807",",,0","9.4",",0,22,","0",",,0,31,+","0",",,0,31,+","21.6",",,0,12,","34.4",",0,07,","0.0","0","0.0",",0","33.4",",,,0","0",",,,0","23.55",",0","30.39",",,,0","16.70",",,,0"
"USC00238051","1949-09","39.97018","-91.88753","214.9","STEFFENVILLE, MO US","612.6","0","20.6",",0","7",",0","5",",0","2",",0","0",",0","0",",0","0",",0","1",",0","0",",0","24",",0","0",",0","3","","19490929",",,0","19490930","+,,0","19490930","+,,0","2","","19490912",",,0","19490904","+,,0","0.0",",0,29,","0",",,0,30,+","0",",,0,30,+","54.1",",,0,12,","29.4",",0,04,+","81.8","0","81.8",",0","140.7",",,,0","0",",,,0","16.29",",0","23.28",",,,0","9.31",",,,0"
"USC00238051","1949-10","39.97018","-91.88753","214.9","STEFFENVILLE, MO US","638.8","0","26.2",",0","8",",0","4",",0","1",",0","0",",0","0",",0","0",",0","3",",0","0",",0","20",",0","0",",0","4","","19491031",",,0","19491031","+,,0","19491031","+,,0","2","","19491020",",,0","19491008",",,0","-5.0",",0,31,","0",",,0,31,+","0",",,0,31,+","26.7",",,0,20,","31.1",",0,08,","215.7","0","133.9",",0","78.1",",,,0","0",",,,0","14.86",",0","21.26",",,,0","8.46",",,,0"
"USC00238051","1949-11","39.97018","-91.88753","214.9","STEFFENVILLE, MO US","641.0","0","2.2",",0","3",",0","2",",0","0",",0","0",",0","0",",0","0",",0","14",",0","0",",0","6",",0","0",",0","","","19491122",",,0","19491125",",,0","19491125",",,0","1","","19491113","+,,0","19491111",",,0","-7.8",",0,22,","0",",T,0,25,","0",",T,0,25,","5.8",",,0,13,+","26.7",",0,11,","529.1","0","313.4",",0","12.6",",,,0","0",",T,,0","7.96",",0","14.44",",,,0","1.48",",,,0"
"USC00238051","1949-12","39.97018","-91.88753","214.9","STEFFENVILLE, MO US","641.0","0","0.0",",0","7",",0","5",",0","0",",0","5",",0","2",",0","0",",0","23",",0","5",",0","1",",0","0",",0","5","","19491223",",,0","19491226",",,0","19491226","+,,0","","","19491222",",,0","19491211",",,0","-14.4",",0,23,","51",",,0,26,","25",",,0,26,+","24.6",",,0,22,","21.7",",0,11,","1036.7","0","507.6",",0","55.4",",,,0","50",",,,0","1.96",",0","7.85",",,,0","-3.94",",,,0"
"USC00238051","1950-01","39.97018","-91.88753","214.9","STEFFENVILLE, MO US","0.0","0","0.0",",0","11",",0","8",",0","0",",0","1",",0","1",",0","0",",0","24",",0","8",",0","1",",0","0",",0","6","","19500104",",,0","19500131",",,0","19500104",",,0","","","19500113",",,0","19500124",",,0","-17.2",",0,04,","25",",,0,31,","76",",,0,04,","21.3",",,0,13,","22.8",",0,24,","1610.5","0","573.8",",0","66.9",",,,0","89",",,,0","-0.18",",0","6.03",",,,0","-6.38",",,,0"
"USC00238051","1950-02","39.97018","-91.88753","214.9","STEFFENVILLE, MO US","0.0","0","0.0",",0","12",",0","3",",0","0",",0","5",",0","0",",0","0",",0","24",",0","4",",0","0",",0","0",",0","3","","19500226",",,0","19500226","+,,0","19500224",",,0","","","19500213",",,0","19500220",",,0","-16.1",",0,26,","25",",,0,26,+","18",",,0,24,","12.4",",,0,13,","13.3",",0,20,","2120.5","0","510.0",",0","35.6",",,,0","39",",,,0","0.12",",0","5.67",",,,0","-5.44",",,,0"
"USC00238051","1950-03","39.97018","-91.88753","214.9","STEFFENVILLE, MO US","0.0","0","0.0",",0","6",",0","4",",0","0",",0","4",",0","3",",0","0",",0","23",",0","3",",0","3",",0","0",",0","","","19500302",",,0","19500320",",,0","19500320",",,0","","","19500320",",,0","19500326",",,0","-14.4",",0,02,","102",",,0,20,","61",",,0,20,","12.4",",,0,20,","25.6",",0,26,","2585.5","0","465.0",",0","27.7",",,,0","162",",,,0","3.33",",0","9.04",",,,0","-2.37",",,,0"
"USC00238051","1950-04","39.97018","-91.88753","214.9","STEFFENVILLE, MO US","4.7","0","4.7",",0","9",",0","5",",0","1",",0","1",",0","1",",0","0",",0","11",",0","0",",0","6",",0","0",",0","","","19500413",",,0","19500404",",,0","19500404",",,0","","","19500404",",,0","19500422",",,0","-6.7",",0,13,","25",",,0,04,","25",",,0,04,","46.5",",,0,04,","28.9",",0,22,","2863.1","0","277.6",",0","83.0",",,,0","25",",,,0","9.24",",0","15.87",",,,0","2.60",",,,0"
"USC00238051","1950-05","39.97018","-91.88753","214.9","STEFFENVILLE, MO US","48.7","0","44.0",",0","9",",0","7",",0","0",",0","0",",0","0",",0","0",",0","1",",0","0",",0","29",",0","1",",0","3","","19500501",",,0","19500531","+,,0","19500531","+,,0","5","","19500530",",,0","19500524",",,0","-0.6",",0,01,","0",",,0,31,+","0",",,0,31,+","9.4",",,0,30,","32.2",",0,24,","2900.7","0","37.6",",0","44.0",",,,0","0",",,,0","18.54",",0","25.16",",,,0","11.92",",,,0"
"USC00238051","1950-06","39.97018","-91.88753","214.9","STEFFENVILLE, MO US","155.5","0","106.8",",0","11",",0","8",",0","1",",0","0",",0","0",",0","0",",0","0",",0","0",",0","30",",0","3",",0","","","19500604",",,0","19500630","+,,0","19500630","+,,0","","","19500614",",,0","19500625",",,0","6.1",",0,04,","0",",,0,30,+","0",",,0,30,+","34.8",",,0,14,","33.3",",0,25,","2906.0","0","5.3",",0","98.6",",,,0","0",",,,0","21.72",",0","28.01",",,,0","15.42",",,,0"
"USC00238051","1950-07","39.97018","-91.88753","214.9","STEFFENVILLE, MO US","269.1","0","113.6",",0","8",",0","6",",0","1",",0","0",",0","0",",0","0",",0","0",",0","0",",0","31",",0","4",",0","","","19500714",",,0","19500731","+,,0","19500731","+,,0","3","","19500718",",,0","19500715","+,,0","9.4",",0,14,","0",",,0,31,+","0",",,0,31,+","31.8",",,0,18,","33.3",",0,15,+","0.0","0","0.0",",0","82.5",",,,0","0",",,,0","22.00",",0","28.72",",,,0","15.27",",,,0"
"USC00238051","1950-08","39.97018","-91.88753","214.9","STEFFENVILLE, MO US","358.8","0","89.7",",0","10",",0","7",",0","1",",0","0",",0","0",",0","0",",0","0",",0","0",",0","31",",0","0",",0","9","","19500820",",,0","19500831","+,,0","19500831","+,,0","3","","19500830",",,0","19500806",",,0","5.6",",0,20,","0",",,0,31,+","0",",,0,31,+","33.0",",,0,30,","31.1",",0,06,","7.5","0","7.5",",0","103.5",",,,0","0",",,,0","20.99",",0","27.17",",,,0","14.80",",,,0"
"USC00238051","1950-09","39.97018","-91.88753","214.9","STEFFENVILLE, MO US","410.9","0","52.1",",0","7",",0","2",",0","0",",0","0",",0","0",",0","0",",0","0",",0","0",",0","28",",0","0",",0","11","","19500924",",,0","19500930","+,,0","19500930","+,,0","2","","19500911",",,0","19500919",",,0","1.7",",0,24,","0",",,0,30,+","0",",,0,30,+","5.3",",,0,11,","31.7",",0,19,","48.3","0","40.8",",0","15.5",",,,0","0",",,,0","18.71",",0","25.04",",,,0","12.38",",,,0"
"USC00238051","1950-10","39.97018","-91.88753","214.9","STEFFENVILLE, MO US","448.2","0","37.3",",0","4",",0","3",",0","0",",0","0",",0","0",",0","0",",0","2",",0","0",",0","24",",0","1",",0","","","19501005",",,0","19501031","+,,0","19501031","+,,0","","","19501007",",,0","19501030",",,0","-1.1",",0,05,","0",",,0,31,+","0",",,0,31,+","2.8",",,0,07,","32.8",",0,30,","133.8","0","85.5",",0","9.3",",,,0","0",",,,0","16.78",",0","25.02",",,,0","8.54",",,,0"
"USC00238051","1950-11","39.97018","-91.88753","214.9","STEFFENVILLE, MO US","450.1","0","1.9",",0","6",",0","3",",0","0",",0","5",",0","3",",0","1",",0","20",",0","4",",0","2",",0","0",",0","","","19501124",",,0","19501126","+,,0","19501124",",,0","","","19501120",",,0","19501101",",,0","-18.3",",0,24,","25",",,0,26,+","38",",,0,24,","14.2",",,0,20,","27.8",",0,01,","595.5","0","461.7",",0","25.4",",,,0","88",",,,0","3.01",",0","9.23",",,,0","-3.21",",,,0"
"USC00238051","1950-12","39.97018","-91.88753","214.9","STEFFENVILLE, MO US","450.1","0","0.0","1,0","4",",0","0",",0","0",",0","17",",0","2",",0","4",",0","30",",0","13","1,0","0","1,0","0","1,0","","","19501227",",,0","19501212","+,,0","19501212","+,,0","","","19501206",",,0","19501223",",1,0","-20.6",",0,27,","51",",,0,12,+","25",",,0,12,+","2.3",",,0,06,","12.8","1,0,23,","1277.2","0","681.7","1,0","4.4",",,,0","83",",,,0","-4.41","1,0","1.15","1,,,0","-9.97",",,,0"
"USC00238051","1951-01","39.97018","-91.88753","214.9","STEFFENVILLE, MO US","0.0","0","0.0",",0","6",",0","2",",0","0",",0","1",",0","1",",0","2",",0","26",",0","10",",0","0",",0","0",",0","2","","19510129",",,0","19510123",",,0","19510123",",,0","","","19510103",",,0","19510119",",,0","-22.8",",0,29,","25",",,0,23,","25",",,0,23,","12.4",",,0,03,","18.3",",0,19,","1900.3","0","623.1",",0","27.7",",,,0","38",",,,0","-1.77",",0","3.96",",,,0","-7.49",",,,0"
"USC00238051","1951-02","39.97018","-91.88753","214.9","STEFFENVILLE, MO US","0.0","0","0.0",",0","14",",0","10",",0","0",",0","9",",0","3",",0","3",",0","21",",0","7",",0","0",",0","0",",0","6","","19510201",",,0","19510215","+,,0","19510201",",,0","","","19510216",",,0","19510211",",,0","-23.3",",0,01,","51",",,0,15,+","51",",,0,01,","19.3",",,0,16,","20.0",",0,11,","2417.5","0","517.2",",0","88.6",",,,0","168",",,,0","-0.14",",0","5.16",",,,0","-5.44",",,,0"
"USC00238051","1951-03","39.97018","-91.88753","214.9","STEFFENVILLE, MO US","0.0","0","0.0",",0","14",",0","10",",0","1",",0","8",",0","4",",0","0",",0","26",",0","3",",0","3",",0","0",",0","","","19510321","+,,0","19510314","+,,0","19510312",",,0","","","19510329",",,0","19510306",",,0","-11.1",",0,21,+","76",",,0,14,+","76",",,0,12,","53.8",",,0,29,","22.8",",0,06,","2910.1","0","492.6",",0","132.0",",,,0","195",",,,0","2.44",",0","8.05",",,,0","-3.17",",,,0"
"USC00238051","1951-04","39.97018","-91.88753","214.9","STEFFENVILLE, MO US","16.2","0","16.2",",0","9",",0","4",",0","0",",0","0",",0","0",",0","0",",0","14",",0","0",",0","4",",0","0",",0","","","19510417","+,,0","19510401",",,0","19510401",",,0","","","19510412",",,0","19510430","+,,0","-2.2",",0,17,+","0",",T,0,01,","5",",,0,01,","15.2",",,0,12,","30.6",",0,30,+","3188.7","0","278.6",",0","40.2",",,,0","5",",,,0","9.59",",0","15.60",",,,0","3.57",",,,0"
"USC00238051","1951-07","39.97018","-91.88753","214.9","STEFFENVILLE, MO US","","","","","","","","","","","","","","","","","","","","","","","","","","","","","","","","","2","","","","","","","","","","","","","","","","","","","","","","","","","","","","",""
"USC00238051","1951-08","39.97018","-91.88753","214.9","STEFFENVILLE, MO US","","","148.7",",0","7",",0","5",",0","0",",0","0",",0","0",",0","0",",0","0",",0","0",",0","31",",0","6",",0","","","19510822",",,0","19510831","+,,0","19510831","+,,0","","","19510815",",,0","19510830","+,,0","11.1",",0,22,","0",",,0,31,+","0",",,0,31,+","24.1",",,0,15,","35.6",",0,30,+","","","1.1",",0","60.9",",,,0","0",",,,0","23.10",",0","29.43",",,,0","16.76",",,,0"
"USC00238051","1951-09","39.97018","-91.88753","214.9","STEFFENVILLE, MO US","","","29.8",",0","13",",0","7",",0","0",",0","0",",0","0",",0","0",",0","0",",0","0",",0","23",",0","0",",0","","","19510928",",,0","19510930","+,,0","19510930","+,,0","","","19510913",",,0","19510926",",,0","0.6",",0,28,","0",",,0,30,+","0",",,0,30,+","22.1",",,0,13,","31.1",",0,26,","","","56.5",",0","70.8",",,,0","0",",,,0","17.44",",0","23.33",",,,0","11.55",",,,0"
"USC00238051","1951-10","39.97018","-91.88753","214.9","STEFFENVILLE, MO US","","","23.3",",0","11",",0","6",",0","1",",0","0",",0","0",",0","0",",0","2",",0","0",",0","15",",0","0",",0","","","19511031",",,0","19511031","+,,0","19511031","+,,0","","","19511006",",,0","19511004",",,0","-1.7",",0,31,","0",",,0,31,+","0",",,0,31,+","29.0",",,0,06,","31.1",",0,04,","","","154.0",",0","76.6",",,,0","0",",,,0","14.12",",0","19.88",",,,0","8.35",",,,0"
"USC00238051","1951-11","39.97018","-91.88753","214.9","STEFFENVILLE, MO US","","","0.0",",0","10",",0","4",",0","1",",0","4",",0","1",",0","0",",0","24",",0","3",",0","2",",0","0",",0","","","19511103",",,0","19511107",",,0","19511107",",,0","","","19511112",",,0","19511113","+,,0","-11.1",",0,03,","76",",,0,07,","76",",,0,07,","26.7",",,0,12,","21.1",",0,13,+","","","469.0",",0","53.0",",,,0","107",",,,0","2.70",",0","8.29",",,,0","-2.89",",,,0"
"USC00238051","1951-12","39.97018","-91.88753","214.9","STEFFENVILLE, MO US","","","0.0",",0","9",",0","4",",0","0",",0","17",",0","5",",0","7",",0","24",",0","16",",0","0",",0","0",",0","","","19511216",",,0","19511223","+,,0","19511214",",,0","","","19511214",",,0","19511231","+,,0","-23.3",",0,16,","152",",,0,23,+","64",",,0,14,","5.6",",,0,14,","20.0",",0,31,+","","","637.0",",0","24.3",",,,0","211",",,,0","-2.21",",0","3.24",",,,0","-7.67",",,,0"
"USC00238051","1952-01","39.97018","-91.88753","214.9","STEFFENVILLE, MO US","0.0","0","0.0",",0","5",",0","2",",0","0",",0","7",",0","3",",0","1",",0","27",",0","8",",0","0",",0","0",",0","","","19520129",",,0","19520106","+,,0","19520103",",,0","","","19520122",",,0","19520119",",,0","-19.4",",0,29,","76",",,0,06,+","66",",,0,03,","5.1",",,0,22,","20.0",",0,19,","","","586.9",",0","12.9",",,,0","116",",,,0","-0.60",",0","5.52",",,,0","-6.72",",,,0"
"USC00238051","1952-02","39.97018","-91.88753","214.9","STEFFENVILLE, MO US","0.0","0","0.0",",0","3",",0","3",",0","0",",0","2",",0","1",",0","0",",0","23",",0","1",",0","0",",0","0",",0","","","19520221",",,0","19520223",",,0","19520223",",,0","","","19520214",",,0","19520219",",,0","-8.9",",0,21,","102",",,0,23,","114",",,0,23,","11.9",",,0,14,","18.9",",0,19,","","","455.8",",0","26.1",",,,0","114",",,,0","2.62",",0","7.80",",,,0","-2.57",",,,0"
"USC00238051","1952-03","39.97018","-91.88753","214.9","STEFFENVILLE, MO US","0.0","0","0.0",",0","15",",0","9",",0","0",",0","10",",0","3",",0","0",",0","23",",0","2",",0","3",",0","0",",0","","","19520305",",,0","19520304",",,0","19520304",",,0","","","19520318",",,0","19520330",",,0","-17.2",",0,05,","152",",,0,04,","152",",,0,04,","19.8",",,0,18,","25.0",",0,30,","","","460.6",",0","125.9",",,,0","327",",,,0","3.48",",0","9.12",",,,0","-2.17",",,,0"
"USC00238051","1952-04","39.97018","-91.88753","214.9","STEFFENVILLE, MO US","11.2","0","11.2",",0","10",",0","7",",0","0",",0","0",",0","0",",0","0",",0","6",",0","0",",0","14",",0","0",",0","","","19520411","+,,0","19520404",",,0","19520404",",,0","","","19520423",",,0","19520429",",,0","-2.8",",0,11,+","0",",T,0,04,","0",",T,0,04,","22.9",",,0,23,","31.1",",0,29,","","","210.0",",0","85.7",",,,0","0",",T,,0","11.71",",0","18.54",",,,0","4.87",",,,0"
"USC00238051","1952-05","39.97018","-91.88753","214.9","STEFFENVILLE, MO US","51.3","0","40.1",",0","11",",0","9",",0","1",",0","0",",0","0",",0","0",",0","0",",0","0",",0","21",",0","1",",0","","","19520511",",,0","19520531","+,,0","19520531","+,,0","","","19520509",",,0","19520505",",,0","2.2",",0,11,","0",",,0,31,+","0",",,0,31,+","41.1",",,0,09,","32.2",",0,05,","","","74.5",",0","110.3",",,,0","0",",,,0","17.22",",0","23.50",",,,0","10.94",",,,0"
"USC00238051","1952-06","39.97018","-91.88753","214.9","STEFFENVILLE, MO US","258.3","0","207.0",",0","9",",0","6",",0","2",",0","0",",0","0",",0","0",",0","0",",0","0",",0","30",",0","15",",0","","","19520601",",,0","19520630","+,,0","19520630","+,,0","","","19520609",",,0","19520629",",,0","10.6",",0,01,","0",",,0,30,+","0",",,0,30,+","38.1",",,0,09,","36.1",",0,29,","","","0.5",",0","131.0",",,,0","0",",,,0","25.22",",0","31.11",",,,0","19.32",",,,0"
"USC00238051","1952-07","39.97018","-91.88753","214.9","STEFFENVILLE, MO US","489.7","0","231.4",",0","9",",0","7",",0","0",",0","0",",0","0",",0","0",",0","0",",0","0",",0","31",",0","15",",0","","","19520709",",,0","19520731","+,,0","19520731","+,,0","","","19520703",",,0","19520726","+,,0","12.2",",0,09,","0",",,0,31,+","0",",,0,31,+","20.6",",,0,03,","37.8",",0,26,+","0.0","0","0.0",",0","65.0",",,,0","0",",,,0","25.80",",0","32.02",",,,0","19.57",",,,0"
"USC00238051","1952-08","39.97018","-91.88753","214.9","STEFFENVILLE, MO US","635.4","0","145.7",",0","10",",0","4",",0","1",",0","0",",0","0",",0","0",",0","0",",0","0",",0","31",",0","6",",0","","","19520824",",,0","19520831","+,,0","19520831","+,,0","","","19520821",",,0","19520820",",,0","8.3",",0,24,","0",",,0,31,+","0",",,0,31,+","65.5",",,0,21,","36.1",",0,20,","1.1","0","1.1",",0","99.3",",,,0","0",",,,0","23.00",",0","29.78",",,,0","16.22",",,,0"
"USC00238051","1952-09","39.97018","-91.88753","214.9","STEFFENVILLE, MO US","700.0","0","64.6",",0","4",",0","3",",0","2",",0","0",",0","0",",0","0",",0","0",",0","0",",0","28",",0","3",",0","","","19520923",",,0","19520930","+,,0","19520930","+,,0","","","19520901",",,0","19520928",",,0","2.8",",0,23,","0",",,0,30,+","0",",,0,30,+","34.3",",,0,01,","32.8",",0,28,","38.7","0","37.6",",0","89.7",",,,0","0",",,,0","19.23",",0","27.01",",,,0","11.46",",,,0"
"USC00238051","1952-10","39.97018","-91.88753","214.9","STEFFENVILLE, MO US","706.9","0","6.9",",0","2",",0","2",",0","0",",0","0",",0","0",",0","0",",0","12",",0","0",",0","14",",0","0",",0","","","19521029",",,0","19521031","+,,0","19521031","+,,0","","","19521015",",,0","19521001",",,0","-7.8",",0,29,","0",",,0,31,+","0",",,0,31,+","15.5",",,0,15,","29.4",",0,01,","272.9","0","234.2",",0","18.5",",,,0","0",",,,0","11.00",",0","19.71",",,,0","2.30",",,,0"
"USC00238051","1952-11","39.97018","-91.88753","214.9","STEFFENVILLE, MO US","710.3","0","3.4",",0","5",",0","3",",0","0",",0","0",",0","0",",0","0",",0","16",",0","4",",0","5",",0","0",",0","","","19521128",",,0","19521130","+,,0","19521130",",,0","","","19521125",",,0","19521117","+,,0","-12.8",",0,28,","0",",T,0,30,+","8",",,0,30,","18.3",",,0,25,","25.6",",0,17,+","625.5","0","352.6",",0","46.7",",,,0","8",",,,0","6.69",",0","12.96",",,,0","0.43",",,,0"
"USC00238051","1952-12","39.97018","-91.88753","214.9","STEFFENVILLE, MO US","710.3","0","0.0",",0","5",",0","5",",0","1",",0","4","3,0","3",",0","0",",0","29",",0","7",",0","0",",0","0",",0","","","19521214",",,0","19521203","+,3,0","19521223",",,0","","","19521220",",,0","19521208",",,0","-10.0",",0,14,","76","3,,0,03,+","64",",,0,23,","38.4",",,0,20,","17.2",",0,08,","1169.7","0","544.2",",0","56.9",",,,0","153",",,,0","0.78",",0","5.00",",,,0","-3.44",",,,0"
"USC00238051","1953-01","39.97018","-91.88753","214.9","STEFFENVILLE, MO US","0.0","0","0.0",",0","8",",0","3",",0","0",",0","12","1,0","4",",0","0",",0","28",",0","8",",0","0",",0","0",",0","","","19530116",",,0","19530124",",1,0","19530124",",,0","","","19530124",",,0","19530112",",,0","-13.9",",0,16,","76","1,,0,24,","76",",,0,24,","11.4",",,0,24,","16.7",",0,12,","1758.7","0","589.0",",0","26.1",",,,0","164",",,,0","-0.67",",0","3.63",",,,0","-4.96",",,,0"
"USC00238051","1953-02","39.97018","-91.88753","214.9","STEFFENVILLE, MO US","0.0","0","0.0",",0","7",",0","4",",0","1",",0","0",",0","0",",0","0",",0","22",",0","0",",0","0",",0","0",",0","","","19530217",",,0","19530217",",,0","19530217",",,0","","","19530220",",,0","19530218",",,0","-13.9",",0,17,","0",",T,0,17,","5",",,0,17,","26.7",",,0,20,","16.1",",0,18,","2191.5","0","432.8",",0","48.8",",,,0","5",",,,0","2.88",",0","8.70",",,,0","-2.95",",,,0"
"USC00238051","1953-03","39.97018","-91.88753","214.9","STEFFENVILLE, MO US","0.3","0","0.3",",0","10",",0","7",",0","0",",0","9",",0","3",",0","0",",0","16",",0","1",",0","2",",0","0",",0","","","19530308",",,0","19530305","+,,0","19530304",",,0","","","19530330",",,0","19530321",",,0","-12.2",",0,08,","152",",,0,05,+","102",",,0,04,","20.6",",,0,30,","23.9",",0,21,","2577.3","0","385.8",",0","69.3",",,,0","203",",,,0","5.90",",0","11.90",",,,0","-0.10",",,,0"
"USC00238051","1953-04","39.97018","-91.88753","214.9","STEFFENVILLE, MO US","2.5","0","2.2",",0","10",",0","9",",0","1",",0","1",",0","1",",0","0",",0","9",",0","0",",0","9",",0","0",",0","","","19530417",",,0","19530418",",,0","19530418",",,0","","","19530401",",,0","19530422",",,0","-4.4",",0,17,","152",",,0,18,","178",",,0,18,","31.0",",,0,01,","28.9",",0,22,","2845.6","0","268.3",",0","84.2",",,,0","178",",,,0","9.47",",0","15.68",",,,0","3.25",",,,0"
"USC00238051","1953-05","39.97018","-91.88753","214.9","STEFFENVILLE, MO US","57.2","0","54.7",",0","10",",0","6",",0","1",",0","0",",0","0",",0","0",",0","0",",0","0",",0","21",",0","5",",0","","","19530503",",,0","19530531","+,,0","19530531","+,,0","","","19530517",",,0","19530531",",,0","2.8",",0,03,","0",",,0,31,+","0",",,0,31,+","25.9",",,0,17,","33.3",",0,31,","2935.0","0","89.4",",0","64.9",",,,0","0",",,,0","17.21",",0","23.60",",,,0","10.82",",,,0"
"USC00238051","1953-06","39.97018","-91.88753","214.9","STEFFENVILLE, MO US","258.1","0","200.9",",0","7",",0","4",",0","2",",0","0",",0","0",",0","0",",0","0",",0","0",",0","30",",0","14",",0","","","19530602",",,0","19530630","+,,0","19530630","+,,0","","","19530614",",,0","19530619",",,0","11.1",",0,02,","0",",,0,30,+","0",",,0,30,+","63.5",",,0,14,","36.1",",0,19,","2935.0","0","0.0",",0","147.3",",,,0","0",",,,0","25.03",",0","31.27",",,,0","18.79",",,,0"
"USC00238051","1953-07","39.97018","-91.88753","214.9","STEFFENVILLE, MO US","472.5","0","214.4",",0","7",",0","6",",0","1",",0","0",",0","0",",0","0",",0","0",",0","0",",0","31",",0","16",",0","","","19530709",",,0","19530731","+,,0","19530731","+,,0","","","19530721",",,0","19530729","+,,0","10.6",",0,09,","0",",,0,31,+","0",",,0,31,+","41.4",",,0,21,","36.7",",0,29,+","0.2","0","0.2",",0","89.0",",,,0","0",",,,0","25.24",",0","32.08",",,,0","18.40",",,,0"
"USC00238051","1953-08","39.97018","-91.88753","214.9","STEFFENVILLE, MO US","666.5","0","194.0",",0","5",",0","2",",0","0",",0","0",",0","0",",0","0",",0","0",",0","0",",0","31",",0","17",",0","","","19530821","+,,0","19530831","+,,0","19530831","+,,0","","","19530807",",,0","19530831","+,,0","11.7",",0,21,+","0",",,0,31,+","0",",,0,31,+","13.0",",,0,07,","37.2",",0,31,+","0.2","0","0.0",",0","24.0",",,,0","0",",,,0","24.59",",0","32.25",",,,0","16.94",",,,0"
"USC00238051","1953-09","39.97018","-91.88753","214.9","STEFFENVILLE, MO US","769.1","0","102.6",",0","3",",0","3",",0","1",",0","0",",0","0",",0","0",",0","0",",0","0",",0","29",",0","9",",0","","","19530922",",,0","19530930","+,,0","19530930","+,,0","","","19530904",",,0","19530901",",,0","1.7",",0,22,","0",",,0,30,+","0",",,0,30,+","25.9",",,0,04,","37.2",",0,01,","24.2","0","24.0",",0","36.8",",,,0","0",",,,0","20.95",",0","29.61",",,,0","12.29",",,,0"
"USC00238051","1953-10","39.97018","-91.88753","214.9","STEFFENVILLE, MO US","797.9","0","28.8",",0","5",",0","3",",0","0",",0","0",",0","0",",0","0",",0","2",",0","0",",0","20",",0","1",",0","","","19531029",",,0","19531031","+,,0","19531031","+,,0","","","19531004",",,0","19531002",",,0","-2.2",",0,29,","0",",,0,31,+","0",",,0,31,+","8.4",",,0,04,","34.4",",0,02,","143.7","0","119.5",",0","20.1",",,,0","0",",,,0","15.41",",0","23.49",",,,0","7.32",",,,0"
"USC00238051","1953-11","39.97018","-91.88753","214.9","STEFFENVILLE, MO US","797.9","0","0.0",",0","2",",0","1",",0","0",",0","0",",0","0",",0","0",",0","16",",0","0",",0","8",",0","0",",0","","","19531128",",,0","19531122",",,0","19531129","+,,0","","","19531120",",,0","19531118",",,0","-12.8",",0,28,","0",",T,0,22,","0",",T,0,29,+","4.3",",,0,20,","23.9",",0,18,","474.2","0","330.5",",0","4.8",",,,0","0",",T,,0","7.32",",0","13.93",",,,0","0.71",",,,0"
"USC00238051","1953-12","39.97018","-91.88753","214.9","STEFFENVILLE, MO US","797.9","0","0.0",",0","5",",0","3",",0","0",",0","9",",0","1",",0","2",",0","24",",0","2",",0","0",",0","0",",0","","","19531223",",,0","19531222",",,0","19531222",",,0","","","19531203",",,0","19531203",",,0","-21.7",",0,23,","152",",,0,22,","152",",,0,22,","9.1",",,0,03,","17.2",",0,03,","996.3","0","522.1",",0","23.9",",,,0","152",",,,0","1.49",",0","7.67",",,,0","-4.69",",,,0"
"USC00238051","1954-01","39.97018","-91.88753","214.9","STEFFENVILLE, MO US","0.0","0","0.0",",0","3",",0","2",",0","0",",0","5",",0","1",",0","3",",0","30",",0","8",",0","0",",0","0",",0","","","19540117","+,,0","19540131","+,,0","19540127",",,0","","","19540127",",,0","19540108",",,0","-19.4",",0,17,+","25",",,0,31,+","25",",,0,27,","8.9",",,0,27,","14.4",",0,08,","1634.5","0","638.2",",0","17.5",",,,0","33",",,,0","-2.25",",0","3.98",",,,0","-8.49",",,,0"
"USC00238051","1954-02","39.97018","-91.88753","214.9","STEFFENVILLE, MO US","0.0","0","0.0",",0","6",",0","3",",0","1",",0","1",",0","1",",0","0",",0","19",",0","0",",0","2",",0","0",",0","","","19540212",",,0","19540226",",,0","19540228",",,0","","","19540216",",,0","19540214",",,0","-12.8",",0,12,","25",",,0,26,","25",",,0,28,","33.8",",,0,16,","22.8",",0,14,","1995.3","0","360.8",",0","47.3",",,,0","38",",,,0","5.45",",0","12.01",",,,0","-1.11",",,,0"
"USC00238051","1954-03","39.97018","-91.88753","214.9","STEFFENVILLE, MO US","0.0","0","0.0",",0","6",",0","2",",0","1",",0","0",",0","0",",0","0",",0","20",",0","1",",0","0",",0","0",",0","","","19540305",",,0","19540303",",,0","19540303",",,0","","","19540325",",,0","19540328","+,,0","-12.2",",0,05,","0",",T,0,03,","13",",,0,03,","50.8",",,0,25,","18.3",",0,28,+","2447.2","0","451.9",",0","68.3",",,,0","13",",,,0","3.75",",0","9.75",",,,0","-2.24",",,,0"
"USC00238051","1954-04","39.97018","-91.88753","214.9","STEFFENVILLE, MO US","21.9","0","21.9",",0","9",",0","6",",0","1",",0","0",",0","0",",0","0",",0","4",",0","0",",0","15",",0","0",",0","","","19540403",",,0","19540430","+,,0","19540430","+,,0","","","19540406",",,0","19540424",",,0","-5.0",",0,03,","0",",,0,30,+","0",",,0,30,+","57.7",",,0,06,","30.0",",0,24,","2573.7","0","126.5",",0","126.8",",,,0","0",",,,0","14.85",",0","21.64",",,,0","8.06",",,,0"
"USC00238051","1954-05","39.97018","-91.88753","214.9","STEFFENVILLE, MO US","39.2","0","17.3",",0","12",",0","8",",0","0",",0","0",",0","0",",0","0",",0","1",",0","0",",0","20",",0","0",",0","","","19540504",",,0","19540531","+,,0","19540531","+,,0","","","19540517",",,0","19540527",",,0","0.0",",0,04,","0",",,0,31,+","0",",,0,31,+","20.6",",,0,17,","29.4",",0,27,","2692.2","0","118.5",",0","81.9",",,,0","0",",,,0","15.07",",0","21.61",",,,0","8.52",",,,0"
"USC00238051","1954-06","39.97018","-91.88753","214.9","STEFFENVILLE, MO US","231.3","0","192.1",",0","9",",0","6",",0","2",",0","0",",0","0",",0","0",",0","0",",0","0",",0","27",",0","15",",0","","","19540604",",,0","19540630","+,,0","19540630","+,,0","","","19540601",",,0","19540626",",,0","7.8",",0,04,","0",",,0,30,+","0",",,0,30,+","50.8",",,0,01,","37.2",",0,26,","2708.9","0","16.7",",0","127.3",",,,0","0",",,,0","24.18",",0","30.27",",,,0","18.09",",,,0"
"USC00238051","1954-07","39.97018","-91.88753","214.9","STEFFENVILLE, MO US","514.7","0","283.4",",0","10",",0","4",",0","0",",0","0",",0","0",",0","0",",0","0",",0","0",",0","31",",0","26",",0","","","19540708",",,0","19540731","+,,0","19540731","+,,0","","","19540721",",,0","19540714",",,0","12.2",",0,08,","0",",,0,31,+","0",",,0,31,+","23.1",",,0,21,","43.9",",0,14,","0.0","0","0.0",",0","39.7",",,,0","0",",,,0","27.48",",0","35.08",",,,0","19.87",",,,0"
"USC00238051","1954-08","39.97018","-91.88753","214.9","STEFFENVILLE, MO US","710.3","0","195.6",",0","15",",0","10",",0","4",",0","0",",0","0",",0","0",",0","0",",0","0",",0","30",",0","13",",0","","","19540831",",,0","19540831","+,,0","19540831","+,,0","","","19540817",",,0","19540804",",,0","12.2",",0,31,","0",",,0,31,+","0",",,0,31,+","75.4",",,0,17,","38.3",",0,04,","1.2","0","1.2",",0","268.5",",,,0","0",",,,0","24.60",",0","30.10",",,,0","19.11",",,,0"
"USC00238051","1954-09","39.97018","-91.88753","214.9","STEFFENVILLE, MO US","823.1","0","112.8",",0","5",",0","5",",0","0",",0","0",",0","0",",0","0",",0","0",",0","0",",0","29",",0","7",",0","","","19540923",",,0","19540930","+,,0","19540930","+,,0","","","19540929",",,0","19540905","+,,0","3.9",",0,23,","0",",,0,30,+","0",",,0,30,+","15.2",",,0,29,","35.0",",0,05,+","19.8","0","18.6",",0","45.2",",,,0","0",",,,0","21.48",",0","28.70",",,,0","14.25",",,,0"
"USC00238051","1954-10","39.97018","-91.88753","214.9","STEFFENVILLE, MO US","860.6","0","37.5",",0","10",",0","6",",0","1",",0","0",",0","0",",0","0",",0","3",",0","0",",0","13",",0","1",",0","","","19541031",",,0","19541031","+,,0","19541031",",,0","","","19541005",",,0","19541003",",,0","-4.4",",0,31,","0",",,0,31,+","0",",T,0,31,","49.3",",,0,05,","32.8",",0,03,","202.6","0","182.8",",0","115.9",",,,0","0",",T,,0","13.65",",0","19.34",",,,0","7.95",",,,0"
"USC00238051","1954-11","39.97018","-91.88753","214.9","STEFFENVILLE, MO US","860.6","0","0.0",",0","4",",0","2",",0","0",",0","0",",0","0",",0","0",",0","15",",0","0",",0","6",",0","0",",0","","","19541126","+,,0","19541130","+,,0","19541130","+,,0","","","19541119",",,0","19541111",",,0","-6.7",",0,26,+","0",",,0,30,+","0",",,0,30,+","5.6",",,0,19,","22.8",",0,11,","544.6","0","342.0",",0","13.0",",,,0","0",",,,0","6.93",",0","13.00",",,,0","0.87",",,,0"
"USC00238051","1954-12","39.97018","-91.88753","214.9","STEFFENVILLE, MO US","860.6","0","0.0",",0","7",",0","2",",0","0",",0","4",",0","2",",0","0",",0","27",",0","3",",0","0",",0","0",",0","","","19541230",",,0","19541230",",,0","19541230",",,0","","","19541228",",,0","19541227","+,,0","-13.3",",0,30,","127",",,0,30,","152",",,0,30,","15.5",",,0,28,","15.6",",0,27,+","1084.1","0","539.5",",0","32.4",",,,0","190",",,,0","0.93",",0","5.57",",,,0","-3.71",",,,0"
"USC00238051","1955-01","39.97018","-91.88753","214.9","STEFFENVILLE, MO US","0.0","0","0.0",",0","8",",0","4",",0","0",",0","17",",0","3",",0","3",",0","28",",0","11",",0","0",",0","0",",0","","","19550127",",,0","19550101",",,0","19550119",",,0","","","19550106",",,0","19550105",",,0","-21.7",",0,27,","76",",,0,01,","51",",,0,19,","21.3",",,0,06,","13.9",",0,05,","1719.6","0","635.5",",0","49.4",",,,0","134",",,,0","-2.17",",0","2.65",",,,0","-6.98",",,,0"
"USC00238051","1955-02","39.97018","-91.88753","214.9","STEFFENVILLE, MO US","0.0","0","0.0",",0","7",",0","5",",0","1",",0","10",",0","3",",0","2",",0","23",",0","5",",0","0",",0","0",",0","","","19550211",",,0","19550215","+,,0","19550211","+,,0","","","19550219",",,0","19550209",",,0","-21.7",",0,11,","25",",,0,15,+","25",",,0,11,+","42.9",",,0,19,","14.4",",0,09,","2244.9","0","525.3",",0","72.7",",,,0","75",",,,0","-0.43",",0","5.22",",,,0","-6.08",",,,0"
"USC00238051","1955-03","39.97018","-91.88753","214.9","STEFFENVILLE, MO US","0.0","0","0.0",",0","7",",0","2",",0","0",",0","5",",0","1",",0","0",",0","21",",0","1",",0","3",",0","0",",0","","","19550326",",,0","19550322",",,0","19550322",",,0","","","19550322",",,0","19550310",",,0","-15.6",",0,26,","102",",,0,22,","127",",,0,22,","12.4",",,0,22,","23.3",",0,10,","2660.1","0","415.2",",0","28.8",",,,0","150",",,,0","4.94",",0","11.21",",,,0","-1.33",",,,0"
"USC00238051","1955-04","39.97018","-91.88753","214.9","STEFFENVILLE, MO US","13.0","0","13.0",",0","11",",0","6",",0","1",",0","0",",0","0",",0","0",",0","1",",0","0",",0","19",",0","0",",0","","","19550407",",,0","19550430","+,,0","19550424","+,,0","","","19550424",",,0","19550419",",,0","-0.6",",0,07,","0",",,0,30,+","0",",T,0,24,+","27.2",",,0,24,","28.3",",0,19,","2758.4","0","98.3",",0","101.2",",,,0","0",",T,,0","15.49",",0","22.09",",,,0","8.89",",,,0"
"USC00238051","1955-05","39.97018","-91.88753","214.9","STEFFENVILLE, MO US","54.8","0","41.8",",0","14",",0","10",",0","3",",0","0",",0","0",",0","0",",0","0",",0","0",",0","24",",0","0",",0","","","19550508",",,0","19550531","+,,0","19550531","+,,0","","","19550528",",,0","19550504","+,,0","5.0",",0,08,","0",",,0,31,+","0",",,0,31,+","71.9",",,0,28,","30.0",",0,04,+","2804.4","0","46.0",",0","189.8",",,,0","0",",,,0","18.20",",0","24.43",",,,0","11.96",",,,0"
"USC00238051","1955-06","39.97018","-91.88753","214.9","STEFFENVILLE, MO US","134.8","0","80.0",",0","9",",0","7",",0","2",",0","0",",0","0",",0","0",",0","0",",0","0",",0","25",",0","0",",0","","","19550614",",,0","19550630","+,,0","19550630","+,,0","","","19550625",",,0","19550630","+,,0","8.3",",0,14,","0",",,0,30,+","0",",,0,30,+","31.2",",,0,25,","31.7",",0,30,+","2825.8","0","21.4",",0","106.6",",,,0","0",",,,0","20.29",",0","25.88",",,,0","14.70",",,,0"
"USC00238051","1955-07","39.97018","-91.88753","214.9","STEFFENVILLE, MO US","408.8","0","274.0",",0","6",",0","4",",0","0",",0","0",",0","0",",0","0",",0","0",",0","0",",0","31",",0","21",",0","","","19550713",",,0","19550731","+,,0","19550731","+,,0","","","19550706",",,0","19550730",",,0","16.7",",0,13,","0",",,0,31,+","0",",,0,31,+","12.2",",,0,06,","38.3",",0,30,","0.0","0","0.0",",0","35.0",",,,0","0",",,,0","27.17",",0","33.32",",,,0","21.02",",,,0"
"USC00238051","1955-08","39.97018","-91.88753","214.9","STEFFENVILLE, MO US","627.4","0","218.6",",0","4",",0","4",",0","1",",0","0",",0","0",",0","0",",0","0",",0","0",",0","31",",0","20",",0","","","19550814","+,,0","19550831","+,,0","19550831","+,,0","","","19550830",",,0","19550801",",,0","12.2",",0,14,+","0",",,0,31,+","0",",,0,31,+","78.0",",,0,30,","36.7",",0,01,","0.0","0","0.0",",0","118.4",",,,0","0",",,,0","25.39",",0","32.82",",,,0","17.95",",,,0"
"USC00238051","1955-09","39.97018","-91.88753","214.9","STEFFENVILLE, MO US","726.9","0","99.5",",0","8",",0","3",",0","1",",0","0",",0","0",",0","0",",0","0",",0","0",",0","28",",0","6",",0","","","19550912",",,0","19550930","+,,0","19550930","+,,0","","","19550927",",,0","19550909",",,0","2.8",",0,12,","0",",,0,30,+","0",",,0,30,+","33.8",",,0,27,","33.9",",0,09,","24.5","0","24.5",",0","50.2",",,,0","0",",,,0","20.83",",0","27.84",",,,0","13.83",",,,0"
"USC00238051","1955-10","39.97018","-91.88753","214.9","STEFFENVILLE, MO US","732.5","0","5.6",",0","9",",0","4",",0","1",",0","0",",0","0",",0","0",",0","4",",0","0",",0","18",",0","0",",0","","","19551031",",,0","19551031","+,,0","19551031","+,,0","","","19551005",",,0","19551011",",,0","-2.8",",0,31,","0",",,0,31,+","0",",,0,31,+","112.3",",,0,05,","28.3",",0,11,","184.3","0","159.8",",0","153.7",",,,0","0",",,,0","13.36",",0","20.11",",,,0","6.61",",,,0"
"USC00238051","1955-11","39.97018","-91.88753","214.9","STEFFENVILLE, MO US","732.5","0","0.0",",0","3",",0","2",",0","0",",0","1",",0","1",",0","0",",0","22",",0","4",",0","2",",0","0",",0","","","19551130",",,0","19551119",",,0","19551119",",,0","","","19551115",",,0","19551115",",,0","-14.4",",0,30,","25",",,0,19,","25",",,0,19,","4.3",",,0,15,","23.9",",0,15,","640.1","0","455.8",",0","9.9",",,,0","25",",,,0","3.14",",0","9.79",",,,0","-3.51",",,,0"
"USC00238051","1955-12","39.97018","-91.88753","214.9","STEFFENVILLE, MO US","732.5","0","0.0",",0","3",",0","0",",0","0",",0","1",",0","2",",0","0",",0","28",",0","11",",0","0",",0","0",",0","","","19551219",",,0","19551202",",,0","19551202",",,0","","","19551202",",,0","19551224",",,0","-16.1",",0,19,","25",",,0,02,","51",",,0,02,","2.0",",,0,02,","17.8",",0,24,","1254.2","0","614.1",",0","2.8",",,,0","81",",,,0","-1.48",",0","4.55",",,,0","-7.51",",,,0"
"USC00238051","1956-01","39.97018","-91.88753","214.9","STEFFENVILLE, MO US","0.0","0","0.0",",0","5",",0","0",",0","0",",0","9",",0","3",",0","0",",0","30",",0","13",",0","0",",0","0",",0","","","19560120",",,0","19560131","+,,0","19560130","+,,0","","","19560125",",,0","19560105",",,0","-15.6",",0,20,","25",",,0,31,+","25",",,0,30,+","1.5",",,0,25,","15.6",",0,05,","1916.1","0","661.9",",0","3.8",",,,0","98",",,,0","-3.02",",0","2.50",",,,0","-8.54",",,,0"
"USC00238051","1956-02","39.97018","-91.88753","214.9","STEFFENVILLE, MO US","0.0","0","0.0",",0","10",",0","3",",0","0",",0","14",",0","5",",0","1",",0","28",",0","5",",0","0",",0","0",",0","","","19560203",",,0","19560204","+,,0","19560209","+,,0","","","19560209",",,0","19560229",",,0","-19.4",",0,03,","76",",,0,04,+","76",",,0,09,+","8.6",",,0,09,","17.2",",0,29,","2452.7","0","536.6",",0","27.1",",,,0","240",",,,0","-0.17",",0","5.08",",,,0","-5.41",",,,0"
"USC00238051","1956-03","39.97018","-91.88753","214.9","STEFFENVILLE, MO US","0.0","0","0.0",",0","3",",0","1",",0","0",",0","2",",0","2",",0","0",",0","21",",0","0",",0","7",",0","0",",0","","","19560313","+,,0","19560314",",,0","19560314",",,0","","","19560314",",,0","19560327","+,,0","-11.1",",0,13,+","102",",,0,14,","102",",,0,14,","4.6",",,0,14,","26.7",",0,27,+","2833.9","0","381.2",",0","7.1",",,,0","153",",,,0","6.04",",0","13.81",",,,0","-1.74",",,,0"
"USC00238051","1956-04","39.97018","-91.88753","214.9","STEFFENVILLE, MO US","9.8","0","9.8",",0","5",",0","3",",0","1",",0","0",",0","0",",0","0",",0","9",",0","0",",0","12",",0","1",",0","","","19560424",",,0","19560430","+,,0","19560430","+,,0","","","19560429",",,0","19560427",",,0","-5.6",",0,24,","0",",,0,30,+","0",",,0,30,+","78.2",",,0,29,","32.8",",0,27,","3064.4","0","230.5",",0","94.2",",,,0","0",",,,0","10.98",",0","18.82",",,,0","3.13",",,,0"
"USC00238051","1956-05","39.97018","-91.88753","214.9","STEFFENVILLE, MO US","100.5","0","90.7",",0","10",",0","6",",0","0",",0","0",",0","0",",0","0",",0","0",",0","0",",0","28",",0","4",",0","","","19560516",",,0","19560531","+,,0","19560531","+,,0","","","19560530",",,0","19560512",",,0","2.8",",0,16,","0",",,0,31,+","0",",,0,31,+","13.7",",,0,30,","34.4",",0,12,","3113.4","0","49.0",",0","51.3",",,,0","0",",,,0","19.68",",0","26.64",",,,0","12.72",",,,0"
"USC00238051","1956-06","39.97018","-91.88753","214.9","STEFFENVILLE, MO US","264.2","0","163.7",",0","8",",0","6",",0","1",",0","0",",0","0",",0","0",",0","0",",0","0",",0","29",",0","12",",0","","","19560602",",,0","19560630","+,,0","19560630","+,,0","","","19560620",",,0","19560619",",,0","6.1",",0,02,","0",",,0,30,+","0",",,0,30,+","33.3",",,0,20,","36.1",",0,19,","3124.8","0","11.4",",0","80.1",",,,0","0",",,,0","23.41",",0","29.94",",,,0","16.88",",,,0"
"USC00238051","1956-07","39.97018","-91.88753","214.9","STEFFENVILLE, MO US","451.4","0","187.2",",0","11",",0","9",",0","1",",0","0",",0","0",",0","0",",0","0",",0","0",",0","31",",0","9",",0","","","19560722",",,0","19560731","+,,0","19560731","+,,0","","","19560729",",,0","19560727","+,,0","12.8",",0,22,","0",",,0,31,+","0",",,0,31,+","47.5",",,0,29,","38.3",",0,27,+","0.0","0","0.0",",0","101.9",",,,0","0",",,,0","24.37",",0","30.77",",,,0","17.97",",,,0"
"USC00238051","1956-08","39.97018","-91.88753","214.9","STEFFENVILLE, MO US","642.7","0","191.3",",0","11",",0","6",",0","1",",0","0",",0","0",",0","0",",0","0",",0","0",",0","31",",0","10",",0","","","19560821",",,0","19560831","+,,0","19560831","+,,0","","","19560802",",,0","19560826","+,,0","7.8",",0,21,","0",",,0,31,+","0",",,0,31,+","85.3",",,0,02,","34.4",",0,26,+","4.8","0","4.8",",0","156.7",",,,0","0",",,,0","24.35",",0","30.64",",,,0","18.06",",,,0"
"USC00238051","1956-09","39.97018","-91.88753","214.9","STEFFENVILLE, MO US","727.7","0","85.0",",0","1",",0","0",",0","0",",0","0",",0","0",",0","0",",0","0",",0","0",",0","28",",0","8",",0","","","19560930","+,,0","19560930","+,,0","19560930","+,,0","","","19560905",",,0","19560913",",,0","3.9",",0,30,+","0",",,0,30,+","0",",,0,30,+","1.3",",,0,05,","36.1",",0,13,","39.6","0","34.8",",0","1.3",",,,0","0",",,,0","20.01",",0","28.44",",,,0","11.58",",,,0"
"USC00238051","1956-10","39.97018","-91.88753","214.9","STEFFENVILLE, MO US","749.6","0","21.9",",0","3",",0","3",",0","0",",0","0",",0","0",",0","0",",0","0",",0","0",",0","25",",0","1",",0","","","19561026",",,0","19561031","+,,0","19561031","+,,0","","","19561026",",,0","19561001",",,0","2.2",",0,26,","0",",,0,31,+","0",",,0,31,+","11.4",",,0,26,","32.8",",0,01,","101.6","0","62.0",",0","20.5",",,,0","0",",,,0","17.04",",0","25.05",",,,0","9.03",",,,0"
"USC00238051","1956-11","39.97018","-91.88753","214.9","STEFFENVILLE, MO US","749.6","0","0.0",",0","5",",0","1",",0","0",",0","1",",0","1",",0","0",",0","15",",0","3",",0","5",",0","0",",0","","","19561124",",,0","19561123",",,0","19561123",",,0","","","19561121",",,0","19561114","+,,0","-12.8",",0,24,","25",",,0,23,","25",",,0,23,","3.3",",,0,21,","23.9",",0,14,+","474.8","0","373.2",",0","6.7",",,,0","25",",,,0","5.89",",0","12.21",",,,0","-0.43",",,,0"
"USC00238051","1956-12","39.97018","-91.88753","214.9","STEFFENVILLE, MO US","749.6","0","0.0",",0","11",",0","5",",0","0",",0","12",",0","3",",0","1",",0","22",",0","6",",0","0",",0","0",",0","","","19561213",",,0","19561213","+,,0","19561213","+,,0","","","19561205",",,0","19561203",",,0","-17.8",",0,13,","102",",,0,13,+","76",",,0,13,+","11.4",",,0,05,","20.0",",0,03,","1010.4","0","535.6",",0","50.9",",,,0","177",",,,0","1.06",",0","6.17",",,,0","-4.06",",,,0"
"USC00238051","1957-01","39.97018","-91.88753","214.9","STEFFENVILLE, MO US","0.0","0","0.0",",0","9",",0","6",",0","1",",0","16","1,0","5",",0","5",",0","29",",0","16",",0","1",",0","0",",0","","","19570114",",,0","19570131","+,1,0","19570123",",,0","","","19570122",",,0","19570121",",,0","-25.6",",0,14,","152","1,,0,31,+","76",",,0,23,","34.8",",,0,22,","21.7",",0,21,","1742.1","0","731.7",",0","58.2",",,,0","264",",,,0","-5.27",",0","0.41",",,,0","-10.95",",,,0"
"USC00238051","1957-02","39.97018","-91.88753","214.9","STEFFENVILLE, MO US","0.0","0","0.0",",0","8",",0","3",",0","1",",0","7",",0","0",",0","0",",0","21",",0","0",",0","0",",0","0",",0","","","19570217",",,0","19570201",",,0","19570223","+,,0","","","19570226",",,0","19570225","+,,0","-9.4",",0,17,","127",",,0,01,","13",",,0,23,+","31.8",",,0,26,","15.6",",0,25,+","2182.6","0","440.5",",0","47.9",",,,0","31",",,,0","2.60",",0","7.64",",,,0","-2.44",",,,0"
"USC00238051","1957-03","39.97018","-91.88753","214.9","STEFFENVILLE, MO US","0.0","0","0.0",",0","8",",0","6",",0","1",",0","3",",0","2",",0","0",",0","22",",0","0",",0","1",",0","0",",0","","","19570308","+,,0","19570326",",,0","19570326",",,0","","","19570325",",,0","19570313",",,0","-11.1",",0,08,+","102",",,0,26,","89",",,0,26,","38.1",",,0,25,","22.8",",0,13,","2598.8","0","416.2",",0","69.3",",,,0","119",",,,0","4.91",",0","10.95",",,,0","-1.14",",,,0"
"USC00238051","1957-04","39.97018","-91.88753","214.9","STEFFENVILLE, MO US","16.1","0","16.1",",0","17",",0","10",",0","2",",0","2",",0","2",",0","0",",0","7",",0","0",",0","10",",0","0",",0","","","19570412",",,0","19570412",",,0","19570412",",,0","","","19570403",",,0","19570424",",,0","-8.9",",0,12,","51",",,0,12,","51",",,0,12,","30.2",",,0,03,","28.9",",0,24,","2806.7","0","207.9",",0","130.3",",,,0","76",",,,0","11.94",",0","17.51",",,,0","6.37",",,,0"
"USC00238051","1957-05","39.97018","-91.88753","214.9","STEFFENVILLE, MO US","49.7","0","33.6",",0","12",",0","10",",0","3",",0","0",",0","0",",0","0",",0","1",",0","0",",0","24",",0","0",",0","","","19570504",",,0","19570531","+,,0","19570531","+,,0","","","19570525",",,0","19570514",",,0","0.0",",0,04,","0",",,0,31,+","0",",,0,31,+","31.8",",,0,25,","28.3",",0,14,","2866.0","0","59.3",",0","146.1",",,,0","0",",,,0","17.50",",0","23.62",",,,0","11.38",",,,0"
"USC00238051","1957-06","39.97018","-91.88753","214.9","STEFFENVILLE, MO US","175.7","0","126.0",",0","11",",0","8",",0","1",",0","0",",0","0",",0","0",",0","0",",0","0",",0","30",",0","0",",0","","","19570603",",,0","19570630","+,,0","19570630","+,,0","","","19570608",",,0","19570630","+,,0","7.8",",0,03,","0",",,0,30,+","0",",,0,30,+","27.9",",,0,08,","31.7",",0,30,+","2870.4","0","4.4",",0","109.1",",,,0","0",",,,0","22.39",",0","28.04",",,,0","16.73",",,,0"
"USC00238051","1957-07","39.97018","-91.88753","214.9","STEFFENVILLE, MO US","410.2","0","234.5",",0","8",",0","7",",0","1",",0","0",",0","0",",0","0",",0","0",",0","0",",0","31",",0","15",",0","","","19570725",",,0","19570731","+,,0","19570731","+,,0","","","19570715",",,0","19570713",",,0","13.3",",0,25,","0",",,0,31,+","0",",,0,31,+","33.0",",,0,15,","37.8",",0,13,","0.0","0","0.0",",0","128.4",",,,0","0",",,,0","25.90",",0","31.70",",,,0","20.09",",,,0"
"USC00238051","1957-08","39.97018","-91.88753","214.9","STEFFENVILLE, MO US","592.0","0","181.8",",0","10",",0","5",",0","0",",0","0",",0","0",",0","0",",0","0",",0","0",",0","31",",0","15",",0","","","19570806",",,0","19570831","+,,0","19570831","+,,0","","","19570816",",,0","19570815",",,0","11.7",",0,06,","0",",,0,31,+","0",",,0,31,+","20.1",",,0,16,","36.1",",0,15,","0.0","0","0.0",",0","45.7",",,,0","0",",,,0","24.20",",0","30.37",",,,0","18.02",",,,0"
"USC00238051","1957-09","39.97018","-91.88753","214.9","STEFFENVILLE, MO US","631.5","0","39.5","1,0","9",",0","4",",0","1",",0","0",",0","0",",0","0","1,0","0","1,0","0","1,0","24","1,0","1","1,0","","","19570929",",1,0","19570930","+,,0","19570930","+,,0","","","19570921",",,0","19570919",",1,0","1.7","1,0,29,","0",",,0,30,+","0",",,0,30,+","48.8",",,0,21,","32.2","1,0,19,","41.1","0","41.1","1,0","69.9",",,,0","0",",,,0","18.28","1,0","25.33","1,,,0","11.22","1,,,0"
"USC00238051","1957-10","39.97018","-91.88753","214.9","STEFFENVILLE, MO US","633.4","0","1.9",",0","5",",0","4",",0","4",",0","0",",0","0",",0","0",",0","7",",0","0",",0","10",",0","0",",0","","","19571027",",,0","19571031","+,,0","19571031","+,,0","","","19571023",",,0","19571001",",,0","-3.3",",0,27,","0",",,0,31,+","0",",,0,31,+","62.0",",,0,23,","26.1",",0,01,","249.6","0","208.5",",0","161.6",",,,0","0",",,,0","11.67",",0","17.88",",,,0","5.46",",,,0"
"USC00238051","1957-11","39.97018","-91.88753","214.9","STEFFENVILLE, MO US","633.4","0","0.0",",0","7",",0","5",",0","0",",0","1",",0","1",",0","0",",0","14",",0","0",",0","0",",0","0",",0","","","19571130",",,0","19571130",",,0","19571130",",,0","","","19571108",",,0","19571101",",,0","-11.7",",0,30,","25",",,0,30,","25",",,0,30,","14.0",",,0,08,","19.4",",0,01,","649.5","0","399.9",",0","48.9",",,,0","25",",,,0","5.00",",0","9.96",",,,0","0.04",",,,0"
"USC00238051","1957-12","39.97018","-91.88753","214.9","STEFFENVILLE, MO US","633.4","0","0.0",",0","11",",0","4",",0","0",",0","3",",0","3",",0","0",",0","21",",0","2",",0","0",",0","0",",0","","","19571212",",,0","19571231",",,0","19571231",",,0","","","19571225",",,0","19571218",",,0","-15.6",",0,12,","102",",,0,31,","102",",,0,31,","21.1",",,0,25,","17.2",",0,18,","1123.2","0","473.7",",0","62.6",",,,0","191",",,,0","3.05",",0","8.55",",,,0","-2.45",",,,0"
"USC00238051","1958-01","39.97018","-91.88753","214.9","STEFFENVILLE, MO US","0.0","0","0.0",",0","6",",0","3",",0","0",",0","21",",0","5",",0","2",",0","31",",0","11",",0","0",",0","0",",0","","","19580103",",,0","19580126","+,,0","19580121",",,0","","","19580121",",,0","19580109",",,0","-20.6",",0,03,","178",",,0,26,+","127",",,0,21,","10.9",",,0,21,","11.7",",0,09,","1777.0","0","653.8",",0","22.3",",,,0","279",",,,0","-2.76",",0","1.97",",,,0","-7.48",",,,0"
"USC00238051","1958-02","39.97018","-91.88753","214.9","STEFFENVILLE, MO US","0.0","0","0.0",",0","4",",0","2",",0","0",",0","21",",0","0",",0","6",",0","24",",0","16",",0","0",",0","0",",0","","","19580217","+,,0","19580205","+,,0","19580215","+,,0","","","19580227",",,0","19580223",",,0","-23.9",",0,17,+","76",",,0,05,+","13",",,0,15,+","5.6",",,0,27,","16.1",",0,23,","2441.9","0","664.9",",0","10.5",",,,0","26",",,,0","-5.41",",0","-0.08",",,,0","-10.75",",,,0"
"USC00238051","1958-03","39.97018","-91.88753","214.9","STEFFENVILLE, MO US","0.0","0","0.0",",0","9",",0","4",",0","0",",0","4",",0","2",",0","0",",0","23",",0","1",",0","0",",0","0",",0","","","19580322","+,,0","19580311",",,0","19580311",",,0","","","19580306",",,0","19580331",",,0","-5.0",",0,22,+","76",",,0,11,","76",",,0,11,","4.6",",,0,06,","17.2",",0,31,","2916.8","0","474.9",",0","17.6",",,,0","153",",,,0","3.01",",0","7.50",",,,0","-1.47",",,,0"
"USC00238051","1958-04","39.97018","-91.88753","214.9","STEFFENVILLE, MO US","2.8","0","2.8",",0","11",",0","5",",0","0",",0","0",",0","0",",0","0",",0","2",",0","0",",0","8",",0","0",",0","","","19580429",",,0","19580430","+,,0","19580430","+,,0","","","19580423",",,0","19580418",",,0","-1.7",",0,29,","0",",,0,30,+","0",",,0,30,+","20.8",",,0,23,","28.9",",0,18,","3106.6","0","189.8",",0","45.5",",,,0","0",",,,0","12.10",",0","18.73",",,,0","5.47",",,,0"
"USC00238051","1958-05","39.97018","-91.88753","214.9","STEFFENVILLE, MO US","37.8","0","35.0",",0","10",",0","6",",0","1",",0","0",",0","0",",0","0",",0","0",",0","0",",0","26",",0","0",",0","","","19580507","+,,0","19580531","+,,0","19580531","+,,0","","","19580516",",,0","19580531",",,0","1.1",",0,07,+","0",",,0,31,+","0",",,0,31,+","44.5",",,0,16,","30.6",",0,31,","3163.7","0","57.1",",0","104.6",",,,0","0",",,,0","17.62",",0","24.42",",,,0","10.82",",,,0"
"USC00238051","1958-06","39.97018","-91.88753","214.9","STEFFENVILLE, MO US","115.4","0","77.6","1,0","8",",0","5",",0","1",",0","0",",0","0",",0","0",",0","0",",0","0","1,0","27","1,0","3","1,0","","","19580622",",,0","19580630","+,,0","19580630","+,,0","","","19580613",",,0","19580608",",1,0","8.9",",0,22,","0",",,0,30,+","0",",,0,30,+","27.2",",,0,13,","35.0","1,0,08,","3175.1","0","11.4","1,0","82.8",",,,0","0",",,,0","20.60","1,0","26.19","1,,,0","15.00",",,,0"
"USC00238051","1958-07","39.97018","-91.88753","214.9","STEFFENVILLE, MO US","256.4","0","141.0",",0","12",",0","11",",0","5",",0","0",",0","0",",0","0",",0","0",",0","0",",0","30",",0","2",",0","","","19580708",",,0","19580731","+,,0","19580731","+,,0","","","19580715",",,0","19580702","+,,0","12.8",",0,08,","0",",,0,31,+","0",",,0,31,+","109.5",",,0,15,","32.8",",0,02,+","1.1","0","1.1",",0","322.6",",,,0","0",",,,0","22.85",",0","27.88",",,,0","17.81",",,,0"
"USC00238051","1958-08","39.97018","-91.88753","214.9","STEFFENVILLE, MO US","436.2","0","179.8",",0","7",",0","4",",0","1",",0","0",",0","0",",0","0",",0","0",",0","0",",0","31",",0","9",",0","","","19580825",",,0","19580831","+,,0","19580831","+,,0","","","19580821",",,0","19580830","+,,0","6.7",",0,25,","0",",,0,31,+","0",",,0,31,+","28.2",",,0,21,","33.9",",0,30,+","4.4","0","3.3",",0","63.7",",,,0","0",",,,0","24.03",",0","30.08",",,,0","17.97",",,,0"
"USC00238051","1958-09","39.97018","-91.88753","214.9","STEFFENVILLE, MO US","499.0","0","62.8",",0","10",",0","7",",0","0",",0","0",",0","0",",0","0",",0","0",",0","0",",0","26",",0","0",",0","","","19580928",",,0","19580930","+,,0","19580930","+,,0","","","19580930",",,0","19580903",",,0","3.9",",0,28,","0",",,0,30,+","0",",,0,30,+","24.1",",,0,30,","31.7",",0,03,","41.9","0","37.5",",0","73.4",",,,0","0",",,,0","19.18",",0","25.22",",,,0","13.13",",,,0"
"USC00238051","1958-10","39.97018","-91.88753","214.9","STEFFENVILLE, MO US","514.0","0","15.0",",0","4",",0","3",",0","1",",0","0",",0","0",",0","0",",0","3",",0","0",",0","18",",0","0",",0","","","19581030",",,0","19581031","+,,0","19581031","+,,0","","","19581008",",,0","19581016",",,0","-1.7",",0,30,","0",",,0,31,+","0",",,0,31,+","26.2",",,0,08,","28.3",",0,16,","185.7","0","143.8",",0","40.9",",,,0","0",",,,0","14.18",",0","21.53",",,,0","6.83",",,,0"
"USC00238051","1958-12","39.97018","-91.88753","214.9","STEFFENVILLE, MO US","","","0.0",",0","1",",0","1",",0","0",",0","2","2,0","1",",0","4",",0","29",",0","11",",0","0",",0","0",",0","","","19581215",",,0","19581231",",2,0","19581231",",,0","","","19581231",",,0","19581222",",,0","-19.4",",0,15,","152","2,,0,31,","140",",,0,31,","7.1",",,0,31,","15.0",",0,22,","","","620.3",",0","7.1",",,,0","153",",,,0","-1.68",",0","4.14",",,,0","-7.49",",,,0"
"USC00238051","1959-01","39.97018","-91.88753","214.9","STEFFENVILLE, MO US","0.0","0","0.0",",0","7",",0","2",",0","0",",0","25",",0","4",",0","5",",0","29",",0","17",",0","0",",0","0",",0","","","19590105",",,0","19590122",",,0","19590121",",,0","","","19590121",",,0","19590114",",,0","-25.0",",0,05,","279",",,0,22,","203",",,0,21,","20.3",",,0,21,","10.0",",0,14,","","","762.9",",0","27.1",",,,0","330",",,,0","-6.28",",0","-0.64",",,,0","-11.91",",,,0"
"USC00238051","1959-02","39.97018","-91.88753","214.9","STEFFENVILLE, MO US","0.0","0","0.0",",0","8",",0","2",",0","1",",0","10",",0","2",",0","1",",0","24",",0","5",",0","0",",0","0",",0","","","19590202",",,0","19590205","+,,0","19590201",",,0","","","19590210",",,0","19590227","+,,0","-21.7",",0,02,","102",",,0,05,+","51",",,0,01,","35.6",",,0,10,","14.4",",0,27,+","","","540.7",",0","48.0",",,,0","89",",,,0","-0.98",",0","4.36",",,,0","-6.31",",,,0"
"USC00238051","1959-03","39.97018","-91.88753","214.9","STEFFENVILLE, MO US","0.0","0","0.0",",0","12",",0","7",",0","1",",0","6",",0","5",",0","0",",0","19",",0","0",",0","3",",0","0",",0","","","19590322",",,0","19590305",",,0","19590305",",,0","","","19590305",",,0","19590324",",,0","-9.4",",0,22,","102",",,0,05,","89",",,0,05,","30.0",",,0,05,","24.4",",0,24,","","","396.5",",0","90.9",",,,0","189",",,,0","5.54",",0","11.66",",,,0","-0.58",",,,0"
"USC00238051","1959-04","39.97018","-91.88753","214.9","STEFFENVILLE, MO US","4.2","0","4.2","1,0","11",",0","8",",0","0",",0","0",",0","0",",0","0","1,0","5","1,0","0",",0","13",",0","0",",0","","","19590411",",1,0","19590408",",,0","19590408",",,0","","","19590428",",,0","19590430",",,0","-3.3","1,0,11,","0",",T,0,08,","0",",T,0,08,","18.3",",,0,28,","28.9",",0,30,","","","191.8",",0","69.1",",,,0","0",",T,,0","11.87","1,0","18.23",",,,0","5.50","1,,,0"
"USC00238051","1959-05","39.97018","-91.88753","214.9","STEFFENVILLE, MO US","80.5","0","76.3",",0","12",",0","10",",0","0",",0","0",",0","0",",0","0",",0","0",",0","0",",0","26",",0","0",",0","","","19590515",",,0","19590531","+,,0","19590531","+,,0","","","19590511",",,0","19590505",",,0","1.1",",0,15,","0",",,0,31,+","0",",,0,31,+","19.6",",,0,11,","31.7",",0,05,","","","46.8",",0","110.1",",,,0","0",",,,0","19.28",",0","25.31",",,,0","13.26",",,,0"
"USC00238051","1959-06","39.97018","-91.88753","214.9","STEFFENVILLE, MO US","228.3","0","147.8",",0","5",",0","3",",0","1",",0","0",",0","0",",0","0",",0","0",",0","0",",0","29",",0","7",",0","","","19590614",",,0","19590630","+,,0","19590630","+,,0","","","19590601",",,0","19590625",",,0","10.0",",0,14,","0",",,0,30,+","0",",,0,30,+","37.3",",,0,01,","34.4",",0,25,","","","3.3",",0","48.3",",,,0","0",",,,0","23.15",",0","29.54",",,,0","16.76",",,,0"
"USC00238051","1959-07","39.97018","-91.88753","214.9","STEFFENVILLE, MO US","386.4","0","158.1","2,0","9",",0","7",",0","1",",0","0",",0","0",",0","0","2,0","0","2,0","0","1,0","30","1,0","7","1,0","","","19590702",",2,0","19590731","+,,0","19590731","+,,0","","","19590701",",,0","19590708",",1,0","9.4","2,0,02,","0",",,0,31,+","0",",,0,31,+","30.0",",,0,01,","34.4","1,0,08,","0.8","0","0.8","1,0","91.5",",,,0","0",",,,0","23.77","2,0","30.52","1,,,0","17.01","2,,,0"
"USC00238051","1959-08","39.97018","-91.88753","214.9","STEFFENVILLE, MO US","609.5","0","223.1",",0","8",",0","5",",0","2",",0","0",",0","0",",0","0",",0","0",",0","0",",0","31",",0","15",",0","","","19590809",",,0","19590831","+,,0","19590831","+,,0","","","19590805",",,0","19590821","+,,0","13.3",",0,09,","0",",,0,31,+","0",",,0,31,+","54.9",",,0,05,","35.0",",0,21,+","0.8","0","0.0",",0","103.8",",,,0","0",",,,0","25.53",",0","31.09",",,,0","19.96",",,,0"
"USC00238051","1959-09","39.97018","-91.88753","214.9","STEFFENVILLE, MO US","704.2","0","94.7",",0","11",",0","11",",0","0",",0","0",",0","0",",0","0",",0","0",",0","0",",0","25",",0","5",",0","","","19590911",",,0","19590930","+,,0","19590930","+,,0","","","19590928",",,0","19590907",",,0","6.1",",0,11,","0",",,0,30,+","0",",,0,30,+","18.8",",,0,28,","33.9",",0,07,","35.2","0","34.4",",0","107.7",",,,0","0",",,,0","20.34",",0","26.52",",,,0","14.16",",,,0"
"USC00238051","1959-10","39.97018","-91.88753","214.9","STEFFENVILLE, MO US","705.0","0","0.8",",0","11",",0","9",",0","1",",0","0",",0","0",",0","0",",0","3",",0","0",",0","7",",0","0",",0","","","19591012",",,0","19591031","+,,0","19591031","+,,0","","","19591005",",,0","19591022","+,,0","-0.6",",0,12,","0",",,0,31,+","0",",,0,31,+","43.7",",,0,05,","23.3",",0,22,+","231.2","0","196.0",",0","90.8",",,,0","0",",,,0","12.04",",0","17.32",",,,0","6.75",",,,0"
"USC00238051","1959-11","39.97018","-91.88753","214.9","STEFFENVILLE, MO US","705.6","0","0.6",",0","3",",0","1",",0","0",",0","0",",0","0",",0","0",",0","20",",0","6",",0","2",",0","0",",0","","","19591117",",,0","19591114","+,,0","19591114",",,0","","","19591114",",,0","19591103",",,0","-16.7",",0,17,","0",",T,0,14,+","5",",,0,14,","2.5",",,0,14,","22.8",",0,03,","699.2","0","468.0",",0","5.0",",,,0","5",",,,0","2.75",",0","8.86",",,,0","-3.35",",,,0"
"USC00238051","1959-12","39.97018","-91.88753","214.9","STEFFENVILLE, MO US","705.6","0","0.0",",0","11",",0","4",",0","0",",0","2",",0","2","1,0","0",",0","20",",0","2",",0","0",",0","0",",0","","","19591207",",,0","19591228","+,,0","19591221",",1,0","","","19591211",",,0","19591203",",,0","-11.7",",0,07,","25",",,0,28,+","38","1,,0,21,","18.3",",,0,11,","16.1",",0,03,","1175.3","0","476.1",",0","47.4",",,,0","63","1,,,0","2.97",",0","6.84",",,,0","-0.89",",,,0"
"USC00238051","1960-01","39.97018","-91.88753","214.9","STEFFENVILLE, MO US","0.0","0","0.0",",0","6",",0","5",",0","0",",0","13",",0","2",",0","3",",0","28",",0","11",",0","0",",0","0",",0","","","19600123",",,0","19600118",",,0","19600118",",,0","","","19600113",",,0","19600112",",,0","-20.0",",0,23,","152",",,0,18,","152",",,0,18,","15.5",",,0,13,","17.2",",0,12,","1809.6","0","634.3",",0","49.8",",,,0","190",",,,0","-2.13",",0","2.25",",,,0","-6.51",",,,0"
"USC00238051","1960-02","39.97018","-91.88753","214.9","STEFFENVILLE, MO US","0.0","0","0.0",",0","10",",0","5",",0","0",",0","11",",0","4",",0","1",",0","27",",0","13",",0","0",",0","0",",0","","","19600222",",,0","19600229","+,,0","19600224",",,0","","","19600205",",,0","19600208",",,0","-17.8",",0,22,","127",",,0,29,+","109",",,0,24,","6.6",",,0,05,","9.4",",0,08,","2428.7","0","619.1",",0","26.6",",,,0","275",",,,0","-3.01",",0","0.90",",,,0","-6.93",",,,0"
"USC00238051","1960-03","39.97018","-91.88753","214.9","STEFFENVILLE, MO US","0.0","0","0.0",",0","7",",0","6",",0","0",",0","28",",0","5",",0","5",",0","26",",0","16",",0","3",",0","0",",0","","","19600305",",,0","19600316",",,0","19600316",",,0","","","19600316",",,0","19600329",",,0","-23.9",",0,05,","305",",,0,16,","178",",,0,16,","10.9",",,0,16,","22.8",",0,29,","3090.3","0","661.6",",0","36.5",",,,0","450",",,,0","-3.01",",0","2.48",",,,0","-8.49",",,,0"
"USC00238051","1960-04","39.97018","-91.88753","214.9","STEFFENVILLE, MO US","14.1","0","14.1",",0","10",",0","8",",0","1",",0","0",",0","0",",0","0",",0","4",",0","0",",0","15",",0","0",",0","","","19600410",",,0","19600430","+,,0","19600430","+,,0","","","19600416",",,0","19600422",",,0","-6.7",",0,10,","0",",,0,30,+","0",",,0,30,+","27.9",",,0,16,","30.0",",0,22,","3272.7","0","182.4",",0","96.0",",,,0","0",",,,0","12.73",",0","19.17",",,,0","6.28",",,,0"
"USC00238051","1960-05","39.97018","-91.88753","214.9","STEFFENVILLE, MO US","36.4","0","22.3",",0","14",",0","11",",0","2",",0","0",",0","0",",0","0",",0","0",",0","0",",0","21",",0","0",",0","","","19600501",",,0","19600531","+,,0","19600531","+,,0","","","19600506",",,0","19600515",",,0","1.7",",0,01,","0",",,0,31,+","0",",,0,31,+","38.6",",,0,06,","31.7",",0,15,","3361.3","0","88.6",",0","146.1",",,,0","0",",,,0","16.20",",0","22.41",",,,0","9.98",",,,0"
"USC00238051","1960-06","39.97018","-91.88753","214.9","STEFFENVILLE, MO US","127.0","0","90.6",",0","11",",0","9",",0","2",",0","0",",0","0",",0","0",",0","0",",0","0",",0","30",",0","1",",0","","","19600617",",,0","19600630","+,,0","19600630","+,,0","","","19600623",",,0","19600604",",,0","8.9",",0,17,","0",",,0,30,+","0",",,0,30,+","53.8",",,0,23,","33.3",",0,04,","3365.7","0","4.4",",0","160.8",",,,0","0",",,,0","21.21",",0","26.68",",,,0","15.74",",,,0"
"USC00238051","1960-07","39.97018","-91.88753","214.9","STEFFENVILLE, MO US","273.7","0","146.7",",0","6",",0","4",",0","3",",0","0",",0","0",",0","0",",0","0",",0","0",",0","31",",0","3",",0","","","19600731",",,0","19600731","+,,0","19600731","+,,0","","","19600710",",,0","19600726",",,0","11.7",",0,31,","0",",,0,31,+","0",",,0,31,+","66.8",",,0,10,","32.8",",0,26,","0.0","0","0.0",",0","148.3",",,,0","0",",,,0","23.07",",0","29.09",",,,0","17.04",",,,0"
"USC00238051","1960-08","39.97018","-91.88753","214.9","STEFFENVILLE, MO US","464.3","0","190.6",",0","9",",0","4",",0","0",",0","0",",0","0",",0","0",",0","0",",0","0",",0","31",",0","7",",0","","","19600811",",,0","19600831","+,,0","19600831","+,,0","","","19600807",",,0","19600831",",,0","12.2",",0,11,","0",",,0,31,+","0",",,0,31,+","23.9",",,0,07,","35.6",",0,31,","0.0","0","0.0",",0","46.8",",,,0","0",",,,0","24.48",",0","30.60",",,,0","18.37",",,,0"
"USC00238051","1960-09","39.97018","-91.88753","214.9","STEFFENVILLE, MO US","583.8","0","119.5",",0","5",",0","3",",0","0",",0","0",",0","0",",0","0",",0","0",",0","0",",0","29",",0","9",",0","","","19600929",",,0","19600930","+,,0","19600930","+,,0","","","19600924",",,0","19600903",",,0","5.6",",0,29,","0",",,0,30,+","0",",,0,30,+","11.2",",,0,24,","37.2",",0,03,","18.0","0","18.0",",0","23.0",",,,0","0",",,,0","21.72",",0","29.56",",,,0","13.87",",,,0"
"USC00238051","1960-10","39.97018","-91.88753","214.9","STEFFENVILLE, MO US","595.1","0","11.3",",0","8",",0","6",",0","2",",0","0",",0","0",",0","0",",0","1",",0","0",",0","17",",0","0",",0","","","19601020",",,0","19601031","+,,0","19601031","+,,0","","","19601030",",,0","19601012",",,0","-6.7",",0,20,","0",",,0,31,+","0",",,0,31,+","39.9",",,0,30,","30.6",",0,12,","169.6","0","151.6",",0","106.2",",,,0","0",",,,0","13.81",",0","20.98",",,,0","6.63",",,,0"
"USC00238051","1960-11","39.97018","-91.88753","214.9","STEFFENVILLE, MO US","596.2","0","1.1",",0","5",",0","2",",0","0",",0","0",",0","0",",0","0",",0","14",",0","0",",0","4",",0","0",",0","","","19601130",",,0","19601130","+,,0","19601110",",,0","","","19601101",",,0","19601114",",,0","-8.9",",0,30,","0",",,0,30,+","0",",T,0,10,","12.7",",,0,01,","23.9",",0,14,","498.4","0","328.8",",0","25.3",",,,0","0",",T,,0","7.41",",0","13.80",",,,0","1.02",",,,0"
"USC00238051","1960-12","39.97018","-91.88753","214.9","STEFFENVILLE, MO US","596.2","0","0.0",",0","6",",0","3",",0","0",",0","17",",0","5",",0","2",",0","29",",0","8",",0","0",",0","0",",0","","","19601223",",,0","19601224",",,0","19601224",",,0","","","19601205",",,0","19601204",",,0","-20.6",",0,23,","127",",,0,24,","64",",,0,24,","11.2",",,0,05,","17.2",",0,04,","1119.5","0","621.1",",0","27.3",",,,0","216",",,,0","-1.70",",0","3.39",",,,0","-6.79",",,,0"
"USC00238051","1961-01","39.97018","-91.88753","214.9","STEFFENVILLE, MO US","0.0","0","0.0",",0","6",",0","1",",0","0",",0","16",",0","4",",0","7",",0","30",",0","12",",0","0",",0","0",",0","","","19610127",",,0","19610128","+,,0","19610126",",,0","","","19610126",",,0","19610113",",,0","-23.3",",0,27,","102",",,0,28,+","76",",,0,26,","3.8",",,0,26,","13.3",",0,13,","1785.8","0","666.3",",0","8.9",",,,0","190",",,,0","-3.16",",0","2.74",",,,0","-9.06",",,,0"
"USC00238051","1961-02","39.97018","-91.88753","214.9","STEFFENVILLE, MO US","0.0","0","0.0",",0","3",",0","3",",0","0",",0","10",",0","1",",0","0",",0","22",",0","5",",0","0",",0","0",",0","","","19610204",",,0","19610205","+,,0","19610203",",,0","","","19610218",",,0","19610223",",,0","-17.2",",0,04,","178",",,0,05,+","178",",,0,03,","21.6",",,0,18,","16.1",",0,23,","2255.2","0","469.4",",0","39.9",",,,0","178",",,,0","1.57",",0","7.22",",,,0","-4.09",",,,0"
"USC00238051","1961-03","39.97018","-91.88753","214.9","STEFFENVILLE, MO US","0.0","0","0.0",",0","12",",0","10",",0","3",",0","1",",0","1",",0","0",",0","12",",0","0",",0","1",",0","0",",0","","","19610316",",,0","19610309",",,0","19610309",",,0","","","19610308",",,0","19610304",",,0","-5.6",",0,16,","25",",,0,09,","25",",,0,09,","34.5",",,0,08,","24.4",",0,04,","2623.1","0","367.9",",0","144.1",",,,0","25",",,,0","6.47",",0","11.70",",,,0","1.23",",,,0"
"USC00238051","1961-04","39.97018","-91.88753","214.9","STEFFENVILLE, MO US","4.2","0","4.2",",0","11",",0","8",",0","1",",0","0",",0","0",",0","0",",0","10",",0","0",",0","6",",0","0",",0","","","19610402",",,0","19610417",",,0","19610417",",,0","","","19610422",",,0","19610423",",,0","-5.6",",0,02,","0",",T,0,17,","0",",T,0,17,","28.7",",,0,22,","28.3",",0,23,","2903.3","0","280.2",",0","81.1",",,,0","0",",T,,0","9.13",",0","15.04",",,,0","3.22",",,,0"
"USC00238051","1961-05","39.97018","-91.88753","214.9","STEFFENVILLE, MO US","24.2","0","20.0",",0","6",",0","6",",0","1",",0","0",",0","0",",0","0",",0","1",",0","0",",0","19",",0","0",",0","","","19610502",",,0","19610531","+,,0","19610531","+,,0","","","19610506",",,0","19610531",",,0","0.0",",0,02,","0",",,0,31,+","0",",,0,31,+","27.9",",,0,06,","31.1",",0,31,","3015.2","0","111.9",",0","76.9",",,,0","0",",,,0","15.37",",0","21.78",",,,0","8.96",",,,0"
"USC00238051","1961-06","39.97018","-91.88753","214.9","STEFFENVILLE, MO US","132.0","0","107.8",",0","6",",0","5",",0","1",",0","0",",0","0",",0","0",",0","0",",0","0",",0","30",",0","4",",0","","","19610618",",,0","19610630","+,,0","19610630","+,,0","","","19610620",",,0","19610629",",,0","6.7",",0,18,","0",",,0,30,+","0",",,0,30,+","25.9",",,0,20,","33.9",",0,29,","3025.0","0","9.8",",0","58.0",",,,0","0",",,,0","21.60",",0","28.37",",,,0","14.83",",,,0"
"USC00238051","1961-07","39.97018","-91.88753","214.9","STEFFENVILLE, MO US","308.1","0","176.1",",0","15",",0","10",",0","2",",0","0",",0","0",",0","0",",0","0",",0","0",",0","31",",0","5",",0","","","19610709",",,0","19610731","+,,0","19610731","+,,0","","","19610723",",,0","19610730","+,,0","11.7",",0,09,","0",",,0,31,+","0",",,0,31,+","44.7",",,0,23,","32.8",",0,30,+","0.0","0","0.0",",0","162.3",",,,0","0",",,,0","24.01",",0","29.71",",,,0","18.32",",,,0"
"USC00238051","1961-08","39.97018","-91.88753","214.9","STEFFENVILLE, MO US","467.3","0","159.2",",0","7",",0","5",",0","0",",0","0",",0","0",",0","0",",0","0",",0","0",",0","31",",0","7",",0","","","19610823",",,0","19610831","+,,0","19610831","+,,0","","","19610812",",,0","19610827",",,0","9.4",",0,23,","0",",,0,31,+","0",",,0,31,+","11.4",",,0,12,","35.0",",0,27,","1.1","0","1.1",",0","31.9",",,,0","0",",,,0","23.43",",0","30.04",",,,0","16.83",",,,0"
"USC00238051","1961-09","39.97018","-91.88753","214.9","STEFFENVILLE, MO US","557.8","0","90.5",",0","10",",0","7",",0","4",",0","0",",0","0",",0","0",",0","0",",0","0",",0","26",",0","5",",0","","","19610928",",,0","19610930","+,,0","19610930","+,,0","","","19610914",",,0","19610902",",,0","1.7",",0,28,","0",",,0,30,+","0",",,0,30,+","121.9",",,0,14,","35.0",",0,02,","58.7","0","57.6",",0","273.7",",,,0","0",",,,0","19.43",",0","25.64",",,,0","13.22",",,,0"
"USC00238051","1961-10","39.97018","-91.88753","214.9","STEFFENVILLE, MO US","567.1","0","9.3",",0","10",",0","8",",0","0",",0","0",",0","0",",0","0",",0","2",",0","0",",0","17",",0","0",",0","","","19611026",",,0","19611031","+,,0","19611031","+,,0","","","19611029",",,0","19611012",",,0","-0.6",",0,26,","0",",,0,31,+","0",",,0,31,+","23.1",",,0,29,","27.8",",0,12,","200.0","0","141.3",",0","108.4",",,,0","0",",,,0","14.07",",0","20.36",",,,0","7.79",",,,0"
"USC00238051","1961-11","39.97018","-91.88753","214.9","STEFFENVILLE, MO US","567.1","0","0.0",",0","7",",0","6",",0","1",",0","2",",0","1",",0","0",",0","15",",0","0",",0","1",",0","0",",0","","","19611128",",,0","19611119",",,0","19611119",",,0","","","19611116",",,0","19611101",",,0","-7.2",",0,28,","76",",,0,19,","76",",,0,19,","32.0",",,0,16,","21.1",",0,01,","578.1","0","378.1",",0","84.9",",,,0","76",",,,0","5.73",",0","10.56",",,,0","0.90",",,,0"
"USC00238051","1961-12","39.97018","-91.88753","214.9","STEFFENVILLE, MO US","567.1","0","0.0",",0","6","2,0","3","2,0","0","2,0","23",",0","5",",0","3",",0","27",",0","14",",0","0",",0","0",",0","","","19611228",",,0","19611220","+,,0","19611219",",,0","","","19611219",",2,0","19611203",",,0","-22.2",",0,28,","152",",,0,20,+","127",",,0,19,","9.4","2,,0,19,","18.9",",0,03,","1230.4","0","652.3",",0","23.4","2,,,0","325",",,,0","-2.71",",0","2.19",",,,0","-7.60",",,,0"
"USC00238051","1962-01","39.97018","-91.88753","214.9","STEFFENVILLE, MO US","0.0","0","0.0",",0","9",",0","6",",0","0",",0","30",",0","3",",0","8",",0","28",",0","16",",0","0",",0","0",",0","","","19620120",",,0","19620124","+,,0","19620119","+,,0","","","19620105",",,0","19620104","+,,0","-24.4",",0,20,","127",",,0,24,+","51",",,0,19,+","9.9",",,0,05,","8.9",",0,04,+","1998.5","0","768.1",",0","44.5",",,,0","166",",,,0","-6.45",",0","-1.14",",,,0","-11.75",",,,0"
"USC00238051","1962-02","39.97018","-91.88753","214.9","STEFFENVILLE, MO US","0.0","0","0.0",",0","7",",0","4",",0","0",",0","13",",0","3",",0","1",",0","26",",0","5",",0","0",",0","0",",0","","","19620228",",,0","19620224",",,0","19620224","+,,0","","","19620221",",,0","19620204",",,0","-20.6",",0,28,","127",",,0,24,","102",",,0,24,+","10.4",",,0,21,","18.3",",0,04,","2527.9","0","529.4",",0","35.5",",,,0","294",",,,0","-0.57",",0","4.01",",,,0","-5.16",",,,0"
"USC00238051","1962-03","39.97018","-91.88753","214.9","STEFFENVILLE, MO US","0.6","0","0.6",",0","7",",0","5",",0","1",",0","5",",0","1",",0","1",",0","22",",0","4",",0","2",",0","0",",0","","","19620301",",,0","19620308","+,,0","19620305",",,0","","","19620321",",,0","19620328",",,0","-22.2",",0,01,","25",",,0,08,+","25",",,0,05,","32.8",",,0,21,","26.7",",0,28,","3020.3","0","492.4",",0","55.0",",,,0","40",",,,0","2.47",",0","7.98",",,,0","-3.05",",,,0"
"USC00238051","1962-04","39.97018","-91.88753","214.9","STEFFENVILLE, MO US","12.3","0","11.7",",0","7",",0","5",",0","0",",0","0",",0","0",",0","0",",0","8",",0","0",",0","11",",0","0",",0","","","19620403",",,0","19620402",",,0","19620402",",,0","","","19620409",",,0","19620426",",,0","-5.6",",0,03,","0",",T,0,02,","13",",,0,02,","5.1",",,0,09,","29.4",",0,26,","3243.5","0","223.2",",0","19.2",",,,0","13",",,,0","11.28",",0","18.19",",,,0","4.37",",,,0"
"USC00238051","1962-05","39.97018","-91.88753","214.9","STEFFENVILLE, MO US","139.1","0","126.8",",0","10",",0","6",",0","1",",0","0",",0","0",",0","0",",0","0",",0","0",",0","29",",0","4",",0","","","19620503",",,0","19620531","+,,0","19620531","+,,0","","","19620511",",,0","19620519",",,0","6.7",",0,03,","0",",,0,31,+","0",",,0,31,+","28.2",",,0,11,","32.8",",0,19,","3257.0","0","13.5",",0","72.4",",,,0","0",",,,0","21.99",",0","28.62",",,,0","15.35",",,,0"
"USC00238051","1962-06","39.97018","-91.88753","214.9","STEFFENVILLE, MO US","270.5","0","131.4",",0","10",",0","6",",0","1",",0","0",",0","0",",0","0",",0","0",",0","0",",0","29",",0","7",",0","","","19620613",",,0","19620630","+,,0","19620630","+,,0","","","19620630",",,0","19620617",",,0","8.9",",0,13,","0",",,0,30,+","0",",,0,30,+","33.5",",,0,30,","33.9",",0,17,","3262.6","0","5.6",",0","73.9",",,,0","0",",,,0","22.53",",0","28.90",",,,0","16.15",",,,0"
"USC00238051","1962-07","39.97018","-91.88753","214.9","STEFFENVILLE, MO US","434.7","0","164.2",",0","10",",0","6",",0","3",",0","0",",0","0",",0","0",",0","0",",0","0",",0","31",",0","5",",0","","","19620728","+,,0","19620731","+,,0","19620731","+,,0","","","19620703",",,0","19620704",",,0","9.4",",0,28,+","0",",,0,31,+","0",",,0,31,+","79.5",",,0,03,","33.3",",0,04,","2.8","0","2.8",",0","187.2",",,,0","0",",,,0","23.54",",0","29.45",",,,0","17.63",",,,0"
"USC00238051","1962-08","39.97018","-91.88753","214.9","STEFFENVILLE, MO US","620.5","0","185.8",",0","8",",0","3",",0","0",",0","0",",0","0",",0","0",",0","0",",0","0",",0","31",",0","13",",0","","","19620826",",,0","19620831","+,,0","19620831","+,,0","","","19620806",",,0","19620819",",,0","10.0",",0,26,","0",",,0,31,+","0",",,0,31,+","7.6",",,0,06,","37.2",",0,19,","2.8","0","0.0",",0","23.0",",,,0","0",",,,0","24.33",",0","31.44",",,,0","17.21",",,,0"
"USC00238051","1962-09","39.97018","-91.88753","214.9","STEFFENVILLE, MO US","675.4","0","54.9",",0","8",",0","6",",0","1",",0","0",",0","0",",0","0",",0","0",",0","0",",0","26",",0","2",",0","","","19620929","+,,0","19620930","+,,0","19620930","+,,0","","","19620909",",,0","19620913",",,0","2.2",",0,29,+","0",",,0,30,+","0",",,0,30,+","45.0",",,0,09,","33.9",",0,13,","57.8","0","55.0",",0","83.3",",,,0","0",",,,0","18.33",",0","24.97",",,,0","11.69",",,,0"
"USC00238051","1962-10","39.97018","-91.88753","214.9","STEFFENVILLE, MO US","706.0","0","30.6",",0","11",",0","9",",0","0",",0","0",",0","0",",0","0",",0","3",",0","0",",0","15",",0","0",",0","","","19621026",",,0","19621031","+,,0","19621031","+,,0","","","19621020",",,0","19621011",",,0","-5.0",",0,26,","0",",,0,31,+","0",",,0,31,+","18.0",",,0,20,","31.7",",0,11,","194.5","0","136.7",",0","91.8",",,,0","0",",,,0","14.91",",0","20.76",",,,0","9.05",",,,0"
"USC00238051","1962-11","39.97018","-91.88753","214.9","STEFFENVILLE, MO US","706.0","0","0.0",",0","3",",0","2",",0","0",",0","0",",0","0",",0","0",",0","14",",0","0",",0","0",",0","0",",0","","","19621109",",,0","19621130","+,,0","19621130","+,,0","","","19621116",",,0","19621114",",,0","-6.1",",0,09,","0",",,0,30,+","0",",,0,30,+","21.6",",,0,16,","20.6",",0,14,","563.0","0","368.5",",0","29.5",",,,0","0",",,,0","6.05",",0","11.87",",,,0","0.23",",,,0"
"USC00238051","1962-12","39.97018","-91.88753","214.9","STEFFENVILLE, MO US","706.0","0","0.0",",0","8",",0","2",",0","0",",0","11",",0","2",",0","4",",0","27",",0","12",",0","0",",0","0",",0","","","19621226",",,0","19621227","+,,0","19621225",",,0","","","19621220",",,0","19621202",",,0","-24.4",",0,26,","76",",,0,27,+","64",",,0,25,","10.2",",,0,20,","18.3",",0,02,","1183.2","0","620.2",",0","18.5",",,,0","149",",,,0","-1.67",",0","4.05",",,,0","-7.40",",,,0"
"USC00238051","1963-01","39.97018","-91.88753","214.9","STEFFENVILLE, MO US","0.0","0","0.0",",0","5",",0","2",",0","0",",0","18",",0","3",",0","14",",0","31",",0","22",",0","0",",0","0",",0","","","19630123",",,0","19630131","+,,0","19630123",",,0","","","19630123","+,,0","19630109","+,,0","-25.6",",0,23,","76",",,0,31,+","38",",,0,23,","2.5",",,0,23,+","12.2",",0,09,+","2014.1","0","830.9",",0","9.8",",,,0","119",",,,0","-8.47",",0","-3.56",",,,0","-13.38",",,,0"
"USC00238051","1963-02","39.97018","-91.88753","214.9","STEFFENVILLE, MO US","0.0","0","0.0",",0","6",",0","2",",0","0",",0","13",",0","5",",0","5",",0","26",",0","12",",0","0",",0","0",",0","","","19630226",",,0","19630225",",,0","19630224",",,0","","","19630224",",,0","19630218",",,0","-24.4",",0,26,","127",",,0,25,","64",",,0,24,","5.6",",,0,24,","14.4",",0,18,","2622.2","0","608.1",",0","11.5",",,,0","190",",,,0","-3.38",",0","2.70",",,,0","-9.46",",,,0"
"USC00238051","1963-03","39.97018","-91.88753","214.9","STEFFENVILLE, MO US","3.4","0","3.4",",0","8",",0","6",",0","1",",0","1",",0","0",",0","0",",0","14",",0","0",",0","9",",0","0",",0","","","19630301",",,0","19630306",",,0","19630306",",,0","","","19630305",",,0","19630329",",,0","-11.7",",0,01,","25",",,0,06,","13",",,0,06,","32.0",",,0,05,","26.7",",0,29,","2957.7","0","335.5",",0","66.7",",,,0","13",",,,0","7.62",",0","13.86",",,,0","1.37",",,,0"
"USC00238051","1963-04","39.97018","-91.88753","214.9","STEFFENVILLE, MO US","19.0","0","15.6",",0","6",",0","3",",0","0",",0","0",",0","0",",0","0",",0","2",",0","0",",0","17",",0","0",",0","2","","19630424",",,0","19630430","+,,0","19630430","+,,0","2","","19630429",",,0","19630417","+,,0","-3.3",",0,24,","0",",,0,30,+","0",",,0,30,+","17.3",",,0,29,","29.4",",0,17,+","3102.3","0","144.6",",0","32.0",",,,0","0",",,,0","14.03",",0","20.89",",,,0","7.18",",,,0"
"USC00238051","1963-05","39.97018","-91.88753","214.9","STEFFENVILLE, MO US","50.5","0","31.5",",0","8",",0","5",",0","1",",0","0",",0","0",",0","0",",0","1",",0","0",",0","23",",0","2",",0","","","19630501",",,0","19630531","+,,0","19630531","+,,0","","","19630516",",,0","19630509",",,0","0.0",",0,01,","0",",,0,31,+","0",",,0,31,+","27.4",",,0,16,","33.3",",0,09,","3170.7","0","68.4",",0","86.0",",,,0","0",",,,0","17.14",",0","23.23",",,,0","11.06",",,,0"
"USC00238051","1963-06","39.97018","-91.88753","214.9","STEFFENVILLE, MO US","235.0","0","184.5",",0","2",",0","2",",0","0",",0","0",",0","0",",0","0",",0","0",",0","0",",0","30",",0","14",",0","1","","19630622",",,0","19630630","+,,0","19630630","+,,0","2","","19630620",",,0","19630628",",,0","8.9",",0,22,","0",",,0,30,+","0",",,0,30,+","9.4",",,0,20,","37.2",",0,28,","3172.6","0","1.9",",0","18.3",",,,0","0",",,,0","24.42",",0","31.43",",,,0","17.40",",,,0"
"USC00238051","1963-07","39.97018","-91.88753","214.9","STEFFENVILLE, MO US","437.5","0","202.5",",0","7",",0","5",",0","2",",0","0",",0","0",",0","0",",0","0",",0","0",",0","31",",0","13",",0","","","19630709",",,0","19630731","+,,0","19630731","+,,0","","","19630713",",,0","19630702","+,,0","11.7",",0,09,","0",",,0,31,+","0",",,0,31,+","40.1",",,0,13,","36.7",",0,02,+","0.0","0","0.0",",0","106.3",",,,0","0",",,,0","24.87",",0","31.17",",,,0","18.56",",,,0"
"USC00238051","1963-08","39.97018","-91.88753","214.9","STEFFENVILLE, MO US","605.5","0","168.0",",0","6",",0","3",",0","2",",0","0",",0","0",",0","0",",0","0",",0","0",",0","29",",0","13",",0","","","19630815",",,0","19630831","+,,0","19630831","+,,0","","","19630819",",,0","19630802",",,0","10.0",",0,15,","0",",,0,31,+","0",",,0,31,+","43.2",",,0,19,","37.2",",0,02,","5.0","0","5.0",",0","88.4",",,,0","0",",,,0","23.59",",0","29.87",",,,0","17.31",",,,0"
"USC00238051","1963-09","39.97018","-91.88753","214.9","STEFFENVILLE, MO US","678.9","0","73.4",",0","6",",0","6",",0","1",",0","0",",0","0",",0","0",",0","0",",0","0",",0","28",",0","3",",0","6","","19630930",",,0","19630930","+,,0","19630930","+,,0","2","","19630910",",,0","19630909",",,0","6.7",",0,30,","0",",,0,30,+","0",",,0,30,+","48.3",",,0,10,","33.3",",0,09,","29.8","0","24.8",",0","83.6",",,,0","0",",,,0","19.95",",0","26.53",",,,0","13.37",",,,0"
"USC00238051","1963-10","39.97018","-91.88753","214.9","STEFFENVILLE, MO US","747.7","0","68.8","1,0","9",",0","6",",0","0",",0","0",",0","0",",0","0",",0","2",",0","0","1,0","26","1,0","3","1,0","","","19631029","+,,0","19631031","+,,0","19631031","+,,0","3","","19631016",",,0","19631010","+,1,0","0.0",",0,29,+","0",",,0,31,+","0",",,0,31,+","16.8",",,0,16,","33.3","1,0,10,+","67.1","0","37.3","1,0","39.3",",,,0","0",",,,0","19.44","1,0","27.06","1,,,0","11.81",",,,0"
"USC00238051","1963-11","39.97018","-91.88753","214.9","STEFFENVILLE, MO US","747.7","0","0.0","1,0","7",",0","3",",0","0",",0","0",",0","0",",0","0","1,0","12","1,0","0",",0","2",",0","0",",0","","","19631124","+,1,0","19631130","+,,0","19631130","+,,0","","","19631120",",,0","19631117",",,0","-4.4","1,0,24,+","0",",,0,30,+","0",",,0,30,+","17.8",",,0,20,","24.4",",0,17,","383.2","0","316.1",",0","40.6",",,,0","0",",,,0","7.50","1,0","13.40",",,,0","1.60","1,,,0"
"USC00238051","1963-12","39.97018","-91.88753","214.9","STEFFENVILLE, MO US","747.7","0","0.0",",0","2",",0","2",",0","0",",0","15",",0","2",",0","10",",0","29",",0","19",",0","0",",0","0",",0","","","19631222","+,,0","19631222","+,,0","19631212",",,0","","","19631212",",,0","19631206",",,0","-25.0",",0,22,+","102",",,0,22,+","64",",,0,12,","3.8",",,0,12,","17.2",",0,06,","1148.9","0","765.7",",0","6.6",",,,0","131",",,,0","-6.37",",0","-0.85",",,,0","-11.88",",,,0"
"USC00238051","1964-01","39.97018","-91.88753","214.9","STEFFENVILLE, MO US","0.0","0","0.0",",0","6",",0","4",",0","0",",0","10",",0","2",",0","0",",0","27",",0","6",",0","0",",0","0",",0","","","19640114",",,0","19640113",",,0","19640112",",,0","1","","19640131",",,0","19640122",",,0","-17.2",",0,14,","203",",,0,13,","127",",,0,12,","8.4",",,0,31,","18.3",",0,22,","1704.5","0","555.6",",0","24.4",",,,0","203",",,,0","0.41",",0","6.55",",,,0","-5.73",",,,0"
"USC00238051","1964-02","39.97018","-91.88753","214.9","STEFFENVILLE, MO US","0.0","0","0.0",",0","5",",0","3",",0","0",",0","9","3,0","5","1,0","0",",0","29",",0","1",",0","0",",0","0",",0","","","19640226",",,0","19640216",",3,0","19640213",",1,0","","","19640213",",,0","19640229","+,,0","-15.0",",0,26,","127","3,,0,16,","152","1,,0,13,","10.4",",,0,13,","12.2",",0,29,+","2253.7","0","549.2",",0","20.0",",,,0","329","1,,,0","-0.61",",0","4.90",",,,0","-6.11",",,,0"
"USC00238051","1964-03","39.97018","-91.88753","214.9","STEFFENVILLE, MO US","0.0","0","0.0","1,0","10",",0","7",",0","0",",0","6",",0","5",",0","0",",0","23",",0","2","1,0","0","1,0","0","1,0","","","19640326",",,0","19640305",",,0","19640305",",,0","","","19640305",",,0","19640313",",1,0","-12.2",",0,26,","152",",,0,05,","152",",,0,05,","21.8",",,0,05,","20.6","1,0,13,","2694.1","0","440.4","1,0","85.9",",,,0","291",",,,0","3.68","1,0","9.41","1,,,0","-2.06",",,,0"
"USC00238051","1964-04","39.97018","-91.88753","214.9","STEFFENVILLE, MO US","8.9","0","8.9",",0","12",",0","7",",0","1",",0","0",",0","0",",0","0",",0","4",",0","0",",0","15",",0","0",",0","","","19640409","+,,0","19640430","+,,0","19640430","+,,0","5","","19640405",",,0","19640416",",,0","-2.2",",0,09,+","0",",,0,30,+","0",",,0,30,+","41.4",",,0,05,","29.4",",0,16,","2855.1","0","161.0",",0","137.5",",,,0","0",",,,0","13.26",",0","19.61",",,,0","6.91",",,,0"
"USC00238051","1964-05","39.97018","-91.88753","214.9","STEFFENVILLE, MO US","96.8","0","87.9",",0","8",",0","4",",0","0",",0","0",",0","0",",0","0",",0","0",",0","0",",0","26",",0","3",",0","","","19640514",",,0","19640531","+,,0","19640531","+,,0","3","","19640527","+,,0","19640522","+,,0","3.9",",0,14,","0",",,0,31,+","0",",,0,31,+","14.5",",,0,27,+","32.8",",0,22,+","2885.3","0","30.2",",0","46.1",",,,0","0",",,,0","20.19",",0","26.62",",,,0","13.76",",,,0"
"USC00238051","1964-06","39.97018","-91.88753","214.9","STEFFENVILLE, MO US","214.2","0","117.4",",0","9",",0","6",",0","2",",0","0",",0","0",",0","0",",0","0",",0","0",",0","29",",0","4",",0","","","19640603",",,0","19640630","+,,0","19640630","+,,0","","","19640621",",,0","19640629",",,0","7.8",",0,03,","0",",,0,30,+","0",",,0,30,+","43.2",",,0,21,","33.9",",0,29,","2898.1","0","12.8",",0","108.0",",,,0","0",",,,0","21.82",",0","27.93",",,,0","15.71",",,,0"
"USC00238051","1964-07","39.97018","-91.88753","214.9","STEFFENVILLE, MO US","438.6","0","224.4",",0","6",",0","4",",0","1",",0","0",",0","0",",0","0",",0","0",",0","0",",0","31",",0","17",",0","","","19640713",",,0","19640731","+,,0","19640731","+,,0","","","19640710",",,0","19640706",",,0","10.6",",0,13,","0",",,0,31,+","0",",,0,31,+","40.9",",,0,10,","36.1",",0,06,","0.8","0","0.8",",0","83.6",",,,0","0",",,,0","25.55",",0","31.54",",,,0","19.55",",,,0"
"USC00238051","1964-08","39.97018","-91.88753","214.9","STEFFENVILLE, MO US","598.5","0","159.9",",0","6",",0","4",",0","2",",0","0",",0","0",",0","0",",0","0",",0","0",",0","31",",0","12",",0","","","19640813",",,0","19640831","+,,0","19640831","+,,0","","","19640825",",,0","19640803",",,0","6.7",",0,13,","0",",,0,31,+","0",",,0,31,+","72.9",",,0,25,","40.0",",0,03,","6.1","0","5.3",",0","130.0",",,,0","0",",,,0","23.32",",0","30.73",",,,0","15.91",",,,0"
"USC00238051","1964-09","39.97018","-91.88753","214.9","STEFFENVILLE, MO US","684.6","0","86.1",",0","11",",0","6",",0","2",",0","0",",0","0",",0","0",",0","0",",0","0",",0","27",",0","4",",0","","","19640928",",,0","19640930","+,,0","19640930","+,,0","","","19640906",",,0","19640902",",,0","2.2",",0,28,","0",",,0,30,+","0",",,0,30,+","30.0",",,0,06,","33.9",",0,02,","44.5","0","38.4",",0","103.1",",,,0","0",",,,0","19.92",",0","26.31",",,,0","13.53",",,,0"
"USC00238051","1964-10","39.97018","-91.88753","214.9","STEFFENVILLE, MO US","684.6","0","0.0",",0","1",",0","0",",0","0",",0","0",",0","0",",0","0",",0","10",",0","0",",0","15",",0","0",",0","","","19641010",",,0","19641031","+,,0","19641031","+,,0","","","19641027",",,0","19641017",",,0","-3.9",",0,10,","0",",,0,31,+","0",",,0,31,+","0.8",",,0,27,","28.3",",0,17,","240.6","0","196.1",",0","0.8",",,,0","0",",,,0","12.01",",0","20.07",",,,0","3.94",",,,0"
"USC00238051","1964-11","39.97018","-91.88753","214.9","STEFFENVILLE, MO US","688.0","0","3.4",",0","7",",0","5",",0","1",",0","2",",0","2",",0","1",",0","12",",0","3",",0","12",",0","0",",0","","","19641130",",,0","19641130",",,0","19641130",",,0","","","19641116",",,0","19641111",",,0","-23.3",",0,30,","178",",,0,30,","165",",,0,30,","25.4",",,0,16,","26.7",",0,11,","537.1","0","296.5",",0","74.5",",,,0","190",",,,0","8.57",",0","14.83",",,,0","2.30",",,,0"
"USC00238051","1964-12","39.97018","-91.88753","214.9","STEFFENVILLE, MO US","688.0","0","0.0",",0","6",",0","5",",0","0",",0","10",",0","3",",0","2",",0","28",",0","10",",0","0",",0","0",",0","","","19641218",",,0","19641206","+,,0","19641204","+,,0","","","19641203",",,0","19641223",",,0","-20.0",",0,18,","203",",,0,06,+","51",",,0,04,+","5.8",",,0,03,","16.7",",0,23,","1154.6","0","617.5",",0","24.1",",,,0","135",",,,0","-1.59",",0","3.39",",,,0","-6.56",",,,0"
"USC00238051","1965-01","39.97018","-91.88753","214.9","STEFFENVILLE, MO US","0.0","0","0.0",",0","11",",0","8",",0","3",",0","11","1,0","4",",0","4",",0","26",",0","7",",0","0",",0","0",",0","","","19650130",",,0","19650130",",1,0","19650130","+,,0","","","19650102",",,0","19650107",",,0","-27.2",",0,30,","127","1,,0,30,","76",",,0,30,+","67.3",",,0,02,","20.0",",0,07,","1797.3","0","642.7",",0","174.6",",,,0","228",",,,0","-2.40",",0","3.66",",,,0","-8.46",",,,0"
"USC00238051","1965-02","39.97018","-91.88753","214.9","STEFFENVILLE, MO US","0.0","0","0.0",",0","6",",0","4",",0","0",",0","9",",0","1",",0","5",",0","24",",0","9",",0","0",",0","0",",0","","","19650202",",,0","19650227","+,,0","19650224",",,0","","","19650224",",,0","19650220",",,0","-22.8",",0,02,","152",",,0,27,+","152",",,0,24,","13.0",",,0,24,","18.3",",0,20,","2333.8","0","536.5",",0","24.0",",,,0","165",",,,0","-0.83",",0","5.45",",,,0","-7.11",",,,0"
"USC00238051","1965-03","39.97018","-91.88753","214.9","STEFFENVILLE, MO US","0.0","0","0.0",",0","13",",0","6",",0","1",",0","20",",0","8",",0","0",",0","29",",0","7",",0","0",",0","0",",0","","","19650324","+,,0","19650307","+,,0","19650305",",,0","","","19650317",",,0","19650301",",,0","-12.8",",0,24,+","152",",,0,07,+","102",",,0,05,","25.7",",,0,17,","15.0",",0,01,","2941.1","0","607.3",",0","75.1",",,,0","458",",,,0","-1.26",",0","3.98",",,,0","-6.49",",,,0"
"USC00238051","1965-04","39.97018","-91.88753","214.9","STEFFENVILLE, MO US","12.6","0","12.6",",0","9",",0","9",",0","0",",0","0",",0","0",",0","0",",0","1",",0","0",",0","11",",0","0",",0","","","19650416",",,0","19650430","+,,0","19650430","+,,0","","","19650406",",,0","19650430",",,0","-1.1",",0,16,","0",",,0,30,+","0",",,0,30,+","20.3",",,0,06,","31.1",",0,30,","3120.1","0","179.0",",0","80.8",",,,0","0",",,,0","12.79",",0","18.80",",,,0","6.77",",,,0"
"USC00238051","1965-05","39.97018","-91.88753","214.9","STEFFENVILLE, MO US","109.5","0","96.9",",0","8",",0","4",",0","0",",0","0",",0","0",",0","0",",0","0",",0","0",",0","29",",0","0",",0","","","19650529",",,0","19650531","+,,0","19650531","+,,0","","","19650526",",,0","19650531","+,,0","5.0",",0,29,","0",",,0,31,+","0",",,0,31,+","15.2",",,0,26,","31.7",",0,31,+","3144.0","0","23.9",",0","45.6",",,,0","0",",,,0","20.69",",0","27.33",",,,0","14.05",",,,0"
"USC00238051","1965-06","39.97018","-91.88753","214.9","STEFFENVILLE, MO US","212.8","0","103.3",",0","9",",0","9",",0","2",",0","0",",0","0",",0","0",",0","0",",0","0",",0","30",",0","1",",0","","","19650619","+,,0","19650630","+,,0","19650630","+,,0","","","19650602",",,0","19650627",",,0","9.4",",0,19,+","0",",,0,30,+","0",",,0,30,+","33.0",",,0,02,","33.3",",0,27,","3144.9","0","0.9",",0","140.9",",,,0","0",",,,0","21.75",",0","27.68",",,,0","15.81",",,,0"
"USC00238051","1965-07","39.97018","-91.88753","214.9","STEFFENVILLE, MO US","369.6","0","156.8",",0","8",",0","6",",0","0",",0","0",",0","0",",0","0",",0","0",",0","0",",0","31",",0","3",",0","","","19650729",",,0","19650731","+,,0","19650731","+,,0","","","19650702",",,0","19650723","+,,0","12.2",",0,29,","0",",,0,31,+","0",",,0,31,+","20.3",",,0,02,","33.9",",0,23,+","0.0","0","0.0",",0","66.4",",,,0","0",",,,0","23.39",",0","29.13",",,,0","17.65",",,,0"
"USC00238051","1965-08","39.97018","-91.88753","214.9","STEFFENVILLE, MO US","527.9","0","158.3",",0","8",",0","4",",0","2",",0","0",",0","0",",0","0",",0","0",",0","0",",0","30",",0","11",",0","","","19650829",",,0","19650831","+,,0","19650831","+,,0","","","19650831",",,0","19650815",",,0","7.8",",0,29,","0",",,0,31,+","0",",,0,31,+","30.0",",,0,31,","36.7",",0,15,","5.6","0","5.6",",0","70.9",",,,0","0",",,,0","23.26",",0","29.71",",,,0","16.81",",,,0"
"USC00238051","1965-09","39.97018","-91.88753","214.9","STEFFENVILLE, MO US","602.1","0","74.2",",0","14",",0","8",",0","2",",0","0",",0","0",",0","0",",0","0",",0","0",",0","26",",0","0",",0","","","19650924",",,0","19650930","+,,0","19650930","+,,0","","","19650916",",,0","19650909",",,0","2.8",",0,24,","0",",,0,30,+","0",",,0,30,+","37.6",",,0,16,","31.7",",0,09,","43.8","0","38.2",",0","140.4",",,,0","0",",,,0","19.53",",0","25.19",",,,0","13.87",",,,0"
"USC00238051","1965-10","39.97018","-91.88753","214.9","STEFFENVILLE, MO US","608.8","0","6.7",",0","7",",0","4",",0","0",",0","0",",0","0",",0","0",",0","3",",0","0",",0","14",",0","0",",0","","","19651029","+,,0","19651031","+,,0","19651031","+,,0","","","19651016",",,0","19651018",",,0","-1.7",",0,29,+","0",",,0,31,+","0",",,0,31,+","7.6",",,0,16,","28.3",",0,18,","195.2","0","151.4",",0","23.2",",,,0","0",",,,0","13.66",",0","20.30",",,,0","7.03",",,,0"
"USC00238051","1965-11","39.97018","-91.88753","214.9","STEFFENVILLE, MO US","608.8","0","0.0",",0","4",",0","2",",0","0",",0","0",",0","0",",0","0",",0","13",",0","1",",0","5",",0","0",",0","","","19651130","+,,0","19651130","+,,0","19651130","+,,0","","","19651112",",,0","19651102",",,0","-8.9",",0,30,+","0",",,0,30,+","0",",,0,30,+","9.4",",,0,12,","24.4",",0,02,","505.6","0","310.4",",0","15.8",",,,0","0",",,,0","7.99",",0","14.45",",,,0","1.52",",,,0"
"USC00238051","1965-12","39.97018","-91.88753","214.9","STEFFENVILLE, MO US","608.8","0","0.0",",0","7",",0","4",",0","0",",0","2",",0","2",",0","0",",0","18",",0","1",",0","0",",0","0",",0","","","19651228",",,0","19651226","+,,0","19651225","+,,0","","","19651224",",,0","19651230",",,0","-10.6",",0,28,","25",",,0,26,+","25",",,0,25,+","17.8",",,0,24,","20.0",",0,30,","923.6","0","418.0",",0","43.6",",,,0","50",",,,0","4.85",",0","10.13",",,,0","-0.43",",,,0"
"USC00238051","1966-01","39.97018","-91.88753","214.9","STEFFENVILLE, MO US","0.0","0","0.0",",0","3",",0","2",",0","0",",0","1",",0","0",",0","5",",0","30",",0","17",",0","0",",0","0",",0","","","19660129",",,0","19660113",",,0","19660113",",,0","","","19660113",",,0","19660109",",,0","-25.6",",0,29,","25",",,0,13,","13",",,0,13,","6.6",",,0,13,","12.2",",0,09,","1644.8","0","721.2",",0","12.0",",,,0","13",",,,0","-4.93",",0","0.56",",,,0","-10.43",",,,0"
"USC00238051","1966-02","39.97018","-91.88753","214.9","STEFFENVILLE, MO US","0.0","0","0.0",",0","4",",0","2",",0","0",",0","1",",0","0",",0","0",",0","24",",0","4",",0","0",",0","0",",0","","","19660222","+,,0","19660202",",,0","19660202",",,0","","","19660209",",,0","19660207",",,0","-15.0",",0,22,+","25",",,0,02,","13",",,0,02,","10.7",",,0,09,","14.4",",0,07,","2166.9","0","522.1",",0","18.6",",,,0","13",",,,0","-0.31",",0","5.45",",,,0","-6.08",",,,0"
"USC00238051","1966-03","39.97018","-91.88753","214.9","STEFFENVILLE, MO US","0.0","0","0.0",",0","7",",0","7",",0","1",",0","1",",0","0",",0","0",",0","14",",0","2",",0","7",",0","0",",0","","","19660307",",,0","19660305",",,0","19660305",",,0","","","19660312",",,0","19660321",",,0","-11.1",",0,07,","25",",,0,05,","13",",,0,05,","48.0",",,0,12,","26.7",",0,21,","2500.5","0","333.6",",0","85.0",",,,0","13",",,,0","7.57",",0","14.68",",,,0","0.46",",,,0"
"USC00238051","1966-04","39.97018","-91.88753","214.9","STEFFENVILLE, MO US","1.1","0","1.1",",0","12",",0","6",",0","0",",0","0",",0","0",",0","0",",0","7",",0","0",",0","7",",0","0",",0","","","19660410",",,0","19660430","+,,0","19660430","+,,0","","","19660421",",,0","19660419",",,0","-3.9",",0,10,","0",",,0,30,+","0",",,0,30,+","22.6",",,0,21,","27.2",",0,19,","2750.8","0","250.3",",0","91.8",",,,0","0",",,,0","10.03",",0","16.15",",,,0","3.91",",,,0"
"USC00238051","1966-05","39.97018","-91.88753","214.9","STEFFENVILLE, MO US","28.4","0","27.3",",0","9",",0","7",",0","1",",0","0",",0","0",",0","0",",0","1",",0","0",",0","19",",0","0",",0","","","19660510",",,0","19660531","+,,0","19660531","+,,0","","","19660517",",,0","19660507",",,0","-1.7",",0,10,","0",",,0,31,+","0",",,0,31,+","48.3",",,0,17,","30.6",",0,07,","2862.4","0","111.6",",0","112.4",",,,0","0",",,,0","15.61",",0","22.28",",,,0","8.95",",,,0"
"USC00238051","1966-06","39.97018","-91.88753","214.9","STEFFENVILLE, MO US","130.8","0","102.4",",0","6",",0","6",",0","2",",0","0",",0","0",",0","0",",0","0",",0","0",",0","30",",0","5",",0","","","19660601",",,0","19660630","+,,0","19660630","+,,0","","","19660609",",,0","19660625",",,0","5.0",",0,01,","0",",,0,30,+","0",",,0,30,+","29.7",",,0,09,","33.3",",0,25,","2872.1","0","9.7",",0","84.5",",,,0","0",",,,0","21.42",",0","27.56",",,,0","15.29",",,,0"
"USC00238051","1966-07","39.97018","-91.88753","214.9","STEFFENVILLE, MO US","390.6","0","259.8",",0","8",",0","7",",0","2",",0","0",",0","0",",0","0",",0","0",",0","0",",0","31",",0","19",",0","","","19660722","+,,0","19660731","+,,0","19660731","+,,0","","","19660719",",,0","19660718","+,,0","12.8",",0,22,+","0",",,0,31,+","0",",,0,31,+","74.4",",,0,19,","38.9",",0,18,+","0.0","0","0.0",",0","194.0",",,,0","0",",,,0","26.71",",0","33.55",",,,0","19.88",",,,0"
"USC00238051","1966-08","39.97018","-91.88753","214.9","STEFFENVILLE, MO US","493.3","0","102.7",",0","4",",0","4",",0","1",",0","0",",0","0",",0","0",",0","0",",0","0",",0","30",",0","1",",0","","","19660823",",,0","19660831","+,,0","19660831","+,,0","","","19660822",",,0","19660815",",,0","8.9",",0,23,","0",",,0,31,+","0",",,0,31,+","38.6",",,0,22,","32.2",",0,15,","3.6","0","3.6",",0","65.2",",,,0","0",",,,0","21.53",",0","27.64",",,,0","15.42",",,,0"
"USC00238051","1966-09","39.97018","-91.88753","214.9","STEFFENVILLE, MO US","522.6","0","29.3",",0","8",",0","4",",0","0",",0","0",",0","0",",0","0",",0","0",",0","0",",0","22",",0","0",",0","","","19660916",",,0","19660930","+,,0","19660930","+,,0","","","19660920",",,0","19660902","+,,0","3.3",",0,16,","0",",,0,30,+","0",",,0,30,+","23.1",",,0,20,","30.6",",0,02,+","66.2","0","62.6",",0","71.1",",,,0","0",",,,0","17.22",",0","23.39",",,,0","11.06",",,,0"
"USC00238051","1966-10","39.97018","-91.88753","214.9","STEFFENVILLE, MO US","531.5","0","8.9",",0","5",",0","4",",0","1",",0","0",",0","0",",0","0",",0","6",",0","0",",0","14",",0","0",",0","","","19661025",",,0","19661031","+,,0","19661031","+,,0","","","19661013",",,0","19661014",",,0","-2.8",",0,25,","0",",,0,31,+","0",",,0,31,+","50.8",",,0,13,","29.4",",0,14,","252.7","0","186.5",",0","88.4",",,,0","0",",,,0","12.60",",0","19.91",",,,0","5.29",",,,0"
"USC00238051","1966-11","39.97018","-91.88753","214.9","STEFFENVILLE, MO US","532.1","0","0.6",",0","6",",0","2",",0","0",",0","0",",0","0",",0","0",",0","15",",0","0",",0","7",",0","0",",0","","","19661103",",,0","19661130","+,,0","19661128","+,,0","","","19661125",",,0","19661107",",,0","-8.3",",0,03,","0",",,0,30,+","0",",T,0,28,+","21.6",",,0,25,","25.0",",0,07,","568.9","0","316.2",",0","33.3",",,,0","0",",T,,0","7.81",",0","14.00",",,,0","1.63",",,,0"
"USC00238051","1966-12","39.97018","-91.88753","214.9","STEFFENVILLE, MO US","532.1","0","0.0",",0","7",",0","4",",0","1",",0","8",",0","2",",0","0",",0","26",",0","9",",0","0",",0","0",",0","","","19661203",",,0","19661230","+,,0","19661228",",,0","","","19661208",",,0","19661220","+,,0","-16.1",",0,03,","127",",,0,30,+","127",",,0,28,","32.0",",,0,08,","20.6",",0,20,+","1148.9","0","580.0",",0","76.6",",,,0","178",",,,0","-0.38",",0","4.79",",,,0","-5.54",",,,0"
"USC00238051","1967-01","39.97018","-91.88753","214.9","STEFFENVILLE, MO US","0.0","0","0.0",",0","4",",0","3",",0","0",",0","12",",0","2",",0","1",",0","27",",0","4",",0","1",",0","0",",0","","","19670118",",,0","19670128","+,,0","19670126",",,0","","","19670126",",,0","19670122",",,0","-20.6",",0,18,","254",",,0,28,+","152",",,0,26,","22.9",",,0,26,","21.1",",0,22,","1723.7","0","574.8",",0","37.4",",,,0","254",",,,0","-0.21",",0","6.29",",,,0","-6.71",",,,0"
"USC00238051","1967-02","39.97018","-91.88753","214.9","STEFFENVILLE, MO US","0.0","0","0.0",",0","3",",0","1",",0","0",",0","14",",0","2",",0","2",",0","26",",0","7",",0","0",",0","0",",0","","","19670225",",,0","19670201",",,0","19670219","+,,0","","","19670202",",,0","19670214",",,0","-20.0",",0,25,","178",",,0,01,","25",",,0,19,+","11.9",",,0,02,","17.2",",0,14,","2301.3","0","577.6",",0","15.2",",,,0","50",",,,0","-2.30",",0","3.32",",,,0","-7.91",",,,0"
"USC00238051","1967-03","39.97018","-91.88753","214.9","STEFFENVILLE, MO US","5.8","0","5.8",",0","6",",0","4",",0","0",",0","2",",0","2",",0","0",",0","14",",0","1",",0","8",",0","0",",0","","","19670308",",,0","19670308",",,0","19670308",",,0","","","19670320",",,0","19670330","+,,0","-15.0",",0,08,","51",",,0,08,","38",",,0,08,","22.9",",,0,20,","28.3",",0,30,+","2651.8","0","350.5",",0","46.0",",,,0","63",",,,0","7.21",",0","13.20",",,,0","1.22",",,,0"
"USC00238051","1967-04","39.97018","-91.88753","214.9","STEFFENVILLE, MO US","22.5","0","16.7",",0","12",",0","10",",0","1",",0","0",",0","0",",0","0",",0","2",",0","0",",0","13",",0","0",",0","","","19670424",",,0","19670430","+,,0","19670430","+,,0","","","19670401",",,0","19670416",",,0","-3.9",",0,24,","0",",,0,30,+","0",",,0,30,+","34.5",",,0,01,","28.9",",0,16,","2811.5","0","159.7",",0","139.0",",,,0","0",",,,0","13.57",",0","19.56",",,,0","7.57",",,,0"
"USC00238051","1967-05","39.97018","-91.88753","214.9","STEFFENVILLE, MO US","61.4","0","38.9",",0","11",",0","7",",0","2",",0","0",",0","0",",0","0",",0","0",",0","0",",0","15",",0","3",",0","","","19670521",",,0","19670531","+,,0","19670531","+,,0","","","19670506",",,0","19670525",",,0","1.1",",0,21,","0",",,0,31,+","0",",,0,31,+","34.3",",,0,06,","33.9",",0,25,","2950.9","0","139.4",",0","114.9",",,,0","0",",,,0","15.09",",0","21.52",",,,0","8.65",",,,0"
"USC00238051","1967-06","39.97018","-91.88753","214.9","STEFFENVILLE, MO US","181.2","0","119.8",",0","12",",0","9",",0","1",",0","0",",0","0",",0","0",",0","0",",0","0",",0","29",",0","2",",0","","","19670602",",,0","19670630","+,,0","19670630","+,,0","","","19670617",",,0","19670615",",,0","8.3",",0,02,","0",",,0,30,+","0",",,0,30,+","53.3",",,0,17,","32.8",",0,15,","2959.0","0","8.1",",0","130.6",",,,0","0",",,,0","22.06",",0","27.56",",,,0","16.55",",,,0"
"USC00238051","1967-07","39.97018","-91.88753","214.9","STEFFENVILLE, MO US","330.4","0","149.2",",0","11",",0","7",",0","3",",0","0",",0","0",",0","0",",0","0",",0","0",",0","31",",0","7",",0","","","19670714",",,0","19670731","+,,0","19670731","+,,0","","","19670729",",,0","19670723",",,0","8.3",",0,14,","0",",,0,31,+","0",",,0,31,+","92.2",",,0,29,","35.6",",0,23,","5.9","0","5.9",",0","220.0",",,,0","0",",,,0","22.96",",0","29.26",",,,0","16.65",",,,0"
"USC00238051","1967-08","39.97018","-91.88753","214.9","STEFFENVILLE, MO US","417.3","0","86.9",",0","5",",0","3",",0","1",",0","0",",0","0",",0","0",",0","0",",0","0",",0","30",",0","2",",0","","","19670831",",,0","19670831","+,,0","19670831","+,,0","","","19670818",",,0","19670807","+,,0","6.1",",0,31,","0",",,0,31,+","0",",,0,31,+","31.0",",,0,18,","32.2",",0,07,+","20.2","0","14.3",",0","58.9",",,,0","0",",,,0","20.67",",0","27.11",",,,0","14.24",",,,0"
"USC00238051","1967-09","39.97018","-91.88753","214.9","STEFFENVILLE, MO US","450.1","0","32.8",",0","8",",0","5",",0","0",",0","0",",0","0",",0","0",",0","1",",0","0",",0","27",",0","0",",0","","","19670929",",,0","19670930","+,,0","19670930","+,,0","","","19670915",",,0","19670908",",,0","-0.6",",0,29,","0",",,0,30,+","0",",,0,30,+","22.1",",,0,15,","28.3",",0,08,","77.1","0","56.9",",0","69.2",",,,0","0",",,,0","17.53",",0","24.20",",,,0","10.86",",,,0"
"USC00238051","1967-10","39.97018","-91.88753","214.9","STEFFENVILLE, MO US","469.0","0","18.9",",0","16",",0","11",",0","0",",0","1",",0","1",",0","0",",0","5",",0","0",",0","12",",0","0",",0","","","19671028","+,,0","19671027",",,0","19671027",",,0","","","19671031",",,0","19671004",",,0","-3.3",",0,28,+","51",",,0,27,","51",",,0,27,","20.8",",,0,31,","31.1",",0,04,","261.8","0","184.7",",0","130.4",",,,0","51",",,,0","12.98",",0","19.29",",,,0","6.68",",,,0"
"USC00238051","1967-11","39.97018","-91.88753","214.9","STEFFENVILLE, MO US","469.0","0","0.0",",0","5",",0","2",",0","0",",0","0",",0","0",",0","0",",0","17",",0","0",",0","0",",0","0",",0","","","19671123","+,,0","19671130",",,0","19671130",",,0","","","19671103",",,0","19671125","+,,0","-6.7",",0,23,+","0",",T,0,30,","10",",,0,30,","10.4",",,0,03,","17.8",",0,25,+","663.7","0","401.9",",0","20.5",",,,0","10",",,,0","4.94",",0","10.10",",,,0","-0.23",",,,0"
"USC00238051","1967-12","39.97018","-91.88753","214.9","STEFFENVILLE, MO US","469.0","0","0.0",",0","17",",0","5",",0","0",",0","6",",0","3",",0","1",",0","25",",0","7",",0","0",",0","0",",0","","","19671231",",,0","19671231","+,,0","19671231","+,,0","","","19671217",",,0","19671220",",,0","-19.4",",0,31,","51",",,0,31,+","51",",,0,31,+","11.7",",,0,17,","16.1",",0,20,","1210.3","0","546.6",",0","53.4",",,,0","148",",,,0","0.70",",0","5.04",",,,0","-3.64",",,,0"
"USC00238051","1968-01","39.97018","-91.88753","214.9","STEFFENVILLE, MO US","0.0","0","0.0",",0","8",",0","2",",0","0",",0","17",",0","3",",0","3",",0","25",",0","13",",0","0",",0","0",",0","","","19680107",",,0","19680115","+,,0","19680107",",,0","","","19680130",",,0","19680127",",,0","-26.1",",0,07,","102",",,0,15,+","38",",,0,07,","3.8",",,0,30,","18.3",",0,27,","1871.1","0","660.8",",0","11.1",",,,0","114",",,,0","-2.98",",0","2.55",",,,0","-8.52",",,,0"
"USC00238051","1968-02","39.97018","-91.88753","214.9","STEFFENVILLE, MO US","0.0","0","0.0",",0","4",",0","2",",0","0",",0","1",",0","0",",0","1",",0","28",",0","7",",0","0",",0","0",",0","","","19680221",",,0","19680207",",,0","19680207",",,0","","","19680201",",,0","19680201",",,0","-17.8",",0,21,","25",",,0,07,","20",",,0,07,","20.8",",,0,01,","13.3",",0,01,","2463.1","0","592.0",",0","28.2",",,,0","20",",,,0","-2.08",",0","3.78",",,,0","-7.94",",,,0"
"USC00238051","1968-03","39.97018","-91.88753","214.9","STEFFENVILLE, MO US","0.5","0","0.5",",0","3",",0","2",",0","0",",0","1",",0","0",",0","0",",0","16",",0","0",",0","8",",0","0",",0","","","19680303",",,0","19680321",",,0","19680321",",,0","","","19680319",",,0","19680330","+,,0","-12.2",",0,03,","25",",,0,21,","13",",,0,21,","10.9",",,0,19,","26.7",",0,30,+","2786.6","0","323.5",",0","16.8",",,,0","13",",,,0","7.92",",0","14.62",",,,0","1.22",",,,0"
"USC00238051","1968-04","39.97018","-91.88753","214.9","STEFFENVILLE, MO US","2.2","0","1.7",",0","7",",0","6",",0","0",",0","0",",0","0",",0","0",",0","5",",0","0",",0","11",",0","0",",0","","","19680401",",,0","19680430","+,,0","19680430","+,,0","","","19680403",",,0","19680411",",,0","-2.2",",0,01,","0",",,0,30,+","0",",,0,30,+","20.3",",,0,03,","27.8",",0,11,","2960.9","0","174.3",",0","73.6",",,,0","0",",,,0","12.58",",0","19.50",",,,0","5.66",",,,0"
"USC00238051","1968-05","39.97018","-91.88753","214.9","STEFFENVILLE, MO US","23.0","0","20.8","3,0","10",",0","7",",0","1",",0","0",",0","0",",0","0","3,0","0","3,0","0","3,0","14","3,0","2","3,0","","","19680522","+,3,0","19680531","+,,0","19680531","+,,0","","","19680523",",,0","19680515","+,3,0","3.3","3,0,22,+","0",",,0,31,+","0",",,0,31,+","30.5",",,0,23,","32.2","3,0,15,+","3053.7","0","92.8","3,0","67.5",",,,0","0",",,,0","15.76","3,0","22.39","3,,,0","9.13","3,,,0"
"USC00238051","1968-06","39.97018","-91.88753","214.9","STEFFENVILLE, MO US","178.9","0","155.9",",0","5",",0","5",",0","2",",0","0",",0","0",",0","0",",0","0",",0","0",",0","30",",0","7",",0","","","19680628",",,0","19680630","+,,0","19680630","+,,0","","","19680615",",,0","19680610",",,0","10.0",",0,28,","0",",,0,30,+","0",",,0,30,+","69.6",",,0,15,","33.9",",0,10,","3056.5","0","2.8",",0","138.2",",,,0","0",",,,0","23.44",",0","29.40",",,,0","17.48",",,,0"
"USC00238051","1968-07","39.97018","-91.88753","214.9","STEFFENVILLE, MO US","347.1","0","168.2",",0","8",",0","5",",0","0",",0","0",",0","0",",0","0",",0","0",",0","0",",0","31",",0","8",",0","","","19680703",",,0","19680731","+,,0","19680731","+,,0","","","19680723",",,0","19680722",",,0","8.9",",0,03,","0",",,0,31,+","0",",,0,31,+","13.7",",,0,23,","34.4",",0,22,","1.1","0","1.1",",0","38.4",",,,0","0",",,,0","23.72",",0","29.75",",,,0","17.70",",,,0"
"USC00238051","1968-08","39.97018","-91.88753","214.9","STEFFENVILLE, MO US","500.2","0","153.1",",0","8",",0","4",",0","1",",0","0",",0","0",",0","0",",0","0",",0","0",",0","31",",0","7",",0","","","19680828",",,0","19680831","+,,0","19680831","+,,0","","","19680804",",,0","19680823","+,,0","8.3",",0,28,","0",",,0,31,+","0",",,0,31,+","73.4",",,0,04,","33.9",",0,23,+","4.0","0","2.9",",0","126.9",",,,0","0",",,,0","23.18",",0","28.68",",,,0","17.68",",,,0"
"USC00238051","1968-09","39.97018","-91.88753","214.9","STEFFENVILLE, MO US","539.4","0","39.2",",0","10",",0","8",",0","2",",0","0",",0","0",",0","0",",0","0",",0","0",",0","26",",0","0",",0","","","19680912","+,,0","19680930","+,,0","19680930","+,,0","","","19680924",",,0","19680903",",,0","6.1",",0,12,+","0",",,0,30,+","0",",,0,30,+","35.3",",,0,24,","30.6",",0,03,","27.7","0","23.7",",0","130.3",",,,0","0",",,,0","18.85",",0","25.48",",,,0","12.22",",,,0"
"USC00238051","1968-10","39.97018","-91.88753","214.9","STEFFENVILLE, MO US","564.9","0","25.5",",0","9",",0","4",",0","0",",0","0",",0","0",",0","0",",0","4",",0","0",",0","13",",0","0",",0","","","19681029","+,,0","19681031","+,,0","19681031","+,,0","","","19681014",",,0","19681015","+,,0","-2.8",",0,29,+","0",",,0,31,+","0",",,0,31,+","11.9",",,0,14,","29.4",",0,15,+","199.9","0","172.2",",0","33.9",",,,0","0",",,,0","13.60",",0","20.25",",,,0","6.95",",,,0"
"USC00238051","1968-11","39.97018","-91.88753","214.9","STEFFENVILLE, MO US","565.7","0","0.8",",0","12",",0","7",",0","1",",0","5",",0","2",",0","0",",0","17",",0","0",",0","1",",0","0",",0","","","19681112",",,0","19681111",",,0","19681111",",,0","","","19681129",",,0","19681101",",,0","-8.9",",0,12,","102",",,0,11,","94",",,0,11,","26.2",",,0,29,","25.0",",0,01,","599.6","0","399.7",",0","76.1",",,,0","171",",,,0","5.04",",0","9.26",",,,0","0.81",",,,0"
"USC00238051","1968-12","39.97018","-91.88753","214.9","STEFFENVILLE, MO US","565.7","0","0.0",",0","11",",0","6",",0","0",",0","6",",0","2",",0","1",",0","27",",0","9",",0","0",",0","0",",0","","","19681231",",,0","19681231","+,,0","19681228",",,0","","","19681227",",,0","19681212",",,0","-23.9",",0,31,","51",",,0,31,+","51",",,0,28,","16.0",",,0,27,","16.1",",0,12,","1208.3","0","608.7",",0","37.9",",,,0","97",",,,0","-1.30",",0","3.58",",,,0","-6.18",",,,0"
"USC00238051","1969-01","39.97018","-91.88753","214.9","STEFFENVILLE, MO US","0.0","0","0.0","1,0","12",",0","9",",0","0",",0","21",",0","2",",0","3","1,0","28","1,0","13","1,0","0","1,0","0","1,0","","","19690104",",1,0","19690128","+,,0","19690127",",,0","","","19690115",",,0","19690123","+,1,0","-21.7","1,0,04,","76",",,0,28,+","64",",,0,27,","20.3",",,0,15,","8.9","1,0,23,+","1896.4","0","688.1","1,0","86.2",",,,0","118",",,,0","-4.60","1,0","-0.33","1,,,0","-8.88","1,,,0"
"USC00238051","1969-02","39.97018","-91.88753","214.9","STEFFENVILLE, MO US","0.0","0","0.0",",0","6",",0","3",",0","0",",0","10",",0","3",",0","0",",0","27",",0","2",",0","0",",0","0",",0","","","19690203",",,0","19690222",",,0","19690222",",,0","","","19690228",",,0","19690225",",,0","-12.2",",0,03,","76",",,0,22,","84",",,0,22,","18.5",",,0,28,","8.9",",0,25,","2408.7","0","512.3",",0","42.3",",,,0","134",",,,0","0.04",",0","3.73",",,,0","-3.66",",,,0"
"USC00238051","1969-03","39.97018","-91.88753","214.9","STEFFENVILLE, MO US","0.0","0","0.0",",0","5",",0","3",",0","1",",0","10",",0","3",",0","0",",0","22",",0","2",",0","2",",0","0",",0","","","19690309",",,0","19690309",",,0","19690308",",,0","","","19690324",",,0","19690318",",,0","-15.6",",0,09,","152",",,0,09,","102",",,0,08,","42.2",",,0,24,","22.2",",0,18,","2917.3","0","508.6",",0","52.6",",,,0","191",",,,0","1.93",",0","7.80",",,,0","-3.95",",,,0"
"USC00238051","1969-04","39.97018","-91.88753","214.9","STEFFENVILLE, MO US","3.4","0","3.4",",0","10",",0","9",",0","1",",0","0",",0","0",",0","0",",0","2",",0","0",",0","10",",0","0",",0","","","19690406",",,0","19690430","+,,0","19690430","+,,0","","","19690405",",,0","19690416",",,0","-1.1",",0,06,","0",",,0,30,+","0",",,0,30,+","59.7",",,0,05,","26.7",",0,16,","3077.5","0","160.2",",0","140.4",",,,0","0",",,,0","13.10",",0","19.58",",,,0","6.63",",,,0"
"USC00238051","1969-05","39.97018","-91.88753","214.9","STEFFENVILLE, MO US","43.9","0","40.5",",0","12",",0","7",",0","1",",0","0",",0","0",",0","0",",0","0",",0","0",",0","22",",0","1",",0","","","19690512",",,0","19690531","+,,0","19690531","+,,0","","","19690508",",,0","19690529",",,0","2.8",",0,12,","0",",,0,31,+","0",",,0,31,+","26.2",",,0,08,","32.2",",0,29,","3149.9","0","72.4",",0","100.1",",,,0","0",",,,0","17.30",",0","23.50",",,,0","11.11",",,,0"
"USC00238051","1969-06","39.97018","-91.88753","214.9","STEFFENVILLE, MO US","131.2","0","87.3",",0","13",",0","11",",0","1",",0","0",",0","0",",0","0",",0","0",",0","0",",0","29",",0","3",",0","","","19690603",",,0","19690630","+,,0","19690630","+,,0","","","19690601",",,0","19690629","+,,0","5.6",",0,03,","0",",,0,30,+","0",",,0,30,+","31.0",",,0,01,","32.2",",0,29,+","3175.5","0","25.6",",0","140.6",",,,0","0",",,,0","20.39",",0","26.72",",,,0","14.07",",,,0"
"USC00238051","1969-07","39.97018","-91.88753","214.9","STEFFENVILLE, MO US","357.8","0","226.6",",0","12",",0","11",",0","4",",0","0",",0","0",",0","0",",0","0",",0","0",",0","31",",0","12",",0","","","19690730",",,0","19690731","+,,0","19690731","+,,0","","","19690708",",,0","19690716","+,,0","15.0",",0,30,","0",",,0,31,+","0",",,0,31,+","38.6",",,0,08,","35.6",",0,16,+","0.0","0","0.0",",0","246.7",",,,0","0",",,,0","25.64",",0","31.13",",,,0","20.16",",,,0"
"USC00238051","1969-08","39.97018","-91.88753","214.9","STEFFENVILLE, MO US","514.5","0","156.7",",0","6",",0","2",",0","0",",0","0",",0","0",",0","0",",0","0",",0","0",",0","31",",0","7",",0","","","19690803",",,0","19690831","+,,0","19690831","+,,0","","","19690821",",,0","19690829",",,0","12.8",",0,03,","0",",,0,31,+","0",",,0,31,+","21.1",",,0,21,","33.9",",0,29,","0.0","0","0.0",",0","35.7",",,,0","0",",,,0","23.39",",0","30.26",",,,0","16.51",",,,0"
"USC00238051","1969-09","39.97018","-91.88753","214.9","STEFFENVILLE, MO US","581.5","0","67.0",",0","9",",0","6",",0","2",",0","0",",0","0",",0","0",",0","0",",0","0",",0","28",",0","0",",0","","","19690924",",,0","19690930","+,,0","19690930","+,,0","","","19690907",",,0","19690905","+,,0","4.4",",0,24,","0",",,0,30,+","0",",,0,30,+","32.8",",,0,07,","31.1",",0,05,+","30.3","0","30.3",",0","110.6",",,,0","0",",,,0","19.56",",0","25.99",",,,0","13.12",",,,0"
"USC00238051","1969-10","39.97018","-91.88753","214.9","STEFFENVILLE, MO US","601.9","0","20.4",",0","10",",0","6",",0","4",",0","0",",0","0",",0","0",",0","6",",0","0",",0","13",",0","0",",0","","","19691028",",,0","19691031","+,,0","19691031","+,,0","","","19691013",",,0","19691003",",,0","-5.0",",0,28,","0",",,0,31,+","0",",,0,31,+","109.2",",,0,13,","31.7",",0,03,","238.5","0","208.2",",0","272.2",",,,0","0",",,,0","12.27",",0","18.41",",,,0","6.14",",,,0"
"USC00238051","1969-11","39.97018","-91.88753","214.9","STEFFENVILLE, MO US","601.9","0","0.0",",0","1",",0","1",",0","0",",0","0",",0","0",",0","0",",0","18",",0","1",",0","1",",0","0",",0","","","19691114",",,0","19691130","+,,0","19691130","+,,0","","","19691117",",,0","19691106",",,0","-9.4",",0,14,","0",",,0,30,+","0",",,0,30,+","7.1",",,0,17,","21.7",",0,06,","622.4","0","383.9",",0","7.1",",,,0","0",",,,0","5.54",",0","12.13",",,,0","-1.06",",,,0"
"USC00238051","1969-12","39.97018","-91.88753","214.9","STEFFENVILLE, MO US","601.9","0","0.0",",0","8",",0","3",",0","0",",0","14","2,0","3","1,0","0",",0","29",",0","9",",0","0",",0","0",",0","","","19691226",",,0","19691207",",2,0","19691207",",1,0","","","19691207",",,0","19691202",",,0","-12.8",",0,26,","203","2,,0,07,","203","1,,0,07,","18.3",",,0,07,","14.4",",0,02,","1245.5","0","623.1",",0","35.3",",,,0","279","1,,,0","-1.77",",0","2.28",",,,0","-5.81",",,,0"
"USC00238051","1970-01","39.97018","-91.88753","214.9","STEFFENVILLE, MO US","0.0","0","0.0",",0","5",",0","1",",0","0",",0","24",",0","2","1,0","11",",0","29",",0","18",",0","0",",0","0",",0","","","19700121",",,0","19700123","+,,0","19700123","+,1,0","","","19700118",",,0","19700128",",,0","-27.8",",0,21,","127",",,0,23,+","38","1,,0,23,+","3.8",",,0,18,","16.1",",0,28,","2016.2","0","770.7",",0","8.2",",,,0","115","1,,,0","-6.53",",0","-1.12",",,,0","-11.94",",,,0"
"USC00238051","1970-02","39.97018","-91.88753","214.9","STEFFENVILLE, MO US","0.0","0","0.0",",0","3",",0","0",",0","0",",0","5",",0","2",",0","1",",0","25",",0","3",",0","0",",0","0",",0","","","19700203",",,0","19700215","+,,0","19700214","+,,0","","","19700214","+,,0","19700221",",,0","-18.9",",0,03,","51",",,0,15,+","51",",,0,14,+","1.3",",,0,14,+","16.1",",0,21,","2531.2","0","515.0",",0","3.4",",,,0","102",",,,0","-0.06",",0","6.65",",,,0","-6.77",",,,0"
"USC00238051","1970-03","39.97018","-91.88753","214.9","STEFFENVILLE, MO US","0.0","0","0.0",",0","9",",0","3",",0","0",",0","3",",0","2",",0","0",",0","24",",0","1",",0","1",",0","0",",0","","","19700316",",,0","19700328",",,0","19700328",",,0","","","19700302",",,0","19700308",",,0","-9.4",",0,16,","51",",,0,28,","56",",,0,28,","14.2",",,0,02,","22.2",",0,08,","2980.5","0","449.3",",0","30.6",",,,0","101",",,,0","3.84",",0","9.48",",,,0","-1.80",",,,0"
"USC00238051","1970-04","39.97018","-91.88753","214.9","STEFFENVILLE, MO US","25.6","0","25.6",",0","10",",0","7",",0","2",",0","4",",0","2",",0","0",",0","5",",0","0",",0","14",",0","1",",0","","","19700405","+,,0","19700402",",,0","19700402",",,0","","","19700419",",,0","19700428",",,0","-2.8",",0,05,+","152",",,0,02,","152",",,0,02,","71.6",",,0,19,","32.2",",0,28,","3176.1","0","195.6",",0","156.2",",,,0","177",",,,0","12.67",",0","19.04",",,,0","6.29",",,,0"
"USC00238051","1970-05","39.97018","-91.88753","214.9","STEFFENVILLE, MO US","91.4","0","65.8",",0","11",",0","9",",0","2",",0","0",",0","0",",0","0",",0","0",",0","0",",0","26",",0","0",",0","","","19700502",",,0","19700531","+,,0","19700531","+,,0","","","19700510",",,0","19700522","+,,0","1.7",",0,02,","0",",,0,31,+","0",",,0,31,+","41.4",",,0,10,","30.6",",0,22,+","3213.0","0","36.9",",0","147.7",",,,0","0",",,,0","19.27",",0","25.44",",,,0","13.10",",,,0"
"USC00238051","1970-06","39.97018","-91.88753","214.9","STEFFENVILLE, MO US","202.2","0","110.8",",0","11",",0","9",",0","0",",0","0",",0","0",",0","0",",0","0",",0","0",",0","27",",0","4",",0","","","19700606",",,0","19700630","+,,0","19700630","+,,0","","","19700613",",,0","19700629",",,0","10.0",",0,06,","0",",,0,30,+","0",",,0,30,+","20.1",",,0,13,","35.6",",0,29,","3224.7","0","11.7",",0","86.7",",,,0","0",",,,0","21.64",",0","27.20",",,,0","16.07",",,,0"
"USC00238051","1970-07","39.97018","-91.88753","214.9","STEFFENVILLE, MO US","410.3","0","208.1",",0","2",",0","1",",0","1",",0","0",",0","0",",0","0",",0","0",",0","0",",0","31",",0","16",",0","","","19700721",",,0","19700731","+,,0","19700731","+,,0","","","19700715",",,0","19700731",",,0","9.4",",0,21,","0",",,0,31,+","0",",,0,31,+","30.7",",,0,15,","39.4",",0,31,","0.0","0","0.0",",0","32.5",",,,0","0",",,,0","25.05",",0","32.24",",,,0","17.85",",,,0"
"USC00238051","1970-08","39.97018","-91.88753","214.9","STEFFENVILLE, MO US","576.6","0","166.3",",0","11",",0","10",",0","4",",0","0",",0","0",",0","0",",0","0",",0","0",",0","31",",0","7",",0","","","19700821",",,0","19700831","+,,0","19700831","+,,0","","","19700805",",,0","19700801",",,0","12.2",",0,21,","0",",,0,31,+","0",",,0,31,+","139.2",",,0,05,","36.1",",0,01,","0.0","0","0.0",",0","372.6",",,,0","0",",,,0","23.70",",0","29.39",",,,0","18.01",",,,0"
"USC00238051","1970-09","39.97018","-91.88753","214.9","STEFFENVILLE, MO US","656.3","0","79.7",",0","15",",0","12",",0","4",",0","0",",0","0",",0","0",",0","0",",0","0",",0","27",",0","0",",0","","","19700928",",,0","19700930","+,,0","19700930","+,,0","","","19700913",",,0","19700920","+,,0","4.4",",0,28,","0",",,0,30,+","0",",,0,30,+","59.4",",,0,13,","31.7",",0,20,+","26.9","0","26.9",",0","243.4",",,,0","0",",,,0","20.09",",0","26.30",",,,0","13.88",",,,0"
"USC00238051","1970-10","39.97018","-91.88753","214.9","STEFFENVILLE, MO US","663.0","0","6.7",",0","10",",0","6",",0","0",",0","0",",0","0",",0","0",",0","3",",0","0",",0","11",",0","0",",0","","","19701016",",,0","19701031","+,,0","19701031","+,,0","","","19701024",",,0","19701005",",,0","-1.1",",0,16,","0",",,0,31,+","0",",,0,31,+","16.8",",,0,24,","28.3",",0,05,","188.2","0","161.3",",0","69.2",",,,0","0",",,,0","13.35",",0","19.07",",,,0","7.62",",,,0"
"USC00238051","1970-11","39.97018","-91.88753","214.9","STEFFENVILLE, MO US","663.0","0","0.0",",0","10",",0","2",",0","0",",0","0",",0","0",",0","0",",0","11",",0","2",",0","0",",0","0",",0","","","19701124",",,0","19701130","+,,0","19701130","+,,0","","","19701109",",,0","19701106",",,0","-12.8",",0,24,","0",",,0,30,+","0",",,0,30,+","20.8",",,0,09,","18.3",",0,06,","572.0","0","383.8",",0","44.2",",,,0","0",",,,0","5.54",",0","10.82",",,,0","0.26",",,,0"
"USC00238051","1970-12","39.97018","-91.88753","214.9","STEFFENVILLE, MO US","663.0","0","0.0",",0","7",",0","3",",0","1",",0","2",",0","1",",0","0",",0","25",",0","3",",0","1",",0","0",",0","","","19701228","+,,0","19701231","+,,0","19701231",",,0","","","19701211",",,0","19701203",",,0","-13.3",",0,28,+","25",",,0,31,+","25",",,0,31,","25.4",",,0,11,","21.1",",0,03,","1090.7","0","518.7",",0","45.4",",,,0","43",",,,0","1.60",",0","6.52",",,,0","-3.32",",,,0"
"USC00238051","1971-01","39.97018","-91.88753","214.9","STEFFENVILLE, MO US","0.0","0","0.0",",0","5",",0","3",",0","2",",0","23",",0","2",",0","5",",0","30",",0","15",",0","0",",0","0",",0","","","19710106",",,0","19710103",",,0","19710103",",,0","","","19710103",",,0","19710125",",,0","-19.4",",0,06,","178",",,0,03,","178",",,0,03,","36.8",",,0,03,","10.6",",0,25,","1812.4","0","721.7",",0","68.9",",,,0","270",",,,0","-4.95",",0","0.60",",,,0","-10.50",",,,0"
"USC00238051","1971-02","39.97018","-91.88753","214.9","STEFFENVILLE, MO US","0.0","0","0.0",",0","5",",0","2",",0","0",",0","13",",","","","3",",0","24",",0","8",",0","0",",0","0",",0","","","19710208",",,0","19710223","+,,0","","","","","19710205",",,0","19710218",",,0","-21.7",",0,08,","76",",,0,23,+","","","16.8",",,0,05,","20.0",",0,18,","2383.1","0","570.7",",0","33.8",",,,0","","","-2.05",",0","2.89",",,,0","-6.99",",,,0"
"USC00238051","1971-03","39.97018","-91.88753","214.9","STEFFENVILLE, MO US","1.1","0","1.1",",0","7",",0","3",",0","0",",0","7",",0","4",",0","0",",0","23",",0","2",",0","4",",0","0",",0","","","19710324","+,,0","19710310",",,0","19710310",",,0","","","19710310",",,0","19710314",",,0","-10.0",",0,24,+","127",",,0,10,","114",",,0,10,","14.5",",,0,10,","26.7",",0,14,","2817.6","0","434.5",",0","26.9",",,,0","266",",,,0","4.35",",0","10.64",",,,0","-1.93",",,,0"
"USC00238051","1971-04","39.97018","-91.88753","214.9","STEFFENVILLE, MO US","17.5","0","16.4","1,0","6",",0","3",",0","0",",0","0",",0","0",",0","0",",0","10",",0","0","1,0","15","1,0","0","1,0","","","19710403",",,0","19710430","+,,0","19710430","+,,0","","","19710421",",,0","19710412",",1,0","-3.9",",0,03,","0",",,0,30,+","0",",,0,30,+","9.9",",,0,21,","30.6","1,0,12,","2994.1","0","176.5","1,0","21.9",",,,0","0",",,,0","12.84","1,0","20.61","1,,,0","5.07",",,,0"
"USC00238051","1971-05","39.97018","-91.88753","214.9","STEFFENVILLE, MO US","38.7","0","21.2",",0","14",",0","11",",0","2",",0","0",",0","0",",0","0",",0","0",",0","0",",0","21",",0","0",",0","","","19710513","+,,0","19710531","+,,0","19710531","+,,0","","","19710506",",,0","19710517",",,0","1.1",",0,13,+","0",",,0,31,+","0",",,0,31,+","41.7",",,0,06,","30.6",",0,17,","3086.4","0","92.3",",0","120.1",",,,0","0",",,,0","16.04",",0","22.77",",,,0","9.31",",,,0"
"USC00238051","1971-06","39.97018","-91.88753","214.9","STEFFENVILLE, MO US","238.1","0","199.4",",0","7",",0","3",",0","0",",0","0",",0","0",",0","0",",0","0",",0","0",",0","30",",0","14",",0","","","19710603",",,0","19710630","+,,0","19710630","+,,0","","","19710611",",,0","19710626",",,0","13.3",",0,03,","0",",,0,30,+","0",",,0,30,+","13.0",",,0,11,","36.7",",0,26,","3086.4","0","0.0",",0","31.4",",,,0","0",",,,0","24.98",",0","31.46",",,,0","18.50",",,,0"
"USC00238051","1971-07","39.97018","-91.88753","214.9","STEFFENVILLE, MO US","390.0","0","151.9",",0","12",",0","6",",0","1",",0","0",",0","0",",0","0",",0","0",",0","0",",0","31",",0","8",",0","","","19710731",",,0","19710731","+,,0","19710731","+,,0","","","19710705",",,0","19710708",",,0","7.8",",0,31,","0",",,0,31,+","0",",,0,31,+","27.4",",,0,05,","35.6",",0,08,","4.2","0","4.2",",0","63.5",",,,0","0",",,,0","23.10",",0","29.84",",,,0","16.36",",,,0"
"USC00238051","1971-08","39.97018","-91.88753","214.9","STEFFENVILLE, MO US","545.4","0","155.4",",0","6",",0","4",",0","1",",0","0",",0","0",",0","0",",0","0",",0","0",",0","31",",0","12",",0","","","19710828","+,,0","19710831","+,,0","19710831","+,,0","","","19710821",",,0","19710814",",,0","10.0",",0,28,+","0",",,0,31,+","0",",,0,31,+","36.6",",,0,21,","36.7",",0,14,","5.3","0","1.1",",0","57.9",",,,0","0",",,,0","23.31",",0","30.80",",,,0","15.82",",,,0"
"USC00238051","1971-09","39.97018","-91.88753","214.9","STEFFENVILLE, MO US","676.4","0","131.0",",0","10",",0","6",",0","1",",0","0",",0","0",",0","0",",0","0",",0","0",",0","25",",0","11",",0","","","19710924",",,0","19710930","+,,0","19710930","+,,0","","","19710905",",,0","19710930",",,0","2.8",",0,24,","0",",,0,30,+","0",",,0,30,+","33.5",",,0,05,","35.6",",0,30,","52.2","0","46.9",",0","90.6",",,,0","0",",,,0","21.14",",0","27.83",",,,0","14.45",",,,0"
"USC00238051","1971-10","39.97018","-91.88753","214.9","STEFFENVILLE, MO US","705.3","0","28.9",",0","8",",0","4",",0","1",",0","0",",0","0",",0","0",",0","0",",0","0",",0","23",",0","0",",0","","","19711031",",,0","19711031","+,,0","19711031","+,,0","","","19711003",",,0","19711001",",,0","1.7",",0,31,","0",",,0,31,+","0",",,0,31,+","66.5",",,0,03,","31.1",",0,01,","125.1","0","72.9",",0","92.0",",,,0","0",",,,0","16.91",",0","23.09",",,,0","10.73",",,,0"
"USC00238051","1971-11","39.97018","-91.88753","214.9","STEFFENVILLE, MO US","706.7","0","1.4",",0","8",",0","5",",0","0",",0","4",",0","2",",0","0",",0","16",",0","0",",0","8",",0","0",",0","","","19711107",",,0","19711129",",,0","19711129",",,0","","","19711129",",,0","19711115","+,,0","-8.9",",0,07,","127",",,0,29,","119",",,0,29,","14.5",",,0,29,","24.4",",0,15,+","454.8","0","329.7",",0","43.7",",,,0","183",",,,0","7.39",",0","13.17",",,,0","1.61",",,,0"
"USC00238051","1971-12","39.97018","-91.88753","214.9","STEFFENVILLE, MO US","706.7","0","0.0",",0","12",",0","7",",0","2",",0","5",",0","1",",0","0",",0","20",",0","0",",0","0",",0","0",",0","","","19711218","+,,0","19711201",",,0","19711213",",,0","","","19711215",",,0","19711215","+,,0","-10.6",",0,18,+","76",",,0,01,","25",",,0,13,","55.4",",,0,15,","15.6",",0,15,+","942.0","0","487.2",",0","117.7",",,,0","25",",,,0","2.62",",0","6.81",",,,0","-1.58",",,,0"
"USC00238051","1972-03","39.97018","-91.88753","214.9","STEFFENVILLE, MO US","","","","","","","","","","","1",",0","1",",0","","","","","","","","","","","","","","","19720329",",,0","19720329",",,0","","","","","","","","","76",",,0,29,","76",",,0,29,","","","","","","","","","","","76",",,,0","","","","","",""
"USC00238051","1972-04","39.97018","-91.88753","214.9","STEFFENVILLE, MO US","","","4.4",",0","16",",0","9",",0","0",",0","0",",0","0",",0","0",",0","7",",0","0",",0","8",",0","0",",0","","","19720408",",,0","19720430","+,,0","19720430","+,,0","","","19720420",",,0","19720419","+,,0","-6.1",",0,08,","0",",,0,30,+","0",",,0,30,+","18.0",",,0,20,","28.9",",0,19,+","","","232.7",",0","73.9",",,,0","0",",,,0","10.73",",0","16.88",",,,0","4.57",",,,0"
"USC00238051","1972-05","39.97018","-91.88753","214.9","STEFFENVILLE, MO US","","","46.8",",0","12",",0","8",",0","0",",0","0",",0","0",",0","0",",0","0",",0","0",",0","23",",0","1",",0","","","19720509",",,0","19720531","+,,0","19720531","+,,0","","","19720529",",,0","19720523",",,0","3.3",",0,09,","0",",,0,31,+","0",",,0,31,+","21.6",",,0,29,","32.2",",0,23,","","","68.6",",0","96.1",",,,0","0",",,,0","17.63",",0","24.48",",,,0","10.78",",,,0"
"USC00238051","1972-06","39.97018","-91.88753","214.9","STEFFENVILLE, MO US","","","93.6",",0","7",",0","4",",0","0",",0","0",",0","0",",0","0",",0","0",",0","0",",0","29",",0","4",",0","","","19720611",",,0","19720630","+,,0","19720630","+,,0","","","19720615",",,0","19720610",",,0","6.1",",0,11,","0",",,0,30,+","0",",,0,30,+","24.6",",,0,15,","34.4",",0,10,","","","16.5",",0","51.6",",,,0","0",",,,0","20.91",",0","27.94",",,,0","13.87",",,,0"
"USC00238051","1972-07","39.97018","-91.88753","214.9","STEFFENVILLE, MO US","","","171.6","1,0","10",",0","6",",0","2",",0","0",",0","0",",0","0","1,0","0","1,0","0",",0","31",",0","14",",0","","","19720705",",1,0","19720731","+,,0","19720731","+,,0","","","19720727",",,0","19720715",",,0","8.3","1,0,05,","0",",,0,31,+","0",",,0,31,+","31.8",",,0,27,","36.7",",0,15,","3.9","0","3.9",",0","106.5",",,,0","0",",,,0","24.03","1,0","30.23",",,,0","17.83","1,,,0"
"USC00238051","1972-08","39.97018","-91.88753","214.9","STEFFENVILLE, MO US","","","151.6",",0","8",",0","7",",0","2",",0","0",",0","0",",0","0",",0","0",",0","0",",0","31",",0","11",",0","","","19720809","+,,0","19720831","+,,0","19720831","+,,0","","","19720803",",,0","19720821","+,,0","10.6",",0,09,+","0",",,0,31,+","0",",,0,31,+","45.7",",,0,03,","36.1",",0,21,+","7.0","0","3.1",",0","114.3",",,,0","0",",,,0","23.12",",0","29.42",",,,0","16.83",",,,0"
"USC00238051","1972-09","39.97018","-91.88753","214.9","STEFFENVILLE, MO US","","","80.3",",0","11",",0","5",",0","1",",0","0",",0","0",",0","0",",0","0",",0","0",",0","24",",0","6",",0","","","19720930",",,0","19720930","+,,0","19720930","+,,0","","","19720921",",,0","19720920",",,0","1.7",",0,30,","0",",,0,30,+","0",",,0,30,+","26.4",",,0,21,","34.4",",0,20,","49.3","0","42.3",",0","96.5",",,,0","0",",,,0","19.60",",0","26.12",",,,0","13.08",",,,0"
"USC00238051","1972-10","39.97018","-91.88753","214.9","STEFFENVILLE, MO US","","","1.6",",0","9",",0","5",",0","1",",0","0",",0","0",",0","0",",0","7",",0","0",",0","8",",0","0",",0","","","19721019",",,0","19721031","+,,0","19721031","+,,0","","","19721022",",,0","19721012",",,0","-8.3",",0,19,","0",",,0,31,+","0",",,0,31,+","27.4",",,0,22,","27.2",",0,12,","301.4","0","252.1",",0","71.9",",,,0","0",",,,0","10.25",",0","16.42",",,,0","4.09",",,,0"
"USC00238051","1972-11","39.97018","-91.88753","214.9","STEFFENVILLE, MO US","","","0.0","3,0","10",",0","7",",0","2",",0","2",",0","2",",0","0","3,0","19","3,0","1","3,0","0","3,0","0","3,0","","","19721123",",3,0","19721120",",,0","19721120","+,,0","","","19721102",",,0","19721106",",3,0","-8.3","3,0,23,","51",",,0,20,","25",",,0,20,+","35.6",",,0,02,","16.7","3,0,06,","723.4","0","422.0","3,0","100.2",",,,0","50",",,,0","2.70","3,0","6.55","3,,,0","-1.14","3,,,0"
"USC00238051","1972-12","39.97018","-91.88753","214.9","STEFFENVILLE, MO US","","","0.0",",0","9",",0","2",",0","1",",0","4",",0","1",",0","3",",0","30",",0","13",",0","0",",0","0",",0","","","19721211","+,,0","19721212",",,0","19721212",",,0","","","19721212",",,0","19721203",",,0","-18.3",",0,11,+","51",",,0,12,","38",",,0,12,","26.7",",,0,12,","16.7",",0,03,","1404.6","0","681.2",",0","36.2",",,,0","43",",,,0","-3.64",",0","1.10",",,,0","-8.38",",,,0"
"USC00238051","1973-01","39.97018","-91.88753","214.9","STEFFENVILLE, MO US","0.0","0","0.0",",0","8",",0","5",",0","0",",0","12",",0","2",",0","3",",0","28",",0","13",",0","0",",0","0",",0","","","19730110",",,0","19730109","+,,0","19730108",",,0","","","19730104",",,0","19730118","+,,0","-22.2",",0,10,","51",",,0,09,+","51",",,0,08,","24.4",",,0,04,","15.6",",0,18,+","2086.2","0","681.6",",0","68.5",",,,0","102",",,,0","-3.65",",0","1.05",",,,0","-8.36",",,,0"
"USC00238051","1973-02","39.97018","-91.88753","214.9","STEFFENVILLE, MO US","0.0","0","0.0",",0","9",",0","6",",0","0",",0","5",",0","2",",0","0",",0","25",",0","8",",0","0",",0","0",",0","","","19730217","+,,0","19730209","+,,0","19730208",",,0","","","19730213",",,0","19730225","+,,0","-16.7",",0,17,+","76",",,0,09,+","76",",,0,08,","13.2",",,0,13,","16.1",",0,25,+","2627.9","0","541.7",",0","47.2",",,,0","114",",,,0","-1.01",",0","3.73",",,,0","-5.76",",,,0"
"USC00238051","1973-03","39.97018","-91.88753","214.9","STEFFENVILLE, MO US","0.0","0","0.0",",0","19",",0","11",",0","2",",0","0",",0","0",",0","0",",0","7",",0","0",",0","0",",0","0",",0","","","19730318",",,0","19730331","+,,0","19730317",",,0","","","19730325",",,0","19730315",",,0","-3.9",",0,18,","0",",,0,31,+","0",",T,0,17,","47.2",",,0,25,","20.6",",0,15,","2959.1","0","331.2",",0","206.0",",,,0","0",",T,,0","7.65",",0","12.33",",,,0","2.96",",,,0"
"USC00238051","1973-04","39.97018","-91.88753","214.9","STEFFENVILLE, MO US","0.0","0","0.0",",0","11",",0","8",",0","3",",0","3",",0","2",",0","0",",0","5",",0","0",",0","7",",0","0",",0","","","19730410",",,0","19730410",",,0","19730410",",,0","","","19730421",",,0","19730422",",,0","-11.1",",0,10,","76",",,0,10,","51",",,0,10,","80.8",",,0,21,","25.6",",0,22,","3216.6","0","257.5",",0","204.1",",,,0","76",",,,0","9.75",",0","15.07",",,,0","4.42",",,,0"
"USC00238051","1973-05","39.97018","-91.88753","214.9","STEFFENVILLE, MO US","5.3","0","5.3","3,0","12",",0","9",",0","2",",0","0",",0","0",",0","0","2,0","0","2,0","0","1,0","19","1,0","0","1,0","","","19730513",",2,0","19730531","+,,0","19730531","+,,0","","","19730527",",,0","19730522",",1,0","2.8","2,0,13,","0",",,0,31,+","0",",,0,31,+","51.3",",,0,27,","27.8","1,0,22,","3303.6","0","87.0","1,0","178.2",",,,0","0",",,,0","15.37","3,0","21.96","1,,,0","8.79","2,,,0"
"USC00238051","1973-06","39.97018","-91.88753","214.9","STEFFENVILLE, MO US","132.2","0","126.9",",0","9",",0","7",",0","2",",0","0",",0","0",",0","0",",0","0",",0","0",",0","30",",0","2",",0","","","19730630","+,,0","19730630","+,,0","19730630","+,,0","","","19730619",",,0","19730617",",,0","12.8",",0,30,+","0",",,0,30,+","0",",,0,30,+","34.0",",,0,19,","32.8",",0,17,","3303.6","0","0.0",",0","118.0",",,,0","0",",,,0","22.56",",0","28.50",",,,0","16.63",",,,0"
"USC00238051","1973-07","39.97018","-91.88753","214.9","STEFFENVILLE, MO US","317.1","0","184.9",",0","11",",0","9",",0","2",",0","0",",0","0",",0","0",",0","0",",0","0",",0","31",",0","7",",0","","","19730715",",,0","19730731","+,,0","19730731","+,,0","","","19730730",",,0","19730714","+,,0","11.7",",0,15,","0",",,0,31,+","0",",,0,31,+","30.5",",,0,30,","33.3",",0,14,+","0.0","0","0.0",",0","117.6",",,,0","0",",,,0","24.30",",0","30.45",",,,0","18.14",",,,0"
"USC00238051","1973-08","39.97018","-91.88753","214.9","STEFFENVILLE, MO US","485.4","0","168.3",",0","7",",0","2",",0","1",",0","0",",0","0",",0","0",",0","0",",0","0",",0","31",",0","9",",0","","","19730802",",,0","19730831","+,,0","19730831","+,,0","","","19730809",",,0","19730827",",,0","11.7",",0,02,","0",",,0,31,+","0",",,0,31,+","101.6",",,0,09,","35.0",",0,27,","0.5","0","0.5",",0","115.1",",,,0","0",",,,0","23.74",",0","30.10",",,,0","17.39",",,,0"
"USC00238051","1973-09","39.97018","-91.88753","214.9","STEFFENVILLE, MO US","554.7","0","69.3",",0","18",",0","11",",0","2",",0","0",",0","0",",0","0",",0","0",",0","0",",0","26",",0","2",",0","","","19730919","+,,0","19730930","+,,0","19730930","+,,0","1","","19730922",",,0","19730902","+,,0","5.0",",0,19,+","0",",,0,30,+","0",",,0,30,+","32.5",",,0,22,","32.8",",0,02,+","29.2","0","28.7",",0","174.0",",,,0","0",",,,0","19.69",",0","25.48",",,,0","13.89",",,,0"
"USC00238051","1973-10","39.97018","-91.88753","214.9","STEFFENVILLE, MO US","575.6","0","20.9",",0","10",",0","7",",0","1",",0","0",",0","0",",0","0",",0","0",",0","0",",0","19",",0","0",",0","","","19731030",",,0","19731031","+,,0","19731031","+,,0","","","19731003",",,0","19731009",",,0","1.1",",0,30,","0",",,0,31,+","0",",,0,31,+","72.6",",,0,03,","29.4",",0,09,","141.9","0","112.7",",0","124.4",",,,0","0",",,,0","15.37",",0","21.56",",,,0","9.18",",,,0"
"USC00238051","1973-11","39.97018","-91.88753","214.9","STEFFENVILLE, MO US","","","","","9",",0","4",",0","0",",0","0",",0","0",",0","","","","","","","","","","","","","","","19731130","+,,0","19731108",",,0","","","19731120",",,0","","","","","0",",,0,30,+","0",",T,0,08,","18.8",",,0,20,","","","","","","","58.5",",,,0","0",",T,,0","","","","","",""
"USC00238051","1973-12","39.97018","-91.88753","214.9","STEFFENVILLE, MO US","","","0.0",",0","13",",0","6",",0","0",",0","8",",0","3",",0","4",",0","27",",0","13",",0","1",",0","0",",0","","","19731231",",,0","19731231",",,0","19731231",",,0","","","19731204",",,0","19731203",",,0","-20.0",",0,31,","152",",,0,31,","140",",,0,31,","25.1",",,0,04,","21.1",",0,03,","","","636.2",",0","55.2",",,,0","279",",,,0","-2.19",",0","2.79",",,,0","-7.17",",,,0"
"USC00238051","1974-01","39.97018","-91.88753","214.9","STEFFENVILLE, MO US","0.0","0","0.0",",0","13",",0","5",",0","0",",0","19",",0","3",",0","11",",0","30",",0","14",",0","0",",0","0",",0","","","19740113",",,0","19740112","+,,0","19740110",",,0","","","19740127",",,0","19740131",",,0","-28.3",",0,13,","254",",,0,12,+","76",",,0,10,","21.6",",,0,27,","15.0",",0,31,","","","730.4",",0","59.4",",,,0","191",",,,0","-5.23",",0","-0.33",",,,0","-10.13",",,,0"
"USC00238051","1974-02","39.97018","-91.88753","214.9","STEFFENVILLE, MO US","0.0","0","0.0","1,0","4",",0","4",",0","0",",0","4",",0","1",",0","0","1,0","25","1,0","8",",0","0",",0","0",",0","","","19740226","+,1,0","19740226","+,,0","19740224",",,0","","","19740222",",,0","19740218",",,0","-15.0","1,0,26,+","76",",,0,26,+","76",",,0,24,","10.7",",,0,22,","17.2",",0,18,","","","505.9",",0","22.8",",,,0","76",",,,0","-0.29","1,0","4.96",",,,0","-5.54","1,,,0"
"USC00238051","1974-03","39.97018","-91.88753","214.9","STEFFENVILLE, MO US","1.7","0","1.7",",0","11",",0","8",",0","0",",0","1",",0","1",",0","0",",0","16",",0","2",",0","9",",0","0",",0","","","19740325","+,,0","19740321",",,0","19740321",",,0","","","19740330",",,0","19740308",",,0","-12.8",",0,25,+","25",",,0,21,","25",",,0,21,","21.6",",,0,30,","27.2",",0,08,","","","374.3",",0","70.2",",,,0","25",",,,0","6.31",",0","13.03",",,,0","-0.40",",,,0"
"USC00238051","1974-04","39.97018","-91.88753","214.9","STEFFENVILLE, MO US","11.7","0","10.0",",0","12",",0","8",",0","0",",0","0",",0","0",",0","0",",0","7",",0","0",",0","12",",0","0",",0","","","19740409","+,,0","19740430","+,,0","19740405",",,0","","","19740411",",,0","19740427",",,0","-1.1",",0,09,+","0",",,0,30,+","13",",,0,05,","15.0",",,0,11,","27.8",",0,27,","","","199.2",",0","57.7",",,,0","13",",,,0","12.03",",0","18.72",",,,0","5.33",",,,0"
"USC00238051","1974-05","39.97018","-91.88753","214.9","STEFFENVILLE, MO US","45.1","0","33.4",",0","22",",0","13",",0","3",",0","0",",0","0",",0","0",",0","0",",0","0",",0","15",",0","0",",0","","","19740510",",,0","19740531","+,,0","19740531","+,,0","","","19740531",",,0","19740517","+,,0","4.4",",0,10,","0",",,0,31,+","0",",,0,31,+","33.5",",,0,31,","29.4",",0,17,+","","","98.3",",0","175.6",",,,0","0",",,,0","16.24",",0","21.34",",,,0","11.15",",,,0"
"USC00238051","1974-06","39.97018","-91.88753","214.9","STEFFENVILLE, MO US","109.2","0","64.1",",0","12",",0","4",",0","2",",0","0",",0","0",",0","0",",0","0",",0","0",",0","28",",0","2",",0","","","19740617",",,0","19740630","+,,0","19740630","+,,0","","","19740607",",,0","19740621",",,0","7.8",",0,17,","0",",,0,30,+","0",",,0,30,+","30.5",",,0,07,","33.3",",0,21,","","","22.7",",0","96.8",",,,0","0",",,,0","19.71",",0","25.57",",,,0","13.85",",,,0"
"USC00238051","1974-07","39.97018","-91.88753","214.9","STEFFENVILLE, MO US","317.2","0","208.0","5,0","5",",0","3",",0","1",",0","0",",0","0",",0","0","5,0","0","5,0","0","5,0","26","5,0","18","5,0","","","19740701",",5,0","19740731","+,,0","19740731","+,,0","","","19740704",",,0","19740715",",5,0","15.0","5,0,01,","0",",,0,31,+","0",",,0,31,+","74.7",",,0,04,","37.2","5,0,15,","0.0","0","0.0","5,0","105.4",",,,0","0",",,,0","26.33","5,0","33.15","5,,,0","19.52","5,,,0"
"USC00238051","1974-08","39.97018","-91.88753","214.9","STEFFENVILLE, MO US","430.2","0","113.0",",0","12",",0","7",",0","1",",0","0",",0","0",",0","0",",0","0",",0","0",",0","30",",0","3",",0","","","19740829",",,0","19740831","+,,0","19740831","+,,0","","","19740822",",,0","19740822",",,0","11.1",",0,29,","0",",,0,31,+","0",",,0,31,+","26.9",",,0,22,","34.4",",0,22,","4.7","0","4.7",",0","62.3",",,,0","0",",,,0","21.82",",0","27.93",",,,0","15.72",",,,0"
"USC00238051","1974-09","39.97018","-91.88753","214.9","STEFFENVILLE, MO US","446.1","0","15.9","1,0","8",",0","6",",0","1",",0","0",",0","0",",0","0","1,0","0","1,0","0",",0","20",",0","0",",0","","","19740922",",1,0","19740930","+,,0","19740930","+,,0","","","19740928",",,0","19740919",",,0","0.6","1,0,22,","0",",,0,30,+","0",",,0,30,+","39.4",",,0,28,","28.9",",0,19,","99.9","0","95.2",",0","84.6",",,,0","0",",,,0","15.59","1,0","22.67",",,,0","8.51","1,,,0"
"USC00238051","1974-10","39.97018","-91.88753","214.9","STEFFENVILLE, MO US","448.1","0","2.0",",0","8",",0","3",",0","0",",0","0",",0","0",",0","0",",0","6",",0","0",",0","14",",0","0",",0","","","19741003","+,,0","19741031","+,,0","19741031","+,,0","","","19741014",",,0","19741013","+,,0","-2.2",",0,03,+","0",",,0,31,+","0",",,0,31,+","23.1",",,0,14,","26.7",",0,13,+","280.8","0","180.9",",0","45.8",",,,0","0",",,,0","12.56",",0","19.67",",,,0","5.45",",,,0"
"USC00238051","1974-11","39.97018","-91.88753","214.9","STEFFENVILLE, MO US","448.1","0","0.0","3,0","9",",0","6",",0","1",",0","3",",0","3",",0","0","3,0","18","3,0","0","3,0","3","3,0","0","3,0","","","19741126",",3,0","19741130",",,0","19741130",",,0","","","19741103",",,0","19741101",",3,0","-6.7","3,0,26,","203",",,0,30,","178",",,0,30,","45.7",",,0,03,","23.9","3,0,01,","636.0","0","355.2","3,0","101.2",",,,0","228",",,,0","5.18","3,0","10.45","3,,,0","-0.10","3,,,0"
"USC00238051","1974-12","39.97018","-91.88753","214.9","STEFFENVILLE, MO US","448.1","0","0.0",",0","12",",0","7",",0","0",",0","10",",0","2",",0","0",",0","30",",0","7",",0","0",",0","0",",0","","","19741204",",,0","19741202","+,,0","19741225",",,0","","","19741207",",,0","19741223",",,0","-15.0",",0,04,","178",",,0,02,+","51",",,0,25,","13.5",",,0,07,","12.8",",0,23,","1243.1","0","607.1",",0","53.5",",,,0","102",",,,0","-1.25",",0","2.78",",,,0","-5.28",",,,0"
"USC00238051","1975-01","39.97018","-91.88753","214.9","STEFFENVILLE, MO US","0.0","0","0.0",",0","11",",0","5",",0","0",",0","9",",0","3",",0","2",",0","30",",0","8",",0","0",",0","0",",0","","","19750120",",,0","19750120","+,,0","19750119",",,0","","","19750131",",,0","19750111",",,0","-22.2",",0,20,","76",",,0,20,+","76",",,0,19,","10.7",",,0,31,","13.3",",0,11,","1870.8","0","627.7",",0","40.5",",,,0","191",",,,0","-1.91",",0","3.28",",,,0","-7.11",",,,0"
"USC00238051","1975-02","39.97018","-91.88753","214.9","STEFFENVILLE, MO US","0.0","0","0.0",",0","10",",0","7",",0","0",",0","21",",0","7",",0","2",",0","27",",0","11",",0","0",",0","0",",0","","","19750209",",,0","19750225","+,,0","19750224",",,0","","","19750224","+,,0","19750222",",,0","-24.4",",0,09,","279",",,0,25,+","178",",,0,24,","13.5",",,0,24,+","16.7",",0,22,","2477.9","0","607.1",",0","64.1",",,,0","478",",,,0","-3.35",",0","0.66",",,,0","-7.36",",,,0"
"USC00238051","1975-03","39.97018","-91.88753","214.9","STEFFENVILLE, MO US","0.0","0","0.0",",0","6",",0","6",",0","0",",0","13",",0","1",",0","0",",0","25",",0","5",",0","2",",0","0",",0","","","19750304","+,,0","19750310",",,0","19750310",",,0","","","19750327",",,0","19750322",",,0","-11.7",",0,04,+","102",",,0,10,","89",",,0,10,","17.8",",,0,27,","24.4",",0,22,","3012.0","0","534.1",",0","56.4",",,,0","89",",,,0","1.10",",0","6.75",",,,0","-4.55",",,,0"
"USC00238051","1975-04","39.97018","-91.88753","214.9","STEFFENVILLE, MO US","1.4","0","1.4",",0","12",",0","8",",0","0",",0","2",",0","1",",0","0",",0","10",",0","1",",0","9",",0","0",",0","","","19750404","+,,0","19750403",",,0","19750403",",,0","","","19750423",",,0","19750418",",,0","-9.4",",0,04,+","51",",,0,03,","38",",,0,03,","16.5",",,0,23,","28.3",",0,18,","3275.3","0","263.3",",0","64.0",",,,0","38",",,,0","9.60",",0","15.86",",,,0","3.34",",,,0"
"USC00238051","1975-05","39.97018","-91.88753","214.9","STEFFENVILLE, MO US","46.5","0","45.1",",0","13",",0","8",",0","2",",0","0",",0","0",",0","0",",0","0",",0","0",",0","27",",0","0",",0","","","19750501",",,0","19750531","+,,0","19750531","+,,0","","","19750530",",,0","19750520",",,0","3.3",",0,01,","0",",,0,31,+","0",",,0,31,+","39.9",",,0,30,","31.1",",0,20,","3317.3","0","42.0",",0","137.5",",,,0","0",",,,0","18.43",",0","24.81",",,,0","12.06",",,,0"
"USC00238051","1975-06","39.97018","-91.88753","214.9","STEFFENVILLE, MO US","176.9","0","130.4",",0","12",",0","5",",0","1",",0","0",",0","0",",0","0",",0","0",",0","0",",0","29",",0","6",",0","","","19750603","+,,0","19750630","+,,0","19750630","+,,0","","","19750623",",,0","19750629",",,0","10.0",",0,03,+","0",",,0,30,+","0",",,0,30,+","36.8",",,0,23,","33.3",",0,29,","3323.4","0","6.1",",0","86.0",",,,0","0",",,,0","22.48",",0","28.09",",,,0","16.87",",,,0"
"USC00238051","1975-07","39.97018","-91.88753","214.9","STEFFENVILLE, MO US","373.2","0","196.3",",0","4",",0","2",",0","0",",0","0",",0","0",",0","0",",0","0",",0","0",",0","31",",0","18",",0","","","19750713",",,0","19750731","+,,0","19750731","+,,0","","","19750709",",,0","19750724",",,0","7.8",",0,13,","0",",,0,31,+","0",",,0,31,+","6.1",",,0,09,","37.2",",0,24,","4.2","0","4.2",",0","11.2",",,,0","0",",,,0","24.53",",0","31.81",",,,0","17.25",",,,0"
"USC00238051","1975-08","39.97018","-91.88753","214.9","STEFFENVILLE, MO US","576.1","0","202.9",",0","9",",0","5",",0","0",",0","0",",0","0",",0","0",",0","0",",0","0",",0","31",",0","15",",0","","","19750807",",,0","19750831","+,,0","19750831","+,,0","","","19750826",",,0","19750813",",,0","11.7",",0,07,","0",",,0,31,+","0",",,0,31,+","22.6",",,0,26,","38.9",",0,13,","4.2","0","0.0",",0","71.5",",,,0","0",",,,0","24.88",",0","31.54",",,,0","18.22",",,,0"
"USC00238051","1975-09","39.97018","-91.88753","214.9","STEFFENVILLE, MO US","622.5","0","46.4","1,0","9",",0","6",",0","1",",0","0",",0","0",",0","0","1,0","0","1,0","0","1,0","19","1,0","3","1,0","","","19750927","+,1,0","19750930","+,,0","19750930","+,,0","2","","19750911",",,0","19750902",",1,0","2.2","1,0,27,+","0",",,0,30,+","0",",,0,30,+","32.8",",,0,11,","35.0","1,0,02,","84.0","0","79.8","1,0","78.7",",,,0","0",",,,0","17.18","1,0","23.58","1,,,0","10.78","1,,,0"
"USC00238051","1975-10","39.97018","-91.88753","214.9","STEFFENVILLE, MO US","638.7","0","16.2","3,0","3","1,0","2","1,0","0","1,0","0",",0","0",",0","0","3,0","5","3,0","0","3,0","17","3,0","2","3,0","","","19751030","+,3,0","19751031","+,,0","19751031","+,,0","1","","19751029","+,1,0","19751014","+,3,0","-0.6","3,0,30,+","0",",,0,31,+","0",",,0,31,+","3.6","1,,0,29,+","32.2","3,0,14,+","219.5","0","135.5","3,0","8.5","1,,,0","0",",,,0","14.07","3,0","22.03","3,,,0","6.11","3,,,0"
"USC00238051","1975-11","39.97018","-91.88753","214.9","STEFFENVILLE, MO US","638.7","0","0.0",",0","13",",0","8",",0","0",",0","4","1,0","0","3,0","0",",0","13",",0","3",",0","6",",0","0",",0","","","19751129","+,,0","19751127",",1,0","19751122","+,3,0","4","","19751130",",,0","19751110",",,0","-9.4",",0,29,+","152","1,,0,27,","0","3,T,0,22,+","20.6",",,0,30,","24.4",",0,10,","533.9","0","314.4",",0","66.5",",,,0","0","3,T,,0","7.85",",0","13.49",",,,0","2.22",",,,0"
"USC00238051","1975-12","39.97018","-91.88753","214.9","STEFFENVILLE, MO US","638.7","0","0.0",",0","7",",0","4",",0","1",",0","5",",0","1",",0","0",",0","27",",0","12",",0","0",",0","0",",0","","","19751218",",,0","19751230","+,,0","19751228",",,0","1","","19751215",",,0","19751206",",,0","-16.7",",0,18,","51",",,0,30,+","66",",,0,28,","25.4",",,0,15,","20.0",",0,06,","1104.4","0","570.5",",0","36.4",",,,0","74",",,,0","-0.07",",0","4.29",",,,0","-4.44",",,,0"
"USC00238051","1976-01","39.97018","-91.88753","214.9","STEFFENVILLE, MO US","0.0","0","0.0",",0","4",",0","2",",0","0",",0","16",",0","3",",0","6",",0","31",",0","13",",0","0",",0","0",",0","","","19760109","+,,0","19760115","+,,0","19760114",",,0","","","19760114",",,0","19760124",",,0","-22.2",",0,09,+","76",",,0,15,+","76",",,0,14,","8.6",",,0,14,","10.6",",0,24,","1840.6","0","736.2",",0","13.9",",,,0","160",",,,0","-5.42",",0","0.10",",,,0","-10.93",",,,0"
"USC00238051","1976-02","39.97018","-91.88753","214.9","STEFFENVILLE, MO US","0.0","0","0.0",",0","5",",0","2",",0","0",",0","5",",0","2",",0","0",",0","15",",0","5",",0","2",",0","0",",0","","","19760207",",,0","19760208","+,,0","19760203",",,0","3","","19760216",",,0","19760228","+,,0","-13.9",",0,07,","51",",,0,08,+","51",",,0,03,","23.6",",,0,16,","22.2",",0,28,+","2259.6","0","419.0",",0","30.4",",,,0","97",",,,0","3.88",",0","10.34",",,,0","-2.58",",,,0"
"USC00238051","1976-03","39.97018","-91.88753","214.9","STEFFENVILLE, MO US","0.0","0","0.0",",0","12",",0","6",",0","2",",0","1",",0","0",",0","0",",0","18",",0","0",",0","5",",0","0",",0","","","19760306","+,,0","19760322",",,0","19760323",",,0","5","","19760305",",,0","19760303",",,0","-6.7",",0,06,+","25",",,0,22,","20",",,0,23,","38.4",",,0,05,","25.6",",0,03,","2627.3","0","367.7",",0","111.7",",,,0","40",",,,0","6.47",",0","13.01",",,,0","-0.06",",,,0"
"USC00238051","1976-04","39.97018","-91.88753","214.9","STEFFENVILLE, MO US","14.1","0","14.1",",0","8",",0","7",",0","1",",0","0",",0","0",",0","0",",0","3",",0","0",",0","10",",0","0",",0","","","19760412",",,0","19760430","+,,0","19760430","+,,0","3","","19760425",",,0","19760418","+,,0","-3.9",",0,12,","0",",,0,30,+","0",",,0,30,+","28.2",",,0,25,","27.2",",0,18,+","2808.2","0","180.9",",0","90.5",",,,0","0",",,,0","12.78",",0","18.79",",,,0","6.76",",,,0"
"USC00238051","1976-05","39.97018","-91.88753","214.9","STEFFENVILLE, MO US","24.1","0","10.0",",0","11",",0","10",",0","1",",0","0",",0","0",",0","0",",0","1",",0","0",",0","19",",0","0",",0","","","19760503",",,0","19760531","+,,0","19760531","+,,0","2","","19760506",",,0","19760522",",,0","-1.1",",0,03,","0",",,0,31,+","0",",,0,31,+","27.7",",,0,06,","29.4",",0,22,","2927.7","0","119.5",",0","111.1",",,,0","0",",,,0","14.80",",0","21.12",",,,0","8.47",",,,0"
"USC00238051","1976-06","39.97018","-91.88753","214.9","STEFFENVILLE, MO US","126.0","0","101.9",",0","8",",0","4",",0","1",",0","0",",0","0",",0","0",",0","0",",0","0",",0","30",",0","2",",0","","","19760620","+,,0","19760630","+,,0","19760630","+,,0","7","","19760624",",,0","19760614",",,0","9.4",",0,20,+","0",",,0,30,+","0",",,0,30,+","30.0",",,0,24,","33.9",",0,14,","2931.4","0","3.7",",0","52.9",",,,0","0",",,,0","21.61",",0","28.11",",,,0","15.10",",,,0"
"USC00238051","1976-07","39.97018","-91.88753","214.9","STEFFENVILLE, MO US","334.7","0","208.7","1,0","5",",0","3",",0","1",",0","0",",0","0",",0","0","1,0","0","1,0","0","1,0","30","1,0","19","1,0","","","19760717","+,1,0","19760731","+,,0","19760731","+,,0","3","","19760703",",,0","19760724",",1,0","11.7","1,0,17,+","0",",,0,31,+","0",",,0,31,+","46.2",",,0,03,","37.2","1,0,24,","1.1","0","1.1","1,0","61.3",",,,0","0",",,,0","25.26","1,0","31.89","1,,,0","18.62","1,,,0"
"USC00238051","1976-08","39.97018","-91.88753","214.9","STEFFENVILLE, MO US","466.9","0","132.2",",0","6",",0","6",",0","1",",0","0",",0","0",",0","0",",0","0",",0","0",",0","31",",0","5",",0","","","19760829","+,,0","19760831","+,,0","19760831","+,,0","","","19760807",",,0","19760811",",,0","10.6",",0,29,+","0",",,0,31,+","0",",,0,31,+","35.1",",,0,07,","36.1",",0,11,","1.6","0","0.5",",0","69.6",",,,0","0",",,,0","22.58",",0","29.62",",,,0","15.54",",,,0"
"USC00238051","1976-09","39.97018","-91.88753","214.9","STEFFENVILLE, MO US","524.9","0","58.0",",0","3",",0","1",",0","1",",0","0",",0","0",",0","0",",0","0",",0","0",",0","24",",0","4",",0","","","19760922","+,,0","19760930","+,,0","19760930","+,,0","3","","19760926",",,0","19760909","+,,0","5.0",",0,22,+","0",",,0,30,+","0",",,0,30,+","42.2",",,0,26,","32.8",",0,09,+","51.9","0","50.3",",0","44.7",",,,0","0",",,,0","18.59",",0","26.63",",,,0","10.55",",,,0"
"USC00238051","1976-10","39.97018","-91.88753","214.9","STEFFENVILLE, MO US","533.3","0","8.4",",0","7",",0","7",",0","3",",0","0",",0","0",",0","0",",0","13",",0","0",",0","9",",0","1",",0","","","19761022",",,0","19761031","+,,0","19761031","+,,0","2","","19761005",",,0","19761003",",,0","-5.6",",0,22,","0",",,0,31,+","0",",,0,31,+","46.2",",,0,05,","32.2",",0,03,","362.4","0","310.5",",0","131.9",",,,0","0",",,,0","8.59",",0","15.09",",,,0","2.09",",,,0"
"USC00238051","1976-11","39.97018","-91.88753","214.9","STEFFENVILLE, MO US","533.3","0","0.0",",0","1",",0","1",",0","0",",0","0",",0","0",",0","0",",0","29",",0","4",",0","1",",0","0",",0","","","19761130","+,,0","19761127",",,0","19761127",",,0","","","19761127",",,0","19761119",",,0","-16.1",",0,30,+","0",",T,0,27,","3",",,0,27,","10.7",",,0,27,","21.1",",0,19,","888.1","0","525.7",",0","10.7",",,,0","3",",,,0","0.81",",0","7.49",",,,0","-5.87",",,,0"
"USC00238051","1976-12","39.97018","-91.88753","214.9","STEFFENVILLE, MO US","533.3","0","0.0",",0","3",",0","1",",0","0",",0","6",",0","2",",0","5",",0","31",",0","18",",0","0",",0","0",",0","","","19761231",",,0","19761231","+,,0","19761229",",,0","2","","19761207",",,0","19761219",",,0","-26.1",",0,31,","25",",,0,31,+","38",",,0,29,","2.8",",,0,07,","16.7",",0,19,","1609.0","0","720.9",",0","4.6",",,,0","66",",,,0","-4.92",",0","1.56",",,,0","-11.41",",,,0"
"USC00238051","1977-01","39.97018","-91.88753","214.9","STEFFENVILLE, MO US","0.0","0","0.0",",0","10",",0","3",",0","0",",0","31",",0","8",",0","20",",0","31",",0","26",",0","0",",0","0",",0","","","19770117","+,,0","19770123","+,,0","19770105",",,0","","","19770105",",,0","19770128",",,0","-28.3",",0,17,+","203",",,0,23,+","132",",,0,05,","5.3",",,0,05,","4.4",",0,28,","2564.4","0","955.4",",0","20.2",",,,0","430",",,,0","-12.49",",0","-6.65",",,,0","-18.32",",,,0"
"USC00238051","1977-02","39.97018","-91.88753","214.9","STEFFENVILLE, MO US","0.0","0","0.0",",0","6",",0","2",",0","0",",0","10",",0","0",",0","5",",0","25",",0","7",",0","0",",0","0",",0","","","19770208",",,0","19770202","+,,0","19770227","+,,0","","","19770214",",,0","19770223",",,0","-20.0",",0,08,","178",",,0,02,+","13",",,0,27,+","3.6",",,0,14,","20.0",",0,23,","3126.0","0","561.6",",0","9.9",",,,0","36",",,,0","-1.72",",0","4.11",",,,0","-7.56",",,,0"
"USC00238051","1977-03","39.97018","-91.88753","214.9","STEFFENVILLE, MO US","0.0","0","0.0",",0","10",",0","8",",0","1",",0","2",",0","2",",0","0",",0","13",",0","0",",0","4",",0","0",",0","","","19770301",",,0","19770322","+,,0","19770301",",,0","1","","19770312",",,0","19770315",",,0","-11.1",",0,01,","25",",,0,22,+","33",",,0,01,","27.2",",,0,12,","25.6",",0,15,","3464.2","0","338.2",",0","80.8",",,,0","63",",,,0","7.42",",0","13.51",",,,0","1.34",",,,0"
"USC00238051","1977-04","39.97018","-91.88753","214.9","STEFFENVILLE, MO US","25.6","0","25.6",",0","5",",0","3",",0","1",",0","0",",0","0",",0","0",",0","3",",0","0",",0","16",",0","0",",0","","","19770406",",,0","19770430","+,,0","19770406",",,0","1","","19770421",",,0","19770417",",,0","-2.2",",0,06,","0",",,0,30,+","0",",T,0,06,","25.4",",,0,21,","30.6",",0,17,","3606.5","0","142.3",",0","36.1",",,,0","0",",T,,0","14.44",",0","20.78",",,,0","8.10",",,,0"
"USC00238051","1977-05","39.97018","-91.88753","214.9","STEFFENVILLE, MO US","110.7","0","85.1",",0","7",",0","6",",0","1",",0","0",",0","0",",0","0",",0","0",",0","0",",0","27",",0","0",",0","","","19770509",",,0","19770531","+,,0","19770531","+,,0","5","","19770507",",,0","19770527",",,0","5.0",",0,09,","0",",,0,31,+","0",",,0,31,+","34.5",",,0,07,","31.7",",0,27,","3633.1","0","26.6",",0","85.6",",,,0","0",",,,0","20.22",",0","26.21",",,,0","14.24",",,,0"
"USC00238051","1977-06","39.97018","-91.88753","214.9","STEFFENVILLE, MO US","241.0","0","130.3",",0","9",",0","4",",0","0",",0","0",",0","0",",0","0",",0","0",",0","0",",0","29",",0","8",",0","","","19770609",",,0","19770630","+,,0","19770630","+,,0","8","","19770622",",,0","19770606",",,0","7.2",",0,09,","0",",,0,30,+","0",",,0,30,+","11.4",",,0,22,","35.6",",0,06,","3637.6","0","4.5",",0","34.0",",,,0","0",",,,0","22.53",",0","28.89",",,,0","16.17",",,,0"
"USC00238051","1977-07","39.97018","-91.88753","214.9","STEFFENVILLE, MO US","487.5","0","246.5","2,0","6",",0","3",",0","0",",0","0",",0","0",",0","0","2,0","0","2,0","0","2,0","29","2,0","20","2,0","","","19770701",",2,0","19770731","+,,0","19770731","+,,0","4","","19770725",",,0","19770720","+,2,0","12.8","2,0,01,","0",",,0,31,+","0",",,0,31,+","15.2",",,0,25,","38.3","2,0,20,+","0.0","0","0.0","2,0","31.0",",,,0","0",",,,0","26.83","2,0","33.92","2,,,0","19.75","2,,,0"
"USC00238051","1977-08","39.97018","-91.88753","214.9","STEFFENVILLE, MO US","612.9","0","125.4","1,0","15",",0","14",",0","1",",0","0",",0","0",",0","0","1,0","0","1,0","0","1,0","29","1,0","4","1,0","","","19770812",",1,0","19770831","+,,0","19770831","+,,0","11","","19770806",",,0","19770801",",1,0","10.0","1,0,12,","0",",,0,31,+","0",",,0,31,+","35.8",",,0,06,","35.6","1,0,01,","3.3","0","3.3","1,0","197.8",",,,0","0",",,,0","22.40","1,0","28.06","1,,,0","16.74","1,,,0"
"USC00238051","1977-09","39.97018","-91.88753","214.9","STEFFENVILLE, MO US","672.6","0","59.7","1,0","11",",0","6",",0","1",",0","0",",0","0",",0","0","1,0","0","1,0","0",",0","27",",0","0",",0","","","19770929",",1,0","19770930","+,,0","19770930","+,,0","8","","19770913",",,0","19770908",",,0","7.8","1,0,29,","0",",,0,30,+","0",",,0,30,+","85.9",",,0,13,","31.1",",0,08,","25.8","0","22.5",",0","154.8",",,,0","0",",,,0","19.68","1,0","25.51",",,,0","13.84","1,,,0"
"USC00238051","1977-10","39.97018","-91.88753","214.9","STEFFENVILLE, MO US","673.2","0","0.6",",0","11",",0","10",",0","2",",0","0",",0","0",",0","0",",0","1",",0","0",",0","5",",0","0",",0","","","19771016",",,0","19771031","+,,0","19771031","+,,0","1","","19771001",",,0","19771022",",,0","-0.6",",0,16,","0",",,0,31,+","0",",,0,31,+","47.8",",,0,01,","27.2",",0,22,","237.3","0","211.5",",0","173.6",",,,0","0",",,,0","11.53",",0","17.78",",,,0","5.28",",,,0"
"USC00238051","1977-11","39.97018","-91.88753","214.9","STEFFENVILLE, MO US","673.2","0","0.0",",0","7",",0","5",",0","1",",0","4",",0","1",",0","0",",0","17",",0","4",",0","1",",0","0",",0","","","19771126",",,0","19771129","+,,0","19771127",",,0","","","19771101",",,0","19771101",",,0","-15.6",",0,26,","51",",,0,29,+","61",",,0,27,","49.5",",,0,01,","22.2",",0,01,","626.6","0","389.3",",0","93.5",",,,0","61",",,,0","5.36",",0","10.25",",,,0","0.46",",,,0"
"USC00238051","1977-12","39.97018","-91.88753","214.9","STEFFENVILLE, MO US","673.2","0","0.0",",0","10",",0","4",",0","0",",0","17",",0","4",",0","5",",0","28",",0","12",",0","0",",0","0",",0","","","19771210",",,0","19771212","+,,0","19771206",",,0","","","19771203",",,0","19771216",",,0","-21.7",",0,10,","152",",,0,12,+","94",",,0,06,","5.3",",,0,03,","13.9",",0,16,","1309.0","0","682.4",",0","22.1",",,,0","261",",,,0","-3.68",",0","0.79",",,,0","-8.15",",,,0"
"USC00238051","1978-01","39.97018","-91.88753","214.9","STEFFENVILLE, MO US","0.0","0","0.0",",0","9",",0","3",",0","0",",0","18",",0","2",",0","13",",0","31",",0","24",",0","0",",0","0",",0","","","19780117",",,0","19780123","+,,0","19780116",",,0","","","19780124","+,,0","19780105",",,0","-22.2",",0,17,","76",",,0,23,+","64",",,0,16,","3.0",",,0,24,+","6.1",",0,05,","2164.2","0","855.2",",0","13.5",",,,0","120",",,,0","-9.25",",0","-4.31",",,,0","-14.20",",,,0"
"USC00238051","1978-02","39.97018","-91.88753","214.9","STEFFENVILLE, MO US","0.0","0","0.0",",0","7",",0","3",",0","0",",0","28",",0","3",",0","9",",0","28",",0","23",",0","0",",0","0",",0","","","19780206",",,0","19780224","+,,0","19780213",",,0","","","19780205",",,0","19780225",",,0","-26.7",",0,06,","229",",,0,24,+","127",",,0,13,","10.2",",,0,05,","6.1",",0,25,","2946.1","0","781.9",",0","22.2",",,,0","332",",,,0","-9.59",",0","-3.57",",,,0","-15.61",",,,0"
"USC00238051","1978-05","39.97018","-91.88753","214.9","STEFFENVILLE, MO US","","","43.6",",0","11",",0","10",",0","3",",0","0",",0","0",",0","0",",0","0",",0","0",",0","15",",0","0",",0","","","19780502",",,0","19780531","+,,0","19780531","+,,0","5","","19780507",",,0","19780528","+,,0","0.6",",0,02,","0",",,0,31,+","0",",,0,31,+","38.1",",,0,07,","31.7",",0,28,+","","","116.9",",0","176.5",",,,0","0",",,,0","15.97",",0","20.89",",,,0","11.05",",,,0"
"USC00238051","1978-06","39.97018","-91.88753","214.9","STEFFENVILLE, MO US","","","123.0",",0","9",",0","9",",0","1",",0","0",",0","0",",0","0",",0","0",",0","0",",0","29",",0","6",",0","","","19780613",",,0","19780630","+,,0","19780630","+,,0","9","","19780623",",,0","19780629","+,,0","9.4",",0,13,","0",",,0,30,+","0",",,0,30,+","38.4",",,0,23,","33.9",",0,29,+","","","5.3",",0","104.9",",,,0","0",",,,0","22.26",",0","28.09",",,,0","16.42",",,,0"
"USC00238051","1978-07","39.97018","-91.88753","214.9","STEFFENVILLE, MO US","","","179.5","1,0","8",",0","6",",0","2",",0","0",",0","0",",0","0","1,0","0","1,0","0","1,0","30","1,0","8","1,0","","","19780728","+,1,0","19780731","+,,0","19780731","+,,0","5","","19780707",",,0","19780702","+,1,0","13.9","1,0,28,+","0",",,0,31,+","0",",,0,31,+","65.0",",,0,07,","34.4","1,0,02,+","0.0","0","0.0","1,0","146.7",",,,0","0",",,,0","24.32","1,0","29.91","1,,,0","18.72","1,,,0"
"USC00238051","1978-08","39.97018","-91.88753","214.9","STEFFENVILLE, MO US","","","137.4","1,0","7",",0","5",",0","0",",0","0",",0","0",",0","0","1,0","0","1,0","0","1,0","30","1,0","6","1,0","","","19780820","+,1,0","19780831","+,,0","19780831","+,,0","1","","19780802",",,0","19780825",",1,0","10.6","1,0,20,+","0",",,0,31,+","0",",,0,31,+","19.1",",,0,02,","36.1","1,0,25,","1.3","0","1.3","1,0","39.4",",,,0","0",",,,0","22.87","1,0","29.15","1,,,0","16.59","1,,,0"
"USC00238051","1978-09","39.97018","-91.88753","214.9","STEFFENVILLE, MO US","","","128.1",",0","6",",0","4",",0","2",",0","0",",0","0",",0","0",",0","0",",0","0",",0","29",",0","9",",0","","","19780922",",,0","19780930","+,,0","19780930","+,,0","4","","19780918",",,0","19780908",",,0","5.0",",0,22,","0",",,0,30,+","0",",,0,30,+","34.5",",,0,18,","35.6",",0,08,","21.8","0","20.5",",0","95.4",",,,0","0",",,,0","21.92",",0","29.54",",,,0","14.30",",,,0"
"USC00238051","1978-10","39.97018","-91.88753","214.9","STEFFENVILLE, MO US","","","1.7",",0","8",",0","4",",0","0",",0","0",",0","0",",0","0",",0","3",",0","0",",0","9",",0","0",",0","","","19781008",",,0","19781031","+,,0","19781031","+,,0","2","","19781003",",,0","19781022",",,0","-0.6",",0,08,","0",",,0,31,+","0",",,0,31,+","13.7",",,0,03,","29.4",",0,22,","239.3","0","217.5",",0","44.4",",,,0","0",",,,0","11.37",",0","18.86",",,,0","3.88",",,,0"
"USC00238051","1978-11","39.97018","-91.88753","214.9","STEFFENVILLE, MO US","","","0.0",",0","10",",0","7",",0","0",",0","0",",0","0",",0","0",",0","16",",0","2",",0","3",",0","0",",0","","","19781129","+,,0","19781130","+,,0","19781128","+,,0","","","19781106",",,0","19781105",",,0","-8.3",",0,29,+","0",",,0,30,+","0",",T,0,28,+","23.4",",,0,06,","26.1",",0,05,","607.8","0","368.5",",0","67.3",",,,0","0",",T,,0","6.05",",0","11.46",",,,0","0.64",",,,0"
"USC00238051","1978-12","39.97018","-91.88753","214.9","STEFFENVILLE, MO US","","","0.0",",0","7",",0","4",",0","0",",0","4",",0","2",",0","1",",0","29",",0","8",",0","0",",0","0",",0","","","19781210",",,0","19781231","+,,0","19781231",",,0","","","19781231",",,0","19781202",",,0","-18.3",",0,10,","51",",,0,31,+","61",",,0,31,","12.2",",,0,31,","14.4",",0,02,","1245.8","0","638.0",",0","35.9",",,,0","107",",,,0","-2.25",",0","2.70",",,,0","-7.20",",,,0"
"USC00238051","1979-01","39.97018","-91.88753","214.9","STEFFENVILLE, MO US","0.0","0","0.0",",0","12","1,0","8","1,0","0","1,0","31",",0","8",",0","20",",0","31",",0","25",",0","0",",0","0",",0","","","19790102",",,0","19790115","+,,0","19790113","+,,0","","","19790101",",1,0","19790120",",,0","-27.8",",0,02,","508",",,0,15,+","127",",,0,13,+","18.0","1,,0,01,","3.3",",0,20,","2199.4","0","953.6",",0","66.7","1,,,0","537",",,,0","-12.43",",0","-7.10",",,,0","-17.76",",,,0"
"USC00238051","1979-02","39.97018","-91.88753","214.9","STEFFENVILLE, MO US","0.0","0","0.0",",0","6",",0","2",",0","0",",0","28",",0","1",",0","11",",0","26",",0","16",",0","0",",0","0",",0","","","19790209",",,0","19790213","+,,0","19790208",",,0","1","","19790221",",,0","19790228","+,,0","-28.9",",0,09,","406",",,0,13,+","48",",,0,08,","9.7",",,0,21,","6.7",",0,28,+","2969.1","0","769.7",",0","22.9",",,,0","64",",,,0","-9.16",",0","-3.18",",,,0","-15.14",",,,0"
"USC00238051","1979-03","39.97018","-91.88753","214.9","STEFFENVILLE, MO US","0.0","0","0.0","1,0","13",",0","7",",0","0",",0","9",",0","3",",0","0","1,0","21","1,0","4","1,0","3","1,0","0","1,0","","","19790316","+,1,0","19790303","+,,0","19790324","+,,0","1","","19790323",",,0","19790329",",1,0","-10.0","1,0,16,+","51",",,0,03,+","38",",,0,24,+","15.5",",,0,23,","22.8","1,0,29,","3390.8","0","421.7","1,0","60.6",",,,0","101",",,,0","4.28","1,0","9.77","1,,,0","-1.21","1,,,0"
"USC00238051","1979-04","39.97018","-91.88753","214.9","STEFFENVILLE, MO US","0.0","0","0.0",",0","14",",0","9",",0","0",",0","0",",0","0",",0","0",",0","3",",0","0",",0","3",",0","0",",0","","","19790406",",,0","19790430","+,,0","19790430","+,,0","8","","19790411",",,0","19790421",",,0","-5.6",",0,06,","0",",,0,30,+","0",",,0,30,+","22.9",",,0,11,","26.1",",0,21,","3650.8","0","260.0",",0","81.9",",,,0","0",",,,0","9.67",",0","14.85",",,,0","4.48",",,,0"
"USC00238051","1979-05","39.97018","-91.88753","214.9","STEFFENVILLE, MO US","29.3","0","29.3","1,0","7",",0","5",",0","0",",0","0",",0","0",",0","0","1,0","0","1,0","0","1,0","18","1,0","1","1,0","","","19790525",",1,0","19790531","+,,0","19790531","+,,0","3","","19790511",",,0","19790509",",1,0","1.7","1,0,25,","0",",,0,31,+","0",",,0,31,+","22.1",",,0,11,","32.2","1,0,09,","3741.0","0","90.2","1,0","52.9",",,,0","0",",,,0","16.30","1,0","22.81","1,,,0","9.79","1,,,0"
"USC00238051","1979-06","39.97018","-91.88753","214.9","STEFFENVILLE, MO US","156.2","0","126.9",",0","10",",0","8",",0","0",",0","0",",0","0",",0","0",",0","0",",0","0",",0","29",",0","3",",0","","","19790601",",,0","19790630","+,,0","19790630","+,,0","8","","19790629",",,0","19790622","+,,0","8.9",",0,01,","0",",,0,30,+","0",",,0,30,+","21.6",",,0,29,","33.3",",0,22,+","3749.9","0","8.9",",0","85.9",",,,0","0",",,,0","22.27",",0","28.16",",,,0","16.37",",,,0"
"USC00238051","1979-07","39.97018","-91.88753","214.9","STEFFENVILLE, MO US","332.9","0","176.7",",0","8",",0","8",",0","2",",0","0",",0","0",",0","0",",0","0",",0","0",",0","31",",0","10",",0","","","19790719","+,,0","19790731","+,,0","19790731","+,,0","8","","19790725",",,0","19790714",",,0","12.8",",0,19,+","0",",,0,31,+","0",",,0,31,+","40.9",",,0,25,","36.7",",0,14,","0.3","0","0.3",",0","143.2",",,,0","0",",,,0","24.02",",0","30.01",",,,0","18.03",",,,0"
"USC00238051","1979-08","39.97018","-91.88753","214.9","STEFFENVILLE, MO US","488.7","0","155.8",",0","9",",0","7",",0","0",",0","0",",0","0",",0","0",",0","0",",0","0",",0","29",",0","10",",0","","","19790812",",,0","19790831","+,,0","19790831","+,,0","7","","19790803",",,0","19790808","+,,0","7.8",",0,12,","0",",,0,31,+","0",",,0,31,+","20.3",",,0,03,","35.0",",0,08,+","10.6","0","10.3",",0","74.8",",,,0","0",",,,0","23.03",",0","29.05",",,,0","17.01",",,,0"
"USC00238051","1979-09","39.97018","-91.88753","214.9","STEFFENVILLE, MO US","546.8","0","58.1",",0","0",",0","0",",0","0",",0","0",",0","0",",0","0",",0","0",",0","0",",0","29",",0","3",",0","","","19790922",",,0","19790930","+,,0","19790930","+,,0","","","19790901",",,0","19790912","+,,0","3.3",",0,22,","0",",,0,30,+","0",",,0,30,+","0.0",",T,0,01,","32.2",",0,12,+","42.3","0","31.7",",0","0.0",",T,,0","0",",,,0","19.21",",0","27.52",",,,0","10.91",",,,0"
"USC00238051","1979-10","39.97018","-91.88753","214.9","STEFFENVILLE, MO US","560.5","0","13.7",",0","6","1,0","4","1,0","0","1,0","0",",0","0",",0","0",",0","6",",0","0",",0","15",",0","0",",0","","","19791014","+,,0","19791031","+,,0","19791031","+,,0","4","","19791019",",1,0","19791022",",,0","-3.9",",0,14,+","0",",,0,31,+","0",",,0,31,+","19.6","1,,0,19,","30.6",",0,22,","231.4","0","189.1",",0","43.4","1,,,0","0",",,,0","12.67",",0","20.34",",,,0","5.01",",,,0"
"USC00238051","1979-11","39.97018","-91.88753","214.9","STEFFENVILLE, MO US","560.5","0","0.0",",0","8",",0","3",",0","1",",0","0",",0","0",",0","0",",0","20",",0","2",",0","1",",0","0",",0","","","19791130",",,0","19791130","+,,0","19791128",",,0","","","19791121",",,0","19791119",",,0","-8.3",",0,30,","0",",T,0,30,+","3",",,0,28,","39.1",",,0,21,","21.1",",0,19,","648.2","0","416.8",",0","65.3",",,,0","3",",,,0","4.44",",0","9.79",",,,0","-0.91",",,,0"
"USC00238051","1979-12","39.97018","-91.88753","214.9","STEFFENVILLE, MO US","560.5","0","0.0",",0","2",",0","2",",0","0",",0","0",",0","0",",0","1",",0","26",",0","5",",0","0",",0","0",",0","","","19791217",",,0","19791231","+,,0","19791231","+,,0","","","19791223",",,0","19791211",",,0","-18.9",",0,17,","0",",,0,31,+","0",",,0,31,+","17.0",",,0,23,","17.8",",0,11,","1199.5","0","551.3",",0","22.6",",,,0","0",",,,0","0.55",",0","6.06",",,,0","-4.96",",,,0"
"USC00238051","1980-01","39.97018","-91.88753","214.9","STEFFENVILLE, MO US","0.0","0","0.0",",0","7",",0","3",",0","0",",0","3",",0","3",",0","1",",0","29",",0","15",",0","0",",0","0",",0","","","19800131",",,0","19800131",",,0","19800130",",,0","","","19800131","+,,0","19800117",",,0","-22.2",",0,31,","102",",,0,31,","81",",,0,30,","5.8",",,0,31,+","13.9",",0,17,","1857.8","0","658.3",",0","19.6",",,,0","175",",,,0","-2.90",",0","1.45",",,,0","-7.25",",,,0"
"USC00238051","1980-02","39.97018","-91.88753","214.9","STEFFENVILLE, MO US","0.0","0","0.0",",0","6",",0","1",",0","0",",0","19",",0","2",",0","2",",0","25",",0","16",",0","0",",0","0",",0","","","19800201",",,0","19800208","+,,0","19800205",",,0","","","19800215",",,0","19800225",",,0","-23.3",",0,01,","102",",,0,08,+","28",",,0,05,","2.5",",,0,15,","8.3",",0,25,","2543.0","0","685.2",",0","10.7",",,,0","63",",,,0","-5.29",",0","-0.84",",,,0","-9.74",",,,0"
"USC00238051","1980-03","39.97018","-91.88753","214.9","STEFFENVILLE, MO US","0.0","0","0.0",",0","12",",0","9",",0","1",",0","8",",0","2",",0","1",",0","21",",0","6",",0","0",",0","0",",0","","","19800302",",,0","19800302","+,,0","19800313",",,0","","","19800330",",,0","19800320",",,0","-20.6",",0,02,","127",",,0,02,+","122",",,0,13,","32.5",",,0,30,","17.8",",0,20,","3058.7","0","515.7",",0","91.0",",,,0","251",",,,0","1.70",",0","6.54",",,,0","-3.14",",,,0"
"USC00238051","1980-04","39.97018","-91.88753","214.9","STEFFENVILLE, MO US","9.0","0","9.0",",0","10",",0","6",",0","0",",0","2",",0","2",",0","0",",0","6",",0","0",",0","6",",0","0",",0","","","19800415","+,,0","19800415","+,,0","19800414",",,0","","","19800414",",,0","19800423","+,,0","-1.7",",0,15,+","51",",,0,15,+","71",",,0,14,","7.9",",,0,14,","30.0",",0,23,+","3296.3","0","237.6",",0","36.6",",,,0","101",",,,0","10.71",",0","16.44",",,,0","4.98",",,,0"
"USC00238051","1980-05","39.97018","-91.88753","214.9","STEFFENVILLE, MO US","47.3","0","38.3",",0","8",",0","6",",0","0",",0","0",",0","0",",0","0",",0","1",",0","0",",0","20",",0","0",",0","","","19800509",",,0","19800531","+,,0","19800531","+,,0","2","","19800513",",,0","19800528",",,0","0.0",",0,09,","0",",,0,31,+","0",",,0,31,+","11.9",",,0,13,","31.7",",0,28,","3369.2","0","72.9",",0","48.8",",,,0","0",",,,0","17.22",",0","23.43",",,,0","11.01",",,,0"
"USC00238051","1980-06","39.97018","-91.88753","214.9","STEFFENVILLE, MO US","152.6","0","105.3",",0","9",",0","8",",0","1",",0","0",",0","0",",0","0",",0","0",",0","0",",0","30",",0","4",",0","","","19800620",",,0","19800630","+,,0","19800630","+,,0","6","","19800602",",,0","19800628",",,0","8.9",",0,20,","0",",,0,30,+","0",",,0,30,+","26.4",",,0,02,","36.7",",0,28,","3376.1","0","6.9",",0","100.8",",,,0","0",",,,0","21.61",",0","28.18",",,,0","15.04",",,,0"
"USC00238051","1980-07","39.97018","-91.88753","214.9","STEFFENVILLE, MO US","407.8","0","255.2","1,0","7",",0","6",",0","1",",0","0",",0","0",",0","0","1,0","0","1,0","0","1,0","29","1,0","18","1,0","","","19800728",",1,0","19800731","+,,0","19800731","+,,0","8","","19800721",",,0","19800731","+,1,0","13.3","1,0,28,","0",",,0,31,+","0",",,0,31,+","25.7",",,0,21,","40.6","1,0,31,+","0.0","0","0.0","1,0","77.5",",,,0","0",",,,0","26.84","1,0","33.64","1,,,0","20.04","1,,,0"
"USC00238051","1980-08","39.97018","-91.88753","214.9","STEFFENVILLE, MO US","648.1","0","240.3",",0","10",",0","6",",0","3",",0","0",",0","0",",0","0",",0","0",",0","0",",0","31",",0","18",",0","","","19800823","+,,0","19800831","+,,0","19800831","+,,0","4","","19800805",",,0","19800802",",,0","14.4",",0,23,+","0",",,0,31,+","0",",,0,31,+","33.0",",,0,05,","40.0",",0,02,","0.0","0","0.0",",0","135.7",",,,0","0",",,,0","26.08",",0","32.71",",,,0","19.46",",,,0"
"USC00238051","1980-09","39.97018","-91.88753","214.9","STEFFENVILLE, MO US","736.4","0","88.3",",0","10",",0","8",",0","1",",0","0",",0","0",",0","0",",0","0",",0","0",",0","25",",0","5",",0","","","19800926",",,0","19800930","+,,0","19800930","+,,0","8","","19800904",",,0","19800909",",,0","2.8",",0,26,","0",",,0,30,+","0",",,0,30,+","29.0",",,0,04,","34.4",",0,09,","42.0","0","42.0",",0","137.5",",,,0","0",",,,0","19.88",",0","26.79",",,,0","12.96",",,,0"
"USC00238051","1980-10","39.97018","-91.88753","214.9","STEFFENVILLE, MO US","737.2","0","0.8",",0","5",",0","4",",0","0",",0","0",",0","0",",0","0",",0","11",",0","0",",0","12",",0","0",",0","","","19801029",",,0","19801028",",,0","19801028",",,0","","","19801024",",,0","19801009",",,0","-6.1",",0,29,","0",",T,0,28,","3",",,0,28,","13.7",",,0,24,","29.4",",0,09,","281.7","0","239.7",",0","45.5",",,,0","3",",,,0","10.63",",0","17.87",",,,0","3.38",",,,0"
"USC00238051","1980-11","39.97018","-91.88753","214.9","STEFFENVILLE, MO US","737.2","0","0.0",",0","6",",0","2",",0","0",",0","2",",0","2",",0","0",",0","14",",0","0",",0","5",",0","0",",0","","","19801126",",,0","19801128","+,,0","19801128","+,,0","","","19801114",",,0","19801109",",,0","-9.4",",0,26,","25",",,0,28,+","38",",,0,28,+","11.4",",,0,14,","26.1",",0,09,","663.6","0","381.9",",0","25.8",",,,0","76",",,,0","5.60",",0","11.89",",,,0","-0.68",",,,0"
"USC00238051","1980-12","39.97018","-91.88753","214.9","STEFFENVILLE, MO US","737.2","0","0.0",",0","5",",0","4",",0","2",",0","6",",0","2",",0","2",",0","27",",0","9",",0","0",",0","0",",0","","","19801225",",,0","19801224",",,0","19801224",",,0","","","19801208",",,0","19801207",",,0","-21.1",",0,25,","76",",,0,24,","76",",,0,24,","40.9",",,0,08,","19.4",",0,07,","1268.7","0","605.1",",0","92.0",",,,0","140",",,,0","-1.19",",0","3.54",",,,0","-5.91",",,,0"
"USC00238051","1981-01","39.97018","-91.88753","214.9","STEFFENVILLE, MO US","0.0","0","0.0","2,0","1",",0","1",",0","0",",0","3",",0","1",",0","0","2,0","26","2,0","11","1,0","0","1,0","0","1,0","","","19810111","+,2,0","19810107",",,0","19810107",",,0","","","19810107",",,0","19810126",",1,0","-17.2","2,0,11,+","51",",,0,07,","58",",,0,07,","3.6",",,0,07,","17.2","1,0,26,","1876.7","0","608.0","1,0","3.6",",,,0","58",",,,0","-2.74","2,0","2.94","1,,,0","-8.42","2,,,0"
"USC00238051","1981-02","39.97018","-91.88753","214.9","STEFFENVILLE, MO US","0.0","0","0.0",",0","6",",0","5",",0","0",",0","12",",0","3",",0","5",",0","18",",0","10",",0","0",",0","0",",0","","","19810211",",,0","19810213","+,,0","19810201",",,0","","","19810223",",,0","19810228","+,,0","-25.0",",0,11,","127",",,0,13,+","89",",,0,01,","11.7",",,0,23,","19.4",",0,28,+","2401.6","0","524.9",",0","31.3",",,,0","260",",,,0","-0.41",",0","5.50",",,,0","-6.33",",,,0"
"USC00238051","1981-03","39.97018","-91.88753","214.9","STEFFENVILLE, MO US","1.1","0","1.1","1,0","5",",0","2",",0","0",",0","0",",0","0",",0","0",",0","19",",0","0","1,0","3","1,0","0","1,0","","","19810303",",,0","19810331","+,,0","19810331","+,,0","","","19810305",",,0","19810331",",1,0","-7.8",",0,03,","0",",,0,31,+","0",",,0,31,+","8.1",",,0,05,","26.1","1,0,31,","2762.7","0","361.1","1,0","20.8",",,,0","0",",,,0","6.53","1,0","13.19","1,,,0","-0.13",",,,0"
"USC00238051","1981-04","39.97018","-91.88753","214.9","STEFFENVILLE, MO US","24.5","0","23.4","2,0","10",",0","8",",0","1",",0","0",",0","0",",0","0","2,0","2","2,0","0","2,0","20","2,0","0","2,0","","","19810406",",2,0","19810430","+,,0","19810430","+,,0","4","","19810414",",,0","19810410",",2,0","-3.9","2,0,06,","0",",,0,30,+","0",",,0,30,+","30.2",",,0,14,","30.6","2,0,10,","2854.1","0","91.4","2,0","116.4",",,,0","0",",,,0","15.90","2,0","22.50","2,,,0","9.30","2,,,0"
"USC00238051","1981-05","39.97018","-91.88753","214.9","STEFFENVILLE, MO US","45.1","0","20.6",",0","13",",0","11",",0","3",",0","0",",0","0",",0","0",",0","0",",0","0",",0","17",",0","0",",0","","","19810511",",,0","19810531","+,,0","19810531","+,,0","2","","19810518",",,0","19810529",",,0","1.7",",0,11,","0",",,0,31,+","0",",,0,31,+","61.7",",,0,18,","29.4",",0,29,","2967.1","0","113.0",",0","214.5",",,,0","0",",,,0","15.35",",0","21.21",",,,0","9.50",",,,0"
"USC00238051","1981-06","39.97018","-91.88753","214.9","STEFFENVILLE, MO US","180.8","0","135.7",",0","11",",0","9",",0","4",",0","0",",0","0",",0","0",",0","0",",0","0",",0","30",",0","3",",0","","","19810601",",,0","19810630","+,,0","19810630","+,,0","9","","19810625",",,0","19810624",",,0","10.0",",0,01,","0",",,0,30,+","0",",,0,30,+","39.4",",,0,25,","32.8",",0,24,","2969.6","0","2.5",",0","214.2",",,,0","0",",,,0","22.77",",0","28.18",",,,0","17.36",",,,0"
"USC00238051","1981-07","39.97018","-91.88753","214.9","STEFFENVILLE, MO US","372.1","0","191.3","1,0","14",",0","11",",0","5",",0","0",",0","0",",0","0","1,0","0","1,0","0","1,0","30","1,0","6","1,0","","","19810729",",1,0","19810731","+,,0","19810731","+,,0","5","","19810727",",,0","19810713","+,1,0","12.2","1,0,29,","0",",,0,31,+","0",",,0,31,+","53.8",",,0,27,","35.0","1,0,13,+","0.6","0","0.6","1,0","236.2",",,,0","0",",,,0","24.69","1,0","29.55","1,,,0","19.83","1,,,0"
"USC00238051","1981-08","39.97018","-91.88753","214.9","STEFFENVILLE, MO US","496.3","0","124.2","2,0","4",",0","3",",0","0",",0","0",",0","0",",0","0","1,0","0","1,0","0","1,0","30","1,0","2","1,0","","","19810820",",1,0","19810831","+,,0","19810831","+,,0","3","","19810831",",,0","19810804",",1,0","10.6","1,0,20,","0",",,0,31,+","0",",,0,31,+","22.1",",,0,31,","32.8","1,0,04,","1.4","0","0.8","1,0","52.3",",,,0","0",",,,0","22.62","2,0","28.20","1,,,0","17.04","1,,,0"
"USC00238051","1981-09","39.97018","-91.88753","214.9","STEFFENVILLE, MO US","555.3","0","59.0",",0","4",",0","4",",0","1",",0","0",",0","0",",0","0",",0","0",",0","0",",0","25",",0","0",",0","","","19810918",",,0","19810930","+,,0","19810930","+,,0","","","19810925",",,0","19810930",",,0","3.9",",0,18,","0",",,0,30,+","0",",,0,30,+","28.4",",,0,25,","31.1",",0,30,","33.8","0","32.4",",0","70.5",",,,0","0",",,,0","19.22",",0","25.41",",,,0","13.03",",,,0"
"USC00238051","1981-10","39.97018","-91.88753","214.9","STEFFENVILLE, MO US","562.6","0","7.3",",0","7",",0","4",",0","1",",0","0",",0","0",",0","0",",0","4",",0","0",",0","8",",0","0",",0","","","19811024",",,0","19811031","+,,0","19811031","+,,0","2","","19811014",",,0","19811005",",,0","-5.6",",0,24,","0",",,0,31,+","0",",,0,31,+","47.5",",,0,14,","30.6",",0,05,","213.1","0","179.3",",0","76.0",",,,0","0",",,,0","12.78",",0","18.75",",,,0","6.82",",,,0"
"USC00238051","1981-11","39.97018","-91.88753","214.9","STEFFENVILLE, MO US","562.6","0","0.0",",0","8",",0","6",",0","0",",0","0",",0","0",",0","0",",0","12",",0","0",",0","0",",0","0",",0","","","19811122","+,,0","19811130","+,,0","19811130","+,,0","","","19811102",",,0","19811126",",,0","-5.6",",0,22,+","0",",,0,30,+","0",",,0,30,+","24.6",",,0,02,","20.6",",0,26,","533.3","0","320.2",",0","88.8",",,,0","0",",,,0","7.66",",0","12.89",",,,0","2.42",",,,0"
"USC00238051","1981-12","39.97018","-91.88753","214.9","STEFFENVILLE, MO US","562.6","0","0.0",",0","6",",0","4",",0","0",",0","15",",0","3",",0","5",",0","27",",0","10",",0","0",",0","0",",0","","","19811220",",,0","19811220","+,,0","19811217",",,0","","","19811201",",,0","19811207",",,0","-26.1",",0,20,","178",",,0,20,+","173",",,0,17,","14.2",",,0,01,","15.6",",0,07,","1170.1","0","636.8",",0","30.0",",,,0","263",",,,0","-2.21",",0","2.30",",,,0","-6.72",",,,0"
"USC00238051","1982-01","39.97018","-91.88753","214.9","STEFFENVILLE, MO US","0.0","0","0.0",",0","7",",0","4",",0","1",",0","26",",0","1",",0","9",",0","31",",0","18",",0","0",",0","0",",0","2","","19820110",",,0","19820104",",,0","19820104",",,0","1","","19820130",",,0","19820127",",,0","-29.4",",0,10,","102",",,0,04,","25",",,0,04,","55.4",",,0,30,","8.9",",0,27,","1972.1","0","802.0",",0","72.5",",,,0","58",",,,0","-7.54",",0","-1.99",",,,0","-13.09",",,,0"
"USC00238051","1982-02","39.97018","-91.88753","214.9","STEFFENVILLE, MO US","0.0","0","0.0","1,0","5",",0","3",",0","0",",0","12",",0","4",",0","1","1,0","24","1,0","10",",0","0",",0","0",",0","5","","19820210",",1,0","19820213","+,,0","19820205",",,0","","","19820219",",,0","19820222",",,0","-26.1","1,0,10,","127",",,0,13,+","104",",,0,05,","15.2",",,0,19,","16.7",",0,22,","2526.3","0","554.2",",0","30.8",",,,0","234",",,,0","-2.39","1,0","2.72",",,,0","-7.50","1,,,0"
"USC00238051","1982-03","39.97018","-91.88753","214.9","STEFFENVILLE, MO US","0.0","0","0.0",",0","9",",0","7",",0","0",",0","2",",0","","","0",",0","20",",0","5",",0","2",",0","0",",0","2","","19820307",",,0","19820305","+,,0","","","4","","19820304",",,0","19820312",",,0","-13.3",",0,07,","25",",,0,05,+","","","25.1",",,0,04,","21.7",",0,12,","2958.3","0","432.0",",0","103.7",",,,0","","","4.40",",0","10.43",",,,0","-1.63",",,,0"
"USC00238051","1982-04","39.97018","-91.88753","214.9","STEFFENVILLE, MO US","0.3","0","0.3",",0","6",",0","5",",0","0",",0","1",",0","1",",0","0",",0","10",",0","0",",0","9",",0","0",",0","","","19820406",",,0","19820409",",,0","19820409",",,0","1","","19820403",",,0","19820416",",,0","-8.3",",0,06,","25",",,0,09,","64",",,0,09,","13.5",",,0,03,","25.0",",0,16,","3218.1","0","259.8",",0","48.3",",,,0","64",",,,0","9.68",",0","15.89",",,,0","3.47",",,,0"
"USC00238051","1982-05","39.97018","-91.88753","214.9","STEFFENVILLE, MO US","45.1","0","44.8",",0","10",",0","8",",0","2",",0","0",",0","0",",0","0",",0","0",",0","0",",0","27",",0","0",",0","","","19820507",",,0","19820531","+,,0","19820531","+,,0","4","","19820526",",,0","19820505","+,,0","6.1",",0,07,","0",",,0,31,+","0",",,0,31,+","41.1",",,0,26,","29.4",",0,05,+","3240.5","0","22.4",",0","121.3",",,,0","0",",,,0","19.06",",0","24.73",",,,0","13.39",",,,0"
"USC00238051","1982-06","39.97018","-91.88753","214.9","STEFFENVILLE, MO US","105.2","0","60.1","1,0","15",",0","11",",0","1",",0","0",",0","0",",0","0","1,0","0","1,0","0","1,0","26","1,0","0","1,0","2","","19820601",",1,0","19820630","+,,0","19820630","+,,0","4","","19820609",",,0","19820629",",1,0","7.8","1,0,01,","0",",,0,30,+","0",",,0,30,+","69.1",",,0,09,","31.7","1,0,29,","3259.9","0","19.4","1,0","159.8",",,,0","0",",,,0","19.73","1,0","24.99","1,,,0","14.48","1,,,0"
"USC00238051","1982-07","39.97018","-91.88753","214.9","STEFFENVILLE, MO US","308.1","0","202.9",",0","10",",0","8",",0","2",",0","0",",0","0",",0","0",",0","0",",0","0",",0","31",",0","7",",0","","","19820701",",,0","19820731","+,,0","19820731","+,,0","8","","19820703",",,0","19820720",",,0","15.0",",0,01,","0",",,0,31,+","0",",,0,31,+","64.5",",,0,03,","33.9",",0,20,","0.0","0","0.0",",0","170.4",",,,0","0",",,,0","24.88",",0","30.10",",,,0","19.65",",,,0"
"USC00238051","1982-08","39.97018","-91.88753","214.9","STEFFENVILLE, MO US","435.6","0","127.5","1,0","11",",0","7",",0","1",",0","0",",0","0",",0","0","1,0","0","1,0","0","1,0","30","1,0","6","1,0","","","19820811",",1,0","19820831","+,,0","19820831","+,,0","","","19820815",",,0","19820804","+,1,0","10.0","1,0,11,","0",",,0,31,+","0",",,0,31,+","37.3",",,0,15,","34.4","1,0,04,+","3.6","0","3.6","1,0","141.7",",,,0","0",",,,0","22.46","1,0","27.79","1,,,0","17.13","1,,,0"
"USC00238051","1982-09","39.97018","-91.88753","214.9","STEFFENVILLE, MO US","493.2","0","57.6","2,0","7",",0","5",",0","0",",0","0",",0","0",",0","0","2,0","0","2,0","0","2,0","19","2,0","0","2,0","","","19820922","+,2,0","19820930","+,,0","19820930","+,,0","2","","19820918",",,0","19820930","+,2,0","3.3","2,0,22,+","0",",,0,30,+","0",",,0,30,+","21.1",",,0,18,","29.4","2,0,30,+","55.2","0","51.6","2,0","70.3",",,,0","0",",,,0","18.55","2,0","24.06","2,,,0","13.04","2,,,0"
"USC00238051","1982-10","39.97018","-91.88753","214.9","STEFFENVILLE, MO US","506.9","0","13.7","1,0","6",",0","4",",0","1",",0","0",",0","0",",0","0","1,0","5","1,0","0","1,0","12","1,0","0","1,0","","","19821022",",1,0","19821031","+,,0","19821031","+,,0","2","","19821009",",,0","19821005",",1,0","-3.9","1,0,22,","0",",,0,31,+","0",",,0,31,+","31.8",",,0,09,","30.0","1,0,05,","217.4","0","162.2","1,0","67.3",",,,0","0",",,,0","13.39","1,0","19.78","1,,,0","6.99","1,,,0"
"USC00238051","1982-11","39.97018","-91.88753","214.9","STEFFENVILLE, MO US","508.6","0","1.7",",0","9",",0","7",",0","0",",0","1",",0","1",",0","0",",0","15",",0","2",",0","4",",0","0",",0","","","19821124",",,0","19821124",",,0","19821124",",,0","","","19821111",",,0","19821101",",,0","-11.7",",0,24,","25",",,0,24,","25",",,0,24,","15.2",",,0,11,","23.3",",0,01,","578.8","0","361.4",",0","64.0",",,,0","25",",,,0","6.34",",0","11.30",",,,0","1.39",",,,0"
"USC00238051","1982-12","39.97018","-91.88753","214.9","STEFFENVILLE, MO US","508.6","0","0.0",",0","10",",0","7",",0","2",",0","","","0","1,0","0",",0","20",",0","4",",0","0",",0","0",",0","","","19821212",",,0","","","19821231","+,1,0","","","19821202",",,0","19821201",",,0","-14.4",",0,12,","","","0","1,,0,31,+","46.0",",,0,02,","20.0",",0,01,","1060.4","0","481.6",",0","132.5",",,,0","0","1,,,0","2.80",",0","7.32",",,,0","-1.72",",,,0"
"USC00238051","1983-01","39.97018","-91.88753","214.9","STEFFENVILLE, MO US","0.0","0","0.0",",0","4",",0","0",",0","0",",0","","","","","0",",0","30",",0","8",",0","0",",0","0",",0","","","19830111",",,0","","","","","","","19830122",",,0","19830106",",,0","-13.9",",0,11,","","","","","2.0",",,0,22,","10.6",",0,06,","1669.6","0","609.2",",0","6.6",",,,0","","","-1.32",",0","2.45",",,,0","-5.09",",,,0"
"USC00238051","1983-02","39.97018","-91.88753","214.9","STEFFENVILLE, MO US","0.0","0","0.0","3,0","3",",0","3",",0","0",",0","6",",0","2",",0","1","2,0","15","2,0","6","1,0","0","1,0","0","1,0","1","","19830207",",2,0","19830206",",,0","19830206","+,,0","","","19830202",",,0","19830220",",1,0","-18.9","2,0,07,","76",",,0,06,","64",",,0,06,+","13.7",",,0,02,","20.6","1,0,20,","2067.1","0","397.5","1,0","20.5",",,,0","128",",,,0","2.15","3,0","6.87","1,,,0","-2.56","2,,,0"
"USC00238051","1983-03","39.97018","-91.88753","214.9","STEFFENVILLE, MO US","0.9","0","0.9","1,0","5",",0","4",",0","0",",0","1",",0","1",",0","0",",0","16",",0","3","1,0","3","1,0","0","1,0","1","","19830322",",,0","19830327",",,0","19830327",",,0","","","19830306",",,0","19830303",",1,0","-7.8",",0,22,","25",",,0,27,","38",",,0,27,","15.7",",,0,06,","26.7","1,0,03,","2446.9","0","379.8","1,0","58.8",",,,0","38",",,,0","5.69","1,0","10.30","1,,,0","1.07",",,,0"
"USC00238051","1983-04","39.97018","-91.88753","214.9","STEFFENVILLE, MO US","2.0","0","1.1","1,0","11",",0","8",",0","2",",0","0",",0","0",",0","0","1,0","8","1,0","0","1,0","3","1,0","0","1,0","","","19830418",",1,0","19830430","+,,0","19830430","+,,0","1","","19830402",",,0","19830426",",1,0","-5.0","1,0,18,","0",",,0,30,+","0",",,0,30,+","84.1",",,0,02,","27.2","1,0,26,","2747.5","0","300.6","1,0","174.8",",,,0","0",",,,0","8.01","1,0","13.16","1,,,0","2.85","1,,,0"
"USC00238051","1983-05","39.97018","-91.88753","214.9","STEFFENVILLE, MO US","12.3","0","10.3",",0","9",",0","5",",0","0",",0","0",",0","0",",0","0",",0","0",",0","0",",0","17",",0","0",",0","","","19830509",",,0","19830531","+,,0","19830531","+,,0","","","19830525",",,0","19830506",",,0","3.3",",0,09,","0",",,0,31,+","0",",,0,31,+","11.2",",,0,25,","27.8",",0,06,","2844.2","0","96.7",",0","43.0",",,,0","0",",,,0","15.55",",0","21.48",",,,0","9.61",",,,0"
"USC00238051","1983-06","39.97018","-91.88753","214.9","STEFFENVILLE, MO US","148.5","0","136.2","1,0","4",",0","4",",0","0",",0","0",",0","0",",0","0",",0","0",",0","0","1,0","29","1,0","6","1,0","","","19830601",",,0","19830630","+,,0","19830630","+,,0","1","","19830603",",,0","19830623",",1,0","7.2",",0,01,","0",",,0,30,+","0",",,0,30,+","7.1",",,0,03,","33.9","1,0,23,","2849.4","0","5.2","1,0","19.5",",,,0","0",",,,0","22.88","1,0","28.95","1,,,0","16.82",",,,0"
"USC00238051","1983-07","39.97018","-91.88753","214.9","STEFFENVILLE, MO US","416.0","0","267.5","1,0","3",",0","3",",0","0",",0","0",",0","0",",0","0",",0","0",",0","0","1,0","30","1,0","25","1,0","","","19830707",",,0","19830731","+,,0","19830731","+,,0","3","","19830704",",,0","19830728","+,1,0","11.7",",0,07,","0",",,0,31,+","0",",,0,31,+","14.7",",,0,04,","38.9","1,0,28,+","0.0","0","0.0","1,0","33.0",",,,0","0",",,,0","27.24","1,0","34.01","1,,,0","20.47",",,,0"
"USC00238051","1983-08","39.97018","-91.88753","214.9","STEFFENVILLE, MO US","716.4","0","300.4","1,0","4",",0","4",",0","0",",0","0",",0","0",",0","0",",0","0",",0","0","1,0","30","1,0","24","1,0","","","19830813","+,,0","19830831","+,,0","19830831","+,,0","3","","19830823",",,0","19830817",",1,0","13.9",",0,13,+","0",",,0,31,+","0",",,0,31,+","23.1",",,0,23,","40.0","1,0,17,","0.0","0","0.0","1,0","54.1",",,,0","0",",,,0","28.34","1,0","35.40","1,,,0","21.29",",,,0"
"USC00238051","1983-09","39.97018","-91.88753","214.9","STEFFENVILLE, MO US","831.6","0","115.2",",0","9",",0","4",",0","0",",0","0",",0","0",",0","0",",0","1",",0","0",",0","26",",0","10",",0","","","19830923",",,0","19830930","+,,0","19830930","+,,0","","","19830916",",,0","19830908",",,0","0.0",",0,23,","0",",,0,30,+","0",",,0,30,+","18.3",",,0,16,","36.7",",0,08,","43.3","0","43.3",",0","65.6",",,,0","0",",,,0","20.73",",0","27.92",",,,0","13.54",",,,0"
"USC00238051","1983-10","39.97018","-91.88753","214.9","STEFFENVILLE, MO US","843.3","0","11.7","2,0","6",",0","6",",0","2",",0","0",",0","0",",0","0","2,0","1","2,0","0","1,0","14","1,0","0","1,0","","","19831014",",2,0","19831031","+,,0","19831031","+,,0","","","19831022",",,0","19831002",",1,0","0.0","2,0,14,","0",",,0,31,+","0",",,0,31,+","31.2",",,0,22,","30.6","1,0,02,","186.7","0","143.4","1,0","101.1",",,,0","0",",,,0","13.96","2,0","19.78","1,,,0","8.13","2,,,0"
"USC00238051","1983-11","39.97018","-91.88753","214.9","STEFFENVILLE, MO US","843.3","0","0.0","1,0","9",",0","8",",0","4",",0","0",",0","0",",0","0","1,0","12","1,0","0","1,0","2","1,0","0","1,0","1","","19831130",",1,0","19831130","+,,0","19831128",",,0","1","","19831102",",,0","19831122",",1,0","-6.1","1,0,30,","0",",,0,30,+","18",",,0,28,","32.3",",,0,02,","22.2","1,0,22,","485.8","0","299.1","1,0","165.4",",,,0","18",",,,0","8.02","1,0","12.77","1,,,0","3.27","1,,,0"
"USC00238051","1983-12","39.97018","-91.88753","214.9","STEFFENVILLE, MO US","843.3","0","0.0","2,0","8",",0","5",",0","0",",0","19","4,0","5","1,0","10","1,0","30","1,0","18","1,0","0","1,0","0","1,0","","","19831224","+,1,0","19831230","+,4,0","19831228",",1,0","","","19831211",",,0","19831202",",1,0","-28.3","1,0,24,+","203","4,,0,30,+","64","1,,0,28,","22.9",",,0,11,","4.4","1,0,02,","1276.9","0","791.1","1,0","56.0",",,,0","267","1,,,0","-9.05","2,0","-4.63","1,,,0","-13.46","1,,,0"
"USC00238051","1984-01","39.97018","-91.88753","214.9","STEFFENVILLE, MO US","0.0","0","0.0","2,0","4",",0","0",",0","0",",0","11",",0","1",",0","5",",0","29",",0","11","2,0","0","2,0","0","2,0","","","19840121",",,0","19840101",",,0","19840113",",,0","","","19840113","+,,0","19840126",",2,0","-25.0",",0,21,","127",",,0,01,","25",",,0,13,","0.8",",,0,13,+","12.2","2,0,26,","1911.7","0","634.8","2,0","2.6",",,,0","63",",,,0","-3.41","2,0","1.86","2,,,0","-8.68",",,,0"
"USC00238051","1984-02","39.97018","-91.88753","214.9","STEFFENVILLE, MO US","0.0","0","0.0",",0","4",",0","2",",0","0",",0","0",",0","0",",0","1",",0","18",",0","2",",0","0",",0","0",",0","","","19840206",",,0","19840228",",,0","19840228","+,,0","","","19840218",",,0","19840216",",,0","-18.9",",0,06,","0",",T,0,28,","0",",T,0,28,+","11.9",",,0,18,","20.0",",0,16,","2333.0","0","421.3",",0","22.6",",,,0","0",",T,,0","3.81",",0","9.52",",,,0","-1.91",",,,0"
"USC00238051","1984-03","39.97018","-91.88753","214.9","STEFFENVILLE, MO US","0.0","0","0.0",",0","13",",0","11",",0","0",",0","","","1",",0","0",",0","25",",0","5",",0","0",",0","0",",0","","","19840309",",,0","","","19840313",",,0","1","","19840316",",,0","19840315",",,0","-12.2",",0,09,","","","71",",,0,13,","22.1",",,0,16,","19.4",",0,15,","2872.3","0","539.3",",0","83.4",",,,0","71",",,,0","0.94",",0","4.80",",,,0","-2.93",",,,0"
"USC00238051","1984-04","39.97018","-91.88753","214.9","STEFFENVILLE, MO US","3.3","0","3.3","1,0","13",",0","11",",0","0",",0","0",",0","0",",0","0",",0","2",",0","0","1,0","5","1,0","0","1,0","","","19840401",",,0","19840430","+,,0","19840430","+,,0","2","","19840430",",,0","19840426",",1,0","-1.1",",0,01,","0",",,0,30,+","0",",,0,30,+","20.6",",,0,30,","27.2","1,0,26,","3112.7","0","240.4","1,0","118.2",",,,0","0",",,,0","10.17","1,0","15.26","1,,,0","5.09",",,,0"
"USC00238051","1984-05","39.97018","-91.88753","214.9","STEFFENVILLE, MO US","18.7","0","15.4","2,0","9",",0","7",",0","2",",0","0",",0","0",",0","0","1,0","0","1,0","0","1,0","18","1,0","0","1,0","1","","19840508",",1,0","19840531","+,,0","19840531","+,,0","1","","19840520",",,0","19840518",",1,0","1.7","1,0,08,","0",",,0,31,+","0",",,0,31,+","49.8",",,0,20,","28.9","1,0,18,","3207.7","0","95.0","1,0","149.7",",,,0","0",",,,0","15.67","2,0","21.67","1,,,0","9.67","1,,,0"
"USC00238051","1984-06","39.97018","-91.88753","214.9","STEFFENVILLE, MO US","174.3","0","155.6",",0","6",",0","6",",0","2",",0","0",",0","0",",0","0",",0","0",",0","0",",0","30",",0","2",",0","","","19840603",",,0","19840630","+,,0","19840630","+,,0","4","","19840615",",,0","19840623","+,,0","11.1",",0,03,","0",",,0,30,+","0",",,0,30,+","37.6",",,0,15,","32.2",",0,23,+","3208.0","0","0.3",",0","108.0",",,,0","0",",,,0","23.51",",0","28.80",",,,0","18.22",",,,0"
"USC00238051","1984-07","39.97018","-91.88753","214.9","STEFFENVILLE, MO US","333.7","0","159.4","2,0","9",",0","8",",0","1",",0","0",",0","0",",0","0",",0","0",",0","0","2,0","29","2,0","8","2,0","","","19840707",",,0","19840731","+,,0","19840731","+,,0","1","","19840715",",,0","19840722","+,2,0","11.7",",0,07,","0",",,0,31,+","0",",,0,31,+","35.1",",,0,15,","34.4","2,0,22,+","0.0","0","0.0","2,0","92.2",",,,0","0",",,,0","23.76","2,0","30.11","2,,,0","17.42",",,,0"
"USC00238051","1984-08","39.97018","-91.88753","214.9","STEFFENVILLE, MO US","546.8","0","213.1",",0","1",",0","0",",0","0",",0","0",",0","0",",0","0",",0","0",",0","0",",0","31",",0","16",",0","","","19840823",",,0","19840831","+,,0","19840831","+,,0","","","19840827",",,0","19840829",",,0","10.0",",0,23,","0",",,0,31,+","0",",,0,31,+","1.3",",,0,27,","41.1",",0,29,","0.0","0","0.0",",0","1.3",",,,0","0",",,,0","25.21",",0","32.51",",,,0","17.90",",,,0"
"USC00238051","1984-09","39.97018","-91.88753","214.9","STEFFENVILLE, MO US","642.0","0","95.2","1,0","11",",0","8",",0","1",",0","0",",0","0",",0","0",",0","2",",0","0","1,0","22","1,0","5","1,0","","","19840930","+,,0","19840930","+,,0","19840930","+,,0","","","19840911",",,0","19840901",",1,0","-1.1",",0,30,+","0",",,0,30,+","0",",,0,30,+","44.5",",,0,11,","37.2","1,0,01,","68.3","0","68.3","1,0","120.9",",,,0","0",",,,0","19.16","1,0","25.50","1,,,0","12.83",",,,0"
"USC00238051","1984-10","39.97018","-91.88753","214.9","STEFFENVILLE, MO US","649.8","0","7.8","1,0","13",",0","10",",0","0",",0","0",",0","0",",0","0",",0","1",",0","0","1,0","15","1,0","0","1,0","1","","19841024",",,0","19841031","+,,0","19841031","+,,0","1","","19841019",",,0","19841003",",1,0","-1.7",",0,24,","0",",,0,31,+","0",",,0,31,+","25.1",",,0,19,","27.2","1,0,03,","186.2","0","117.9","1,0","129.2",",,,0","0",",,,0","14.53","1,0","20.15","1,,,0","8.92",",,,0"
"USC00238051","1984-11","39.97018","-91.88753","214.9","STEFFENVILLE, MO US","649.8","0","0.0","1,0","6",",0","4",",0","1",",0","0",",0","0",",0","0","1,0","16","1,0","0",",0","1",",0","0",",0","","","19841120",",1,0","19841118",",,0","19841118",",,0","","","19841101",",,0","19841109",",,0","-8.3","1,0,20,","0",",T,0,18,","13",",,0,18,","82.0",",,0,01,","24.4",",0,09,","542.7","0","356.5",",0","114.0",",,,0","13",",,,0","6.25","1,0","12.11",",,,0","0.40","1,,,0"
"USC00238051","1984-12","39.97018","-91.88753","214.9","STEFFENVILLE, MO US","649.8","0","0.0",",0","7",",0","4",",0","1",",0","0",",0","0",",0","0",",0","24",",0","7",",0","1",",0","0",",0","","","19841206",",,0","19841230","+,,0","19841206",",,0","","","19841216",",,0","19841228",",,0","-16.7",",0,06,","0",",T,0,30,+","8",",,0,06,","26.4",",,0,16,","21.1",",0,28,","1050.7","0","508.0",",0","88.2",",,,0","8",",,,0","1.95",",0","7.17",",,,0","-3.28",",,,0"
"USC00238051","1985-01","39.97018","-91.88753","214.9","STEFFENVILLE, MO US","0.0","0","0.0",",0","5",",0","3",",0","1",",0","31",",0","4",",0","10",",0","31",",0","20",",0","0",",0","0",",0","1","","19850120",",,0","19850104","+,,0","19850101",",,0","","","19850101",",,0","19850107","+,,0","-29.4",",0,20,","127",",,0,04,+","140",",,0,01,","32.0",",,0,01,","3.9",",0,07,+","1866.2","0","815.5",",0","40.6",",,,0","283",",,,0","-7.97",",0","-2.38",",,,0","-13.56",",,,0"
"USC00238051","1985-02","39.97018","-91.88753","214.9","STEFFENVILLE, MO US","0.0","0","0.0",",0","7",",0","6",",0","1",",0","22",",0","1","1,0","7",",0","23",",0","15",",0","0",",0","0",",0","3","","19850208",",,0","19850215","+,,0","19850211",",1,0","","","19850223",",,0","19850228","+,,0","-23.3",",0,08,","178",",,0,15,+","71","1,,0,11,","44.2",",,0,23,","12.8",",0,28,+","2484.1","0","617.9",",0","89.4",",,,0","114","1,,,0","-3.74",",0","1.45",",,,0","-8.93",",,,0"
"USC00238051","1985-03","39.97018","-91.88753","214.9","STEFFENVILLE, MO US","3.8","0","3.8",",0","8",",0","6",",0","1",",0","0",",0","0",",0","0",",0","12",",0","0",",0","3",",0","0",",0","","","19850306",",,0","19850331","+,,0","19850331","+,,0","1","","19850304",",,0","19850328",",,0","-6.1",",0,06,","0",",,0,31,+","0",",,0,31,+","94.5",",,0,04,","26.1",",0,28,","2816.4","0","332.3",",0","132.4",",,,0","0",",,,0","7.74",",0","13.35",",,,0","2.13",",,,0"
"USC00238051","1985-04","39.97018","-91.88753","214.9","STEFFENVILLE, MO US","44.9","0","41.1","1,0","4",",0","2",",0","0",",0","0",",0","0",",0","0",",0","5",",0","0","1,0","17","1,0","0","1,0","","","19850409",",,0","19850430","+,,0","19850430","+,,0","2","","19850406",",,0","19850418",",1,0","-3.9",",0,09,","0",",,0,30,+","0",",,0,30,+","15.5",",,0,06,","30.6","1,0,18,","2952.3","0","135.9","1,0","20.6",",,,0","0",",,,0","15.15","1,0","21.11","1,,,0","9.19",",,,0"
"USC00238051","1985-05","39.97018","-91.88753","214.9","STEFFENVILLE, MO US","80.8","0","35.9",",0","9",",0","7",",0","2",",0","0",",0","0",",0","0",",0","0",",0","0",",0","27",",0","1",",0","","","19850503","+,,0","19850531","+,,0","19850531","+,,0","1","","19850514",",,0","19850526",",,0","6.7",",0,03,+","0",",,0,31,+","0",",,0,31,+","29.7",",,0,14,","32.8",",0,26,","2979.2","0","26.9",",0","100.6",",,,0","0",",,,0","18.62",",0","24.61",",,,0","12.64",",,,0"
"USC00238051","1985-06","39.97018","-91.88753","214.9","STEFFENVILLE, MO US","170.6","0","89.8",",0","8",",0","8",",0","1",",0","0",",0","0",",0","0",",0","0",",0","0",",0","29",",0","3",",0","","","19850613",",,0","19850630","+,,0","19850630","+,,0","4","","19850602",",,0","19850626","+,,0","7.2",",0,13,","0",",,0,30,+","0",",,0,30,+","30.5",",,0,02,","32.2",",0,26,+","2986.7","0","7.5",",0","107.5",",,,0","0",",,,0","21.08",",0","26.29",",,,0","15.87",",,,0"
"USC00238051","1985-07","39.97018","-91.88753","214.9","STEFFENVILLE, MO US","348.8","0","178.2","1,0","11",",0","8",",0","1",",0","0",",0","0",",0","0",",0","0",",0","0","1,0","30","1,0","6","1,0","","","19850716",",,0","19850731","+,,0","19850731","+,,0","3","","19850731",",,0","19850708",",1,0","13.3",",0,16,","0",",,0,31,+","0",",,0,31,+","53.8",",,0,31,","33.9","1,0,08,","0.0","0","0.0","1,0","116.1",",,,0","0",",,,0","24.28","1,0","30.18","1,,,0","18.38",",,,0"
"USC00238051","1985-08","39.97018","-91.88753","214.9","STEFFENVILLE, MO US","455.4","0","106.6",",0","11",",0","8",",0","0",",0","0",",0","0",",0","0",",0","0",",0","0",",0","29",",0","3",",0","","","19850820",",,0","19850831","+,,0","19850831","+,,0","1","","19850820",",,0","19850812","+,,0","10.6",",0,20,","0",",,0,31,+","0",",,0,31,+","19.8",",,0,20,","32.8",",0,12,+","2.5","0","2.5",",0","96.3",",,,0","0",",,,0","21.69",",0","26.88",",,,0","16.50",",,,0"
"USC00238051","1985-09","39.97018","-91.88753","214.9","STEFFENVILLE, MO US","542.4","0","87.0","1,0","9",",0","8",",0","0",",0","0",",0","0",",0","0","1,0","1","1,0","0",",0","19",",0","4",",0","","","19850930",",1,0","19850930","+,,0","19850930","+,,0","","","19850923",",,0","19850908","+,,0","0.0","1,0,30,","0",",,0,30,+","0",",,0,30,+","19.3",",,0,23,","33.3",",0,08,+","64.1","0","61.6",",0","70.8",",,,0","0",",,,0","19.31","1,0","24.88",",,,0","13.74","1,,,0"
"USC00238051","1985-10","39.97018","-91.88753","214.9","STEFFENVILLE, MO US","544.3","0","1.9","1,0","13",",0","9",",0","1",",0","0",",0","0",",0","0","1,0","0","1,0","0",",0","9",",0","0",",0","","","19851006",",1,0","19851031","+,,0","19851031","+,,0","2","","19851019",",,0","19851023",",,0","0.6","1,0,06,","0",",,0,31,+","0",",,0,31,+","35.8",",,0,19,","24.4",",0,23,","199.9","0","135.8",",0","126.6",",,,0","0",",,,0","13.77","1,0","18.71",",,,0","8.84","1,,,0"
"USC00238051","1985-11","39.97018","-91.88753","214.9","STEFFENVILLE, MO US","544.3","0","0.0",",0","15",",0","12",",0","4",",0","3",",0","1",",0","0",",0","16",",0","7",",0","0",",0","0",",0","","","19851129",",,0","19851130","+,,0","19851128",",,0","2","","19851115",",,0","19851109",",,0","-11.1",",0,29,","25",",,0,30,+","38",",,0,28,","43.7",",,0,15,","19.4",",0,09,","641.6","0","441.7",",0","227.2",",,,0","51",",,,0","3.61",",0","8.04",",,,0","-0.83",",,,0"
"USC00238051","1985-12","39.97018","-91.88753","214.9","STEFFENVILLE, MO US","544.3","0","0.0",",0","4",",0","3",",0","1",",0","7",",0","1","3,0","8",",0","31",",0","16",",0","0",",0","0",",0","","","19851218",",,0","19851220","+,,0","19851219",",3,0","1","","19851201",",,0","19851230",",,0","-22.8",",0,18,","76",",,0,20,+","51","3,,0,19,","34.8",",,0,01,","8.9",",0,30,","1391.9","0","750.3",",0","61.5",",,,0","51","3,,,0","-5.87",",0","-0.12",",,,0","-11.62",",,,0"
"USC00238051","1986-01","39.97018","-91.88753","214.9","STEFFENVILLE, MO US","0.0","0","0.0","3,0","1",",0","0",",0","0",",0","0",",0","0",",0","3","3,0","22","3,0","4",",0","0",",0","0",",0","","","19860108","+,3,0","19860129",",,0","19860129",",,0","","","19860129",",,0","19860116",",,0","-19.4","3,0,08,+","0",",T,0,29,","10",",,0,29,","0.5",",,0,29,","18.3",",0,16,","1911.1","0","519.2",",0","0.5",",,,0","10",",,,0","-0.57","3,0","5.46",",,,0","-6.60","3,,,0"
"USC00238051","1986-02","39.97018","-91.88753","214.9","STEFFENVILLE, MO US","0.0","0","0.0","1,0","6",",0","4",",0","0",",0","15",",0","3",",0","3","1,0","23","1,0","11",",0","0",",0","0",",0","2","","19860213","+,1,0","19860209","+,,0","19860207",",,0","","","19860204",",,0","19860201",",,0","-22.8","1,0,13,+","127",",,0,09,+","132",",,0,07,","14.7",",,0,04,","12.8",",0,01,","2489.2","0","578.1",",0","39.4",",,,0","234",",,,0","-3.29","1,0","1.47",",,,0","-8.05","1,,,0"
"USC00238051","1986-03","39.97018","-91.88753","214.9","STEFFENVILLE, MO US","9.7","0","9.7","1,0","7",",0","3",",0","0",",0","0",",0","0",",0","0",",0","15",",0","0","1,0","8","1,0","0","1,0","","","19860302",",,0","19860331","+,,0","19860331","+,,0","","","19860310",",,0","19860329",",1,0","-11.7",",0,02,","0",",,0,31,+","0",",,0,31,+","6.6",",,0,10,","30.0","1,0,29,","2797.7","0","308.5","1,0","21.3",",,,0","0",",,,0","8.23","1,0","15.15","1,,,0","1.31",",,,0"
"USC00238051","1986-04","39.97018","-91.88753","214.9","STEFFENVILLE, MO US","31.4","0","21.7","2,0","7",",0","5",",0","0",",0","0",",0","0",",0","0","2,0","3","2,0","0",",0","17",",0","1",",0","","","19860422",",2,0","19860430","+,,0","19860430","+,,0","2","","19860403",",,0","19860425",",,0","-3.3","2,0,22,","0",",,0,30,+","0",",,0,30,+","11.4",",,0,03,","32.2",",0,25,","2933.4","0","135.7",",0","28.7",",,,0","0",",,,0","14.47","2,0","21.52",",,,0","7.41","2,,,0"
"USC00238051","1986-05","39.97018","-91.88753","214.9","STEFFENVILLE, MO US","61.9","0","30.5","1,0","13",",0","12",",0","2",",0","0",",0","0",",0","0","1,0","0","1,0","0",",0","26",",0","0",",0","","","19860502",",1,0","19860531","+,,0","19860531","+,,0","7","","19860517",",,0","19860507",",,0","2.2","1,0,02,","0",",,0,31,+","0",",,0,31,+","33.5",",,0,17,","30.0",",0,07,","2974.2","0","40.8",",0","170.1",",,,0","0",",,,0","17.96","1,0","23.78",",,,0","12.14","1,,,0"
"USC00238051","1986-06","39.97018","-91.88753","214.9","STEFFENVILLE, MO US","209.1","0","147.2","2,0","8",",0","4",",0","1",",0","0",",0","0",",0","0",",0","0",",0","0","2,0","28","2,0","3","2,0","","","19860602",",,0","19860630","+,,0","19860630","+,,0","4","","19860606",",,0","19860626","+,2,0","9.4",",0,02,","0",",,0,30,+","0",",,0,30,+","45.7",",,0,06,","32.8","2,0,26,+","2974.2","0","0.0","2,0","87.8",",,,0","0",",,,0","23.67","2,0","29.33","2,,,0","18.02",",,,0"
"USC00238051","1986-07","39.97018","-91.88753","214.9","STEFFENVILLE, MO US","429.1","0","220.0",",0","11",",0","8",",0","2",",0","0",",0","0",",0","0",",0","0",",0","0",",0","31",",0","11",",0","","","19860721","+,,0","19860731","+,,0","19860731","+,,0","6","","19860714",",,0","19860718",",,0","15.6",",0,21,+","0",",,0,31,+","0",",,0,31,+","53.1",",,0,14,","33.9",",0,18,","0.0","0","0.0",",0","151.9",",,,0","0",",,,0","25.43",",0","30.78",",,,0","20.08",",,,0"
"USC00238051","1986-08","39.97018","-91.88753","214.9","STEFFENVILLE, MO US","526.3","0","97.2",",0","4",",0","2",",0","0",",0","0",",0","0",",0","0",",0","0",",0","0",",0","30",",0","2",",0","","","19860828",",,0","19860831","+,,0","19860831","+,,0","2","","19860806",",,0","19860825",",,0","3.9",",0,28,","0",",,0,31,+","0",",,0,31,+","14.2",",,0,06,","33.9",",0,25,","12.2","0","12.2",",0","22.0",",,,0","0",",,,0","21.08",",0","27.42",",,,0","14.74",",,,0"
"USC00238051","1986-09","39.97018","-91.88753","214.9","STEFFENVILLE, MO US","620.2","0","93.9","2,0","12",",0","9",",0","4",",0","0",",0","0",",0","0","1,0","0","1,0","0","1,0","29","1,0","0","1,0","","","19860908",",1,0","19860930","+,,0","19860930","+,,0","1","","19860930",",,0","19860910",",1,0","2.8","1,0,08,","0",",,0,30,+","0",",,0,30,+","76.5",",,0,30,","31.1","1,0,10,","23.8","0","11.6","1,0","261.1",",,,0","0",",,,0","21.30","2,0","27.41","1,,,0","15.20","1,,,0"
"USC00238051","1986-10","39.97018","-91.88753","214.9","STEFFENVILLE, MO US","622.7","0","2.5",",0","10",",0","8",",0","2",",0","","","0","1,0","0",",0","1",",0","0",",0","14",",0","0",",0","","","19861014",",,0","","","19861031","+,1,0","","","19861002",",,0","19861021","+,,0","-1.1",",0,14,","","","0","1,,0,31,+","74.9",",,0,02,","25.0",",0,21,+","172.7","0","148.9",",0","159.2",",,,0","0","1,,,0","13.61",",0","19.14",",,,0","8.09",",,,0"
"USC00238051","1986-11","39.97018","-91.88753","214.9","STEFFENVILLE, MO US","622.7","0","0.0",",0","6",",0","5",",0","0",",0","0",",0","0",",0","0",",0","19",",0","3",",0","0",",0","0",",0","","","19861113",",,0","19861112","+,,0","19861111",",,0","","","19861126",",,0","19861101",",,0","-15.6",",0,13,","0",",T,0,12,+","13",",,0,11,","9.1",",,0,26,","19.4",",0,01,","630.7","0","458.0",",0","30.7",",,,0","13",",,,0","3.07",",0","8.20",",,,0","-2.07",",,,0"
"USC00238051","1986-12","39.97018","-91.88753","214.9","STEFFENVILLE, MO US","622.7","0","0.0","4,0","5",",0","4",",0","0",",0","0",",0","0",",0","0","3,0","22","3,0","3","2,0","0","2,0","0","2,0","6","","19861213",",3,0","19861209",",,0","19861209",",,0","","","19861202",",,0","19861220",",2,0","-15.6","3,0,13,","0",",T,0,09,","8",",,0,09,","13.5",",,0,02,","9.4","2,0,20,","1114.3","0","483.6","2,0","42.0",",,,0","8",",,,0","0.45","4,0","4.06","2,,,0","-3.15","3,,,0"
"USC00238051","1987-01","39.97018","-91.88753","214.9","STEFFENVILLE, MO US","0.0","0","0.0","1,0","6",",0","3",",0","0",",0","18",",0","4",",0","3","1,0","27","1,0","13","1,0","0","1,0","0","1,0","","","19870123",",1,0","19870120","+,,0","19870110",",,0","","","19870110",",,0","19870113",",1,0","-23.3","1,0,23,","203",",,0,20,+","183",",,0,10,","10.7",",,0,10,","11.7","1,0,13,","1752.8","0","638.5","1,0","27.0",",,,0","435",",,,0","-2.95","1,0","1.65","1,,,0","-7.55","1,,,0"
"USC00238051","1987-02","39.97018","-91.88753","214.9","STEFFENVILLE, MO US","0.0","0","0.0","1,0","4",",0","3",",0","0",",0","2",",0","2",",0","0",",0","24",",0","1","1,0","0","1,0","0","1,0","1","","19870209",",,0","19870206","+,,0","19870206","+,,0","","","19870228",",,0","19870202",",1,0","-9.4",",0,09,","25",",,0,06,+","25",",,0,06,+","7.9",",,0,28,","17.2","1,0,02,","2160.9","0","408.1","1,0","13.4",",,,0","50",",,,0","3.22","1,0","9.21","1,,,0","-2.78",",,,0"
"USC00238051","1987-03","39.97018","-91.88753","214.9","STEFFENVILLE, MO US","0.0","0","0.0","4,0","10",",0","8",",0","0",",0","0",",0","0",",0","0","4,0","11","4,0","0","1,0","4","1,0","0","1,0","1","","19870309",",4,0","19870331","+,,0","19870331","+,,0","2","","19870301",",,0","19870307",",1,0","-11.7","4,0,09,","0",",,0,31,+","0",",,0,31,+","20.8",",,0,01,","25.0","1,0,07,","2442.7","0","281.8","1,0","84.2",",,,0","0",",,,0","7.65","4,0","14.29","1,,,0","1.00","4,,,0"
"USC00238051","1987-04","39.97018","-91.88753","214.9","STEFFENVILLE, MO US","19.5","0","19.5",",0","6",",0","2",",0","1",",0","0",",0","0",",0","0",",0","4",",0","0",",0","14",",0","1",",0","1","","19870403",",,0","19870430","+,,0","19870430","+,,0","2","","19870413",",,0","19870420",",,0","-5.6",",0,03,","0",",,0,30,+","0",",,0,30,+","34.0",",,0,13,","32.8",",0,20,","2614.6","0","171.9",",0","48.6",",,,0","0",",,,0","13.25",",0","20.69",",,,0","5.82",",,,0"
"USC00238051","1987-05","39.97018","-91.88753","214.9","STEFFENVILLE, MO US","103.6","0","84.1",",0","5",",0","5",",0","1",",0","0",",0","0",",0","0",",0","0",",0","0",",0","27",",0","0",",0","","","19870506",",,0","19870531","+,,0","19870531","+,,0","3","","19870521",",,0","19870514",",,0","5.6",",0,06,","0",",,0,31,+","0",",,0,31,+","27.9",",,0,21,","31.7",",0,14,","2641.3","0","26.7",",0","74.1",",,,0","0",",,,0","20.18",",0","27.28",",,,0","13.08",",,,0"
"USC00238051","1987-06","39.97018","-91.88753","214.9","STEFFENVILLE, MO US","261.6","0","158.0","1,0","13","1,0","7","1,0","0","1,0","0",",0","0",",0","0","1,0","0","1,0","0","1,0","29","1,0","8","1,0","","","19870604",",1,0","19870630","+,,0","19870630","+,,0","7","","19870603",",1,0","19870614",",1,0","9.4","1,0,04,","0",",,0,30,+","0",",,0,30,+","14.7","1,,0,03,","36.7","1,0,14,","2643.3","0","2.0","1,0","54.0","1,,,0","0",",,,0","23.71","1,0","29.77","1,,,0","17.66","1,,,0"
"USC00238051","1987-07","39.97018","-91.88753","214.9","STEFFENVILLE, MO US","473.7","0","212.1","2,0","8",",0","5",",0","2",",0","0",",0","0",",0","0",",0","0",",0","0","2,0","29","2,0","15","2,0","","","19870714",",,0","19870731","+,,0","19870731","+,,0","5","","19870707",",,0","19870731",",2,0","10.6",",0,14,","0",",,0,31,+","0",",,0,31,+","40.6",",,0,07,","37.8","2,0,31,","0.8","0","0.8","2,0","97.6",",,,0","0",",,,0","25.62","2,0","31.79","2,,,0","19.45",",,,0"
"USC00238051","1987-08","39.97018","-91.88753","214.9","STEFFENVILLE, MO US","643.3","0","169.6","1,0","10",",0","9",",0","2",",0","0",",0","0",",0","0","1,0","0","1,0","0","1,0","29","1,0","11","1,0","","","19870831","+,1,0","19870831","+,,0","19870831","+,,0","8","","19870813",",,0","19870803","+,1,0","10.6","1,0,31,+","0",",,0,31,+","0",",,0,31,+","37.3",",,0,13,","37.8","1,0,03,+","6.7","0","5.9","1,0","133.7",",,,0","0",",,,0","23.79","1,0","30.36","1,,,0","17.22","1,,,0"
"USC00238051","1987-09","39.97018","-91.88753","214.9","STEFFENVILLE, MO US","684.8","0","41.5",",0","7",",0","6",",0","0",",0","0",",0","0",",0","0",",0","0",",0","0",",0","29",",0","0",",0","","","19870904",",,0","19870930","+,,0","19870930","+,,0","5","","19870915",",,0","19870908","+,,0","6.1",",0,04,","0",",,0,30,+","0",",,0,30,+","21.8",",,0,15,","31.1",",0,08,+","35.7","0","29.0",",0","66.3",",,,0","0",",,,0","18.75",",0","25.80",",,,0","11.70",",,,0"
"USC00238051","1987-10","39.97018","-91.88753","214.9","STEFFENVILLE, MO US","686.5","0","1.7",",0","4",",0","2",",0","0",",0","0",",0","0",",0","0",",0","11",",0","0",",0","11",",0","0",",0","","","19871025","+,,0","19871031","+,,0","19871031","+,,0","1","","19871017",",,0","19871002",",,0","-4.4",",0,25,+","0",",,0,31,+","0",",,0,31,+","5.3",",,0,17,","30.6",",0,02,","276.0","0","240.3",",0","10.5",",,,0","0",",,,0","10.64",",0","18.21",",,,0","3.06",",,,0"
"USC00238051","1987-11","39.97018","-91.88753","214.9","STEFFENVILLE, MO US","686.8","0","0.3",",0","8",",0","7",",0","1",",0","1",",0","1",",0","0",",0","10",",0","0",",0","4",",0","0",",0","","","19871121",",,0","19871129",",,0","19871129",",,0","","","19871128",",,0","19871103",",,0","-10.6",",0,21,","25",",,0,29,","30",",,0,29,","29.0",",,0,28,","26.1",",0,03,","607.2","0","331.2",",0","81.8",",,,0","30",",,,0","7.30",",0","12.71",",,,0","1.90",",,,0"
"USC00238051","1987-12","39.97018","-91.88753","214.9","STEFFENVILLE, MO US","686.8","0","0.0",",0","8",",0","5",",0","1",",0","9",",0","1",",0","0",",0","23",",0","6",",0","0",",0","0",",0","1","","19871217",",,0","19871218","+,,0","19871215",",,0","","","19871220",",,0","19871209",",,0","-16.1",",0,17,","152",",,0,18,+","168",",,0,15,","38.1",",,0,20,","13.9",",0,09,","1142.4","0","535.2",",0","95.0",",,,0","178",",,,0","1.07",",0","5.04",",,,0","-2.90",",,,0"
"USC00238051","1988-01","39.97018","-91.88753","214.9","STEFFENVILLE, MO US","0.0","0","0.0",",0","4",",0","4",",0","0",",0","0",",0","0",",0","4",",0","28",",0","13",",0","0",",0","0",",0","2","","19880106",",,0","19880123","+,,0","19880124","+,,0","1","","19880131",",,0","19880130","+,,0","-21.7",",0,06,","0",",T,0,23,+","0",",T,0,24,+","8.4",",,0,31,","16.1",",0,30,+","1821.4","0","679.0",",0","24.7",",,,0","0",",T,,0","-3.57",",0","2.36",",,,0","-9.50",",,,0"
"USC00238051","1988-02","39.97018","-91.88753","214.9","STEFFENVILLE, MO US","0.0","0","0.0",",0","5",",0","3",",0","0",",0","15","2,0","3","1,0","5",",0","29",",0","12",",0","0",",0","0",",0","","","19880212",",,0","19880213",",2,0","19880211",",1,0","","","19880204",",,0","19880226",",,0","-26.1",",0,12,","152","2,,0,13,","114","1,,0,11,","6.1",",,0,04,","17.8",",0,26,","2477.4","0","656.0",",0","16.5",",,,0","251","1,,,0","-4.29",",0","2.87",",,,0","-11.44",",,,0"
"USC00238051","1988-03","39.97018","-91.88753","214.9","STEFFENVILLE, MO US","0.0","0","0.0",",0","7",",0","4",",0","0",",0","0",",0","0",",0","0",",0","22",",0","1",",0","5",",0","0",",0","","","19880316","+,,0","19880318","+,,0","19880304",",,0","3","","19880325",",,0","19880322",",,0","-8.3",",0,16,+","0",",T,0,18,+","18",",,0,04,","21.6",",,0,25,","29.4",",0,22,","2855.2","0","377.8",",0","38.9",",,,0","31",",,,0","6.15",",0","13.73",",,,0","-1.44",",,,0"
"USC00238051","1988-04","39.97018","-91.88753","214.9","STEFFENVILLE, MO US","2.0","0","2.0",",0","6",",0","4",",0","0",",0","0",",0","0",",0","0",",0","4",",0","0",",0","16",",0","0",",0","","","19880419",",,0","19880430","+,,0","19880430","+,,0","2","","19880402",",,0","19880405",",,0","-2.8",",0,19,","0",",,0,30,+","0",",,0,30,+","8.9",",,0,02,","27.8",",0,05,","3044.8","0","189.6",",0","32.7",",,,0","0",",,,0","12.08",",0","20.67",",,,0","3.49",",,,0"
"USC00238051","1988-05","39.97018","-91.88753","214.9","STEFFENVILLE, MO US","34.8","0","32.8",",0","5",",0","4",",0","0",",0","0",",0","0",",0","0",",0","0",",0","0",",0","30",",0","1",",0","","","19880517",",,0","19880531","+,,0","19880531","+,,0","3","","19880523",",,0","19880514",",,0","5.0",",0,17,","0",",,0,31,+","0",",,0,31,+","23.1",",,0,23,","32.2",",0,14,","3077.9","0","33.1",",0","55.8",",,,0","0",",,,0","18.32",",0","26.57",",,,0","10.07",",,,0"
"USC00238051","1988-06","39.97018","-91.88753","214.9","STEFFENVILLE, MO US","202.3","0","167.5",",0","3",",0","1",",0","0",",0","0",",0","0",",0","0",",0","0",",0","0",",0","30",",0","14",",0","","","19880610",",,0","19880630","+,,0","19880630","+,,0","2","","19880609",",,0","19880625",",,0","6.7",",0,10,","0",",,0,30,+","0",",,0,30,+","7.1",",,0,09,","39.4",",0,25,","3081.5","0","3.6",",0","8.9",",,,0","0",",,,0","23.80",",0","32.15",",,,0","15.45",",,,0"
"USC00238051","1988-07","39.97018","-91.88753","214.9","STEFFENVILLE, MO US","437.1","0","234.8",",0","5",",0","4",",0","0",",0","0",",0","0",",0","0",",0","0",",0","0",",0","31",",0","23",",0","","","19880721","+,,0","19880731","+,,0","19880731","+,,0","1","","19880720",",,0","19880731",",,0","12.2",",0,21,+","0",",,0,31,+","0",",,0,31,+","16.0",",,0,20,","40.0",",0,31,","0.0","0","0.0",",0","40.6",",,,0","0",",,,0","25.91",",0","33.96",",,,0","17.85",",,,0"
"USC00238051","1988-08","39.97018","-91.88753","214.9","STEFFENVILLE, MO US","690.0","0","252.9",",0","7",",0","4",",0","1",",0","0",",0","0",",0","0",",0","0",",0","0",",0","31",",0","21",",0","1","","19880829",",,0","19880831","+,,0","19880831","+,,0","3","","19880823",",,0","19880818","+,,0","7.2",",0,29,","0",",,0,31,+","0",",,0,31,+","63.0",",,0,23,","40.6",",0,18,+","2.8","0","2.8",",0","81.3",",,,0","0",",,,0","26.40",",0","34.33",",,,0","18.47",",,,0"
"USC00238051","1988-09","39.97018","-91.88753","214.9","STEFFENVILLE, MO US","769.1","0","79.1",",0","5",",0","4",",0","0",",0","0",",0","0",",0","0",",0","0",",0","0",",0","30",",0","4",",0","","","19880906",",,0","19880930","+,,0","19880930","+,,0","3","","19880916",",,0","19880922",",,0","4.4",",0,06,","0",",,0,30,+","0",",,0,30,+","17.8",",,0,16,","33.9",",0,22,","18.9","0","16.1",",0","46.5",",,,0","0",",,,0","20.43",",0","28.09",",,,0","12.77",",,,0"
"USC00238051","1988-10","39.97018","-91.88753","214.9","STEFFENVILLE, MO US","772.2","0","3.1",",0","4",",0","3",",0","0",",0","0",",0","0",",0","0",",0","12",",0","0",",0","6",",0","0",",0","","","19881030",",,0","19881031","+,,0","19881031","+,,0","","","19881020",",,0","19881017",",,0","-6.7",",0,30,","0",",,0,31,+","0",",,0,31,+","5.3",",,0,20,","29.4",",0,17,","289.8","0","270.9",",0","11.6",",,,0","0",",,,0","9.69",",0","17.07",",,,0","2.32",",,,0"
"USC00238051","1988-11","39.97018","-91.88753","214.9","STEFFENVILLE, MO US","772.2","0","0.0",",0","8",",0","7",",0","1",",0","0",",0","0",",0","0",",0","16",",0","0",",0","2",",0","0",",0","","","19881128",",,0","19881130","+,,0","19881130","+,,0","2","","19881116",",,0","19881103",",,0","-10.0",",0,28,","0",",,0,30,+","0",",,0,30,+","28.2",",,0,16,","23.9",",0,03,","658.4","0","368.6",",0","80.5",",,,0","0",",,,0","6.05",",0","12.55",",,,0","-0.46",",,,0"
"USC00238051","1988-12","39.97018","-91.88753","214.9","STEFFENVILLE, MO US","772.2","0","0.0",",0","5",",0","4",",0","0",",0","1",",0","0",",0","2",",0","27",",0","4",",0","0",",0","0",",0","","","19881216",",,0","19881226",",,0","19881228","+,,0","1","","19881227",",,0","19881219",",,0","-18.3",",0,16,","25",",,0,26,","20",",,0,28,+","16.5",",,0,27,","17.2",",0,19,","1215.3","0","556.9",",0","30.7",",,,0","40",",,,0","0.37",",0","6.72",",,,0","-5.98",",,,0"
"USC00238051","1989-01","39.97018","-91.88753","214.9","STEFFENVILLE, MO US","0.0","0","0.0",",0","4",",0","3",",0","0",",0","0",",0","0",",0","0",",0","23",",0","0",",0","1",",0","0",",0","","","19890109",",,0","19890131","+,,0","19890131","+,,0","1","","19890126",",,0","19890131",",,0","-13.3",",0,09,","0",",,0,31,+","0",",,0,31,+","8.6",",,0,26,","22.8",",0,31,","1692.3","0","477.0",",0","23.1",",,,0","0",",,,0","2.95",",0","8.92",",,,0","-3.03",",,,0"
"USC00238051","1989-02","39.97018","-91.88753","214.9","STEFFENVILLE, MO US","0.0","0","0.0",",0","7",",0","3",",0","0",",0","22",",0","5",",0","7",",0","28",",0","16",",0","0",",0","0",",0","","","19890223",",,0","19890221",",,0","19890220",",,0","","","19890213",",,0","19890201",",,0","-22.8",",0,23,","178",",,0,21,","79",",,0,20,","5.6",",,0,13,","18.3",",0,01,","2383.1","0","690.8",",0","19.0",",,,0","266",",,,0","-6.34",",0","-0.75",",,,0","-11.93",",,,0"
"USC00238051","1989-03","39.97018","-91.88753","214.9","STEFFENVILLE, MO US","5.6","0","5.6","1,0","4",",0","1",",0","1",",0","0",",0","0",",0","0",",0","21",",0","2","1,0","7","1,0","0","1,0","","","19890301",",,0","19890318","+,,0","19890318",",,0","1","","19890328",",,0","19890326",",1,0","-11.7",",0,01,","0",",T,0,18,+","0",",T,0,18,","31.5",",,0,28,","28.9","1,0,26,","2764.1","0","381.0","1,0","35.3",",,,0","0",",T,,0","5.86","1,0","13.39","1,,,0","-1.67",",,,0"
"USC00238051","1989-04","39.97018","-91.88753","214.9","STEFFENVILLE, MO US","31.5","0","25.9",",0","8",",0","6",",0","0",",0","0",",0","0",",0","0",",0","8",",0","0",",0","11",",0","0",",0","","","19890410","+,,0","19890430","+,,0","19890430","+,,0","4","","19890404",",,0","19890426","+,,0","-6.1",",0,10,+","0",",,0,30,+","0",",,0,30,+","15.5",",,0,04,","31.7",",0,26,+","2973.5","0","209.4",",0","51.6",",,,0","0",",,,0","12.22",",0","19.65",",,,0","4.78",",,,0"
"USC00238051","1989-05","39.97018","-91.88753","214.9","STEFFENVILLE, MO US","61.3","0","29.8",",0","7",",0","6",",0","0",",0","0",",0","0",",0","0",",0","3",",0","0",",0","23",",0","0",",0","","","19890506",",,0","19890531","+,,0","19890531","+,,0","4","","19890525",",,0","19890529",",,0","-1.7",",0,06,","0",",,0,31,+","0",",,0,31,+","24.9",",,0,25,","31.1",",0,29,","3080.2","0","106.7",",0","71.3",",,,0","0",",,,0","15.85",",0","23.45",",,,0","8.26",",,,0"
"USC00238051","1989-06","39.97018","-91.88753","214.9","STEFFENVILLE, MO US","161.6","0","100.3",",0","7",",0","6",",0","0",",0","0",",0","0",",0","0",",0","0",",0","0",",0","29",",0","8",",0","1","","19890616",",,0","19890630","+,,0","19890630","+,,0","5","","19890612",",,0","19890626","+,,0","7.2",",0,16,","0",",,0,30,+","0",",,0,30,+","22.9",",,0,12,","33.9",",0,26,+","3089.1","0","8.9",",0","66.6",",,,0","0",",,,0","21.38",",0","28.31",",,,0","14.45",",,,0"
"USC00238051","1989-07","39.97018","-91.88753","214.9","STEFFENVILLE, MO US","368.3","0","206.7",",0","12",",0","9",",0","2",",0","0",",0","0",",0","0",",0","0",",0","0",",0","31",",0","13",",0","3","","19890721","+,,0","19890731","+,,0","19890731","+,,0","8","","19890719",",,0","19890707",",,0","15.0",",0,21,+","0",",,0,31,+","0",",,0,31,+","59.4",",,0,19,","38.9",",0,07,","0.0","0","0.0",",0","158.3",",,,0","0",",,,0","25.00",",0","31.94",",,,0","18.07",",,,0"
"USC00238051","1989-08","39.97018","-91.88753","214.9","STEFFENVILLE, MO US","508.5","0","140.2",",0","10",",0","7",",0","1",",0","0",",0","0",",0","0",",0","0",",0","0",",0","31",",0","2",",0","1","","19890808","+,,0","19890831","+,,0","19890831","+,,0","8","","19890829",",,0","19890805","+,,0","8.3",",0,08,+","0",",,0,31,+","0",",,0,31,+","49.8",",,0,29,","33.3",",0,05,+","2.6","0","2.6",",0","106.2",",,,0","0",",,,0","22.77",",0","29.40",",,,0","16.15",",,,0"
"USC00238051","1989-09","39.97018","-91.88753","214.9","STEFFENVILLE, MO US","","","","","5",",0","5",",0","1",",0","0",",0","0",",0","","","","","","","","","","","","","","","19890930","+,,0","19890930","+,,0","","","19890909",",,0","","","","","0",",,0,30,+","0",",,0,30,+","26.4",",,0,09,","","","","","","","65.8",",,,0","0",",,,0","","","","","",""
"USC00238051","1989-10","39.97018","-91.88753","214.9","STEFFENVILLE, MO US","","","12.4",",0","4",",0","3",",0","0",",0","0",",0","0",",0","0",",0","6",",0","0",",0","19",",0","0",",0","","","19891020",",,0","19891031","+,,0","19891031","+,,0","2","","19891017",",,0","19891014",",,0","-2.8",",0,20,","0",",,0,31,+","0",",,0,31,+","17.0",",,0,17,","30.6",",0,14,","","","157.3",",0","36.8",",,,0","0",",,,0","13.66",",0","21.13",",,,0","6.19",",,,0"
"USC00238051","1989-11","39.97018","-91.88753","214.9","STEFFENVILLE, MO US","","","0.0",",0","2",",0","1",",0","0",",0","0",",0","0",",0","0",",0","21",",0","0",",0","3",",0","0",",0","","","19891129",",,0","19891130","+,,0","19891130","+,,0","1","","19891115",",,0","19891113",",,0","-15.0",",0,29,","0",",,0,30,+","0",",,0,30,+","2.8",",,0,15,","25.6",",0,13,","","","384.2",",0","3.3",",,,0","0",",,,0","5.53",",0","13.50",",,,0","-2.45",",,,0"
"USC00238051","1989-12","39.97018","-91.88753","214.9","STEFFENVILLE, MO US","","","0.0",",0","10",",0","4",",0","0",",0","16",",0","2",",0","12",",0","29",",0","16",",0","0",",0","0",",0","","","19891222",",,0","19891219",",,0","19891219",",,0","","","19891219",",,0","19891205",",,0","-32.2",",0,22,","127",",,0,19,","102",",,0,19,","5.8",",,0,19,","16.1",",0,05,","","","796.8",",0","20.9",",,,0","202",",,,0","-7.37",",0","-0.84",",,,0","-13.90",",,,0"
"USC00238051","1990-01","39.97018","-91.88753","214.9","STEFFENVILLE, MO US","0.0","0","0.0",",0","4",",0","3",",0","0",",0","2",",0","1",",0","0",",0","24",",0","0",",0","0",",0","0",",0","1","","19900113",",,0","19900126","+,,0","19900125",",,0","","","19900117",",,0","19900116",",,0","-11.7",",0,13,","25",",,0,26,+","38",",,0,25,","9.7",",,0,17,","20.6",",0,16,","","","466.7",",0","20.8",",,,0","38",",,,0","3.28",",0","9.59",",,,0","-3.04",",,,0"
"USC00238051","1990-02","39.97018","-91.88753","214.9","STEFFENVILLE, MO US","0.0","0","0.0",",0","8",",0","5",",0","1",",0","1",",0","1",",0","0",",0","24",",0","3",",0","1",",0","0",",0","3","","19900224",",,0","19900215",",,0","19900215",",,0","","","19900215",",,0","19900212",",,0","-14.4",",0,24,","25",",,0,15,","38",",,0,15,","28.7",",,0,15,","22.2",",0,12,","","","453.3",",0","78.0",",,,0","51",",,,0","2.14",",0","8.75",",,,0","-4.46",",,,0"
"USC00238051","1990-03","39.97018","-91.88753","214.9","STEFFENVILLE, MO US","5.6","0","5.6",",0","11",",0","6",",0","1",",0","2",",0","1",",0","0",",0","15",",0","0",",0","7",",0","0",",0","","","19900325",",,0","19900324",",,0","19900324",",,0","3","","19900315",",,0","19900312",",,0","-10.6",",0,25,","178",",,0,24,","224",",,0,24,","67.8",",,0,15,","27.2",",0,12,","","","347.1",",0","128.1",",,,0","224",",,,0","7.32",",0","13.95",",,,0","0.68",",,,0"
"USC00238051","1990-04","39.97018","-91.88753","214.9","STEFFENVILLE, MO US","23.3","0","17.7",",0","10",",0","5",",0","0",",0","0",",0","0",",0","0",",0","9",",0","0",",0","10",",0","0",",0","1","","19900407",",,0","19900430","+,,0","19900430","+,,0","2","","19900414",",,0","19900425","+,,0","-7.8",",0,07,","0",",,0,30,+","0",",,0,30,+","20.8",",,0,14,","29.4",",0,25,+","","","228.6",",0","66.5",",,,0","0",",,,0","11.31",",0","18.98",",,,0","3.63",",,,0"
"USC00238051","1990-05","39.97018","-91.88753","214.9","STEFFENVILLE, MO US","27.2","0","3.9",",0","12",",0","11",",0","3",",0","0",",0","0",",0","0",",0","1",",0","0",",0","18",",0","0",",0","","","19900510",",,0","19900531","+,,0","19900531","+,,0","8","","19900504",",,0","19900518","+,,0","-0.6",",0,10,","0",",,0,31,+","0",",,0,31,+","39.6",",,0,04,","27.2",",0,18,+","","","111.0",",0","204.8",",,,0","0",",,,0","14.88",",0","21.31",",,,0","8.45",",,,0"
"USC00238051","1990-06","39.97018","-91.88753","214.9","STEFFENVILLE, MO US","159.1","0","131.9","1,0","7",",0","6",",0","1",",0","0",",0","0",",0","0","1,0","0","1,0","0",",0","28",",0","7",",0","","","19900604",",1,0","19900630","+,,0","19900630","+,,0","10","","19900608",",,0","19900628","+,,0","6.7","1,0,04,","0",",,0,30,+","0",",,0,30,+","36.6",",,0,08,","33.3",",0,28,+","","","12.1",",0","104.6",",,,0","0",",,,0","22.42","1,0","28.53",",,,0","16.31","1,,,0"
"USC00238051","1990-07","39.97018","-91.88753","214.9","STEFFENVILLE, MO US","327.1","0","168.0",",0","11",",0","9",",0","1",",0","0",",0","0",",0","0",",0","0",",0","0",",0","31",",0","9",",0","1","","19900713",",,0","19900731","+,,0","19900731","+,,0","5","","19900722",",,0","19900703",",,0","11.7",",0,13,","0",",,0,31,+","0",",,0,31,+","36.8",",,0,22,","37.2",",0,03,","1.4","0","1.4",",0","132.3",",,,0","0",",,,0","23.71",",0","29.95",",,,0","17.47",",,,0"
"USC00238051","1990-08","39.97018","-91.88753","214.9","STEFFENVILLE, MO US","483.3","0","156.2","1,0","4",",0","4",",0","0",",0","0",",0","0",",0","0",",0","0",",0","0","1,0","30","1,0","9","1,0","","","19900807",",,0","19900831","+,,0","19900831","+,,0","1","","19900817",",,0","19900827",",1,0","9.4",",0,07,","0",",,0,31,+","0",",,0,31,+","6.6",",,0,17,","36.7","1,0,27,","2.3","0","0.9","1,0","17.2",",,,0","0",",,,0","23.53","1,0","29.98","1,,,0","17.08",",,,0"
"USC00238051","1990-09","39.97018","-91.88753","214.9","STEFFENVILLE, MO US","600.1","0","116.8",",0","6",",0","3",",0","0",",0","0",",0","0",",0","0",",0","0",",0","0",",0","26",",0","8",",0","2","","19900924",",,0","19900930","+,,0","19900930","+,,0","3","","19900919",",,0","19900906","+,,0","2.8",",0,24,","0",",,0,30,+","0",",,0,30,+","22.1",",,0,19,","36.7",",0,06,+","35.6","0","33.3",",0","61.8",",,,0","0",",,,0","21.12",",0","28.10",",,,0","14.13",",,,0"
"USC00238051","1990-10","39.97018","-91.88753","214.9","STEFFENVILLE, MO US","609.2","0","9.1",",0","6",",0","4",",0","0",",0","0",",0","0",",0","0",",0","7",",0","0",",0","13",",0","0",",0","","","19901022",",,0","19901031","+,,0","19901031","+,,0","3","","19901004",",,0","19901006","+,,0","-5.0",",0,22,","0",",,0,31,+","0",",,0,31,+","11.9",",,0,04,","29.4",",0,06,+","227.5","0","191.9",",0","42.2",",,,0","0",",,,0","12.44",",0","20.16",",,,0","4.71",",,,0"
"USC00238051","1990-11","39.97018","-91.88753","214.9","STEFFENVILLE, MO US","610.3","0","1.1",",0","6",",0","6",",0","1",",0","0",",0","0",",0","0",",0","14",",0","0",",0","8",",0","0",",0","","","19901108",",,0","19901105",",,0","19901109","+,,0","2","","19901105",",,0","19901102","+,,0","-7.2",",0,08,","0",",T,0,05,","0",",T,0,09,+","25.7",",,0,05,","25.0",",0,02,+","507.5","0","280.0",",0","95.3",",,,0","0",",T,,0","9.04",",0","16.10",",,,0","1.98",",,,0"
"USC00238051","1990-12","39.97018","-91.88753","214.9","STEFFENVILLE, MO US","610.3","0","0.0",",0","8",",0","3",",0","1",",0","0",",0","0",",0","6",",0","28",",0","9",",0","0",",0","0",",0","","","19901230",",,0","19901230","+,,0","19901230",",,0","","","19901203",",,0","19901211",",,0","-20.6",",0,30,","0",",T,0,30,+","10",",,0,30,","26.2",",,0,03,","17.8",",0,11,","1138.7","0","631.2",",0","51.8",",,,0","18",",,,0","-2.03",",0","3.56",",,,0","-7.62",",,,0"
"USC00238051","1991-01","39.97018","-91.88753","214.9","STEFFENVILLE, MO US","0.0","0","0.0",",0","7",",0","3",",0","0",",0","20",",0","2",",0","2",",0","31",",0","15",",0","0",",0","0",",0","2","","19910103",",,0","19910126","+,,0","19910105",",,0","","","19910116",",,0","19910114",",,0","-18.3",",0,03,","76",",,0,26,+","89",",,0,05,","11.7",",,0,16,","8.3",",0,14,","1854.1","0","715.4",",0","29.3",",,,0","209",",,,0","-4.74",",0","0.09",",,,0","-9.57",",,,0"
"USC00238051","1991-02","39.97018","-91.88753","214.9","STEFFENVILLE, MO US","0.0","0","0.0",",0","3",",0","1",",0","0",",0","0",",0","0",",0","1",",0","22",",0","1",",0","1",",0","0",",0","5","","19910215",",,0","19910228","+,,0","19910215",",,0","","","19910218",",,0","19910228",",,0","-17.8",",0,15,","0",",,0,28,+","0",",T,0,15,","6.6",",,0,18,","21.1",",0,28,","2282.0","0","427.9",",0","7.9",",,,0","0",",T,,0","3.05",",0","9.54",",,,0","-3.44",",,,0"
"USC00238051","1991-03","39.97018","-91.88753","214.9","STEFFENVILLE, MO US","3.3","0","3.3",",0","6",",0","4",",0","0",",0","0",",0","0",",0","0",",0","17",",0","0",",0","6",",0","0",",0","","","19910328",",,0","19910314",",,0","19910314",",,0","2","","19910301",",,0","19910326",",,0","-9.4",",0,28,","0",",T,0,14,","13",",,0,14,","18.3",",,0,01,","28.3",",0,26,","2611.6","0","329.6",",0","58.2",",,,0","13",",,,0","7.81",",0","15.69",",,,0","-0.08",",,,0"
"USC00238051","1991-04","39.97018","-91.88753","214.9","STEFFENVILLE, MO US","11.6","0","8.3",",0","8",",0","8",",0","1",",0","0",",0","0",",0","0",",0","3",",0","0",",0","13",",0","0",",0","","","19910410",",,0","19910430","+,,0","19910430","+,,0","5","","19910419",",,0","19910407","+,,0","-1.1",",0,10,","0",",,0,30,+","0",",,0,30,+","37.1",",,0,19,","27.2",",0,07,+","2770.7","0","159.1",",0","89.1",",,,0","0",",,,0","13.31",",0","20.15",",,,0","6.46",",,,0"
"USC00238051","1991-05","39.97018","-91.88753","214.9","STEFFENVILLE, MO US","100.1","0","88.5",",0","12",",0","9",",0","4",",0","0",",0","0",",0","0",",0","0",",0","0",",0","26",",0","2",",0","1","","19910507",",,0","19910531","+,,0","19910531","+,,0","9","","19910530",",,0","19910528",",,0","3.3",",0,07,","0",",,0,31,+","0",",,0,31,+","46.5",",,0,30,","32.8",",0,28,","2808.5","0","37.8",",0","200.4",",,,0","0",",,,0","19.97",",0","26.14",",,,0","13.80",",,,0"
"USC00238051","1991-06","39.97018","-91.88753","214.9","STEFFENVILLE, MO US","259.0","0","158.9",",0","5",",0","4",",0","1",",0","0",",0","0",",0","0",",0","0",",0","0",",0","30",",0","9",",0","","","19910607",",,0","19910630","+,,0","19910630","+,,0","5","","19910622",",,0","19910629",",,0","11.1",",0,07,","0",",,0,30,+","0",",,0,30,+","29.2",",,0,22,","35.0",",0,29,","2808.5","0","0.0",",0","53.8",",,,0","0",",,,0","23.63",",0","30.31",",,,0","16.95",",,,0"
"USC00238051","1991-07","39.97018","-91.88753","214.9","STEFFENVILLE, MO US","450.1","0","191.1",",0","6",",0","5",",0","1",",0","0",",0","0",",0","0",",0","0",",0","0",",0","31",",0","14",",0","","","19910729",",,0","19910731","+,,0","19910731","+,,0","6","","19910711",",,0","19910706",",,0","11.1",",0,29,","0",",,0,31,+","0",",,0,31,+","28.4",",,0,11,","36.1",",0,06,","0.0","0","0.0",",0","85.3",",,,0","0",",,,0","24.50",",0","31.29",",,,0","17.71",",,,0"
"USC00238051","1991-08","39.97018","-91.88753","214.9","STEFFENVILLE, MO US","622.6","0","172.5",",0","7",",0","5",",0","0",",0","0",",0","0",",0","0",",0","0",",0","0",",0","31",",0","13",",0","","","19910820",",,0","19910831","+,,0","19910831","+,,0","3","","19910806",",,0","19910802",",,0","8.3",",0,20,","0",",,0,31,+","0",",,0,31,+","13.0",",,0,06,","36.7",",0,02,","0.0","0","0.0",",0","38.2",",,,0","0",",,,0","23.90",",0","31.45",",,,0","16.34",",,,0"
"USC00238051","1991-09","39.97018","-91.88753","214.9","STEFFENVILLE, MO US","720.8","0","98.2",",0","4",",0","4",",0","1",",0","0",",0","0",",0","0",",0","2",",0","0",",0","24",",0","6",",0","","","19910920","+,,0","19910930","+,,0","19910930","+,,0","3","","19910916",",,0","19910912",",,0","-1.1",",0,20,+","0",",,0,30,+","0",",,0,30,+","44.5",",,0,16,","35.6",",0,12,","64.2","0","64.2",",0","58.9",",,,0","0",",,,0","19.47",",0","26.83",",,,0","12.10",",,,0"
"USC00238051","1991-10","39.97018","-91.88753","214.9","STEFFENVILLE, MO US","730.8","0","10.0",",0","10",",0","6",",0","2",",0","0",",0","0",",0","0",",0","6",",0","0",",0","16",",0","0",",0","2","","19911019",",,0","19911031","+,,0","19911031","+,,0","5","","19911004",",,0","19911002",",,0","-4.4",",0,19,","0",",,0,31,+","0",",,0,31,+","114.8",",,0,04,","28.9",",0,02,","222.2","0","158.0",",0","185.9",",,,0","0",",,,0","13.56",",0","20.70",",,,0","6.41",",,,0"
"USC00238051","1991-11","39.97018","-91.88753","214.9","STEFFENVILLE, MO US","730.8","0","0.0","1,0","11",",0","6",",0","2",",0","","","1","1,0","0","1,0","17","1,0","7",",0","0",",0","0",",0","","","19911107",",1,0","","","19911107",",1,0","1","","19911101",",,0","19911118",",,0","-15.0","1,0,07,","","","114","1,,0,07,","40.4",",,0,01,","20.0",",0,18,","684.0","0","461.8",",0","108.5",",,,0","114","1,,,0","2.60","1,0","8.30",",,,0","-3.10","1,,,0"
"USC00238051","1991-12","39.97018","-91.88753","214.9","STEFFENVILLE, MO US","730.8","0","0.0",",0","6",",0","5",",0","0",",0","3",",0","1",",0","0",",0","26",",0","4",",0","0",",0","0",",0","6","","19911204",",,0","19911205","+,,0","19911203",",,0","","","19911212",",,0","19911212","+,,0","-17.2",",0,04,","25",",,0,05,+","41",",,0,03,","11.2",",,0,12,","20.6",",0,12,+","1211.6","0","527.6",",0","43.5",",,,0","41",",,,0","1.31",",0","6.59",",,,0","-3.96",",,,0"
"USC00238051","1992-01","39.97018","-91.88753","214.9","STEFFENVILLE, MO US","0.0","0","0.0",",0","4",",0","1",",0","0",",0","2",",0","1",",0","0",",0","26",",0","3",",0","0",",0","0",",0","4","","19920116",",,0","19920115","+,,0","19920114",",,0","","","19920123",",,0","19920108",",,0","-17.2",",0,16,","25",",,0,15,+","28",",,0,14,","2.8",",,0,23,","15.0",",0,08,","1739.8","0","528.2",",0","7.3",",,,0","28",",,,0","1.29",",0","6.81",",,,0","-4.22",",,,0"
"USC00238051","1992-02","39.97018","-91.88753","214.9","STEFFENVILLE, MO US","0.0","0","0.0",",0","10",",0","3",",0","0",",0","1",",0","1",",0","0",",0","23",",0","2",",0","0",",0","0",",0","","","19920209",",,0","19920213",",,0","19920213",",,0","","","19920218",",,0","19920203",",,0","-12.2",",0,09,","25",",,0,13,","25",",,0,13,","15.2",",,0,18,","20.6",",0,03,","2188.3","0","448.5",",0","46.0",",,,0","38",",,,0","2.87",",0","8.39",",,,0","-2.66",",,,0"
"USC00238051","1992-03","39.97018","-91.88753","214.9","STEFFENVILLE, MO US","0.0","0","0.0",",0","8",",0","4",",0","0",",0","1",",0","1",",0","0",",0","15",",0","0",",0","6",",0","0",",0","","","19920313","+,,0","19920319",",,0","19920319",",,0","3","","19920319",",,0","19920303","+,,0","-10.0",",0,13,+","25",",,0,19,","25",",,0,19,","19.1",",,0,19,","24.4",",0,03,+","2533.5","0","345.2",",0","38.0",",,,0","25",",,,0","7.20",",0","13.99",",,,0","0.41",",,,0"
"USC00238051","1992-04","39.97018","-91.88753","214.9","STEFFENVILLE, MO US","5.3","0","5.3",",0","10",",0","8",",0","0",",0","0",",0","0",",0","0",",0","8",",0","0",",0","12",",0","0",",0","","","19920402",",,0","19920430","+,,0","19920430","+,,0","5","","19920420",",,0","19920430",",,0","-6.1",",0,02,","0",",,0,30,+","0",",,0,30,+","17.0",",,0,20,","29.4",",0,30,","2744.9","0","211.4",",0","84.2",",,,0","0",",,,0","11.46",",0","18.26",",,,0","4.66",",,,0"
"USC00238051","1992-05","39.97018","-91.88753","214.9","STEFFENVILLE, MO US","39.4","0","34.1",",0","6",",0","5",",0","0",",0","0",",0","0",",0","0",",0","1",",0","0",",0","23",",0","0",",0","","","19920506",",,0","19920531","+,,0","19920531","+,,0","3","","19920522",",,0","19920516",",,0","-0.6",",0,06,","0",",,0,31,+","0",",,0,31,+","22.9",",,0,22,","30.6",",0,16,","2839.7","0","94.8",",0","42.1",",,,0","0",",,,0","16.37",",0","23.73",",,,0","9.02",",,,0"
"USC00238051","1992-06","39.97018","-91.88753","214.9","STEFFENVILLE, MO US","136.2","0","96.8",",0","6",",0","3",",0","0",",0","0",",0","0",",0","0",",0","0",",0","0",",0","30",",0","1",",0","","","19920621",",,0","19920630","+,,0","19920630","+,,0","3","","19920605",",,0","19920623",",,0","6.7",",0,21,","0",",,0,30,+","0",",,0,30,+","22.9",",,0,05,","32.2",",0,23,","2846.3","0","6.6",",0","36.2",",,,0","0",",,,0","21.34",",0","28.10",",,,0","14.58",",,,0"
"USC00238051","1992-07","39.97018","-91.88753","214.9","STEFFENVILLE, MO US","303.1","0","166.9",",0","17",",0","15",",0","2",",0","0",",0","0",",0","0",",0","0",",0","0",",0","31",",0","3",",0","","","19920715","+,,0","19920731","+,,0","19920731","+,,0","13","","19920710",",,0","19920713","+,,0","14.4",",0,15,+","0",",,0,31,+","0",",,0,31,+","43.7",",,0,10,","32.8",",0,13,+","0.0","0","0.0",",0","204.1",",,,0","0",",,,0","23.72",",0","29.01",",,,0","18.42",",,,0"
"USC00238051","1992-08","39.97018","-91.88753","214.9","STEFFENVILLE, MO US","395.0","0","91.9",",0","5",",0","5",",0","0",",0","0",",0","0",",0","0",",0","0",",0","0",",0","31",",0","4",",0","","","19920815",",,0","19920831","+,,0","19920831","+,,0","3","","19920826",",,0","19920809","+,,0","8.3",",0,15,","0",",,0,31,+","0",",,0,31,+","9.4",",,0,26,","33.9",",0,09,+","9.2","0","9.2",",0","38.1",",,,0","0",",,,0","21.00",",0","27.39",",,,0","14.61",",,,0"
"USC00238051","1992-09","39.97018","-91.88753","214.9","STEFFENVILLE, MO US","449.2","0","54.2",",0","9",",0","8",",0","0",",0","0",",0","0",",0","0",",0","0",",0","0",",0","22",",0","0",",0","1","","19920929",",,0","19920930","+,,0","19920930","+,,0","6","","19920906",",,0","19920916",",,0","2.2",",0,29,","0",",,0,30,+","0",",,0,30,+","22.6",",,0,06,","31.7",",0,16,","66.2","0","57.0",",0","81.0",",,,0","0",",,,0","18.24",",0","24.55",",,,0","11.92",",,,0"
"USC00238051","1992-10","39.97018","-91.88753","214.9","STEFFENVILLE, MO US","460.9","0","11.7","1,0","4","2,0","3","2,0","0","2,0","0",",0","0",",0","0","1,0","3","1,0","0","1,0","17","1,0","0","1,0","","","19921019","+,1,0","19921031","+,,0","19921031","+,,0","2","","19921009",",2,0","19921003",",1,0","-3.3","1,0,19,+","0",",,0,31,+","0",",,0,31,+","7.4","2,,0,09,","28.3","1,0,03,","223.1","0","156.9","1,0","20.0",",a,,0","0",",,,0","13.49","1,0","20.26","1,,,0","6.73","1,,,0"
"USC00238051","1992-11","39.97018","-91.88753","214.9","STEFFENVILLE, MO US","460.9","0","0.0","1,0","15",",0","12",",0","5",",0","0",",0","1",",0","0",",0","15",",0","0","1,0","0","1,0","0","1,0","1","","19921128",",,0","19921115","+,,0","19921104",",,0","3","","19921101",",,0","19921116",",1,0","-6.1",",0,28,","0",",T,0,15,+","25",",,0,04,","36.6",",,0,01,","18.9","1,0,16,","631.4","0","408.3","1,0","198.7",",,,0","45",",,,0","4.28","1,0","7.38","1,,,0","1.18",",,,0"
"USC00238051","1992-12","39.97018","-91.88753","214.9","STEFFENVILLE, MO US","460.9","0","0.0",",0","6",",0","6",",0","1",",0","1",",0","1",",0","0",",0","26",",0","4",",0","0",",0","0",",0","2","","19921224",",,0","19921210",",,0","19921210",",,0","","","19921216",",,0","19921229",",,0","-15.6",",0,24,","51",",,0,10,","97",",,0,10,","28.2",",,0,16,","11.7",",0,29,","1210.4","0","579.0",",0","73.2",",,,0","97",",,,0","-0.35",",0","3.50",",,,0","-4.19",",,,0"
"USC00238051","1993-01","39.97018","-91.88753","214.9","STEFFENVILLE, MO US","0.0","0","0.0",",0","10",",0","6",",0","0",",0","18","2,0","2","2,0","0",",0","27",",0","13",",0","0",",0","0",",0","2","","19930101",",,0","19930111","+,2,0","19930110",",2,0","","","19930104",",,0","19930131",",,0","-15.0",",0,01,","127","2,,0,11,+","89","2,,0,10,","14.0",",,0,04,","12.2",",0,31,","1864.6","0","654.2",",0","40.2",",,,0","130","2,,,0","-2.77",",0","1.15",",,,0","-6.69",",,,0"
"USC00238051","1993-02","39.97018","-91.88753","214.9","STEFFENVILLE, MO US","0.0","0","0.0",",0","8",",0","6",",0","0",",0","16",",0","3",",0","2",",0","26",",0","12",",0","0",",0","0",",0","2","","19930218",",,0","19930226",",,0","19930225",",,0","1","","19930221",",,0","19930210",",,0","-21.1",",0,18,","203",",,0,26,","107",",,0,25,","7.9",",,0,21,","13.9",",0,10,","2462.0","0","597.4",",0","28.9",",,,0","272",",,,0","-3.00",",0","1.62",",,,0","-7.63",",,,0"
"USC00238051","1993-03","39.97018","-91.88753","214.9","STEFFENVILLE, MO US","0.0","0","0.0",",0","12",",0","6",",0","0",",0","4",",0","1",",0","0",",0","15",",0","3",",0","2",",0","0",",0","5","","19930314",",,0","19930301",",,0","19930319",",,0","","","19930331",",,0","19930330",",,0","-14.4",",0,14,","127",",,0,01,","25",",,0,19,","17.0",",,0,31,","23.9",",0,30,","2918.4","0","456.4",",0","62.9",",,,0","45",",,,0","3.61",",0","8.37",",,,0","-1.15",",,,0"
"USC00238051","1993-04","39.97018","-91.88753","214.9","STEFFENVILLE, MO US","1.4","0","1.4","1,0","12",",0","10",",0","0",",0","0",",0","0",",0","0",",0","5",",0","0","1,0","8","1,0","0","1,0","1","","19930403",",,0","19930416","+,,0","19930416","+,,0","3","","19930414",",,0","19930427","+,1,0","-1.7",",0,03,","0",",T,0,16,+","0",",T,0,16,+","23.4",",,0,14,","23.3","1,0,27,+","3133.7","0","215.3","1,0","81.7",",,,0","0",",T,,0","10.92","1,0","16.60","1,,,0","5.24",",,,0"
"USC00238051","1993-05","39.97018","-91.88753","214.9","STEFFENVILLE, MO US","35.1","0","33.7",",0","13",",0","11",",0","2",",0","0",",0","0",",0","0",",0","0",",0","0",",0","28",",0","0",",0","","","19930519","+,,0","19930531","+,,0","19930531","+,,0","7","","19930504",",,0","19930508",",,0","4.4",",0,19,+","0",",,0,31,+","0",",,0,31,+","36.3",",,0,04,","29.4",",0,08,","3176.0","0","42.3",",0","148.8",",,,0","0",",,,0","18.05",",0","23.66",",,,0","12.45",",,,0"
"USC00238051","1993-06","39.97018","-91.88753","214.9","STEFFENVILLE, MO US","174.2","0","139.1",",0","10",",0","9",",0","0",",0","0",",0","0",",0","0",",0","0",",0","0",",0","27",",0","1",",0","","","19930605",",,0","19930630","+,,0","19930630","+,,0","10","","19930630",",,0","19930617",",,0","6.1",",0,05,","0",",,0,30,+","0",",,0,30,+","20.1",",,0,30,","32.2",",0,17,","3189.0","0","13.0",",0","104.0",",,,0","0",",,,0","22.53",",0","28.05",",,,0","17.02",",,,0"
"USC00238051","1993-07","39.97018","-91.88753","214.9","STEFFENVILLE, MO US","369.9","0","195.7","1,0","16",",0","13",",0","1",",0","0",",0","0",",0","0",",0","0",",0","0","1,0","30","1,0","3","1,0","2","","19930722",",,0","19930731","+,,0","19930731","+,,0","12","","19930701",",,0","19930727","+,1,0","16.7",",0,22,","0",",,0,31,+","0",",,0,31,+","60.7",",,0,01,","33.3","1,0,27,+","0.0","0","0.0","1,0","188.2",",,,0","0",",,,0","24.90","1,0","29.34","1,,,0","20.45",",,,0"
"USC00238051","1993-08","39.97018","-91.88753","214.9","STEFFENVILLE, MO US","559.5","0","189.6","1,0","6",",0","5",",0","2",",0","0",",0","0",",0","0",",0","0",",0","0","1,0","30","1,0","11","1,0","","","19930807",",,0","19930831","+,,0","19930831","+,,0","5","","19930810",",,0","19930826","+,1,0","11.7",",0,07,","0",",,0,31,+","0",",,0,31,+","31.8",",,0,10,","34.4","1,0,26,+","0.0","0","0.0","1,0","101.5",",,,0","0",",,,0","24.68","1,0","30.03","1,,,0","19.34",",,,0"
"USC00238051","1993-09","39.97018","-91.88753","214.9","STEFFENVILLE, MO US","585.1","0","25.6","1,0","12",",0","12",",0","3",",0","0",",0","0",",0","0",",0","0",",0","0","1,0","18","1,0","0","1,0","","","19930929",",,0","19930930","+,,0","19930930","+,,0","3","","19930914",",,0","19930912",",1,0","2.8",",0,29,","0",",,0,30,+","0",",,0,30,+","45.0",",,0,14,","31.7","1,0,12,","77.3","0","77.3","1,0","206.1",",,,0","0",",,,0","16.56","1,0","21.92","1,,,0","11.20",",,,0"
"USC00238051","1993-10","39.97018","-91.88753","214.9","STEFFENVILLE, MO US","590.1","0","5.0","1,0","4",",0","4",",0","1",",0","0",",0","0",",0","0",",0","3",",0","0","1,0","11","1,0","0","1,0","1","","19931031",",,0","19931031",",,0","19931031",",,0","1","","19931017",",,0","19931007",",1,0","-6.1",",0,31,","0",",T,0,31,","0",",T,0,31,","27.9",",,0,17,","28.3","1,0,07,","267.5","0","190.2","1,0","60.7",",,,0","0",",T,,0","12.06","1,0","17.87","1,,,0","6.26",",,,0"
"USC00238051","1993-11","39.97018","-91.88753","214.9","STEFFENVILLE, MO US","590.1","0","0.0",",0","7",",0","5",",0","0",",0","0",",0","0",",0","0",",0","13",",0","3",",0","0",",0","0",",0","","","19931128",",,0","19931130","+,,0","19931128",",,0","1","","19931113",",,0","19931104",",,0","-11.7",",0,28,","0",",T,0,30,+","13",",,0,28,","19.3",",,0,13,","16.1",",0,04,","686.9","0","419.4",",0","54.9",",,,0","13",",,,0","4.35",",0","8.50",",,,0","0.21",",,,0"
"USC00238051","1993-12","39.97018","-91.88753","214.9","STEFFENVILLE, MO US","590.1","0","0.0",",0","7",",0","3",",0","0",",0","1",",0","0",",0","0",",0","19",",0","8",",0","0",",0","0",",0","3","","19931230",",,0","19931225",",,0","19931225",",,0","","","19931202",",,0","19931209",",,0","-15.6",",0,30,","25",",,0,25,","23",",,0,25,","13.7",",,0,02,","14.4",",0,09,","1238.9","0","552.0",",0","27.5",",,,0","23",",,,0","0.53",",0","4.71",",,,0","-3.66",",,,0"
"USC00238051","1994-01","39.97018","-91.88753","214.9","STEFFENVILLE, MO US","0.0","0","0.0",",0","6",",0","2",",0","0",",0","16",",0","2",",0","10",",0","27",",0","17",",0","0",",0","0",",0","3","","19940118",",,0","19940105","+,,0","19940103",",,0","","","19940103",",,0","19940125","+,,0","-25.6",",0,18,","102",",,0,05,+","114",",,0,03,","7.6",",,0,03,","9.4",",0,25,+","1992.3","0","753.4",",0","18.8",",,,0","147",",,,0","-5.97",",0","-1.58",",,,0","-10.36",",,,0"
"USC00238051","1994-02","39.97018","-91.88753","214.9","STEFFENVILLE, MO US","0.0","0","0.0",",0","6",",0","2",",0","1",",0","6","3,0","2","1,0","1",",0","24",",0","10",",0","0",",0","0",",0","","","19940210",",,0","19940225",",3,0","19940223",",1,0","","","19940220",",,0","19940218",",,0","-18.9",",0,10,","152","3,,0,25,","140","1,,0,23,","55.9",",,0,20,","20.6",",0,18,","2549.0","0","556.7",",0","73.5",",,,0","165","1,,,0","-1.55",",0","3.86",",,,0","-6.96",",,,0"
"USC00238051","1994-03","39.97018","-91.88753","214.9","STEFFENVILLE, MO US","0.0","0","0.0",",0","3",",0","3",",0","0",",0","4",",0","1",",0","0",",0","19",",0","0",",0","4",",0","0",",0","","","19940302",",,0","19940301",",,0","19940301",",,0","","","19940327",",,0","19940323",",,0","-8.9",",0,02,","127",",,0,01,","46",",,0,01,","10.7",",,0,27,","27.8",",0,23,","2914.9","0","365.9",",0","16.5",",,,0","46",",,,0","6.53",",0","13.26",",,,0","-0.20",",,,0"
"USC00238051","1994-04","39.97018","-91.88753","214.9","STEFFENVILLE, MO US","15.0","0","15.0",",0","13",",0","12",",0","1",",0","0",",0","0",",0","0",",0","3",",0","0",",0","13",",0","0",",0","","","19940407",",,0","19940406",",,0","19940406",",,0","3","","19940428",",,0","19940427","+,,0","-3.9",",0,07,","0",",T,0,06,","5",",,0,06,","28.2",",,0,28,","28.3",",0,27,+","3091.3","0","176.4",",0","144.1",",,,0","5",",,,0","12.95",",0","19.61",",,,0","6.29",",,,0"
"USC00238051","1994-05","39.97018","-91.88753","214.9","STEFFENVILLE, MO US","45.6","0","30.6",",0","7",",0","5",",0","0",",0","0",",0","0",",0","0",",0","0",",0","0",",0","26",",0","0",",0","","","19940501",",,0","19940531","+,,0","19940531","+,,0","5","","19940515",",,0","19940524",",,0","0.6",",0,01,","0",",,0,31,+","0",",,0,31,+","18.3",",,0,15,","30.0",",0,24,","3160.3","0","69.0",",0","44.7",",,,0","0",",,,0","17.10",",0","23.94",",,,0","10.25",",,,0"
"USC00238051","1994-06","39.97018","-91.88753","214.9","STEFFENVILLE, MO US","216.1","0","170.5",",0","10",",0","8",",0","0",",0","0",",0","0",",0","0",",0","0",",0","0",",0","30",",0","12",",0","","","19940604",",,0","19940630","+,,0","19940630","+,,0","8","","19940602",",,0","19940620",",,0","10.6",",0,04,","0",",,0,30,+","0",",,0,30,+","16.0",",,0,02,","34.4",",0,20,","3162.7","0","2.4",",0","61.0",",,,0","0",",,,0","23.94",",0","29.77",",,,0","18.10",",,,0"
"USC00238051","1994-07","39.97018","-91.88753","214.9","STEFFENVILLE, MO US","385.8","0","169.7",",0","6",",0","6",",0","2",",0","0",",0","0",",0","0",",0","0",",0","0",",0","31",",0","7",",0","","","19940729",",,0","19940731","+,,0","19940731","+,,0","6","","19940708",",,0","19940701",",,0","12.2",",0,29,","0",",,0,31,+","0",",,0,31,+","38.9",",,0,08,","33.9",",0,01,","0.0","0","0.0",",0","91.9",",,,0","0",",,,0","23.81",",0","29.80",",,,0","17.82",",,,0"
"USC00238051","1994-08","39.97018","-91.88753","214.9","STEFFENVILLE, MO US","558.5","0","172.7",",0","7",",0","5",",0","0",",0","0",",0","0",",0","0",",0","0",",0","0",",0","31",",0","13",",0","1","","19940806",",,0","19940831","+,,0","19940831","+,,0","3","","19940804",",,0","19940827",",,0","8.9",",0,06,","0",",,0,31,+","0",",,0,31,+","24.1",",,0,04,","36.1",",0,27,","3.1","0","3.1",",0","71.1",",,,0","0",",,,0","23.80",",0","30.95",",,,0","16.66",",,,0"
"USC00238051","1994-09","39.97018","-91.88753","214.9","STEFFENVILLE, MO US","","","","","4",",0","4",",0","0",",0","0",",0","0",",0","","","","","","","","","","","","","","","19940930","+,,0","19940930","+,,0","1","","19940905",",,0","","","","","0",",,0,30,+","0",",,0,30,+","21.1",",,0,05,","","","","","","","55.9",",,,0","0",",,,0","","","","","",""
"USC00238051","1994-10","39.97018","-91.88753","214.9","STEFFENVILLE, MO US","","","19.0","2,0","8",",0","4",",0","1",",0","0",",0","0",",0","0",",0","2",",0","0","2,0","13","2,0","0","2,0","","","19941026",",,0","19941031","+,,0","19941031","+,,0","","","19941031",",,0","19941001",",2,0","-3.3",",0,26,","0",",,0,31,+","0",",,0,31,+","30.2",",,0,31,","30.6","2,0,01,","","","123.3","2,0","50.6",",,,0","0",",,,0","14.57","2,0","20.31","2,,,0","8.83",",,,0"
"USC00238051","1994-11","39.97018","-91.88753","214.9","STEFFENVILLE, MO US","","","1.7","1,0","10",",0","9",",0","0",",0","0",",0","0",",0","0","1,0","14","1,0","0",",0","1",",0","0",",0","","","19941130",",1,0","19941130","+,,0","19941130","+,,0","","","19941106",",,0","19941103",",,0","-5.0","1,0,30,","0",",,0,30,+","0",",,0,30,+","22.6",",,0,06,","25.0",",0,03,","","","310.4",",0","107.9",",,,0","0",",,,0","7.79","1,0","13.14",",,,0","2.44","1,,,0"
"USC00238051","1994-12","39.97018","-91.88753","214.9","STEFFENVILLE, MO US","","","0.0",",0","5",",0","3",",0","1",",0","0","1,0","0","1,0","0",",0","22",",0","3",",0","0",",0","0",",0","4","","19941211",",,0","19941231","+,1,0","19941231","+,1,0","","","19941207",",,0","19941204",",,0","-13.9",",0,11,","0","1,,0,31,+","0","1,,0,31,+","43.2",",,0,07,","16.1",",0,04,","","","493.7",",0","54.4",",,,0","0","1,,,0","2.41",",0","6.47",",,,0","-1.66",",,,0"
"USC00238051","1995-01","39.97018","-91.88753","214.9","STEFFENVILLE, MO US","0.0","0","0.0",",0","8",",0","4",",0","1",",0","18",",0","2",",0","3",",0","28",",0","20",",0","0",",0","0",",0","1","","19950104",",,0","19950123","+,,0","19950120",",,0","","","19950114",",,0","19950117",",,0","-19.4",",0,04,","102",",,0,23,+","76",",,0,20,","36.1",",,0,14,","10.0",",0,17,","","","702.2",",0","86.6",",,,0","149",",,,0","-4.32",",0","-0.30",",,,0","-8.34",",,,0"
"USC00238051","1995-02","39.97018","-91.88753","214.9","STEFFENVILLE, MO US","0.0","0","0.0",",0","4",",0","3",",0","0",",0","6",",0","1",",0","0",",0","24",",0","9",",0","1",",0","0",",0","","","19950212",",,0","19950207","+,,0","19950203",",,0","1","","19950227",",,0","19950225",",,0","-16.7",",0,12,","51",",,0,07,+","56",",,0,03,","8.4",",,0,27,","21.7",",0,25,","","","517.4",",0","19.4",",,,0","89",",,,0","-0.14",",0","5.45",",,,0","-5.74",",,,0"
"USC00238051","1995-03","39.97018","-91.88753","214.9","STEFFENVILLE, MO US","0.0","0","0.0",",0","5",",0","3",",0","0",",0","0",",0","0",",0","0",",0","12",",0","3",",0","9",",0","0",",0","","","19950308",",,0","19950307",",,0","19950307",",,0","3","","19950327",",,0","19950317","+,,0","-15.6",",0,08,","0",",T,0,07,","0",",T,0,07,","11.9",",,0,27,","25.0",",0,17,+","","","348.7",",0","26.9",",,,0","0",",T,,0","7.09",",0","13.32",",,,0","0.85",",,,0"
"USC00238051","1995-04","39.97018","-91.88753","214.9","STEFFENVILLE, MO US","0.6","0","0.6",",0","12",",0","11",",0","1",",0","0",",0","0",",0","0",",0","4",",0","0",",0","6",",0","0",",0","","","19950404",",,0","19950402",",,0","19950402",",,0","4","","19950411",",,0","19950408",",,0","-6.1",",0,04,","0",",T,0,02,","0",",T,0,02,","33.3",",,0,11,","25.0",",0,08,","","","215.7",",0","128.6",",,,0","0",",T,,0","11.16",",0","17.44",",,,0","4.89",",,,0"
"USC00238051","1995-05","39.97018","-91.88753","214.9","STEFFENVILLE, MO US","10.6","0","10.0","1,0","13",",0","11",",0","4",",0","0",",0","0",",0","0",",0","0",",0","0","1,0","16","1,0","0","1,0","","","19950502",",,0","19950531","+,,0","19950531","+,,0","9","","19950524",",,0","19950513",",1,0","2.2",",0,02,","0",",,0,31,+","0",",,0,31,+","51.6",",,0,24,","29.4","1,0,13,","","","89.1","1,0","224.8",",,,0","0",",,,0","15.76","1,0","20.89","1,,,0","10.63",",,,0"
"USC00238051","1995-06","39.97018","-91.88753","214.9","STEFFENVILLE, MO US","128.3","0","117.7",",0","9",",0","7",",0","0",",0","0",",0","0",",0","0",",0","0",",0","0",",0","30",",0","2",",0","1","","19950612",",,0","19950630","+,,0","19950630","+,,0","8","","19950628",",,0","19950621","+,,0","10.6",",0,12,","0",",,0,30,+","0",",,0,30,+","24.6",",,0,28,","32.8",",0,21,+","","","1.7",",0","101.8",",,,0","0",",,,0","22.20",",0","27.60",",,,0","16.80",",,,0"
"USC00238051","1995-07","39.97018","-91.88753","214.9","STEFFENVILLE, MO US","336.7","0","208.4","1,0","10",",0","7",",0","0",",0","0",",0","0",",0","0",",0","0",",0","0","1,0","30","1,0","14","1,0","","","19950701",",,0","19950731","+,,0","19950731","+,,0","9","","19950706",",,0","19950713",",1,0","10.0",",0,01,","0",",,0,31,+","0",",,0,31,+","13.2",",,0,06,","37.8","1,0,13,","1.4","0","1.4","1,0","52.1",",,,0","0",",,,0","25.18","1,0","31.46","1,,,0","18.90",",,,0"
"USC00238051","1995-08","39.97018","-91.88753","214.9","STEFFENVILLE, MO US","588.6","0","251.9",",0","9",",0","8",",0","3",",0","0",",0","0",",0","0",",0","0",",0","0",",0","31",",0","19",",0","","","19950821",",,0","19950831","+,,0","19950831","+,,0","5","","19950803",",,0","19950818",",,0","16.1",",0,21,","0",",,0,31,+","0",",,0,31,+","62.2",",,0,03,","35.0",",0,18,","1.4","0","0.0",",0","209.1",",,,0","0",",,,0","26.46",",0","31.80",",,,0","21.12",",,,0"
"USC00238051","1995-09","39.97018","-91.88753","214.9","STEFFENVILLE, MO US","632.7","0","44.1",",0","8",",0","6",",0","1",",0","0",",0","0",",0","0",",0","2",",0","0",",0","23",",0","0",",0","","","19950923","+,,0","19950930","+,,0","19950930","+,,0","1","","19950907",",,0","19950905","+,,0","0.0",",0,23,+","0",",,0,30,+","0",",,0,30,+","45.2",",,0,07,","29.4",",0,05,+","74.7","0","73.3",",0","95.9",",,,0","0",",,,0","17.36",",0","23.09",",,,0","11.63",",,,0"
"USC00238051","1995-10","39.97018","-91.88753","214.9","STEFFENVILLE, MO US","638.5","0","5.8","1,0","6",",0","3",",0","1",",0","0",",0","0",",0","0",",0","0",",0","0","1,0","14","1,0","0","1,0","","","19951022",",,0","19951031","+,,0","19951031","+,,0","1","","19951001",",,0","19951012",",1,0","0.6",",0,22,","0",",,0,31,+","0",",,0,31,+","36.3",",,0,01,","27.8","1,0,12,","213.0","0","138.3","1,0","59.2",",,,0","0",",,,0","13.89","1,0","20.35","1,,,0","7.43",",,,0"
"USC00238051","1995-11","39.97018","-91.88753","214.9","STEFFENVILLE, MO US","638.5","0","0.0",",0","4",",0","3",",0","1",",0","0",",0","0",",0","0",",0","17",",0","1",",0","0",",0","0",",0","","","19951128",",,0","19951111","+,,0","19951105",",,0","","","19951102",",,0","19951126",",,0","-11.7",",0,28,","0",",T,0,11,+","5",",,0,05,","26.9",",,0,02,","20.0",",0,26,","644.9","0","431.9",",0","38.3",",,,0","5",",,,0","3.94",",0","10.04",",,,0","-2.16",",,,0"
"USC00238051","1995-12","39.97018","-91.88753","214.9","STEFFENVILLE, MO US","638.5","0","0.0",",0","3",",0","1",",0","0",",0","5",",0","2",",0","2",",0","26",",0","10",",0","0",",0","0",",0","2","","19951210","+,,0","19951211","+,,0","19951207",",,0","","","19951207",",,0","19951202",",,0","-18.3",",0,10,+","25",",,0,11,+","38",",,0,07,","3.3",",,0,07,","18.9",",0,02,","1237.5","0","592.6",",0","6.3",",,,0","83",",,,0","-0.78",",0","3.51",",,,0","-5.07",",,,0"
"USC00238051","1996-01","39.97018","-91.88753","214.9","STEFFENVILLE, MO US","0.0","0","0.0",",0","7","1,0","3","1,0","0","1,0","11","3,0","5","1,0","6",",0","27",",0","12",",0","0",",0","0",",0","","","19960131",",,0","19960108","+,3,0","19960105",",1,0","1","","19960118",",1,0","19960117",",,0","-24.4",",0,31,","76","3,,0,08,+","51","1,,0,05,","21.6","1,,0,18,","18.9",",0,17,","1923.7","0","686.2",",0","37.1","1,,,0","195","1,,,0","-3.80",",0","1.55",",,,0","-9.15",",,,0"
"USC00238051","1996-02","39.97018","-91.88753","214.9","STEFFENVILLE, MO US","0.0","0","0.0",",0","2",",0","1",",0","0",",0","0",",0","0",",0","4",",0","18",",0","7",",0","2",",0","0",",0","","","19960203",",,0","19960218","+,,0","19960216",",,0","1","","19960227",",,0","19960226",",,0","-28.9",",0,03,","0",",T,0,18,+","15",",,0,16,","5.8",",,0,27,","23.3",",0,26,","2433.1","0","509.4",",0","6.3",",,,0","15",",,,0","0.77",",0","6.67",",,,0","-5.13",",,,0"
"USC00238051","1996-03","39.97018","-91.88753","214.9","STEFFENVILLE, MO US","0.0","0","0.0",",0","6",",0","5",",0","1",",0","0",",0","0",",0","1",",0","22",",0","4",",0","0",",0","0",",0","","","19960308",",,0","19960329","+,,0","19960329","+,,0","2","","19960305",",,0","19960313",",,0","-18.3",",0,08,","0",",T,0,29,+","0",",T,0,29,+","32.5",",,0,05,","20.6",",0,13,","2923.3","0","490.2",",0","85.3",",,,0","0",",T,,0","2.52",",0","8.97",",,,0","-3.93",",,,0"
"USC00238051","1996-04","39.97018","-91.88753","214.9","STEFFENVILLE, MO US","11.9","0","11.9",",0","4",",0","4",",0","0",",0","0",",0","0",",0","0",",0","8",",0","0",",0","11",",0","0",",0","","","19960406",",,0","19960430","+,,0","19960430","+,,0","2","","19960415",",,0","19960419","+,,0","-3.9",",0,06,","0",",,0,30,+","0",",,0,30,+","15.5",",,0,15,","29.4",",0,19,+","3139.1","0","215.8",",0","32.8",",,,0","0",",,,0","11.54",",0","18.61",",,,0","4.46",",,,0"
"USC00238051","1996-05","39.97018","-91.88753","214.9","STEFFENVILLE, MO US","62.0","0","50.1",",0","14",",0","12",",0","1",",0","0",",0","0",",0","0",",0","0",",0","0",",0","14",",0","1",",0","","","19960513","+,,0","19960531","+,,0","19960531","+,,0","12","","19960527",",,0","19960517",",,0","4.4",",0,13,+","0",",,0,31,+","0",",,0,31,+","51.6",",,0,27,","32.2",",0,17,","3221.9","0","82.8",",0","175.8",",,,0","0",",,,0","17.28",",0","22.58",",,,0","11.97",",,,0"
"USC00238051","1996-06","39.97018","-91.88753","214.9","STEFFENVILLE, MO US","198.1","0","136.1",",0","9",",0","9",",0","1",",0","0",",0","0",",0","0",",0","0",",0","0",",0","29",",0","5",",0","","","19960604",",,0","19960630","+,,0","19960630","+,,0","2","","19960624",",,0","19960629","+,,0","10.6",",0,04,","0",",,0,30,+","0",",,0,30,+","35.6",",,0,24,","33.3",",0,29,+","3227.5","0","5.6",",0","101.9",",,,0","0",",,,0","22.69",",0","28.20",",,,0","17.17",",,,0"
"USC00238051","1996-07","39.97018","-91.88753","214.9","STEFFENVILLE, MO US","364.3","0","166.2",",0","7",",0","7",",0","0",",0","0",",0","0",",0","0",",0","0",",0","0",",0","31",",0","7",",0","","","19960710",",,0","19960731","+,,0","19960731","+,,0","5","","19960721",",,0","19960718",",,0","11.1",",0,10,","0",",,0,31,+","0",",,0,31,+","21.8",",,0,21,","36.1",",0,18,","0.0","0","0.0",",0","50.9",",,,0","0",",,,0","23.69",",0","29.58",",,,0","17.80",",,,0"
"USC00238051","1996-08","39.97018","-91.88753","214.9","STEFFENVILLE, MO US","524.1","0","159.8","1,0","7",",0","7",",0","1",",0","0",",0","0",",0","0",",0","0",",0","0","1,0","30","1,0","3","1,0","","","19960831",",,0","19960831","+,,0","19960831","+,,0","7","","19960817",",,0","19960807","+,1,0","12.8",",0,31,","0",",,0,31,+","0",",,0,31,+","36.8",",,0,17,","33.9","1,0,07,+","0.0","0","0.0","1,0","96.0",",,,0","0",",,,0","23.63","1,0","29.44","1,,,0","17.82",",,,0"
"USC00238051","1996-09","39.97018","-91.88753","214.9","STEFFENVILLE, MO US","569.9","0","45.8",",0","6",",0","5",",0","1",",0","0",",0","0",",0","0",",0","0",",0","0",",0","24",",0","0",",0","3","","19960914",",,0","19960930","+,,0","19960930","+,,0","2","","19960924",",,0","19960907","+,,0","3.3",",0,14,","0",",,0,30,+","0",",,0,30,+","39.4",",,0,24,","30.0",",0,07,+","49.4","0","49.4",",0","77.6",",,,0","0",",,,0","18.21",",0","24.65",",,,0","11.78",",,,0"
"USC00238051","1996-10","39.97018","-91.88753","214.9","STEFFENVILLE, MO US","580.7","0","10.8",",0","2",",0","2",",0","0",",0","0",",0","0",",0","0",",0","1",",0","0",",0","16",",0","0",",0","","","19961031",",,0","19961031","+,,0","19961031","+,,0","","","19961023",",,0","19961014",",,0","-1.1",",0,31,","0",",,0,31,+","0",",,0,31,+","13.7",",,0,23,","27.8",",0,14,","196.6","0","147.2",",0","25.9",",,,0","0",",,,0","13.93",",0","20.19",",,,0","7.67",",,,0"
"USC00238051","1996-11","39.97018","-91.88753","214.9","STEFFENVILLE, MO US","580.7","0","0.0","1,0","6",",0","4",",0","0",",0","0",",0","0",",0","0","1,0","19","1,0","5",",0","1",",0","0",",0","2","","19961126",",1,0","19961114","+,,0","19961114","+,,0","1","","19961117",",,0","19961106",",,0","-12.2","1,0,26,","0",",T,0,14,+","0",",T,0,14,+","13.2",",,0,17,","21.1",",0,06,","651.8","0","455.2",",0","34.1",",,,0","0",",T,,0","2.56","1,0","6.76",",,,0","-1.64","1,,,0"
"USC00238051","1996-12","39.97018","-91.88753","214.9","STEFFENVILLE, MO US","580.7","0","0.0",",0","2",",0","1",",0","0",",0","1",",0","1",",0","2",",0","26",",0","7",",0","0",",0","0",",0","7","","19961220","+,,0","19961201",",,0","19961201",",,0","","","19961201",",,0","19961210",",,0","-17.8",",0,20,+","25",",,0,01,","30",",,0,01,","4.6",",,0,01,","16.7",",0,10,","1245.5","0","593.7",",0","5.9",",,,0","30",",,,0","-0.82",",0","3.83",",,,0","-5.47",",,,0"
"USC00238051","1997-01","39.97018","-91.88753","214.9","STEFFENVILLE, MO US","0.0","0","0.0","1,0","8",",0","6",",0","0",",0","19",",0","5",",0","10",",0","25",",0","20","1,0","0","1,0","0","1,0","1","","19970128",",,0","19970130","+,,0","19970109",",,0","","","19970127",",,0","19970104",",1,0","-25.0",",0,28,","152",",,0,30,+","97",",,0,09,","6.4",",,0,27,","18.9","1,0,04,","1957.4","0","711.9","1,0","31.3",",,,0","363",",,,0","-5.28","1,0","0.13","1,,,0","-10.68",",,,0"
"USC00238051","1997-02","39.97018","-91.88753","214.9","STEFFENVILLE, MO US","0.0","0","0.0",",0","4",",0","4",",0","1",",0","1",",0","0",",0","0",",0","23",",0","8",",0","0",",0","0",",0","2","","19970215",",,0","19970201",",,0","19970227",",,0","","","19970221",",,0","19970218",",,0","-10.6",",0,15,","25",",,0,01,","5",",,0,27,","78.2",",,0,21,","18.3",",0,18,","2439.2","0","481.8",",0","116.8",",,,0","5",",,,0","1.13",",0","5.11",",,,0","-2.86",",,,0"
"USC00238051","1997-03","39.97018","-91.88753","214.9","STEFFENVILLE, MO US","0.0","0","0.0",",0","9","1,0","4","1,0","0","1,0","0",",0","0",",0","0",",0","13",",0","0",",0","4",",0","0",",0","","","19970315",",,0","19970331","+,,0","19970331","+,,0","2","","19970325",",1,0","19970321",",,0","-9.4",",0,15,","0",",,0,31,+","0",",,0,31,+","17.5","1,,0,25,","25.0",",0,21,","2766.8","0","327.6",",0","44.4","1,,,0","0",",,,0","7.76",",0","13.99",",,,0","1.54",",,,0"
"USC00238051","1997-04","39.97018","-91.88753","214.9","STEFFENVILLE, MO US","0.0","0","0.0",",0","9",",0","7",",0","2",",0","2",",0","2",",0","0",",0","10",",0","0",",0","6",",0","0",",0","","","19970409",",,0","19970411",",,0","19970411",",,0","1","","19970411",",,0","19970403",",,0","-6.7",",0,09,","51",",,0,11,","76",",,0,11,","31.5",",,0,11,","25.6",",0,03,","3017.8","0","251.0",",0","112.5",",,,0","114",",,,0","9.97",",0","16.04",",,,0","3.90",",,,0"
"USC00238051","1997-05","39.97018","-91.88753","214.9","STEFFENVILLE, MO US","15.8","0","15.8",",0","8",",0","6",",0","1",",0","0",",0","0",",0","0",",0","0",",0","0",",0","17",",0","0",",0","1","","19970516",",,0","19970531","+,,0","19970531","+,,0","3","","19970519",",,0","19970517",",,0","1.7",",0,16,","0",",,0,31,+","0",",,0,31,+","41.4",",,0,19,","30.6",",0,17,","3130.0","0","112.2",",0","91.1",",,,0","0",",,,0","15.23",",0","21.37",",,,0","9.08",",,,0"
"USC00238051","1997-06","39.97018","-91.88753","214.9","STEFFENVILLE, MO US","142.8","0","127.0",",0","7",",0","6",",0","0",",0","0",",0","0",",0","0",",0","0",",0","0",",0","29",",0","5",",0","","","19970605",",,0","19970630","+,,0","19970630","+,,0","6","","19970613",",,0","19970630","+,,0","8.9",",0,05,","0",",,0,30,+","0",",,0,30,+","12.7",",,0,13,","32.8",",0,30,+","3132.4","0","2.4",",0","44.2",",,,0","0",",,,0","22.48",",0","28.08",",,,0","16.88",",,,0"
"USC00238051","1997-07","39.97018","-91.88753","214.9","STEFFENVILLE, MO US","356.1","0","213.3",",0","6",",0","6",",0","1",",0","0",",0","0",",0","0",",0","0",",0","0",",0","30",",0","15",",0","2","","19970705",",,0","19970731","+,,0","19970731","+,,0","7","","19970704",",,0","19970726","+,,0","10.6",",0,05,","0",",,0,31,+","0",",,0,31,+","28.7",",,0,04,","36.7",",0,26,+","2.2","0","2.2",",0","68.0",",,,0","0",",,,0","25.14",",0","31.04",",,,0","19.25",",,,0"
"USC00238051","1997-08","39.97018","-91.88753","214.9","STEFFENVILLE, MO US","516.5","0","160.4",",0","7",",0","4",",0","2",",0","0","1,0","0",",0","0",",0","0",",0","0",",0","31",",0","8",",0","2","","19970806",",,0","19970831","+,1,0","19970831","+,,0","2","","19970817",",,0","19970816",",,0","10.6",",0,06,","0","1,,0,31,+","0",",,0,31,+","34.8",",,0,17,","35.0",",0,16,","2.2","0","0.0",",0","91.2",",,,0","0",",,,0","23.51",",0","29.43",",,,0","17.58",",,,0"
"USC00238051","1997-09","39.97018","-91.88753","214.9","STEFFENVILLE, MO US","613.5","0","97.0",",0","4",",0","3",",0","1",",0","0",",0","0",",0","0",",0","0",",0","0",",0","29",",0","4",",0","1","","19970925",",,0","19970930","+,,0","19970930","+,,0","2","","19970917",",,0","19970916",",,0","6.7",",0,25,","0",",,0,30,+","0",",,0,30,+","30.5",",,0,17,","35.0",",0,16,","19.5","0","17.3",",0","44.4",",,,0","0",",,,0","20.99",",0","27.83",",,,0","14.14",",,,0"
"USC00238051","1997-10","39.97018","-91.88753","214.9","STEFFENVILLE, MO US","663.4","0","49.9",",0","7",",0","6",",0","0",",0","0",",0","0",",0","0",",0","4",",0","0",",0","14",",0","1",",0","","","19971027",",,0","19971027",",,0","19971027",",,0","2","","19971013",",,0","19971003",",,0","-4.4",",0,27,","0",",T,0,27,","20",",,0,27,","19.3",",,0,13,","34.4",",0,03,","197.6","0","178.1",",0","64.8",",,,0","20",",,,0","14.20",",0","20.36",",,,0","8.03",",,,0"
"USC00238051","1997-11","39.97018","-91.88753","214.9","STEFFENVILLE, MO US","663.4","0","0.0","1,0","5",",0","4",",0","0",",0","0",",0","0",",0","0",",0","16",",0","0","1,0","0","1,0","0","1,0","1","","19971116",",,0","19971117","+,,0","19971117","+,,0","1","","19971128",",,0","19971101",",1,0","-8.3",",0,16,","0",",T,0,17,+","0",",T,0,17,+","19.8",",,0,28,","20.0","1,0,01,","607.3","0","409.7","1,0","42.9",",,,0","0",",T,,0","4.27","1,0","8.23","1,,,0","0.31",",,,0"
"USC00238051","1997-12","39.97018","-91.88753","214.9","STEFFENVILLE, MO US","663.4","0","0.0",",0","10",",0","7",",0","0",",0","19",",0","4",",0","0",",0","24",",0","8",",0","0",",0","0",",0","","","19971227",",,0","19971210",",,0","19971225",",,0","","","19971225",",,0","19971219",",,0","-10.6",",0,27,","178",",,0,10,","114",",,0,25,","11.4",",,0,25,","14.4",",0,19,","1172.1","0","564.8",",0","44.6",",,,0","391",",,,0","0.11",",0","3.07",",,,0","-2.85",",,,0"
"USC00238051","1998-01","39.97018","-91.88753","214.9","STEFFENVILLE, MO US","0.0","0","0.0","1,0","10",",0","3",",0","0",",0","3","2,0","2","1,0","0","1,0","23","1,0","10",",0","0",",0","0",",0","7","","19980113",",1,0","19980117","+,2,0","19980108",",1,0","","","19980107",",,0","19980103",",,0","-15.0","1,0,13,","25","2,,0,17,+","38","1,,0,08,","13.0",",,0,07,","18.9",",0,03,","1714.1","0","542.0",",0","29.5",",,,0","84","1,,,0","0.38","1,0","4.56",",,,0","-3.79","1,,,0"
"USC00238051","1998-02","39.97018","-91.88753","214.9","STEFFENVILLE, MO US","0.0","0","0.0",",0","9",",0","5",",0","1",",0","0",",0","0",",0","0",",0","13",",0","0",",0","0",",0","0",",0","3","","19980208",",,0","19980228","+,,0","19980228","+,,0","","","19980227",",,0","19980225",",,0","-6.1",",0,08,","0",",,0,28,+","0",",,0,28,+","27.9",",,0,27,","18.3",",0,25,","2089.2","0","375.1",",0","72.9",",,,0","0",",,,0","4.94",",0","8.79",",,,0","1.09",",,,0"
"USC00238051","1998-03","39.97018","-91.88753","214.9","STEFFENVILLE, MO US","8.4","0","8.4",",0","7",",0","6",",0","1",",0","5",",0","1",",0","1",",0","18",",0","3",",0","7",",0","0",",0","","","19980312",",,0","19980311","+,,0","19980309",",,0","2","","19980331",",,0","19980329",",,0","-19.4",",0,12,","76",",,0,11,+","94",",,0,09,","42.7",",,0,31,","26.7",",0,29,","2522.8","0","433.6",",0","120.2",",,,0","107",",,,0","4.62",",0","9.07",",,,0","0.16",",,,0"
"USC00238051","1998-04","39.97018","-91.88753","214.9","STEFFENVILLE, MO US","11.5","0","3.1",",0","14",",0","12",",0","0",",0","0",",0","0",",0","0",",0","1",",0","0",",0","11",",0","0",",0","","","19980405",",,0","19980430","+,,0","19980430","+,,0","3","","19980414",",,0","19980426","+,,0","-0.6",",0,05,","0",",,0,30,+","0",",,0,30,+","20.1",",,0,14,","26.7",",0,26,+","2709.7","0","186.9",",0","111.3",",,,0","0",",,,0","12.21",",0","17.97",",,,0","6.45",",,,0"
"USC00238051","1998-05","39.97018","-91.88753","214.9","STEFFENVILLE, MO US","87.5","0","76.0","1,0","12",",0","9",",0","2",",0","0",",0","0",",0","0",",0","0",",0","0","1,0","26","1,0","0","1,0","","","19980503",",,0","19980531","+,,0","19980531","+,,0","10","","19980507",",,0","19980528",",1,0","6.1",",0,03,","0",",,0,31,+","0",",,0,31,+","47.5",",,0,07,","31.7","1,0,28,","2731.2","0","21.5","1,0","178.3",",,,0","0",",,,0","20.25","1,0","25.21","1,,,0","15.29",",,,0"
"USC00238051","1998-06","39.97018","-91.88753","214.9","STEFFENVILLE, MO US","228.5","0","141.0",",0","14",",0","14",",0","3",",0","0",",0","0",",0","0",",0","0",",0","0",",0","28",",0","6",",0","","","19980606",",,0","19980630","+,,0","19980630","+,,0","10","","19980629",",,0","19980626",",,0","8.3",",0,06,","0",",,0,30,+","0",",,0,30,+","49.8",",,0,29,","33.9",",0,26,","2745.7","0","14.5",",0","192.7",",,,0","0",",,,0","22.55",",0","27.70",",,,0","17.40",",,,0"
"USC00238051","1998-07","39.97018","-91.88753","214.9","STEFFENVILLE, MO US","438.9","0","210.4",",0","8",",0","7",",0","0",",0","0",",0","0",",0","0",",0","0",",0","0",",0","31",",0","7",",0","","","19980727",",,0","19980731","+,,0","19980731","+,,0","5","","19980704",",,0","19980721","+,,0","15.0",",0,27,","0",",,0,31,+","0",",,0,31,+","23.9",",,0,04,","35.6",",0,21,+","0.0","0","0.0",",0","74.5",",,,0","0",",,,0","25.12",",0","30.10",",,,0","20.14",",,,0"
"USC00238051","1998-08","39.97018","-91.88753","214.9","STEFFENVILLE, MO US","654.4","0","215.5",",0","8",",0","2",",0","0",",0","0","1,0","0",",0","0",",0","0",",0","0",",0","31",",0","12",",0","3","","19980826",",,0","19980831","+,1,0","19980831","+,,0","4","","19980808",",,0","19980824",",,0","15.6",",0,26,","0","1,,0,31,+","0",",,0,31,+","5.8",",,0,08,","36.7",",0,24,","0.0","0","0.0",",0","18.2",",,,0","0",",,,0","25.28",",0","31.10",",,,0","19.47",",,,0"
"USC00238051","1998-09","39.97018","-91.88753","214.9","STEFFENVILLE, MO US","798.4","0","144.0",",0","7",",0","5",",0","1",",0","0",",0","0",",0","0",",0","0",",0","0",",0","30",",0","7",",0","","","19980923","+,,0","19980930","+,,0","19980930","+,,0","6","","19980914",",,0","19980905",",,0","8.3",",0,23,+","0",",,0,30,+","0",",,0,30,+","78.5",",,0,14,","35.0",",0,05,","5.3","0","5.3",",0","133.7",",,,0","0",",,,0","22.96",",0","28.97",",,,0","16.94",",,,0"
"USC00238051","1998-10","39.97018","-91.88753","214.9","STEFFENVILLE, MO US","807.8","0","9.4",",0","9",",0","5",",0","2",",0","","","0",",0","0",",0","0",",0","0",",0","12",",0","0",",0","","","19981022",",,0","","","19981031","+,,0","3","","19981005",",,0","19981016",",,0","1.1",",0,22,","","","0",",,0,31,+","91.2",",,0,05,","26.7",",0,16,","133.8","0","128.5",",0","191.3",",,,0","0",",,,0","14.49",",0","19.88",",,,0","9.11",",,,0"
"USC00238051","1998-11","39.97018","-91.88753","214.9","STEFFENVILLE, MO US","807.8","0","0.0",",0","7",",0","7",",0","2",",0","0",",0","1",",0","0",",0","9",",0","0",",0","2",",0","0",",0","","","19981121","+,,0","19981108","+,,0","19981108",",,0","2","","19981102",",,0","19981129",",,0","-3.3",",0,21,+","0",",T,0,08,+","64",",,0,08,","36.1",",,0,02,","22.2",",0,29,","428.7","0","294.9",",0","137.9",",,,0","64",",,,0","8.50",",0","13.25",",,,0","3.76",",,,0"
"USC00238051","1998-12","39.97018","-91.88753","214.9","STEFFENVILLE, MO US","807.8","0","0.0",",0","9",",0","4",",0","1",",0","1",",0","1","1,0","1",",0","23",",0","7",",0","0",",0","0",",0","","","19981231",",,0","19981231",",,0","19981231",",1,0","1","","19981207",",,0","19981204",",,0","-20.6",",0,31,","76",",,0,31,","76","1,,0,31,","46.5",",,0,07,","20.6",",0,04,","948.0","0","519.3",",0","73.6",",,,0","76","1,,,0","1.58",",0","6.57",",,,0","-3.40",",,,0"
"USC00238051","1999-01","39.97018","-91.88753","214.9","STEFFENVILLE, MO US","0.0","0","0.0",",0","12",",0","6",",0","2",",0","23","3,0","4",",0","4",",0","26",",0","12",",0","0",",0","0",",0","4","","19990105",",,0","19990103","+,3,0","19990102",",,0","1","","19990122",",,0","19990127",",,0","-27.2",",0,05,","279","3,,0,03,+","216",",,0,02,","47.0",",,0,22,","12.2",",0,27,","1624.0","0","676.0",",0","103.0",",,,0","404",",,,0","-3.47",",0","0.38",",,,0","-7.32",",,,0"
"USC00238051","1999-02","39.97018","-91.88753","214.9","STEFFENVILLE, MO US","0.0","0","0.0",",0","6",",0","3",",0","0",",0","2","3,0","2",",0","0",",0","16",",0","0",",0","0",",0","0",",0","1","","19990213",",,0","19990224","+,3,0","19990223",",,0","1","","19990212",",,0","19990211","+,,0","-8.3",",0,13,","76","3,,0,24,+","89",",,0,23,","6.4",",,0,12,","20.6",",0,11,+","2018.1","0","394.1",",0","21.1",",,,0","127",",,,0","4.26",",0","9.23",",,,0","-0.71",",,,0"
"USC00238051","1999-03","39.97018","-91.88753","214.9","STEFFENVILLE, MO US","0.0","0","0.0",",0","3",",0","3",",0","0",",0","3",",0","1",",0","0",",0","21",",0","0",",0","3",",0","0",",0","","","19990307",",,0","19990309",",,0","19990309",",,0","1","","19990309",",,0","19990316",",,0","-8.9",",0,07,","76",",,0,09,","127",",,0,09,","25.1",",,0,09,","22.8",",0,16,","2428.3","0","410.2",",0","51.3",",,,0","127",",,,0","5.10",",0","10.81",",,,0","-0.61",",,,0"
"USC00238051","1999-04","39.97018","-91.88753","214.9","STEFFENVILLE, MO US","8.7","0","8.7","2,0","14",",0","10",",0","3",",0","0",",0","0",",0","0",",0","0",",0","0","2,0","11","2,0","0","2,0","","","19990416",",,0","19990430","+,,0","19990430","+,,0","6","","19990416",",,0","19990407",",2,0","0.6",",0,16,","0",",,0,30,+","0",",,0,30,+","32.8",",,0,16,","27.2","2,0,07,","2564.2","0","135.9","2,0","158.3",",,,0","0",",,,0","13.81","2,0","19.68","2,,,0","7.95",",,,0"
"USC00238051","1999-05","39.97018","-91.88753","214.9","STEFFENVILLE, MO US","44.3","0","35.6",",0","8",",0","7",",0","2",",0","0",",0","0",",0","0",",0","0",",0","0",",0","26",",0","0",",0","","","19990501",",,0","19990531","+,,0","19990531","+,,0","2","","19990505",",,0","19990516",",,0","5.6",",0,01,","0",",,0,31,+","0",",,0,31,+","34.3",",,0,05,","28.9",",0,16,","2607.3","0","43.1",",0","105.9",",,,0","0",",,,0","18.09",",0","23.71",",,,0","12.48",",,,0"
"USC00238051","1999-06","39.97018","-91.88753","214.9","STEFFENVILLE, MO US","175.9","0","131.6","1,0","9",",0","7",",0","1",",0","0",",0","0",",0","0",",0","0",",0","0","1,0","28","1,0","6","1,0","","","19990617",",,0","19990630","+,,0","19990630","+,,0","6","","19990602",",,0","19990607",",1,0","8.9",",0,17,","0",",,0,30,+","0",",,0,30,+","29.2",",,0,02,","33.3","1,0,07,","2616.7","0","9.4","1,0","87.5",",,,0","0",",,,0","22.62","1,0","28.03","1,,,0","17.22",",,,0"
"USC00238051","1999-07","39.97018","-91.88753","214.9","STEFFENVILLE, MO US","452.4","0","276.5",",0","5",",0","4",",0","1",",0","0",",0","0",",0","0",",0","0",",0","0",",0","31",",0","21",",0","","","19990713","+,,0","19990731","+,,0","19990731","+,,0","3","","19990701",",,0","19990729",",,0","12.8",",0,13,+","0",",,0,31,+","0",",,0,31,+","28.2",",,0,01,","40.0",",0,29,","0.0","0","0.0",",0","38.3",",,,0","0",",,,0","27.25",",0","33.34",",,,0","21.17",",,,0"
"USC00238051","1999-08","39.97018","-91.88753","214.9","STEFFENVILLE, MO US","624.1","0","171.7","1,0","3",",0","3",",0","1",",0","0",",0","0",",0","0",",0","0",",0","0","1,0","30","1,0","10","1,0","1","","19990815",",,0","19990831","+,,0","19990831","+,,0","2","","19990808",",,0","19990812",",1,0","11.7",",0,15,","0",",,0,31,+","0",",,0,31,+","29.7",",,0,08,","36.7","1,0,12,","0.0","0","0.0","1,0","55.8",",,,0","0",",,,0","24.09","1,0","31.13","1,,,0","17.05",",,,0"
"USC00238051","1999-09","39.97018","-91.88753","214.9","STEFFENVILLE, MO US","704.9","0","80.8",",0","5",",0","4",",0","1",",0","0",",0","0",",0","0",",0","0",",0","0",",0","26",",0","6",",0","","","19990921",",,0","19990930","+,,0","19990930","+,,0","1","","19990928",",,0","19990904",",,0","2.8",",0,21,","0",",,0,30,+","0",",,0,30,+","95.3",",,0,28,","36.1",",0,04,","43.0","0","43.0",",0","154.5",",,,0","0",",,,0","19.59",",0","27.28",",,,0","11.91",",,,0"
"USC00238051","1999-10","39.97018","-91.88753","214.9","STEFFENVILLE, MO US","718.9","0","14.0",",0","2",",0","2",",0","0",",0","0",",0","0",",0","0",",0","4",",0","0",",0","22",",0","0",",0","","","19991024",",,0","19991031","+,,0","19991031","+,,0","","","19991004",",,0","19991015",",,0","-3.3",",0,24,","0",",,0,31,+","0",",,0,31,+","13.7",",,0,04,","30.0",",0,15,","179.9","0","136.9",",0","17.8",",,,0","0",",,,0","14.37",",0","21.75",",,,0","6.99",",,,0"
"USC00238051","1999-11","39.97018","-91.88753","214.9","STEFFENVILLE, MO US","719.2","0","0.3",",0","1",",0","1",",0","0",",0","0",",0","0",",0","0",",0","10",",0","0",",0","10",",0","0",",0","","","19991130",",,0","19991130","+,,0","19991130","+,,0","1","","19991123",",,0","19991108",",,0","-6.1",",0,30,","0",",,0,30,+","0",",,0,30,+","5.3",",,0,23,","25.6",",0,08,","413.4","0","233.5",",0","5.3",",,,0","0",",,,0","10.56",",0","17.20",",,,0","3.92",",,,0"
"USC00238051","1999-12","39.97018","-91.88753","214.9","STEFFENVILLE, MO US","719.2","0","0.0",",0","8",",0","4",",0","1",",0","1",",0","1",",0","1",",0","26",",0","5",",0","0",",0","0",",0","2","","19991221",",,0","19991215",",,0","19991215",",,0","","","19991205",",,0","19991202",",,0","-17.8",",0,21,","25",",,0,15,","38",",,0,15,","30.5",",,0,05,","17.2",",0,02,","945.9","0","532.5",",0","77.5",",,,0","51",",,,0","1.16",",0","5.95",",,,0","-3.64",",,,0"
"USC00238051","2000-01","39.97018","-91.88753","214.9","STEFFENVILLE, MO US","0.0","0","0.0",",0","5",",0","2",",0","0",",0","5",",0","3",",0","0",",0","24",",0","6",",0","0",",0","0",",0","","","20000127",",,0","20000131","+,,0","20000130",",,0","","","20000130",",,0","20000102",",,0","-16.7",",0,27,","102",",,0,31,+","86",",,0,30,","7.9",",,0,30,","15.6",",0,02,","1534.7","0","588.8",",0","18.5",",,,0","139",",,,0","-0.66",",0","4.73",",,,0","-6.05",",,,0"
"USC00238051","2000-02","39.97018","-91.88753","214.9","STEFFENVILLE, MO US","0.0","0","0.0",",0","6",",0","3",",0","1",",0","3",",0","0",",0","0",",0","20",",0","1",",0","2",",0","0",",0","","","20000201",",,0","20000201",",,0","20000219","+,,0","","","20000218",",,0","20000225","+,,0","-12.8",",0,01,","76",",,0,01,","0",",T,0,19,+","32.3",",,0,18,","21.7",",0,25,+","1933.8","0","399.1",",0","55.4",",,,0","0",",T,,0","4.57",",0","9.79",",,,0","-0.64",",,,0"
"USC00238051","2000-03","39.97018","-91.88753","214.9","STEFFENVILLE, MO US","3.6","0","3.6",",0","6",",0","4",",0","0",",0","0",",0","0",",0","0",",0","11",",0","0",",0","7",",0","0",",0","","","20000317",",,0","20000318",",,0","20000318",",,0","1","","20000316",",,0","20000307",",,0","-4.4",",0,17,","0",",T,0,18,","0",",T,0,18,","17.8",",,0,16,","26.7",",0,07,","2225.5","0","291.7",",0","40.4",",,,0","0",",T,,0","9.04",",0","15.41",",,,0","2.67",",,,0"
"USC00238051","2000-04","39.97018","-91.88753","214.9","STEFFENVILLE, MO US","5.0","0","1.4",",0","8",",0","7",",0","0",",0","0",",0","0",",0","0",",0","4",",0","0",",0","14",",0","0",",0","","","20000408",",,0","20000408",",,0","20000408",",,0","3","","20000427",",,0","20000419",",,0","-1.7",",0,08,","0",",T,0,08,","0",",T,0,08,","7.4",",,0,27,","26.7",",0,19,","2381.6","0","156.1",",0","38.1",",,,0","0",",T,,0","13.18",",0","20.54",",,,0","5.81",",,,0"
"USC00238051","2000-05","39.97018","-91.88753","214.9","STEFFENVILLE, MO US","92.9","0","87.9",",0","5",",0","5",",0","1",",0","0",",0","0",",0","0",",0","0",",0","0",",0","28",",0","1",",0","","","20000514",",,0","20000531","+,,0","20000531","+,,0","3","","20000527",",,0","20000531",",,0","3.3",",0,14,","0",",,0,31,+","0",",,0,31,+","35.6",",,0,27,","32.8",",0,31,","2410.0","0","28.4",",0","65.9",",,,0","0",",,,0","20.25",",0","26.51",",,,0","13.99",",,,0"
"USC00238051","2000-06","39.97018","-91.88753","214.9","STEFFENVILLE, MO US","211.8","0","118.9",",0","14",",0","12",",0","3",",0","0",",0","0",",0","0",",0","0",",0","0",",0","29",",0","1",",0","1","","20000606",",,0","20000630","+,,0","20000630","+,,0","7","","20000626",",,0","20000601",",,0","8.3",",0,06,","0",",,0,30,+","0",",,0,30,+","48.8",",,0,26,","32.2",",0,01,","2417.2","0","7.2",",0","213.8",",,,0","0",",,,0","22.06",",0","27.56",",,,0","16.56",",,,0"
"USC00238051","2000-07","39.97018","-91.88753","214.9","STEFFENVILLE, MO US","388.7","0","176.9",",0","8",",0","5",",0","0",",0","0",",0","0",",0","0",",0","0",",0","0",",0","31",",0","8",",0","2","","20000722","+,,0","20000731","+,,0","20000731","+,,0","3","","20000703",",,0","20000710",",,0","12.8",",0,22,+","0",",,0,31,+","0",",,0,31,+","18.3",",,0,03,","33.9",",0,10,","0.0","0","0.0",",0","58.2",",,,0","0",",,,0","24.04",",0","29.33",",,,0","18.75",",,,0"
"USC00238051","2000-08","39.97018","-91.88753","214.9","STEFFENVILLE, MO US","617.3","0","228.6","1,0","11",",0","8",",0","1",",0","0",",0","0",",0","0",",0","0",",0","0","1,0","30","1,0","14","1,0","2","","20000820","+,,0","20000831","+,,0","20000831","+,,0","7","","20000808",",,0","20000831",",1,0","15.0",",0,20,+","0",",,0,31,+","0",",,0,31,+","25.4",",,0,08,","37.2","1,0,31,","0.0","0","0.0","1,0","103.5",",,,0","0",",,,0","25.94","1,0","31.35","1,,,0","20.54",",,,0"
"USC00238051","2000-09","39.97018","-91.88753","214.9","STEFFENVILLE, MO US","732.2","0","114.9",",0","6",",0","4",",0","0",",0","0",",0","0",",0","0",",0","0",",0","0",",0","27",",0","8",",0","","","20000926","+,,0","20000930","+,,0","20000930","+,,0","4","","20000925",",,0","20000902","+,,0","4.4",",0,26,+","0",",,0,30,+","0",",,0,30,+","20.6",",,0,25,","36.7",",0,02,+","34.6","0","34.6",",0","79.9",",,,0","0",",,,0","21.01",",0","28.22",",,,0","13.80",",,,0"
"USC00238051","2000-10","39.97018","-91.88753","214.9","STEFFENVILLE, MO US","752.5","0","20.3",",0","6",",0","5",",0","0",",0","0",",0","0",",0","0",",0","5",",0","0",",0","20",",0","0",",0","8","","20001007",",,0","20001031","+,,0","20001031","+,,0","3","","20001006",",,0","20001001",",,0","-3.3",",0,07,","0",",,0,31,+","0",",,0,31,+","23.1",",,0,06,","28.9",",0,01,","141.0","0","106.4",",0","57.3",",,,0","0",",,,0","15.55",",0","21.64",",,,0","9.46",",,,0"
"USC00238051","2000-11","39.97018","-91.88753","214.9","STEFFENVILLE, MO US","755.8","0","3.3",",0","7",",0","6",",0","0",",0","0",",0","0",",0","0",",0","22",",0","1",",0","2",",0","0",",0","","","20001121",",,0","20001130","+,,0","20001130","+,,0","1","","20001107",",,0","20001101",",,0","-13.3",",0,21,","0",",,0,30,+","0",",,0,30,+","24.6",",,0,07,","27.2",",0,01,","585.3","0","444.3",",0","76.4",",,,0","0",",,,0","3.64",",0","8.59",",,,0","-1.32",",,,0"
"USC00238051","2000-12","39.97018","-91.88753","214.9","STEFFENVILLE, MO US","755.8","0","0.0",",0","12",",0","4",",0","0",",0","21","2,0","6",",0","6",",0","31",",0","21",",0","0",",0","0",",0","","","20001225",",,0","20001229","+,2,0","20001214",",,0","","","20001216",",,0","20001207",",,0","-22.2",",0,25,","127","2,,0,29,+","89",",,0,14,","6.6",",,0,16,","12.8",",0,07,","1404.7","0","819.4",",0","27.4",",,,0","338",",,,0","-8.10",",0","-3.57",",,,0","-12.63",",,,0"
"USC00238051","2001-01","39.97018","-91.88753","214.9","STEFFENVILLE, MO US","0.0","0","0.0",",0","6",",0","5",",0","1",",0","13","3,0","2",",0","2",",0","28",",0","9",",0","0",",0","0",",0","2","","20010102",",,0","20010105","+,3,0","20010129",",,0","1","","20010129",",,0","20010110",",,0","-23.9",",0,02,","102","3,,0,05,+","38",",,0,29,","47.8",",,0,29,","6.7",",0,10,","2051.6","0","646.9",",0","77.5",",,,0","89",",,,0","-2.54",",0","1.59",",,,0","-6.66",",,,0"
"USC00238051","2001-02","39.97018","-91.88753","214.9","STEFFENVILLE, MO US","0.0","0","0.0","3,0","8",",0","5",",0","2",",0","1",",0","1",",0","1","1,0","23","1,0","7","2,0","0","2,0","0","2,0","2","","20010202",",1,0","20010228",",,0","20010228",",,0","1","","20010209",",,0","20010208",",2,0","-20.0","1,0,02,","51",",,0,28,","46",",,0,28,","33.0",",,0,09,","18.9","2,0,08,","2541.6","0","490.0","2,0","96.9",",,,0","64",",,,0","-1.02","3,0","4.43","2,,,0","-6.46","1,,,0"
"USC00238051","2001-03","39.97018","-91.88753","214.9","STEFFENVILLE, MO US","0.0","0","0.0","1,0","6",",0","4",",0","1",",0","0","3,0","1",",0","0",",0","24",",0","0","1,0","0","1,0","0","1,0","1","","20010326",",,0","20010317",",3,0","20010317",",,0","","","20010316",",,0","20010310",",1,0","-9.4",",0,26,","0","3,T,0,17,","51",",,0,17,","34.5",",,0,16,","17.2","1,0,10,","2980.2","0","438.6","1,0","54.9",",,,0","51",",,,0","3.76","1,0","9.71","1,,,0","-2.20",",,,0"
"USC00238051","2001-04","39.97018","-91.88753","214.9","STEFFENVILLE, MO US","30.8","0","30.8",",0","6",",0","6",",0","0",",0","0",",0","0",",0","0",",0","3",",0","0",",0","18",",0","0",",0","","","20010418","+,,0","20010430","+,,0","20010430","+,,0","5","","20010421",",,0","20010409",",,0","-1.7",",0,18,+","0",",,0,30,+","0",",,0,30,+","20.6",",,0,21,","30.6",",0,09,","3082.6","0","102.4",",0","49.6",",,,0","0",",,,0","15.95",",0","22.52",",,,0","9.38",",,,0"
"USC00238051","2001-05","39.97018","-91.88753","214.9","STEFFENVILLE, MO US","89.1","0","58.3","1,0","13",",0","9",",0","3",",0","0",",0","0","2,0","0",",0","0",",0","0","1,0","23","1,0","0","1,0","","","20010524",",,0","20010531","+,,0","20010531","+,2,0","9","","20010514",",,0","20010516",",1,0","6.1",",0,24,","0",",,0,31,+","0","2,,0,31,+","108.5",",,0,14,","31.1","1,0,16,","3127.0","0","44.4","1,0","267.1",",,,0","0","2,,,0","18.70","1,0","24.02","1,,,0","13.39",",,,0"
"USC00238051","2001-06","39.97018","-91.88753","214.9","STEFFENVILLE, MO US","208.8","0","119.7",",0","9",",0","7",",0","2",",0","0",",0","0",",0","0",",0","0",",0","0",",0","27",",0","2",",0","4","","20010601",",,0","20010630","+,,0","20010630","+,,0","8","","20010606",",,0","20010630",",,0","8.3",",0,01,","0",",,0,30,+","0",",,0,30,+","46.7",",,0,06,","32.8",",0,30,","3142.9","0","15.9",",0","140.2",",,,0","0",",,,0","21.80",",0","27.15",",,,0","16.44",",,,0"
"USC00238051","2001-07","39.97018","-91.88753","214.9","STEFFENVILLE, MO US","449.9","0","241.1","1,0","7",",0","4",",0","1",",0","0",",0","0",",0","0",",0","0",",0","0","1,0","30","1,0","17","1,0","","","20010706",",,0","20010731","+,,0","20010731","+,,0","5","","20010725",",,0","20010707",",1,0","13.9",",0,06,","0",",,0,31,+","0",",,0,31,+","38.6",",,0,25,","36.7","1,0,07,","0.0","0","0.0","1,0","65.0",",,,0","0",",,,0","26.39","1,0","32.14","1,,,0","20.65",",,,0"
"USC00238051","2001-08","39.97018","-91.88753","214.9","STEFFENVILLE, MO US","645.7","0","195.8",",0","10",",0","8",",0","1",",0","0",",0","0",",0","0",",0","0",",0","0",",0","31",",0","11",",0","","","20010820",",,0","20010831","+,,0","20010831","+,,0","6","","20010803",",,0","20010809",",,0","12.2",",0,20,","0",",,0,31,+","0",",,0,31,+","39.9",",,0,03,","36.1",",0,09,","0.0","0","0.0",",0","100.7",",,,0","0",",,,0","24.65",",0","30.64",",,,0","18.65",",,,0"
"USC00238051","2001-09","39.97018","-91.88753","214.9","STEFFENVILLE, MO US","704.8","0","59.1","1,0","5",",0","5",",0","2",",0","0",",0","0",",0","0",",0","1",",0","0","1,0","26","1,0","2","1,0","1","","20010925",",,0","20010930","+,,0","20010930","+,,0","1","","20010909",",,0","20010903",",1,0","-1.1",",0,25,","0",",,0,30,+","0",",,0,30,+","48.5",",,0,09,","35.6","1,0,03,","41.9","0","41.9","1,0","128.0",",,,0","0",",,,0","18.93","1,0","25.13","1,,,0","12.73",",,,0"
"USC00238051","2001-10","39.97018","-91.88753","214.9","STEFFENVILLE, MO US","713.5","0","8.7",",0","7",",0","6",",0","1",",0","0",",0","0",",0","0",",0","3",",0","0",",0","14",",0","0",",0","","","20011027",",,0","20011031","+,,0","20011031","+,,0","","","20011005",",,0","20011003","+,,0","-4.4",",0,27,","0",",,0,31,+","0",",,0,31,+","44.7",",,0,05,","26.7",",0,03,+","194.6","0","152.7",",0","101.6",",,,0","0",",,,0","13.69",",0","19.72",",,,0","7.65",",,,0"
"USC00238051","2001-11","39.97018","-91.88753","214.9","STEFFENVILLE, MO US","714.1","0","0.6","1,0","6",",0","3",",0","0",",0","0",",0","0",",0","0",",0","4",",0","0","1,0","11","1,0","0","1,0","","","20011120",",,0","20011130","+,,0","20011130","+,,0","","","20011124",",,0","20011116","+,1,0","-3.3",",0,20,","0",",,0,30,+","0",",,0,30,+","20.8",",,0,24,","24.4","1,0,16,+","405.7","0","211.1","1,0","34.3",",,,0","0",",,,0","11.05","1,0","16.92","1,,,0","5.18",",,,0"
"USC00238051","2001-12","39.97018","-91.88753","214.9","STEFFENVILLE, MO US","714.1","0","0.0",",0","6",",0","4",",0","0",",0","0",",0","0",",0","0",",0","19",",0","6",",0","0",",0","0",",0","","","20011230",",,0","20011219",",,0","20011219",",,0","1","","20011213",",,0","20011205",",,0","-13.9",",0,30,","0",",T,0,19,","0",",T,0,19,","11.2",",,0,13,","20.6",",0,05,","878.5","0","472.8",",0","27.1",",,,0","0",",T,,0","3.08",",0","7.83",",,,0","-1.67",",,,0"
"USC00238051","2002-01","39.97018","-91.88753","214.9","STEFFENVILLE, MO US","0.0","0","0.0",",0","4",",0","2",",0","1",",0","1",",0","1",",0","0",",0","22",",0","4",",0","0",",0","0",",0","","","20020101",",,0","20020119",",,0","20020119",",,0","","","20020131",",,0","20020127",",,0","-15.0",",0,01,","25",",,0,19,","30",",,0,19,","42.7",",,0,31,","18.3",",0,27,","1383.1","0","504.6",",0","61.5",",,,0","40",",,,0","2.06",",0","7.22",",,,0","-3.10",",,,0"
"USC00238051","2002-02","39.97018","-91.88753","214.9","STEFFENVILLE, MO US","0.0","0","0.0","2,0","5",",0","3",",0","0",",0","0",",0","0",",0","0",",0","20",",0","3","2,0","1","2,0","0","2,0","","","20020204",",,0","20020226","+,,0","20020225",",,0","","","20020220",",,0","20020224",",2,0","-12.2",",0,04,","0",",T,0,26,+","8",",,0,25,","19.3",",,0,20,","22.2","2,0,24,","1772.0","0","388.9","2,0","33.3",",,,0","8",",,,0","3.21","2,0","8.82","2,,,0","-2.40",",,,0"
"USC00238051","2002-03","39.97018","-91.88753","214.9","STEFFENVILLE, MO US","0.0","0","0.0","2,0","7",",0","5",",0","0",",0","4",",0","2",",0","1",",0","19",",0","1","2,0","1","2,0","0","2,0","1","","20020304",",,0","20020304","+,,0","20020303",",,0","","","20020309",",,0","20020314",",2,0","-19.4",",0,04,","102",",,0,04,+","102",",,0,03,","10.9",",,0,09,","24.4","2,0,14,","2157.5","0","385.5","2,0","36.5",",,,0","135",",,,0","4.85","2,0","11.14","2,,,0","-1.44",",,,0"
"USC00238051","2002-04","39.97018","-91.88753","214.9","STEFFENVILLE, MO US","26.7","0","26.7",",0","9",",0","7",",0","2",",0","0",",0","0",",0","0",",0","5",",0","0",",0","13",",0","0",",0","","","20020404",",,0","20020430","+,,0","20020430","+,,0","3","","20020425",",,0","20020418","+,,0","-7.2",",0,04,","0",",,0,30,+","0",",,0,30,+","61.7",",,0,25,","30.0",",0,18,+","2345.0","0","187.5",",0","169.9",",,,0","0",",,,0","12.97",",0","19.13",",,,0","6.82",",,,0"
"USC00238051","2002-06","39.97018","-91.88753","214.9","STEFFENVILLE, MO US","","","173.7",",0","4",",0","4",",0","1",",0","0",",0","0",",0","0",",0","0",",0","0",",0","30",",0","8",",0","2","","20020606",",,0","20020630","+,,0","20020630","+,,0","4","","20020612",",,0","20020629",",,0","11.7",",0,06,","0",",,0,30,+","0",",,0,30,+","48.5",",,0,12,","33.9",",0,29,","","","0.0",",0","74.9",",,,0","0",",,,0","24.12",",0","29.66",",,,0","18.58",",,,0"
"USC00238051","2002-07","39.97018","-91.88753","214.9","STEFFENVILLE, MO US","","","244.7",",0","7",",0","6",",0","1",",0","0","1,0","0",",0","0",",0","0",",0","0",",0","31",",0","20",",0","2","","20020712",",,0","20020731","+,1,0","20020731","+,,0","9","","20020708",",,0","20020721","+,,0","13.9",",0,12,","0","1,,0,31,+","0",",,0,31,+","27.7",",,0,08,","35.6",",0,21,+","0.0","0","0.0",",0","99.0",",,,0","0",",,,0","26.23",",0","31.99",",,,0","20.47",",,,0"
"USC00238051","2002-08","39.97018","-91.88753","214.9","STEFFENVILLE, MO US","","","189.0","1,0","8",",0","6",",0","2",",0","0",",0","0","1,0","0",",0","0",",0","0","1,0","30","1,0","8","1,0","","","20020814","+,,0","20020831","+,,0","20020831","+,1,0","6","","20020823",",,0","20020803",",1,0","13.3",",0,14,+","0",",,0,31,+","0","1,,0,31,+","54.6",",,0,23,","35.6","1,0,03,","0.0","0","0.0","1,0","124.8",",,,0","0","1,,,0","24.62","1,0","30.52","1,,,0","18.71",",,,0"
"USC00238051","2002-09","39.97018","-91.88753","214.9","STEFFENVILLE, MO US","","","107.9","2,0","4",",0","3",",0","1",",0","0",",0","0","1,0","0",",0","0",",0","0","2,0","28","2,0","7","2,0","1","","20020924","+,,0","20020930","+,,0","20020930","+,1,0","","","20020920",",,0","20020907",",2,0","5.0",",0,24,+","0",",,0,30,+","0","1,,0,30,+","36.1",",,0,20,","34.4","2,0,07,","9.1","0","9.1","2,0","45.3",",,,0","0","1,,,0","21.63","2,0","29.13","2,,,0","14.13",",,,0"
"USC00238051","2002-10","39.97018","-91.88753","214.9","STEFFENVILLE, MO US","","","17.2",",0","11",",0","8",",0","0",",0","0",",0","0",",0","0",",0","4",",0","0",",0","12",",0","1",",0","","","20021020",",,0","20021031","+,,0","20021031","+,,0","","","20021004",",,0","20021001",",,0","-2.2",",0,20,","0",",,0,31,+","0",",,0,31,+","13.7",",,0,04,","32.2",",0,01,","248.4","0","239.3",",0","62.9",",,,0","0",",,,0","11.17",",0","16.80",",,,0","5.54",",,,0"
"USC00238051","2002-11","39.97018","-91.88753","214.9","STEFFENVILLE, MO US","","","0.0",",0","2",",0","1",",0","0",",0","0",",0","0",",0","0",",0","17",",0","0",",0","1",",0","0",",0","","","20021127",",,0","20021130","+,,0","20021130","+,,0","","","20021105",",,0","20021110",",,0","-10.6",",0,27,","0",",,0,30,+","0",",,0,30,+","2.5",",,0,05,","21.1",",0,10,","619.2","0","370.8",",0","3.5",",,,0","0",",,,0","5.97",",0","11.86",",,,0","0.09",",,,0"
"USC00238051","2002-12","39.97018","-91.88753","214.9","STEFFENVILLE, MO US","","","0.0",",0","3",",0","2",",0","0",",0","0",",0","0",",0","0",",0","22",",0","4",",0","0",",0","0",",0","2","","20021226","+,,0","20021225",",,0","20021225",",,0","","","20021219",",,0","20021230",",,0","-11.1",",0,26,+","0",",T,0,25,","13",",,0,25,","10.2",",,0,19,","17.8",",0,30,","1117.7","0","498.5",",0","16.3",",,,0","13",",,,0","2.25",",0","7.41",",,,0","-2.90",",,,0"
"USC00238051","2003-01","39.97018","-91.88753","214.9","STEFFENVILLE, MO US","0.0","0","0.0",",0","5",",0","2",",0","0",",0","9",",0","4",",0","4",",0","30",",0","12",",0","0",",0","0",",0","","","20030123",",,0","20030118","+,,0","20030116",",,0","","","20030116",",,0","20030108",",,0","-21.7",",0,23,","102",",,0,18,+","94",",,0,16,","6.1",",,0,16,","17.8",",0,08,","1801.7","0","684.0",",0","12.8",",,,0","193",",,,0","-3.73",",0","1.26",",,,0","-8.72",",,,0"
"USC00238051","2003-02","39.97018","-91.88753","214.9","STEFFENVILLE, MO US","0.0","0","0.0",",0","6",",0","3",",0","0",",0","8","5,0","4",",0","2",",0","26",",0","8",",0","0",",0","0",",0","2","","20030225",",,0","20030217","+,5,0","20030211",",,0","","","20030215",",,0","20030202",",,0","-18.9",",0,25,","102","5,,0,17,+","81",",,0,11,","25.1",",,0,15,","12.2",",0,02,","2378.0","0","576.3",",0","40.2",",,,0","222",",,,0","-2.25",",0","3.09",",,,0","-7.58",",,,0"
"USC00238051","2003-03","39.97018","-91.88753","214.9","STEFFENVILLE, MO US","0.0","0","0.0","1,0","8",",0","6",",0","0",",0","2","2,0","1",",0","0",",0","14",",0","3","1,0","5","1,0","0","1,0","5","","20030309",",,0","20030306","+,2,0","20030305",",,0","2","","20030319",",,0","20030324",",1,0","-14.4",",0,09,","25","2,,0,06,+","30",",,0,05,","14.7",",,0,19,","25.0","1,0,24,","2740.2","0","362.2","1,0","58.5",",,,0","38",",,,0","6.44","1,0","12.99","1,,,0","-0.10",",,,0"
"USC00238051","2003-04","39.97018","-91.88753","214.9","STEFFENVILLE, MO US","13.4","0","13.4",",0","13",",0","8",",0","1",",0","0",",0","0",",0","0",",0","4",",0","0",",0","15",",0","0",",0","","","20030410","+,,0","20030409","+,,0","20030409","+,,0","6","","20030417",",,0","20030415","+,,0","-2.2",",0,10,+","0",",T,0,09,+","0",",T,0,09,+","26.9",",,0,17,","28.9",",0,15,+","2912.1","0","171.9",",0","120.4",",,,0","0",",T,,0","13.05",",0","19.37",",,,0","6.72",",,,0"
"USC00238051","2003-05","39.97018","-91.88753","214.9","STEFFENVILLE, MO US","35.4","0","22.0","1,0","12",",0","11",",0","0",",0","0","1,0","0",",0","0","1,0","0","1,0","0",",0","23",",0","0",",0","1","","20030521",",1,0","20030531","+,1,0","20030511",",,0","5","","20030505",",,0","20030530",",,0","5.6","1,0,21,","0","1,,0,31,+","0",",T,0,11,","16.5",",,0,05,","29.4",",0,30,","2962.4","0","50.3",",0","89.6",",,,0","0",",T,,0","17.46","1,0","23.80",",,,0","11.12","1,,,0"
"USC00238051","2003-06","39.97018","-91.88753","214.9","STEFFENVILLE, MO US","135.9","0","100.5",",0","7",",0","5",",0","0",",0","0",",0","0",",0","0",",0","0",",0","0",",0","28",",0","2",",0","","","20030620","+,,0","20030630","+,,0","20030630","+,,0","4","","20030626",",,0","20030625","+,,0","10.0",",0,20,+","0",",,0,30,+","0",",,0,30,+","24.6",",,0,26,","33.3",",0,25,+","2976.2","0","13.8",",0","76.3",",,,0","0",",,,0","21.22",",0","26.96",",,,0","15.48",",,,0"
"USC00238051","2003-07","39.97018","-91.88753","214.9","STEFFENVILLE, MO US","344.1","0","208.2",",0","8",",0","5",",0","2",",0","0",",0","0",",0","0",",0","0",",0","0",",0","31",",0","12",",0","","","20030724",",,0","20030731","+,,0","20030731","+,,0","10","","20030728",",,0","20030704",",,0","11.7",",0,24,","0",",,0,31,+","0",",,0,31,+","80.3",",,0,28,","35.6",",0,04,","0.0","0","0.0",",0","154.2",",,,0","0",",,,0","25.05",",0","31.11",",,,0","18.99",",,,0"
"USC00238051","2003-08","39.97018","-91.88753","214.9","STEFFENVILLE, MO US","563.1","0","219.0",",0","5",",0","3",",0","0",",0","0",",0","0",",0","0",",0","0",",0","0",",0","31",",0","14",",0","1","","20030810",",,0","20030831","+,,0","20030831","+,,0","5","","20030829",",,0","20030826","+,,0","14.4",",0,10,","0",",,0,31,+","0",",,0,31,+","19.8",",,0,29,","38.9",",0,26,+","0.0","0","0.0",",0","40.1",",,,0","0",",,,0","25.40",",0","31.35",",,,0","19.45",",,,0"
"USC00238051","2003-09","39.97018","-91.88753","214.9","STEFFENVILLE, MO US","604.4","0","41.3",",0","8",",0","7",",0","2",",0","0",",0","0",",0","0",",0","0",",0","0",",0","26",",0","0",",0","1","","20030929",",,0","20030930","+,,0","20030930","+,,0","2","","20030901",",,0","20030911","+,,0","2.2",",0,29,","0",",,0,30,+","0",",,0,30,+","81.8",",,0,01,","29.4",",0,11,+","45.2","0","45.2",",0","194.5",",,,0","0",",,,0","18.20",",0","24.63",",,,0","11.77",",,,0"
"USC00238051","2003-10","39.97018","-91.88753","214.9","STEFFENVILLE, MO US","615.3","0","10.9",",0","6",",0","4",",0","1",",0","0",",0","0",",0","0",",0","2",",0","0",",0","20",",0","0",",0","1","","20031002",",,0","20031031","+,,0","20031031","+,,0","2","","20031014",",,0","20031020","+,,0","-1.7",",0,02,","0",",,0,31,+","0",",,0,31,+","28.7",",,0,14,","28.9",",0,20,+","177.7","0","132.5",",0","52.6",",,,0","0",",,,0","14.41",",0","21.32",",,,0","7.49",",,,0"
"USC00238051","2003-11","39.97018","-91.88753","214.9","STEFFENVILLE, MO US","615.3","0","0.0","1,0","9",",0","6",",0","1",",0","0",",0","0",",0","0","1,0","14","1,0","0",",0","3",",0","0",",0","3","","20031128",",1,0","20031130","+,,0","20031130","+,,0","3","","20031118",",,0","20031103",",,0","-8.3","1,0,28,","0",",,0,30,+","0",",,0,30,+","56.1",",,0,18,","22.8",",0,03,","532.5","0","354.8",",0","114.9",",,,0","0",",,,0","6.29","1,0","11.57",",,,0","1.01","1,,,0"
"USC00238051","2003-12","39.97018","-91.88753","214.9","STEFFENVILLE, MO US","615.3","0","0.0","2,0","6",",0","5",",0","1",",0","","","2",",0","0",",0","20",",0","4","2,0","0","2,0","0","2,0","","","20031212",",,0","","","20031214",",,0","1","","20031210",",,0","20031227",",2,0","-13.9",",0,12,","","","102",",,0,14,","80.8",",,0,10,","16.1","2,0,27,","1016.8","0","484.3","2,0","112.4",",,,0","148",",,,0","1.81","2,0","5.67","2,,,0","-2.05",",,,0"
"USC00238051","2004-01","39.97018","-91.88753","214.9","STEFFENVILLE, MO US","0.0","0","0.0","1,0","4",",0","4",",0","0",",0","2","3,0","1","2,0","3",",0","28",",0","13","1,0","0","1,0","0","1,0","1","","20040130",",,0","20040131","+,3,0","20040130",",2,0","","","20040126",",,0","20040102",",1,0","-22.2",",0,30,","76","3,,0,31,+","81","2,,0,30,","7.6",",,0,26,","19.4","1,0,02,","1656.6","0","639.8","1,0","17.8",",,,0","81","2,,,0","-3.01","1,0","1.83","1,,,0","-7.86",",,,0"
"USC00238051","2004-02","39.97018","-91.88753","214.9","STEFFENVILLE, MO US","0.0","0","0.0",",0","3",",0","2",",0","0",",0","18",",0","2",",0","1",",0","22",",0","6",",0","0",",0","0",",0","","","20040208",",,0","20040207","+,,0","20040203",",,0","","","20040203",",,0","20040229","+,,0","-18.9",",0,08,","152",",,0,07,+","71",",,0,03,","20.3",",,0,03,","17.2",",0,29,+","2197.2","0","540.6",",0","27.7",",,,0","140",",,,0","-0.31",",0","4.70",",,,0","-5.32",",,,0"
"USC00238051","2004-03","39.97018","-91.88753","214.9","STEFFENVILLE, MO US","1.1","0","1.1","1,0","9",",0","6",",0","1",",0","1","2,0","1",",0","0","1,0","9","1,0","0",",0","3",",0","0",",0","1","","20040312",",1,0","20040316",",2,0","20040316",",,0","2","","20040305",",,0","20040328",",,0","-6.7","1,0,12,","25","2,,0,16,","36",",,0,16,","35.1",",,0,05,","23.3",",0,28,","2500.1","0","302.9",",0","69.1",",,,0","36",",,,0","8.35","1,0","13.62",",,,0","3.08","1,,,0"
"USC00238051","2004-04","39.97018","-91.88753","214.9","STEFFENVILLE, MO US","22.2","0","21.1",",0","6",",0","3",",0","1",",0","0",",0","0",",0","0",",0","3",",0","0",",0","12",",0","0",",0","","","20040413",",,0","20040430","+,,0","20040430","+,,0","3","","20040421",",,0","20040418","+,,0","-2.8",",0,13,","0",",,0,30,+","0",",,0,30,+","43.7",",,0,21,","29.4",",0,18,+","2659.8","0","159.7",",0","70.1",",,,0","0",",,,0","13.71",",0","19.75",",,,0","7.67",",,,0"
"USC00238051","2004-05","39.97018","-91.88753","214.9","STEFFENVILLE, MO US","117.7","0","95.5",",0","9",",0","7",",0","1",",0","0",",0","0",",0","0",",0","0",",0","0",",0","25",",0","0",",0","","","20040503",",,0","20040531","+,,0","20040531","+,,0","8","","20040531",",,0","20040507",",,0","1.7",",0,03,","0",",,0,31,+","0",",,0,31,+","37.3",",,0,31,","31.7",",0,07,","2709.7","0","49.9",",0","92.1",",,,0","0",",,,0","19.80",",0","25.39",",,,0","14.22",",,,0"
"USC00238051","2004-06","39.97018","-91.88753","214.9","STEFFENVILLE, MO US","218.1","0","100.4",",0","8",",0","8",",0","3",",0","0",",0","0",",0","0",",0","0",",0","0",",0","28",",0","1",",0","","","20040626","+,,0","20040630","+,,0","20040630","+,,0","4","","20040625",",,0","20040608",",,0","10.0",",0,26,+","0",",,0,30,+","0",",,0,30,+","48.8",",,0,25,","32.2",",0,08,","2719.3","0","9.6",",0","161.0",",,,0","0",",,,0","21.36",",0","26.83",",,,0","15.89",",,,0"
"USC00238051","2004-07","39.97018","-91.88753","214.9","STEFFENVILLE, MO US","379.5","0","161.4",",0","11",",0","9",",0","1",",0","0",",0","0",",0","0",",0","0",",0","0",",0","31",",0","5",",0","1","","20040727",",,0","20040731","+,,0","20040731","+,,0","6","","20040712",",,0","20040713",",,0","10.6",",0,27,","0",",,0,31,+","0",",,0,31,+","25.9",",,0,12,","33.9",",0,13,","0.0","0","0.0",",0","78.5",",,,0","0",",,,0","23.54",",0","28.77",",,,0","18.31",",,,0"
"USC00238051","2004-08","39.97018","-91.88753","214.9","STEFFENVILLE, MO US","480.8","0","101.3",",0","14",",0","13",",0","4",",0","0",",0","0",",0","0",",0","0",",0","0",",0","30",",0","2",",0","","","20040815",",,0","20040831","+,,0","20040831","+,,0","8","","20040828",",,0","20040803",",,0","7.8",",0,15,","0",",,0,31,+","0",",,0,31,+","69.3",",,0,28,","33.3",",0,03,","12.2","0","12.2",",0","273.0",",,,0","0",",,,0","21.21",",0","27.21",",,,0","15.21",",,,0"
"USC00238051","2004-09","39.97018","-91.88753","214.9","STEFFENVILLE, MO US","540.3","0","59.5","2,0","4",",0","1",",0","0",",0","0",",0","0","1,0","0","1,0","0","1,0","0","1,0","28","1,0","0","1,0","1","","20040930","+,1,0","20040930","+,,0","20040930","+,1,0","2","","20040916",",,0","20040914",",1,0","4.4","1,0,30,+","0",",,0,30,+","0","1,,0,30,+","9.4",",,0,16,","30.6","1,0,14,","26.7","0","14.5","1,0","12.0",",,,0","0","1,,,0","20.13","2,0","26.73","1,,,0","13.54","1,,,0"
"USC00238051","2004-10","39.97018","-91.88753","214.9","STEFFENVILLE, MO US","548.4","0","8.1",",0","10",",0","7",",0","2",",0","0",",0","0",",0","0",",0","3",",0","0",",0","12",",0","0",",0","2","","20041017",",,0","20041031","+,,0","20041031","+,,0","6","","20041008",",,0","20041029",",,0","-0.6",",0,17,","0",",,0,31,+","0",",,0,31,+","40.1",",,0,08,","26.7",",0,29,","168.7","0","142.0",",0","143.3",",,,0","0",",,,0","14.01",",0","19.44",",,,0","8.58",",,,0"
"USC00238051","2004-11","39.97018","-91.88753","214.9","STEFFENVILLE, MO US","548.4","0","0.0",",0","7",",0","5",",0","1",",0","1",",0","1",",0","0",",0","9",",0","0",",0","2",",0","0",",0","","","20041125",",,0","20041125",",,0","20041125",",,0","","","20041101",",,0","20041117",",,0","-9.4",",0,25,","76",",,0,25,","104",",,0,25,","37.8",",,0,01,","22.2",",0,17,","477.8","0","309.1",",0","89.0",",,,0","104",",,,0","8.03",",0","12.30",",,,0","3.76",",,,0"
"USC00238051","2004-12","39.97018","-91.88753","214.9","STEFFENVILLE, MO US","548.4","0","0.0",",0","4",",0","3",",0","0",",0","1",",0","1",",0","1",",0","20",",0","4",",0","0",",0","0",",0","2","","20041224",",,0","20041201",",,0","20041201",",,0","","","20041206",",,0","20041231","+,,0","-18.9",",0,24,","25",",,0,01,","30",",,0,01,","22.1",",,0,06,","18.3",",0,31,+","1001.6","0","523.8",",0","37.1",",,,0","30",",,,0","1.44",",0","6.56",",,,0","-3.69",",,,0"
"USC00238051","2005-01","39.97018","-91.88753","214.9","STEFFENVILLE, MO US","0.0","0","0.0","1,0","8",",0","8",",0","1",",0","5","5,0","2",",0","0","1,0","26","1,0","11","1,0","0","1,0","0","1,0","2","","20050114",",1,0","20050129",",5,0","20050129",",,0","2","","20050113",",,0","20050112",",1,0","-17.2","1,0,14,","76","5,,0,29,","89",",,0,29,","25.4",",,0,13,","16.1","1,0,12,","1598.3","0","596.7","1,0","94.8",",,,0","117",",,,0","-1.56","1,0","2.53","1,,,0","-5.64","1,,,0"
"USC00238051","2005-02","39.97018","-91.88753","214.9","STEFFENVILLE, MO US","0.0","0","0.0",",0","5",",0","4",",0","0",",0","2","3,0","1",",0","0",",0","21",",0","3",",0","0",",0","0",",0","","","20050210",",,0","20050210","+,3,0","20050209",",,0","","","20050213",",,0","20050215","+,,0","-13.3",",0,10,","25","3,,0,10,+","38",",,0,09,","17.0",",,0,13,","15.0",",0,15,+","2025.6","0","427.3",",0","35.5",",,,0","38",",,,0","3.07",",0","7.89",",,,0","-1.75",",,,0"
"USC00238051","2005-03","39.97018","-91.88753","214.9","STEFFENVILLE, MO US","0.8","0","0.8",",0","5",",0","3",",0","0",",0","0",",0","0",",0","0",",0","18",",0","0",",0","3",",0","0",",0","","","20050302",",,0","20050323","+,,0","20050323",",,0","1","","20050323",",,0","20050329",",,0","-7.8",",0,02,","0",",T,0,23,+","8",",,0,23,","20.1",",,0,23,","25.0",",0,29,","2415.1","0","389.5",",0","30.8",",,,0","8",",,,0","5.80",",0","11.85",",,,0","-0.26",",,,0"
"USC00238051","2005-04","39.97018","-91.88753","214.9","STEFFENVILLE, MO US","16.2","0","15.4","1,0","10",",0","6",",0","0",",0","0",",0","0",",0","0",",0","1",",0","0","1,0","13","1,0","0","1,0","","","20050424",",,0","20050430","+,,0","20050430","+,,0","4","","20050412",",,0","20050410",",1,0","-1.1",",0,24,","0",",,0,30,+","0",",,0,30,+","22.9",",,0,12,","27.8","1,0,10,","2548.1","0","133.0","1,0","49.5",",,,0","0",",,,0","14.25","1,0","20.23","1,,,0","8.26",",,,0"
"USC00238051","2005-05","39.97018","-91.88753","214.9","STEFFENVILLE, MO US","56.8","0","40.6","2,0","6",",0","3",",0","1",",0","0",",0","0",",0","0",",0","1",",0","0","2,0","25","2,0","0","2,0","1","","20050504",",,0","20050531","+,,0","20050531","+,,0","4","","20050512",",,0","20050511",",2,0","-1.7",",0,04,","0",",,0,31,+","0",",,0,31,+","26.2",",,0,12,","30.6","2,0,11,","2602.9","0","54.8","2,0","55.5",",,,0","0",",,,0","17.76","2,0","24.59","2,,,0","10.93",",,,0"
"USC00238051","2005-06","39.97018","-91.88753","214.9","STEFFENVILLE, MO US","231.0","0","174.2","1,0","8",",0","5",",0","1",",0","0",",0","0",",0","0",",0","0",",0","0","1,0","29","1,0","10","1,0","","","20050618",",,0","20050630","+,,0","20050630","+,,0","10","","20050605",",,0","20050626",",1,0","12.2",",0,18,","0",",,0,30,+","0",",,0,30,+","47.8",",,0,05,","35.0","1,0,26,","2602.9","0","0.0","1,0","103.2",",,,0","0",",,,0","24.34","1,0","30.53","1,,,0","18.15",",,,0"
"USC00238051","2005-07","39.97018","-91.88753","214.9","STEFFENVILLE, MO US","468.7","0","237.7",",0","5",",0","2",",0","1",",0","0",",0","0",",0","0",",0","0",",0","0",",0","31",",0","19",",0","","","20050728","+,,0","20050731","+,,0","20050731","+,,0","2","","20050727",",,0","20050723",",,0","12.8",",0,28,+","0",",,0,31,+","0",",,0,31,+","37.6",",,0,27,","40.6",",0,23,","0.0","0","0.0",",0","43.8",",,,0","0",",,,0","26.00",",0","32.93",",,,0","19.07",",,,0"
"USC00238051","2005-08","39.97018","-91.88753","214.9","STEFFENVILLE, MO US","685.4","0","216.7",",0","9",",0","6",",0","0",",0","0",",0","0",",0","0",",0","0",",0","0",",0","31",",0","15",",0","","","20050831","+,,0","20050831","+,,0","20050831","+,,0","6","","20050814",",,0","20050803",",,0","14.4",",0,31,+","0",",,0,31,+","0",",,0,31,+","23.9",",,0,14,","37.8",",0,03,","0.0","0","0.0",",0","68.3",",,,0","0",",,,0","25.32",",0","31.56",",,,0","19.08",",,,0"
"USC00238051","2005-09","39.97018","-91.88753","214.9","STEFFENVILLE, MO US","826.3","0","140.9",",0","8",",0","5",",0","0",",0","0",",0","0",",0","0",",0","0",",0","0",",0","29",",0","12",",0","3","","20050929",",,0","20050930","+,,0","20050930","+,,0","4","","20050916",",,0","20050909",",,0","3.3",",0,29,","0",",,0,30,+","0",",,0,30,+","18.8",",,0,16,","34.4",",0,09,","13.8","0","13.8",",0","59.9",",,,0","0",",,,0","22.57",",0","29.29",",,,0","15.84",",,,0"
"USC00238051","2005-10","39.97018","-91.88753","214.9","STEFFENVILLE, MO US","851.1","0","24.8",",0","6",",0","4",",0","0",",0","0",",0","0",",0","0",",0","2",",0","0",",0","14",",0","0",",0","2","","20051028","+,,0","20051031","+,,0","20051031","+,,0","4","","20051006",",,0","20051004",",,0","-1.1",",0,28,+","0",",,0,31,+","0",",,0,31,+","24.6",",,0,06,","30.6",",0,04,","180.4","0","166.6",",0","80.0",",,,0","0",",,,0","13.76",",0","19.90",",,,0","7.62",",,,0"
"USC00238051","2005-11","39.97018","-91.88753","214.9","STEFFENVILLE, MO US","851.1","0","0.0",",0","6",",0","5",",0","0",",0","0",",0","0",",0","0",",0","9",",0","1",",0","5",",0","0",",0","","","20051117",",,0","20051130","+,,0","20051130","+,,0","2","","20051116",",,0","20051108",",,0","-11.1",",0,17,","0",",,0,30,+","0",",,0,30,+","18.5",",,0,16,","24.4",",0,08,","490.5","0","310.1",",0","45.1",",,,0","0",",,,0","8.00",",0","13.62",",,,0","2.37",",,,0"
"USC00238051","2005-12","39.97018","-91.88753","214.9","STEFFENVILLE, MO US","851.1","0","0.0",",0","5",",0","3",",0","0",",0","3","1,0","3","1,0","2",",0","25",",0","13",",0","0",",0","0",",0","1","","20051209","+,,0","20051209",",1,0","20051209",",1,0","","","20051224",",,0","20051227",",,0","-18.9",",0,09,+","127","1,,0,09,","102","1,,0,09,","6.4",",,0,24,","13.3",",0,27,","1122.1","0","631.6",",0","17.1",",,,0","165","1,,,0","-2.04",",0","1.31",",,,0","-5.39",",,,0"
"USC00238051","2006-01","39.97018","-91.88753","214.9","STEFFENVILLE, MO US","0.0","0","0.0","1,0","4",",0","4",",0","1",",0","0",",0","1",",0","0",",0","22",",0","3","1,0","0","1,0","0","1,0","","","20060118",",,0","20060121",",,0","20060121",",,0","","","20060129",",,0","20060119",",1,0","-7.2",",0,18,","0",",T,0,21,","25",",,0,21,","29.5",",,0,29,","18.3","1,0,19,","1553.2","0","431.1","1,0","58.4",",,,0","25",",,,0","3.95","1,0","8.61","1,,,0","-0.70",",,,0"
"USC00238051","2006-02","39.97018","-91.88753","214.9","STEFFENVILLE, MO US","0.0","0","0.0","1,0","3",",0","0",",0","0",",0","","","1","1,0","1",",0","24",",0","4","1,0","0","1,0","0","1,0","","","20060218",",,0","","","20060208",",1,0","","","20060217",",,0","20060227",",1,0","-18.9",",0,18,","","","28","1,,0,08,","2.0",",,0,17,","18.9","1,0,27,","2032.5","0","479.3","1,0","3.5",",,,0","28","1,,,0","0.52","1,0","6.84","1,,,0","-5.79",",,,0"
"USC00238051","2006-03","39.97018","-91.88753","214.9","STEFFENVILLE, MO US","0.0","0","0.0",",0","9",",0","8",",0","0",",0","2",",0","1",",0","0",",0","13",",0","0",",0","6",",0","0",",0","","","20060322",",,0","20060321",",,0","20060321",",,0","4","","20060331",",,0","20060330","+,,0","-8.9",",0,22,","102",",,0,21,","102",",,0,21,","20.3",",,0,31,","24.4",",0,30,+","2375.4","0","342.9",",0","81.6",",,,0","102",",,,0","7.27",",0","12.93",",,,0","1.62",",,,0"
"USC00238051","2006-04","39.97018","-91.88753","214.9","STEFFENVILLE, MO US","19.4","0","19.4",",0","9",",0","7",",0","1",",0","0",",0","0",",0","0",",0","2",",0","0",",0","21",",0","0",",0","","","20060409",",,0","20060430","+,,0","20060430","+,,0","6","","20060430",",,0","20060414",",,0","-1.7",",0,09,","0",",,0,30,+","0",",,0,30,+","25.7",",,0,30,","31.7",",0,14,","2475.5","0","100.1",",0","66.2",",,,0","0",",,,0","15.65",",0","22.31",",,,0","8.98",",,,0"
"USC00238051","2006-05","39.97018","-91.88753","214.9","STEFFENVILLE, MO US","84.7","0","65.3",",0","11",",0","5",",0","0",",0","0",",0","0",",0","0",",0","0",",0","0",",0","24",",0","3",",0","1","","20060506",",,0","20060531","+,,0","20060531","+,,0","5","","20060504",",,0","20060528",",,0","3.3",",0,06,","0",",,0,31,+","0",",,0,31,+","15.7",",,0,04,","33.9",",0,28,","2538.7","0","63.2",",0","39.1",",,,0","0",",,,0","18.40",",0","24.52",",,,0","12.28",",,,0"
"USC00238051","2006-06","39.97018","-91.88753","214.9","STEFFENVILLE, MO US","220.5","0","135.8",",0","9",",0","5",",0","1",",0","0",",0","0",",0","0",",0","0",",0","0",",0","30",",0","1",",0","","","20060611",",,0","20060630","+,,0","20060630","+,,0","5","","20060601",",,0","20060621",",,0","11.1",",0,11,","0",",,0,30,+","0",",,0,30,+","96.0",",,0,01,","32.2",",0,21,","2541.5","0","2.8",",0","147.9",",,,0","0",",,,0","22.77",",0","28.52",",,,0","17.01",",,,0"
"USC00238051","2006-07","39.97018","-91.88753","214.9","STEFFENVILLE, MO US","481.9","0","261.4",",0","11",",0","7",",0","0",",0","0",",0","0",",0","0",",0","0",",0","0",",0","31",",0","19",",0","1","","20060707","+,,0","20060731","+,,0","20060731","+,,0","6","","20060711",",,0","20060731","+,,0","13.9",",0,07,+","0",",,0,31,+","0",",,0,31,+","15.7",",,0,11,","37.8",",0,31,+","0.0","0","0.0",",0","71.6",",,,0","0",",,,0","26.76",",0","32.92",",,,0","20.61",",,,0"
"USC00238051","2006-08","39.97018","-91.88753","214.9","STEFFENVILLE, MO US","690.1","0","208.2",",0","12",",0","9",",0","2",",0","0",",0","0",",0","0",",0","0",",0","0",",0","31",",0","7",",0","","","20060830","+,,0","20060831","+,,0","20060831","+,,0","9","","20060814",",,0","20060806",",,0","14.4",",0,30,+","0",",,0,31,+","0",",,0,31,+","64.0",",,0,14,","38.3",",0,06,","0.0","0","0.0",",0","180.5",",,,0","0",",,,0","25.05",",0","30.66",",,,0","19.44",",,,0"
"USC00238051","2006-09","39.97018","-91.88753","214.9","STEFFENVILLE, MO US","734.2","0","44.1",",0","5",",0","1",",0","0",",0","0",",0","0",",0","0",",0","0",",0","0",",0","25",",0","0",",0","2","","20060920",",,0","20060930","+,,0","20060930","+,,0","1","","20060918",",,0","20060916",",,0","2.2",",0,20,","0",",,0,30,+","0",",,0,30,+","4.6",",,0,18,","30.6",",0,16,","32.0","0","32.0",",0","8.9",",,,0","0",",,,0","18.74",",0","25.00",",,,0","12.48",",,,0"
"USC00238051","2006-10","39.97018","-91.88753","214.9","STEFFENVILLE, MO US","760.8","0","26.6",",0","6",",0","4",",0","0",",0","0",",0","0",",0","0",",0","8",",0","0",",0","10",",0","4",",0","2","","20061024",",,0","20061031","+,,0","20061031","+,,0","","","20061022",",,0","20061003",",,0","-5.6",",0,24,","0",",,0,31,+","0",",,0,31,+","16.5",",,0,22,","35.0",",0,03,","258.8","0","226.8",",0","58.9",",,,0","0",",,,0","11.87",",0","17.95",",,,0","5.80",",,,0"
"USC00238051","2006-11","39.97018","-91.88753","214.9","STEFFENVILLE, MO US","760.8","0","0.0",",0","5",",0","4",",0","3",",0","0",",0","0",",0","0",",0","13",",0","1",",0","2",",0","0",",0","","","20061130",",,0","20061111",",,0","20061111",",,0","3","","20061130",",,0","20061108",",,0","-8.3",",0,30,","0",",T,0,11,","0",",T,0,11,","49.3",",,0,30,","23.9",",0,08,","573.4","0","314.6",",0","109.7",",,,0","0",",T,,0","7.85",",0","13.26",",,,0","2.43",",,,0"
"USC00238051","2006-12","39.97018","-91.88753","214.9","STEFFENVILLE, MO US","760.8","0","0.0","1,0","5",",0","4",",0","0",",0","9",",0","1",",0","0",",0","18",",0","5","1,0","0","1,0","0","1,0","2","","20061208",",,0","20061202","+,,0","20061201",",,0","","","20061201",",,0","20061216",",1,0","-16.1",",0,08,","178",",,0,02,+","216",",,0,01,","25.1",",,0,01,","18.9","1,0,16,","1045.8","0","472.4","1,0","59.4",",,,0","216",",,,0","2.59","1,0","7.16","1,,,0","-1.98",",,,0"
"USC00238051","2007-01","39.97018","-91.88753","214.9","STEFFENVILLE, MO US","0.0","0","0.0",",0","7",",0","6",",0","0",",0","9","2,0","1",",0","0",",0","28",",0","9",",0","0",",0","0",",0","","","20070116",",,0","20070121",",2,0","20070121",",,0","","","20070113",",,0","20070112",",,0","-16.7",",0,16,","76","2,,0,21,","81",",,0,21,","17.8",",,0,13,","12.2",",0,12,","1640.4","0","594.6",",0","55.6",",,,0","100",",,,0","-0.85",",0","3.92",",,,0","-5.62",",,,0"
"USC00238051","2007-02","39.97018","-91.88753","214.9","STEFFENVILLE, MO US","0.0","0","0.0",",0","6","1,0","5","1,0","1","1,0","8","3,0","3","1,0","4",",0","26",",0","14",",0","0",",0","0",",0","","","20070216",",,0","20070217",",3,0","20070213",",1,0","","","20070225",",1,0","20070221",",,0","-21.1",",0,16,","127","3,,0,17,","76","1,,0,13,","32.8","1,,0,25,","13.3",",0,21,","2265.1","0","624.7",",0","53.7","1,,,0","150","1,,,0","-3.98",",0","0.59",",,,0","-8.54",",,,0"
"USC00238051","2007-03","39.97018","-91.88753","214.9","STEFFENVILLE, MO US","9.2","0","9.2","1,0","9",",0","7",",0","0",",0","0",",0","0",",0","0",",0","14",",0","0","1,0","12","1,0","0","1,0","3","","20070304",",,0","20070303",",,0","20070318",",,0","6","","20070301",",,0","20070326",",1,0","-11.1",",0,04,","0",",T,0,03,","15",",,0,18,","23.9",",,0,01,","25.6","1,0,26,","2511.2","0","246.1","1,0","82.5",",,,0","15",",,,0","10.38","1,0","15.97","1,,,0","4.80",",,,0"
"USC00238051","2007-04","39.97018","-91.88753","214.9","STEFFENVILLE, MO US","27.7","0","18.5","1,0","8",",0","8",",0","1",",0","0",",0","0",",0","0",",0","8",",0","0","1,0","15","1,0","0","1,0","","","20070407",",,0","20070430","+,,0","20070430","+,,0","3","","20070425",",,0","20070429",",1,0","-7.2",",0,07,","0",",,0,30,+","0",",,0,30,+","25.4",",,0,25,","30.6","1,0,29,","2726.8","0","215.6","1,0","118.4",",,,0","0",",,,0","11.55","1,0","18.01","1,,,0","5.08",",,,0"
"USC00238051","2007-05","39.97018","-91.88753","214.9","STEFFENVILLE, MO US","107.0","0","79.3","4,0","11",",0","9",",0","0",",0","","","0","2,0","0","2,0","0","2,0","0","4,0","25","4,0","0","4,0","1","","20070518",",2,0","","","20070531","+,2,0","2","","20070504",",,0","20070514","+,4,0","5.0","2,0,18,","","","0","2,,0,31,+","23.1",",,0,04,","30.6","4,0,14,+","2741.8","0","15.0","4,0","100.3",",,,0","0","2,,,0","20.69","4,0","26.36","4,,,0","15.01","2,,,0"
"USC00238051","2007-06","39.97018","-91.88753","214.9","STEFFENVILLE, MO US","261.2","0","154.2",",0","9",",0","6",",0","0",",0","0",",0","0",",0","0",",0","0",",0","0",",0","30",",0","8",",0","2","","20070609",",,0","20070630","+,,0","20070630","+,,0","5","","20070628",",,0","20070621","+,,0","9.4",",0,09,","0",",,0,30,+","0",",,0,30,+","16.8",",,0,28,","33.3",",0,21,+","2742.1","0","0.3",",0","62.3",",,,0","0",",,,0","23.47",",0","29.05",",,,0","17.88",",,,0"
"USC00238051","2007-07","39.97018","-91.88753","214.9","STEFFENVILLE, MO US","446.9","0","185.7",",0","6",",0","4",",0","0",",0","0",",0","0",",0","0",",0","0",",0","0",",0","31",",0","10",",0","","","20070722",",,0","20070731","+,,0","20070731","+,,0","4","","20070715","+,,0","20070709",",,0","10.0",",0,22,","0",",,0,31,+","0",",,0,31,+","16.5",",,0,15,+","34.4",",0,09,","0.0","0","0.0",",0","49.5",",,,0","0",",,,0","24.32",",0","30.45",",,,0","18.19",",,,0"
"USC00238051","2007-08","39.97018","-91.88753","214.9","STEFFENVILLE, MO US","709.6","0","262.7",",0","12",",0","8",",0","2",",0","0",",0","0",",0","0",",0","0",",0","0",",0","31",",0","23",",0","1","","20070831",",,0","20070831","+,,0","20070831","+,,0","7","","20070821",",,0","20070815","+,,0","13.3",",0,31,","0",",,0,31,+","0",",,0,31,+","34.3",",,0,21,","37.8",",0,15,+","0.0","0","0.0",",0","129.9",",,,0","0",",,,0","26.81",",0","32.99",",,,0","20.63",",,,0"
"USC00238051","2007-09","39.97018","-91.88753","214.9","STEFFENVILLE, MO US","820.1","0","110.5",",0","4",",0","3",",0","1",",0","0",",0","0",",0","0",",0","0",",0","0",",0","29",",0","8",",0","","","20070915",",,0","20070930","+,,0","20070930","+,,0","2","","20070926",",,0","20070923","+,,0","2.2",",0,15,","0",",,0,30,+","0",",,0,30,+","43.2",",,0,26,","33.3",",0,23,+","15.3","0","15.3",",0","55.1",",,,0","0",",,,0","21.51",",0","28.99",",,,0","14.02",",,,0"
"USC00238051","2007-10","39.97018","-91.88753","214.9","STEFFENVILLE, MO US","873.5","0","53.4",",0","8",",0","6",",0","1",",0","0",",0","0",",0","0",",0","1",",0","0",",0","17",",0","0",",0","","","20071028",",,0","20071031","+,,0","20071031","+,,0","4","","20071018",",,0","20071007",",,0","-1.1",",0,28,","0",",,0,31,+","0",",,0,31,+","43.4",",,0,18,","31.7",",0,07,","117.5","0","102.2",",0","91.6",",,,0","0",",,,0","16.76",",0","22.38",",,,0","11.14",",,,0"
"USC00238051","2007-11","39.97018","-91.88753","214.9","STEFFENVILLE, MO US","873.5","0","0.0",",0","3",",0","3",",0","0",",0","0",",0","0",",0","0",",0","16",",0","0",",0","3",",0","0",",0","","","20071107",",,0","20071123","+,,0","20071123","+,,0","1","","20071121",",,0","20071120","+,,0","-6.7",",0,07,","0",",T,0,23,+","0",",T,0,23,+","11.4",",,0,21,","22.2",",0,20,+","457.1","0","339.6",",0","18.0",",,,0","0",",T,,0","7.01",",0","12.90",",,,0","1.12",",,,0"
"USC00238051","2007-12","39.97018","-91.88753","214.9","STEFFENVILLE, MO US","873.5","0","0.0",",0","12",",0","9",",0","0",",0","15","2,0","5","3,0","0",",0","30",",0","13",",0","0",",0","0",",0","3","","20071217",",,0","20071218","+,2,0","20071207",",3,0","","","20071211",",,0","20071202",",,0","-13.9",",0,17,","76","2,,0,18,+","64","3,,0,07,","17.0",",,0,11,","14.4",",0,02,","1069.7","0","612.6",",0","63.4",",,,0","239","3,,,0","-1.43",",0","2.15",",,,0","-5.01",",,,0"
"USC00238051","2008-01","39.97018","-91.88753","214.9","STEFFENVILLE, MO US","0.0","0","0.0","1,0","6",",0","1",",0","0",",0","5",",0","0",",0","3",",0","26",",0","11","1,0","0","1,0","0","1,0","","","20080124","+,,0","20080117","+,,0","20080117",",,0","2","","20080108",",,0","20080107",",1,0","-19.4",",0,24,+","25",",,0,17,+","23",",,0,17,","25.1",",,0,08,","20.0","1,0,07,","1651.3","0","581.6","1,0","30.3",",,,0","46",",,,0","-1.23","1,0","4.37","1,,,0","-6.82",",,,0"
"USC00238051","2008-02","39.97018","-91.88753","214.9","STEFFENVILLE, MO US","0.0","0","0.0",",0","11",",0","8",",0","2",",0","6","4,0","4",",0","1",",0","28",",0","11",",0","0",",0","0",",0","2","","20080220",",,0","20080202","+,4,0","20080201",",,0","2","","20080217",",,0","20080204",",,0","-18.3",",0,20,","76","4,,0,02,+","71",",,0,01,","36.6",",,0,17,","18.9",",0,04,","2260.1","0","608.8",",0","110.8",",,,0","241",",,,0","-2.66",",0","2.22",",,,0","-7.53",",,,0"
"USC00238051","2008-03","39.97018","-91.88753","214.9","STEFFENVILLE, MO US","0.0","0","0.0","1,0","9",",0","4",",0","1",",0","0","2,0","0",",0","0",",0","19",",0","1","1,0","3","1,0","0","1,0","3","","20080308",",,0","20080323","+,2,0","20080316",",,0","3","","20080318",",,0","20080302",",1,0","-13.3",",0,08,","0","2,T,0,23,+","18",",,0,16,","35.3",",,0,18,","23.9","1,0,02,","2633.8","0","373.7","1,0","73.2",",,,0","23",",,,0","5.77","1,0","12.06","1,,,0","-0.52",",,,0"
"USC00238051","2008-04","39.97018","-91.88753","214.9","STEFFENVILLE, MO US","5.6","0","5.6","1,0","13",",0","10",",0","0",",0","0",",0","0","1,0","0",",0","5",",0","0","1,0","9","1,0","0","1,0","","","20080403",",,0","20080412",",,0","20080412",",1,0","6","","20080409",",,0","20080423","+,1,0","-2.2",",0,03,","0",",T,0,12,","0","1,T,0,12,","19.3",",,0,09,","26.1","1,0,23,+","2849.7","0","215.9","1,0","100.9",",,,0","0","1,T,,0","11.25","1,0","16.85","1,,,0","5.65",",,,0"
"USC00238051","2008-05","39.97018","-91.88753","214.9","STEFFENVILLE, MO US","28.1","0","22.5",",0","13",",0","10",",0","2",",0","0",",0","0",",0","0",",0","0",",0","0",",0","19",",0","0",",0","1","","20080504",",,0","20080531","+,,0","20080531","+,,0","9","","20080531",",,0","20080531",",,0","3.3",",0,04,","0",",,0,31,+","0",",,0,31,+","25.7",",,0,31,","27.8",",0,31,","2924.6","0","74.9",",0","111.1",",,,0","0",",,,0","16.64",",0","22.33",",,,0","10.96",",,,0"
"USC00238051","2008-06","39.97018","-91.88753","214.9","STEFFENVILLE, MO US","173.9","0","145.8",",0","12",",0","10",",0","4",",0","0",",0","0",",0","0",",0","0",",0","0",",0","30",",0","0",",0","1","","20080617",",,0","20080630","+,,0","20080630","+,,0","12","","20080625",",,0","20080608",",,0","11.7",",0,17,","0",",,0,30,+","0",",,0,30,+","125.0",",,0,25,","31.7",",0,08,","2924.6","0","0.0",",0","267.8",",,,0","0",",,,0","23.19",",0","29.00",",,,0","17.38",",,,0"
"USC00238051","2008-07","39.97018","-91.88753","214.9","STEFFENVILLE, MO US","372.3","0","198.4",",0","11","1,0","7","1,0","4","1,0","0",",0","0",",0","0",",0","0",",0","0",",0","31",",0","7",",0","","","20080705",",,0","20080731","+,,0","20080731","+,,0","9","","20080725",",1,0","20080721",",,0","12.8",",0,05,","0",",,0,31,+","0",",,0,31,+","62.0","1,,0,25,","34.4",",0,21,","0.0","0","0.0",",0","195.1","1,,,0","0",",,,0","24.73",",0","30.31",",,,0","19.16",",,,0"
"USC00238051","2008-08","39.97018","-91.88753","214.9","STEFFENVILLE, MO US","499.0","0","126.7","1,0","5",",0","4",",0","1",",0","0",",0","0",",0","0",",0","0",",0","0","1,0","30","1,0","2","1,0","","","20080830","+,,0","20080831","+,,0","20080831","+,,0","2","","20080829",",,0","20080804",",1,0","12.8",",0,30,+","0",",,0,31,+","0",",,0,31,+","36.8",",,0,29,","35.6","1,0,04,","0.0","0","0.0","1,0","58.2",",,,0","0",",,,0","22.70","1,0","28.07","1,,,0","17.33",",,,0"
"USC00238051","2008-09","39.97018","-91.88753","214.9","STEFFENVILLE, MO US","560.4","0","61.4",",0","13",",0","11",",0","3",",0","0",",0","0",",0","0",",0","0",",0","0",",0","26",",0","0",",0","1","","20080930","+,,0","20080930","+,,0","20080930","+,,0","3","","20080914",",,0","20080902","+,,0","7.8",",0,30,+","0",",,0,30,+","0",",,0,30,+","74.4",",,0,14,","31.7",",0,02,+","22.2","0","22.2",",0","269.2",",,,0","0",",,,0","19.64",",0","24.87",",,,0","14.41",",,,0"
"USC00238051","2008-10","39.97018","-91.88753","214.9","STEFFENVILLE, MO US","571.0","0","10.6","1,0","9",",0","7",",0","2",",0","0",",0","0",",0","0",",0","1",",0","0","1,0","14","1,0","0","1,0","","","20081028",",,0","20081031","+,,0","20081031","+,,0","3","","20081016",",,0","20081011","+,1,0","-3.3",",0,28,","0",",,0,31,+","0",",,0,31,+","35.8",",,0,16,","26.7","1,0,11,+","168.7","0","146.5","1,0","108.7",",,,0","0",",,,0","13.79","1,0","19.80","1,,,0","7.79",",,,0"
"USC00238051","2008-11","39.97018","-91.88753","214.9","STEFFENVILLE, MO US","571.3","0","0.3","1,0","5",",0","3",",0","0",",0","1",",0","0",",0","0",",0","18",",0","1","1,0","6","1,0","0","1,0","","","20081121",",,0","20081130",",,0","20081130",",,0","1","","20081130",",,0","20081103",",1,0","-10.0",",0,21,","25",",,0,30,","20",",,0,30,","9.9",",,0,30,","24.4","1,0,03,","521.3","0","352.6","1,0","22.6",",,,0","20",",,,0","6.09","1,0","11.18","1,,,0","1.00",",,,0"
"USC00238051","2008-12","39.97018","-91.88753","214.9","STEFFENVILLE, MO US","571.3","0","0.0","1,0","11",",0","8",",0","1",",0","11","1,0","1","1,0","2",",0","31",",0","13","1,0","0","1,0","0","1,0","","","20081222",",,0","20081217",",1,0","20081217",",1,0","2","","20081219",",,0","20081227","+,1,0","-20.0",",0,22,","102","1,,0,17,","91","1,,0,17,","34.8",",,0,19,","16.7","1,0,27,+","1157.0","0","635.7","1,0","107.2",",,,0","140","1,,,0","-2.78","1,0","2.44","1,,,0","-8.00",",,,0"
"USC00238051","2009-01","39.97018","-91.88753","214.9","STEFFENVILLE, MO US","0.0","0","0.0","1,0","4",",0","0",",0","0",",0","5",",0","1",",0","3",",0","30",",0","11","1,0","0","1,0","0","1,0","","","20090115",",,0","20090128","+,,0","20090125",",,0","","","20090125",",,0","20090131",",1,0","-22.8",",0,15,","51",",,0,28,+","28",",,0,25,","1.0",",,0,25,","16.1","1,0,31,","1818.9","0","661.9","1,0","2.3",",,,0","54",",,,0","-3.76","1,0","1.58","1,,,0","-9.11",",,,0"
"USC00238051","2009-02","39.97018","-91.88753","214.9","STEFFENVILLE, MO US","0.0","0","0.0",",0","6",",0","3",",0","0",",0","2",",0","1",",0","0",",0","20",",0","3",",0","0",",0","0",",0","","","20090204",",,0","20090215","+,,0","20090214",",,0","1","","20090227",",,0","20090210",",,0","-17.2",",0,04,","25",",,0,15,+","28",",,0,14,","21.8",",,0,27,","20.6",",0,10,","2271.1","0","452.2",",0","45.5",",,,0","33",",,,0","2.18",",0","8.39",",,,0","-4.03",",,,0"
"USC00238051","2009-03","39.97018","-91.88753","214.9","STEFFENVILLE, MO US","0.0","0","0.0",",0","7",",0","5",",0","2",",0","0",",0","0",",0","0",",0","12",",0","4",",0","7",",0","0",",0","","","20090312",",,0","20090329",",,0","20090329",",,0","7","","20090310",",,0","20090317",",,0","-9.4",",0,12,","0",",T,0,29,","3",",,0,29,","41.1",",,0,10,","25.6",",0,17,","2599.5","0","328.4",",0","120.6",",,,0","3",",,,0","7.74",",0","13.75",",,,0","1.72",",,,0"
"USC00238051","2009-04","39.97018","-91.88753","214.9","STEFFENVILLE, MO US","15.1","0","15.1",",0","13",",0","10",",0","3",",0","0",",0","0",",0","0",",0","6",",0","0",",0","8",",0","0",",0","2","","20090407",",,0","20090430","+,,0","20090430","+,,0","7","","20090428",",,0","20090426","+,,0","-1.7",",0,07,","0",",,0,30,+","0",",,0,30,+","41.7",",,0,28,","28.3",",0,26,+","2813.1","0","213.6",",0","172.8",",,,0","0",",,,0","11.72",",0","17.13",",,,0","6.30",",,,0"
"USC00238051","2009-05","39.97018","-91.88753","214.9","STEFFENVILLE, MO US","50.1","0","35.0",",0","14",",0","9",",0","2",",0","0",",0","0",",0","0",",0","0",",0","0",",0","25",",0","0",",0","2","","20090517",",,0","20090531","+,,0","20090531","+,,0","5","","20090516",",,0","20090523",",,0","4.4",",0,17,","0",",,0,31,+","0",",,0,31,+","72.9",",,0,16,","30.0",",0,23,","2861.4","0","48.3",",0","156.2",",,,0","0",",,,0","17.90",",0","24.11",",,,0","11.70",",,,0"
"USC00238051","2009-06","39.97018","-91.88753","214.9","STEFFENVILLE, MO US","191.1","0","141.0","1,0","13",",0","10",",0","1",",0","0",",0","0",",0","0","1,0","0","1,0","0",",0","28",",0","9",",0","1","","20090604",",1,0","20090630","+,,0","20090630","+,,0","13","","20090611",",,0","20090627",",,0","11.1","1,0,04,","0",",,0,30,+","0",",,0,30,+","48.5",",,0,11,","35.6",",0,27,","2866.4","0","5.0",",0","129.2",",,,0","0",",,,0","22.95","1,0","28.29",",,,0","17.60","1,,,0"
"USC00238051","2009-07","39.97018","-91.88753","214.9","STEFFENVILLE, MO US","298.9","0","107.8",",0","9",",0","9",",0","0",",0","0",",0","0",",0","0",",0","0",",0","0",",0","31",",0","0",",0","2","","20090717",",,0","20090731","+,,0","20090731","+,,0","5","","20090722",",,0","20090724","+,,0","12.8",",0,17,","0",",,0,31,+","0",",,0,31,+","21.8",",,0,22,","31.1",",0,24,+","0.0","0","0.0",",0","91.4",",,,0","0",",,,0","21.81",",0","27.58",",,,0","16.04",",,,0"
"USC00238051","2009-08","39.97018","-91.88753","214.9","STEFFENVILLE, MO US","424.2","0","125.3",",0","11",",0","9",",0","3",",0","0",",0","0",",0","0",",0","0",",0","0",",0","30",",0","3",",0","1","","20090831","+,,0","20090831","+,,0","20090831","+,,0","10","","20090817",",,0","20090809",",,0","8.9",",0,31,+","0",",,0,31,+","0",",,0,31,+","59.4",",,0,17,","33.9",",0,09,","7.5","0","7.5",",0","176.5",",,,0","0",",,,0","22.13",",0","27.34",",,,0","16.93",",,,0"
"USC00238051","2009-09","39.97018","-91.88753","214.9","STEFFENVILLE, MO US","","","","","8",",0","4",",0","1",",0","0",",0","0",",0","","","","","","","","","","","4","","","","20090930","+,,0","20090930","+,,0","1","","20090925",",,0","","","","","0",",,0,30,+","0",",,0,30,+","41.7",",,0,25,","","","","","","","75.3",",,,0","0",",,,0","","","","","",""
"USC00238051","2009-10","39.97018","-91.88753","214.9","STEFFENVILLE, MO US","","","0.6",",0","18",",0","12",",0","2",",0","0",",0","0",",0","0",",0","7",",0","0",",0","2",",0","0",",0","1","","20091018",",,0","20091031","+,,0","20091031","+,,0","3","","20091030",",,0","20091020",",,0","-2.8",",0,18,","0",",,0,31,+","0",",,0,31,+","48.8",",,0,30,","22.2",",0,20,","","","301.6",",0","224.4",",,,0","0",",,,0","8.62",",0","12.58",",,,0","4.66",",,,0"
"USC00238051","2009-11","39.97018","-91.88753","214.9","STEFFENVILLE, MO US","","","0.3",",0","8",",0","4",",0","1",",0","0",",0","0",",0","0",",0","5",",0","0",",0","3",",0","0",",0","2","","20091127",",,0","20091130","+,,0","20091130","+,,0","","","20091117",",,0","20091107",",,0","-2.8",",0,27,","0",",,0,30,+","0",",,0,30,+","34.0",",,0,17,","23.3",",0,07,","","","291.5",",0","73.8",",,,0","0",",,,0","8.63",",0","12.92",",,,0","4.33",",,,0"
"USC00238051","2009-12","39.97018","-91.88753","214.9","STEFFENVILLE, MO US","","","0.0",",0","13",",0","4",",0","0",",0","6",",0","0",",0","0",",0","26",",0","11",",0","0",",0","0",",0","1","","20091210",",,0","20091231","+,,0","20091230",",,0","","","20091225",",,0","20091201",",,0","-15.6",",0,10,","51",",,0,31,+","20",",,0,30,","20.6",",,0,25,","14.4",",0,01,","","","609.8",",0","54.2",",,,0","92",",,,0","-1.34",",0","2.54",",,,0","-5.22",",,,0"
"USC00238051","2010-01","39.97018","-91.88753","214.9","STEFFENVILLE, MO US","0.0","0","0.0","1,0","5",",0","3",",0","1",",0","14",",0","1","1,0","7",",0","28",",0","18","1,0","0","1,0","0","1,0","9","","20100110",",,0","20100107",",,0","20100107",",1,0","1","","20100124",",,0","20100124","+,1,0","-23.9",",0,10,","127",",,0,07,","97","1,,0,07,","28.4",",,0,24,","7.8","1,0,24,+","","","724.7","1,0","41.4",",,,0","105","1,,,0","-5.91","1,0","-2.43","1,,,0","-9.39",",,,0"
"USC00238051","2010-02","39.97018","-91.88753","214.9","STEFFENVILLE, MO US","0.0","0","0.0",",0","9",",0","6",",0","0",",0","23",",0","7",",0","4",",0","28",",0","18",",0","0",",0","0",",0","","","20100225",",,0","20100223","+,,0","20100222",",,0","","","20100222",",,0","20100201",",,0","-20.6",",0,25,","203",",,0,23,+","152",",,0,22,","24.1",",,0,22,","4.4",",0,01,","","","650.9",",0","56.2",",,,0","481",",,,0","-4.91",",0","-0.46",",,,0","-9.37",",,,0"
"USC00238051","2010-03","39.97018","-91.88753","214.9","STEFFENVILLE, MO US","1.1","0","1.1",",0","8",",0","7",",0","0",",0","9","2,0","1",",0","0",",0","13",",0","0",",0","1",",0","0",",0","2","","20100303",",,0","20100302","+,2,0","20100321",",,0","1","","20100313",",,0","20100331",",,0","-9.4",",0,03,","127","2,,0,02,+","140",",,0,21,","13.7",",,0,13,","25.6",",0,31,","","","373.1",",0","57.0",",,,0","140",",,,0","6.33",",0","11.48",",,,0","1.18",",,,0"
"USC00238051","2010-05","39.97018","-91.88753","214.9","STEFFENVILLE, MO US","","","56.0",",0","13",",0","10",",0","1",",0","0","1,0","0",",0","0",",0","0",",0","0",",0","15",",0","0",",0","","","20100509",",,0","20100531","+,1,0","20100531","+,,0","8","","20100511",",,0","20100525","+,,0","1.7",",0,09,","0","1,,0,31,+","0",",,0,31,+","35.1",",,0,11,","31.1",",0,25,+","","","83.8",",0","127.5",",,,0","0",",,,0","17.44",",0","22.33",",,,0","12.54",",,,0"
"USC00238051","2010-06","39.97018","-91.88753","214.9","STEFFENVILLE, MO US","","","180.9",",0","17",",0","13",",0","3",",0","0",",0","0",",0","0",",0","0",",0","0",",0","30",",0","6",",0","","","20100630","+,,0","20100630","+,,0","20100630","+,,0","15","","20100614",",,0","20100623",",,0","14.4",",0,30,+","0",",,0,30,+","0",",,0,30,+","37.1",",,0,14,","33.9",",0,23,","","","0.0",",0","189.7",",,,0","0",",,,0","24.36",",0","29.93",",,,0","18.79",",,,0"
"USC00238051","2010-07","39.97018","-91.88753","214.9","STEFFENVILLE, MO US","","","225.7",",0","14",",0","7",",0","4",",0","0",",0","0",",0","0",",0","0",",0","0",",0","31",",0","10",",0","2","","20100702","+,,0","20100731","+,,0","20100731","+,,0","9","","20100720",",,0","20100717","+,,0","15.6",",0,02,+","0",",,0,31,+","0",",,0,31,+","101.9",",,0,20,","34.4",",0,17,+","0.0","0","0.0",",0","274.1",",,,0","0",",,,0","25.61",",0","30.47",",,,0","20.75",",,,0"
"USC00238051","2010-08","39.97018","-91.88753","214.9","STEFFENVILLE, MO US","","","225.3",",0","6",",0","3",",0","1",",0","0",",0","0",",0","0",",0","0",",0","0",",0","31",",0","10",",0","4","","20100826","+,,0","20100831","+,,0","20100831","+,,0","6","","20100821",",,0","20100813",",,0","12.2",",0,26,+","0",",,0,31,+","0",",,0,31,+","34.8",",,0,21,","36.1",",0,13,","0.0","0","0.0",",0","47.8",",,,0","0",",,,0","25.60",",0","31.16",",,,0","20.05",",,,0"
"USC00238051","2010-09","39.97018","-91.88753","214.9","STEFFENVILLE, MO US","","","","","","","","","","","0",",0","0",",0","","","","","","","","","","","","","","","20100930","+,,0","20100930","+,,0","4","","","","","","","","0",",,0,30,+","0",",,0,30,+","","","","","","","","","","","0",",,,0","","","","","",""
"USC00238051","2010-10","39.97018","-91.88753","214.9","STEFFENVILLE, MO US","","","12.3",",0","3",",0","3",",0","0",",0","0",",0","0",",0","0",",0","1",",0","0",",0","20",",0","0",",0","","","20101029",",,0","20101031","+,,0","20101031","+,,0","1","","20101026",",,0","20101009",",,0","-2.2",",0,29,","0",",,0,31,+","0",",,0,31,+","19.8",",,0,26,","30.0",",0,09,","","","111.1",",0","30.7",",,,0","0",",,,0","15.15",",0","22.42",",,,0","7.87",",,,0"
"USC00238051","2010-11","39.97018","-91.88753","214.9","STEFFENVILLE, MO US","","","0.0",",0","8",",0","3",",0","0",",0","0",",0","0",",0","0",",0","15",",0","0",",0","6",",0","0",",0","","","20101126",",,0","20101130","+,,0","20101130","+,,0","1","","20101113",",,0","20101122",",,0","-6.7",",0,26,","0",",,0,30,+","0",",,0,30,+","8.1",",,0,13,","23.9",",0,22,","","","323.6",",0","26.1",",,,0","0",",,,0","7.55",",0","13.50",",,,0","1.59",",,,0"
"USC00238051","2010-12","39.97018","-91.88753","214.9","STEFFENVILLE, MO US","","","0.0",",0","5",",0","3",",0","0",",0","9",",0","2","1,0","2",",0","28",",0","16",",0","0",",0","0",",0","2","","20101214",",,0","20101225",",,0","20101225",",1,0","1","","20101212",",,0","20101231","+,,0","-19.4",",0,14,","102",",,0,25,","91","1,,0,25,","8.9",",,0,12,","15.0",",0,31,+","","","661.0",",0","20.9",",,,0","132","1,,,0","-2.99",",0","0.94",",,,0","-6.92",",,,0"
"USC00238051","2011-01","39.97018","-91.88753","214.9","STEFFENVILLE, MO US","0.0","K","0.0",",K","9",",K","5",",K","0",",K","","","","","2",",K","31",",K","18",",K","0",",K","0",",K","1","","20110121",",,K","","","","","","","20110101",",,K","20110105",",,K","-21.1",",K,21,","","","","","11.9",",,K,01,","6.7",",K,05,","","","738.3",",K","40.5",",,,K","","","-5.48",",K","-0.99",",,,K","-9.98",",,,K"
"USC00238051","2011-02","39.97018","-91.88753","214.9","STEFFENVILLE, MO US","0.0","K","0.0",",K","7",",K","4",",K","1",",K","","","","","3",",K","22",",K","10",",K","1",",K","0",",K","1","","20110203",",,K","","","","","2","","20110228",",,K","20110217",",,K","-22.2",",K,03,","","","","","31.5",",,K,28,","21.1",",K,17,","","","539.7",",K","70.4",",,,K","","","-0.94",",K","3.62",",,,K","-5.50",",,,K"
"USC00238051","2011-03","39.97018","-91.88753","214.9","STEFFENVILLE, MO US","0.5","K","0.5",",K","6",",K","4",",K","0",",K","","","","","0",",K","18",",K","0",",K","5",",K","0",",K","","","20110311","+,,K","","","","","4","","20110305",",,K","20110321","+,,K","-4.4",",K,11,+","","","","","11.9",",,K,05,","25.6",",K,21,+","","","354.3",",K","30.2",",,,K","","","6.92",",K","12.33",",,,K","1.51",",,,K"
"USC00238051","2011-04","39.97018","-91.88753","214.9","STEFFENVILLE, MO US","9.1","K","8.6",",K","14",",K","10",",K","2",",K","","","","","0",",K","1",",K","0",",K","11",",K","0",",K","","","20110405",",,K","","","","","8","","20110423",",,K","20110404","+,,K","-0.6",",K,05,","","","","","30.7",",,K,23,","29.4",",K,04,+","","","174.4",",K","133.0",",,,K","","","12.81",",K","18.76",",,,K","6.86",",,,K"
"USC00238051","2011-05","39.97018","-91.88753","214.9","STEFFENVILLE, MO US","59.0","K","49.9",",K","12",",K","8",",K","2",",K","","","","","0",",K","1",",K","0",",K","20",",K","0",",K","1","","20110504",",,K","","","","","7","","20110525",",,K","20110509",",,K","0.0",",K,04,","","","","","31.5",",,K,25,","31.7",",K,09,","","","97.7",",K","115.7",",,,K","","","16.79",",K","22.37",",,,K","11.22",",,,K"
"USC00238051","2011-06","39.97018","-91.88753","214.9","STEFFENVILLE, MO US","210.8","K","151.8",",K","13",",K","10",",K","4",",K","","","","","0",",K","0",",K","0",",K","29",",K","7",",K","","","20110601",",,K","","","","","13","","20110602",",,K","20110630","+,,K","12.8",",K,01,","","","","","42.4",",,K,02,","33.9",",K,30,+","","","0.8",",K","191.1",",,,K","","","23.37",",K","28.65",",,,K","18.08",",,,K"
"USC00238051","2011-07","39.97018","-91.88753","214.9","STEFFENVILLE, MO US","497.5","K","286.7","1,K","7",",K","5",",K","1",",K","","","","","0","1,K","0","1,K","0","1,K","30","1,K","18","1,K","","","20110705",",1,K","","","","","7","","20110713",",,K","20110728","+,1,K","17.8","1,K,05,","","","","","37.1",",,K,13,","37.2","1,K,28,+","0.0","K","0.0","1,K","65.1",",,,K","","","27.89","1,K","33.28","1,,,K","22.50","1,,,K"
"USC00238051","2011-08","39.97018","-91.88753","214.9","STEFFENVILLE, MO US","714.0","K","216.5",",K","9",",K","4",",K","0",",K","","","","","0",",K","0",",K","0",",K","31",",K","12",",K","1","","20110811",",,K","","","","","5","","20110831",",,K","20110802",",,K","13.3",",K,11,","","","","","14.5",",,K,31,","38.3",",K,02,","0.0","K","0.0",",K","36.4",",,,K","","","25.32",",K","31.89",",,,K","18.74",",,,K"
"USC00238051","2011-09","39.97018","-91.88753","214.9","STEFFENVILLE, MO US","","","","","","","","","","","","","","","","","","","","","","","","","","","","","","","","","1","","","","","","","","","","","","","","","","","","","","","","","","","","","","",""
"USC00238051","2011-10","39.97018","-91.88753","214.9","STEFFENVILLE, MO US","","","23.6",",K","6",",K","4",",K","0",",K","","","","","0",",K","2",",K","0",",K","19",",K","0",",K","","","20111028",",,K","","","","","3","","20111013",",,K","20111008","+,,K","-1.7",",K,28,","","","","","20.6",",,K,13,","30.0",",K,08,+","","","134.6",",K","48.0",",,,K","","","14.75",",K","22.12",",,,K","7.39",",,,K"
"USC00238051","2011-12","39.97018","-91.88753","214.9","STEFFENVILLE, MO US","","","0.0",",K","9",",K","7",",K","0",",K","","","","","0",",K","19",",K","2",",K","0",",K","0",",K","","","20111210",",,K","","","","","1","","20111220","+,,K","20111231","+,,K","-11.7",",K,10,","","","","","13.0",",,K,20,+","15.0",",K,31,+","","","481.0",",K","61.4",",,,K","","","2.82",",K","7.09",",,,K","-1.45",",,,K"
"USC00238051","2012-01","39.97018","-91.88753","214.9","STEFFENVILLE, MO US","0.0","","0.0",",K","5",",K","4",",K","0",",K","","","","","0",",K","26",",K","5",",K","0",",K","0",",K","2","","20120120","+,,K","","","","","1","","20120128",",,K","20120116",",,K","-13.3",",K,20,+","","","","","12.4",",,K,28,","18.9",",K,16,","","","528.9",",K","21.8",",,,K","","","1.27",",K","7.05",",,,K","-4.50",",,,K"
"USC00238051","2012-02","39.97018","-91.88753","214.9","STEFFENVILLE, MO US","0.0","","0.0",",K","7",",K","5",",K","0",",K","","","","","0",",K","24",",K","2",",K","0",",K","0",",K","","","20120212",",,K","","","","","1","","20120204",",,K","20120202",",,K","-12.8",",K,12,","","","","","15.0",",,K,04,","16.7",",K,02,","","","444.3",",K","37.6",",,,K","","","3.01",",K","8.37",",,,K","-2.34",",,,K"
"USC00238051","2012-03","39.97018","-91.88753","214.9","STEFFENVILLE, MO US","21.8","","21.8",",K","10",",K","8",",K","0",",K","","","","","0",",K","5",",K","0",",K","19",",K","0",",K","3","","20120305","+,,K","","","","","3","","20120330",",,K","20120316",",,K","-6.1",",K,05,+","","","","","13.0",",,K,30,","27.8",",K,16,","","","153.3",",K","72.4",",,,K","","","14.09",",K","20.23",",,,K","7.95",",,,K"
"USC00238051","2012-04","39.97018","-91.88753","214.9","STEFFENVILLE, MO US","42.6","","20.8",",K","12",",K","7",",K","0",",K","","","","","0",",K","3",",K","0",",K","12",",K","0",",K","1","","20120411","+,,K","","","","","8","","20120430",",,K","20120402",",,K","-1.7",",K,11,+","","","","","25.1",",,K,30,","31.1",",K,02,","","","148.9",",K","104.7",",,,K","","","14.06",",K","20.68",",,,K","7.45",",,,K"
"USC00238051","2012-05","39.97018","-91.88753","214.9","STEFFENVILLE, MO US","140.6","","98.0",",K","6",",K","4",",K","0",",K","","","","","0",",K","0",",K","0",",K","31",",K","3",",K","","","20120510",",,K","","","","","2","","20120501",",,K","20120527",",,K","7.2",",K,10,","","","","","24.1",",,K,01,","33.3",",K,27,","","","18.6",",K","38.0",",,,K","","","20.89",",K","27.35",",,,K","14.43",",,,K"
"USC00238051","2012-07","39.97018","-91.88753","214.9","STEFFENVILLE, MO US","","","321.8",",K","7",",K","6",",K","1",",K","","","","","0",",K","0",",K","0",",K","31",",K","28",",K","1","","20120728","+,,K","","","","","7","","20120714",",,K","20120707","+,,K","16.7",",K,28,+","","","","","52.3",",,K,14,","40.6",",K,07,+","0.0","","0.0",",K","81.4",",,,K","","","28.71",",K","35.81",",,,K","21.62",",,,K"
"USC00238051","2013-03","39.97018","-91.88753","214.9","STEFFENVILLE, MO US","","","0.0",",7","12",",7","6",",7","0",",7","12",",7","3",",7","0",",7","23",",7","4",",7","1",",7","0",",7","","","20130307",",,7","20130305","+,,7","20130325",",,7","","","20130309",",,7","20130315",",,7","-11.7",",7,07,","178",",,7,05,+","130",",,7,25,","20.1",",,7,09,","22.2",",7,15,","","","494.9",",7","70.1",",,,7","294",",,,7","2.37",",7","7.15",",,,7","-2.42",",,,7"
"USC00238051","2013-04","39.97018","-91.88753","214.9","STEFFENVILLE, MO US","","","8.3",",7","12",",7","7",",7","2",",7","","","","","0",",7","6",",7","0",",7","9",",7","0",",7","","","20130402",",,7","","","","","","","20130418",",,7","20130430",",,7","-5.6",",7,02,","","","","","124.5",",,7,18,","28.9",",7,30,","","","225.5",",7","221.6",",,,7","","","11.09",",7","16.98",",,,7","5.21",",,,7"
"USC00238051","2013-05","39.97018","-91.88753","214.9","STEFFENVILLE, MO US","","","46.2","1,7","12",",7","11",",7","5",",7","","","","","0","1,7","0","1,7","0","1,7","20","1,7","0","1,7","","","20130513","+,1,7","","","","","","","20130528",",,7","20130520","+,1,7","1.7","1,7,13,+","","","","","61.0",",,7,28,","30.6","1,7,20,+","","","74.1","1,7","262.7",",,,7","","","17.41","1,7","22.93","1,,,7","11.88","1,,,7"
"USC00238051","2013-06","39.97018","-91.88753","214.9","STEFFENVILLE, MO US","","","143.8",",7","8",",7","7",",7","0",",7","","","","","0",",7","0",",7","0",",7","29",",7","8",",7","","","20130603",",,7","","","","","","","20130616",",,7","20130612",",,7","7.8",",7,03,","","","","","19.8",",,7,16,","33.9",",7,12,","","","7.5",",7","64.2",",,,7","","","22.88",",7","28.26",",,,7","17.50",",,,7"
"USC00238051","2013-07","39.97018","-91.88753","214.9","STEFFENVILLE, MO US","","","180.4",",7","6",",7","3",",7","1",",7","","","","","0",",7","0",",7","0",",7","31",",7","10",",7","","","20130729","+,,7","","","","","","","20130722",",,7","20130719","+,,7","10.6",",7,29,+","","","","","29.0",",,7,22,","36.1",",7,19,+","1.1","7","1.1",",7","51.3",",,,7","","","24.12",",7","30.27",",,,7","17.97",",,,7"
"USC00238051","2013-08","39.97018","-91.88753","214.9","STEFFENVILLE, MO US","","","187.2",",7","2",",7","1",",7","0",",7","","","","","0",",7","0",",7","0",",7","31",",7","11",",7","","","20130814",",,7","","","","","","","20130803",",,7","20130830",",,7","10.0",",7,14,","","","","","2.5",",,7,03,","38.3",",7,30,","2.2","7","1.1",",7","3.8",",,,7","","","24.33",",7","30.62",",,,7","18.05",",,,7"
"USC00238051","2013-09","39.97018","-91.88753","214.9","STEFFENVILLE, MO US","","","","","5",",7","4",",7","1",",7","","","","","","","","","","","","","","","","","","","","","","","","","20130920",",,7","","","","","","","","","29.5",",,7,20,","","","","","","","59.9",",,,7","","","","","","","",""
"USC00238051","2013-10","39.97018","-91.88753","214.9","STEFFENVILLE, MO US","","","24.1","1,7","11",",7","4",",7","1",",7","","","","","0","1,7","4","1,7","0",",7","12",",7","0",",7","","","20131027","+,1,7","","","","","","","20131031",",,7","20131004",",,7","-2.2","1,7,27,+","","","","","59.2",",,7,31,","30.6",",7,04,","","","155.3",",7","80.1",",,,7","","","13.84","1,7","19.96",",,,7","7.72","1,,,7"
"USC00238051","2013-11","39.97018","-91.88753","214.9","STEFFENVILLE, MO US","","","0.0",",7","7",",7","4",",7","1",",7","","","","","0",",7","16",",7","3",",7","1",",7","0",",7","","","20131124",",,7","","","","","","","20131101",",,7","20131117",",,7","-13.3",",7,24,","","","","","27.7",",,7,01,","22.2",",7,17,","","","402.4",",7","64.5",",,,7","","","4.92",",7","9.98",",,,7","-0.15",",,,7"
"USC00238051","2013-12","39.97018","-91.88753","214.9","STEFFENVILLE, MO US","","","0.0",",7","4",",7","2",",7","0",",7","8",",7","2",",7","1",",7","26",",7","14",",7","0",",7","0",",7","","","20131224",",,7","20131215","+,,7","20131214",",,7","","","20131214",",,7","20131204",",,7","-21.1",",7,24,","127",",,7,15,+","140",",,7,14,","17.8",",,7,14,","14.4",",7,04,","","","641.8",",7","28.5",",,,7","176",",,,7","-2.37",",7","2.58",",,,7","-7.32",",,,7"
"USC00238051","2014-01","39.97018","-91.88753","214.9","STEFFENVILLE, MO US","0.0","7","0.0",",7","6","1,7","3","1,7","0","1,7","","","","","9",",7","30",",7","13",",7","0",",7","0",",7","","","20140107",",,7","","","","","","","20140111",",1,7","20140113",",,7","-25.6",",7,07,","","","","","7.1","1,,7,11,","15.0",",7,13,","","","777.3",",7","18.5","1,,,7","","","-6.74",",7","-0.27",",,,7","-13.21",",,,7"
"USC00238051","2014-02","39.97018","-91.88753","214.9","STEFFENVILLE, MO US","0.0","7","0.0","1,7","9",",7","7",",7","0",",7","","","","","9",",7","27",",7","20","1,7","0","1,7","0","1,7","","","20140212","+,,7","","","","","","","20140201",",,7","20140219",",1,7","-24.4",",7,12,+","","","","","12.7",",,7,01,","12.8","1,7,19,","","","719.9","1,7","46.2",",,,7","","","-8.14","1,7","-3.04","1,,,7","-13.24",",,,7"
"USC00238051","2014-03","39.97018","-91.88753","214.9","STEFFENVILLE, MO US","0.0","7","0.0",",7","5",",7","3",",7","0",",7","","","","","2",",7","25",",7","4",",7","0",",7","0",",7","","","20140304","+,,7","","","","","","","20140312",",,7","20140312",",,7","-22.8",",7,04,+","","","","","14.2",",,7,12,","20.6",",7,12,","","","520.6",",7","27.4",",,,7","","","1.54",",7","8.30",",,,7","-5.22",",,,7"
"USC00238051","2014-04","39.97018","-91.88753","214.9","STEFFENVILLE, MO US","5.4","7","5.4","3,7","11","2,7","9","2,7","1","2,7","","","","","0","3,7","6","3,7","0","3,7","11","3,7","0","3,7","","","20140415",",3,7","","","","","","","20140403",",2,7","20140413",",3,7","-3.9","3,7,15,","","","","","46.0","2,,7,03,","27.8","3,7,13,","","","200.3","3,7","113.2",",a,,7","","","11.11","3,7","17.90","3,,,7","4.33","3,,,7"
"USC00238051","2014-05","39.97018","-91.88753","214.9","STEFFENVILLE, MO US","64.8","7","59.4",",7","10",",7","5",",7","0",",7","","","","","0",",7","0",",7","0",",7","21",",7","0",",7","","","20140517",",,7","","","","","","","20140513",",,7","20140522","+,,7","1.7",",7,17,","","","","","22.1",",,7,13,","31.1",",7,22,+","","","87.2",",7","52.2",",,,7","","","17.44",",7","23.17",",,,7","11.71",",,,7"
"USC00238051","2014-06","39.97018","-91.88753","214.9","STEFFENVILLE, MO US","205.8","7","141.0",",7","12",",7","9",",7","3",",7","","","","","0",",7","0",",7","0",",7","29",",7","2",",7","","","20140613",",,7","","","","","","","20140604",",,7","20140622","+,,7","11.7",",7,13,","","","","","90.7",",,7,04,","32.2",",7,22,+","","","2.2",",7","192.4",",,,7","","","22.96",",7","27.71",",,,7","18.21",",,,7"
"USC00238051","2014-07","39.97018","-91.88753","214.9","STEFFENVILLE, MO US","317.9","7","112.1",",7","9",",7","5",",7","1",",7","","","","","0",",7","0",",7","0",",7","30",",7","4",",7","","","20140716",",,7","","","","","","","20140726",",,7","20140723",",,7","11.1",",7,16,","","","","","40.6",",,7,26,","33.9",",7,23,","5.0","7","5.0",",7","73.9",",,,7","","","21.79",",7","27.51",",,,7","16.06",",,,7"
"USC00238051","2014-08","39.97018","-91.88753","214.9","STEFFENVILLE, MO US","481.3","7","163.4",",7","10",",7","8",",7","3",",7","","","","","0",",7","0",",7","0",",7","31",",7","4",",7","","","20140813",",,7","","","","","","","20140807",",,7","20140826",",,7","12.8",",7,13,","","","","","31.2",",,7,07,","34.4",",7,26,","5.0","7","0.0",",7","143.9",",,,7","","","23.60",",7","28.31",",,,7","18.90",",,,7"
"USC00238051","2014-09","39.97018","-91.88753","214.9","STEFFENVILLE, MO US","536.2","7","54.9",",7","7",",7","4",",7","1",",7","","","","","0",",7","0",",7","0",",7","23",",7","1",",7","","","20140913",",,7","","","","","","","20140910",",,7","20140905",",,7","1.7",",7,13,","","","","","153.4",",,7,10,","33.3",",7,05,","65.5","7","60.5",",7","167.5",",,,7","","","18.15",",7","24.56",",,,7","11.73",",,,7"
"USC00238051","2014-10","39.97018","-91.88753","214.9","STEFFENVILLE, MO US","536.2","7","0.0",",7","11",",7","5",",7","3",",7","","","","","0",",7","0",",7","0",",7","10",",7","0",",7","","","20141031",",,7","","","","","","","20141003",",,7","20141028",",,7","0.6",",7,31,","","","","","50.5",",,7,03,","26.1",",7,28,","242.3","7","176.8",",7","133.8",",,,7","","","12.63",",7","18.48",",,,7","6.78",",,,7"
"USC00238051","2014-11","39.97018","-91.88753","214.9","STEFFENVILLE, MO US","536.2","7","0.0",",7","7",",7","4",",7","0",",7","","","","","0",",7","22",",7","8",",7","2",",7","0",",7","","","20141118",",,7","","","","","","","20141124",",,7","20141111",",,7","-12.8",",7,18,","","","","","16.8",",,7,24,","22.2",",7,11,","745.7","7","503.4",",7","30.5",",,,7","","","1.55",",7","6.76",",,,7","-3.65",",,,7"
"USC00238051","2014-12","39.97018","-91.88753","214.9","STEFFENVILLE, MO US","536.2","7","0.0",",7","8",",7","5",",7","0",",7","","","","","0",",7","23",",7","7",",7","0",",7","0",",7","","","20141231",",,7","","","","","","","20141223",",,7","20141215",",,7","-15.6",",7,31,","","","","","8.6",",,7,23,","17.2",",7,15,","1287.5","7","541.8",",7","32.3",",,,7","","","0.86",",7","4.23",",,,7","-2.52",",,,7"
"USC00238051","2015-01","39.97018","-91.88753","214.9","STEFFENVILLE, MO US","0.0","7","0.0",",7","6",",7","5",",7","0",",7","","","","","3",",7","30",",7","11",",7","0",",7","0",",7","","","20150108",",,7","","","","","","","20150104",",,7","20150117",",,7","-20.0",",7,08,","","","","","10.7",",,7,04,","11.7",",7,17,","1958.7","7","671.2",",7","24.5",",,,7","","","-3.32",",7","1.73",",,,7","-8.36",",,,7"
"USC00238051","2015-02","39.97018","-91.88753","214.9","STEFFENVILLE, MO US","0.0","7","0.0",",7","8",",7","5",",7","1",",7","","","","","8",",7","27",",7","15",",7","0",",7","0",",7","","","20150227",",,7","","","","","","","20150201",",,7","20150208",",,7","-21.7",",7,27,","","","","","31.2",",,7,01,","13.3",",7,08,","2670.1","7","711.4",",7","51.0",",,,7","","","-7.08",",7","-1.67",",,,7","-12.48",",,,7"
"USC00238051","2015-03","39.97018","-91.88753","214.9","STEFFENVILLE, MO US","0.0","7","0.0",",7","7",",7","4",",7","0",",7","","","","","0",",7","17",",7","4",",7","3",",7","0",",7","","","20150305",",,7","","","","","","","20150325",",,7","20150317",",,7","-14.4",",7,05,","","","","","14.0",",,7,25,","26.7",",7,17,","3097.8","7","427.7",",7","37.4",",,,7","","","4.54",",7","10.78",",,,7","-1.71",",,,7"
"USC00238051","2015-04","39.97018","-91.88753","214.9","STEFFENVILLE, MO US","2.3","7","2.3",",7","13",",7","7",",7","0",",7","","","","","0",",7","3",",7","0",",7","14",",7","0",",7","","","20150405","+,,7","","","","","","","20150413",",,7","20150410",",,7","-1.7",",7,05,+","","","","","12.4",",,7,13,","26.7",",7,10,","3252.0","7","154.2",",7","58.0",",,,7","","","13.27",",7","19.94",",,,7","6.59",",,,7"
"USC00238051","2015-05","39.97018","-91.88753","214.9","STEFFENVILLE, MO US","48.2","7","45.9",",7","19",",7","15",",7","1",",7","","","","","0",",7","0",",7","0",",7","21",",7","0",",7","","","20150501",",,7","","","","","","","20150505",",,7","20150504",",,7","3.3",",7,01,","","","","","33.8",",,7,05,","28.3",",7,04,","3315.9","7","63.9",",7","170.4",",,,7","","","17.75",",7","23.03",",,,7","12.47",",,,7"
"USC00238051","2015-06","39.97018","-91.88753","214.9","STEFFENVILLE, MO US","184.1","7","135.9",",7","18",",7","13",",7","4",",7","","","","","0",",7","0",",7","0",",7","28",",7","4",",7","","","20150601",",,7","","","","","","","20150625",",,7","20150611",",,7","10.0",",7,01,","","","","","102.1",",,7,25,","33.3",",7,11,","3325.3","7","9.4",",7","334.5",",,,7","","","22.55",",7","27.16",",,,7","17.93",",,,7"
"USC00238051","2015-07","39.97018","-91.88753","214.9","STEFFENVILLE, MO US","364.5","7","180.4",",7","17",",7","12",",7","2",",7","","","","","0",",7","0",",7","0",",7","30",",7","7",",7","","","20150709",",,7","","","","","","","20150726",",,7","20150718",",,7","13.3",",7,09,","","","","","29.5",",,7,26,","34.4",",7,18,","3.9","7","3.9",",7","167.1",",,,7","","","24.03",",7","28.84",",,,7","19.21",",,,7"
"USC00238051","2015-08","39.97018","-91.88753","214.9","STEFFENVILLE, MO US","495.0","7","130.5",",7","10",",7","8",",7","1",",7","","","","","0",",7","0",",7","0",",7","30",",7","1",",7","","","20150825",",,7","","","","","","","20150806",",,7","20150803",",,7","11.1",",7,25,","","","","","42.7",",,7,06,","32.2",",7,03,","6.4","7","2.5",",7","81.4",",,,7","","","22.46",",7","27.56",",,,7","17.36",",,,7"
"USC00238051","2015-09","39.97018","-91.88753","214.9","STEFFENVILLE, MO US","620.9","7","125.9",",7","7",",7","3",",7","0",",7","","","","","0",",7","0",",7","0",",7","29",",7","7",",7","","","20150921","+,,7","","","","","","","20150909",",,7","20150907",",,7","7.2",",7,21,+","","","","","11.7",",,7,09,","34.4",",7,07,","26.2","7","19.8",",7","20.4",",,,7","","","21.87",",7","28.15",",,,7","15.59",",,,7"
"USC00238051","2015-10","39.97018","-91.88753","214.9","STEFFENVILLE, MO US","629.0","7","8.1",",7","4",",7","3",",7","0",",7","","","","","0",",7","2",",7","0",",7","10",",7","0",",7","","","20151031",",,7","","","","","","","20151028",",,7","20151022","+,,7","-0.6",",7,31,","","","","","20.8",",,7,28,","28.3",",7,22,+","193.5","7","167.3",",7","44.9",",,,7","","","13.20",",7","19.37",",,,7","7.02",",,,7"
"USC00238051","2015-11","39.97018","-91.88753","214.9","STEFFENVILLE, MO US","629.0","7","0.0",",7","12",",7","9",",7","2",",7","","","","","0",",7","10",",7","1",",7","2",",7","0",",7","","","20151122",",,7","","","","","","","20151127",",,7","20151103",",,7","-6.7",",7,22,","","","","","39.4",",,7,27,","23.3",",7,03,","495.2","7","301.7",",7","141.3",",,,7","","","8.28",",7","13.57",",,,7","2.98",",,,7"
"USC00238051","2015-12","39.97018","-91.88753","214.9","STEFFENVILLE, MO US","629.0","7","0.0",",7","12",",7","8",",7","2",",7","","","","","0",",7","17",",7","2",",7","0",",7","0",",7","","","20151220","+,,7","","","","","","","20151214",",,7","20151213",",,7","-7.2",",7,20,+","","","","","72.4",",,7,14,","19.4",",7,13,","926.0","7","430.8",",7","160.1",",,,7","","","4.44",",7","8.25",",,,7","0.62",",,,7"
"USC00238051","2016-01","39.97018","-91.88753","214.9","STEFFENVILLE, MO US","0.0","7","0.0",",7","5",",7","2",",7","0",",7","","","","","4",",7","28",",7","14",",7","0",",7","0",",7","","","20160119","+,,7","","","","","","","20160120",",,7","20160115",",,7","-20.0",",7,19,+","","","","","7.6",",,7,20,","13.9",",7,15,","1604.5","7","678.5",",7","16.8",",,,7","","","-3.55",",7","0.78",",,,7","-7.89",",,,7"
"USC00238051","2016-02","39.97018","-91.88753","214.9","STEFFENVILLE, MO US","0.0","7","0.0",",7","7",",7","1",",7","0",",7","","","","","0",",7","22",",7","7",",7","1",",7","0",",7","","","20160213",",,7","","","","","","","20160202",",,7","20160221",",,7","-15.0",",7,13,","","","","","5.6",",,7,02,","21.7",",7,21,","2106.7","7","502.2",",7","11.7",",,,7","","","1.02",",7","6.01",",,,7","-3.98",",,,7"
"USC00238051","2016-03","39.97018","-91.88753","214.9","STEFFENVILLE, MO US","0.0","7","0.0",",7","11",",7","5",",7","0",",7","","","","","0",",7","12",",7","0",",7","4",",7","0",",7","","","20160303","+,,7","","","","","","","20160331",",,7","20160316",",,7","-8.3",",7,03,+","","","","","17.5",",,7,31,","23.9",",7,16,","2414.6","7","307.9",",7","58.5",",,,7","","","8.40",",7","13.86",",,,7","2.95",",,,7"
"USC00238051","2016-04","39.97018","-91.88753","214.9","STEFFENVILLE, MO US","7.6","7","7.6",",7","12",",7","8",",7","1",",7","","","","","0",",7","4",",7","0",",7","9",",7","0",",7","","","20160410","+,,7","","","","","","","20160427",",,7","20160425",",,7","-3.9",",7,10,+","","","","","45.5",",,7,27,","26.7",",7,25,","2609.5","7","194.9",",7","93.5",",,,7","","","12.09",",7","17.92",",,,7","6.26",",,,7"
"USC00238051","2016-05","39.97018","-91.88753","214.9","STEFFENVILLE, MO US","46.4","7","38.8",",7","16",",7","11",",7","0",",7","","","","","0",",7","0",",7","0",",7","18",",7","0",",7","","","20160514",",,7","","","","","","","20160512",",,7","20160530",",,7","4.4",",7,14,","","","","","25.1",",,7,12,","29.4",",7,30,","2703.4","7","93.9",",7","110.6",",,,7","","","16.55",",7","22.07",",,,7","11.04",",,,7"
"USC00238051","2016-06","39.97018","-91.88753","214.9","STEFFENVILLE, MO US","244.3","7","197.9",",7","5",",7","3",",7","0",",7","","","","","0",",7","0",",7","0",",7","30",",7","14",",7","","","20160608",",,7","","","","","","","20160621",",,7","20160616",",,7","11.1",",7,08,","","","","","22.6",",,7,21,","37.2",",7,16,","2703.4","7","0.0",",7","31.3",",,,7","","","24.93",",7","31.38",",,,7","18.48",",,,7"
"USC00238051","2016-07","39.97018","-91.88753","214.9","STEFFENVILLE, MO US","437.0","7","192.7",",7","14",",7","10",",7","1",",7","","","","","0",",7","0",",7","0",",7","29",",7","9",",7","","","20160704","+,,7","","","","","","","20160712",",,7","20160725","+,,7","13.9",",7,04,+","","","","","29.7",",,7,12,","34.4",",7,25,+","4.4","7","4.4",",7","138.1",",,,7","","","24.41",",7","29.79",",,,7","19.03",",,,7"
"USC00238051","2016-08","39.97018","-91.88753","214.9","STEFFENVILLE, MO US","614.9","7","177.9",",7","15",",7","10",",7","3",",7","","","","","0",",7","0",",7","0",",7","31",",7","4",",7","","","20160821",",,7","","","","","","","20160805",",,7","20160812","+,,7","13.3",",7,21,","","","","","54.4",",,7,05,","33.9",",7,12,+","4.4","7","0.0",",7","238.0",",,,7","","","24.07",",7","28.84",",,,7","19.31",",,,7"
"USC00238051","2016-09","39.97018","-91.88753","214.9","STEFFENVILLE, MO US","720.2","7","105.3",",7","7",",7","4",",7","0",",7","","","","","0",",7","0",",7","0",",7","29",",7","3",",7","","","20160930","+,,7","","","","","","","20160910",",,7","20160907",",,7","9.4",",7,30,+","","","","","16.5",",,7,10,","33.3",",7,07,","14.2","7","9.8",",7","49.3",",,,7","","","21.52",",7","27.59",",,,7","15.44",",,,7"
"USC00238051","2016-10","39.97018","-91.88753","214.9","STEFFENVILLE, MO US","747.1","7","26.9",",7","9",",7","4",",7","0",",7","","","","","0",",7","0",",7","0",",7","16",",7","1",",7","","","20161014","+,,7","","","","","","","20161006",",,7","20161018",",,7","0.6",",7,14,+","","","","","24.6",",,7,06,","32.2",",7,18,","129.7","7","115.5",",7","55.4",",,,7","","","15.48",",7","21.40",",,,7","9.55",",,,7"
"USC00238051","2016-11","39.97018","-91.88753","214.9","STEFFENVILLE, MO US","754.9","7","7.8",",7","4",",7","3",",7","0",",7","","","","","0",",7","8",",7","0",",7","6",",7","0",",7","","","20161120",",,7","","","","","","","20161128",",,7","20161102",",,7","-7.2",",7,20,","","","","","10.4",",,7,28,","26.7",",7,02,","399.9","7","270.2",",7","26.5",",,,7","","","9.59",",7","15.79",",,,7","3.38",",,,7"
"USC00238051","2016-12","39.97018","-91.88753","214.9","STEFFENVILLE, MO US","754.9","7","0.0",",7","8",",7","3",",7","0",",7","","","","","3",",7","27",",7","11",",7","0",",7","0",",7","","","20161219","+,,7","","","","","","","20161226",",,7","20161226",",,7","-22.8",",7,19,+","","","","","11.4",",,7,26,","15.6",",7,26,","1041.4","7","641.5",",7","33.3",",,,7","","","-2.36",",7","2.14",",,,7","-6.86",",,,7"
"USC00238051","2017-01","39.97018","-91.88753","214.9","STEFFENVILLE, MO US","0.0","7","0.0",",7","8",",7","3",",7","0",",7","4",",7","1",",7","3",",7","25",",7","10",",7","0",",7","0",",7","","","20170107",",,7","20170108","+,,7","20170105",",,7","","","20170117",",,7","20170111",",,7","-20.0",",7,07,","25",",,7,08,+","30",",,7,05,","16.0",",,7,17,","15.6",",7,11,","1640.2","7","598.8",",7","31.8",",,,7","30",",,,7","-0.98",",7","3.48",",,,7","-5.44",",,,7"
"USC00238051","2017-02","39.97018","-91.88753","214.9","STEFFENVILLE, MO US","0.0","7","0.0",",7","3",",7","1",",7","0",",7","","","","","0",",7","18",",7","4",",7","6",",7","0",",7","","","20170210","+,,7","","","","","","","20170209",",,7","20170221",",,7","-12.8",",7,10,+","","","","","3.0",",,7,09,","23.3",",7,21,","2016.6","7","376.4",",7","5.0",",,,7","","","4.89",",7","11.56",",,,7","-1.79",",,,7"
"USC00238051","2017-03","39.97018","-91.88753","214.9","STEFFENVILLE, MO US","0.0","7","0.0",",7","10",",7","6",",7","1",",7","0",",7","0",",7","0",",7","13",",7","0",",7","6",",7","0",",7","","","20170316","+,,7","20170311",",,7","20170311",",,7","","","20170330",",,7","20170301",",,7","-11.7",",7,16,+","0",",T,7,11,","8",",,7,11,","29.5",",,7,30,","24.4",",7,01,","2382.6","7","366.0",",7","96.3",",,,7","8",",,,7","6.53",",7","12.62",",,,7","0.44",",,,7"
"USC00238051","2017-04","39.97018","-91.88753","214.9","STEFFENVILLE, MO US","16.1","7","16.1",",7","13",",7","9",",7","1",",7","0",",7","0",",7","0",",7","1",",7","0",",7","14",",7","0",",7","","","20170407",",,7","20170430","+,,7","20170430","+,,7","","","20170430",",,7","20170420",",,7","-0.6",",7,07,","0",",,7,30,+","0",",,7,30,+","60.2",",,7,30,","28.9",",7,20,","2549.9","7","167.3",",7","134.5",",,,7","0",",,,7","13.29",",7","19.22",",,,7","7.37",",,,7"
"USC00238051","2017-05","39.97018","-91.88753","214.9","STEFFENVILLE, MO US","56.1","7","40.0",",7","12",",7","7",",7","0",",7","0",",7","0",",7","0",",7","0",",7","0",",7","21",",7","0",",7","","","20170505","+,,7","20170531","+,,7","20170531","+,,7","","","20170523",",,7","20170516","+,,7","5.6",",7,05,+","0",",,7,31,+","0",",,7,31,+","21.6",",,7,23,","30.6",",7,16,+","2632.2","7","82.3",",7","97.8",",,,7","0",",,,7","16.97",",7","23.05",",,,7","10.88",",,,7"
"USC00238051","2017-06","39.97018","-91.88753","214.9","STEFFENVILLE, MO US","182.0","7","125.9","3,7","8",",7","7",",7","2",",7","0",",7","0",",7","0","2,7","0","2,7","0","1,7","29","1,7","6","1,7","","","20170626","+,2,7","20170630","+,,7","20170630","+,,7","","","20170615",",,7","20170606",",1,7","10.6","2,7,26,+","0",",,7,30,+","0",",,7,30,+","71.9",",,7,15,","34.4","1,7,06,","2634.2","7","2.0","1,7","172.2",",,,7","0",",,,7","22.92","3,7","29.32","1,,,7","16.53","2,,,7"
"USC00238051","2017-07","39.97018","-91.88753","214.9","STEFFENVILLE, MO US","403.6","7","221.6",",7","6",",7","3",",7","1",",7","0",",7","0",",7","0",",7","0",",7","0",",7","31",",7","13",",7","","","20170730",",,7","20170731","+,,7","20170731","+,,7","","","20170706",",,7","20170722","+,,7","13.3",",7,30,","0",",,7,31,+","0",",,7,31,+","39.1",",,7,06,","35.6",",7,22,+","0.0","7","0.0",",7","62.0",",,,7","0",",,,7","25.48",",7","31.27",",,,7","19.69",",,,7"
"USC00238051","2017-08","39.97018","-91.88753","214.9","STEFFENVILLE, MO US","508.7","7","105.1",",7","9",",7","5",",7","1",",7","0",",7","0",",7","0",",7","0",",7","0",",7","31",",7","5",",7","","","20170804",",,7","20170831","+,,7","20170831","+,,7","","","20170822",",,7","20170820",",,7","10.6",",7,04,","0",",,7,31,+","0",",,7,31,+","82.3",",,7,22,","33.9",",7,20,","0.0","7","0.0",",7","120.5",",,,7","0",",,,7","21.72",",7","28.27",",,,7","15.18",",,,7"
"USC00238051","2017-09","39.97018","-91.88753","214.9","STEFFENVILLE, MO US","602.6","7","93.9",",7","2",",7","0",",7","0",",7","0",",7","0",",7","0",",7","0",",7","0",",7","28",",7","7",",7","","","20170929","+,,7","20170930","+,,7","20170930","+,,7","","","20170919",",,7","20170924",",,7","7.2",",7,29,+","0",",,7,30,+","0",",,7,30,+","2.0",",,7,19,","35.0",",7,24,","24.3","7","24.3",",7","3.5",",,,7","0",",,,7","20.66",",7","27.96",",,,7","13.35",",,,7"
"USC00238051","2017-10","39.97018","-91.88753","214.9","STEFFENVILLE, MO US","626.3","7","23.7",",7","9",",7","5",",7","3",",7","0",",7","0",",7","0",",7","3",",7","0",",7","18",",7","0",",7","","","20171029",",,7","20171031","+,,7","20171031","+,,7","","","20171006",",,7","20171003",",,7","-3.9",",7,29,","0",",,7,31,+","0",",,7,31,+","63.2",",,7,06,","30.6",",7,03,","164.8","7","140.5",",7","151.5",",,,7","0",",,,7","14.57",",7","20.23",",,,7","8.91",",,,7"
"USC00238051","2017-11","39.97018","-91.88753","214.9","STEFFENVILLE, MO US","626.3","7","0.0",",7","7",",7","3",",7","0",",7","0",",7","0",",7","0",",7","17",",7","0",",7","1",",7","0",",7","","","20171122",",,7","20171130","+,,7","20171130","+,,7","","","20171118",",,7","20171125",",,7","-8.3",",7,22,","0",",,7,30,+","0",",,7,30,+","21.3",",,7,18,","22.8",",7,25,","560.0","7","395.2",",7","32.8",",,,7","0",",,,7","5.16",",7","10.80",",,,7","-0.48",",,,7"
"USC00238051","2017-12","39.97018","-91.88753","214.9","STEFFENVILLE, MO US","626.3","7","0.0",",7","3",",7","1",",7","0",",7","8",",7","1",",7","3",",7","27",",7","10",",7","0",",7","0",",7","","","20171228",",,7","20171231","+,,7","20171224",",,7","","","20171205",",,7","20171205",",,7","-22.2",",7,28,","25",",,7,31,+","25",",,7,24,","3.8",",,7,05,","20.0",",7,05,","1166.9","7","606.9",",7","6.4",",,,7","40",",,,7","-1.24",",7","4.16",",,,7","-6.65",",,,7"
"USC00238051","2018-01","39.97018","-91.88753","214.9","STEFFENVILLE, MO US","0.0","7","0.0",",7","6",",7","4",",7","0",",7","6",",7","1",",7","10",",7","26",",7","14",",7","0",",7","0",",7","","","20180102","+,,7","20180118","+,,7","20180115",",,7","","","20180112",",,7","20180122",",,7","-26.1",",7,02,+","25",",,7,18,+","25",",,7,15,","9.4",",,7,12,","16.7",",7,22,","1879.6","7","712.7",",7","32.2",",,,7","25",",,,7","-4.66",",7","0.83",",,,7","-10.15",",,,7"
"USC00238051","2018-02","39.97018","-91.88753","214.9","STEFFENVILLE, MO US","0.0","7","0.0",",7","10",",7","5",",7","1",",7","2",",7","1",",7","1",",7","24",",7","11",",7","0",",7","0",",7","","","20180205",",,7","20180207","+,,7","20180206",",,7","","","20180220",",,7","20180228",",,7","-17.8",",7,05,","25",",,7,07,+","25",",,7,06,","59.2",",,7,20,","20.6",",7,28,","2426.0","7","546.4",",7","110.7",",,,7","38",",,,7","-1.18",",7","4.41",",,,7","-6.78",",,,7"
"USC00238051","2018-03","39.97018","-91.88753","214.9","STEFFENVILLE, MO US","0.0","7","0.0",",7","11",",7","9",",7","0",",7","0",",7","1",",7","0",",7","19",",7","0",",7","0",",7","0",",7","","","20180308",",,7","20180325","+,,7","20180312",",,7","","","20180327",",,7","20180316",",,7","-6.1",",7,08,","0",",T,7,25,+","33",",,7,12,","25.1",",,7,27,","16.1",",7,16,","2873.2","7","447.2",",7","82.6",",,,7","46",",,,7","3.91",",7","8.82",",,,7","-1.00",",,,7"
"USC00238051","2018-04","39.97018","-91.88753","214.9","STEFFENVILLE, MO US","0.3","7","0.3","1,7","7",",7","3",",7","0",",7","2",",7","2",",7","0","1,7","16","1,7","1",",7","7",",7","0",",7","","","20180403","+,1,7","20180402",",,7","20180402",",,7","","","20180402",",,7","20180413",",,7","-10.6","1,7,03,+","152",",,7,02,","168",",,7,02,","8.9",",,7,02,","27.8",",7,13,","3215.4","7","342.2",",7","19.0",",,,7","196",",,,7","6.79","1,7","13.52",",,,7","0.06","1,,,7"
"USC00238051","2018-05","39.97018","-91.88753","214.9","STEFFENVILLE, MO US","122.4","7","122.1",",7","10",",7","6",",7","1",",7","0",",7","0",",7","0",",7","0",",7","0",",7","30",",7","4",",7","","","20180505",",,7","20180531","+,,7","20180531","+,,7","","","20180509",",,7","20180528",",,7","10.0",",7,05,","0",",,7,31,+","0",",,7,31,+","27.2",",,7,09,","35.6",",7,28,","3217.3","7","1.9",",7","75.1",",,,7","0",",,,7","22.21",",7","28.41",",,,7","16.01",",,,7"
"USC00238051","2018-06","39.97018","-91.88753","214.9","STEFFENVILLE, MO US","328.6","7","206.2",",7","12",",7","4",",7","0",",7","0",",7","0",",7","0",",7","0",",7","0",",7","29",",7","13",",7","","","20180604",",,7","20180630","+,,7","20180630","+,,7","","","20180621",",,7","20180602",",,7","12.2",",7,04,","0",",,7,30,+","0",",,7,30,+","22.4",",,7,21,","36.1",",7,02,","3217.3","7","0.0",",7","54.5",",,,7","0",",,,7","25.21",",7","30.86",",,,7","19.55",",,,7"
"USC00238051","2018-07","39.97018","-91.88753","214.9","STEFFENVILLE, MO US","524.8","7","196.2",",7","6",",7","5",",7","1",",7","0",",7","0",",7","0",",7","0",",7","0",",7","30",",7","11",",7","","","20180728","+,,7","20180731","+,,7","20180731","+,,7","","","20180720",",,7","20180714",",,7","13.9",",7,28,+","0",",,7,31,+","0",",,7,31,+","25.9",",,7,20,","36.7",",7,14,","1.1","7","1.1",",7","81.2",",,,7","0",",,,7","24.62",",7","30.81",",,,7","18.44",",,,7"
"USC00238051","2018-08","39.97018","-91.88753","214.9","STEFFENVILLE, MO US","715.3","7","190.5",",7","11",",7","5",",7","2",",7","0",",7","0",",7","0",",7","0",",7","0",",7","31",",7","11",",7","","","20180823","+,,7","20180831","+,,7","20180831","+,,7","","","20180824",",,7","20180829","+,,7","13.3",",7,23,+","0",",,7,31,+","0",",,7,31,+","57.7",",,7,24,","35.0",",7,29,+","1.1","7","0.0",",7","152.5",",,,7","0",",,,7","24.48",",7","30.45",",,,7","18.51",",,,7"
"USC00238051","2018-09","39.97018","-91.88753","214.9","STEFFENVILLE, MO US","830.3","7","115.0","1,7","7",",7","5",",7","2",",7","0",",7","0",",7","0",",7","0",",7","0","1,7","25","1,7","5","1,7","","","20180927",",,7","20180930","+,,7","20180930","+,,7","","","20180906",",,7","20180921","+,1,7","5.0",",7,27,","0",",,7,30,+","0",",,7,30,+","55.9",",,7,06,","33.3","1,7,21,+","35.6","7","34.5","1,7","130.6",",,,7","0",",,,7","21.13","1,7","27.17","1,,,7","15.09",",,,7"
"USC00238051","2018-10","39.97018","-91.88753","214.9","STEFFENVILLE, MO US","848.9","7","18.6",",7","11",",7","9",",7","1",",7","0",",7","0",",7","0",",7","9",",7","0",",7","9",",7","0",",7","","","20181021",",,7","20181031","+,,7","20181031","+,,7","","","20181010",",,7","20181004",",,7","-2.8",",7,21,","0",",,7,31,+","0",",,7,31,+","32.3",",,7,10,","31.7",",7,04,","257.7","7","222.1",",7","130.1",",,,7","0",",,,7","11.77",",7","17.85",",,,7","5.69",",,,7"
"USC00238051","2018-11","39.97018","-91.88753","214.9","STEFFENVILLE, MO US","848.9","7","0.0",",7","9",",7","6",",7","1",",7","8",",7","4",",7","0",",7","21",",7","6",",7","0",",7","0",",7","","","20181127",",,7","20181126",",,7","20181126",",,7","","","20181104",",,7","20181101",",,7","-14.4",",7,27,","178",",,7,26,","193",",,7,26,","33.0",",,7,04,","16.1",",7,01,","771.0","7","513.3",",7","83.1",",,,7","299",",,,7","1.22",",7","5.66",",,,7","-3.22",",,,7"
"USC00238051","2018-12","39.97018","-91.88753","214.9","STEFFENVILLE, MO US","848.9","7","0.0",",7","10",",7","4",",7","0",",7","0",",7","0",",7","0",",7","27",",7","8",",7","0",",7","0",",7","","","20181211","+,,7","20181211","+,,7","20181203",",,7","","","20181201",",,7","20181220",",,7","-11.7",",7,11,+","0",",T,7,11,+","13",",,7,03,","16.0",",,7,01,","13.9",",7,20,","1324.6","7","553.6",",7","48.0",",,,7","31",",,,7","0.47",",7","5.05",",,,7","-4.10",",,,7"
"USC00238051","2019-01","39.97018","-91.88753","214.9","STEFFENVILLE, MO US","0.0","7","0.0",",7","9",",7","6",",7","1",",7","20",",7","4",",7","5",",7","29",",7","15",",7","0",",7","0",",7","","","20190131","+,,7","20190113",",,7","20190112",",,7","","","20190101",",,7","20190108",",,7","-26.1",",7,31,+","305",",,7,13,","226",",,7,12,","29.2",",,7,01,","16.7",",7,08,","2010.8","7","686.2",",7","100.1",",,,7","501",",,,7","-3.80",",7","0.66",",,,7","-8.27",",,,7"
"USC00238051","2019-02","39.97018","-91.88753","214.9","STEFFENVILLE, MO US","0.0","7","0.0",",7","10",",7","5",",7","0",",7","2",",7","0","1,7","1",",7","26",",7","16",",7","0",",7","0",",7","","","20190201",",,7","20190202","+,,7","20190211",",1,7","","","20190212",",,7","20190204",",,7","-20.0",",7,01,","25",",,7,02,+","18","1,,7,11,","14.0",",,7,12,","12.8",",7,04,","2616.1","7","605.3",",7","51.7",",,,7","31","1,,,7","-3.29",",7","1.39",",,,7","-7.96",",,,7"
"USC00238051","2019-03","39.97018","-91.88753","214.9","STEFFENVILLE, MO US","0.0","7","0.0",",7","12",",7","4",",7","1",",7","2",",7","0","1,7","2",",7","20",",7","6",",7","0",",7","0",",7","","","20190304",",,7","20190305","+,,7","20190308",",1,7","","","20190330",",,7","20190329",",,7","-20.0",",7,04,","25",",,7,05,+","13","1,,7,08,","46.0",",,7,30,","20.6",",7,29,","3100.6","7","484.5",",7","99.5",",,,7","13","1,,,7","2.70",",7","8.29",",,,7","-2.88",",,,7"
"USC00238051","2019-04","39.97018","-91.88753","214.9","STEFFENVILLE, MO US","4.1","7","4.1",",7","12",",7","10",",7","0",",7","0",",7","0",",7","0",",7","3",",7","0",",7","12",",7","0",",7","","","20190401",",,7","20190430","+,,7","20190430","+,,7","","","20190430",",,7","20190422",",,7","-2.8",",7,01,","0",",,7,30,+","0",",,7,30,+","23.6",",,7,30,","27.8",",7,22,","3292.4","7","191.8",",7","77.2",",,,7","0",",,,7","12.08",",7","18.41",",,,7","5.75",",,,7"
"USC00238051","2019-05","39.97018","-91.88753","214.9","STEFFENVILLE, MO US","49.7","7","45.6","1,7","21",",7","12",",7","3",",7","0",",7","0",",7","0",",7","0",",7","0","1,7","18","1,7","0","1,7","","","20190513",",,7","20190531","+,,7","20190531","+,,7","","","20190526",",,7","20190517",",1,7","3.3",",7,13,","0",",,7,31,+","0",",,7,31,+","99.1",",,7,26,","31.7","1,7,17,","3386.3","7","93.9","1,7","343.9",",,,7","0",",,,7","16.59","1,7","21.69","1,,,7","11.48",",,,7"
"USC00238051","2019-06","39.97018","-91.88753","214.9","STEFFENVILLE, MO US","165.0","7","115.3",",7","12",",7","8",",7","3",",7","0",",7","0",",7","0",",7","0",",7","0",",7","30",",7","3",",7","","","20190613",",,7","20190630","+,,7","20190630","+,,7","","","20190620",",,7","20190630",",,7","10.6",",7,13,","0",",,7,30,+","0",",,7,30,+","43.4",",,7,20,","33.3",",7,30,","3389.3","7","3.0",",7","164.4",",,,7","0",",,,7","22.08",",7","27.22",",,,7","16.93",",,,7"
"USC00238051","2019-07","39.97018","-91.88753","214.9","STEFFENVILLE, MO US","389.0","7","224.0",",7","9",",7","5",",7","1",",7","0",",7","0",",7","0",",7","0",",7","0",",7","31",",7","10",",7","","","20190723",",,7","20190731","+,,7","20190731","+,,7","","","20190721",",,7","20190721","+,,7","15.0",",7,23,","0",",,7,31,+","0",",,7,31,+","39.9",",,7,21,","34.4",",7,21,+","0.0","7","0.0",",7","92.0",",,,7","0",",,,7","25.56",",7","30.86",",,,7","20.26",",,,7"
"USC00238051","2019-08","39.97018","-91.88753","214.9","STEFFENVILLE, MO US","530.5","7","141.5",",7","11",",7","6",",7","1",",7","0",",7","0",",7","0",",7","0",",7","0",",7","30",",7","2",",7","","","20190831",",,7","20190831","+,,7","20190831","+,,7","","","20190826",",,7","20190820",",,7","13.9",",7,31,","0",",,7,31,+","0",",,7,31,+","50.8",",,7,26,","33.3",",7,20,","0.5","7","0.5",",7","109.4",",,,7","0",",,,7","22.88",",7","28.02",",,,7","17.74",",,,7"
"USC00238051","2019-09","39.97018","-91.88753","214.9","STEFFENVILLE, MO US","657.0","7","126.5",",7","11",",7","5",",7","3",",7","0",",7","0",",7","0",",7","0",",7","0",",7","29",",7","9",",7","","","20190927",",,7","20190930","+,,7","20190930","+,,7","","","20190923",",,7","20190917",",,7","11.1",",7,27,","0",",,7,30,+","0",",,7,30,+","40.6",",,7,23,","33.9",",7,17,","2.2","7","1.7",",7","135.7",",,,7","0",",,,7","22.50",",7","28.12",",,,7","16.87",",,,7"
"USC00238051","2019-10","39.97018","-91.88753","214.9","STEFFENVILLE, MO US","676.7","7","19.7",",7","11",",7","6",",7","1",",7","1",",7","1",",7","0",",7","5",",7","0",",7","5",",7","1",",7","","","20191031",",,7","20191031",",,7","20191031",",,7","","","20191003",",,7","20191002",",,7","-2.8",",7,31,","51",",,7,31,","56",",,7,31,","35.6",",,7,03,","32.2",",7,02,","244.6","7","242.4",",7","102.4",",,,7","56",",,,7","11.15",",7","16.77",",,,7","5.53",",,,7"
"USC00238051","2019-11","39.97018","-91.88753","214.9","STEFFENVILLE, MO US","676.7","7","0.0",",7","8",",7","3",",7","0",",7","1",",7","0",",7","0",",7","19",",7","2",",7","0",",7","0",",7","","","20191113","+,,7","20191112",",,7","20191112",",,7","","","20191130",",,7","20191107",",,7","-16.1",",7,13,+","25",",,7,12,","15",",,7,12,","22.1",",,7,30,","16.1",",7,07,","714.3","7","469.7",",7","37.9",",,,7","18",",,,7","2.68",",7","8.12",",,,7","-2.77",",,,7"
"USC00238051","2019-12","39.97018","-91.88753","214.9","STEFFENVILLE, MO US","676.7","7","0.0",",7","5",",7","4",",7","0",",7","5",",7","1",",7","0",",7","22",",7","7",",7","0",",7","0",",7","","","20191219","+,,7","20191217","+,,7","20191216",",,7","","","20191229",",,7","20191226",",,7","-11.1",",7,19,+","102",",,7,17,+","104",",,7,16,","19.8",",,7,29,","18.3",",7,26,","1210.0","7","495.7",",7","47.7",",,,7","104",",,,7","2.34",",7","7.25",",,,7","-2.56",",,,7"
"USC00238051","2020-01","39.97018","-91.88753","214.9","STEFFENVILLE, MO US","0.0","7","0.0",",7","7",",7","5",",7","0",",7","8",",7","2",",7","0",",7","28",",7","10",",7","0",",7","0",",7","","","20200120","+,,7","20200124",",,7","20200124",",,7","","","20200111",",,7","20200110",",,7","-16.1",",7,20,+","102",",,7,24,","74",",,7,24,","25.1",",,7,11,","15.6",",7,10,","1823.5","7","613.5",",7","59.7",",,,7","144",",,,7","-1.46",",7","2.62",",,,7","-5.54",",,,7"
"USC00238051","2020-02","39.97018","-91.88753","214.9","STEFFENVILLE, MO US","0.0","7","0.0",",7","9",",7","5",",7","0",",7","7",",7","3",",7","3",",7","25",",7","6",",7","0",",7","0",",7","","","20200214",",,7","20200215","+,,7","20200213",",,7","","","20200213",",,7","20200224",",,7","-22.8",",7,14,","76",",,7,15,+","99",",,7,13,","7.9",",,7,13,","16.1",",7,24,","2381.8","7","558.3",",7","26.5",",,,7","180",",,,7","-0.92",",7","3.97",",,,7","-5.80",",,,7"
"USC00238051","2020-03","39.97018","-91.88753","214.9","STEFFENVILLE, MO US","0.0","7","0.0",",7","14",",7","8",",7","1",",7","0",",7","0",",7","0",",7","12",",7","0",",7","2",",7","0",",7","","","20200301",",,7","20200314",",,7","20200315",",,7","","","20200310",",,7","20200329",",,7","-7.2",",7,01,","0",",T,7,14,","5",",,7,15,","37.1",",,7,10,","22.8",",7,29,","2738.9","7","357.1",",7","97.0",",,,7","8",",,,7","6.81",",7","11.79",",,,7","1.84",",,,7"
"USC00238051","2020-04","39.97018","-91.88753","214.9","STEFFENVILLE, MO US","0.6","7","0.6",",7","13",",7","4",",7","0",",7","1",",7","1",",7","0",",7","11",",7","0",",7","6",",7","0",",7","","","20200411","+,,7","20200416",",,7","20200416",",,7","","","20200425",",,7","20200409",",,7","-2.8",",7,11,+","25",",,7,16,","36",",,7,16,","21.3",",,7,25,","28.9",",7,09,","2987.5","7","248.6",",7","65.3",",,,7","51",",,,7","10.07",",7","16.47",",,,7","3.66",",,,7"
"USC00238051","2020-05","39.97018","-91.88753","214.9","STEFFENVILLE, MO US","30.3","7","29.7",",7","16",",7","9",",7","2",",7","0",",7","0",",7","0",",7","0",",7","0",",7","17",",7","0",",7","","","20200509",",,7","20200531","+,,7","20200531","+,,7","","","20200525",",,7","20200525",",,7","1.1",",7,09,","0",",,7,31,+","0",",,7,31,+","40.9",",,7,25,","30.0",",7,25,","3090.9","7","103.4",",7","121.1",",,,7","0",",,,7","15.96",",7","20.79",",,,7","11.12",",,,7"
"USC00238051","2020-06","39.97018","-91.88753","214.9","STEFFENVILLE, MO US","185.0","7","154.7",",7","10",",7","6",",7","2",",7","0",",7","0",",7","0",",7","0",",7","0",",7","30",",7","3",",7","","","20200623","+,,7","20200630","+,,7","20200630","+,,7","","","20200610",",,7","20200627",",,7","14.4",",7,23,+","0",",,7,30,+","0",",,7,30,+","41.1",",,7,10,","32.8",",7,27,","3090.9","7","0.0",",7","99.9",",,,7","0",",,,7","23.49",",7","28.84",",,,7","18.14",",,,7"
"USC00238051","2020-07","39.97018","-91.88753","214.9","STEFFENVILLE, MO US","405.2","7","220.2",",7","11",",7","9",",7","5",",7","0",",7","0",",7","0",",7","0",",7","0",",7","31",",7","10",",7","","","20200728","+,,7","20200731","+,,7","20200731","+,,7","","","20200730",",,7","20200709",",,7","17.8",",7,28,+","0",",,7,31,+","0",",,7,31,+","36.8",",,7,30,","34.4",",7,09,","0.0","7","0.0",",7","188.6",",,,7","0",",,,7","25.44",",7","30.42",",,,7","20.45",",,,7"
"USC00238051","2020-08","39.97018","-91.88753","214.9","STEFFENVILLE, MO US","549.3","7","144.1",",7","3",",7","1",",7","0",",7","0",",7","0",",7","0",",7","0",",7","0",",7","31",",7","6",",7","","","20200820",",,7","20200831","+,,7","20200831","+,,7","","","20200811",",,7","20200826","+,,7","11.7",",7,20,","0",",,7,31,+","0",",,7,31,+","14.7",",,7,11,","34.4",",7,26,+","1.1","7","1.1",",7","17.5",",,,7","0",",,,7","22.95",",7","28.86",",,,7","17.03",",,,7"
"USC00238051","2020-09","39.97018","-91.88753","214.9","STEFFENVILLE, MO US","592.7","7","43.4",",7","7",",7","6",",7","1",",7","0",",7","0",",7","0",",7","0",",7","0",",7","23",",7","1",",7","","","20200920","+,,7","20200930","+,,7","20200930","+,,7","","","20200912",",,7","20200906",",,7","7.2",",7,20,+","0",",,7,30,+","0",",,7,30,+","69.9",",,7,12,","32.2",",7,06,","42.1","7","41.0",",7","123.3",",,,7","0",",,,7","18.41",",7","24.15",",,,7","12.68",",,,7"
"USC00238051","2020-10","39.97018","-91.88753","214.9","STEFFENVILLE, MO US","604.7","7","12.0",",7","8",",7","5",",7","0",",7","0",",7","0",",7","0",",7","5",",7","1",",7","11",",7","0",",7","","","20201031","+,,7","20201027",",,7","20201027",",,7","","","20201023",",,7","20201023","+,,7","-2.2",",7,31,+","0",",T,7,27,","5",",,7,27,","9.7",",,7,23,","28.3",",7,23,+","290.5","7","248.4",",7","33.8",",,,7","5",",,,7","10.70",",7","16.13",",,,7","5.28",",,,7"
"USC00238051","2020-11","39.97018","-91.88753","214.9","STEFFENVILLE, MO US","607.8","7","3.1",",7","7",",7","6",",7","0",",7","0",",7","0",",7","0",",7","12",",7","0",",7","9",",7","0",",7","","","20201114","+,,7","20201130","+,,7","20201124",",,7","","","20201125",",,7","20201111","+,,7","-5.6",",7,14,+","0",",,7,30,+","23",",,7,24,","16.0",",,7,25,","23.9",",7,11,+","580.3","7","289.8",",7","49.5",",,,7","23",",,,7","8.78",",7","14.70",",,,7","2.85",",,,7"
"USC00238051","2020-12","39.97018","-91.88753","214.9","STEFFENVILLE, MO US","607.8","7","0.0",",7","2",",7","2",",7","1",",7","0",",7","0",",7","0",",7","28",",7","7",",7","0",",7","0",",7","","","20201226","+,,7","20201231","+,,7","20201230",",,7","","","20201212",",,7","20201211",",,7","-15.0",",7,26,+","0",",T,7,31,+","20",",,7,30,","26.7",",,7,12,","18.9",",7,11,","1143.8","7","563.5",",7","42.4",",,,7","20",",,,7","0.16",",7","5.49",",,,7","-5.18",",,,7"
"USC00238051","2021-01","39.97018","-91.88753","214.9","STEFFENVILLE, MO US","0.0","7","0.0",",7","7",",7","5",",7","1",",7","2",",7","1",",7","0",",7","30",",7","12",",7","0",",7","0",",7","","","20210129","+,,7","20210128",",,7","20210128",",,7","","","20210131",",,7","20210122",",,7","-16.7",",7,29,+","51",",,7,28,","41",",,7,28,","29.5",",,7,31,","11.1",",7,22,","1763.4","7","619.6",",7","58.8",",,,7","76",",,,7","-1.65",",7","1.96",",,,7","-5.27",",,,7"
"USC00238051","2021-02","39.97018","-91.88753","214.9","STEFFENVILLE, MO US","0.0","7","0.0",",7","10","1,7","3","1,7","0","1,7","16",",7","5",",7","10",",7","26",",7","17",",7","0",",7","0",",7","","","20210217","+,,7","20210216",",,7","20210216","+,,7","","","20210216",",1,7","20210224",",,7","-23.3",",7,17,+","178",",,7,16,","81",",,7,16,+","7.1","1,,7,16,","15.6",",7,24,","2489.2","7","725.8",",7","25.6","1,,,7","298",",,,7","-7.59",",7","-3.22",",,,7","-11.96",",,,7"
"USC00238051","2021-03","39.97018","-91.88753","214.9","STEFFENVILLE, MO US","0.0","7","0.0",",7","9",",7","6",",7","1",",7","0",",7","0",",7","0",",7","8",",7","0",",7","3",",7","0",",7","","","20210302",",,7","20210331","+,,7","20210331","+,,7","","","20210318",",,7","20210310",",,7","-5.0",",7,02,","0",",,7,31,+","0",",,7,31,+","50.8",",,7,18,","22.8",",7,10,","2797.3","7","308.1",",7","100.7",",,,7","0",",,,7","8.39",",7","14.15",",,,7","2.64",",,,7"
"USC00238051","2021-04","39.97018","-91.88753","214.9","STEFFENVILLE, MO US","11.7","7","11.7",",7","11",",7","7",",7","2",",7","0",",7","0",",7","0",",7","7",",7","0",",7","10",",7","0",",7","","","20210402","+,,7","20210420",",,7","20210420",",,7","","","20210411",",,7","20210427",",,7","-5.0",",7,02,+","0",",T,7,20,","13",",,7,20,","38.9",",,7,11,","30.0",",7,27,","3019.3","7","222.0",",7","120.7",",,,7","21",",,,7","11.32",",7","17.20",",,,7","5.45",",,,7"
"USC00238051","2021-05","39.97018","-91.88753","214.9","STEFFENVILLE, MO US","47.2","7","35.5",",7","14",",7","10",",7","1",",7","0",",7","0",",7","0",",7","0",",7","0",",7","16",",7","0",",7","","","20210513",",,7","20210531","+,,7","20210531","+,,7","","","20210517",",,7","20210527",",,7","3.3",",7,13,","0",",,7,31,+","0",",,7,31,+","46.5",",,7,17,","30.0",",7,27,","3128.7","7","109.4",",7","136.6",",,,7","0",",,,7","15.95",",7","20.90",",,,7","11.00",",,,7"
"USC00238051","2021-06","39.97018","-91.88753","214.9","STEFFENVILLE, MO US","207.8","7","160.6",",7","11",",7","10",",7","1",",7","0",",7","0",",7","0",",7","0",",7","0",",7","29",",7","9",",7","","","20210622",",,7","20210630","+,,7","20210630","+,,7","","","20210625",",,7","20210619",",,7","10.0",",7,22,","0",",,7,30,+","0",",,7,30,+","46.5",",,7,25,","35.6",",7,19,","3134.0","7","5.3",",7","167.1",",,,7","0",",,,7","23.51",",7","28.98",",,,7","18.04",",,,7"
"USC00238051","2021-07","39.97018","-91.88753","214.9","STEFFENVILLE, MO US","395.3","7","187.5",",7","11",",7","9",",7","6",",7","0",",7","0",",7","0",",7","0",",7","0",",7","30",",7","4",",7","","","20210718","+,,7","20210731","+,,7","20210731","+,,7","","","20210731",",,7","20210730",",,7","17.8",",7,18,+","0",",,7,31,+","0",",,7,31,+","64.8",",,7,31,","35.0",",7,30,","0.0","7","0.0",",7","302.6",",,,7","0",",,,7","24.38",",7","28.99",",,,7","19.78",",,,7"
"USC00238051","2021-08","39.97018","-91.88753","214.9","STEFFENVILLE, MO US","579.5","7","184.2",",7","8",",7","6",",7","2",",7","0",",7","0",",7","0",",7","0",",7","0",",7","31",",7","8",",7","","","20210816",",,7","20210831","+,,7","20210831","+,,7","","","20210801",",,7","20210825",",,7","14.4",",7,16,","0",",,7,31,+","0",",,7,31,+","26.7",",,7,01,","34.4",",7,25,","0.0","7","0.0",",7","80.4",",,,7","0",",,,7","24.27",",7","29.46",",,,7","19.08",",,,7"
"USC00238051","2021-09","39.97018","-91.88753","214.9","STEFFENVILLE, MO US","681.5","7","102.0",",7","4",",7","3",",7","0",",7","0",",7","0",",7","0",",7","0",",7","0",",7","30",",7","2",",7","","","20210923",",,7","20210930","+,,7","20210930","+,,7","","","20210921",",,7","20210928",",,7","7.8",",7,23,","0",",,7,30,+","0",",,7,30,+","21.1",",,7,21,","32.8",",7,28,","9.7","7","9.7",",7","42.9",",,,7","0",",,,7","21.41",",7","28.15",",,,7","14.66",",,,7"
"USC00238051","2021-10","39.97018","-91.88753","214.9","STEFFENVILLE, MO US","706.3","7","24.8",",7","14",",7","12",",7","1",",7","0",",7","0",",7","0",",7","0",",7","0",",7","17",",7","0",",7","","","20211027",",,7","20211031","+,,7","20211031","+,,7","","","20211024",",,7","20211001",",,7","2.2",",7,27,","0",",,7,31,+","0",",,7,31,+","110.2",",,7,24,","30.0",",7,01,","125.1","7","115.4",",7","198.4",",,,7","0",",,,7","15.41",",7","20.32",",,,7","10.50",",,,7"
"USC00238051","2021-11","39.97018","-91.88753","214.9","STEFFENVILLE, MO US","706.3","7","0.0",",7","4",",7","1",",7","0",",7","0",",7","0",",7","0",",7","16",",7","1",",7","1",",7","0",",7","","","20211127","+,,7","20211130","+,,7","20211113",",,7","","","20211111",",,7","20211109",",,7","-8.3",",7,27,+","0",",,7,30,+","0",",T,7,13,","7.4",",,7,11,","21.7",",7,09,","498.7","7","373.6",",7","11.0",",,,7","0",",T,,7","5.88",",7","11.67",",,,7","0.09",",,,7"
"USC00238051","2021-12","39.97018","-91.88753","214.9","STEFFENVILLE, MO US","706.3","7","0.0","1,7","7",",7","3",",7","0",",7","0",",7","0",",7","0","1,7","17","1,7","1",",7","2",",7","0",",7","","","20211223","+,1,7","20211231","+,,7","20211231","+,,7","","","20211229",",,7","20211216",",,7","-7.8","1,7,23,+","0",",,7,31,+","0",",,7,31,+","8.4",",,7,29,","23.3",",7,16,","925.5","7","426.8",",7","20.9",",,,7","0",",,,7","4.18","1,7","9.96",",,,7","-1.60","1,,,7"
"USC00238051","2022-01","39.97018","-91.88753","214.9","STEFFENVILLE, MO US","0.0","7","0.0",",7","4",",7","2",",7","0",",7","14",",7","2",",7","7",",7","30",",7","17",",7","0",",7","0",",7","","","20220121",",,7","20220116","+,,7","20220115",",,7","","","20220115",",,7","20220113","+,,7","-21.1",",7,21,","102",",,7,16,+","104",",,7,15,","22.4",",,7,15,","11.1",",7,13,+","1683.4","7","757.9",",7","36.9",",,,7","204",",,,7","-6.12",",7","-0.51",",,,7","-11.72",",,,7"
"USC00238051","2022-02","39.97018","-91.88753","214.9","STEFFENVILLE, MO US","0.0","7","0.0",",7","7",",7","5",",7","0",",7","11",",7","2",",7","1",",7","25",",7","10",",7","0",",7","0",",7","","","20220205",",,7","20220205","+,,7","20220202",",,7","","","20220202",",,7","20220222",",,7","-18.3",",7,05,","152",",,7,05,+","152",",,7,02,","21.6",",,7,02,","16.7",",7,22,","2277.3","7","593.9",",7","58.7",",,,7","299",",,,7","-2.88",",7","3.41",",,,7","-9.17",",,,7"
"USC00238051","2022-03","39.97018","-91.88753","214.9","STEFFENVILLE, MO US","0.0","7","0.0",",7","11",",7","8",",7","0",",7","4",",7","1",",7","0",",7","13",",7","2",",7","6",",7","0",",7","","","20220312",",,7","20220311",",,7","20220311",",,7","","","20220319",",,7","20220318","+,,7","-15.0",",7,12,","102",",,7,11,","112",",,7,11,","17.0",",,7,19,","23.9",",7,18,+","2663.5","7","386.2",",7","87.6",",,,7","135",",,,7","5.87",",7","11.95",",,,7","-0.21",",,,7"
"USC00238051","2022-04","39.97018","-91.88753","214.9","STEFFENVILLE, MO US","7.2","7","7.2",",7","16",",7","9",",7","1",",7","0",",7","0",",7","0",",7","10",",7","0",",7","5",",7","0",",7","","","20220420","+,,7","20220408",",,7","20220418","+,,7","","","20220429",",,7","20220423",",,7","-2.2",",7,20,+","0",",T,7,08,","0",",T,7,18,+","32.3",",,7,29,","28.9",",7,23,","2934.3","7","270.8",",7","117.5",",,,7","0",",T,,7","9.55",",7","15.37",",,,7","3.73",",,,7"
"USC00238051","2022-05","39.97018","-91.88753","214.9","STEFFENVILLE, MO US","80.5","7","73.3",",7","12",",7","9",",7","1",",7","0",",7","0",",7","0",",7","0",",7","0",",7","21",",7","2",",7","","","20220502",",,7","20220531","+,,7","20220531","+,,7","","","20220525",",,7","20220513",",,7","5.0",",7,02,","0",",,7,31,+","0",",,7,31,+","39.9",",,7,25,","33.3",",7,13,","3001.3","7","67.0",",7","103.0",",,,7","0",",,,7","18.54",",7","24.05",",,,7","13.02",",,,7"
"USC00238051","2022-06","39.97018","-91.88753","214.9","STEFFENVILLE, MO US","240.7","7","160.2",",7","8",",7","6",",7","1",",7","0",",7","0",",7","0",",7","0",",7","0",",7","30",",7","7",",7","","","20220627","+,,7","20220630","+,,7","20220630","+,,7","","","20220601",",,7","20220617",",,7","12.8",",7,27,+","0",",,7,30,+","0",",,7,30,+","30.0",",,7,01,","35.6",",7,17,","3001.6","7","0.3",",7","101.3",",,,7","0",",,,7","23.66",",7","29.37",",,,7","17.95",",,,7"
"USC00238051","2022-07","39.97018","-91.88753","214.9","STEFFENVILLE, MO US","433.1","7","192.4","1,7","10",",7","9",",7","2",",7","0",",7","0",",7","0","1,7","0","1,7","0","1,7","30","1,7","9","1,7","","","20220729",",1,7","20220731","+,,7","20220731","+,,7","","","20220726",",,7","20220706",",1,7","14.4","1,7,29,","0",",,7,31,+","0",",,7,31,+","26.7",",,7,26,","36.7","1,7,06,","0.0","7","0.0","1,7","129.9",",,,7","0",",,,7","24.75","1,7","30.16","1,,,7","19.33","1,,,7"
"USC00238051","2022-08","39.97018","-91.88753","214.9","STEFFENVILLE, MO US","611.1","7","178.0",",7","3",",7","3",",7","0",",7","0",",7","0",",7","0",",7","0",",7","0",",7","31",",7","7",",7","","","20220831",",,7","20220831","+,,7","20220831","+,,7","","","20220804",",,7","20220830",",,7","13.3",",7,31,","0",",,7,31,+","0",",,7,31,+","8.4",",,7,04,","34.4",",7,30,","0.0","7","0.0",",7","17.8",",,,7","0",",,,7","24.07",",7","30.05",",,,7","18.09",",,,7"
"USC00238051","2022-09","39.97018","-91.88753","214.9","STEFFENVILLE, MO US","696.9","7","85.8","1,7","5",",7","3",",7","1",",7","0",",7","0",",7","0",",7","0",",7","0","1,7","25","1,7","1","1,7","","","20220928",",,7","20220930","+,,7","20220930","+,,7","","","20220911",",,7","20220921",",1,7","2.8",",7,28,","0",",,7,30,+","0",",,7,30,+","47.2",",,7,11,","35.6","1,7,21,","33.1","7","33.1","1,7","76.1",",,,7","0",",,,7","20.10","1,7","27.18","1,,,7","13.02",",,,7"
"USC00238051","2022-10","39.97018","-91.88753","214.9","STEFFENVILLE, MO US","705.9","7","9.0",",7","8",",7","4",",7","0",",7","0",",7","0",",7","0",",7","7",",7","0",",7","16",",7","0",",7","","","20221020","+,,7","20221031","+,,7","20221031","+,,7","","","20221025",",,7","20221023",",,7","-5.0",",7,20,+","0",",,7,31,+","0",",,7,31,+","25.1",",,7,25,","30.6",",7,23,","236.1","7","203.0",",7","50.4",",,,7","0",",,,7","12.07",",7","20.05",",,,7","4.10",",,,7"
"USC00238051","2022-11","39.97018","-91.88753","214.9","STEFFENVILLE, MO US","708.7","7","2.8",",7","6",",7","4",",7","0",",7","1",",7","1",",7","0",",7","19",",7","4",",7","6",",7","0",",7","","","20221120","+,,7","20221115",",,7","20221115",",,7","","","20221127","+,,7","20221110",",,7","-8.9",",7,20,+","51",",,7,15,","53",",,7,15,","19.1",",,7,27,+","26.7",",7,10,","614.1","7","378.0",",7","51.7",",,,7","53",",,,7","5.83",",7","12.05",",,,7","-0.40",",,,7"
"USC00238051","2022-12","39.97018","-91.88753","214.9","STEFFENVILLE, MO US","708.7","7","0.0","1,7","4",",7","3",",7","1",",7","6",",7","1",",7","2","1,7","23","1,7","11",",7","0",",7","0",",7","","","20221223",",1,7","20221228","+,,7","20221223",",,7","","","20221214",",,7","20221230",",,7","-23.9","1,7,23,","25",",,7,28,+","33",",,7,23,","29.0",",,7,14,","20.6",",7,30,","1212.6","7","598.5",",7","41.0",",,,7","46",",,,7","-1.72","1,7","2.91",",,,7","-6.35","1,,,7"
"USC00238051","2023-01","39.97018","-91.88753","214.9","STEFFENVILLE, MO US","0.0","7","0.0",",7","6",",7","4",",7","0",",7","4",",7","1",",7","0",",7","27",",7","6",",7","0",",7","0",",7","","","20230131",",,7","20230127","+,,7","20230125",",,7","","","20230103",",,7","20230117",",,7","-16.1",",7,31,","51",",,7,27,+","46",",,7,25,","19.8",",,7,03,","18.3",",7,17,","1770.0","7","557.4",",7","40.2",",,,7","72",",,,7","0.35",",7","4.94",",,,7","-4.24",",,,7"
"USC00238051","2023-02","39.97018","-91.88753","214.9","STEFFENVILLE, MO US","0.0","7","0.0",",7","8",",7","5",",7","2",",7","0",",7","0",",7","0",",7","26",",7","3",",7","0",",7","0",",7","","","20230201",",,7","20230225","+,,7","20230210",",,7","","","20230209",",,7","20230207",",,7","-16.1",",7,01,","0",",T,7,25,+","10",",,7,10,","30.0",",,7,09,","16.7",",7,07,","2244.0","7","474.0",",7","86.1",",,,7","15",",,,7","1.41",",7","8.25",",,,7","-5.44",",,,7"
"USC00238051","2023-03","39.97018","-91.88753","214.9","STEFFENVILLE, MO US","0.0","7","0.0",",7","10",",7","5",",7","0",",7","0",",7","0",",7","0",",7","18",",7","1",",7","1",",7","0",",7","","","20230319","+,,7","20230317",",,7","20230325","+,,7","","","20230325",",,7","20230331",",,7","-10.6",",7,19,+","0",",T,7,17,","0",",T,7,25,+","17.8",",,7,25,","21.7",",7,31,","2671.9","7","427.9",",7","64.6",",,,7","0",",T,,7","4.53",",7","10.12",",,,7","-1.06",",,,7"
"USC00238051","2023-04","39.97018","-91.88753","214.9","STEFFENVILLE, MO US","8.6","7","8.6",",7","6",",7","5",",7","0",",7","0",",7","0",",7","0",",7","4",",7","0",",7","14",",7","0",",7","","","20230424","+,,7","20230430","+,,7","20230430","+,,7","","","20230416",",,7","20230405",",,7","-1.1",",7,24,+","0",",,7,30,+","0",",,7,30,+","9.1",",,7,16,","29.4",",7,05,","2858.6","7","186.7",",7","36.0",",,,7","0",",,,7","12.40",",7","19.73",",,,7","5.06",",,,7"
"USC00238051","2023-05","39.97018","-91.88753","214.9","STEFFENVILLE, MO US","49.8","7","41.2",",7","5",",7","4",",7","0",",7","0",",7","0",",7","0",",7","0",",7","0",",7","26",",7","1",",7","","","20230504","+,,7","20230531","+,,7","20230531","+,,7","","","20230515",",,7","20230508",",,7","3.9",",7,04,+","0",",,7,31,+","0",",,7,31,+","13.0",",,7,15,","32.8",",7,08,","2906.7","7","48.1",",7","34.7",",,,7","0",",,,7","18.11",",7","24.66",",,,7","11.56",",,,7"
"USC00238051","2023-06","39.97018","-91.88753","214.9","STEFFENVILLE, MO US","194.5","7","144.7",",7","7",",7","2",",7","0",",7","0",",7","0",",7","0",",7","0",",7","0",",7","30",",7","11",",7","","","20230612",",,7","20230630","+,,7","20230630","+,,7","","","20230611",",,7","20230625",",,7","8.9",",7,12,","0",",,7,30,+","0",",,7,30,+","8.9",",,7,11,","35.6",",7,25,","2910.6","7","3.9",",7","15.7",",,,7","0",",,,7","23.03",",7","30.18",",,,7","15.87",",,,7"
"USC00238051","2023-07","39.97018","-91.88753","214.9","STEFFENVILLE, MO US","408.3","7","213.8",",7","6",",7","4",",7","0",",7","0",",7","0",",7","0",",7","0",",7","0",",7","31",",7","17",",7","","","20230722","+,,7","20230731","+,,7","20230731","+,,7","","","20230702",",,7","20230729",",,7","13.9",",7,22,+","0",",,7,31,+","0",",,7,31,+","12.4",",,7,02,","40.0",",7,29,","0.0","7","0.0",",7","35.7",",,,7","0",",,,7","25.23",",7","32.01",",,,7","18.45",",,,7"
"USC00238051","2023-08","39.97018","-91.88753","214.9","STEFFENVILLE, MO US","581.9","7","173.6",",7","9",",7","8",",7","0",",7","0",",7","0",",7","0",",7","0",",7","0",",7","31",",7","8",",7","","","20230831","+,,7","20230831","+,,7","20230831","+,,7","","","20230827","+,,7","20230825",",,7","12.2",",7,31,+","0",",,7,31,+","0",",,7,31,+","19.6",",,7,27,+","38.9",",7,25,","0.0","7","0.0",",7","94.2",",,,7","0",",,,7","23.93",",7","29.49",",,,7","18.37",",,,7"
"USC00238051","2023-09","39.97018","-91.88753","214.9","STEFFENVILLE, MO US","654.5","7","72.6",",7","2",",7","2",",7","0",",7","0",",7","0",",7","0",",7","0",",7","0",",7","29",",7","5",",7","","","20230918",",,7","20230930","+,,7","20230930","+,,7","","","20230924",",,7","20230905",",,7","8.3",",7,18,","0",",,7,30,+","0",",,7,30,+","4.1",",,7,24,","35.0",",7,05,","4.5","7","4.5",",7","7.4",",,,7","0",",,,7","20.60",",7","28.26",",,,7","12.95",",,,7"
"USC00238051","2023-10","39.97018","-91.88753","214.9","STEFFENVILLE, MO US","688.4","7","33.9",",7","12",",7","7",",7","1",",7","0",",7","0",",7","0",",7","2",",7","0",",7","18",",7","1",",7","","","20231031","+,,7","20231031","+,,7","20231031","+,,7","","","20231026",",,7","20231001",",,7","-3.3",",7,31,+","0",",,7,31,+","0",",,7,31,+","27.4",",,7,26,","34.4",",7,01,","157.9","7","153.4",",7","79.6",",,,7","0",",,,7","14.48",",7","21.19",",,,7","7.76",",,,7"
"USC00238051","2023-11","39.97018","-91.88753","214.9","STEFFENVILLE, MO US","688.4","7","0.0",",7","3",",7","2",",7","0",",7","3",",7","1",",7","0",",7","20",",7","2",",7","4",",7","0",",7","","","20231128",",,7","20231126",",,7","20231126",",,7","","","20231121",",,7","20231109",",,7","-11.1",",7,28,","51",",,7,26,","69",",,7,26,","7.4",",,7,21,","23.9",",7,09,","535.2","7","377.3",",7","14.3",",,,7","69",",,,7","5.76",",7","12.59",",,,7","-1.08",",,,7"
"USC00238051","2023-12","39.97018","-91.88753","214.9","STEFFENVILLE, MO US","688.4","7","0.0",",7","12",",7","8",",7","0",",7","1","1,7","1","1,7","0",",7","16",",7","0",",7","0",",7","0",",7","","","20231219",",,7","20231229",",1,7","20231229",",1,7","","","20231201",",,7","20231208",",,7","-8.3",",7,19,","51","1,,7,29,","51","1,,7,29,","18.3",",,7,01,","18.3",",7,08,","967.9","7","432.7",",7","70.8",",,,7","51","1,,,7","4.37",",7","8.51",",,,7","0.24",",,,7"
"USC00238051","2024-01","39.97018","-91.88753","214.9","STEFFENVILLE, MO US","0.0","","0.0",",7","13",",7","6",",7","0",",7","18",",7","2",",7","6",",7","27",",7","12",",7","0",",7","0",",7","","","20240115","+,,7","20240110",",,7","20240109",",,7","","","20240109",",,7","20240130",",,7","-27.2",",7,15,+","203",",,7,10,","127",",,7,09,","24.4",",,7,09,","12.8",",7,30,","1684.6","","716.7",",7","65.4",",,,7","272",",,,7","-4.79",",7","-1.21",",,,7","-8.36",",,,7"
"USC00238051","2024-02","39.97018","-91.88753","214.9","STEFFENVILLE, MO US","0.0","","0.0",",7","2",",7","1",",7","0",",7","2",",7","1",",7","0",",7","20",",7","2",",7","5",",7","0",",7","","","20240217",",,7","20240218","+,,7","20240217",",,7","","","20240217",",,7","20240228",",,7","-13.9",",7,17,","51",",,7,18,+","46",",,7,17,","5.1",",,7,17,","26.7",",7,28,","2066.4","","381.8",",7","5.6",",,,7","51",",,,7","5.17",",7","12.86",",,,7","-2.52",",,,7"
"USC00238051","2024-03","39.97018","-91.88753","214.9","STEFFENVILLE, MO US","0.0","","0.0",",7","9",",7","4",",7","0",",7","0",",7","0",",7","0",",7","14",",7","0",",7","5",",7","0",",7","","","20240319","+,,7","20240331","+,,7","20240331","+,,7","","","20240308",",,7","20240304",",,7","-6.1",",7,19,+","0",",,7,31,+","0",",,7,31,+","18.5",",,7,08,","27.2",",7,04,","2391.6","","325.2",",7","57.1",",,,7","0",",,,7","7.84",",7","14.42",",,,7","1.27",",,,7"
"USC00238051","2024-04","39.97018","-91.88753","214.9","STEFFENVILLE, MO US","4.7","","4.7",",7","13",",7","11",",7","3",",7","0",",7","0",",7","0",",7","3",",7","0",",7","13",",7","0",",7","","","20240405",",,7","20240430","+,,7","20240430","+,,7","","","20240428",",,7","20240415",",,7","-1.7",",7,05,","0",",,7,30,+","0",",,7,30,+","47.5",",,7,28,","30.0",",7,15,","2568.0","","176.4",",7","190.3",",,,7","0",",,,7","12.61",",7","18.94",",,,7","6.28",",,,7"
"USC00238051","2024-05","39.97018","-91.88753","214.9","STEFFENVILLE, MO US","45.2","","40.5",",7","10",",7","5",",7","0",",7","0",",7","0",",7","0",",7","0",",7","0",",7","30",",7","0",",7","","","20240505",",,7","20240531","+,,7","20240531","+,,7","","","20240515",",,7","20240520",",,7","6.7",",7,05,","0",",,7,31,+","0",",,7,31,+","12.4",",,7,15,","31.1",",7,20,","2586.1","","18.1",",7","54.9",",,,7","0",",,,7","19.06",",7","25.13",",,,7","12.99",",,,7"
