"STATION","DATE","LATITUDE","LONGITUDE","ELEVATION","NAME","CDSD","CDSD_ATTRIBUTES","CLDD","CLDD_ATTRIBUTES","DP01","DP01_ATTRIBUTES","DP10","DP10_ATTRIBUTES","DP1X","DP1X_ATTRIBUTES","DSND","DSND_ATTRIBUTES","DSNW","DSNW_ATTRIBUTES","DT00","DT00_ATTRIBUTES","DT32","DT32_ATTRIBUTES","DX32","DX32_ATTRIBUTES","DX70","DX70_ATTRIBUTES","DX90","DX90_ATTRIBUTES","DYFG","DYFG_ATTRIBUTES","DYNT","DYNT_ATTRIBUTES","DYSD","DYSD_ATTRIBUTES","DYSN","DYSN_ATTRIBUTES","DYTS","DYTS_ATTRIBUTES","DYXP","DYXP_ATTRIBUTES","DYXT","DYXT_ATTRIBUTES","EMNT","EMNT_ATTRIBUTES","EMSD","EMSD_ATTRIBUTES","EMSN","EMSN_ATTRIBUTES","EMXP","EMXP_ATTRIBUTES","EMXT","EMXT_ATTRIBUTES","HDSD","HDSD_ATTRIBUTES","HTDD","HTDD_ATTRIBUTES","PRCP","PRCP_ATTRIBUTES","SNOW","SNOW_ATTRIBUTES","TAVG","TAVG_ATTRIBUTES","TMAX","TMAX_ATTRIBUTES","TMIN","TMIN_ATTRIBUTES"
"USC00346130","1905-01","35.778","-95.3338","157.9","MUSKOGEE, OK US","0.0","6","0.0",",6","5",",6","4",",6","1",",6","","","1",",6","1",",6","27",",6","8",",6","0",",6","0",",6","","","19050125",",,6","","","19050109",",,6","","","19050111",",,6","19050104",",,6","-18.3",",6,25,","","","51",",,6,09,","42.2",",,6,11,","17.8",",6,04,","","","584.7",",6","75.4",",,,6","51",",,,6","-0.53",",6","4.73",",,,6","-5.79",",,,6"
"USC00346130","1905-02","35.778","-95.3338","157.9","MUSKOGEE, OK US","0.0","6","0.0",",6","5",",6","4",",6","0",",6","","","3",",6","2",",6","24",",6","10",",6","0",",6","0",",6","","","19050213",",,6","","","19050205",",,6","","","19050205",",,6","19050224","+,,6","-25.6",",6,13,","","","102",",,6,05,","12.2",",,6,05,","18.9",",6,24,+","","","570.8",",6","35.1",",,,6","229",",,,6","-2.05",",6","3.61",",,,6","-7.71",",,,6"
"USC00346130","1905-03","35.778","-95.3338","157.9","MUSKOGEE, OK US","0.0","6","0.0",",6","7",",6","7",",6","4",",6","","","","","0",",6","1",",6","0",",6","18",",6","0",",6","","","19050318",",,6","","","","","","","19050306",",,6","19050327","+,,6","0.0",",6,18,","","","","","41.4",",,6,06,","26.7",",6,27,+","","","157.2",",6","181.7",",,,6","","","13.26",",6","19.96",",,,6","6.56",",,,6"
"USC00346130","1905-04","35.778","-95.3338","157.9","MUSKOGEE, OK US","24.4","6","24.4",",6","8",",6","7",",6","1",",6","","","","","0",",6","0",",6","0",",6","17",",6","0",",6","","","19050416",",,6","","","","","","","19050402",",,6","19050427",",,6","2.8",",6,16,","","","","","43.2",",,6,02,","31.1",",6,27,","","","106.0",",6","94.3",",,,6","","","15.62",",6","21.49",",,,6","9.74",",,,6"
"USC00346130","1905-05","35.778","-95.3338","157.9","MUSKOGEE, OK US","104.6","6","80.2",",6","13",",6","12",",6","3",",6","","","","","0",",6","0",",6","0",",6","31",",6","0",",6","","","19050501",",,6","","","","","","","19050506",",,6","19050529",",,6","8.3",",6,01,","","","","","76.2",",,6,06,","30.0",",6,29,","","","2.8",",6","276.3",",,,6","","","20.83",",6","25.85",",,,6","15.81",",,,6"
"USC00346130","1905-06","35.778","-95.3338","157.9","MUSKOGEE, OK US","319.4","6","214.8",",6","5",",6","5",",6","0",",6","","","","","0",",6","0",",6","0",",6","30",",6","10",",6","","","19050601",",,6","","","","","","","19050607",",,6","19050618","+,,6","13.9",",6,01,","","","","","17.0",",,6,07,","33.9",",6,18,+","","","0.0",",6","47.2",",,,6","","","25.49",",6","31.02",",,,6","19.96",",,,6"
"USC00346130","1905-07","35.778","-95.3338","157.9","MUSKOGEE, OK US","510.9","6","191.5",",6","10",",6","9",",6","2",",6","","","","","0",",6","0",",6","0",",6","30",",6","8",",6","","","19050712",",,6","","","","","","","19050719",",,6","19050717",",,6","11.7",",6,12,","","","","","62.7",",,6,19,","33.9",",6,17,","0.3","6","0.3",",6","199.3",",,,6","","","24.50",",6","29.78",",,,6","19.22",",,,6"
"USC00346130","1905-08","35.778","-95.3338","157.9","MUSKOGEE, OK US","757.2","6","246.3",",6","5",",6","5",",6","0",",6","","","","","0",",6","0",",6","0",",6","31",",6","25",",6","","","19050828",",,6","","","","","","","19050812",",,6","19050825","+,,6","15.6",",6,28,","","","","","21.6",",,6,12,","35.6",",6,25,+","0.3","6","0.0",",6","56.4",",,,6","","","26.28",",6","32.81",",,,6","19.75",",,,6"
"USC00346130","1905-09","35.778","-95.3338","157.9","MUSKOGEE, OK US","902.2","6","145.0","2,6","9",",6","8",",6","2",",6","","","","","0","2,6","0","2,6","0","2,6","28","2,6","13","2,6","","","19050921",",2,6","","","","","","","19050910",",,6","19050902",",2,6","10.6","2,6,21,","","","","","30.5",",,6,10,","36.1","2,6,02,","0.3","6","0.0","2,6","125.6",",,,6","","","23.51","2,6","30.71","2,,,6","16.31","2,,,6"
"USC00346130","1905-10","35.778","-95.3338","157.9","MUSKOGEE, OK US","930.3","6","28.1",",6","5",",6","5",",6","0",",6","","","","","0",",6","1",",6","0",",6","19",",6","0",",6","","","19051021",",,6","","","","","","","19051018",",,6","19051006","+,,6","-0.6",",6,21,","","","","","20.3",",,6,18,","29.4",",6,06,+","105.7","6","105.4",",6","59.0",",,,6","","","15.84",",6","22.41",",,,6","9.27",",,,6"
"USC00346130","1905-11","35.778","-95.3338","157.9","MUSKOGEE, OK US","932.8","6","2.5",",6","4",",6","3",",6","0",",6","","","","","0",",6","6",",6","0",",6","10",",6","0",",6","","","19051130",",,6","","","","","","","19051104",",,6","19051116",",,6","-8.9",",6,30,","","","","","15.7",",,6,04,","26.1",",6,16,","307.5","6","201.8",",6","33.4",",,,6","","","11.69",",6","19.26",",,,6","4.12",",,,6"
"USC00346130","1905-12","35.778","-95.3338","157.9","MUSKOGEE, OK US","932.8","6","0.0",",6","6",",6","4",",6","0",",6","","","","","0",",6","24",",6","0",",6","0",",6","0",",6","","","19051210",",,6","","","","","","","19051220",",,6","19051201",",,6","-7.8",",6,10,","","","","","24.1",",,6,20,","15.6",",6,01,","766.0","6","458.5",",6","42.1",",,,6","","","3.54",",6","9.77",",,,6","-2.69",",,,6"
"USC00346130","1906-01","35.778","-95.3338","157.9","MUSKOGEE, OK US","0.0","6","0.0",",6","5",",6","3",",6","0",",6","","","3",",6","1",",6","22",",6","2",",6","3",",6","0",",6","","","19060123",",,6","","","19060121",",,6","","","19060103",",,6","19060120","+,,6","-17.8",",6,23,","","","102",",,6,21,","13.7",",,6,03,","22.2",",6,20,+","1215.7","6","449.7",",6","36.3",",,,6","152",",,,6","3.83",",6","10.40",",,,6","-2.75",",,,6"
"USC00346130","1906-02","35.778","-95.3338","157.9","MUSKOGEE, OK US","0.0","6","0.0",",6","6",",6","2",",6","0",",6","","","","","0",",6","18",",6","2",",6","1",",6","0",",6","","","19060205",",,6","","","","","","","19060213",",,6","19060222",",,6","-16.7",",6,05,","","","","","6.9",",,6,13,","21.7",",6,22,","1600.3","6","384.6",",6","17.0",",,,6","","","4.60",",6","10.80",",,,6","-1.61",",,,6"
"USC00346130","1906-03","35.778","-95.3338","157.9","MUSKOGEE, OK US","1.4","6","1.4",",6","11",",6","11",",6","2",",6","","","","","0",",6","16",",6","1",",6","2",",6","0",",6","","","19060320","+,,6","","","","","","","19060323",",,6","19060326",",,6","-6.7",",6,20,+","","","","","40.6",",,6,23,","23.9",",6,26,","1979.5","6","379.2",",6","134.4",",,,6","","","6.15",",6","11.81",",,,6","0.48",",,,6"
"USC00346130","1906-04","35.778","-95.3338","157.9","MUSKOGEE, OK US","28.7","6","27.3",",6","8",",6","5",",6","1",",6","","","","","0",",6","0",",6","0",",6","22",",6","0",",6","","","19060406","+,,6","","","","","","","19060430",",,6","19060429","+,,6","4.4",",6,06,+","","","","","67.8",",,6,30,","30.0",",6,29,+","2033.4","6","53.9",",6","132.7",",,,6","","","17.45",",6","23.41",",,,6","11.48",",,,6"
"USC00346130","1906-05","35.778","-95.3338","157.9","MUSKOGEE, OK US","112.4","6","83.7",",6","6",",6","4",",6","0",",6","","","","","0",",6","0",",6","0",",6","28",",6","0",",6","","","19060509",",,6","","","","","","","19060502",",,6","19060531",",,6","3.9",",6,09,","","","","","6.6",",,6,02,","31.7",",6,31,","2064.6","6","31.2",",6","22.0",",,,6","","","20.03",",6","25.59",",,,6","14.46",",,,6"
"USC00346130","1906-06","35.778","-95.3338","157.9","MUSKOGEE, OK US","276.4","6","164.0",",6","10",",6","7",",6","1",",6","","","","","0",",6","0",",6","0",",6","30",",6","7",",6","","","19060613",",,6","","","","","","","19060604",",,6","19060629","+,,6","12.2",",6,13,","","","","","49.0",",,6,04,","32.8",",6,29,+","2064.6","6","0.0",",6","115.8",",,,6","","","23.80",",6","29.45",",,,6","18.15",",,,6"
"USC00346130","1906-07","35.778","-95.3338","157.9","MUSKOGEE, OK US","466.6","6","190.2",",6","12",",6","9",",6","1",",6","","","","","0",",6","0",",6","0",",6","31",",6","4",",6","","","19060704","+,,6","","","","","","","19060720",",,6","19060721",",,6","15.6",",6,04,+","","","","","29.2",",,6,20,","35.0",",6,21,","0.0","6","0.0",",6","142.4",",,,6","","","24.47",",6","30.04",",,,6","18.90",",,,6"
"USC00346130","1906-08","35.778","-95.3338","157.9","MUSKOGEE, OK US","676.7","6","210.1",",6","17",",6","14",",6","5",",6","","","","","0",",6","0",",6","0",",6","31",",6","12",",6","","","19060828",",,6","","","","","","","19060805",",,6","19060803","+,,6","11.1",",6,28,","","","","","45.0",",,6,05,","33.9",",6,03,+","2.5","6","2.5",",6","233.1",",,,6","","","25.03",",6","30.56",",,,6","19.50",",,,6"
"USC00346130","1906-09","35.778","-95.3338","157.9","MUSKOGEE, OK US","855.5","6","178.8",",6","4",",6","4",",6","1",",6","","","","","0",",6","0",",6","0",",6","30",",6","10",",6","","","19060930",",,6","","","","","","","19060903",",,6","19060908",",,6","10.6",",6,30,","","","","","45.7",",,6,03,","34.4",",6,08,","4.1","6","1.6",",6","75.2",",,,6","","","24.24",",6","30.18",",,,6","18.30",",,,6"
"USC00346130","1906-10","35.778","-95.3338","157.9","MUSKOGEE, OK US","860.5","6","5.0",",6","5",",6","3",",6","0",",6","","","","","0",",6","1",",6","0",",6","23",",6","0",",6","","","19061010",",,6","","","","","","","19061015",",,6","19061004",",,6","-1.7",",6,10,","","","","","19.1",",,6,15,","29.4",",6,04,","114.2","6","110.1",",6","34.4",",,,6","","","14.94",",6","22.63",",,,6","7.26",",,,6"
"USC00346130","1906-11","35.778","-95.3338","157.9","MUSKOGEE, OK US","860.5","6","0.0",",6","6",",6","5",",6","0",",6","","","1",",6","0",",6","10",",6","1",",6","7",",6","0",",6","","","19061122",",,6","","","19061121",",,6","","","19061120",",,6","19061116","+,,6","-5.6",",6,22,","","","25",",,6,21,","17.5",",,6,20,","26.1",",6,16,+","381.6","6","267.4",",6","43.9",",,,6","25",",,,6","9.42",",6","15.99",",,,6","2.85",",,,6"
"USC00346130","1906-12","35.778","-95.3338","157.9","MUSKOGEE, OK US","860.5","6","0.0",",6","7",",6","4",",6","0",",6","","","","","0",",6","13",",6","0",",6","2",",6","0",",6","","","19061218",",,6","","","","","","","19061216",",,6","19061204",",,6","-8.9",",6,18,","","","","","13.7",",,6,16,","22.2",",6,04,","732.5","6","350.9",",6","42.2",",,,6","","","7.01",",6","11.77",",,,6","2.25",",,,6"
"USC00346130","1907-01","35.778","-95.3338","157.9","MUSKOGEE, OK US","1.1","6","1.1","2,6","12",",6","5",",6","1",",6","","","1",",6","0","1,6","12","1,6","1","1,6","4","1,6","0","1,6","","","19070126",",1,6","","","19070125",",,6","","","19070109",",,6","19070113","+,1,6","-11.1","1,6,26,","","","25",",,6,25,","31.5",",,6,09,","23.3","1,6,13,+","1066.6","6","334.1","1,6","71.8",",,,6","25",",,,6","6.97","2,6","12.75","1,,,6","1.18","1,,,6"
"USC00346130","1907-02","35.778","-95.3338","157.9","MUSKOGEE, OK US","1.1","6","0.0",",6","2",",6","1",",6","0",",6","","","","","0",",6","13",",6","3",",6","7",",6","0",",6","","","19070205",",,6","","","","","","","19070227",",,6","19070212",",,6","-11.1",",6,05,","","","","","2.5",",,6,27,","25.0",",6,12,","1398.7","6","332.1",",6","3.5",",,,6","","","6.47",",6","13.04",",,,6","-0.09",",,,6"
"USC00346130","1907-03","35.778","-95.3338","157.9","MUSKOGEE, OK US","44.9","6","43.8",",6","5",",6","5",",6","1",",6","","","","","0",",6","2",",6","0",",6","16",",6","1",",6","","","19070315","+,,6","","","","","","","19070309",",,6","19070319",",,6","0.0",",6,15,+","","","","","31.8",",,6,09,","33.3",",6,19,","1528.5","6","129.8",",6","67.5",",,,6","","","15.56",",6","22.40",",,,6","8.72",",,,6"
"USC00346130","1907-04","35.778","-95.3338","157.9","MUSKOGEE, OK US","44.9","6","0.0",",6","10",",6","7",",6","3",",6","","","","","0",",6","0",",6","0",",6","9",",6","0",",6","","","19070413",",,6","","","","","","","19070429",",,6","19070403",",,6","0.6",",6,13,","","","","","35.6",",,6,29,","26.7",",6,03,","1703.5","6","175.0",",6","138.6",",,,6","","","12.50",",6","18.46",",,,6","6.54",",,,6"
"USC00346130","1907-05","35.778","-95.3338","157.9","MUSKOGEE, OK US","81.5","6","36.6",",6","8",",6","7",",6","0",",6","","","","","0",",6","0",",6","0",",6","20",",6","0",",6","","","19070515",",,6","","","","","","","19070510",",,6","19070517",",,6","2.8",",6,15,","","","","","24.4",",,6,10,","29.4",",6,17,","1782.2","6","78.7",",6","121.7",",,,6","","","16.98",",6","22.74",",,,6","11.21",",,,6"
"USC00346130","1907-06","35.778","-95.3338","157.9","MUSKOGEE, OK US","252.4","6","170.9",",6","9",",6","6",",6","1",",6","","","","","0",",6","0",",6","0",",6","30",",6","6",",6","","","19070602",",,6","","","","","","","19070625",",,6","19070614",",,6","8.9",",6,02,","","","","","25.4",",,6,25,","33.9",",6,14,","1782.7","6","0.5",",6","83.6",",,,6","","","24.01",",6","30.23",",,,6","17.79",",,,6"
"USC00346130","1907-07","35.778","-95.3338","157.9","MUSKOGEE, OK US","535.0","6","282.6",",6","4",",6","3",",6","0",",6","","","","","0",",6","0",",6","0",",6","31",",6","27",",6","","","19070731","+,,6","","","","","","","19070710",",,6","19070726",",,6","16.7",",6,31,+","","","","","8.6",",,6,10,","38.9",",6,26,","0.0","6","0.0",",6","21.1",",,,6","","","27.45",",6","33.78",",,,6","21.12",",,,6"
"USC00346130","1907-08","35.778","-95.3338","157.9","MUSKOGEE, OK US","877.6","6","342.6",",6","3",",6","3",",6","1",",6","","","","","0",",6","0",",6","0",",6","31",",6","27",",6","","","19070801",",,6","","","","","","","19070822",",,6","19070811",",,6","17.2",",6,01,","","","","","29.7",",,6,22,","42.8",",6,11,","0.0","6","0.0",",6","36.5",",,,6","","","29.38",",6","36.94",",,,6","21.83",",,,6"
"USC00346130","1907-09","35.778","-95.3338","157.9","MUSKOGEE, OK US","1065.1","6","187.5",",6","4",",6","4",",6","0",",6","","","","","0",",6","0",",6","0",",6","30",",6","18",",6","","","19070929",",,6","","","","","","","19070927","+,,6","19070906",",,6","8.3",",6,29,","","","","","20.3",",,6,27,+","41.7",",6,06,","3.3","6","3.3",",6","60.9",",,,6","","","24.47",",6","32.72",",,,6","16.22",",,,6"
"USC00346130","1907-10","35.778","-95.3338","157.9","MUSKOGEE, OK US","1095.3","6","30.2",",6","6",",6","6",",6","1",",6","","","","","0",",6","1",",6","0",",6","21",",6","2",",6","","","19071028",",,6","","","","","","","19071004",",,6","19071020",",,6","0.0",",6,28,","","","","","29.2",",,6,04,","33.9",",6,20,","84.2","6","80.9",",6","68.5",",,,6","","","16.70",",6","24.02",",,,6","9.38",",,,6"
"USC00346130","1907-11","35.778","-95.3338","157.9","MUSKOGEE, OK US","1095.3","6","0.0",",6","3",",6","3",",6","1",",6","","","","","0",",6","15",",6","0",",6","6",",6","0",",6","","","19071113",",,6","","","","","","","19071120",",,6","19071107","+,,6","-10.0",",6,13,","","","","","30.5",",,6,20,","25.0",",6,07,+","378.2","6","294.0",",6","58.9",",,,6","","","8.53",",6","16.22",",,,6","0.85",",,,6"
"USC00346130","1907-12","35.778","-95.3338","157.9","MUSKOGEE, OK US","1095.3","6","0.0",",6","3",",6","3",",6","2",",6","","","0",",6","0",",6","19",",6","0",",6","1",",6","0",",6","","","19071204",",,6","","","19071217",",,6","","","19071221",",,6","19071227",",,6","-6.7",",6,04,","","","0",",T,6,17,","30.5",",,6,21,","22.2",",6,27,","779.6","6","401.4",",6","72.4",",,,6","0",",T,,6","5.38",",6","11.16",",,,6","-0.40",",,,6"
"USC00346130","1908-01","35.778","-95.3338","157.9","MUSKOGEE, OK US","0.0","","0.0",",6","2",",6","2",",6","1",",6","","","1",",6","0",",6","25",",6","0",",6","0",",6","0",",6","","","19080117","+,,6","","","19080111",",,6","","","19080103",",,6","19080121",",,6","-8.3",",6,17,+","","","25",",,6,11,","31.8",",,6,03,","20.6",",6,21,","1193.4","","413.8",",6","36.9",",,,6","25",",,,6","4.98",",6","12.27",",,,6","-2.30",",,,6"
"USC00346130","1908-02","35.778","-95.3338","157.9","MUSKOGEE, OK US","0.0","","0.0",",6","6","1,6","6","1,6","2","1,6","","","1",",6","0",",6","20",",6","2",",6","3",",6","0",",6","","","19080202",",,6","","","19080215",",,6","","","19080214",",1,6","19080229",",,6","-12.2",",6,02,","","","127",",,6,15,","38.1","1,,6,14,","25.0",",6,29,","1540.9","","347.5",",6","105.3","1,,,6","127",",,,6","6.35",",6","14.46",",,,6","-1.76",",,,6"
"USC00346130","1908-03","35.778","-95.3338","157.9","MUSKOGEE, OK US","13.9","","13.9",",6","2",",6","2",",6","0",",6","","","","","0",",6","1",",6","0",",6","19",",6","0",",6","","","19080309",",,6","","","","","","","19080308",",,6","19080317",",,6","-0.6",",6,09,","","","","","17.8",",,6,08,","30.0",",6,17,","1675.7","","134.8",",6","34.3",",,,6","","","14.43",",6","22.56",",,,6","6.31",",,,6"
"USC00346130","1908-04","35.778","-95.3338","157.9","MUSKOGEE, OK US","34.4","","20.5",",6","12",",6","12",",6","4",",6","","","","","0",",6","0",",6","0",",6","18",",6","0",",6","","","19080430",",,6","","","","","","","19080409",",,6","19080406",",,6","0.6",",6,30,","","","","","45.7",",,6,09,","28.3",",6,06,","1761.2","","85.5",",6","232.5",",,,6","","","16.17",",6","22.11",",,,6","10.22",",,,6"
"USC00346130","1908-05","35.778","-95.3338","157.9","MUSKOGEE, OK US","115.7","","81.3",",6","11",",6","11",",6","6",",6","","","","","0",",6","0",",6","0",",6","28",",6","0",",6","","","19080501",",,6","","","","","","","19080517",",,6","19080518",",,6","3.9",",6,01,","","","","","69.9",",,6,17,","31.7",",6,18,","1794.2","","33.0",",6","311.8",",,,6","","","19.89",",6","25.53",",,,6","14.25",",,,6"
"USC00346130","1908-06","35.778","-95.3338","157.9","MUSKOGEE, OK US","282.7","","167.0",",6","7",",6","7",",6","3",",6","","","","","0",",6","0",",6","0",",6","30",",6","0",",6","","","19080614",",,6","","","","","","","19080602",",,6","19080625",",,6","12.8",",6,14,","","","","","47.2",",,6,02,","31.7",",6,25,","1794.2","","0.0",",6","173.7",",,,6","","","23.90",",6","28.97",",,,6","18.82",",,,6"
"USC00346130","1908-07","35.778","-95.3338","157.9","MUSKOGEE, OK US","502.5","","219.8",",6","4",",6","4",",6","1",",6","","","","","0",",6","0",",6","0",",6","31",",6","19",",6","","","19080704",",,6","","","","","","","19080707",",,6","19080731","+,,6","12.8",",6,04,","","","","","27.9",",,6,07,","34.4",",6,31,+","0.0","","0.0",",6","74.6",",,,6","","","25.42",",6","31.35",",,,6","19.49",",,,6"
"USC00346130","1908-08","35.778","-95.3338","157.9","MUSKOGEE, OK US","775.7","","273.2",",6","3",",6","3",",6","2",",6","","","","","0",",6","0",",6","0",",6","31",",6","25",",6","","","19080808",",,6","","","","","","","19080823",",,6","19080811","+,,6","16.1",",6,08,","","","","","32.0",",,6,23,","36.1",",6,11,+","0.0","","0.0",",6","59.9",",,,6","","","27.15",",6","33.33",",,,6","20.97",",,,6"
"USC00346130","1908-09","35.778","-95.3338","157.9","MUSKOGEE, OK US","937.3","","161.6",",6","4",",6","4",",6","1",",6","","","","","0",",6","0",",6","0",",6","30",",6","14",",6","","","19080928",",,6","","","","","","","19080925",",,6","19080913","+,,6","1.7",",6,28,","","","","","30.5",",,6,25,","35.0",",6,13,+","11.4","","11.4",",6","54.6",",,,6","","","23.34",",6","31.08",",,,6","15.60",",,,6"
"USC00346130","1914-01","35.778","-95.3338","157.9","MUSKOGEE, OK US","0.0","6","0.0","1,6","2",",6","0",",6","0",",6","","","0",",6","0",",6","17",",6","1","1,6","2","1,6","0","1,6","","","19140130",",,6","","","19140129",",,6","","","19140129",",,6","19140127",",1,6","-6.1",",6,30,","","","15",",,6,29,","1.5",",,6,29,","23.9","1,6,27,","","","350.9","1,6","1.8",",,,6","15",",,,6","6.62","1,6","12.45","1,,,6","0.79",",,,6"
"USC00346130","1914-02","35.778","-95.3338","157.9","MUSKOGEE, OK US","0.0","6","0.0","2,6","9",",6","3",",6","0",",6","","","0",",6","0","1,6","16","1,6","1","1,6","0","1,6","0","1,6","","","19140207",",1,6","","","19140213",",,6","","","19140218",",,6","19140218","+,1,6","-15.0","1,6,07,","","","10",",,6,13,","13.7",",,6,18,","20.0","1,6,18,+","","","382.5","1,6","33.8",",,,6","15",",,,6","3.87","2,6","10.12","1,,,6","-2.39","1,,,6"
"USC00346130","1914-03","35.778","-95.3338","157.9","MUSKOGEE, OK US","2.5","6","2.5","1,6","10","1,6","5","1,6","0","1,6","","","0",",6","0","1,6","11","1,6","0",",6","10",",6","0",",6","","","19140322",",1,6","","","19140304",",,6","","","19140319",",1,6","19140325","+,,6","-5.0","1,6,22,","","","5",",,6,04,","23.9","1,,6,19,","25.6",",6,25,+","","","260.9",",6","91.8","1,,,6","5",",,,6","9.77","1,6","15.92",",,,6","3.63","1,,,6"
"USC00346130","1914-04","35.778","-95.3338","157.9","MUSKOGEE, OK US","27.8","6","25.3",",6","9",",6","4",",6","0",",6","","","","","0",",6","3",",6","0",",6","21",",6","0",",6","","","19140409",",,6","","","","","","","19140411",",,6","19140416",",,6","-3.3",",6,09,","","","","","24.1",",,6,11,","31.1",",6,16,","","","97.6",",6","60.3",",,,6","","","15.92",",6","21.86",",,,6","9.99",",,,6"
"USC00346130","1914-05","35.778","-95.3338","157.9","MUSKOGEE, OK US","113.4","6","85.6",",6","6",",6","4",",6","1",",6","","","","","0",",6","0",",6","0",",6","24",",6","0",",6","","","19140513",",,6","","","","","","","19140504",",,6","19140525","+,,6","5.6",",6,13,","","","","","30.7",",,6,04,","31.1",",6,25,+","","","30.5",",6","68.8",",,,6","","","20.11",",6","25.18",",,,6","15.04",",,,6"
"USC00346130","1914-06","35.778","-95.3338","157.9","MUSKOGEE, OK US","412.8","6","299.4",",6","3",",6","2",",6","0",",6","","","","","0",",6","0",",6","0",",6","30",",6","21",",6","","","19140601",",,6","","","","","","","19140627",",,6","19140628",",,6","17.8",",6,01,","","","","","7.4",",,6,27,","39.4",",6,28,","","","0.0",",6","13.7",",,,6","","","28.31",",6","34.65",",,,6","21.98",",,,6"
"USC00346130","1914-07","35.778","-95.3338","157.9","MUSKOGEE, OK US","766.3","6","353.5",",6","5",",6","3",",6","0",",6","","","","","0",",6","0",",6","0",",6","31",",6","28",",6","","","19140725","+,,6","","","","","","","19140703",",,6","19140729","+,,6","20.6",",6,25,+","","","","","19.8",",,6,03,","41.7",",6,29,+","0.0","6","0.0",",6","37.9",",,,6","","","29.74",",6","36.00",",,,6","23.47",",,,6"
"USC00346130","1914-08","35.778","-95.3338","157.9","MUSKOGEE, OK US","1048.4","6","282.1",",6","9",",6","7",",6","2",",6","","","","","0",",6","0",",6","0",",6","31",",6","22",",6","","","19140829",",,6","","","","","","","19140827",",,6","19140821",",,6","16.1",",6,29,","","","","","39.6",",,6,27,","40.6",",6,21,","0.0","6","0.0",",6","145.5",",,,6","","","27.43",",6","33.38",",,,6","21.49",",,,6"
"USC00346130","1914-09","35.778","-95.3338","157.9","MUSKOGEE, OK US","1228.0","6","179.6",",6","7",",6","5",",6","2",",6","","","","","0",",6","0",",6","0",",6","29",",6","13",",6","","","19140923",",,6","","","","","","","19140922",",,6","19140908","+,,6","8.9",",6,23,","","","","","68.1",",,6,22,","34.4",",6,08,+","3.3","6","3.3",",6","122.9",",,,6","","","24.21",",6","29.90",",,,6","18.52",",,,6"
"USC00346130","1914-10","35.778","-95.3338","157.9","MUSKOGEE, OK US","1267.9","6","39.9",",6","7",",6","3",",6","0",",6","","","","","0",",6","2",",6","0",",6","20",",6","0",",6","","","19141027",",,6","","","","","","","19141012",",,6","19141008",",,6","-2.2",",6,27,","","","","","8.4",",,6,12,","30.0",",6,08,","101.9","6","98.6",",6","19.2",",,,6","","","16.44",",6","22.35",",,,6","10.54",",,,6"
"USC00346130","1914-11","35.778","-95.3338","157.9","MUSKOGEE, OK US","1274.6","6","6.7","2,6","1",",6","1",",6","0",",6","","","","","0","1,6","8","1,6","0","1,6","12","1,6","0","1,6","","","19141120",",1,6","","","","","","","19141108",",,6","19141105","+,1,6","-7.2","1,6,20,","","","","","6.1",",,6,08,","29.4","1,6,05,+","272.8","6","170.9","1,6","6.1",",,,6","","","12.23","2,6","19.59","1,,,6","4.87","1,,,6"
"USC00346130","1914-12","35.778","-95.3338","157.9","MUSKOGEE, OK US","1274.6","6","0.0",",6","13",",6","8",",6","0",",6","","","","","0",",6","21",",6","6",",6","0",",6","0",",6","","","19141226",",,6","","","","","","","19141202",",,6","19141201",",,6","-12.8",",6,26,","","","","","15.0",",,6,02,","15.0",",6,01,","835.1","6","562.3",",6","76.9",",,,6","","","0.19",",6","4.18",",,,6","-3.80",",,,6"
"USC00346130","1915-01","35.778","-95.3338","157.9","MUSKOGEE, OK US","0.0","6","0.0","1,6","10",",6","4",",6","0",",6","","","1",",6","0","1,6","25","1,6","1",",6","0",",6","0",",6","","","19150124",",1,6","","","19150126",",,6","","","19150131",",,6","19150115",",,6","-13.3","1,6,24,","","","36",",,6,26,","10.4",",,6,31,","20.0",",6,15,","1321.5","6","486.4",",6","38.4",",,,6","39",",,,6","2.26","1,6","8.51",",,,6","-4.00","1,,,6"
"USC00346130","1915-02","35.778","-95.3338","157.9","MUSKOGEE, OK US","0.0","6","0.0","1,6","10",",6","9",",6","1",",6","","","0",",6","0",",6","15",",6","0","1,6","1","1,6","0","1,6","","","19150207","+,,6","","","19150201",",,6","","","19150213",",,6","19150210",",1,6","-3.9",",6,07,+","","","10",",,6,01,","25.4",",,6,13,","21.1","1,6,10,","1635.8","6","314.3","1,6","121.3",",,,6","10",",,,6","6.63","1,6","11.84","1,,,6","1.41",",,,6"
"USC00346130","1915-03","35.778","-95.3338","157.9","MUSKOGEE, OK US","0.0","6","0.0",",6","8",",6","3",",6","1",",6","","","0",",6","0",",6","20",",6","0",",6","0",",6","0",",6","","","19150306",",,6","","","19150330","+,,6","","","19150303",",,6","19150328","+,,6","-6.1",",6,06,","","","0",",T,6,30,+","43.2",",,6,03,","18.9",",6,28,+","2075.5","6","439.7",",6","90.2",",,,6","0",",T,,6","4.15",",6","8.98",",,,6","-0.69",",,,6"
"USC00346130","1915-04","35.778","-95.3338","157.9","MUSKOGEE, OK US","42.0","6","42.0",",6","12",",6","9",",6","2",",6","","","","","0",",6","3",",6","0",",6","25",",6","0",",6","","","19150403",",,6","","","","","","","19150424",",,6","19150429",",,6","-1.7",",6,03,","","","","","36.6",",,6,24,","31.1",",6,29,","2134.1","6","58.6",",6","160.5",",,,6","","","17.78",",6","23.84",",,,6","11.72",",,,6"
"USC00346130","1915-05","35.778","-95.3338","157.9","MUSKOGEE, OK US","110.4","6","68.4","2,6","13",",6","8",",6","3",",6","","","","","0","1,6","0","1,6","0","1,6","25","1,6","1","1,6","","","19150508",",1,6","","","","","","","19150520",",,6","19150516",",1,6","6.7","1,6,08,","","","","","35.8",",,6,20,","32.8","1,6,16,","2163.3","6","29.2","1,6","166.3",",,,6","","","19.68","2,6","25.60","1,,,6","13.75","1,,,6"
"USC00346130","1915-06","35.778","-95.3338","157.9","MUSKOGEE, OK US","275.2","6","164.8",",6","14",",6","10",",6","2",",6","","","","","0",",6","0",",6","0",",6","30",",6","6",",6","1","","19150615",",,6","","","","","","","19150627",",,6","19150621",",,6","12.8",",6,15,","","","","","33.0",",,6,27,","35.6",",6,21,","2163.3","6","0.0",",6","196.0",",,,6","","","23.83",",6","28.95",",,,6","18.70",",,,6"
"USC00346130","1915-07","35.778","-95.3338","157.9","MUSKOGEE, OK US","512.5","6","237.3",",6","6",",6","6",",6","1",",6","","","","","0",",6","0",",6","0",",6","31",",6","17",",6","","","19150705",",,6","","","","","","","19150702",",,6","19150730",",,6","11.7",",6,05,","","","","","47.5",",,6,02,","37.2",",6,30,","0.0","6","0.0",",6","92.4",",,,6","","","25.99",",6","31.88",",,,6","20.10",",,,6"
"USC00346130","1915-08","35.778","-95.3338","157.9","MUSKOGEE, OK US","655.7","6","143.2",",6","11",",6","9",",6","4",",6","","","","","0",",6","0",",6","0",",6","31",",6","3",",6","1","","19150831",",,6","","","","","","","19150819",",,6","19150806",",,6","8.9",",6,31,","","","","","115.1",",,6,19,","33.9",",6,06,","3.6","6","3.6",",6","307.3",",,,6","","","22.84",",6","28.27",",,,6","17.40",",,,6"
"USC00346130","1915-09","35.778","-95.3338","157.9","MUSKOGEE, OK US","835.2","6","179.5",",6","10",",6","6",",6","1",",6","","","","","0",",6","0",",6","0",",6","29",",6","12",",6","1","","19150923","+,,6","","","","","","","19150920",",,6","19150927",",,6","10.6",",6,23,+","","","","","30.7",",,6,20,","33.9",",6,27,","9.9","6","6.3",",6","71.8",",,,6","","","24.10",",6","29.91",",,,6","18.30",",,,6"
"USC00346130","1915-10","35.778","-95.3338","157.9","MUSKOGEE, OK US","848.0","6","12.8",",6","7",",6","5",",6","1",",6","","","","","0",",6","0",",6","0",",6","26",",6","0",",6","1","","19151009",",,6","","","","","","","19151017",",,6","19151003",",,6","2.8",",6,09,","","","","","33.0",",,6,17,","31.1",",6,03,","66.8","6","56.9",",6","76.7",",,,6","","","16.91",",6","24.91",",,,6","8.91",",,,6"
"USC00346130","1915-11","35.778","-95.3338","157.9","MUSKOGEE, OK US","863.6","6","15.6",",6","5",",6","4",",6","0",",6","","","0",",6","0",",6","8",",6","0",",6","13",",6","0",",6","1","","19151115",",,6","","","19151126",",,6","","","19151126",",,6","19151106","+,,6","-3.9",",6,15,","","","0",",T,6,26,","12.4",",,6,26,","28.9",",6,06,+","263.9","6","197.1",",6","39.6",",,,6","0",",T,,6","12.28",",6","19.49",",,,6","5.08",",,,6"
"USC00346130","1915-12","35.778","-95.3338","157.9","MUSKOGEE, OK US","863.6","6","0.0","4,6","5",",6","2",",6","0",",6","","","1",",6","0","2,6","16","2,6","1","2,6","3","2,6","0","2,6","1","","19151228",",2,6","","","19151228",",,6","","","19151216",",,6","19151215",",2,6","-7.8","2,6,28,","","","25",",,6,28,","22.4",",,6,16,","23.9","2,6,15,","559.1","6","295.2","2,6","41.7",",,,6","25",",,,6","6.92","4,6","13.63","2,,,6","0.20","2,,,6"
"USC00346130","1916-01","35.778","-95.3338","157.9","MUSKOGEE, OK US","0.0","6","0.0","2,6","13",",6","11",",6","3",",6","","","0",",6","2","1,6","25","1,6","7","1,6","1","1,6","0","1,6","","","19160114","+,1,6","","","19160131",",,6","","","19160121",",,6","19160111",",1,6","-18.9","1,6,14,+","","","13",",,6,31,","93.5",",,6,21,","22.8","1,6,11,","1027.2","6","468.1","1,6","256.2",",,,6","13",",,,6","2.33","2,6","8.86","1,,,6","-4.19","1,,,6"
"USC00346130","1916-02","35.778","-95.3338","157.9","MUSKOGEE, OK US","0.0","6","0.0","2,6","5",",6","2",",6","0",",6","","","0",",6","0","1,6","23","1,6","3","1,6","5","1,6","0","1,6","1","","19160203","+,1,6","","","19160227",",,6","","","19160228",",,6","19160221",",1,6","-11.7","1,6,03,+","","","5",",,6,27,","9.7",",,6,28,","25.0","1,6,21,","1429.0","6","401.8","1,6","14.6",",,,6","5",",,,6","3.41","2,6","10.02","1,,,6","-3.20","1,,,6"
"USC00346130","1916-03","35.778","-95.3338","157.9","MUSKOGEE, OK US","5.3","6","5.3","3,6","7",",6","4",",6","2",",6","","","","","0","2,6","11","2,6","0","1,6","13","1,6","1","1,6","","","19160304","+,2,6","","","","","","","19160324",",,6","19160321",",1,6","-11.7","2,6,04,+","","","","","42.7",",,6,24,","33.9","1,6,21,","1640.4","6","211.4","1,6","101.5",",,,6","","","10.90","3,6","18.91","1,,,6","2.89","2,,,6"
"USC00346130","1916-04","35.778","-95.3338","157.9","MUSKOGEE, OK US","11.1","6","5.8","4,6","10",",6","8",",6","2",",6","","","0",",6","0","2,6","2","2,6","0","2,6","13","2,6","0","2,6","","","19160409",",2,6","","","19160408",",,6","","","19160401",",,6","19160422","+,2,6","-1.7","2,6,09,","","","0",",T,6,08,","35.1",",,6,01,","27.2","2,6,22,+","1772.9","6","132.5","2,6","152.4",",,,6","0",",T,,6","13.62","4,6","19.31","2,,,6","7.93","2,,,6"
"USC00346130","1916-05","35.778","-95.3338","157.9","MUSKOGEE, OK US","133.4","6","122.3","1,6","7",",6","6",",6","1",",6","","","","","0",",6","0",",6","0","1,6","27","1,6","2","1,6","1","","19160516",",,6","","","","","","","19160501",",,6","19160527","+,1,6","7.2",",6,16,","","","","","34.0",",,6,01,","32.2","1,6,27,+","1793.0","6","20.1","1,6","89.9",",,,6","","","21.62","1,6","27.55","1,,,6","15.68",",,,6"
"USC00346130","1916-06","35.778","-95.3338","157.9","MUSKOGEE, OK US","300.6","6","167.2",",6","14",",6","10",",6","0",",6","","","","","0",",6","0",",6","0",",6","30",",6","9",",6","","","19160609","+,,6","","","","","","","19160605",",,6","19160627",",,6","12.8",",6,09,+","","","","","15.2",",,6,05,","33.9",",6,27,","1793.0","6","0.0",",6","80.4",",,,6","","","23.91",",6","29.52",",,,6","18.29",",,,6"
"USC00346130","1916-07","35.778","-95.3338","157.9","MUSKOGEE, OK US","644.4","6","343.8",",6","2",",6","2",",6","0",",6","","","","","0",",6","0",",6","0",",6","31",",6","30",",6","","","19160709",",,6","","","","","","","19160701",",,6","19160731","+,,6","18.9",",6,09,","","","","","15.0",",,6,01,","40.0",",6,31,+","0.0","6","0.0",",6","21.6",",,,6","","","29.42",",6","36.88",",,,6","21.97",",,,6"
"USC00346130","1916-08","35.778","-95.3338","157.9","MUSKOGEE, OK US","989.9","6","345.5",",6","5",",6","2",",6","1",",6","","","","","0",",6","0",",6","0",",6","31",",6","29",",6","","","19160824",",,6","","","","","","","19160801",",,6","19160813",",,6","13.3",",6,24,","","","","","38.6",",,6,01,","40.6",",6,13,","0.0","6","0.0",",6","46.0",",,,6","","","29.48",",6","36.85",",,,6","22.11",",,,6"
"USC00346130","1916-09","35.778","-95.3338","157.9","MUSKOGEE, OK US","1162.1","6","172.2",",6","6",",6","6",",6","0",",6","","","","","0",",6","0",",6","0",",6","30",",6","14",",6","","","19160929",",,6","","","","","","","19160911",",,6","19160905",",,6","2.2",",6,29,","","","","","13.0",",,6,11,","37.8",",6,05,","13.7","6","13.7",",6","39.7",",,,6","","","23.62",",6","31.28",",,,6","15.96",",,,6"
"USC00346130","1916-10","35.778","-95.3338","157.9","MUSKOGEE, OK US","1203.8","6","41.7",",6","8",",6","4",",6","1",",6","","","","","0",",6","3",",6","0",",6","25",",6","4",",6","1","","19161021",",,6","","","","","","","19161015",",,6","19161005",",,6","-1.7",",6,21,","","","","","38.9",",,6,15,","34.4",",6,05,","86.0","6","72.3",",6","62.0",",,,6","","","17.34",",6","24.80",",,,6","9.88",",,,6"
"USC00346130","1916-11","35.778","-95.3338","157.9","MUSKOGEE, OK US","1218.8","6","15.0",",6","5",",6","4",",6","1",",6","","","","","0",",6","11",",6","0",",6","11",",6","0",",6","1","","19161115","+,,6","","","","","","","19161121",",,6","19161103",",,6","-9.4",",6,15,+","","","","","38.4",",,6,21,","27.2",",6,03,","346.3","6","260.3",",6","85.0",",,,6","","","10.16",",6","16.40",",,,6","3.91",",,,6"
"USC00346130","1916-12","35.778","-95.3338","157.9","MUSKOGEE, OK US","1218.8","6","0.0",",6","5",",6","4",",6","0",",6","","","2",",6","2",",6","24",",6","7",",6","1",",6","0",",6","","","19161222",",,6","","","19161221",",,6","","","19161226",",,6","19161205",",,6","-20.0",",6,22,","","","76",",,6,21,","9.1",",,6,26,","22.2",",6,05,","844.3","6","498.0",",6","22.1",",,,6","127",",,,6","2.27",",6","8.37",",,,6","-3.84",",,,6"
"USC00346130","1917-01","35.778","-95.3338","157.9","MUSKOGEE, OK US","0.0","6","0.0",",6","2",",6","1",",6","0",",6","","","0",",6","0",",6","18",",6","7",",6","0",",6","0",",6","","","19170114",",,6","","","19170115",",,6","","","19170104",",,6","19170129",",,6","-11.1",",6,14,","","","23",",,6,15,","3.8",",,6,04,","20.0",",6,29,","1306.2","6","461.9",",6","6.1",",,,6","23",",,,6","3.43",",6","9.21",",,,6","-2.35",",,,6"
"USC00346130","1917-02","35.778","-95.3338","157.9","MUSKOGEE, OK US","0.0","6","0.0",",6","2",",6","1",",6","0",",6","","","","","2",",6","22",",6","1",",6","1",",6","0",",6","","","19170202","+,,6","","","","","","","19170214",",,6","19170225",",,6","-18.3",",6,02,+","","","","","13.7",",,6,14,","24.4",",6,25,","1738.8","6","432.6",",6","14.2",",,,6","","","2.88",",6","9.86",",,,6","-4.09",",,,6"
"USC00346130","1917-03","35.778","-95.3338","157.9","MUSKOGEE, OK US","0.3","6","0.3",",6","6",",6","2",",6","0",",6","","","0",",6","0",",6","14",",6","0",",6","9",",6","0",",6","","","19170305",",,6","","","19170331","+,,6","","","19170315",",,6","19170325",",,6","-7.2",",6,05,","","","0",",,6,31,+","5.6",",,6,15,","24.4",",6,25,","2016.4","6","277.6",",6","16.2",",,,6","0",",,,6","9.39",",6","15.84",",,,6","2.94",",,,6"
"USC00346130","1917-04","35.778","-95.3338","157.9","MUSKOGEE, OK US","","","","","8",",6","7",",6","2",",6","","","","","0",",","0",",6","","","","","","","","","19170409","+,,6","","","","","","","19170401",",,6","","","0.6",",6,09,+","","","","","47.5",",,6,01,","","","","","","","168.5",",,,6","","","","","","","8.10",",,,6"
"USC00346130","1917-05","35.778","-95.3338","157.9","MUSKOGEE, OK US","","","43.6",",6","7",",6","4",",6","0",",6","","","","","0",",6","0",",6","0",",6","20",",6","0",",6","","","19170505",",,6","","","","","","","19170530",",,6","19170528",",,6","2.2",",6,05,","","","","","25.1",",,6,30,","30.6",",6,28,","","","99.3",",6","72.1",",,,6","","","16.54",",6","22.78",",,,6","10.29",",,,6"
"USC00346130","1917-06","35.778","-95.3338","157.9","MUSKOGEE, OK US","","","183.4",",6","4",",6","4",",6","1",",6","","","","","0",",6","0",",6","0",",6","30",",6","12",",6","","","19170616",",,6","","","","","","","19170601",",,6","19170630",",,6","8.9",",6,16,","","","","","27.2",",,6,01,","38.9",",6,30,","","","0.8",",6","73.9",",,,6","","","24.42",",6","31.58",",,,6","17.26",",,,6"
"USC00346130","1917-07","35.778","-95.3338","157.9","MUSKOGEE, OK US","","","294.6",",6","9",",6","5",",6","0",",6","","","","","0",",6","0",",6","0",",6","31",",6","23",",6","1","","19170712",",,6","","","","","","","19170719",",,6","19170701",",,6","16.1",",6,12,","","","","","12.7",",,6,19,","41.7",",6,01,","0.0","6","0.0",",6","43.2",",,,6","","","27.84",",6","34.91",",,,6","20.76",",,,6"
"USC00346130","1917-08","35.778","-95.3338","157.9","MUSKOGEE, OK US","","","216.9",",6","13",",6","10",",6","4",",6","","","","","0",",6","0",",6","0",",6","31",",6","16",",6","","","19170830",",,6","","","","","","","19170809",",,6","19170801",",,6","12.8",",6,30,","","","","","53.6",",,6,09,","38.3",",6,01,","0.0","6","0.0",",6","230.2",",,,6","","","25.33",",6","31.53",",,,6","19.13",",,,6"
"USC00346130","1917-09","35.778","-95.3338","157.9","MUSKOGEE, OK US","","","126.1",",6","4",",6","4",",6","0",",6","","","","","0",",6","0",",6","0",",6","30",",6","7",",6","1","","19170928",",,6","","","","","","","19170926",",,6","19170907",",,6","6.1",",6,28,","","","","","23.6",",,6,26,","34.4",",6,07,","3.9","6","3.9",",6","38.9",",,,6","","","22.41",",6","29.78",",,,6","15.03",",,,6"
"USC00346130","1917-10","35.778","-95.3338","157.9","MUSKOGEE, OK US","","","27.0",",6","4",",6","2",",6","0",",6","","","0",",6","0",",6","14",",6","0",",6","18",",6","2",",6","1","","19171030",",,6","","","19171031","+,,6","","","19171029",",,6","19171016",",,6","-8.9",",6,30,","","","0",",,6,31,+","8.1",",,6,29,","33.3",",6,16,","202.5","6","198.6",",6","14.0",",,,6","0",",,,6","12.80",",6","21.99",",,,6","3.60",",,,6"
"USC00346130","1917-11","35.778","-95.3338","157.9","MUSKOGEE, OK US","","","0.3",",6","6",",6","5",",6","1",",6","","","","","0",",6","10",",6","0",",6","10",",6","0",",6","2","","19171125",",,6","","","","","","","19171127",",,6","19171110",",,6","-5.6",",6,25,","","","","","33.0",",,6,27,","27.8",",6,10,","465.2","6","262.7",",6","84.3",",,,6","","","9.59",",6","17.26",",,,6","1.91",",,,6"
"USC00346130","1917-12","35.778","-95.3338","157.9","MUSKOGEE, OK US","","","0.0",",6","1",",6","1",",6","0",",6","","","","","2",",6","23",",6","9",",6","2",",6","0",",6","1","","19171209","+,,6","","","","","","","19171207",",,6","19171201",",,6","-18.9",",6,09,+","","","","","8.1",",,6,07,","23.9",",6,01,","1023.7","6","558.5",",6","8.1",",,,6","","","0.32",",6","6.27",",,,6","-5.64",",,,6"
"USC00346130","1918-01","35.778","-95.3338","157.9","MUSKOGEE, OK US","0.0","6","0.0","1,6","9",",6","5",",6","1",",6","","","4",",6","5",",6","31",",6","16","1,6","0","1,6","0","1,6","","","19180112",",,6","","","19180110",",,6","","","19180127",",,6","19180126",",1,6","-23.9",",6,12,","","","112",",,6,10,","27.9",",,6,27,","20.0","1,6,26,","1715.0","6","691.3","1,6","57.2",",,,6","270",",,,6","-4.78","1,6","2.10","1,,,6","-11.65",",,,6"
"USC00346130","1918-02","35.778","-95.3338","157.9","MUSKOGEE, OK US","0.3","6","0.3",",6","2",",6","2",",6","0",",6","","","0",",6","0",",6","19",",6","2",",6","6",",6","0",",6","","","19180202","+,,6","","","19180228","+,,6","","","19180211",",,6","19180224",",,6","-16.1",",6,02,+","","","0",",,6,28,+","5.1",",,6,11,","30.6",",6,24,","2076.0","6","361.0",",6","7.6",",,,6","0",",,,6","5.45",",6","13.32",",,,6","-2.42",",,,6"
"USC00346130","1918-03","35.778","-95.3338","157.9","MUSKOGEE, OK US","7.0","6","6.7",",6","6",",6","3",",6","1",",6","","","","","0",",6","7",",6","0",",6","15",",6","0",",6","1","","19180311","+,,6","","","","","","","19180329",",,6","19180312",",,6","-3.3",",6,11,+","","","","","26.9",",,6,29,","29.4",",6,12,","2257.7","6","181.7",",6","52.1",",,,6","","","12.69",",6","20.41",",,,6","4.96",",,,6"
"USC00346130","1918-04","35.778","-95.3338","157.9","MUSKOGEE, OK US","15.6","6","8.6",",6","12",",6","5",",6","1",",6","","","","","0",",6","2",",6","0",",6","17",",6","0",",6","","","19180421","+,,6","","","","","","","19180415",",,6","19180402",",,6","0.0",",6,21,+","","","","","34.8",",,6,15,","31.7",",6,02,","2409.8","6","152.1",",6","77.6",",,,6","","","13.55",",6","20.56",",,,6","6.54",",,,6"
"USC00346130","1918-05","35.778","-95.3338","157.9","MUSKOGEE, OK US","141.9","6","126.3",",6","10",",6","4",",6","1",",6","","","","","0",",6","0",",6","0",",6","28",",6","3",",6","","","19180501",",,6","","","","","","","19180511",",,6","19180508",",,6","3.3",",6,01,","","","","","66.0",",,6,11,","32.8",",6,08,","2438.1","6","28.3",",6","98.3",",,,6","","","21.49",",6","27.39",",,,6","15.60",",,,6"
"USC00346130","1918-06","35.778","-95.3338","157.9","MUSKOGEE, OK US","417.0","6","275.1",",6","7",",6","4",",6","1",",6","","","","","0",",6","0",",6","0",",6","30",",6","19",",6","","","19180613",",,6","","","","","","","19180605",",,6","19180626",",,6","15.6",",6,13,","","","","","26.7",",,6,05,","40.6",",6,26,","2438.1","6","0.0",",6","40.5",",,,6","","","27.50",",6","34.06",",,,6","20.95",",,,6"
"USC00346130","1918-07","35.778","-95.3338","157.9","MUSKOGEE, OK US","693.9","6","276.9",",6","4",",6","2",",6","2",",6","","","","","0",",6","0",",6","0",",6","31",",6","25",",6","","","19180701",",,6","","","","","","","19180723",",,6","19180728",",,6","13.9",",6,01,","","","","","39.4",",,6,23,","40.6",",6,28,","0.0","6","0.0",",6","73.2",",,,6","","","27.26",",6","34.90",",,,6","19.63",",,,6"
"USC00346130","1918-08","35.778","-95.3338","157.9","MUSKOGEE, OK US","1050.9","6","357.0",",6","5",",6","4",",6","1",",6","","","","","0",",6","0",",6","0",",6","31",",6","29",",6","","","19180802",",,6","","","","","","","19180831",",,6","19180803",",,6","16.7",",6,02,","","","","","26.2",",,6,31,","41.1",",6,03,","0.0","6","0.0",",6","57.4",",,,6","","","29.85",",6","37.58",",,,6","22.12",",,,6"
"USC00346130","1918-09","35.778","-95.3338","157.9","MUSKOGEE, OK US","1125.6","6","74.7",",6","8",",6","7",",6","3",",6","","","","","0",",6","0",",6","0",",6","26",",6","3",",6","","","19180921",",,6","","","","","","","19180902",",,6","19180914",",,6","3.9",",6,21,","","","","","55.9",",,6,02,","36.1",",6,14,","27.9","6","27.9",",6","186.4",",,,6","","","19.89",",6","26.95",",,,6","12.84",",,,6"
"USC00346130","1918-10","35.778","-95.3338","157.9","MUSKOGEE, OK US","1193.6","6","68.0",",6","9",",6","8",",6","2",",6","","","","","0",",6","0",",6","0",",6","23",",6","2",",6","1","","19181031","+,,6","","","","","","","19181026",",,6","19181005","+,,6","3.9",",6,31,+","","","","","55.4",",,6,26,","32.2",",6,05,+","80.1","6","52.2",",6","145.6",",,,6","","","18.84",",6","24.57",",,,6","13.12",",,,6"
"USC00346130","1918-11","35.778","-95.3338","157.9","MUSKOGEE, OK US","1194.7","6","1.1",",6","11",",6","8",",6","0",",6","","","0",",6","0",",6","8",",6","0",",6","8",",6","0",",6","","","19181129",",,6","","","19181125",",,6","","","19181107",",,6","19181105","+,,6","-3.3",",6,29,","","","8",",,6,25,","18.8",",,6,07,","23.9",",6,05,+","340.0","6","259.9",",6","81.1",",,,6","8",",,,6","9.71",",6","14.76",",,,6","4.66",",,,6"
"USC00346130","1918-12","35.778","-95.3338","157.9","MUSKOGEE, OK US","1195.8","6","1.1","1,6","9",",6","6",",6","1",",6","","","0",",6","0","1,6","10","1,6","1",",6","3",",6","0",",6","","","19181225",",1,6","","","19181224",",,6","","","19181223",",,6","19181208",",,6","-10.6","1,6,25,","","","20",",,6,24,","30.2",",,6,23,","22.8",",6,08,","679.6","6","339.6",",6","91.6",",,,6","20",",,,6","6.91","1,6","11.56",",,,6","2.27","1,,,6"
"USC00346130","1919-01","35.778","-95.3338","157.9","MUSKOGEE, OK US","0.0","6","0.0","1,6","3",",6","3",",6","0",",6","","","","","0",",6","18",",6","2","1,6","0","1,6","0","1,6","","","19190103",",,6","","","","","","","19190114",",,6","19190129",",1,6","-16.1",",6,03,","","","","","4.8",",,6,14,","18.9","1,6,29,","1086.9","6","407.3","1,6","12.2",",,,6","","","4.62","1,6","10.29","1,,,6","-1.05",",,,6"
"USC00346130","1919-02","35.778","-95.3338","157.9","MUSKOGEE, OK US","0.0","6","0.0",",6","9",",6","5",",6","0",",6","","","1",",6","0",",6","16",",6","0",",6","0",",6","0",",6","","","19190209",",,6","","","19190208",",,6","","","19190212",",,6","19190211","+,,6","-12.8",",6,09,","","","76",",,6,08,","10.4",",,6,12,","18.3",",6,11,+","1462.2","6","375.3",",6","49.0",",,,6","89",",,,6","4.93",",6","10.38",",,,6","-0.52",",,,6"
"USC00346130","1919-03","35.778","-95.3338","157.9","MUSKOGEE, OK US","2.8","6","2.8",",6","6",",6","5",",6","1",",6","","","0",",6","0",",6","7",",6","0",",6","10",",6","0",",6","","","19190301",",,6","","","19190331","+,,6","","","19190308",",,6","19190330","+,,6","-5.6",",6,01,","","","0",",,6,31,+","41.7",",,6,08,","23.9",",6,30,+","1686.2","6","224.0",",6","58.4",",,,6","0",",,,6","11.20",",6","17.35",",,,6","5.05",",,,6"
"USC00346130","1919-04","35.778","-95.3338","157.9","MUSKOGEE, OK US","37.0","6","34.2",",6","10",",6","7",",6","0",",6","","","","","0",",6","0",",6","0",",6","20",",6","0",",6","","","19190410",",,6","","","","","","","19190409",",,6","19190423",",,6","1.7",",6,10,","","","","","16.8",",,6,09,","30.6",",6,23,","1776.7","6","90.5",",6","70.7",",,,6","","","16.46",",6","22.84",",,,6","10.08",",,,6"
"USC00346130","1919-05","35.778","-95.3338","157.9","MUSKOGEE, OK US","112.6","6","75.6",",6","13",",6","7",",6","0",",6","","","","","0",",6","0",",6","0",",6","25",",6","0",",6","","","19190521","+,,6","","","","","","","19190507",",,6","19190530","+,,6","7.2",",6,21,+","","","","","14.5",",,6,07,","31.7",",6,30,+","1807.1","6","30.4",",6","67.1",",,,6","","","19.79",",6","25.25",",,,6","14.34",",,,6"
"USC00346130","1919-06","35.778","-95.3338","157.9","MUSKOGEE, OK US","325.7","6","213.1",",6","14",",6","10",",6","1",",6","","","","","0",",6","0",",6","0",",6","28",",6","18",",6","","","19190605",",,6","","","","","","","19190624",",,6","19190627","+,,6","10.0",",6,05,","","","","","74.2",",,6,24,","35.6",",6,27,+","1814.6","6","7.5",",6","160.4",",,,6","","","25.19",",6","31.46",",,,6","18.91",",,,6"
"USC00346130","1919-07","35.778","-95.3338","157.9","MUSKOGEE, OK US","644.6","6","318.9",",6","3",",6","1",",6","0",",6","","","","","0",",6","0",",6","0",",6","31",",6","30",",6","","","19190718","+,,6","","","","","","","19190720",",,6","19190711",",,6","17.8",",6,18,+","","","","","13.0",",,6,20,","38.9",",6,11,","0.0","6","0.0",",6","16.1",",,,6","","","28.62",",6","35.68",",,,6","21.56",",,,6"
"USC00346130","1919-08","35.778","-95.3338","157.9","MUSKOGEE, OK US","946.0","6","301.4",",6","5",",6","5",",6","1",",6","","","","","0",",6","0",",6","0",",6","31",",6","24",",6","","","19190819",",,6","","","","","","","19190829",",,6","19190817","+,,6","15.6",",6,19,","","","","","85.1",",,6,29,","40.6",",6,17,+","0.0","6","0.0",",6","127.3",",,,6","","","28.06",",6","34.66",",,,6","21.45",",,,6"
"USC00346130","1919-09","35.778","-95.3338","157.9","MUSKOGEE, OK US","1121.4","6","175.4",",6","5",",6","2",",6","0",",6","","","","","0",",6","0",",6","0",",6","30",",6","15",",6","","","19190924",",,6","","","","","","","19190918",",,6","19190910",",,6","9.4",",6,24,","","","","","23.4",",,6,18,","37.8",",6,10,","2.5","6","2.5",",6","41.9",",,,6","","","24.10",",6","31.13",",,,6","17.06",",,,6"
"USC00346130","1919-10","35.778","-95.3338","157.9","MUSKOGEE, OK US","1175.9","6","54.5","1,6","17",",6","11",",6","2",",6","","","","","0",",6","0",",6","0","1,6","22","1,6","2","1,6","","","19191028",",,6","","","","","","","19191008",",,6","19191001",",1,6","3.3",",6,28,","","","","","56.6",",,6,08,","32.8","1,6,01,","75.3","6","72.8","1,6","179.0",",,,6","","","17.66","1,6","23.11","1,,,6","12.20",",,,6"
"USC00346130","1919-11","35.778","-95.3338","157.9","MUSKOGEE, OK US","1175.9","6","0.0",",6","9",",6","5",",6","1",",6","","","0",",6","0",",6","10",",6","0",",6","4",",6","0",",6","","","19191113",",,6","","","19191130","+,,6","","","19191101",",,6","19191123",",,6","-6.7",",6,13,","","","0",",,6,30,+","34.8",",,6,01,","25.6",",6,23,","354.1","6","278.8",",6","102.9",",,,6","0",",,,6","9.04",",6","15.31",",,,6","2.77",",,,6"
"USC00346130","1919-12","35.778","-95.3338","157.9","MUSKOGEE, OK US","1175.9","6","0.0",",6","3",",6","2",",6","0",",6","","","0",",6","0",",6","21",",6","4",",6","1",",6","0",",6","","","19191210",",,6","","","19191209",",,6","","","19191205",",,6","19191230",",,6","-13.9",",6,10,","","","0",",T,6,09,","4.3",",,6,05,","22.8",",6,30,","837.0","6","482.9",",6","9.9",",,,6","0",",T,,6","2.76",",6","8.29",",,,6","-2.78",",,,6"
"USC00346130","1920-01","35.778","-95.3338","157.9","MUSKOGEE, OK US","0.0","6","0.0",",6","11",",6","6",",6","0",",6","","","3",",6","0",",6","24",",6","2",",6","1",",6","0",",6","","","19200109",",,6","","","19200108",",,6","","","19200123","+,,6","19200119",",,6","-9.4",",6,09,","","","76",",,6,08,","11.4",",,6,23,+","21.1",",6,19,","1330.2","6","493.2",",6","56.1",",,,6","139",",,,6","2.42",",6","7.03",",,,6","-2.18",",,,6"
"USC00346130","1920-02","35.778","-95.3338","157.9","MUSKOGEE, OK US","0.0","6","0.0",",6","5",",6","2",",6","0",",6","","","1",",6","0",",6","12",",6","1",",6","2",",6","0",",6","","","19200216",",,6","","","19200215",",,6","","","19200228",",,6","19200219",",,6","-15.6",",6,16,","","","25",",,6,15,","5.1",",,6,28,","22.8",",6,19,","1679.1","6","348.9",",6","10.9",",,,6","25",",,,6","6.30",",6","12.34",",,,6","0.27",",,,6"
"USC00346130","1920-03","35.778","-95.3338","157.9","MUSKOGEE, OK US","0.3","6","0.3",",6","9",",6","4",",6","3",",6","","","0",",6","0",",6","9",",6","3",",6","12",",6","0",",6","","","19200307",",,6","","","19200304",",,6","","","19200325",",,6","19200330",",,6","-12.2",",6,07,","","","10",",,6,04,","83.3",",,6,25,","25.6",",6,30,","1925.7","6","246.6",",6","146.6",",,,6","10",",,,6","10.39",",6","16.88",",,,6","3.89",",,,6"
"USC00346130","1920-04","35.778","-95.3338","157.9","MUSKOGEE, OK US","17.8","6","17.5",",6","9",",6","6",",6","2",",6","","","","","0",",6","3",",6","0",",6","17",",6","0",",6","","","19200405",",,6","","","","","","","19200425",",,6","19200417",",,6","-5.0",",6,05,","","","","","32.3",",,6,25,","31.7",",6,17,","2061.7","6","136.0",",6","96.4",",,,6","","","14.39",",6","20.80",",,,6","7.97",",,,6"
"USC00346130","1920-05","35.778","-95.3338","157.9","MUSKOGEE, OK US","149.7","6","131.9",",6","7",",6","6",",6","2",",6","","","","","0",",6","0",",6","0",",6","27",",6","4",",6","","","19200513",",,6","","","","","","","19200515",",,6","19200526","+,,6","7.2",",6,13,","","","","","51.1",",,6,15,","33.9",",6,26,+","2084.8","6","23.1",",6","106.7",",,,6","","","21.84",",6","27.58",",,,6","16.10",",,,6"
"USC00346130","1920-06","35.778","-95.3338","157.9","MUSKOGEE, OK US","307.3","6","157.6",",6","6",",6","4",",6","1",",6","","","","","0",",6","0",",6","0",",6","30",",6","15",",6","","","19200627",",,6","","","","","","","19200618",",,6","19200609",",,6","12.2",",6,27,","","","","","79.0",",,6,18,","37.8",",6,09,","2084.8","6","0.0",",6","94.1",",,,6","","","23.59",",6","30.90",",,,6","16.27",",,,6"
"USC00346130","1920-07","35.778","-95.3338","157.9","MUSKOGEE, OK US","572.4","6","265.1",",6","6",",6","6",",6","0",",6","","","","","0",",6","0",",6","0",",6","31",",6","23",",6","","","19200710",",,6","","","","","","","19200716",",,6","19200703","+,,6","16.1",",6,10,","","","","","22.9",",,6,16,","37.8",",6,03,+","0.0","6","0.0",",6","89.7",",,,6","","","26.88",",6","33.62",",,,6","20.15",",,,6"
"USC00346130","1920-08","35.778","-95.3338","157.9","MUSKOGEE, OK US","","","","","8",",6","7",",6","2",",6","","","0",",6","","","","","","","","","","","","","","","","","19200831","+,,6","","","19200830","+,,6","","","","","","","0",",,6,31,+","26.2",",,6,30,+","","","","","","","100.7",",,,6","0",",,,6","","","","","",""
"USC00346130","1920-09","35.778","-95.3338","157.9","MUSKOGEE, OK US","","","189.7",",6","6",",6","4",",6","0",",6","","","","","0",",6","0",",6","0",",6","27",",6","17",",6","","","19200930",",,6","","","","","","","19200909",",,6","19200924",",,6","2.8",",6,30,","","","","","16.0",",,6,09,","36.7",",6,24,","","","12.2",",6","42.4",",,,6","","","24.25",",6","30.79",",,,6","17.71",",,,6"
"USC00346130","1920-10","35.778","-95.3338","157.9","MUSKOGEE, OK US","","","59.1",",6","12",",6","9",",6","3",",6","","","","","0",",6","0",",6","0",",6","25",",6","1",",6","","","19201028",",,6","","","","","","","19201022",",,6","19201004",",,6","0.6",",6,28,","","","","","45.2",",,6,22,","32.8",",6,04,","","","61.9",",6","157.9",",,,6","","","18.24",",6","25.11",",,,6","11.37",",,,6"
"USC00346130","1920-11","35.778","-95.3338","157.9","MUSKOGEE, OK US","","","0.0",",6","8",",6","4",",6","0",",6","","","0",",6","0",",6","12",",6","0",",6","7",",6","0",",6","","","19201116",",,6","","","19201130","+,,6","","","19201126",",,6","19201104",",,6","-7.8",",6,16,","","","0",",,6,30,+","4.3",",,6,26,","25.6",",6,04,","","","296.6",",6","20.0",",,,6","0",",,,6","8.45",",6","14.20",",,,6","2.69",",,,6"
"USC00346130","1920-12","35.778","-95.3338","157.9","MUSKOGEE, OK US","","","0.0",",6","7",",6","4",",6","0",",6","","","0",",6","0",",6","15",",6","1",",6","2",",6","0",",6","","","19201224",",,6","","","19201231","+,,6","","","19201221",",,6","19201231",",,6","-9.4",",6,24,","","","0",",,6,31,+","20.6",",,6,21,","23.3",",6,31,","","","386.7",",6","56.7",",,,6","0",",,,6","5.86",",6","11.67",",,,6","0.05",",,,6"
"USC00346130","1921-01","35.778","-95.3338","157.9","MUSKOGEE, OK US","0.0","6","0.0",",6","8",",6","4",",6","0",",6","","","1",",6","0",",6","14",",6","0",",6","1",",6","0",",6","","","19210115","+,,6","","","19210113",",,6","","","19210113",",,6","19210120",",,6","-5.6",",6,15,+","","","127",",,6,13,","15.2",",,6,13,","22.2",",6,20,","","","343.2",",6","35.0",",,,6","135",",,,6","7.26",",6","12.31",",,,6","2.21",",,,6"
"USC00346130","1921-02","35.778","-95.3338","157.9","MUSKOGEE, OK US","0.9","6","0.9","1,6","6",",6","4",",6","1",",6","","","2",",6","0","1,6","11","1,6","0",",6","6",",6","0",",6","","","19210221",",1,6","","","19210219",",,6","","","19210219",",,6","19210213",",,6","-6.7","1,6,21,","","","229",",,6,19,","25.4",",,6,19,","26.1",",6,13,","","","268.7",",6","69.6",",,,6","318",",,,6","8.24","1,6","14.60",",,,6","1.87","1,,,6"
"USC00346130","1921-03","35.778","-95.3338","157.9","MUSKOGEE, OK US","23.5","6","22.6",",6","12",",6","7",",6","3",",6","","","","","0",",6","3",",6","0",",6","18",",6","0",",6","","","19210329",",,6","","","","","","","19210321",",,6","19210318","+,,6","-2.8",",6,29,","","","","","44.5",",,6,21,","30.6",",6,18,+","","","134.1",",6","151.9",",,,6","","","14.74",",6","20.79",",,,6","8.68",",,,6"
"USC00346130","1921-04","35.778","-95.3338","157.9","MUSKOGEE, OK US","36.1","6","12.6",",6","8",",6","8",",6","2",",6","","","","","0",",6","2",",6","0",",6","20",",6","0",",6","","","19210417",",,6","","","","","","","19210406",",,6","19210423",",,6","-1.7",",6,17,","","","","","30.7",",,6,06,","28.9",",6,23,","","","97.6",",6","126.7",",,,6","","","15.50",",6","21.92",",,,6","9.07",",,,6"
"USC00346130","1921-05","35.778","-95.3338","157.9","MUSKOGEE, OK US","173.5","6","137.4",",6","6",",6","3",",6","0",",6","","","","","0",",6","0",",6","0",",6","27",",6","12",",6","","","19210503",",,6","","","","","","","19210527",",,6","19210530",",,6","3.9",",6,03,","","","","","15.2",",,6,27,","36.1",",6,30,","","","22.2",",6","29.1",",,,6","","","22.05",",6","28.90",",,,6","15.19",",,,6"
"USC00346130","1921-06","35.778","-95.3338","157.9","MUSKOGEE, OK US","396.3","6","222.8",",6","20",",6","19",",6","2",",6","","","","","0",",6","0",",6","0",",6","30",",6","12",",6","","","19210624","+,,6","","","","","","","19210623",",,6","19210601",",,6","18.3",",6,24,+","","","","","80.0",",,6,23,","35.6",",6,01,","","","0.0",",6","279.7",",,,6","","","25.76",",6","31.11",",,,6","20.41",",,,6"
"USC00346130","1921-07","35.778","-95.3338","157.9","MUSKOGEE, OK US","709.2","6","312.9",",6","4",",6","1",",6","0",",6","","","","","0",",6","0",",6","0",",6","31",",6","28",",6","","","19210723",",,6","","","","","","","19210715",",,6","19210731","+,,6","18.3",",6,23,","","","","","7.6",",,6,15,","38.3",",6,31,+","0.0","6","0.0",",6","10.0",",,,6","","","28.43",",6","34.69",",,,6","22.16",",,,6"
"USC00346130","1921-08","35.778","-95.3338","157.9","MUSKOGEE, OK US","1033.1","6","323.9",",6","9",",6","5",",6","0",",6","","","","","0",",6","0",",6","0",",6","31",",6","25",",6","","","19210804",",,6","","","","","","","19210809",",,6","19210823",",,6","18.3",",6,04,","","","","","19.8",",,6,09,","40.0",",6,23,","0.0","6","0.0",",6","73.4",",,,6","","","28.78",",6","35.29",",,,6","22.27",",,,6"
"USC00346130","1921-09","35.778","-95.3338","157.9","MUSKOGEE, OK US","1301.8","6","268.7",",6","8",",6","4",",6","0",",6","","","","","0",",6","0",",6","0",",6","30",",6","23",",6","","","19210930",",,6","","","","","","","19210925",",,6","19210923","+,,6","5.0",",6,30,","","","","","17.5",",,6,25,","37.8",",6,23,+","2.5","6","2.5",",6","37.8",",,,6","","","27.21",",6","33.84",",,,6","20.58",",,,6"
"USC00346130","1921-10","35.778","-95.3338","157.9","MUSKOGEE, OK US","1343.0","6","41.2","1,6","6",",6","3",",6","0",",6","","","","","0",",6","1",",6","0","1,6","26","1,6","3","1,6","","","19211008",",,6","","","","","","","19211029",",,6","19211009",",1,6","0.0",",6,08,","","","","","4.6",",,6,29,","33.3","1,6,09,","55.0","6","52.5","1,6","12.0",",,,6","","","17.95","1,6","26.95","1,,,6","8.95",",,,6"
"USC00346130","1921-11","35.778","-95.3338","157.9","MUSKOGEE, OK US","1345.5","6","2.5",",6","3",",6","2",",6","0",",6","","","","","0",",6","5",",6","0",",6","15",",6","0",",6","","","19211110",",,6","","","","","","","19211118",",,6","19211116","+,,6","-4.4",",6,10,","","","","","16.3",",,6,18,","28.9",",6,16,+","243.4","6","188.4",",6","32.0",",,,6","","","12.14",",6","19.85",",,,6","4.42",",,,6"
"USC00346130","1921-12","35.778","-95.3338","157.9","MUSKOGEE, OK US","1345.5","6","0.0",",6","7",",6","3",",6","1",",6","","","0",",6","0",",6","14",",6","1",",6","4",",6","0",",6","","","19211225",",,6","","","19211231","+,,6","","","19211201",",,6","19211213",",,6","-10.0",",6,25,","","","0",",,6,31,+","29.5",",,6,01,","25.0",",6,13,","607.3","6","363.9",",6","41.2",",,,6","0",",,,6","6.60",",6","12.54",",,,6","0.65",",,,6"
"USC00346130","1922-01","35.778","-95.3338","157.9","MUSKOGEE, OK US","0.0","6","0.0",",6","7",",6","3",",6","1",",6","1",",6","0",",6","0",",6","22",",6","3",",6","0",",6","0",",6","","","19220119",",,6","19220126",",,6","19220126",",,6","","","19220110",",,6","19220114",",,6","-10.6",",6,19,","25",",,6,26,","15",",,6,26,","34.0",",,6,10,","18.9",",6,14,","1076.5","6","469.2",",6","56.5",",,,6","15",",,,6","3.20",",6","8.30",",,,6","-1.91",",,,6"
"USC00346130","1922-02","35.778","-95.3338","157.9","MUSKOGEE, OK US","6.4","6","6.4",",6","5",",6","4",",6","1",",6","","","1",",6","0",",6","12",",6","0",",6","6",",6","0",",6","","","19220228",",,6","","","19220228",",,6","","","19220222",",,6","19220210",",,6","-8.3",",6,28,","","","89",",,6,28,","26.9",",,6,22,","28.3",",6,10,","1380.0","6","303.5",",6","44.4",",,,6","89",",,,6","7.72",",6","13.19",",,,6","2.25",",,,6"
"USC00346130","1922-03","35.778","-95.3338","157.9","MUSKOGEE, OK US","7.8","6","1.4",",6","14",",6","10",",6","2",",6","","","0",",6","0",",6","6",",6","2",",6","7",",6","0",",6","","","19220303","+,,6","","","19220301",",,6","","","19220330",",,6","19220323",",,6","-8.9",",6,03,+","","","3",",,6,01,","28.7",",,6,30,","26.1",",6,23,","1632.6","6","252.6",",6","131.3",",,,6","3",",,,6","10.23",",6","15.74",",,,6","4.72",",,,6"
"USC00346130","1922-04","35.778","-95.3338","157.9","MUSKOGEE, OK US","29.9","6","22.1",",6","12",",6","10",",6","2",",6","","","","","0",",6","0",",6","0",",6","20",",6","0",",6","","","19220401",",,6","","","","","","","19220426",",,6","19220422",",,6","1.1",",6,01,","","","","","46.7",",,6,26,","29.4",",6,22,","1695.9","6","63.3",",6","186.3",",,,6","","","16.96",",6","22.57",",,,6","11.35",",,,6"
"USC00346130","1922-05","35.778","-95.3338","157.9","MUSKOGEE, OK US","134.3","6","104.4",",6","","","","","","","","","","","0",",6","0",",6","0",",6","30",",6","1",",6","","","19220517","+,,6","","","","","","","","","19220527",",,6","10.6",",6,17,+","","","","","","","32.2",",6,27,","1696.7","6","0.8",",6","","","","","21.68",",6","27.23",",,,6","16.13",",,,6"
"USC00346130","1922-06","35.778","-95.3338","157.9","MUSKOGEE, OK US","368.9","6","234.6",",6","5",",6","2",",6","0",",6","","","","","0",",6","0",",6","0",",6","30",",6","19",",6","","","19220603",",,6","","","","","","","19220626",",,6","19220624",",,6","12.2",",6,03,","","","","","12.7",",,6,26,","38.3",",6,24,","1697.5","6","0.8",",6","24.7",",,,6","","","26.13",",6","32.58",",,,6","19.67",",,,6"
"USC00346130","1922-07","35.778","-95.3338","157.9","MUSKOGEE, OK US","656.0","6","287.1",",6","6",",6","5",",6","2",",6","","","0",",6","0",",6","0",",6","0",",6","31",",6","23",",6","","","19220704",",,6","","","19220731","+,,6","","","19220712",",,6","19220731",",,6","14.4",",6,04,","","","0",",,6,31,+","59.9",",,6,12,","39.4",",6,31,","0.0","6","0.0",",6","138.7",",,,6","0",",,,6","27.59",",6","33.65",",,,6","21.54",",,,6"
"USC00346130","1922-08","35.778","-95.3338","157.9","MUSKOGEE, OK US","965.0","6","309.0",",6","7",",6","4",",6","0",",6","","","","","0",",6","0",",6","0",",6","31",",6","26",",6","","","19220809",",,6","","","","","","","19220826",",,6","19220824","+,,6","15.0",",6,09,","","","","","21.6",",,6,26,","41.1",",6,24,+","0.0","6","0.0",",6","45.8",",,,6","","","28.30",",6","35.68",",,,6","20.92",",,,6"
"USC00346130","1922-09","35.778","-95.3338","157.9","MUSKOGEE, OK US","1172.7","6","207.7",",6","1",",6","1",",6","0",",6","","","","","0",",6","0",",6","0",",6","30",",6","21",",6","","","19220912",",,6","","","","","","","19220910",",,6","19220907",",,6","7.8",",6,12,","","","","","7.6",",,6,10,","40.0",",6,07,","0.6","6","0.6",",6","7.6",",,,6","","","25.24",",6","33.98",",,,6","16.50",",,,6"
"USC00346130","1922-10","35.778","-95.3338","157.9","MUSKOGEE, OK US","1225.5","6","52.8",",6","6",",6","3",",6","0",",6","","","","","0",",6","1",",6","0",",6","27",",6","4",",6","","","19221018",",,6","","","","","","","19221007",",,6","19221005","+,,6","-1.7",",6,18,","","","","","17.3",",,6,07,","35.0",",6,05,+","54.5","6","53.9",",6","29.0",",,,6","","","18.30",",6","26.84",",,,6","9.75",",,,6"
"USC00346130","1922-11","35.778","-95.3338","157.9","MUSKOGEE, OK US","1231.9","6","6.4",",6","7",",6","6",",6","4",",6","","","","","0",",6","4",",6","0",",6","9",",6","0",",6","","","19221128",",,6","","","","","","","19221112",",,6","19221102",",,6","-2.2",",6,28,","","","","","69.3",",,6,12,","28.9",",6,02,","261.2","6","206.7",",6","187.0",",,,6","","","11.66",",6","18.28",",,,6","5.04",",,,6"
"USC00346130","1922-12","35.778","-95.3338","157.9","MUSKOGEE, OK US","1231.9","6","0.0",",6","8",",6","5",",6","0",",6","","","0",",6","0",",6","16",",6","1",",6","5",",6","0",",6","","","19221219","+,,6","","","19221231","+,,6","","","19221201",",,6","19221207",",,6","-6.1",",6,19,+","","","0",",,6,31,+","14.5",",,6,01,","25.0",",6,07,","604.3","6","343.1",",6","55.9",",,,6","0",",,,6","7.27",",6","13.12",",,,6","1.42",",,,6"
"USC00346130","1923-01","35.778","-95.3338","157.9","MUSKOGEE, OK US","0.0","6","0.0",",6","8",",6","5",",6","1",",6","","","0",",6","0",",6","11",",6","0",",6","4",",6","0",",6","","","19230103",",,6","","","19230123",",,6","","","19230131",",,6","19230111",",,6","-4.4",",6,03,","","","0",",T,6,23,","126.5",",,6,31,","24.4",",6,11,","889.1","6","284.8",",6","158.2",",,,6","0",",T,,6","9.15",",6","15.45",",,,6","2.84",",,,6"
"USC00346130","1923-02","35.778","-95.3338","157.9","MUSKOGEE, OK US","0.0","6","0.0",",6","7",",6","5",",6","0",",6","","","1",",6","0",",6","17",",6","3",",6","0",",6","0",",6","","","19230207","+,,6","","","19230206",",,6","","","19230206",",,6","19230212",",,6","-10.6",",6,07,+","","","114",",,6,06,","11.4",",,6,06,","18.3",",6,12,","1291.5","6","402.4",",6","40.1",",,,6","114",",,,6","3.96",",6","9.22",",,,6","-1.30",",,,6"
"USC00346130","1923-03","35.778","-95.3338","157.9","MUSKOGEE, OK US","1.1","6","1.1",",6","6",",6","5",",6","1",",6","","","0",",6","0",",6","9",",6","0",",6","5",",6","0",",6","","","19230319",",,6","","","19230318",",,6","","","19230311",",,6","19230325","+,,6","-12.2",",6,19,","","","0",",T,6,18,","38.4",",,6,11,","24.4",",6,25,+","1590.1","6","298.6",",6","122.5",",,,6","0",",T,,6","8.74",",6","15.03",",,,6","2.44",",,,6"
"USC00346130","1923-04","35.778","-95.3338","157.9","MUSKOGEE, OK US","21.4","6","20.3",",6","16",",6","8",",6","2",",6","","","","","0",",6","0",",6","0",",6","18",",6","0",",6","","","19230408",",,6","","","","","","","19230425",",,6","19230423",",,6","1.1",",6,08,","","","","","40.6",",,6,25,","30.6",",6,23,","1676.9","6","86.8",",6","149.0",",,,6","","","16.12",",6","22.56",",,,6","9.68",",,,6"
"USC00346130","1923-05","35.778","-95.3338","157.9","MUSKOGEE, OK US","88.9","6","67.5",",6","16",",6","11",",6","2",",6","","","","","0",",6","0",",6","0",",6","25",",6","1",",6","","","19230509",",,6","","","","","","","19230514",",,6","19230531",",,6","2.2",",6,09,","","","","","62.7",",,6,14,","33.3",",6,31,","1706.5","6","29.6",",6","206.0",",,,6","","","19.55",",6","25.37",",,,6","13.74",",,,6"
"USC00346130","1923-06","35.778","-95.3338","157.9","MUSKOGEE, OK US","312.9","6","224.0",",6","7",",6","5",",6","2",",6","","","","","0",",6","0",",6","0",",6","30",",6","14",",6","","","19230629",",,6","","","","","","","19230609",",,6","19230626",",,6","12.8",",6,29,","","","","","38.4",",,6,09,","36.7",",6,26,","1706.5","6","0.0",",6","107.7",",,,6","","","25.80",",6","31.52",",,,6","20.07",",,,6"
"USC00346130","1923-07","35.778","-95.3338","157.9","MUSKOGEE, OK US","638.9","6","326.0",",6","3",",6","2",",6","0",",6","","","","","0",",6","0",",6","0",",6","31",",6","30",",6","","","19230701",",,6","","","","","","","19230716",",,6","19230731","+,,6","16.1",",6,01,","","","","","9.9",",,6,16,","40.6",",6,31,+","0.0","6","0.0",",6","16.0",",,,6","","","28.85",",6","36.20",",,,6","21.50",",,,6"
"USC00346130","1923-08","35.778","-95.3338","157.9","MUSKOGEE, OK US","984.7","6","345.8",",6","7",",6","6",",6","2",",6","","","","","0",",6","0",",6","0",",6","31",",6","28",",6","","","19230824","+,,6","","","","","","","19230822",",,6","19230814","+,,6","15.0",",6,24,+","","","","","30.7",",,6,22,","43.3",",6,14,+","0.0","6","0.0",",6","82.1",",,,6","","","29.49",",6","37.44",",,,6","21.54",",,,6"
"USC00346130","1923-09","35.778","-95.3338","157.9","MUSKOGEE, OK US","1153.2","6","168.5",",6","10",",6","9",",6","2",",6","","","","","0",",6","0",",6","0",",6","28",",6","14",",6","","","19230908",",,6","","","","","","","19230919",",,6","19230910",",,6","11.1",",6,08,","","","","","55.4",",,6,19,","36.7",",6,10,","1.4","6","1.4",",6","137.5",",,,6","","","23.90",",6","30.47",",,,6","17.33",",,,6"
"USC00346130","1923-10","35.778","-95.3338","157.9","MUSKOGEE, OK US","1177.1","6","23.9",",6","17",",6","12",",6","3",",6","","","","","0",",6","2",",6","0",",6","14",",6","0",",6","","","19231031",",,6","","","","","","","19231015",",,6","19231008","+,,6","-1.7",",6,31,","","","","","73.7",",,6,15,","29.4",",6,08,+","134.6","6","133.2",",6","253.2",",,,6","","","14.81",",6","20.32",",,,6","9.30",",,,6"
"USC00346130","1923-11","35.778","-95.3338","157.9","MUSKOGEE, OK US","1177.1","6","0.0",",6","9",",6","6",",6","1",",6","","","","","0",",6","4",",6","0",",6","8",",6","0",",6","","","19231130","+,,6","","","","","","","19231113",",,6","19231120","+,,6","-1.1",",6,30,+","","","","","37.1",",,6,13,","23.3",",6,20,+","360.8","6","226.2",",6","124.2",",,,6","","","10.79",",6","17.12",",,,6","4.47",",,,6"
"USC00346130","1923-12","35.778","-95.3338","157.9","MUSKOGEE, OK US","1177.1","6","0.0",",6","14",",6","10",",6","1",",6","","","","","0",",6","12",",6","1",",6","4",",6","0",",6","","","19231231",",,6","","","","","","","19231212",",,6","19231227",",,6","-11.1",",6,31,","","","","","60.5",",,6,12,","22.2",",6,27,","702.3","6","341.5",",6","148.9",",,,6","","","7.32",",6","12.20",",,,6","2.44",",,,6"
"USC00346130","1924-01","35.778","-95.3338","157.9","MUSKOGEE, OK US","0.0","6","0.0",",6","9",",6","4",",6","0",",6","","","","","1",",6","27",",6","5",",6","0",",6","0",",6","","","19240105",",,6","","","","","","","19240124",",,6","19240131","+,,6","-17.8",",6,05,","","","","","17.8",",,6,24,","18.9",",6,31,+","1230.4","6","528.1",",6","37.3",",,,6","","","1.30",",6","6.90",",,,6","-4.30",",,,6"
"USC00346130","1924-02","35.778","-95.3338","157.9","MUSKOGEE, OK US","0.0","6","0.0",",6","8",",6","4",",6","0",",6","","","2",",6","0",",6","15",",6","2",",6","4",",6","0",",6","","","19240206",",,6","","","19240205",",,6","","","19240211",",,6","19240214",",,6","-12.2",",6,06,","","","46",",,6,05,","16.3",",,6,11,","25.0",",6,14,","1603.7","6","373.3",",6","38.2",",,,6","84",",,,6","5.46",",6","11.40",",,,6","-0.48",",,,6"
"USC00346130","1924-03","35.778","-95.3338","157.9","MUSKOGEE, OK US","0.0","6","0.0",",6","","","","","","","","","","","0",",6","15",",6","0",",6","4",",6","0",",6","","","19240311",",,6","","","","","","","","","19240327",",,6","-5.0",",6,11,","","","","","","","25.0",",6,27,","1962.7","6","359.0",",6","","","","","6.75",",6","12.06",",,,6","1.45",",,,6"
"USC00346130","1924-04","35.778","-95.3338","157.9","MUSKOGEE, OK US","27.7","6","27.7",",6","9",",6","5",",6","2",",6","","","0",",6","0",",6","1",",6","0",",6","17",",6","2",",6","","","19240401",",,6","","","19240430","+,,6","","","19240425",",,6","19240415",",,6","-2.8",",6,01,","","","0",",,6,30,+","87.4",",,6,25,","33.3",",6,15,","2051.0","6","88.3",",6","184.1",",,,6","0",",,,6","16.32",",6","23.15",",,,6","9.48",",,,6"
"USC00346130","1924-05","35.778","-95.3338","157.9","MUSKOGEE, OK US","72.5","6","44.8",",6","9",",6","7",",6","1",",6","","","","","0",",6","0",",6","0",",6","25",",6","0",",6","","","19240511","+,,6","","","","","","","19240528",",,6","19240504",",,6","5.0",",6,11,+","","","","","57.9",",,6,28,","31.7",",6,04,","2103.2","6","52.2",",6","126.1",",,,6","","","18.09",",6","24.75",",,,6","11.44",",,,6"
"USC00346130","1924-06","35.778","-95.3338","157.9","MUSKOGEE, OK US","322.5","6","250.0",",6","11",",6","9",",6","3",",6","","","","","0",",6","0",",6","0",",6","30",",6","20",",6","","","19240603","+,,6","","","","","","","19240609",",,6","19240615","+,,6","12.2",",6,03,+","","","","","38.1",",,6,09,","36.7",",6,15,+","2104.6","6","1.4",",6","143.4",",,,6","","","26.62",",6","32.50",",,,6","20.74",",,,6"
"USC00346130","1924-07","35.778","-95.3338","157.9","MUSKOGEE, OK US","574.8","6","252.3",",6","","","","","","","","","","","0",",6","0",",6","0",",6","31",",6","21",",6","","","19240703",",,6","","","","","","","","","19240724",",,6","11.7",",6,03,","","","","","","","38.9",",6,24,","0.0","6","0.0",",6","","","","","26.47",",6","33.10",",,,6","19.84",",,,6"
"USC00346130","1924-08","35.778","-95.3338","157.9","MUSKOGEE, OK US","913.4","6","338.6",",6","8",",6","3",",6","0",",6","","","","","0",",6","0",",6","0",",6","31",",6","29",",6","","","19240812",",,6","","","","","","","19240810",",,6","19240824",",,6","17.2",",6,12,","","","","","5.8",",,6,10,","39.4",",6,24,","0.0","6","0.0",",6","21.1",",,,6","","","29.25",",6","36.48",",,,6","22.03",",,,6"
"USC00346130","1924-09","35.778","-95.3338","157.9","MUSKOGEE, OK US","1023.4","6","110.0",",6","","","","","","","","","","","0",",6","0",",6","0",",6","28",",6","7",",6","","","19240930",",,6","","","","","","","","","19240901",",,6","5.0",",6,30,","","","","","","","37.8",",6,01,","17.2","6","17.2",",6","","","","","21.42",",6","28.82",",,,6","14.03",",,,6"
"USC00346130","1924-10","35.778","-95.3338","157.9","MUSKOGEE, OK US","1088.2","6","64.8",",6","4",",6","3",",6","0",",6","","","","","0",",6","1",",6","0",",6","27",",6","0",",6","","","19241026",",,6","","","","","","","19241005",",,6","19241004",",,6","0.0",",6,26,","","","","","13.7",",,6,05,","31.7",",6,04,","65.5","6","48.3",",6","23.8",",,,6","","","18.87",",6","27.17",",,,6","10.56",",,,6"
"USC00346130","1924-11","35.778","-95.3338","157.9","MUSKOGEE, OK US","1101.2","6","13.0",",6","7",",6","2",",6","1",",6","","","","","0",",6","5",",6","0",",6","12",",6","0",",6","","","19241129",",,6","","","","","","","19241114",",,6","19241106","+,,6","-3.9",",6,29,","","","","","52.8",",,6,14,","28.3",",6,06,+","266.5","6","201.0",",6","74.8",",,,6","","","12.07",",6","19.15",",,,6","4.98",",,,6"
"USC00346130","1924-12","35.778","-95.3338","157.9","MUSKOGEE, OK US","1101.2","6","0.0",",6","","","","","","","","","","","0",",6","21",",6","8",",6","3",",6","0",",6","","","19241219",",,6","","","","","","","","","19241216",",,6","-17.2",",6,19,","","","","","","","25.6",",6,16,","780.4","6","513.9",",6","","","","","1.75",",6","7.18",",,,6","-3.67",",,,6"
"USC00346130","1925-01","35.778","-95.3338","157.9","MUSKOGEE, OK US","0.0","6","0.0",",6","7",",6","6",",6","0",",6","","","3",",6","0",",6","23",",6","2",",6","0",",6","0",",6","","","19250128","+,,6","","","19250119",",,6","","","19250115",",,6","19250125",",,6","-12.8",",6,28,+","","","74",",,6,19,","14.2",",,6,15,","18.9",",6,25,","1259.4","6","479.0",",6","48.3",",,,6","153",",,,6","2.88",",6","8.25",",,,6","-2.48",",,,6"
"USC00346130","1925-02","35.778","-95.3338","157.9","MUSKOGEE, OK US","0.0","6","0.0",",6","6",",6","2",",6","1",",6","","","0",",6","0",",6","10",",6","0",",6","5",",6","0",",6","","","19250202",",,6","","","19250228","+,,6","","","19250222",",,6","19250221",",,6","-5.6",",6,02,","","","0",",,6,28,+","29.7",",,6,22,","24.4",",6,21,","1515.6","6","256.2",",6","52.0",",,,6","0",",,,6","9.18",",6","15.41",",,,6","2.95",",,,6"
"USC00346130","1925-03","35.778","-95.3338","157.9","MUSKOGEE, OK US","14.8","6","14.8",",6","5",",6","3",",6","0",",6","","","","","0",",6","6",",6","0",",6","19",",6","0",",6","","","19250302",",,6","","","","","","","19250329",",,6","19250307",",,6","-8.9",",6,02,","","","","","20.3",",,6,29,","29.4",",6,07,","1663.8","6","148.2",",6","40.4",",,,6","","","14.03",",6","21.81",",,,6","6.25",",,,6"
"USC00346130","1925-04","35.778","-95.3338","157.9","MUSKOGEE, OK US","87.1","6","72.3",",6","13",",6","10",",6","1",",6","","","","","0",",6","0",",6","0",",6","23",",6","1",",6","","","19250430",",,6","","","","","","","19250427",",,6","19250418",",,6","3.3",",6,30,","","","","","26.4",",,6,27,","32.2",",6,18,","1705.5","6","41.7",",6","142.5",",,,6","","","19.35",",6","25.27",",,,6","13.43",",,,6"
"USC00346130","1925-05","35.778","-95.3338","157.9","MUSKOGEE, OK US","161.6","6","74.5",",6","5",",6","4",",6","0",",6","","","0",",6","0",",6","0",",6","0",",6","28",",6","3",",6","","","19250501",",,6","","","19250531","+,,6","","","19250511",",,6","19250523",",,6","5.0",",6,01,","","","0",",,6,31,+","16.5",",,6,11,","32.8",",6,23,","1733.6","6","28.1",",6","47.5",",,,6","0",",,,6","19.83",",6","26.13",",,,6","13.53",",,,6"
"USC00346130","1925-06","35.778","-95.3338","157.9","MUSKOGEE, OK US","466.6","6","305.0",",6","3",",6","2",",6","0",",6","","","","","0",",6","0",",6","0",",6","30",",6","25",",6","","","19250626",",,6","","","","","","","19250612",",,6","19250629","+,,6","13.9",",6,26,","","","","","10.4",",,6,12,","41.1",",6,29,+","1733.6","6","0.0",",6","15.0",",,,6","","","28.50",",6","34.97",",,,6","22.03",",,,6"
"USC00346130","1925-07","35.778","-95.3338","157.9","MUSKOGEE, OK US","773.3","6","306.7",",6","12",",6","8",",6","1",",6","","","","","0",",6","0",",6","0",",6","31",",6","22",",6","","","19250731",",,6","","","","","","","19250731",",,6","19250709",",,6","14.4",",6,31,","","","","","51.8",",,6,31,","40.0",",6,09,","0.0","6","0.0",",6","126.5",",,,6","","","28.23",",6","34.31",",,,6","22.15",",,,6"
"USC00346130","1925-08","35.778","-95.3338","157.9","MUSKOGEE, OK US","1051.4","6","278.1",",6","4",",6","1",",6","1",",6","","","0",",6","0",",6","0",",6","0",",6","31",",6","25",",6","","","19250801",",,6","","","19250831","+,,6","","","19250808",",,6","19250820","+,,6","13.9",",6,01,","","","0",",,6,31,+","66.0",",,6,08,","38.3",",6,20,+","0.0","6","0.0",",6","70.3",",,,6","0",",,,6","27.30",",6","34.34",",,,6","20.27",",,,6"
"USC00346130","1925-09","35.778","-95.3338","157.9","MUSKOGEE, OK US","1266.6","6","215.2",",6","8",",6","7",",6","3",",6","","","0",",6","0",",6","0",",6","0",",6","28",",6","16",",6","","","19250914","+,,6","","","19250930","+,,6","","","19250924",",,6","19250907",",,6","14.4",",6,14,+","","","0",",,6,30,+","54.6",",,6,24,","40.0",",6,07,","1.4","6","1.4",",6","204.3",",,,6","0",",,,6","25.46",",6","31.68",",,,6","19.24",",,,6"
"USC00346130","1925-10","35.778","-95.3338","157.9","MUSKOGEE, OK US","1302.1","6","35.5",",6","11",",6","6",",6","1",",6","","","0",",6","0",",6","8",",6","0",",6","11",",6","0",",6","1","","19251031",",,6","","","19251031","+,,6","","","19251008",",,6","19251003",",,6","-5.0",",6,31,","","","0",",,6,31,+","58.9",",,6,08,","31.7",",6,03,","177.3","6","175.9",",6","110.3",",,,6","0",",,,6","13.80",",6","19.29",",,,6","8.31",",,,6"
"USC00346130","1925-11","35.778","-95.3338","157.9","MUSKOGEE, OK US","1302.1","6","0.0",",6","7",",6","3",",6","1",",6","","","0",",6","0",",6","8",",6","0",",6","2",",6","0",",6","","","19251108",",,6","","","19251130","+,,6","","","19251106",",,6","19251112",",,6","-3.9",",6,08,","","","0",",,6,30,+","26.2",",,6,06,","21.7",",6,12,","439.5","6","262.2",",6","59.7",",,,6","0",",,,6","9.59",",6","16.22",",,,6","2.96",",,,6"
"USC00346130","1925-12","35.778","-95.3338","157.9","MUSKOGEE, OK US","1302.1","6","0.0",",6","5",",6","3",",6","0",",6","","","0",",6","0",",6","20",",6","3",",6","0",",6","0",",6","","","19251228",",,6","","","19251222","+,,6","","","19251203",",,6","19251204","+,,6","-15.0",",6,28,","","","0",",T,6,22,+","17.8",",,6,03,","20.6",",6,04,+","886.0","6","446.5",",6","28.8",",,,6","0",",T,,6","3.93",",6","9.66",",,,6","-1.80",",,,6"
"USC00346130","1926-01","35.778","-95.3338","157.9","MUSKOGEE, OK US","0.0","6","0.0",",6","6",",6","4",",6","2",",6","","","","","1",",6","20",",6","3",",6","0",",6","0",",6","","","19260123",",,6","","","","","","","19260117",",,6","19260119",",,6","-17.8",",6,23,","","","","","37.6",",,6,17,","18.3",",6,19,","1333.8","6","447.8",",6","87.9",",,,6","","","3.89",",6","9.18",",,,6","-1.40",",,,6"
"USC00346130","1926-02","35.778","-95.3338","157.9","MUSKOGEE, OK US","0.8","6","0.8",",6","3",",6","2",",6","0",",6","","","0",",6","0",",6","7",",6","0",",6","5",",6","0",",6","","","19260219","+,,6","","","19260218",",,6","","","19260224",",,6","19260213",",,6","-3.9",",6,19,+","","","0",",T,6,18,","22.9",",,6,24,","25.0",",6,13,","1595.2","6","261.4",",6","35.6",",,,6","0",",T,,6","9.03",",6","15.35",",,,6","2.71",",,,6"
"USC00346130","1926-03","35.778","-95.3338","157.9","MUSKOGEE, OK US","1.4","6","0.6",",6","11",",6","10",",6","0",",6","","","1",",6","0",",6","11",",6","0",",6","7",",6","0",",6","","","19260327",",,6","","","19260331",",,6","","","19260321",",,6","19260324",",,6","-3.9",",6,27,","","","89",",,6,31,","17.8",",,6,21,","25.0",",6,24,","1885.0","6","289.8",",6","75.3",",,,6","102",",,,6","9.00",",6","14.49",",,,6","3.52",",,,6"
"USC00346130","1926-04","35.778","-95.3338","157.9","MUSKOGEE, OK US","8.6","6","7.2",",6","7",",6","5",",6","0",",6","","","0",",6","0",",6","2",",6","0",",6","12",",6","0",",6","","","19260401",",,6","","","19260430","+,,6","","","19260411",",,6","19260423",",,6","-0.6",",6,01,","","","0",",,6,30,+","20.3",",,6,11,","28.3",",6,23,","2028.3","6","143.3",",6","74.7",",,,6","0",",,,6","13.80",",6","19.89",",,,6","7.70",",,,6"
"USC00346130","1926-05","35.778","-95.3338","157.9","MUSKOGEE, OK US","101.0","6","92.4",",6","6",",6","4",",6","1",",6","","","0",",6","0",",6","0",",6","0",",6","29",",6","3",",6","","","19260515",",,6","","","19260531","+,,6","","","19260507",",,6","19260529",",,6","4.4",",6,15,","","","0",",,6,31,+","26.7",",,6,07,","35.0",",6,29,","2038.3","6","10.0",",6","61.7",",,,6","0",",,,6","20.99",",6","27.38",",,,6","14.60",",,,6"
"USC00346130","1926-06","35.778","-95.3338","157.9","MUSKOGEE, OK US","287.1","6","186.1",",6","9",",6","7",",6","2",",6","","","","","0",",6","0",",6","0",",6","30",",6","11",",6","","","19260605",",,6","","","","","","","19260615",",,6","19260606",",,6","11.1",",6,05,","","","","","69.9",",,6,15,","36.1",",6,06,","2038.3","6","0.0",",6","174.3",",,,6","","","24.54",",6","30.69",",,,6","18.38",",,,6"
"USC00346130","1926-07","35.778","-95.3338","157.9","MUSKOGEE, OK US","535.1","6","248.0",",6","6",",6","1",",6","1",",6","","","0",",6","0",",6","0",",6","0",",6","31",",6","20",",6","","","19260714",",,6","","","19260731","+,,6","","","19260713",",,6","19260705",",,6","13.3",",6,14,","","","0",",,6,31,+","26.7",",,6,13,","37.2",",6,05,","0.0","6","0.0",",6","33.1",",,,6","0",",,,6","26.33",",6","32.70",",,,6","19.96",",,,6"
"USC00346130","1926-08","35.778","-95.3338","157.9","MUSKOGEE, OK US","823.2","6","288.1",",6","7",",6","4",",6","1",",6","","","","","0",",6","0",",6","0",",6","31",",6","24",",6","","","19260826","+,,6","","","","","","","19260814",",,6","19260806",",,6","14.4",",6,26,+","","","","","59.7",",,6,14,","40.0",",6,06,","0.0","6","0.0",",6","112.6",",,,6","","","27.63",",6","34.06",",,,6","21.19",",,,6"
"USC00346130","1926-09","35.778","-95.3338","157.9","MUSKOGEE, OK US","1019.1","6","195.9",",6","10",",6","10",",6","4",",6","","","0",",6","0",",6","0",",6","0",",6","25",",6","16",",6","","","19260926",",,6","","","19260930","+,,6","","","19260929",",,6","19260921","+,,6","7.2",",6,26,","","","0",",,6,30,+","67.6",",,6,29,","35.0",",6,21,+","27.2","6","27.2",",6","245.2",",,,6","0",",,,6","23.96",",6","29.34",",,,6","18.57",",,,6"
"USC00346130","1926-10","35.778","-95.3338","157.9","MUSKOGEE, OK US","1079.6","6","60.5",",6","7",",6","4",",6","3",",6","","","0",",6","0",",6","0",",6","0",",6","24",",6","0",",6","","","19261026","+,,6","","","19261031","+,,6","","","19261010",",,6","19261018","+,,6","1.7",",6,26,+","","","0",",,6,31,+","70.6",",,6,10,","31.1",",6,18,+","88.5","6","61.3",",6","170.7",",,,6","0",",,,6","18.31",",6","23.73",",,,6","12.89",",,,6"
"USC00346130","1926-11","35.778","-95.3338","157.9","MUSKOGEE, OK US","1079.6","6","0.0",",6","4",",6","3",",6","0",",6","","","0",",6","0",",6","12",",6","0",",6","4",",6","0",",6","","","19261122",",,6","","","19261117",",,6","","","19261117",",,6","19261125",",,6","-6.1",",6,22,","","","13",",,6,17,","13.2",",,6,17,","24.4",",6,25,","382.6","6","294.1",",6","33.5",",,,6","13",",,,6","8.53",",6","14.42",",,,6","2.64",",,,6"
"USC00346130","1926-12","35.778","-95.3338","157.9","MUSKOGEE, OK US","1079.6","6","0.0",",6","9",",6","6",",6","0",",6","","","0",",6","0",",6","15",",6","2",",6","3",",6","0",",6","","","19261215",",,6","","","19261231","+,,6","","","19261220",",,6","19261212",",,6","-12.2",",6,15,","","","0",",,6,31,+","21.3",",,6,20,","21.7",",6,12,","792.2","6","409.6",",6","68.2",",,,6","0",",,,6","5.12",",6","10.26",",,,6","-0.02",",,,6"
"USC00346130","1927-01","35.778","-95.3338","157.9","MUSKOGEE, OK US","0.0","6","0.0","1,6","11",",6","8",",6","1",",6","","","1",",6","0","1,6","19","1,6","4",",6","1",",6","0",",6","","","19270115",",1,6","","","19270122",",,6","","","19270113",",,6","19270105",",,6","-13.3","1,6,15,","","","25",",,6,22,","41.9",",,6,13,","22.2",",6,05,","1216.8","6","424.6",",6","98.0",",,,6","33",",,,6","4.17","1,6","9.37",",,,6","-1.03","1,,,6"
"USC00346130","1927-02","35.778","-95.3338","157.9","MUSKOGEE, OK US","0.0","6","0.0",",6","9",",6","6",",6","0",",6","","","2",",6","0",",6","9",",6","0",",6","8",",6","0",",6","","","19270218","+,,6","","","19270228","+,,6","","","19270201",",,6","19270216",",,6","-6.7",",6,18,+","","","25",",,6,28,+","17.3",",,6,01,","26.1",",6,16,","1458.9","6","242.1",",6","56.4",",,,6","53",",,,6","9.69",",6","15.73",",,,6","3.64",",,,6"
"USC00346130","1927-03","35.778","-95.3338","157.9","MUSKOGEE, OK US","0.6","6","0.6",",6","11",",6","7",",6","1",",6","","","1",",6","0",",6","8",",6","0",",6","9",",6","0",",6","","","19270303",",,6","","","19270301",",,6","","","19270317",",,6","19270319","+,,6","-5.0",",6,03,","","","51",",,6,01,","28.7",",,6,17,","25.0",",6,19,+","1685.9","6","227.0",",6","78.1",",,,6","51",",,,6","11.03",",6","16.79",",,,6","5.27",",,,6"
"USC00346130","1927-04","35.778","-95.3338","157.9","MUSKOGEE, OK US","51.5","6","50.9",",6","12",",6","11",",6","3",",6","","","0",",6","0",",6","0",",6","0",",6","21",",6","0",",6","","","19270422",",,6","","","19270430","+,,6","","","19270414",",,6","19270410",",,6","0.6",",6,22,","","","0",",,6,30,+","40.9",",,6,14,","31.7",",6,10,","1741.2","6","55.3",",6","211.6",",,,6","0",",,,6","18.19",",6","23.73",",,,6","12.65",",,,6"
"USC00346130","1927-05","35.778","-95.3338","157.9","MUSKOGEE, OK US","172.3","6","120.8",",6","9",",6","7",",6","1",",6","","","","","0",",6","0",",6","0",",6","29",",6","2",",6","","","19270511",",,6","","","","","","","19270519",",,6","19270528",",,6","6.1",",6,11,","","","","","29.5",",,6,19,","35.0",",6,28,","1758.5","6","17.3",",6","72.7",",,,6","","","21.67",",6","27.11",",,,6","16.24",",,,6"
"USC00346130","1927-06","35.778","-95.3338","157.9","MUSKOGEE, OK US","358.7","6","186.4",",6","11",",6","9",",6","2",",6","","","","","0",",6","0",",6","0",",6","30",",6","10",",6","","","19270614",",,6","","","","","","","19270621",",,6","19270626",",,6","15.0",",6,14,","","","","","49.8",",,6,21,","36.7",",6,26,","1758.5","6","0.0",",6","123.5",",,,6","","","24.55",",6","30.09",",,,6","19.00",",,,6"
"USC00346130","1927-07","35.778","-95.3338","157.9","MUSKOGEE, OK US","606.5","6","247.8",",6","13",",6","9",",6","2",",6","","","0",",6","0",",6","0",",6","0",",6","31",",6","21",",6","","","19270704",",,6","","","19270731","+,,6","","","19270714",",,6","19270710",",,6","15.6",",6,04,","","","0",",,6,31,+","36.8",",,6,14,","37.2",",6,10,","0.0","6","0.0",",6","134.6",",,,6","0",",,,6","26.33",",6","32.42",",,,6","20.23",",,,6"
"USC00346130","1927-08","35.778","-95.3338","157.9","MUSKOGEE, OK US","814.5","6","208.0",",6","14",",6","9",",6","1",",6","","","","","0",",6","0",",6","0",",6","30",",6","10",",6","","","19270821",",,6","","","","","","","19270811",",,6","19270816",",,6","13.9",",6,21,","","","","","35.1",",,6,11,","35.6",",6,16,","0.5","6","0.5",",6","132.7",",,,6","","","25.02",",6","30.33",",,,6","19.72",",,,6"
"USC00346130","1927-09","35.778","-95.3338","157.9","MUSKOGEE, OK US","986.7","6","172.2",",6","9",",6","5",",6","2",",6","","","","","0",",6","0",",6","0",",6","27",",6","14",",6","","","19270921",",,6","","","","","","","19270924",",,6","19270917",",,6","5.6",",6,21,","","","","","58.9",",,6,24,","35.6",",6,17,","17.5","6","17.0",",6","143.8",",,,6","","","23.51",",6","29.60",",,,6","17.41",",,,6"
"USC00346130","1927-10","35.778","-95.3338","157.9","MUSKOGEE, OK US","1040.7","6","54.0",",6","5",",6","4",",6","2",",6","","","0",",6","0",",6","0",",6","0",",6","30",",6","0",",6","","","19271013",",,6","","","19271031","+,,6","","","19271002",",,6","19271024","+,,6","3.9",",6,13,","","","0",",,6,31,+","114.3",",,6,02,","31.7",",6,24,+","45.5","6","28.0",",6","162.3",",,,6","0",",,,6","19.17",",6","27.04",",,,6","11.31",",,,6"
"USC00346130","1927-11","35.778","-95.3338","157.9","MUSKOGEE, OK US","1058.0","6","17.3",",6","6",",6","3",",6","0",",6","","","0",",6","0",",6","5",",6","0",",6","15",",6","0",",6","","","19271117",",,6","","","19271130","+,,6","","","19271102",",,6","19271101",",,6","-3.3",",6,17,","","","0",",,6,30,+","22.6",",,6,02,","27.2",",6,01,","220.8","6","175.3",",6","47.0",",,,6","0",",,,6","13.07",",6","19.21",",,,6","6.92",",,,6"
"USC00346130","1927-12","35.778","-95.3338","157.9","MUSKOGEE, OK US","1058.0","6","0.0",",6","8",",6","3",",6","0",",6","","","0",",6","0",",6","24",",6","3",",6","0",",6","0",",6","","","19271231",",,6","","","19271231","+,,6","","","19271213",",,6","19271229","+,,6","-15.6",",6,31,","","","0",",,6,31,+","13.2",",,6,13,","18.3",",6,29,+","691.0","6","470.2",",6","34.7",",,,6","0",",,,6","3.17",",6","9.30",",,,6","-2.96",",,,6"
"USC00346130","1928-01","35.778","-95.3338","157.9","MUSKOGEE, OK US","0.0","6","0.0",",6","4",",6","2",",6","1",",6","","","0",",6","0",",6","17",",6","3",",6","5",",6","0",",6","","","19280101",",,6","","","19280131","+,,6","","","19280117",",,6","19280114",",,6","-17.2",",6,01,","","","0",",,6,31,+","33.8",",,6,17,","23.9",",6,14,","1092.1","6","401.1",",6","47.5",",,,6","0",",,,6","5.40",",6","11.85",",,,6","-1.05",",,,6"
"USC00346130","1928-02","35.778","-95.3338","157.9","MUSKOGEE, OK US","0.0","6","0.0",",6","10",",6","5",",6","0",",6","","","1",",6","0",",6","14",",6","0",",6","0",",6","0",",6","","","19280224",",,6","","","19280217",",,6","","","19280206",",,6","19280211",",,6","-7.2",",6,24,","","","38",",,6,17,","8.4",",,6,06,","20.6",",6,11,","1414.2","6","322.1",",6","31.9",",,,6","51",",,,6","7.23",",6","12.78",",,,6","1.68",",,,6"
"USC00346130","1928-03","35.778","-95.3338","157.9","MUSKOGEE, OK US","7.5","6","7.5","1,6","6",",6","4",",6","2",",6","","","0",",6","0",",6","5",",6","0","1,6","13","1,6","0","1,6","","","19280305",",,6","","","19280331","+,,6","","","19280308",",,6","19280325",",1,6","-2.2",",6,05,","","","0",",,6,31,+","38.1",",,6,08,","29.4","1,6,25,","1607.2","6","193.0","1,6","78.3",",,,6","0",",,,6","12.05","1,6","18.72","1,,,6","5.38",",,,6"
"USC00346130","1928-04","35.778","-95.3338","157.9","MUSKOGEE, OK US","21.5","6","14.0",",6","9",",6","8",",6","3",",6","","","0",",6","0",",6","3",",6","0",",6","15",",6","0",",6","","","19280415",",,6","","","19280430","+,,6","","","19280421",",,6","19280418",",,6","-2.2",",6,15,","","","0",",,6,30,+","48.3",",,6,21,","30.6",",6,18,","1745.1","6","137.9",",6","195.6",",,,6","0",",,,6","14.20",",6","20.33",",,,6","8.07",",,,6"
"USC00346130","1928-05","35.778","-95.3338","157.9","MUSKOGEE, OK US","109.7","6","88.2",",6","8",",6","7",",6","0",",6","","","0",",6","0",",6","0",",6","0",",6","31",",6","2",",6","","","19280505",",,6","","","19280531","+,,6","","","19280517",",,6","19280531",",,6","8.3",",6,05,","","","0",",,6,31,+","21.3",",,6,17,","33.3",",6,31,","1749.3","6","4.2",",6","62.0",",,,6","0",",,,6","21.04",",6","27.24",",,,6","14.85",",,,6"
"USC00346130","1928-06","35.778","-95.3338","157.9","MUSKOGEE, OK US","259.5","6","149.8",",6","15",",6","9",",6","1",",6","","","0",",6","0",",6","0",",6","0",",6","30",",6","0",",6","","","19280606",",,6","","","19280630","+,,6","","","19280611",",,6","19280620","+,,6","11.1",",6,06,","","","0",",,6,30,+","40.1",",,6,11,","31.7",",6,20,+","1750.7","6","1.4",",6","168.3",",,,6","0",",,,6","23.28",",6","27.73",",,,6","18.83",",,,6"
"USC00346130","1928-07","35.778","-95.3338","157.9","MUSKOGEE, OK US","523.6","6","264.1",",6","12",",6","8",",6","1",",6","","","","","0",",6","0",",6","0",",6","31",",6","20",",6","","","19280714",",,6","","","","","","","19280716",",,6","19280704",",,6","17.8",",6,14,","","","","","133.4",",,6,16,","35.6",",6,04,","0.0","6","0.0",",6","202.0",",,,6","","","26.85",",6","32.29",",,,6","21.41",",,,6"
"USC00346130","1928-08","35.778","-95.3338","157.9","MUSKOGEE, OK US","809.1","6","285.5",",6","7",",6","5",",6","2",",6","","","","","0",",6","0",",6","0",",6","31",",6","24",",6","","","19280824",",,6","","","","","","","19280824",",,6","19280816",",,6","16.7",",6,24,","","","","","41.4",",,6,24,","36.7",",6,16,","0.0","6","0.0",",6","106.0",",,,6","","","27.54",",6","33.24",",,,6","21.85",",,,6"
"USC00346130","1928-09","35.778","-95.3338","157.9","MUSKOGEE, OK US","916.8","6","107.7",",6","4",",6","1",",6","0",",6","","","","","0",",6","0",",6","0",",6","30",",6","6",",6","","","19280924",",,6","","","","","","","19280911",",,6","19280913",",,6","6.7",",6,24,","","","","","15.2",",,6,11,","35.0",",6,13,","3.5","6","3.5",",6","17.8",",,,6","","","21.81",",6","29.37",",,,6","14.24",",,,6"
"USC00346130","1928-10","35.778","-95.3338","157.9","MUSKOGEE, OK US","1016.2","6","99.4",",6","7",",6","6",",6","4",",6","","","0",",6","0",",6","0",",6","0",",6","26",",6","6",",6","","","19281023",",,6","","","19281031","+,,6","","","19281016",",,6","19281009",",,6","2.2",",6,23,","","","0",",,6,31,+","39.6",",,6,16,","34.4",",6,09,","58.9","6","55.4",",6","142.4",",,,6","0",",,,6","19.75",",6","26.51",",,,6","13.00",",,,6"
"USC00346130","1928-11","35.778","-95.3338","157.9","MUSKOGEE, OK US","1019.5","6","3.3","1,6","11",",6","6",",6","1",",6","","","0",",6","0","1,6","6","1,6","0",",6","7",",6","0",",6","","","19281126",",1,6","","","19281130","+,,6","","","19281115",",,6","19281114",",,6","-5.0","1,6,26,","","","0",",,6,30,+","66.3",",,6,15,","25.0",",6,14,","303.3","6","244.4",",6","128.4",",,,6","0",",,,6","10.05","1,6","15.52",",,,6","4.58","1,,,6"
"USC00346130","1928-12","35.778","-95.3338","157.9","MUSKOGEE, OK US","1019.5","6","0.0",",6","6",",6","4",",6","0",",6","","","0",",6","0",",6","18",",6","0",",6","1",",6","0",",6","","","19281220","+,,6","","","19281231",",,6","","","19281216",",,6","19281228",",,6","-6.7",",6,20,+","","","20",",,6,31,","18.0",",,6,16,","22.8",",6,28,","681.1","6","377.8",",6","43.3",",,,6","20",",,,6","6.15",",6","12.01",",,,6","0.29",",,,6"
"USC00346130","1929-01","35.778","-95.3338","157.9","MUSKOGEE, OK US","0.0","6","0.0",",6","11",",6","5",",6","1",",6","","","1",",6","0",",6","25",",6","1",",6","0",",6","0",",6","","","19290106",",,6","","","19290105",",,6","","","19290124",",,6","19290122",",,6","-10.6",",6,06,","","","64",",,6,05,","51.8",",,6,24,","18.9",",6,22,","1160.6","6","479.5",",6","105.3",",,,6","64",",,,6","2.86",",6","8.74",",,,6","-3.01",",,,6"
"USC00346130","1929-02","35.778","-95.3338","157.9","MUSKOGEE, OK US","0.0","6","0.0",",6","11",",6","6",",6","0",",6","","","4",",6","2",",6","24",",6","5",",6","0",",6","0",",6","","","19290210",",,6","","","19290208",",,6","","","19290225",",,6","19290217",",,6","-23.9",",6,10,","","","114",",,6,08,","13.0",",,6,25,","17.2",",6,17,","1679.5","6","518.9",",6","53.9",",,,6","302",",,,6","-0.20",",6","4.58",",,,6","-4.98",",,,6"
"USC00346130","1929-03","35.778","-95.3338","157.9","MUSKOGEE, OK US","13.6","6","13.6",",6","9",",6","5",",6","1",",6","","","","","0",",6","4",",6","0",",6","9",",6","1",",6","","","19290301",",,6","","","","","","","19290328",",,6","19290324",",,6","-2.2",",6,01,","","","","","31.5",",,6,28,","32.2",",6,24,","1870.3","6","190.8",",6","83.4",",,,6","","","12.62",",6","18.70",",,,6","6.53",",,,6"
"USC00346130","1929-04","35.778","-95.3338","157.9","MUSKOGEE, OK US","45.5","6","31.9",",6","8",",6","6",",6","0",",6","","","","","0",",6","0",",6","0",",6","22",",6","0",",6","","","19290401",",,6","","","","","","","19290408",",,6","19290404",",,6","2.2",",6,01,","","","","","17.5",",,6,08,","28.9",",6,04,","1931.6","6","61.3",",6","63.1",",,,6","","","17.35",",6","22.72",",,,6","11.98",",,,6"
"USC00346130","1929-05","35.778","-95.3338","157.9","MUSKOGEE, OK US","","","","","15",",6","12",",6","5",",6","","","0",",6","0",",6","0",",6","","","","","","","","","19290503","+,,6","","","19290531","+,,6","","","19290513",",,6","","","6.1",",6,03,+","","","0",",,6,31,+","46.2",",,6,13,","","","","","","","253.3",",,,6","0",",,,6","","","","","14.26",",,,6"
"USC00346130","1929-06","35.778","-95.3338","157.9","MUSKOGEE, OK US","","","180.5",",6","13",",6","8",",6","1",",6","","","","","0",",6","0",",6","0",",6","30",",6","7",",6","","","19290626",",,6","","","","","","","19290623",",,6","19290619","+,,6","13.9",",6,26,","","","","","41.7",",,6,23,","33.3",",6,19,+","","","0.0",",6","126.3",",,,6","","","24.35",",6","29.51",",,,6","19.19",",,,6"
"USC00346130","1929-07","35.778","-95.3338","157.9","MUSKOGEE, OK US","","","280.1",",6","5",",6","3",",6","1",",6","","","","","0",",6","0",",6","0",",6","31",",6","20",",6","","","19290725","+,,6","","","","","","","19290702",",,6","19290731",",,6","18.9",",6,25,+","","","","","61.0",",,6,02,","38.9",",6,31,","0.0","6","0.0",",6","70.7",",,,6","","","27.37",",6","33.25",",,,6","21.49",",,,6"
"USC00346130","1929-08","35.778","-95.3338","157.9","MUSKOGEE, OK US","","","321.4",",6","2",",6","1",",6","0",",6","","","0",",6","0",",6","0",",6","0",",6","31",",6","28",",6","","","19290815",",,6","","","19290831","+,,6","","","19290812",",,6","19290806",",,6","12.2",",6,15,","","","0",",,6,31,+","22.4",",,6,12,","42.2",",6,06,","0.0","6","0.0",",6","24.7",",,,6","0",",,,6","28.70",",6","36.30",",,,6","21.10",",,,6"
"USC00346130","1929-09","35.778","-95.3338","157.9","MUSKOGEE, OK US","","","148.7",",6","8",",6","5",",6","0",",6","","","","","0",",6","0",",6","0",",6","30",",6","8",",6","","","19290915",",,6","","","","","","","19290906",",,6","19290904","+,,6","11.7",",6,15,","","","","","17.5",",,6,06,","36.7",",6,04,+","0.0","6","0.0",",6","59.1",",,,6","","","23.29",",6","30.19",",,,6","16.39",",,,6"
"USC00346130","1929-10","35.778","-95.3338","157.9","MUSKOGEE, OK US","","","30.6",",6","11",",6","7",",6","1",",6","","","","","0",",6","1",",6","0",",6","23",",6","0",",6","","","19291025",",,6","","","","","","","19291010",",,6","19291017",",,6","-0.6",",6,25,","","","","","39.9",",,6,10,","29.4",",6,17,","59.5","6","59.5",",6","122.3",",,,6","","","17.40",",6","23.33",",,,6","11.46",",,,6"
"USC00346130","1929-11","35.778","-95.3338","157.9","MUSKOGEE, OK US","","","0.0",",6","6",",6","6",",6","0",",6","","","0",",6","0",",6","11",",6","0",",6","1",",6","0",",6","","","19291123","+,,6","","","19291130","+,,6","","","19291116",",,6","19291111",",,6","-7.2",",6,23,+","","","0",",,6,30,+","14.7",",,6,16,","21.1",",6,11,","407.0","6","347.5",",6","50.7",",,,6","0",",,,6","6.75",",6","11.83",",,,6","1.67",",,,6"
"USC00346130","1929-12","35.778","-95.3338","157.9","MUSKOGEE, OK US","","","1.9",",6","8",",6","4",",6","0",",6","","","0",",6","0",",6","13",",6","2",",6","5",",6","0",",6","","","19291219",",,6","","","19291231","+,,6","","","19291215",",,6","19291211",",,6","-14.4",",6,19,","","","0",",,6,31,+","19.1",",,6,15,","23.9",",6,11,","760.6","6","353.6",",6","41.0",",,,6","0",",,,6","6.99",",6","13.11",",,,6","0.87",",,,6"
"USC00346130","1930-01","35.778","-95.3338","157.9","MUSKOGEE, OK US","0.0","6","0.0",",6","11",",6","10",",6","0",",6","","","5",",6","4",",6","26",",6","13",",6","0",",6","0",",6","","","19300122","+,,6","","","19300120",",,6","","","19300108",",,6","19300101",",,6","-23.3",",6,22,+","","","41",",,6,20,","22.9",",,6,08,","18.9",",6,01,","1406.6","6","646.0",",6","104.0",",,,6","187",",,,6","-2.51",",6","2.51",",,,6","-7.52",",,,6"
"USC00346130","1930-02","35.778","-95.3338","157.9","MUSKOGEE, OK US","2.5","6","2.5",",6","6",",6","3",",6","1",",6","","","0",",6","0",",6","7",",6","0",",6","6",",6","0",",6","","","19300210",",,6","","","19300228","+,,6","","","19300204",",,6","19300223",",,6","-3.9",",6,10,","","","0",",,6,28,+","31.0",",,6,04,","26.7",",6,23,","1616.4","6","209.8",",6","61.1",",,,6","0",",,,6","10.93",",6","16.98",",,,6","4.89",",,,6"
"USC00346130","1930-03","35.778","-95.3338","157.9","MUSKOGEE, OK US","2.5","6","0.0",",6","5",",6","1",",6","1",",6","","","","","0",",6","9",",6","0",",6","8",",6","0",",6","","","19300302",",,6","","","","","","","19300318",",,6","19300306",",,6","-5.6",",6,02,","","","","","31.8",",,6,18,","24.4",",6,06,","1862.1","6","245.7",",6","34.9",",,,6","","","10.41",",6","17.15",",,,6","3.67",",,,6"
"USC00346130","1930-04","35.778","-95.3338","157.9","MUSKOGEE, OK US","41.4","6","38.9",",6","10",",6","6",",6","0",",6","","","0",",6","0",",6","0",",6","0",",6","27",",6","2",",6","","","19300421","+,,6","","","19300430","+,,6","","","19300427",",,6","19300410","+,,6","7.2",",6,21,+","","","0",",,6,30,+","15.5",",,6,27,","32.2",",6,10,+","1884.6","6","22.5",",6","63.5",",,,6","0",",,,6","18.88",",6","25.63",",,,6","12.13",",,,6"
"USC00346130","1930-05","35.778","-95.3338","157.9","MUSKOGEE, OK US","95.4","6","54.0",",6","12",",6","11",",6","3",",6","","","","","0",",6","0",",6","0",",6","31",",6","0",",6","","","19300531",",,6","","","","","","","19300523",",,6","19300521",",,6","7.8",",6,31,","","","","","39.1",",,6,23,","28.9",",6,21,","1893.2","6","8.6",",6","187.2",",,,6","","","19.80",",6","25.27",",,,6","14.33",",,,6"
"USC00346130","1930-06","35.778","-95.3338","157.9","MUSKOGEE, OK US","275.0","6","179.6",",6","8",",6","7",",6","1",",6","","","0",",6","0",",6","0",",6","0",",6","30",",6","13",",6","","","19300607",",,6","","","19300630","+,,6","","","19300605",",,6","19300628","+,,6","11.1",",6,07,","","","0",",,6,30,+","28.2",",,6,05,","35.0",",6,28,+","1893.2","6","0.0",",6","110.8",",,,6","0",",,,6","24.32",",6","30.16",",,,6","18.48",",,,6"
"USC00346130","1930-07","35.778","-95.3338","157.9","MUSKOGEE, OK US","596.9","6","321.9",",6","2",",6","1",",6","0",",6","","","","","0",",6","0",",6","0",",6","31",",6","28",",6","","","19300716",",,6","","","","","","","19300704",",,6","19300730",",,6","12.8",",6,16,","","","","","4.1",",,6,04,","41.7",",6,30,","0.0","6","0.0",",6","4.9",",,,6","","","28.72",",6","36.25",",,,6","21.18",",,,6"
"USC00346130","1930-08","35.778","-95.3338","157.9","MUSKOGEE, OK US","924.5","6","327.6",",6","10",",6","4",",6","0",",6","","","","","0",",6","0",",6","0",",6","31",",6","29",",6","","","19300823",",,6","","","","","","","19300805",",,6","19300803",",,6","14.4",",6,23,","","","","","7.1",",,6,05,","41.7",",6,03,","0.0","6","0.0",",6","24.9",",,,6","","","28.90",",6","37.00",",,,6","20.80",",,,6"
"USC00346130","1930-09","35.778","-95.3338","157.9","MUSKOGEE, OK US","1146.2","6","221.7",",6","5",",6","3",",6","2",",6","","","0",",6","0",",6","0",",6","0",",6","30",",6","19",",6","","","19300927",",,6","","","19300930","+,,6","","","19300926",",,6","19300912",",,6","7.2",",6,27,","","","0",",,6,30,+","52.6",",,6,26,","38.9",",6,12,","4.7","6","4.7",",6","95.3",",,,6","0",",,,6","25.57",",6","32.56",",,,6","18.57",",,,6"
"USC00346130","1930-10","35.778","-95.3338","157.9","MUSKOGEE, OK US","1186.4","6","40.2",",6","5",",6","3",",6","1",",6","","","0",",6","0",",6","2",",6","0",",6","18",",6","0",",6","","","19301031",",,6","","","19301031","+,,6","","","19301007",",,6","19301009",",,6","-2.8",",6,31,","","","0",",,6,31,+","65.0",",,6,07,","30.6",",6,09,","104.4","6","99.7",",6","88.9",",,,6","0",",,,6","16.41",",6","22.59",",,,6","10.24",",,,6"
"USC00346130","1930-11","35.778","-95.3338","157.9","MUSKOGEE, OK US","1188.6","6","2.2",",6","6",",6","5",",6","3",",6","","","0",",6","0",",6","9",",6","0",",6","10",",6","0",",6","","","19301106",",,6","","","19301130","+,,6","","","19301115",",,6","19301118",",,6","-3.3",",6,06,","","","0",",,6,30,+","35.8",",,6,15,","28.3",",6,18,","334.0","6","229.6",",6","108.0",",,,6","0",",,,6","10.76",",6","17.64",",,,6","3.87",",,,6"
"USC00346130","1930-12","35.778","-95.3338","157.9","MUSKOGEE, OK US","1188.6","6","0.0",",6","8",",6","5",",6","2",",6","","","0",",6","0",",6","18",",6","0",",6","0",",6","0",",6","","","19301222",",,6","","","19301215",",,6","","","19301204",",,6","19301209",",,6","-6.1",",6,22,","","","13",",,6,15,","42.7",",,6,04,","17.2",",6,09,","744.3","6","410.3",",6","91.9",",,,6","13",",,,6","5.10",",6","10.30",",,,6","-0.10",",,,6"
"USC00346130","1931-01","35.778","-95.3338","157.9","MUSKOGEE, OK US","0.0","6","0.0",",6","5",",6","2",",6","0",",6","","","0",",6","0",",6","15",",6","1",",6","1",",6","0",",6","","","19310114",",,6","","","19310113",",,6","","","19310126",",,6","19310130",",,6","-10.0",",6,14,","","","0",",T,6,13,","6.6",",,6,26,","22.8",",6,30,","1126.6","6","382.3",",6","14.8",",,,6","0",",T,,6","6.00",",6","11.74",",,,6","0.27",",,,6"
"USC00346130","1931-02","35.778","-95.3338","157.9","MUSKOGEE, OK US","0.0","6","0.0",",6","12",",6","8",",6","2",",6","","","0",",6","0",",6","4",",6","0",",6","3",",6","0",",6","","","19310214","+,,6","","","19310228","+,,6","","","19310208",",,6","19310205",",,6","-3.3",",6,14,+","","","0",",,6,28,+","33.5",",,6,08,","21.7",",6,05,","1386.3","6","259.7",",6","116.8",",,,6","0",",,,6","9.06",",6","14.39",",,,6","3.73",",,,6"
"USC00346130","1931-03","35.778","-95.3338","157.9","MUSKOGEE, OK US","0.0","6","0.0",",6","7",",6","5",",6","0",",6","","","0",",6","0",",6","9",",6","0",",6","2",",6","0",",6","","","19310328",",,6","","","19310331","+,,6","","","19310306",",,6","19310318",",,6","-5.6",",6,28,","","","0",",,6,31,+","18.3",",,6,06,","22.2",",6,18,","1695.5","6","309.2",",6","64.8",",,,6","0",",,,6","8.36",",6","13.88",",,,6","2.84",",,,6"
"USC00346130","1931-04","35.778","-95.3338","157.9","MUSKOGEE, OK US","12.8","6","12.8",",6","9",",6","7",",6","1",",6","","","0",",6","0",",6","3",",6","0",",6","17",",6","0",",6","","","19310422","+,,6","","","19310430","+,,6","","","19310410",",,6","19310416",",,6","-0.6",",6,22,+","","","0",",,6,30,+","30.0",",,6,10,","27.8",",6,16,","1825.0","6","129.5",",6","97.9",",,,6","0",",,,6","14.45",",6","20.80",",,,6","8.09",",,,6"
"USC00346130","1931-05","35.778","-95.3338","157.9","MUSKOGEE, OK US","72.2","6","59.4",",6","9",",6","7",",6","0",",6","","","0",",6","0",",6","0",",6","0",",6","25",",6","2",",6","","","19310507",",,6","","","19310531","+,,6","","","19310519",",,6","19310516",",,6","2.8",",6,07,","","","0",",,6,31,+","23.4",",,6,19,","33.3",",6,16,","1873.8","6","48.8",",6","55.4",",,,6","0",",,,6","18.68",",6","24.72",",,,6","12.64",",,,6"
"USC00346130","1931-06","35.778","-95.3338","157.9","MUSKOGEE, OK US","313.0","6","240.8",",6","6",",6","4",",6","1",",6","","","","","0",",6","0",",6","0",",6","30",",6","16",",6","","","19310602","+,,6","","","","","","","19310607",",,6","19310627",",,6","9.4",",6,02,+","","","","","31.8",",,6,07,","37.8",",6,27,","1874.1","6","0.3",",6","51.0",",,,6","","","26.35",",6","32.75",",,,6","19.95",",,,6"
"USC00346130","1931-07","35.778","-95.3338","157.9","MUSKOGEE, OK US","618.2","6","305.2",",6","8",",6","5",",6","1",",6","","","","","0",",6","0",",6","0",",6","31",",6","28",",6","","","19310706",",,6","","","","","","","19310725",",,6","19310704",",,6","13.3",",6,06,","","","","","49.8",",,6,25,","40.0",",6,04,","0.0","6","0.0",",6","104.3",",,,6","","","28.18",",6","34.59",",,,6","21.77",",,,6"
"USC00346130","1931-08","35.778","-95.3338","157.9","MUSKOGEE, OK US","841.2","6","223.0",",6","9",",6","4",",6","3",",6","","","","","0",",6","0",",6","0",",6","31",",6","13",",6","","","19310812",",,6","","","","","","","19310804",",,6","19310809","+,,6","12.2",",6,12,","","","","","72.1",",,6,04,","36.1",",6,09,+","0.0","6","0.0",",6","147.1",",,,6","","","25.53",",6","31.73",",,,6","19.32",",,,6"
"USC00346130","1931-09","35.778","-95.3338","157.9","MUSKOGEE, OK US","1102.1","6","260.9",",6","4",",6","2",",6","0",",6","","","","","0",",6","0",",6","0",",6","30",",6","22",",6","","","19310927",",,6","","","","","","","19310902",",,6","19310917",",,6","8.3",",6,27,","","","","","13.7",",,6,02,","37.8",",6,17,","0.0","6","0.0",",6","22.4",",,,6","","","27.03",",6","34.04",",,,6","20.02",",,,6"
"USC00346130","1931-10","35.778","-95.3338","157.9","MUSKOGEE, OK US","1210.0","6","107.9",",6","10",",6","8",",6","2",",6","","","0",",6","0",",6","0",",6","0",",6","28",",6","8",",6","","","19311031",",,6","","","19311031","+,,6","","","19311023",",,6","19311007",",,6","2.2",",6,31,","","","0",",,6,31,+","62.5",",,6,23,","36.1",",6,07,","40.0","6","40.0",",6","177.0",",,,6","0",",,,6","20.52",",6","27.19",",,,6","13.86",",,,6"
"USC00346130","1931-11","35.778","-95.3338","157.9","MUSKOGEE, OK US","1226.2","6","16.2",",6","9",",6","7",",6","1",",6","","","0",",6","0",",6","2",",6","0",",6","17",",6","0",",6","","","19311101",",,6","","","19311130","+,,6","","","19311122",",,6","19311103",",,6","-1.1",",6,01,","","","0",",,6,30,+","58.4",",,6,22,","27.8",",6,03,","179.7","6","139.7",",6","125.7",",,,6","0",",,,6","14.22",",6","19.21",",,,6","9.22",",,,6"
"USC00346130","1931-12","35.778","-95.3338","157.9","MUSKOGEE, OK US","1226.2","6","0.0",",6","9",",6","3",",6","0",",6","","","0",",6","0",",6","8",",6","0",",6","0",",6","0",",6","","","19311215",",,6","","","19311231","+,,6","","","19311208",",,6","19311229",",,6","-5.0",",6,15,","","","0",",,6,31,+","7.6",",,6,08,","20.0",",6,29,","481.6","6","301.9",",6","21.8",",,,6","0",",,,6","8.59",",6","13.84",",,,6","3.35",",,,6"
"USC00346130","1932-01","35.778","-95.3338","157.9","MUSKOGEE, OK US","0.0","6","0.0",",6","11",",6","9",",6","3",",6","","","0",",6","0",",6","16",",6","0",",6","1",",6","0",",6","","","19320130",",,6","","","19320131","+,,6","","","19320116",",,6","19320113",",,6","-8.3",",6,30,","","","0",",,6,31,+","88.6",",,6,16,","22.2",",6,13,","866.3","6","384.7",",6","258.2",",,,6","0",",,,6","5.92",",6","10.87",",,,6","0.97",",,,6"
"USC00346130","1932-02","35.778","-95.3338","157.9","MUSKOGEE, OK US","2.8","6","2.8",",6","10",",6","4",",6","1",",6","","","0",",6","0",",6","5",",6","0",",6","9",",6","0",",6","","","19320204",",,6","","","19320229","+,,6","","","19320214",",,6","19320228","+,,6","-8.3",",6,04,","","","0",",,6,29,+","25.4",",,6,14,","26.7",",6,28,+","1087.0","6","220.7",",6","60.6",",,,6","0",",,,6","10.82",",6","17.13",",,,6","4.50",",,,6"
"USC00346130","1932-03","35.778","-95.3338","157.9","MUSKOGEE, OK US","6.5","6","3.7",",6","11",",6","5",",6","0",",6","","","0",",6","0",",6","11",",6","3",",6","12",",6","0",",6","","","19320309",",,6","","","19320307",",,6","","","19320330",",,6","19320320",",,6","-11.1",",6,09,","","","8",",,6,07,","19.8",",,6,30,","30.0",",6,20,","1395.3","6","308.3",",6","47.2",",,,6","8",",,,6","8.50",",6","15.22",",,,6","1.79",",,,6"
"USC00346130","1932-04","35.778","-95.3338","157.9","MUSKOGEE, OK US","38.0","6","31.5",",6","6",",6","5",",6","0",",6","","","0",",6","0",",6","0",",6","0",",6","25",",6","0",",6","","","19320412",",,6","","","19320430","+,,6","","","19320417",",,6","19320420",",,6","3.9",",6,12,","","","0",",,6,30,+","13.0",",,6,17,","29.4",",6,20,","1436.0","6","40.7",",6","36.6",",,,6","0",",,,6","18.03",",6","24.27",",,,6","11.78",",,,6"
"USC00346130","1932-05","35.778","-95.3338","157.9","MUSKOGEE, OK US","126.4","6","88.4",",6","7",",6","4",",6","0",",6","","","","","0",",6","0",",6","0",",6","30",",6","0",",6","","","19320517",",,6","","","","","","","19320531",",,6","19320526","+,,6","7.2",",6,17,","","","","","12.2",",,6,31,","31.7",",6,26,+","1446.0","6","10.0",",6","30.8",",,,6","","","20.86",",6","27.79",",,,6","13.93",",,,6"
"USC00346130","1932-06","35.778","-95.3338","157.9","MUSKOGEE, OK US","342.6","6","216.2",",6","18",",6","12",",6","3",",6","","","0",",6","0",",6","0",",6","0",",6","30",",6","9",",6","","","19320614","+,,6","","","19320630","+,,6","","","19320601",",,6","19320623",",,6","16.7",",6,14,+","","","0",",,6,30,+","53.8",",,6,01,","35.0",",6,23,","1446.0","6","0.0",",6","238.1",",,,6","0",",,,6","25.54",",6","31.24",",,,6","19.84",",,,6"
"USC00346130","1932-07","35.778","-95.3338","157.9","MUSKOGEE, OK US","648.6","6","306.0",",6","10",",6","6",",6","0",",6","","","","","0",",6","0",",6","0",",6","31",",6","23",",6","","","19320702",",,6","","","","","","","19320704",",,6","19320717","+,,6","15.6",",6,02,","","","","","18.0",",,6,04,","38.3",",6,17,+","0.0","6","0.0",",6","64.7",",,,6","","","28.20",",6","34.13",",,,6","22.28",",,,6"
"USC00346130","1932-08","35.778","-95.3338","157.9","MUSKOGEE, OK US","962.0","6","313.4",",6","4",",6","1",",6","0",",6","","","","","0",",6","0",",6","0",",6","31",",6","30",",6","","","19320821","+,,6","","","","","","","19320807",",,6","19320812",",,6","14.4",",6,21,+","","","","","4.3",",,6,07,","38.3",",6,12,","0.0","6","0.0",",6","7.9",",,,6","","","28.44",",6","35.55",",,,6","21.34",",,,6"
"USC00346130","1932-09","35.778","-95.3338","157.9","MUSKOGEE, OK US","1138.8","6","176.8",",6","4",",6","2",",6","0",",6","","","0",",6","0",",6","0",",6","0",",6","30",",6","17",",6","","","19320928",",,6","","","19320930","+,,6","","","19320916",",,6","19320915",",,6","8.3",",6,28,","","","0",",,6,30,+","12.2",",,6,16,","37.2",",6,15,","1.1","6","1.1",",6","20.9",",,,6","0",",,,6","24.19",",6","31.83",",,,6","16.54",",,,6"
"USC00346130","1932-10","35.778","-95.3338","157.9","MUSKOGEE, OK US","1162.7","6","23.9",",6","7",",6","4",",6","1",",6","","","0",",6","0",",6","2",",6","0",",6","23",",6","1",",6","","","19321026","+,,6","","","19321031","+,,6","","","19321004",",,6","19321018",",,6","-0.6",",6,26,+","","","0",",,6,31,+","44.7",",,6,04,","32.2",",6,18,","87.5","6","86.4",",6","78.8",",,,6","0",",,,6","16.31",",6","24.45",",,,6","8.17",",,,6"
"USC00346130","1932-11","35.778","-95.3338","157.9","MUSKOGEE, OK US","1162.7","6","0.0",",6","6",",6","3",",6","0",",6","","","0",",6","0",",6","15",",6","0",",6","5",",6","0",",6","","","19321116",",,6","","","19321130","+,,6","","","19321123",",,6","19321120",",,6","-9.4",",6,16,","","","0",",,6,30,+","14.2",",,6,23,","24.4",",6,20,","382.7","6","295.2",",6","25.4",",,,6","0",",,,6","8.49",",6","15.63",",,,6","1.35",",,,6"
"USC00346130","1932-12","35.778","-95.3338","157.9","MUSKOGEE, OK US","1163.3","6","0.6",",6","8",",6","6",",6","2",",6","","","2",",6","0",",6","18",",6","7",",6","3",",6","0",",6","","","19321218","+,,6","","","19321209",",,6","","","19321223",",,6","19321206",",,6","-13.3",",6,18,+","","","51",",,6,09,","114.6",",,6,23,","23.3",",6,06,","833.0","6","450.3",",6","185.9",",,,6","92",",,,6","3.83",",6","8.84",",,,6","-1.19",",,,6"
"USC00346130","1933-01","35.778","-95.3338","157.9","MUSKOGEE, OK US","0.0","6","0.0",",6","10",",6","8",",6","0",",6","","","0",",6","0",",6","9",",6","0",",6","2",",6","0",",6","","","19330112",",,6","","","19330131","+,,6","","","19330121","+,,6","19330121","+,,6","-7.2",",6,12,","","","0",",,6,31,+","8.4",",,6,21,+","21.1",",6,21,+","1119.7","6","286.7",",6","47.4",",,,6","0",",,,6","9.09",",6","14.89",",,,6","3.28",",,,6"
"USC00346130","1933-02","35.778","-95.3338","157.9","MUSKOGEE, OK US","0.0","6","0.0",",6","8",",6","3",",6","1",",6","","","0",",6","1",",6","16",",6","3",",6","2",",6","0",",6","","","19330208",",,6","","","19330207",",,6","","","19330225",",,6","19330223",",,6","-20.6",",6,08,","","","18",",,6,07,","36.6",",,6,25,","26.1",",6,23,","1497.0","6","377.3",",6","55.2",",,,6","26",",,,6","4.86",",6","11.40",",,,6","-1.69",",,,6"
"USC00346130","1933-03","35.778","-95.3338","157.9","MUSKOGEE, OK US","8.1","6","8.1",",6","8",",6","4",",6","1",",6","","","0",",6","0",",6","4",",6","0",",6","11",",6","0",",6","","","19330321",",,6","","","19330331","+,,6","","","19330305",",,6","19330313",",,6","-3.9",",6,21,","","","0",",,6,31,+","27.2",",,6,05,","30.0",",6,13,","1708.2","6","211.2",",6","64.5",",,,6","0",",,,6","11.78",",6","17.87",",,,6","5.69",",,,6"
"USC00346130","1933-04","35.778","-95.3338","157.9","MUSKOGEE, OK US","35.6","6","27.5",",6","11",",6","8",",6","2",",6","","","0",",6","0",",6","1",",6","0",",6","21",",6","0",",6","","","19330415",",,6","","","19330415",",,6","","","19330405",",,6","19330409",",,6","0.0",",6,15,","","","0",",T,6,15,","41.4",",,6,05,","31.1",",6,09,","1796.0","6","87.8",",6","130.9",",,,6","0",",T,,6","16.33",",6","22.95",",,,6","9.70",",,,6"
"USC00346130","1933-05","35.778","-95.3338","157.9","MUSKOGEE, OK US","151.4","6","115.8",",6","13",",6","11",",6","4",",6","","","0",",6","0",",6","0",",6","0",",6","29",",6","2",",6","","","19330502",",,6","","","19330531","+,,6","","","19330515",",,6","19330508",",,6","8.3",",6,02,","","","0",",,6,31,+","41.9",",,6,15,","32.8",",6,08,","1808.8","6","12.8",",6","189.0",",,,6","0",",,,6","21.66",",6","27.29",",,,6","16.02",",,,6"
"USC00346130","1933-06","35.778","-95.3338","157.9","MUSKOGEE, OK US","388.8","6","237.4",",6","3",",6","1",",6","1",",6","","","0",",6","0",",6","0",",6","0",",6","30",",6","20",",6","","","19330614",",,6","","","19330630","+,,6","","","19330613",",,6","19330626",",,6","10.6",",6,14,","","","0",",,6,30,+","43.7",",,6,13,","38.3",",6,26,","1808.8","6","0.0",",6","45.0",",,,6","0",",,,6","26.25",",6","33.33",",,,6","19.16",",,,6"
"USC00346130","1933-07","35.778","-95.3338","157.9","MUSKOGEE, OK US","700.8","6","312.0",",6","9",",6","6",",6","2",",6","","","0",",6","0",",6","0",",6","0",",6","31",",6","22",",6","","","19330726",",,6","","","19330731","+,,6","","","19330719",",,6","19330711",",,6","18.3",",6,26,","","","0",",,6,31,+","74.9",",,6,19,","41.1",",6,11,","0.0","6","0.0",",6","149.5",",,,6","0",",,,6","28.40",",6","34.35",",,,6","22.44",",,,6"
"USC00346130","1933-08","35.778","-95.3338","157.9","MUSKOGEE, OK US","961.5","6","260.7",",6","15",",6","11",",6","0",",6","","","","","0",",6","0",",6","0",",6","31",",6","19",",6","","","19330830",",,6","","","","","","","19330825",",,6","19330810",",,6","16.7",",6,30,","","","","","19.6",",,6,25,","36.7",",6,10,","0.0","6","0.0",",6","91.2",",,,6","","","26.74",",6","32.38",",,,6","21.11",",,,6"
"USC00346130","1933-09","35.778","-95.3338","157.9","MUSKOGEE, OK US","1183.2","6","221.7",",6","9",",6","3",",6","1",",6","","","","","0",",6","0",",6","0",",6","30",",6","16",",6","","","19330921",",,6","","","","","","","19330903",",,6","19330917",",,6","10.6",",6,21,","","","","","94.7",",,6,03,","35.6",",6,17,","0.0","6","0.0",",6","119.7",",,,6","","","25.72",",6","31.61",",,,6","19.84",",,,6"
"USC00346130","1933-10","35.778","-95.3338","157.9","MUSKOGEE, OK US","1207.8","6","24.6",",6","7",",6","4",",6","2",",6","","","0",",6","0",",6","0",",6","0",",6","25",",6","0",",6","","","19331009",",,6","","","19331031","+,,6","","","19331020",",,6","19331006",",,6","2.2",",6,09,","","","0",",,6,31,+","36.8",",,6,20,","31.1",",6,06,","57.6","6","57.6",",6","111.6",",,,6","0",",,,6","17.27",",6","24.01",",,,6","10.52",",,,6"
"USC00346130","1933-11","35.778","-95.3338","157.9","MUSKOGEE, OK US","1215.1","6","7.3",",6","4",",6","4",",6","1",",6","","","0",",6","0",",6","3",",6","0",",6","13",",6","0",",6","","","19331108",",,6","","","19331130","+,,6","","","19331104",",,6","19331101",",,6","-2.2",",6,08,","","","0",",,6,30,+","48.0",",,6,04,","26.7",",6,01,","258.6","6","201.0",",6","77.7",",,,6","0",",,,6","11.87",",6","18.35",",,,6","5.39",",,,6"
"USC00346130","1933-12","35.778","-95.3338","157.9","MUSKOGEE, OK US","1216.2","6","1.1",",6","5",",6","3",",6","0",",6","","","0",",6","0",",6","10",",6","1",",6","8",",6","0",",6","","","19331227",",,6","","","19331231","+,,6","","","19331218",",,6","19331204",",,6","-6.7",",6,27,","","","0",",,6,31,+","7.9",",,6,18,","25.0",",6,04,","553.0","6","294.4",",6","19.2",",,,6","0",",,,6","8.87",",6","14.97",",,,6","2.77",",,,6"
"USC00346130","1934-01","35.778","-95.3338","157.9","MUSKOGEE, OK US","0.0","6","0.0",",6","7",",6","4",",6","1",",6","","","0",",6","0",",6","13",",6","0",",6","0",",6","0",",6","","","19340130",",,6","","","19340107",",,6","","","19340103",",,6","19340124",",,6","-10.0",",6,30,","","","0",",T,6,07,","41.9",",,6,03,","20.6",",6,24,","923.1","6","370.1",",6","71.1",",,,6","0",",T,,6","6.39",",6","12.06",",,,6","0.73",",,,6"
"USC00346130","1934-02","35.778","-95.3338","157.9","MUSKOGEE, OK US","0.0","6","0.0",",6","7",",6","2",",6","0",",6","","","0",",6","0",",6","17",",6","1",",6","6",",6","0",",6","","","19340227","+,,6","","","19340225",",,6","","","19340225",",,6","19340214","+,,6","-10.0",",6,27,+","","","0",",T,6,25,","16.3",",,6,25,","24.4",",6,14,+","1265.9","6","342.8",",6","31.1",",,,6","0",",T,,6","6.09",",6","12.65",",,,6","-0.48",",,,6"
"USC00346130","1934-03","35.778","-95.3338","157.9","MUSKOGEE, OK US","0.5","6","0.5",",6","9",",6","8",",6","0",",6","","","0",",6","0",",6","9",",6","0",",6","11",",6","0",",6","","","19340310",",,6","","","19340318",",,6","","","19340318",",,6","19340316",",,6","-7.2",",6,10,","","","20",",,6,18,","11.4",",,6,18,","27.2",",6,16,","1528.7","6","262.8",",6","47.2",",,,6","20",",,,6","9.87",",6","17.25",",,,6","2.49",",,,6"
"USC00346130","1934-04","35.778","-95.3338","157.9","MUSKOGEE, OK US","21.1","6","20.6",",6","5",",6","4",",6","1",",6","","","0",",6","0",",6","0",",6","0",",6","23",",6","0",",6","","","19340413",",,6","","","19340430","+,,6","","","19340405",",,6","19340410",",,6","2.2",",6,13,","","","0",",,6,30,+","49.0",",,6,05,","31.1",",6,10,","1589.1","6","60.4",",6","69.6",",,,6","0",",,,6","17.01",",6","23.50",",,,6","10.52",",,,6"
"USC00346130","1934-05","35.778","-95.3338","157.9","MUSKOGEE, OK US","126.6","6","105.5",",6","8",",6","7",",6","2",",6","","","0",",6","0",",6","0",",6","0",",6","30",",6","3",",6","","","19340516",",,6","","","19340531","+,,6","","","19340504",",,6","19340531",",,6","7.2",",6,16,","","","0",",,6,31,+","36.8",",,6,04,","36.7",",6,31,","1594.4","6","5.3",",6","109.5",",,,6","0",",,,6","21.56",",6","28.49",",,,6","14.64",",,,6"
"USC00346130","1934-06","35.778","-95.3338","157.9","MUSKOGEE, OK US","420.1","6","293.5",",6","4",",6","3",",6","1",",6","","","0",",6","0",",6","0",",6","0",",6","30",",6","26",",6","","","19340619",",,6","","","19340630","+,,6","","","19340611",",,6","19340630",",,6","15.6",",6,19,","","","0",",,6,30,+","52.6",",,6,11,","38.9",",6,30,","1594.4","6","0.0",",6","68.4",",,,6","0",",,,6","28.12",",6","34.94",",,,6","21.30",",,,6"
"USC00346130","1934-07","35.778","-95.3338","157.9","MUSKOGEE, OK US","803.2","6","383.1",",6","3",",6","2",",6","1",",6","","","0",",6","0",",6","0",",6","0",",6","31",",6","31",",6","","","19340729","+,,6","","","19340731","+,,6","","","19340701",",,6","19340724",",,6","17.8",",6,29,+","","","0",",,6,31,+","47.2",",,6,01,","42.2",",6,24,","0.0","6","0.0",",6","52.5",",,,6","0",",,,6","30.69",",6","38.40",",,,6","22.98",",,,6"
"USC00346130","1934-08","35.778","-95.3338","157.9","MUSKOGEE, OK US","1189.5","6","386.3",",6","8",",6","5",",6","0",",6","","","0",",6","0",",6","0",",6","0",",6","31",",6","27",",6","","","19340829",",,6","","","19340831","+,,6","","","19340825",",,6","19340812","+,,6","17.2",",6,29,","","","0",",,6,31,+","15.2",",,6,25,","42.2",",6,12,+","0.0","6","0.0",",6","47.3",",,,6","0",",,,6","30.79",",6","37.53",",,,6","24.05",",,,6"
"USC00346130","1934-09","35.778","-95.3338","157.9","MUSKOGEE, OK US","1299.8","6","110.3",",6","11",",6","7",",6","4",",6","","","0",",6","0",",6","0",",6","0",",6","30",",6","5",",6","","","19340927",",,6","","","19340930","+,,6","","","19340902",",,6","19340919",",,6","7.2",",6,27,","","","0",",,6,30,+","55.1",",,6,02,","33.9",",6,19,","9.4","6","9.4",",6","217.4",",,,6","0",",,,6","21.69",",6","28.19",",,,6","15.19",",,,6"
"USC00346130","1934-10","35.778","-95.3338","157.9","MUSKOGEE, OK US","1348.2","6","48.4",",6","3",",6","1",",6","0",",6","","","0",",6","0",",6","0",",6","0",",6","30",",6","0",",6","","","19341028",",,6","","","19341031","+,,6","","","19341019",",,6","19341012",",,6","1.1",",6,28,","","","0",",,6,31,+","11.4",",,6,19,","30.6",",6,12,","39.4","6","30.0",",6","14.0",",,,6","0",",,,6","18.92",",6","26.53",",,,6","11.32",",,,6"
"USC00346130","1934-11","35.778","-95.3338","157.9","MUSKOGEE, OK US","1352.2","6","4.0",",6","11",",6","9",",6","1",",6","","","0",",6","0",",6","1",",6","0",",6","11",",6","0",",6","","","19341123",",,6","","","19341130","+,,6","","","19341119",",,6","19341108","+,,6","-2.8",",6,23,","","","0",",,6,30,+","38.1",",,6,19,","27.8",",6,08,+","220.6","6","181.2",",6","104.6",",,,6","0",",,,6","12.43",",6","18.22",",,,6","6.63",",,,6"
"USC00346130","1934-12","35.778","-95.3338","157.9","MUSKOGEE, OK US","1352.2","6","0.0",",6","6",",6","1",",6","0",",6","","","0",",6","0",",6","17",",6","0",",6","0",",6","0",",6","","","19341211",",,6","","","19341210",",,6","","","19341218",",,6","19341215",",,6","-8.3",",6,11,","","","0",",T,6,10,","15.2",",,6,18,","18.3",",6,15,","633.8","6","413.2",",6","17.4",",,,6","0",",T,,6","5.00",",6","10.40",",,,6","-0.39",",,,6"
"USC00346130","1935-01","35.778","-95.3338","157.9","MUSKOGEE, OK US","0.0","6","0.0",",6","5",",6","4",",6","0",",6","","","0",",6","0",",6","16",",6","3",",6","1",",6","0",",6","","","19350121",",,6","","","19350120",",,6","","","19350120",",,6","19350116",",,6","-16.7",",6,21,","","","20",",,6,20,","16.0",",,6,20,","23.9",",6,16,","1017.7","6","383.9",",6","47.8",",,,6","25",",,,6","5.95",",6","11.62",",,,6","0.28",",,,6"
"USC00346130","1935-02","35.778","-95.3338","157.9","MUSKOGEE, OK US","0.0","6","0.0",",6","6",",6","3",",6","0",",6","","","0",",6","0",",6","10",",6","0",",6","1",",6","0",",6","","","19350227",",,6","","","19350225",",,6","","","19350213",",,6","19350221",",,6","-9.4",",6,27,","","","0",",T,6,25,","10.4",",,6,13,","25.0",",6,21,","1318.7","6","301.0",",6","28.2",",,,6","0",",T,,6","7.58",",6","13.84",",,,6","1.33",",,,6"
"USC00346130","1935-03","35.778","-95.3338","157.9","MUSKOGEE, OK US","13.9","6","13.9",",6","10",",6","8",",6","4",",6","","","0",",6","0",",6","3",",6","0",",6","18",",6","0",",6","","","19350307",",,6","","","19350331","+,,6","","","19350324",",,6","19350323","+,,6","-5.6",",6,07,","","","0",",,6,31,+","55.4",",,6,24,","27.8",",6,23,+","1457.8","6","139.1",",6","220.8",",,,6","0",",,,6","14.30",",6","19.94",",,,6","8.65",",,,6"
"USC00346130","1935-04","35.778","-95.3338","157.9","MUSKOGEE, OK US","21.4","6","7.5",",6","12",",6","6",",6","3",",6","","","0",",6","0",",6","0",",6","0",",6","12",",6","0",",6","","","19350413","+,,6","","","19350430","+,,6","","","19350419",",,6","19350414",",,6","1.7",",6,13,+","","","0",",,6,30,+","46.5",",,6,19,","26.7",",6,14,","1574.6","6","116.8",",6","156.8",",,,6","0",",,,6","14.69",",6","19.89",",,,6","9.49",",,,6"
"USC00346130","1935-05","35.778","-95.3338","157.9","MUSKOGEE, OK US","82.9","6","61.5",",6","13",",6","10",",6","4",",6","","","0",",6","0",",6","0",",6","0",",6","22",",6","0",",6","","","19350505","+,,6","","","19350531","+,,6","","","19350505",",,6","19350531","+,,6","6.7",",6,05,+","","","0",",,6,31,+","52.3",",,6,05,","31.7",",6,31,+","1617.6","6","43.0",",6","218.8",",,,6","0",",,,6","18.93",",6","23.51",",,,6","14.35",",,,6"
"USC00346130","1935-06","35.778","-95.3338","157.9","MUSKOGEE, OK US","234.9","6","152.0",",6","16",",6","11",",6","4",",6","","","0",",6","0",",6","0",",6","0",",6","30",",6","4",",6","","","19350605",",,6","","","19350630","+,,6","","","19350607",",,6","19350611",",,6","8.9",",6,05,","","","0",",,6,30,+","124.5",",,6,07,","33.3",",6,11,","1619.2","6","1.6",",6","386.5",",,,6","0",",,,6","23.35",",6","28.79",",,,6","17.90",",,,6"
"USC00346130","1935-07","35.778","-95.3338","157.9","MUSKOGEE, OK US","561.1","6","326.2",",6","4","1,6","2","1,6","0","1,6","","","0",",6","0",",6","0",",6","0",",6","31",",6","29",",6","","","19350714",",,6","","","19350731","+,,6","","","19350701",",1,6","19350727",",,6","18.9",",6,14,","","","0",",,6,31,+","16.3","1,,6,01,","37.8",",6,27,","0.0","6","0.0",",6","33.5","1,,,6","0",",,,6","28.86",",6","34.86",",,,6","22.85",",,,6"
"USC00346130","1935-08","35.778","-95.3338","157.9","MUSKOGEE, OK US","883.3","6","322.2",",6","6",",6","5",",6","0",",6","","","0",",6","0",",6","0",",6","0",",6","31",",6","26",",6","","","19350831","+,,6","","","19350831","+,,6","","","19350822",",,6","19350809",",,6","14.4",",6,31,+","","","0",",,6,31,+","22.9",",,6,22,","41.7",",6,09,","0.0","6","0.0",",6","74.7",",,,6","0",",,,6","28.73",",6","35.67",",,,6","21.78",",,,6"
"USC00346130","1935-09","35.778","-95.3338","157.9","MUSKOGEE, OK US","1013.7","6","130.4",",6","6",",6","5",",6","2",",6","","","0",",6","0",",6","0",",6","0",",6","29",",6","10",",6","","","19350929",",,6","","","19350930","+,,6","","","19350926",",,6","19350922","+,,6","6.7",",6,29,","","","0",",,6,30,+","86.1",",,6,26,","34.4",",6,22,+","10.0","6","10.0",",6","145.8",",,,6","0",",,,6","22.35",",6","29.18",",,,6","15.51",",,,6"
"USC00346130","1935-10","35.778","-95.3338","157.9","MUSKOGEE, OK US","1046.5","6","32.8",",6","15",",6","8",",6","4",",6","","","0",",6","0",",6","0",",6","0",",6","21",",6","0",",6","","","19351023",",,6","","","19351031","+,,6","","","19351009",",,6","19351016","+,,6","5.6",",6,23,","","","0",",,6,31,+","103.4",",,6,09,","30.6",",6,16,+","74.7","6","64.7",",6","234.2",",,,6","0",",,,6","17.30",",6","22.73",",,,6","11.88",",,,6"
"USC00346130","1935-11","35.778","-95.3338","157.9","MUSKOGEE, OK US","1046.8","6","0.3",",6","11",",6","6",",6","1",",6","","","0",",6","0",",6","5",",6","0",",6","5",",6","0",",6","","","19351122","+,,6","","","19351130","+,,6","","","19351109",",,6","19351110",",,6","-1.7",",6,22,+","","","0",",,6,30,+","58.7",",,6,09,","25.6",",6,10,","365.9","6","291.2",",6","111.6",",,,6","0",",,,6","8.64",",6","13.47",",,,6","3.81",",,,6"
"USC00346130","1935-12","35.778","-95.3338","157.9","MUSKOGEE, OK US","1046.8","6","0.0","1,6","8",",6","3",",6","1",",6","","","1",",6","0","1,6","21","1,6","3",",6","0",",6","0",",6","","","19351226",",1,6","","","19351229",",,6","","","19351206",",,6","19351209",",,6","-8.9","1,6,26,","","","25",",,6,29,","30.5",",,6,06,","17.2",",6,09,","807.8","6","441.9",",6","61.9",",,,6","33",",,,6","3.65","1,6","8.87",",,,6","-1.58","1,,,6"
"USC00346130","1936-01","35.778","-95.3338","157.9","MUSKOGEE, OK US","0.0","6","0.0",",6","5",",6","1",",6","0",",6","","","1",",6","0",",6","22",",6","5",",6","1",",6","0",",6","","","19360127",",,6","","","19360118",",,6","","","19360118",",,6","19360112",",,6","-12.8",",6,27,","","","30",",,6,18,","3.0",",,6,18,","23.3",",6,12,","1313.1","6","505.3",",6","6.6",",,,6","40",",,,6","2.03",",6","7.46",",,,6","-3.39",",,,6"
"USC00346130","1936-02","35.778","-95.3338","157.9","MUSKOGEE, OK US","4.5","6","4.5",",6","6",",6","3",",6","0",",6","","","1",",6","0",",6","21",",6","8",",6","5",",6","0",",6","","","19360218",",,6","","","19360219",",,6","","","19360226",",,6","19360224",",,6","-16.7",",6,18,","","","25",",,6,19,","17.0",",,6,26,","25.6",",6,24,","1806.0","6","492.9",",6","25.7",",,,6","25",",,,6","1.49",",6","7.40",",,,6","-4.42",",,,6"
"USC00346130","1936-03","35.778","-95.3338","157.9","MUSKOGEE, OK US","11.7","6","7.2",",6","5",",6","2",",6","0",",6","","","0",",6","0",",6","1",",6","0",",6","19",",6","0",",6","","","19360317",",,6","","","19360331","+,,6","","","19360323",",,6","19360329",",,6","0.0",",6,17,","","","0",",,6,31,+","4.3",",,6,23,","30.0",",6,29,","1935.1","6","129.1",",6","12.4",",,,6","0",",,,6","14.40",",6","21.86",",,,6","6.94",",,,6"
"USC00346130","1936-04","35.778","-95.3338","157.9","MUSKOGEE, OK US","67.4","6","55.7",",6","6",",6","4",",6","0",",6","","","","","0",",6","4",",6","0",",6","21",",6","4",",6","","","19360403",",,6","","","","","","","19360405",",,6","19360414",",,6","-5.6",",6,03,","","","","","23.4",",,6,05,","33.3",",6,14,","2055.7","6","120.6",",6","35.9",",,,6","","","16.17",",6","23.78",",,,6","8.56",",,,6"
"USC00346130","1936-05","35.778","-95.3338","157.9","MUSKOGEE, OK US","195.7","6","128.3",",6","6",",6","4",",6","0",",6","","","0",",6","0",",6","0",",6","0",",6","31",",6","3",",6","","","19360503",",,6","","","19360531","+,,6","","","19360509",",,6","19360531",",,6","10.0",",6,03,","","","0",",,6,31,+","18.0",",,6,09,","33.9",",6,31,","2057.6","6","1.9",",6","46.8",",,,6","0",",,,6","22.41",",6","29.02",",,,6","15.79",",,,6"
"USC00346130","1936-06","35.778","-95.3338","157.9","MUSKOGEE, OK US","486.4","6","290.7",",6","4",",6","3",",6","0",",6","","","0",",6","0",",6","0",",6","0",",6","30",",6","24",",6","","","19360604",",,6","","","19360630","+,,6","","","19360607",",,6","19360622","+,,6","13.3",",6,04,","","","0",",,6,30,+","6.9",",,6,07,","42.2",",6,22,+","2057.6","6","0.0",",6","15.3",",,,6","0",",,,6","28.02",",6","36.13",",,,6","19.92",",,,6"
"USC00346130","1936-07","35.778","-95.3338","157.9","MUSKOGEE, OK US","889.9","6","403.5",",6","4",",6","2",",6","0",",6","","","0",",6","0",",6","0",",6","0",",6","31",",6","31",",6","","","19360731",",,6","","","19360731","+,,6","","","19360731",",,6","19360718",",,6","17.2",",6,31,","","","0",",,6,31,+","12.4",",,6,31,","45.6",",6,18,","0.0","6","0.0",",6","24.9",",,,6","0",",,,6","31.35",",6","39.08",",,,6","23.62",",,,6"
"USC00346130","1936-08","35.778","-95.3338","157.9","MUSKOGEE, OK US","1318.7","6","428.8",",6","1",",6","1",",6","0",",6","","","","","0",",6","0",",6","0",",6","31",",6","31",",6","","","19360801",",,6","","","","","","","19360818",",,6","19360810",",,6","15.0",",6,01,","","","","","4.6",",,6,18,","47.8",",6,10,","0.0","6","0.0",",6","4.6",",,,6","","","32.17",",6","40.11",",,,6","24.23",",,,6"
"USC00346130","1936-09","35.778","-95.3338","157.9","MUSKOGEE, OK US","1580.7","6","262.0",",6","11",",6","8",",6","2",",6","","","0",",6","0",",6","0",",6","0",",6","28",",6","16",",6","","","19360930",",,6","","","19360930","+,,6","","","19360928",",,6","19360910",",,6","10.0",",6,30,","","","0",",,6,30,+","52.1",",,6,28,","41.1",",6,10,","7.8","6","7.8",",6","159.6",",,,6","0",",,,6","26.81",",6","32.49",",,,6","21.12",",,,6"
"USC00346130","1936-10","35.778","-95.3338","157.9","MUSKOGEE, OK US","1604.9","6","24.2",",6","7",",6","6",",6","1",",6","","","0",",6","0",",6","0",",6","0",",6","20",",6","0",",6","","","19361027","+,,6","","","19361031","+,,6","","","19361008",",,6","19361019",",,6","3.3",",6,27,+","","","0",",,6,31,+","27.7",",,6,08,","30.6",",6,19,","102.5","6","94.7",",6","81.6",",,,6","0",",,,6","16.06",",6","21.86",",,,6","10.25",",,,6"
"USC00346130","1936-11","35.778","-95.3338","157.9","MUSKOGEE, OK US","1609.6","6","4.7",",6","2",",6","2",",6","0",",6","","","0",",6","0",",6","11",",6","0",",6","3",",6","0",",6","","","19361104",",,6","","","19361130","+,,6","","","19361102",",,6","19361102","+,,6","-3.9",",6,04,","","","0",",,6,30,+","15.5",",,6,02,","23.9",",6,02,+","387.6","6","285.1",",6","18.5",",,,6","0",",,,6","8.99",",6","15.54",",,,6","2.44",",,,6"
"USC00346130","1936-12","35.778","-95.3338","157.9","MUSKOGEE, OK US","1609.6","6","0.0",",6","10",",6","5",",6","1",",6","","","0",",6","0",",6","12",",6","0",",6","0",",6","0",",6","","","19361207",",,6","","","19361231","+,,6","","","19361227",",,6","19361227",",,6","-7.2",",6,07,","","","0",",,6,31,+","31.2",",,6,27,","20.0",",6,27,","722.2","6","334.6",",6","70.6",",,,6","0",",,,6","7.54",",6","12.23",",,,6","2.85",",,,6"
"USC00346130","1937-01","35.778","-95.3338","157.9","MUSKOGEE, OK US","0.0","6","0.0",",6","16",",6","9",",6","2",",6","","","4",",6","0",",6","25",",6","5",",6","0",",6","0",",6","","","19370122",",,6","","","19370122",",,6","","","19370108",",,6","19370120",",,6","-10.6",",6,22,","","","229",",,6,22,","38.6",",,6,08,","15.6",",6,20,","1245.4","6","523.2",",6","134.1",",,,6","363",",,,6","1.46",",6","5.93",",,,6","-3.02",",,,6"
"USC00346130","1937-02","35.778","-95.3338","157.9","MUSKOGEE, OK US","0.0","6","0.0",",6","5",",6","1",",6","1",",6","","","0",",6","0",",6","19",",6","0",",6","2",",6","0",",6","","","19370201",",,6","","","19370227",",,6","","","19370220",",,6","19370207",",,6","-8.3",",6,01,","","","20",",,6,27,","47.2",",,6,20,","23.9",",6,07,","1609.3","6","363.9",",6","53.6",",,,6","20",",,,6","5.34",",6","11.31",",,,6","-0.64",",,,6"
"USC00346130","1937-03","35.778","-95.3338","157.9","MUSKOGEE, OK US","0.0","6","0.0",",6","7",",6","6",",6","0",",6","","","0",",6","0",",6","12",",6","0",",6","2",",6","0",",6","","","19370328",",,6","","","19370331","+,,6","","","19370324",",,6","19370311",",,6","-5.0",",6,28,","","","0",",,6,31,+","22.9",",,6,24,","22.8",",6,11,","1904.4","6","295.1",",6","87.6",",,,6","0",",,,6","8.81",",6","14.72",",,,6","2.91",",,,6"
"USC00346130","1937-04","35.778","-95.3338","157.9","MUSKOGEE, OK US","38.1","6","38.1",",6","8",",6","5",",6","1",",6","","","0",",6","0",",6","0",",6","0",",6","18",",6","0",",6","","","19370406",",,6","","","19370430","+,,6","","","19370421",",,6","19370429","+,,6","1.1",",6,06,","","","0",",,6,30,+","49.0",",,6,21,","30.0",",6,29,+","1995.8","6","91.4",",6","76.4",",,,6","0",",,,6","16.56",",6","22.72",",,,6","10.39",",,,6"
"USC00346130","1937-05","35.778","-95.3338","157.9","MUSKOGEE, OK US","150.0","6","111.9",",6","10",",6","7",",6","0",",6","","","0",",6","0",",6","0",",6","0",",6","28",",6","4",",6","","","19370514",",,6","","","19370531","+,,6","","","19370513",",,6","19370531","+,,6","7.8",",6,14,","","","0",",,6,31,+","17.3",",,6,13,","32.2",",6,31,+","2007.2","6","11.4",",6","64.1",",,,6","0",",,,6","21.58",",6","27.45",",,,6","15.70",",,,6"
"USC00346130","1937-06","35.778","-95.3338","157.9","MUSKOGEE, OK US","383.4","6","233.4",",6","8",",6","5",",6","1",",6","","","0",",6","0",",6","0",",6","0",",6","30",",6","19",",6","","","19370607","+,,6","","","19370630","+,,6","","","19370616",",,6","19370626","+,,6","12.8",",6,07,+","","","0",",,6,30,+","41.9",",,6,16,","37.2",",6,26,+","2007.2","6","0.0",",6","76.7",",,,6","0",",,,6","26.11",",6","32.08",",,,6","20.15",",,,6"
"USC00346130","1937-07","35.778","-95.3338","157.9","MUSKOGEE, OK US","689.7","6","306.3",",6","8",",6","6",",6","0",",6","","","0",",6","0",",6","0",",6","0",",6","31",",6","28",",6","","","19370701",",,6","","","19370731","+,,6","","","19370719",",,6","19370705",",,6","16.7",",6,01,","","","0",",,6,31,+","15.2",",,6,19,","39.4",",6,05,","0.0","6","0.0",",6","57.6",",,,6","0",",,,6","28.21",",6","34.60",",,,6","21.83",",,,6"
"USC00346130","1937-08","35.778","-95.3338","157.9","MUSKOGEE, OK US","1038.3","6","348.6",",6","11",",6","4",",6","0",",6","","","0",",6","0",",6","0",",6","0",",6","31",",6","27",",6","","","19370813",",,6","","","19370831","+,,6","","","19370817",",,6","19370810",",,6","18.3",",6,13,","","","0",",,6,31,+","16.3",",,6,17,","43.9",",6,10,","0.0","6","0.0",",6","45.5",",,,6","0",",,,6","29.58",",6","36.37",",,,6","22.78",",,,6"
"USC00346130","1937-09","35.778","-95.3338","157.9","MUSKOGEE, OK US","1207.8","6","169.5",",6","8",",6","6",",6","2",",6","","","0",",6","0",",6","0",",6","0",",6","29",",6","10",",6","","","19370927",",,6","","","19370930","+,,6","","","19370910",",,6","19370904",",,6","5.0",",6,27,","","","0",",,6,30,+","42.9",",,6,10,","37.8",",6,04,","13.1","6","13.1",",6","138.4",",,,6","0",",,,6","23.55",",6","29.94",",,,6","17.15",",,,6"
"USC00346130","1937-10","35.778","-95.3338","157.9","MUSKOGEE, OK US","1249.2","6","41.4",",6","5",",6","5",",6","1",",6","","","0",",6","0",",6","1",",6","0",",6","20",",6","3",",6","","","19371023",",,6","","","19371031","+,,6","","","19371009",",,6","19371006",",,6","-3.9",",6,23,","","","0",",,6,31,+","25.4",",,6,09,","36.7",",6,06,","98.8","6","85.7",",6","52.3",",,,6","0",",,,6","16.90",",6","24.18",",,,6","9.63",",,,6"
"USC00346130","1937-11","35.778","-95.3338","157.9","MUSKOGEE, OK US","1254.5","6","5.3",",6","8",",6","3",",6","1",",6","","","0",",6","0",",6","12",",6","1",",6","8",",6","0",",6","","","19371120",",,6","","","19371128","+,,6","","","19371110",",,6","19371101",",,6","-7.8",",6,20,","","","13",",,6,28,+","28.2",",,6,10,","30.0",",6,01,","386.6","6","287.8",",6","64.9",",,,6","26",",,,6","8.92",",6","14.61",",,,6","3.23",",,,6"
"USC00346130","1937-12","35.778","-95.3338","157.9","MUSKOGEE, OK US","1254.5","6","0.0",",6","10",",6","6",",6","0",",6","","","0",",6","0",",6","11",",6","2",",6","0",",6","0",",6","","","19371209",",,6","","","19371231","+,,6","","","19371215",",,6","19371231",",,6","-11.7",",6,09,","","","0",",,6,31,+","16.5",",,6,15,","17.2",",6,31,","814.0","6","427.4",",6","63.6",",,,6","0",",,,6","4.55",",6","8.47",",,,6","0.62",",,,6"
"USC00346130","1938-01","35.778","-95.3338","157.9","MUSKOGEE, OK US","0.0","6","0.0",",6","8",",6","5",",6","1",",6","","","0",",6","0",",6","18",",6","1",",6","2",",6","0",",6","","","19380131",",,6","","","19380131","+,,6","","","19380121",",,6","19380116",",,6","-11.7",",6,31,","","","0",",,6,31,+","30.2",",,6,21,","25.0",",6,16,","1198.6","6","384.6",",6","69.8",",,,6","0",",,,6","5.93",",6","12.10",",,,6","-0.25",",,,6"
"USC00346130","1938-02","35.778","-95.3338","157.9","MUSKOGEE, OK US","2.2","6","2.2",",6","11",",6","7",",6","3",",6","","","0",",6","0",",6","10",",6","1",",6","7",",6","0",",6","","","19380219",",,6","","","19380222",",,6","","","19380216",",,6","19380227","+,,6","-7.2",",6,19,","","","13",",,6,22,","79.0",",,6,16,","23.9",",6,27,+","1453.9","6","255.3",",6","217.8",",,,6","23",",,,6","9.29",",6","14.40",",,,6","4.18",",,,6"
"USC00346130","1938-03","35.778","-95.3338","157.9","MUSKOGEE, OK US","26.3","6","24.1",",6","11",",6","8",",6","3",",6","","","0",",6","0",",6","2",",6","0",",6","21",",6","0",",6","","","19380306",",,6","","","19380331","+,,6","","","19380328",",,6","19380325",",,6","-2.2",",6,06,","","","0",",,6,31,+","44.2",",,6,28,","30.6",",6,25,","1560.8","6","106.9",",6","142.6",",,,6","0",",,,6","15.66",",6","22.45",",,,6","8.88",",,,6"
"USC00346130","1938-04","35.778","-95.3338","157.9","MUSKOGEE, OK US","67.6","6","41.3","1,6","8",",6","8",",6","1",",6","","","0",",6","0",",6","3",",6","0","1,6","22","1,6","1","1,6","","","19380408","+,,6","","","19380408",",,6","","","19380422",",,6","19380430",",1,6","-0.6",",6,08,+","","","20",",,6,08,","35.6",",,6,22,","32.8","1,6,30,","1633.9","6","73.1","1,6","79.3",",,,6","20",",,,6","17.04","1,6","23.55","1,,,6","10.54",",,,6"
"USC00346130","1938-05","35.778","-95.3338","157.9","MUSKOGEE, OK US","164.5","6","96.9",",6","13",",6","6",",6","3",",6","","","0",",6","0",",6","0",",6","0",",6","30",",6","0",",6","","","19380508",",,6","","","19380531","+,,6","","","19380527",",,6","19380530","+,,6","4.4",",6,08,","","","0",",,6,31,+","62.5",",,6,27,","31.1",",6,30,+","1652.2","6","18.3",",6","167.6",",,,6","0",",,,6","20.87",",6","26.56",",,,6","15.17",",,,6"
"USC00346130","1938-06","35.778","-95.3338","157.9","MUSKOGEE, OK US","369.9","6","205.4",",6","9",",6","8",",6","1",",6","","","0",",6","0",",6","0",",6","0",",6","30",",6","15",",6","","","19380603",",,6","","","19380630","+,,6","","","19380611",",,6","19380623",",,6","14.4",",6,03,","","","0",",,6,30,+","35.6",",,6,11,","34.4",",6,23,","1652.2","6","0.0",",6","118.1",",,,6","0",",,,6","25.18",",6","30.90",",,,6","19.46",",,,6"
"USC00346130","1938-07","35.778","-95.3338","157.9","MUSKOGEE, OK US","679.1","6","309.2",",6","7",",6","3",",6","0",",6","","","0",",6","0",",6","0",",6","0",",6","31",",6","28",",6","","","19380724","+,,6","","","19380731","+,,6","","","19380718",",,6","19380711",",,6","19.4",",6,24,+","","","0",",,6,31,+","24.6",",,6,18,","37.8",",6,11,","0.0","6","0.0",",6","49.8",",,,6","0",",,,6","28.31",",6","35.14",",,,6","21.48",",,,6"
"USC00346130","1938-08","35.778","-95.3338","157.9","MUSKOGEE, OK US","1021.1","6","342.0",",6","3",",6","2",",6","1",",6","","","0",",6","0",",6","0",",6","0",",6","31",",6","31",",6","","","19380817","+,,6","","","19380831","+,,6","","","19380817",",,6","19380825",",,6","18.9",",6,17,+","","","0",",,6,31,+","42.9",",,6,17,","39.4",",6,25,","0.0","6","0.0",",6","55.6",",,,6","0",",,,6","29.37",",6","36.74",",,,6","22.00",",,,6"
"USC00346130","1938-09","35.778","-95.3338","157.9","MUSKOGEE, OK US","1218.8","6","197.7",",6","2",",6","2",",6","0",",6","","","0",",6","0",",6","0",",6","0",",6","30",",6","19",",6","","","19380920",",,6","","","19380930","+,,6","","","19380913",",,6","19380901",",,6","4.4",",6,20,","","","0",",,6,30,+","24.9",",,6,13,","38.3",",6,01,","8.0","6","8.0",",6","49.5",",,,6","0",",,,6","24.66",",6","32.58",",,,6","16.73",",,,6"
"USC00346130","1938-10","35.778","-95.3338","157.9","MUSKOGEE, OK US","1321.5","6","102.7",",6","4",",6","3",",6","0",",6","","","0",",6","0",",6","2",",6","0",",6","28",",6","13",",6","","","19381024",",,6","","","19381031","+,,6","","","19381029",",,6","19381001",",,6","-3.9",",6,24,","","","0",",,6,31,+","4.1",",,6,29,","36.1",",6,01,","46.6","6","38.6",",6","12.5",",,,6","0",",,,6","20.40",",6","29.65",",,,6","11.15",",,,6"
"USC00346130","1938-11","35.778","-95.3338","157.9","MUSKOGEE, OK US","1329.6","6","8.1",",6","4",",6","3",",6","1",",6","","","0",",6","0",",6","11",",6","0",",6","11",",6","0",",6","","","19381127",",,6","","","19381107",",,6","","","19381103",",,6","19381117",",,6","-10.6",",6,27,","","","0",",T,6,07,","57.4",",,6,03,","28.3",",6,17,","289.2","6","242.6",",6","82.6",",,,6","0",",T,,6","10.52",",6","17.72",",,,6","3.31",",,,6"
"USC00346130","1938-12","35.778","-95.3338","157.9","MUSKOGEE, OK US","1330.4","6","0.8",",6","7",",6","3",",6","0",",6","","","0",",6","0",",6","15",",6","1",",6","1",",6","0",",6","","","19381227",",,6","","","19381231","+,,6","","","19381226",",,6","19381202",",,6","-9.4",",6,27,","","","0",",,6,31,+","10.2",",,6,26,","23.9",",6,02,","663.3","6","374.1",",6","20.7",",,,6","0",",,,6","6.29",",6","12.53",",,,6","0.05",",,,6"
"USC00346130","1939-01","35.778","-95.3338","157.9","MUSKOGEE, OK US","0.0","6","0.0",",6","9",",6","4",",6","0",",6","","","0",",6","0",",6","13",",6","0",",6","3",",6","0",",6","","","19390116",",,6","","","19390123",",,6","","","19390129",",,6","19390103",",,6","-7.2",",6,16,","","","18",",,6,23,","16.3",",,6,29,","22.2",",6,03,","990.2","6","326.9",",6","67.2",",,,6","31",",,,6","7.79",",6","14.09",",,,6","1.49",",,,6"
"USC00346130","1939-02","35.778","-95.3338","157.9","MUSKOGEE, OK US","0.0","6","0.0",",6","10",",6","8",",6","0",",6","","","1",",6","0",",6","19",",6","0",",6","1",",6","0",",6","","","19390221",",,6","","","19390202",",,6","","","19390209",",,6","19390213",",,6","-12.8",",6,21,","","","64",",,6,02,","17.5",",,6,09,","21.1",",6,13,","1359.3","6","369.1",",6","80.1",",,,6","64",",,,6","5.15",",6","11.75",",,,6","-1.45",",,,6"
"USC00346130","1939-03","35.778","-95.3338","157.9","MUSKOGEE, OK US","16.9","6","16.9",",6","7",",6","4",",6","0",",6","","","0",",6","0",",6","6",",6","0",",6","16",",6","0",",6","","","19390315","+,,6","","","19390331","+,,6","","","19390326","+,,6","19390322",",,6","-3.3",",6,15,+","","","0",",,6,31,+","9.4",",,6,26,+","28.9",",6,22,","1517.9","6","158.6",",6","32.1",",,,6","0",",,,6","13.76",",6","20.95",",,,6","6.58",",,,6"
"USC00346130","1939-04","35.778","-95.3338","157.9","MUSKOGEE, OK US","47.2","6","30.3",",6","8",",6","5",",6","1",",6","","","0",",6","0",",6","1",",6","0",",6","20",",6","1",",6","","","19390407",",,6","","","19390430","+,,6","","","19390406",",,6","19390426",",,6","-3.3",",6,07,","","","0",",,6,30,+","27.4",",,6,06,","32.8",",6,26,","1624.2","6","106.3",",6","60.7",",,,6","0",",,,6","15.80",",6","22.28",",,,6","9.32",",,,6"
"USC00346130","1939-05","35.778","-95.3338","157.9","MUSKOGEE, OK US","155.6","6","108.4",",6","9",",6","8",",6","2",",6","","","","","0",",6","0",",6","0",",6","29",",6","2",",6","","","19390514",",,6","","","","","","","19390512",",,6","19390524","+,,6","7.2",",6,14,","","","","","38.1",",,6,12,","32.8",",6,24,+","1632.8","6","8.6",",6","127.5",",,,6","","","21.55",",6","27.81",",,,6","15.29",",,,6"
"USC00346130","1939-06","35.778","-95.3338","157.9","MUSKOGEE, OK US","375.3","6","219.7",",6","14",",6","9",",6","1",",6","","","0",",6","0",",6","0",",6","0",",6","30",",6","13",",6","","","19390611",",,6","","","19390630","+,,6","","","19390612",",,6","19390627",",,6","12.2",",6,11,","","","0",",,6,30,+","30.2",",,6,12,","35.0",",6,27,","1632.8","6","0.0",",6","135.8",",,,6","0",",,,6","25.66",",6","31.22",",,,6","20.10",",,,6"
"USC00346130","1939-07","35.778","-95.3338","157.9","MUSKOGEE, OK US","710.2","6","334.9",",6","7",",6","4",",6","1",",6","","","0",",6","0",",6","0",",6","0",",6","31",",6","28",",6","","","19390701",",,6","","","19390731","+,,6","","","19390727",",,6","19390721",",,6","17.8",",6,01,","","","0",",,6,31,+","36.3",",,6,27,","41.1",",6,21,","0.0","6","0.0",",6","62.9",",,,6","0",",,,6","29.14",",6","36.11",",,,6","22.16",",,,6"
"USC00346130","1939-08","35.778","-95.3338","157.9","MUSKOGEE, OK US","1014.9","6","304.7",",6","6",",6","4",",6","2",",6","","","0",",6","0",",6","0",",6","0",",6","31",",6","30",",6","","","19390821",",,6","","","19390831","+,,6","","","19390825",",,6","19390830",",,6","14.4",",6,21,","","","0",",,6,31,+","44.7",",,6,25,","39.4",",6,30,","0.0","6","0.0",",6","84.8",",,,6","0",",,,6","28.16",",6","35.70",",,,6","20.63",",,,6"
"USC00346130","1939-09","35.778","-95.3338","157.9","MUSKOGEE, OK US","1298.6","6","283.7",",6","2",",6","2",",6","0",",6","","","0",",6","0",",6","0",",6","0",",6","30",",6","26",",6","","","19390930",",,6","","","19390930","+,,6","","","19390917",",,6","19390903","+,,6","3.3",",6,30,","","","0",",,6,30,+","4.6",",,6,17,","42.2",",6,03,+","5.6","6","5.6",",6","8.7",",,,6","0",",,,6","27.61",",6","36.39",",,,6","18.82",",,,6"
"USC00346130","1939-10","35.778","-95.3338","157.9","MUSKOGEE, OK US","1399.2","6","100.6",",6","3",",6","3",",6","2",",6","","","","","0",",6","1",",6","0",",6","29",",6","9",",6","","","19391031",",,6","","","","","","","19391027",",,6","19391006","+,,6","-2.2",",6,31,","","","","","38.1",",,6,27,","36.7",",6,06,+","54.3","6","48.7",",6","87.6",",,,6","","","20.01",",6","28.21",",,,6","11.80",",,,6"
"USC00346130","1939-11","35.778","-95.3338","157.9","MUSKOGEE, OK US","1399.2","6","0.0",",6","9",",6","6",",6","0",",6","","","0",",6","0",",6","7",",6","0",",6","5",",6","0",",6","","","19391128",",,6","","","19391130","+,,6","","","19391130",",,6","19391108",",,6","-5.0",",6,28,","","","0",",,6,30,+","17.0",",,6,30,","27.8",",6,08,","320.4","6","266.1",",6","52.2",",,,6","0",",,,6","9.46",",6","15.40",",,,6","3.52",",,,6"
"USC00346130","1939-12","35.778","-95.3338","157.9","MUSKOGEE, OK US","1399.2","6","0.0",",6","5",",6","3",",6","0",",6","","","1",",6","0",",6","10",",6","0",",6","8",",6","0",",6","","","19391229",",,6","","","19391226",",,6","","","19391223",",,6","19391206",",,6","-8.3",",6,29,","","","25",",,6,26,","21.8",",,6,23,","25.0",",6,06,","630.3","6","309.9",",6","33.9",",,,6","30",",,,6","8.34",",6","14.51",",,,6","2.16",",,,6"
"USC00346130","1940-01","35.778","-95.3338","157.9","MUSKOGEE, OK US","0.0","6","0.0",",6","8",",6","3",",6","0",",6","","","3",",6","2",",6","29",",6","15",",6","0",",6","0",",6","","","19400119",",,6","","","19400103",",,6","","","19400103",",,6","19400116",",,6","-18.9",",6,19,","","","102",",,6,03,","8.1",",,6,03,","13.9",",6,16,","1307.7","6","677.4",",6","24.7",",,,6","236",",,,6","-3.52",",6","1.50",",,,6","-8.54",",,,6"
"USC00346130","1940-02","35.778","-95.3338","157.9","MUSKOGEE, OK US","0.0","6","0.0",",6","11",",6","4",",6","1",",6","","","0",",6","0",",6","15",",6","0",",6","3",",6","0",",6","","","19400214","+,,6","","","19400213",",,6","","","19400217",",,6","19400229",",,6","-5.6",",6,14,+","","","3",",,6,13,","31.0",",,6,17,","25.6",",6,29,","1681.2","6","373.5",",6","56.1",",,,6","3",",,,6","5.45",",6","10.61",",,,6","0.30",",,,6"
"USC00346130","1940-03","35.778","-95.3338","157.9","MUSKOGEE, OK US","8.4","6","8.4",",6","4",",6","3",",6","0",",6","","","","","0",",6","7",",6","0",",6","15",",6","0",",6","","","19400314",",,6","","","","","","","19400324","+,,6","19400331",",,6","-3.9",",6,14,","","","","","12.4",",,6,24,+","31.7",",6,31,","1881.3","6","200.1",",6","27.6",",,,6","","","12.15",",6","19.49",",,,6","4.81",",,,6"
"USC00346130","1940-04","35.778","-95.3338","157.9","MUSKOGEE, OK US","37.3","6","28.9","1,6","10",",6","8",",6","4",",6","","","","","0","1,6","2","1,6","0",",6","17",",6","1",",6","","","19400412",",1,6","","","","","","","19400407",",,6","19400401",",,6","-2.8","1,6,12,","","","","","45.7",",,6,07,","33.3",",6,01,","1989.5","6","108.2",",6","200.5",",,,6","","","15.76","1,6","21.97",",,,6","9.54","1,,,6"
"USC00346130","1940-05","35.778","-95.3338","157.9","MUSKOGEE, OK US","111.6","6","74.3",",6","8",",6","5",",6","1",",6","","","","","0",",6","0",",6","0",",6","29",",6","0",",6","","","19400502",",,6","","","","","","","19400523",",,6","19400506","+,,6","6.1",",6,02,","","","","","42.9",",,6,23,","31.1",",6,06,+","2004.3","6","14.8",",6","90.3",",,,6","","","20.25",",6","26.84",",,,6","13.67",",,,6"
"USC00346130","1940-06","35.778","-95.3338","157.9","MUSKOGEE, OK US","300.9","6","189.3",",6","9",",6","7",",6","0",",6","","","","","0",",6","0",",6","0",",6","30",",6","12",",6","","","19400612",",,6","","","","","","","19400611",",,6","19400620",",,6","12.8",",6,12,","","","","","23.6",",,6,11,","35.0",",6,20,","2004.3","6","0.0",",6","81.7",",,,6","","","24.64",",6","30.82",",,,6","18.47",",,,6"
"USC00346130","1940-07","35.778","-95.3338","157.9","MUSKOGEE, OK US","563.1","6","262.2",",6","3",",6","3",",6","1",",6","","","0",",6","0",",6","0",",6","0",",6","31",",6","20",",6","","","19400704",",,6","","","19400731","+,,6","","","19400721",",,6","19400730","+,,6","13.3",",6,04,","","","0",",,6,31,+","29.0",",,6,21,","37.2",",6,30,+","0.0","6","0.0",",6","54.6",",,,6","0",",,,6","26.79",",6","32.87",",,,6","20.72",",,,6"
"USC00346130","1940-08","35.778","-95.3338","157.9","MUSKOGEE, OK US","807.9","6","244.8",",6","8",",6","7",",6","2",",6","","","","","0",",6","0",",6","0",",6","31",",6","16",",6","","","19400820",",,6","","","","","","","19400817",",,6","19400803",",,6","11.7",",6,20,","","","","","68.8",",,6,17,","37.8",",6,03,","0.0","6","0.0",",6","142.8",",,,6","","","26.23",",6","32.24",",,,6","20.23",",,,6"
"USC00346130","1940-09","35.778","-95.3338","157.9","MUSKOGEE, OK US","946.9","6","139.0",",6","5",",6","2",",6","0",",6","","","0",",6","0",",6","0",",6","0",",6","30",",6","10",",6","","","19400926",",,6","","","19400930","+,,6","","","19400904",",,6","19400901",",,6","4.4",",6,26,","","","0",",,6,30,+","22.6",",,6,04,","36.1",",6,01,","18.0","6","18.0",",6","33.6",",,,6","0",",,,6","22.36",",6","28.96",",,,6","15.77",",,,6"
"USC00346130","1940-10","35.778","-95.3338","157.9","MUSKOGEE, OK US","1001.6","6","54.7",",6","5",",6","3",",6","1",",6","","","","","0",",6","0",",6","0",",6","29",",6","1",",6","","","19401016",",,6","","","","","","","19401029",",,6","19401019",",,6","2.8",",6,16,","","","","","26.4",",,6,29,","32.2",",6,19,","43.1","6","25.1",",6","40.2",",,,6","","","19.29",",6","27.38",",,,6","11.20",",,,6"
"USC00346130","1940-11","35.778","-95.3338","157.9","MUSKOGEE, OK US","1001.6","6","0.0",",6","12",",6","7",",6","3",",6","","","0",",6","0",",6","8",",6","0",",6","7",",6","0",",6","","","19401115",",,6","","","19401113",",,6","","","19401122",",,6","19401102",",,6","-11.7",",6,15,","","","13",",,6,13,","52.3",",,6,22,","26.1",",6,02,","315.9","6","272.8",",6","185.0",",,,6","13",",,,6","9.24",",6","15.33",",,,6","3.15",",,,6"
"USC00346130","1940-12","35.778","-95.3338","157.9","MUSKOGEE, OK US","1001.6","6","0.0",",6","9",",6","4",",6","0",",6","","","0",",6","0",",6","12",",6","0",",6","1",",6","0",",6","","","19401216",",,6","","","19401231","+,,6","","","19401215",",,6","19401209",",,6","-4.4",",6,16,","","","0",",,6,31,+","21.8",",,6,15,","22.8",",6,09,","674.8","6","358.9",",6","49.0",",,,6","0",",,,6","6.75",",6","12.15",",,,6","1.36",",,,6"
"USC00346130","1941-01","35.778","-95.3338","157.9","MUSKOGEE, OK US","0.0","6","0.0",",6","11",",6","5",",6","1",",6","","","0",",6","0",",6","16",",6","1",",6","0",",6","0",",6","","","19410118",",,6","","","19410117",",,6","","","19410101",",,6","19410101",",,6","-8.3",",6,18,","","","13",",,6,17,","47.5",",,6,01,","20.6",",6,01,","1050.2","6","375.4",",6","115.7",",,,6","13",",,,6","6.22",",6","10.85",",,,6","1.60",",,,6"
"USC00346130","1941-02","35.778","-95.3338","157.9","MUSKOGEE, OK US","0.0","6","0.0",",6","9",",6","7",",6","1",",6","","","1",",6","0",",6","16",",6","0",",6","0",",6","0",",6","","","19410208",",,6","","","19410224",",,6","","","19410202",",,6","19410216",",,6","-7.2",",6,08,","","","64",",,6,24,","27.4",",,6,02,","20.6",",6,16,","1419.5","6","369.3",",6","74.2",",,,6","64",",,,6","5.14",",6","10.30",",,,6","-0.01",",,,6"
"USC00346130","1941-03","35.778","-95.3338","157.9","MUSKOGEE, OK US","0.0","6","0.0",",6","7",",6","3",",6","0",",6","","","0",",6","0",",6","10",",6","0",",6","5",",6","0",",6","","","19410317",",,6","","","19410307",",,6","","","19410307",",,6","19410331",",,6","-5.0",",6,17,","","","8",",,6,07,","6.6",",,6,07,","26.1",",6,31,","1714.2","6","294.7",",6","18.2",",,,6","8",",,,6","8.83",",6","15.37",",,,6","2.28",",,,6"
"USC00346130","1941-04","35.778","-95.3338","157.9","MUSKOGEE, OK US","31.6","6","31.6",",6","9",",6","7",",6","3",",6","","","0",",6","0",",6","0",",6","0",",6","24",",6","0",",6","","","19410420",",,6","","","19410430","+,,6","","","19410416",",,6","19410410",",,6","5.0",",6,20,","","","0",",,6,30,+","43.4",",,6,16,","29.4",",6,10,","1762.0","6","47.8",",6","143.3",",,,6","0",",,,6","17.80",",6","23.49",",,,6","12.10",",,,6"
"USC00346130","1941-05","35.778","-95.3338","157.9","MUSKOGEE, OK US","164.4","6","132.8",",6","8",",6","3",",6","0",",6","","","0",",6","0",",6","0",",6","0",",6","31",",6","0",",6","","","19410512",",,6","","","19410531","+,,6","","","19410507",",,6","19410531","+,,6","11.7",",6,12,","","","0",",,6,31,+","12.4",",,6,07,","31.7",",6,31,+","1762.0","6","0.0",",6","25.1",",,,6","0",",,,6","22.62",",6","28.62",",,,6","16.61",",,,6"
"USC00346130","1941-06","35.778","-95.3338","157.9","MUSKOGEE, OK US","345.1","6","180.7",",6","9",",6","5",",6","3",",6","","","0",",6","0",",6","0",",6","0",",6","30",",6","11",",6","","","19410613",",,6","","","19410630","+,,6","","","19410610",",,6","19410630",",,6","13.3",",6,13,","","","0",",,6,30,+","47.2",",,6,10,","35.0",",6,30,","1762.0","6","0.0",",6","146.8",",,,6","0",",,,6","24.36",",6","30.02",",,,6","18.69",",,,6"
"USC00346130","1941-07","35.778","-95.3338","157.9","MUSKOGEE, OK US","649.1","6","304.0",",6","8",",6","7",",6","1",",6","","","0",",6","0",",6","0",",6","0",",6","31",",6","23",",6","","","19410705",",,6","","","19410731","+,,6","","","19410714",",,6","19410730","+,,6","14.4",",6,05,","","","0",",,6,31,+","39.9",",,6,14,","38.9",",6,30,+","0.0","6","0.0",",6","88.1",",,,6","0",",,,6","28.14",",6","34.58",",,,6","21.70",",,,6"
"USC00346130","1941-08","35.778","-95.3338","157.9","MUSKOGEE, OK US","927.6","6","278.5","1,6","12",",6","5",",6","1",",6","","","0",",6","0","1,6","0","1,6","0",",6","31",",6","24",",6","","","19410820",",1,6","","","19410831","+,,6","","","19410827",",,6","19410801",",,6","15.6","1,6,20,","","","0",",,6,31,+","41.9",",,6,27,","38.3",",6,01,","0.0","6","0.0",",6","90.8",",,,6","0",",,,6","27.67","1,6","33.99",",,,6","21.35","1,,,6"
"USC00346130","1941-09","35.778","-95.3338","157.9","MUSKOGEE, OK US","1109.5","6","181.9",",6","6",",6","5",",6","3",",6","","","0",",6","0",",6","0",",6","0",",6","30",",6","10",",6","","","19410926",",,6","","","19410930","+,,6","","","19410905",",,6","19410906","+,,6","7.8",",6,26,","","","0",",,6,30,+","56.9",",,6,05,","34.4",",6,06,+","2.8","6","2.8",",6","124.3",",,,6","0",",,,6","24.30",",6","30.12",",,,6","18.48",",,,6"
"USC00346130","1941-10","35.778","-95.3338","157.9","MUSKOGEE, OK US","1206.7","6","97.2",",6","18",",6","12",",6","5",",6","","","","","0",",6","0",",6","0",",6","24",",6","0",",6","","","19411028",",,6","","","","","","","19411030",",,6","19411021","+,,6","1.1",",6,28,","","","","","104.6",",,6,30,","31.7",",6,21,+","55.9","6","53.1",",6","416.7",",,,6","","","19.76",",6","24.28",",,,6","15.23",",,,6"
"USC00346130","1941-11","35.778","-95.3338","157.9","MUSKOGEE, OK US","1208.9","6","2.2",",6","5",",6","3",",6","2",",6","","","0",",6","0",",6","7",",6","0",",6","8",",6","0",",6","","","19411124",",,6","","","19411130","+,,6","","","19411119",",,6","19411116",",,6","-5.0",",6,24,","","","0",",,6,30,+","34.8",",,6,19,","27.8",",6,16,","293.4","6","237.5",",6","70.4",",,,6","0",",,,6","10.49",",6","16.83",",,,6","4.15",",,,6"
"USC00346130","1941-12","35.778","-95.3338","157.9","MUSKOGEE, OK US","1208.9","6","0.0",",6","6",",6","4",",6","0",",6","","","0",",6","0",",6","12",",6","0",",6","0",",6","0",",6","","","19411229","+,,6","","","19411231","+,,6","","","19411212",",,6","19411220","+,,6","-4.4",",6,29,+","","","0",",,6,31,+","14.7",",,6,12,","19.4",",6,20,+","636.8","6","343.4",",6","44.9",",,,6","0",",,,6","7.25",",6","12.64",",,,6","1.87",",,,6"
"USC00346130","1942-01","35.778","-95.3338","157.9","MUSKOGEE, OK US","0.0","6","0.0",",6","6",",6","1",",6","0",",6","","","0",",6","0",",6","22",",6","6",",6","2",",6","0",",6","","","19420105",",,6","","","19420104",",,6","","","19420130",",,6","19420123",",,6","-15.6",",6,05,","","","18",",,6,04,","17.5",",,6,30,","23.3",",6,23,","1099.4","6","462.6",",6","21.6",",,,6","26",",,,6","3.41",",6","10.00",",,,6","-3.17",",,,6"
"USC00346130","1942-02","35.778","-95.3338","157.9","MUSKOGEE, OK US","0.0","6","0.0",",6","7",",6","4",",6","0",",6","","","0",",6","0",",6","15",",6","1",",6","2",",6","0",",6","","","19420218",",,6","","","19420218",",,6","","","19420215",",,6","19420205",",,6","-13.3",",6,18,","","","20",",,6,18,","17.5",",,6,15,","24.4",",6,05,","1461.7","6","362.3",",6","43.3",",,,6","33",",,,6","5.39",",6","10.84",",,,6","-0.05",",,,6"
"USC00346130","1942-03","35.778","-95.3338","157.9","MUSKOGEE, OK US","0.6","6","0.6",",6","8",",6","3",",6","0",",6","","","0",",6","0",",6","8",",6","0",",6","8",",6","0",",6","","","19420303",",,6","","","19420301",",,6","","","19420312",",,6","19420315",",,6","-3.3",",6,03,","","","13",",,6,01,","13.7",",,6,12,","25.0",",6,15,","1688.0","6","226.3",",6","31.0",",,,6","13",",,,6","11.05",",6","17.81",",,,6","4.29",",,,6"
"USC00346130","1942-04","35.778","-95.3338","157.9","MUSKOGEE, OK US","39.7","6","39.1",",6","11",",6","8",",6","3",",6","","","0",",6","0",",6","0",",6","0",",6","24",",6","0",",6","","","19420401",",,6","","","19420430","+,,6","","","19420425",",,6","19420417",",,6","1.7",",6,01,","","","0",",,6,30,+","64.8",",,6,25,","29.4",",6,17,","1743.6","6","55.6",",6","201.6",",,,6","0",",,,6","17.79",",6","23.57",",,,6","12.00",",,,6"
"USC00346130","1942-05","35.778","-95.3338","157.9","MUSKOGEE, OK US","117.5","6","77.8",",6","10",",6","6",",6","2",",6","","","","","0",",6","0",",6","0",",6","30",",6","2",",6","","","19420504",",,6","","","","","","","19420520",",,6","19420531","+,,6","4.4",",6,04,","","","","","38.4",",,6,20,","32.8",",6,31,+","1770.0","6","26.4",",6","116.3",",,,6","","","19.99",",6","25.82",",,,6","14.17",",,,6"
"USC00346130","1942-06","35.778","-95.3338","157.9","MUSKOGEE, OK US","322.0","6","204.5",",6","16",",6","11",",6","1",",6","","","","","0",",6","0",",6","0",",6","30",",6","13",",6","","","19420614",",,6","","","","","","","19420625",",,6","19420629",",,6","11.1",",6,14,","","","","","26.2",",,6,25,","35.0",",6,29,","1770.3","6","0.3",",6","171.8",",,,6","","","25.14",",6","30.43",",,,6","19.85",",,,6"
"USC00346130","1942-07","35.778","-95.3338","157.9","MUSKOGEE, OK US","596.5","6","274.5",",6","4",",6","3",",6","2",",6","","","0",",6","0",",6","0",",6","0",",6","31",",6","24",",6","","","19420723",",,6","","","19420731","+,,6","","","19420710",",,6","19420731",",,6","15.6",",6,23,","","","0",",,6,31,+","66.0",",,6,10,","36.7",",6,31,","0.0","6","0.0",",6","111.6",",,,6","0",",,,6","27.19",",6","33.42",",,,6","20.95",",,,6"
"USC00346130","1942-08","35.778","-95.3338","157.9","MUSKOGEE, OK US","857.3","6","260.8",",6","6",",6","6",",6","2",",6","","","","","0",",6","0",",6","0",",6","31",",6","22",",6","","","19420829","+,,6","","","","","","","19420804",",,6","19420802",",,6","17.8",",6,29,+","","","","","52.3",",,6,04,","38.3",",6,02,","0.0","6","0.0",",6","130.8",",,,6","","","26.75",",6","32.42",",,,6","21.08",",,,6"
"USC00346130","1942-09","35.778","-95.3338","157.9","MUSKOGEE, OK US","1008.5","6","151.2",",6","13",",6","10",",6","1",",6","","","0",",6","0",",6","0",",6","0",",6","28",",6","10",",6","","","19420927",",,6","","","19420930","+,,6","","","19420926",",,6","19420912","+,,6","1.1",",6,27,","","","0",",,6,30,+","27.9",",,6,26,","35.0",",6,12,+","31.3","6","31.3",",6","147.6",",,,6","0",",,,6","22.33",",6","28.89",",,,6","15.77",",,,6"
"USC00346130","1942-10","35.778","-95.3338","157.9","MUSKOGEE, OK US","1036.7","6","28.2",",6","10",",6","5",",6","1",",6","","","0",",6","0",",6","1",",6","0",",6","24",",6","0",",6","","","19421026",",,6","","","19421031","+,,6","","","19421030",",,6","19421010","+,,6","-2.2",",6,26,","","","0",",,6,31,+","68.1",",,6,30,","30.0",",6,10,+","88.4","6","57.1",",6","108.9",",,,6","0",",,,6","17.40",",6","24.01",",,,6","10.79",",,,6"
"USC00346130","1942-11","35.778","-95.3338","157.9","MUSKOGEE, OK US","1050.1","6","13.4",",6","8",",6","5",",6","3",",6","","","0",",6","0",",6","6",",6","0",",6","14",",6","0",",6","","","19421130",",,6","","","19421130","+,,6","","","19421105",",,6","19421119","+,,6","-4.4",",6,30,","","","0",",,6,30,+","37.6",",,6,05,","26.1",",6,19,+","273.2","6","184.8",",6","128.3",",,,6","0",",,,6","12.62",",6","18.61",",,,6","6.63",",,,6"
"USC00346130","1942-12","35.778","-95.3338","157.9","MUSKOGEE, OK US","1050.1","6","0.0",",6","13",",6","5",",6","1",",6","","","1",",6","0",",6","15",",6","0",",6","1",",6","0",",6","","","19421202",",,6","","","19421205",",,6","","","19421226",",,6","19421217",",,6","-4.4",",6,02,","","","25",",,6,05,","67.1",",,6,26,","21.1",",6,17,","659.1","6","385.9",",6","114.5",",,,6","25",",,,6","5.88",",6","10.41",",,,6","1.36",",,,6"
"USC00346130","1943-01","35.778","-95.3338","157.9","MUSKOGEE, OK US","0.0","6","0.0",",6","2",",6","0",",6","0",",6","","","0",",6","1",",6","19",",6","2",",6","3",",6","0",",6","","","19430119",",,6","","","19430119",",,6","","","19430107","+,,6","19430124",",,6","-19.4",",6,19,","","","0",",T,6,19,","0.3",",,6,07,+","27.2",",6,24,","1097.5","6","438.4",",6","0.6",",,,6","0",",T,,6","4.19",",6","11.02",",,,6","-2.64",",,,6"
"USC00346130","1943-02","35.778","-95.3338","157.9","MUSKOGEE, OK US","0.0","6","0.0",",6","1",",6","1",",6","0",",6","","","0",",6","0",",6","10",",6","0",",6","7",",6","0",",6","","","19430216",",,6","","","19430228","+,,6","","","19430203",",,6","19430220",",,6","-7.8",",6,16,","","","0",",,6,28,+","23.6",",,6,03,","23.9",",6,20,","1364.9","6","267.4",",6","23.6",",,,6","0",",,,6","8.78",",6","15.97",",,,6","1.59",",,,6"
"USC00346130","1943-03","35.778","-95.3338","157.9","MUSKOGEE, OK US","5.9","6","5.9",",6","9",",6","7",",6","1",",6","","","1",",6","0",",6","14",",6","0",",6","7",",6","0",",6","","","19430303",",,6","","","19430302",",,6","","","19430326",",,6","19430329",",,6","-16.7",",6,03,","","","71",",,6,02,","46.2",",,6,26,","27.8",",6,29,","1687.3","6","322.4",",6","90.1",",,,6","79",",,,6","8.12",",6","14.63",",,,6","1.62",",,,6"
"USC00346130","1943-04","35.778","-95.3338","157.9","MUSKOGEE, OK US","56.0","6","50.1",",6","5",",6","3",",6","1",",6","","","0",",6","0",",6","0",",6","0",",6","25",",6","0",",6","","","19430420",",,6","","","19430430","+,,6","","","19430411",",,6","19430425",",,6","2.2",",6,20,","","","0",",,6,30,+","26.2",",,6,11,","31.7",",6,25,","1738.6","6","51.3",",6","68.6",",,,6","0",",,,6","18.29",",6","24.89",",,,6","11.69",",,,6"
"USC00346130","1943-05","35.778","-95.3338","157.9","MUSKOGEE, OK US","147.6","6","91.6",",6","14",",6","9",",6","4",",6","","","","","0",",6","0",",6","0",",6","27",",6","2",",6","","","19430508","+,,6","","","","","","","19430510",",,6","19430502",",,6","8.3",",6,08,+","","","","","175.8",",,6,10,","34.4",",6,02,","1754.4","6","15.8",",6","415.7",",,,6","","","20.78",",6","26.11",",,,6","15.44",",,,6"
"USC00346130","1943-06","35.778","-95.3338","157.9","MUSKOGEE, OK US","399.1","6","251.5",",6","8",",6","6",",6","2",",6","","","0",",6","0",",6","0",",6","0",",6","30",",6","17",",6","","","19430630",",,6","","","19430630","+,,6","","","19430607",",,6","19430627","+,,6","13.3",",6,30,","","","0",",,6,30,+","57.7",",,6,07,","35.0",",6,27,+","1754.4","6","0.0",",6","144.0",",,,6","0",",,,6","26.72",",6","31.94",",,,6","21.49",",,,6"
"USC00346130","1943-07","35.778","-95.3338","157.9","MUSKOGEE, OK US","731.2","6","332.1","1,6","1",",6","0",",6","0",",6","","","0",",6","0","1,6","0","1,6","0",",6","31",",6","30",",6","","","19430702","+,1,6","","","19430731","+,,6","","","19430726",",,6","19430724","+,,6","16.7","1,6,02,+","","","0",",,6,31,+","0.3",",,6,26,","41.1",",6,24,+","0.0","6","0.0",",6","0.3",",,,6","0",",,,6","29.35","1,6","36.43",",,,6","22.27","1,,,6"
"USC00346130","1943-08","35.778","-95.3338","157.9","MUSKOGEE, OK US","1117.8","6","386.6",",6","3",",6","3",",6","0",",6","","","","","0",",6","0",",6","0",",6","31",",6","29",",6","","","19430818",",,6","","","","","","","19430806",",,6","19430816","+,,6","12.8",",6,18,","","","","","10.7",",,6,06,","41.7",",6,16,+","0.0","6","0.0",",6","28.7",",,,6","","","30.80",",6","38.53",",,,6","23.07",",,,6"
"USC00346130","1943-09","35.778","-95.3338","157.9","MUSKOGEE, OK US","1249.0","6","131.2",",6","9",",6","5",",6","1",",6","","","0",",6","0",",6","0",",6","0",",6","30",",6","9",",6","","","19430918","+,,6","","","19430930","+,,6","","","19430904",",,6","19430915","+,,6","10.0",",6,18,+","","","0",",,6,30,+","36.3",",,6,04,","36.7",",6,15,+","0.5","6","0.5",",6","68.5",",,,6","0",",,,6","22.69",",6","29.67",",,,6","15.71",",,,6"
"USC00346130","1943-10","35.778","-95.3338","157.9","MUSKOGEE, OK US","1266.9","6","17.9",",6","8",",6","6",",6","2",",6","","","0",",6","0",",6","0",",6","0",",6","23",",6","0",",6","","","19431027",",,6","","","19431031","+,,6","","","19431013",",,6","19431010",",,6","0.6",",6,27,","","","0",",,6,31,+","40.1",",,6,13,","28.9",",6,10,","84.0","6","83.5",",6","101.1",",,,6","0",",,,6","16.22",",6","22.82",",,,6","9.61",",,,6"
"USC00346130","1943-11","35.778","-95.3338","157.9","MUSKOGEE, OK US","1266.9","6","0.0",",6","2",",6","1",",6","0",",6","","","0",",6","0",",6","8",",6","0",",6","7",",6","0",",6","","","19431110",",,6","","","19431130","+,,6","","","19431101",",,6","19431121","+,,6","-4.4",",6,10,","","","0",",,6,30,+","4.6",",,6,01,","25.6",",6,21,+","331.4","6","247.4",",6","4.9",",,,6","0",",,,6","10.09",",6","17.21",",,,6","2.96",",,,6"
"USC00346130","1943-12","35.778","-95.3338","157.9","MUSKOGEE, OK US","1266.9","6","0.0",",6","8",",6","6",",6","1",",6","","","0",",6","0",",6","20",",6","2",",6","0",",6","0",",6","","","19431215",",,6","","","19431228",",,6","","","19431227",",,6","19431201",",,6","-15.0",",6,15,","","","8",",,6,28,","34.5",",,6,27,","17.2",",6,01,","787.4","6","456.0",",6","89.4",",,,6","8",",,,6","3.62",",6","8.57",",,,6","-1.33",",,,6"
"USC00346130","1944-01","35.778","-95.3338","157.9","MUSKOGEE, OK US","0.6","6","0.6",",6","5",",6","4",",6","0",",6","","","2",",6","1",",6","19",",6","1",",6","1",",6","0",",6","","","19440109",",,6","","","19440107",",,6","","","19440127",",,6","19440125",",,6","-17.8",",6,09,","","","89",",,6,07,","22.6",",,6,27,","22.8",",6,25,","1200.8","6","413.4",",6","52.6",",,,6","125",",,,6","5.01",",6","10.68",",,,6","-0.65",",,,6"
"USC00346130","1944-02","35.778","-95.3338","157.9","MUSKOGEE, OK US","4.2","6","3.6",",6","10",",6","7",",6","1",",6","","","1",",6","0",",6","9",",6","0",",6","3",",6","0",",6","","","19440212",",,6","","","19440214",",,6","","","19440228",",,6","19440225",",,6","-8.9",",6,12,","","","102",",,6,14,","34.3",",,6,28,","27.2",",6,25,","1498.7","6","297.9",",6","98.7",",,,6","102",",,,6","8.18",",6","13.53",",,,6","2.84",",,,6"
"USC00346130","1944-03","35.778","-95.3338","157.9","MUSKOGEE, OK US","6.7","6","2.5",",6","11",",6","5",",6","2",",6","","","1",",6","0",",6","6",",6","0",",6","6",",6","0",",6","","","19440308",",,6","","","19440319",",,6","","","19440315",",,6","19440314",",,6","-4.4",",6,08,","","","33",",,6,19,","72.9",",,6,15,","26.1",",6,14,","1744.0","6","245.3",",6","147.1",",,,6","33",",,,6","10.50",",6","16.86",",,,6","4.14",",,,6"
"USC00346130","1944-04","35.778","-95.3338","157.9","MUSKOGEE, OK US","25.8","6","19.1",",6","9",",6","6",",6","1",",6","","","0",",6","0",",6","0",",6","0",",6","19",",6","0",",6","","","19440403",",,6","","","19440430","+,,6","","","19440430",",,6","19440421",",,6","0.6",",6,03,","","","0",",,6,30,+","37.6",",,6,30,","30.0",",6,21,","1843.3","6","99.3",",6","72.0",",,,6","0",",,,6","15.66",",6","21.87",",,,6","9.45",",,,6"
"USC00346130","1944-05","35.778","-95.3338","157.9","MUSKOGEE, OK US","146.1","6","120.3",",6","9",",6","6",",6","2",",6","","","0",",6","0",",6","0",",6","0",",6","27",",6","1",",6","","","19440506",",,6","","","19440531","+,,6","","","19440509",",,6","19440531",",,6","2.8",",6,06,","","","0",",,6,31,+","46.5",",,6,09,","32.2",",6,31,","1870.2","6","26.9",",6","115.9",",,,6","0",",,,6","21.35",",6","27.01",",,,6","15.69",",,,6"
"USC00346130","1944-06","35.778","-95.3338","157.9","MUSKOGEE, OK US","389.7","6","243.6",",6","8",",6","5",",6","2",",6","","","0",",6","0",",6","0",",6","0",",6","30",",6","17",",6","","","19440607",",,6","","","19440630","+,,6","","","19440609",",,6","19440625",",,6","12.8",",6,07,","","","0",",,6,30,+","125.0",",,6,09,","36.1",",6,25,","1870.2","6","0.0",",6","186.7",",,,6","0",",,,6","26.45",",6","32.00",",,,6","20.91",",,,6"
"USC00346130","1944-07","35.778","-95.3338","157.9","MUSKOGEE, OK US","672.3","6","282.6",",6","7",",6","5",",6","1",",6","","","0",",6","0",",6","0",",6","0",",6","31",",6","27",",6","","","19440722","+,,6","","","19440731","+,,6","","","19440728",",,6","19440726","+,,6","15.6",",6,22,+","","","0",",,6,31,+","37.6",",,6,28,","38.3",",6,26,+","0.0","6","0.0",",6","72.2",",,,6","0",",,,6","27.45",",6","34.23",",,,6","20.67",",,,6"
"USC00346130","1944-08","35.778","-95.3338","157.9","MUSKOGEE, OK US","967.6","6","295.3",",6","10",",6","5",",6","1",",6","","","0",",6","0",",6","0",",6","0",",6","31",",6","24",",6","","","19440831",",,6","","","19440831","+,,6","","","19440826",",,6","19440813","+,,6","13.3",",6,31,","","","0",",,6,31,+","52.1",",,6,26,","38.9",",6,13,+","0.0","6","0.0",",6","101.2",",,,6","0",",,,6","27.86",",6","34.39",",,,6","21.33",",,,6"
"USC00346130","1944-09","35.778","-95.3338","157.9","MUSKOGEE, OK US","1112.2","6","144.6",",6","5",",6","3",",6","1",",6","","","0",",6","0",",6","0",",6","0",",6","29",",6","12",",6","","","19440908",",,6","","","19440930","+,,6","","","19440905",",,6","19440921",",,6","10.6",",6,08,","","","0",",,6,30,+","29.7",",,6,05,","36.1",",6,21,","0.8","6","0.8",",6","47.0",",,,6","0",",,,6","23.13",",6","29.97",",,,6","16.28",",,,6"
"USC00346130","1944-10","35.778","-95.3338","157.9","MUSKOGEE, OK US","1157.8","6","45.6",",6","5",",6","3",",6","1",",6","","","0",",6","0",",6","0",",6","0",",6","28",",6","3",",6","","","19441013","+,,6","","","19441031","+,,6","","","19441003",",,6","19441006",",,6","3.3",",6,13,+","","","0",",,6,31,+","44.7",",,6,03,","33.3",",6,06,","34.6","6","33.8",",6","88.1",",,,6","0",",,,6","18.71",",6","26.66",",,,6","10.77",",,,6"
"USC00346130","1944-11","35.778","-95.3338","157.9","MUSKOGEE, OK US","1171.7","6","13.9",",6","11",",6","6",",6","2",",6","","","0",",6","0",",6","6",",6","0",",6","12",",6","0",",6","","","19441127",",,6","","","19441130","+,,6","","","19441107",",,6","19441101",",,6","-4.4",",6,27,","","","0",",,6,30,+","27.4",",,6,07,","27.8",",6,01,","241.1","6","206.5",",6","87.6",",,,6","0",",,,6","11.91",",6","16.72",",,,6","7.11",",,,6"
"USC00346130","1944-12","35.778","-95.3338","157.9","MUSKOGEE, OK US","1171.7","6","0.0",",6","12",",6","5",",6","1",",6","","","0",",6","0",",6","22",",6","1",",6","0",",6","0",",6","","","19441212",",,6","","","19441221","+,,6","","","19441205",",,6","19441220",",,6","-8.9",",6,12,","","","5",",,6,21,+","25.9",",,6,05,","17.2",",6,20,","707.6","6","466.5",",6","48.5",",,,6","10",",,,6","3.28",",6","7.99",",,,6","-1.42",",,,6"
"USC00346130","1945-01","35.778","-95.3338","157.9","MUSKOGEE, OK US","0.0","6","0.0",",6","8",",6","5",",6","0",",6","","","2",",6","0",",6","17",",6","1",",6","1",",6","0",",6","","","19450109",",,6","","","19450102",",,6","","","19450118",",,6","19450113",",,6","-9.4",",6,09,","","","43",",,6,02,","15.0",",,6,18,","21.1",",6,13,","1137.3","6","429.7",",6","32.1",",,,6","94",",,,6","4.47",",6","9.73",",,,6","-0.79",",,,6"
"USC00346130","1945-02","35.778","-95.3338","157.9","MUSKOGEE, OK US","0.0","6","0.0",",6","11",",6","9",",6","2",",6","","","2",",6","0",",6","11",",6","0",",6","2",",6","0",",6","","","19450228","+,,6","","","19450227",",,6","","","19450221",",,6","19450215",",,6","-5.0",",6,28,+","","","109",",,6,27,","40.1",",,6,21,","25.0",",6,15,","1469.6","6","332.3",",6","141.1",",,,6","173",",,,6","6.46",",6","11.75",",,,6","1.18",",,,6"
"USC00346130","1945-03","35.778","-95.3338","157.9","MUSKOGEE, OK US","9.8","6","9.8",",6","13",",6","10",",6","3",",6","","","0",",6","0",",6","5",",6","0",",6","15",",6","0",",6","","","19450307",",,6","","","19450331","+,,6","","","19450318",",,6","19450326",",,6","-5.0",",6,07,","","","0",",,6,31,+","70.6",",,6,18,","27.8",",6,26,","1626.3","6","156.7",",6","230.9",",,,6","0",",,,6","13.60",",6","19.55",",,,6","7.64",",,,6"
"USC00346130","1945-04","35.778","-95.3338","157.9","MUSKOGEE, OK US","27.6","6","17.8",",6","16",",6","11",",6","3",",6","","","0",",6","0",",6","1",",6","0",",6","15",",6","0",",6","","","19450405",",,6","","","19450430","+,,6","","","19450414",",,6","19450403",",,6","-2.2",",6,05,","","","0",",,6,30,+","129.8",",,6,14,","28.9",",6,03,","1722.7","6","96.4",",6","331.0",",,,6","0",",,,6","15.71",",6","21.08",",,,6","10.34",",,,6"
"USC00346130","1945-05","35.778","-95.3338","157.9","MUSKOGEE, OK US","104.9","6","77.3",",6","11",",6","6",",6","1",",6","","","0",",6","0",",6","0",",6","0",",6","24",",6","0",",6","","","19450505",",,6","","","19450531","+,,6","","","19450515",",,6","19450526",",,6","4.4",",6,05,","","","0",",,6,31,+","28.4",",,6,15,","31.7",",6,26,","1783.3","6","60.6",",6","75.7",",,,6","0",",,,6","18.87",",6","24.28",",,,6","13.46",",,,6"
"USC00346130","1945-06","35.778","-95.3338","157.9","MUSKOGEE, OK US","244.4","6","139.5",",6","14",",6","11",",6","4",",6","","","0",",6","0",",6","0",",6","0",",6","30",",6","1",",6","","","19450618",",,6","","","19450630","+,,6","","","19450611",",,6","19450630",",,6","11.1",",6,18,","","","0",",,6,30,+","60.2",",,6,11,","32.2",",6,30,","1784.4","6","1.1",",6","234.5",",,,6","0",",,,6","22.95",",6","27.31",",,,6","18.58",",,,6"
"USC00346130","1945-07","35.778","-95.3338","157.9","MUSKOGEE, OK US","460.0","6","215.6",",6","7",",6","5",",6","2",",6","","","0",",6","0",",6","0",",6","0",",6","31",",6","11",",6","","","19450703",",,6","","","19450731","+,,6","","","19450702",",,6","19450723",",,6","15.0",",6,03,","","","0",",,6,31,+","35.8",",,6,02,","35.6",",6,23,","0.0","6","0.0",",6","94.3",",,,6","0",",,,6","25.29",",6","30.41",",,,6","20.16",",,,6"
"USC00346130","1945-08","35.778","-95.3338","157.9","MUSKOGEE, OK US","721.5","6","261.5",",6","6",",6","4",",6","0",",6","","","0",",6","0",",6","0",",6","0",",6","31",",6","21",",6","","","19450828",",,6","","","19450831","+,,6","","","19450819",",,6","19450813",",,6","15.0",",6,28,","","","0",",,6,31,+","8.9",",,6,19,","37.2",",6,13,","0.0","6","0.0",",6","26.0",",,,6","0",",,,6","26.77",",6","33.04",",,,6","20.49",",,,6"
"USC00346130","1945-09","35.778","-95.3338","157.9","MUSKOGEE, OK US","889.0","6","167.5",",6","10",",6","7",",6","4",",6","","","0",",6","0",",6","0",",6","0",",6","28",",6","14",",6","","","19450915",",,6","","","19450930","+,,6","","","19450926",",,6","19450901",",,6","8.9",",6,15,","","","0",",,6,30,+","67.1",",,6,26,","38.3",",6,01,","10.6","6","10.6",",6","241.3",",,,6","0",",,,6","23.57",",6","30.00",",,,6","17.13",",,,6"
"USC00346130","1945-10","35.778","-95.3338","157.9","MUSKOGEE, OK US","904.0","6","15.0",",6","8",",6","4",",6","1",",6","","","0",",6","0",",6","0",",6","0",",6","23",",6","0",",6","","","19451025",",,6","","","19451031","+,,6","","","19451022",",,6","19451013",",,6","1.1",",6,25,","","","0",",,6,31,+","26.2",",,6,22,","28.9",",6,13,","76.9","6","66.3",",6","54.0",",,,6","0",",,,6","16.68",",6","23.25",",,,6","10.11",",,,6"
"USC00346130","1945-11","35.778","-95.3338","157.9","MUSKOGEE, OK US","919.8","6","15.8","1,6","6",",6","3",",6","0",",6","","","0",",6","0","1,6","7","1,6","0",",6","12",",6","0",",6","","","19451123",",1,6","","","19451130","+,,6","","","19451112",",,6","19451106","+,,6","-3.9","1,6,23,","","","0",",,6,30,+","9.9",",,6,12,","29.4",",6,06,+","273.9","6","197.0",",6","21.6",",,,6","0",",,,6","12.11","1,6","19.33",",,,6","4.90","1,,,6"
"USC00346130","1945-12","35.778","-95.3338","157.9","MUSKOGEE, OK US","919.8","6","0.0",",6","7",",6","2",",6","0",",6","","","0",",6","0",",6","24",",6","2",",6","0",",6","0",",6","","","19451219",",,6","","","19451218",",,6","","","19451201",",,6","19451208","+,,6","-15.6",",6,19,","","","13",",,6,18,","3.0",",,6,01,","18.9",",6,08,+","763.2","6","489.3",",6","11.0",",,,6","13",",,,6","2.55",",6","7.83",",,,6","-2.73",",,,6"
"USC00346130","1946-01","35.778","-95.3338","157.9","MUSKOGEE, OK US","0.0","6","0.0",",6","11",",6","7",",6","1",",6","","","0",",6","0",",6","17",",6","0",",6","0",",6","0",",6","","","19460127",",,6","","","19460131","+,,6","","","19460105",",,6","19460125",",,6","-10.0",",6,27,","","","0",",,6,31,+","44.5",",,6,05,","20.0",",6,25,","1193.0","6","429.8",",6","110.0",",,,6","0",",,,6","4.47",",6","9.44",",,,6","-0.51",",,,6"
"USC00346130","1946-02","35.778","-95.3338","157.9","MUSKOGEE, OK US","0.0","6","0.0",",6","7",",6","4",",6","2",",6","","","1",",6","0",",6","11",",6","0",",6","3",",6","0",",6","","","19460214",",,6","","","19460213",",,6","","","19460213",",,6","19460225",",,6","-7.8",",6,14,","","","38",",,6,13,","34.8",",,6,13,","23.9",",6,25,","1447.3","6","254.3",",6","87.1",",,,6","43",",,,6","9.25",",6","16.15",",,,6","2.36",",,,6"
"USC00346130","1946-03","35.778","-95.3338","157.9","MUSKOGEE, OK US","11.9","6","11.9",",6","9",",6","6",",6","1",",6","","","0",",6","0",",6","2",",6","0",",6","15",",6","1",",6","","","19460310",",,6","","","19460331","+,,6","","","19460316",",,6","19460331",",,6","-1.1",",6,10,","","","0",",,6,31,+","29.2",",,6,16,","32.8",",6,31,","1568.5","6","121.2",",6","86.6",",,,6","0",",,,6","14.81",",6","20.48",",,,6","9.13",",,,6"
"USC00346130","1946-04","35.778","-95.3338","157.9","MUSKOGEE, OK US","58.7","6","46.8",",6","7",",6","7",",6","2",",6","","","0",",6","0",",6","0",",6","0",",6","25",",6","2",",6","","","19460417","+,,6","","","19460430","+,,6","","","19460429",",,6","19460401",",,6","3.9",",6,17,+","","","0",",,6,30,+","44.7",",,6,29,","33.9",",6,01,","1603.5","6","35.0",",6","137.2",",,,6","0",",,,6","18.73",",6","25.20",",,,6","12.25",",,,6"
"USC00346130","1946-05","35.778","-95.3338","157.9","MUSKOGEE, OK US","108.2","6","49.5",",6","14",",6","10",",6","1",",6","","","0",",6","0",",6","0",",6","0",",6","30",",6","0",",6","","","19460512",",,6","","","19460531","+,,6","","","19460523",",,6","19460530",",,6","4.4",",6,12,","","","0",",,6,31,+","50.3",",,6,23,","30.0",",6,30,","1628.2","6","24.7",",6","195.6",",,,6","0",",,,6","19.13",",6","25.02",",,,6","13.25",",,,6"
"USC00346130","1946-06","35.778","-95.3338","157.9","MUSKOGEE, OK US","294.6","6","186.4",",6","7",",6","6",",6","1",",6","","","0",",6","0",",6","0",",6","0",",6","29",",6","12",",6","","","19460604",",,6","","","19460630","+,,6","","","19460626",",,6","19460625","+,,6","10.0",",6,04,","","","0",",,6,30,+","73.2",",,6,26,","35.0",",6,25,+","1633.2","6","5.0",",6","115.6",",,,6","0",",,,6","24.38",",6","30.18",",,,6","18.57",",,,6"
"USC00346130","1946-07","35.778","-95.3338","157.9","MUSKOGEE, OK US","601.1","6","306.5",",6","2",",6","2",",6","0",",6","","","0",",6","0",",6","0",",6","0",",6","31",",6","28",",6","","","19460704",",,6","","","19460731","+,,6","","","19460712",",,6","19460727",",,6","17.2",",6,04,","","","0",",,6,31,+","10.9",",,6,12,","38.3",",6,27,","0.0","6","0.0",",6","14.5",",,,6","0",",,,6","28.22",",6","34.99",",,,6","21.45",",,,6"
"USC00346130","1946-08","35.778","-95.3338","157.9","MUSKOGEE, OK US","892.0","6","290.9",",6","6",",6","2",",6","0",",6","","","0",",6","0",",6","0",",6","0",",6","31",",6","24",",6","","","19460830",",,6","","","19460831","+,,6","","","19460806",",,6","19460809",",,6","11.7",",6,30,","","","0",",,6,31,+","20.1",",,6,06,","40.6",",6,09,","0.0","6","0.0",",6","39.5",",,,6","0",",,,6","27.72",",6","34.95",",,,6","20.48",",,,6"
"USC00346130","1946-09","35.778","-95.3338","157.9","MUSKOGEE, OK US","1054.9","6","162.9",",6","7",",6","2",",6","0",",6","","","","","0",",6","0",",6","0",",6","30",",6","15",",6","","","19460930",",,6","","","","","","","19460923",",,6","19460906","+,,6","6.1",",6,30,","","","","","20.3",",,6,23,","36.1",",6,06,+","5.6","6","5.6",",6","29.1",",,,6","","","23.58",",6","31.16",",,,6","15.99",",,,6"
"USC00346130","1946-10","35.778","-95.3338","157.9","MUSKOGEE, OK US","1128.6","6","73.7",",6","8",",6","4",",6","0",",6","","","0",",6","0",",6","0",",6","0",",6","29",",6","1",",6","","","19461012",",,6","","","19461031","+,,6","","","19461023",",,6","19461008",",,6","1.1",",6,12,","","","0",",,6,31,+","18.8",",,6,23,","33.3",",6,08,","46.0","6","40.4",",6","37.9",",,,6","0",",,,6","19.41",",6","26.79",",,,6","12.03",",,,6"
"USC00346130","1946-11","35.778","-95.3338","157.9","MUSKOGEE, OK US","1130.0","6","1.4",",6","11",",6","9",",6","2",",6","","","0",",6","0",",6","6",",6","0",",6","3",",6","0",",6","","","19461118",",,6","","","19461130","+,,6","","","19461102",",,6","19461101",",,6","-2.8",",6,18,","","","0",",,6,30,+","69.3",",,6,02,","23.3",",6,01,","261.1","6","215.1",",6","210.6",",,,6","0",",,,6","11.21",",6","17.10",",,,6","5.32",",,,6"
"USC00346130","1946-12","35.778","-95.3338","157.9","MUSKOGEE, OK US","1130.6","6","0.6",",6","5",",6","5",",6","3",",6","","","0",",6","0",",6","11",",6","2",",6","6",",6","0",",6","","","19461230",",,6","","","19461231",",,6","","","19461209",",,6","19461227","+,,6","-11.7",",6,30,","","","0",",T,6,31,","76.5",",,6,09,","23.9",",6,27,+","547.7","6","286.6",",6","171.5",",,,6","0",",T,,6","9.11",",6","14.54",",,,6","3.67",",,,6"
"USC00346130","1947-01","35.778","-95.3338","157.9","MUSKOGEE, OK US","0.0","6","0.0",",6","6",",6","3",",6","0",",6","","","2",",6","1",",6","17",",6","3",",6","2",",6","0",",6","","","19470104",",,6","","","19470102",",,6","","","19470102",",,6","19470129",",,6","-19.4",",6,04,","","","51",",,6,02,","7.9",",,6,02,","25.0",",6,29,","947.3","6","399.6",",6","20.9",",,,6","76",",,,6","5.44",",6","11.13",",,,6","-0.25",",,,6"
"USC00346130","1947-02","35.778","-95.3338","157.9","MUSKOGEE, OK US","0.0","6","0.0",",6","1",",6","0",",6","0",",6","","","0",",6","0",",6","19",",6","0",",6","1",",6","0",",6","","","19470209",",,6","","","19470228",",,6","","","19470228",",,6","19470215",",,6","-11.1",",6,09,","","","0",",T,6,28,","1.5",",,6,28,","23.9",",6,15,","1360.3","6","413.0",",6","1.5",",,,6","0",",T,,6","3.58",",6","10.28",",,,6","-3.11",",,,6"
"USC00346130","1947-03","35.778","-95.3338","157.9","MUSKOGEE, OK US","0.0","6","0.0",",6","7",",6","2",",6","0",",6","","","0",",6","0",",6","13",",6","0",",6","3",",6","0",",6","","","19470302",",,6","","","19470314",",,6","","","19470313",",,6","19470322",",,6","-8.9",",6,02,","","","0",",T,6,14,","19.3",",,6,13,","23.3",",6,22,","1690.9","6","330.6",",6","33.8",",,,6","0",",T,,6","7.67",",6","13.75",",,,6","1.59",",,,6"
"USC00346130","1947-04","35.778","-95.3338","157.9","MUSKOGEE, OK US","17.0","6","17.0",",6","17",",6","9",",6","2",",6","","","0",",6","0",",6","0",",6","0",",6","21",",6","0",",6","","","19470417",",,6","","","19470430","+,,6","","","19470425",",,6","19470429",",,6","1.7",",6,17,","","","0",",,6,30,+","37.6",",,6,25,","29.4",",6,29,","1758.8","6","67.9",",6","159.7",",,,6","0",",,,6","16.64",",6","22.53",",,,6","10.74",",,,6"
"USC00346130","1947-05","35.778","-95.3338","157.9","MUSKOGEE, OK US","76.2","6","59.2","1,6","15",",6","9",",6","1",",6","","","0",",6","0",",6","0",",6","0","1,6","28","1,6","1","1,6","","","19470530","+,,6","","","19470531","+,,6","","","19470516",",,6","19470514",",1,6","6.7",",6,30,+","","","0",",,6,31,+","36.3",",,6,16,","32.2","1,6,14,","1772.2","6","13.4","1,6","137.5",",,,6","0",",,,6","19.74","1,6","25.74","1,,,6","13.74",",,,6"
"USC00346130","1947-06","35.778","-95.3338","157.9","MUSKOGEE, OK US","278.3","6","202.1",",6","11",",6","9",",6","4",",6","","","","","0",",6","0",",6","0",",6","30",",6","13",",6","","","19470614",",,6","","","","","","","19470621",",,6","19470630",",,6","9.4",",6,14,","","","","","96.5",",,6,21,","35.0",",6,30,","1772.8","6","0.6",",6","304.5",",,,6","","","25.05",",6","30.51",",,,6","19.59",",,,6"
"USC00346130","1947-07","35.778","-95.3338","157.9","MUSKOGEE, OK US","524.9","6","246.6",",6","4",",6","2",",6","0",",6","","","","","0",",6","0",",6","0",",6","31",",6","17",",6","","","19470723","+,,6","","","","","","","19470725",",,6","19470731",",,6","14.4",",6,23,+","","","","","5.6",",,6,25,","40.0",",6,31,","0.0","6","0.0",",6","12.0",",,,6","","","26.29",",6","32.98",",,,6","19.60",",,,6"
"USC00346130","1947-08","35.778","-95.3338","157.9","MUSKOGEE, OK US","900.3","6","375.4",",6","3",",6","0",",6","0",",6","","","","","0",",6","0",",6","0",",6","31",",6","30",",6","","","19470828",",,6","","","","","4","","19470811",",,6","19470809",",,6","21.7",",6,28,","","","","","1.0",",,6,11,","41.7",",6,09,","0.0","6","0.0",",6","2.6",",,,6","","","30.44",",6","37.26",",,,6","23.62",",,,6"
"USC00346130","1947-09","35.778","-95.3338","157.9","MUSKOGEE, OK US","1113.2","6","212.9",",6","5",",6","4",",6","2",",6","","","","","0",",6","0",",6","0",",6","30",",6","14",",6","","","19470923",",,6","","","","","2","","19470911",",,6","19470903",",,6","8.9",",6,23,","","","","","103.6",",,6,11,","42.2",",6,03,","2.5","6","2.5",",6","153.4",",,,6","","","25.35",",6","31.72",",,,6","18.97",",,,6"
"USC00346130","1947-10","35.778","-95.3338","157.9","MUSKOGEE, OK US","1194.6","6","81.4",",6","6",",6","4",",6","1",",6","","","","","0",",6","0",",6","0",",6","26",",6","0",",6","","","19471028",",,6","","","","","5","","19471018",",,6","19471005",",,6","7.8",",6,28,","","","","","55.6",",,6,18,","31.1",",6,05,","18.8","6","16.3",",6","108.6",",,,6","","","20.43",",6","26.19",",,,6","14.68",",,,6"
"USC00346130","1947-11","35.778","-95.3338","157.9","MUSKOGEE, OK US","1194.6","6","0.0",",6","11",",6","8",",6","1",",6","","","","","0",",6","8",",6","0",",6","0",",6","0",",6","","","19471130",",,6","","","","","2","","19471115",",,6","19471107",",,6","-3.9",",6,30,","","","","","32.3",",,6,15,","20.6",",6,07,","329.8","6","311.0",",6","78.2",",,,6","","","7.97",",6","12.59",",,,6","3.34",",,,6"
"USC00346130","1947-12","35.778","-95.3338","157.9","MUSKOGEE, OK US","1194.6","6","0.0",",6","5","1,6","4","1,6","0","1,6","","","","","0",",6","20",",6","1",",6","1",",6","0",",6","2","","19471225",",,6","","","","","1","","19471231",",1,6","19471230",",,6","-6.7",",6,25,","","","","","22.9","1,,6,31,","21.1",",6,30,","734.1","6","404.3",",6","53.0","1,,,6","","","5.29",",6","11.10",",,,6","-0.51",",,,6"
"USC00346130","1948-01","35.778","-95.3338","157.9","MUSKOGEE, OK US","0.0","0","0.0",",0","6",",0","4",",0","1",",0","7","1,0","2","1,0","0",",0","26",",0","10",",0","0",",0","0",",0","","","19480129","+,,0","19480129","+,1,0","19480125",",1,0","","","19480101",",,0","19480109",",,0","-14.4",",0,29,+","51","1,,0,29,+","58","1,,0,25,","32.8",",,0,01,","18.9",",0,09,","1302.4","0","568.3",",0","48.9",",,,0","127","1,,,0","0.00",",0","5.41",",,,0","-5.41",",,,0"
"USC00346130","1948-02","35.778","-95.3338","157.9","MUSKOGEE, OK US","0.0","0","0.0",",0","13",",0","7",",0","0",",0","4",",0","1",",0","0",",0","20",",0","4",",0","2",",0","0",",0","1","","19480214",",,0","19480213",",,0","19480213",",,0","","","19480226",",,0","19480218",",,0","-10.6",",0,14,","51",",,0,13,","51",",,0,13,","18.5",",,0,26,","23.3",",0,18,","1728.8","0","426.4",",0","91.3",",,,0","64",",,,0","3.63",",0","8.07",",,,0","-0.81",",,,0"
"USC00346130","1948-03","35.778","-95.3338","157.9","MUSKOGEE, OK US","6.1","0","6.1","2,0","13",",0","8",",0","2",",0","4",",0","1",",0","1","2,0","9","2,0","3",",0","9",",0","0",",0","","","19480312",",2,0","19480312","+,,0","19480311",",,0","4","","19480323",",,0","19480321",",,0","-18.9","2,0,12,","152",",,0,12,+","165",",,0,11,","45.2",",,0,23,","27.8",",0,21,","2012.1","0","283.3",",0","153.6",",,,0","173",",,,0","8.24","2,0","13.37",",,,0","3.10","2,,,0"
"USC00346130","1948-04","35.778","-95.3338","157.9","MUSKOGEE, OK US","62.4","0","56.3",",0","5",",0","4",",0","1",",0","0",",0","0",",0","0",",0","0",",0","0",",0","26",",0","0",",0","","","19480414",",,0","19480430","+,,0","19480430","+,,0","2","","19480410",",,0","19480417",",,0","2.8",",0,14,","0",",,0,30,+","0",",,0,30,+","39.6",",,0,10,","30.6",",0,17,","2055.5","0","43.4",",0","57.1",",,,0","0",",,,0","18.76",",0","25.37",",,,0","12.16",",,,0"
"USC00346130","1948-05","35.778","-95.3338","157.9","MUSKOGEE, OK US","137.7","0","75.3",",0","11",",0","9",",0","1",",0","0",",0","0",",0","0",",0","0",",0","0",",0","27",",0","0",",0","","","19480507",",,0","19480531","+,,0","19480531","+,,0","7","","19480510",",,0","19480523",",,0","6.1",",0,07,","0",",,0,31,+","0",",,0,31,+","33.5",",,0,10,","31.7",",0,23,","2076.1","0","20.6",",0","134.1",",,,0","0",",,,0","20.10",",0","25.98",",,,0","14.22",",,,0"
"USC00346130","1948-06","35.778","-95.3338","157.9","MUSKOGEE, OK US","334.7","0","197.0","1,0","11",",0","9",",0","4",",0","0",",0","0",",0","0",",0","0",",0","0","1,0","28","1,0","13","1,0","","","19480603","+,,0","19480630","+,,0","19480630","+,,0","8","","19480624",",,0","19480619","+,1,0","13.9",",0,03,+","0",",,0,30,+","0",",,0,30,+","95.0",",,0,24,","35.0","1,0,19,+","2076.1","0","0.0","1,0","240.7",",,,0","0",",,,0","25.04","1,0","31.03","1,,,0","19.04",",,,0"
"USC00346130","1948-07","35.778","-95.3338","157.9","MUSKOGEE, OK US","601.3","0","266.6",",0","12",",0","7",",0","0",",0","0",",0","0",",0","0",",0","0",",0","0",",0","31",",0","17",",0","","","19480731",",,0","19480731","+,,0","19480731","+,,0","4","","19480711",",,0","19480728",",,0","17.2",",0,31,","0",",,0,31,+","0",",,0,31,+","21.6",",,0,11,","35.6",",0,28,","0.0","0","0.0",",0","81.1",",,,0","0",",,,0","26.93",",0","31.97",",,,0","21.90",",,,0"
"USC00346130","1948-08","35.778","-95.3338","157.9","MUSKOGEE, OK US","838.6","0","237.3",",0","11",",0","9",",0","1",",0","0",",0","0",",0","0",",0","0",",0","0",",0","31",",0","16",",0","","","19480805",",,0","19480831","+,,0","19480831","+,,0","6","","19480829",",,0","19480822",",,0","14.4",",0,05,","0",",,0,31,+","0",",,0,31,+","31.0",",,0,29,","36.1",",0,22,","0.0","0","0.0",",0","125.2",",,,0","0",",,,0","25.99",",0","31.54",",,,0","20.44",",,,0"
"USC00346130","1948-09","35.778","-95.3338","157.9","MUSKOGEE, OK US","989.3","0","150.7",",0","1",",0","1",",0","0",",0","0",",0","0",",0","0",",0","0",",0","0",",0","30",",0","12",",0","","","19480927",",,0","19480930","+,,0","19480930","+,,0","","","19480923",",,0","19480908","+,,0","7.8",",0,27,","0",",,0,30,+","0",",,0,30,+","21.1",",,0,23,","35.0",",0,08,+","10.3","0","10.3",",0","21.1",",,,0","0",",,,0","23.01",",0","30.07",",,,0","15.96",",,,0"
"USC00346130","1948-10","35.778","-95.3338","157.9","MUSKOGEE, OK US","1004.3","0","15.0",",0","5",",0","2",",0","0",",0","0",",0","0",",0","0",",0","2",",0","0",",0","24",",0","0",",0","1","","19481018",",,0","19481031","+,,0","19481031","+,,0","","","19481021","+,,0","19481016",",,0","-2.2",",0,18,","0",",,0,31,+","0",",,0,31,+","3.0",",,0,21,+","30.0",",0,16,","110.1","0","99.8",",0","7.1",",,,0","0",",,,0","15.60",",0","23.51",",,,0","7.68",",,,0"
"USC00346130","1948-11","35.778","-95.3338","157.9","MUSKOGEE, OK US","1007.3","0","3.0",",0","7",",0","5",",0","0",",0","0",",0","0",",0","0",",0","9",",0","0",",0","8",",0","0",",0","2","","19481123",",,0","19481130","+,,0","19481120",",,0","1","","19481129",",,0","19481105","+,,0","-5.6",",0,23,","0",",,0,30,+","0",",T,0,20,","11.9",",,0,29,","28.3",",0,05,+","376.2","0","266.1",",0","40.0",",,,0","0",",T,,0","9.57",",0","16.32",",,,0","2.81",",,,0"
"USC00346130","1948-12","35.778","-95.3338","157.9","MUSKOGEE, OK US","1009.3","0","2.0",",0","7",",0","5",",0","1",",0","0",",0","0",",0","0",",0","19",",0","0",",0","4",",0","0",",0","","","19481230",",,0","19481231","+,,0","19481231","+,,0","2","","19481215",",,0","19481216","+,,0","-7.8",",0,30,","0",",,0,31,+","0",",,0,31,+","46.0",",,0,15,","26.7",",0,16,+","755.5","0","379.3",",0","73.0",",,,0","0",",,,0","6.16",",0","12.29",",,,0","0.03",",,,0"
"USC00346130","1949-01","35.778","-95.3338","157.9","MUSKOGEE, OK US","0.0","0","0.0",",0","15",",0","11",",0","1",",0","9",",0","4",",0","0",",0","22",",0","6",",0","2",",0","0",",0","2","","19490130",",,0","19490131","+,,0","19490125",",,0","","","19490126",",,0","19490104",",,0","-15.0",",0,30,","102",",,0,31,+","38",",,0,25,","32.3",",,0,26,","22.8",",0,04,","1290.7","0","535.2",",0","129.6",",,,0","153",",,,0","1.07",",0","5.89",",,,0","-3.75",",,,0"
"USC00346130","1949-02","35.778","-95.3338","157.9","MUSKOGEE, OK US","0.0","0","0.0","1,0","10",",0","8",",0","0",",0","5",",0","0",",0","0",",0","19",",0","1","1,0","0","1,0","0","1,0","","","19490201",",,0","19490201",",,0","19490214",",,0","3","","19490214",",,0","19490220",",1,0","-12.8",",0,01,","76",",,0,01,","5",",,0,14,","19.3",",,0,14,","20.6","1,0,20,","1649.5","0","358.8","1,0","67.7",",,,0","5",",,,0","4.83","1,0","10.80","1,,,0","-1.14",",,,0"
"USC00346130","1949-03","35.778","-95.3338","157.9","MUSKOGEE, OK US","0.3","0","0.3",",0","8",",0","4",",0","1",",0","0",",0","1",",0","0",",0","11",",0","0",",0","9",",0","0",",0","1","","19490318","+,,0","19490302",",,0","19490302",",,0","","","19490321",",,0","19490330",",,0","-2.2",",0,18,+","0",",T,0,02,","51",",,0,02,","30.2",",,0,21,","25.6",",0,30,","1923.5","0","274.0",",0","61.4",",,,0","51",",,,0","9.50",",0","15.92",",,,0","3.08",",,,0"
"USC00346130","1949-04","35.778","-95.3338","157.9","MUSKOGEE, OK US","29.8","0","29.5",",0","6",",0","4",",0","0",",0","0",",0","0",",0","0",",0","0",",0","0",",0","18",",0","1",",0","","","19490416","+,,0","19490430","+,,0","19490430","+,,0","2","","19490426",",,0","19490425",",,0","2.2",",0,16,+","0",",,0,30,+","0",",,0,30,+","25.1",",,0,26,","32.2",",0,25,","2044.5","0","121.0",",0","58.7",",,,0","0",",,,0","15.28",",0","21.35",",,,0","9.22",",,,0"
"USC00346130","1949-05","35.778","-95.3338","157.9","MUSKOGEE, OK US","136.6","0","106.8",",0","13",",0","11",",0","6",",0","0","4,0","0","4,0","0",",0","0",",0","0",",0","30",",0","0",",0","","","19490511",",,0","19490531","+,4,0","19490531","+,4,0","11","","19490518",",,0","19490531","+,,0","10.6",",0,11,","0","4,,0,31,+","0","4,,0,31,+","52.1",",,0,18,","30.6",",0,31,+","2048.4","0","3.9",",0","283.5",",,,0","0","4,,,0","21.65",",0","27.14",",,,0","16.17",",,,0"
"USC00346130","1949-06","35.778","-95.3338","157.9","MUSKOGEE, OK US","363.3","0","226.7",",0","14",",0","12",",0","3",",0","0","4,0","0","3,0","0",",0","0",",0","0",",0","30",",0","11",",0","","","19490616",",,0","19490630","+,4,0","19490630","+,3,0","11","","19490611",",,0","19490623",",,0","16.1",",0,16,","0","4,,0,30,+","0","3,,0,30,+","29.7",",,0,11,","36.1",",0,23,","2048.4","0","0.0",",0","198.8",",,,0","0","3,,,0","25.89",",0","30.87",",,,0","20.90",",,,0"
"USC00346130","1949-07","35.778","-95.3338","157.9","MUSKOGEE, OK US","657.1","0","293.8",",0","9",",0","4",",0","1",",0","0",",0","0",",0","0",",0","0",",0","0",",0","31",",0","23",",0","","","19490731",",,0","19490731","+,,0","19490731","+,,0","","","19490708",",,0","19490720",",,0","18.9",",0,31,","0",",,0,31,+","0",",,0,31,+","33.8",",,0,08,","37.2",",0,20,","0.0","0","0.0",",0","51.4",",,,0","0",",,,0","27.81",",0","33.29",",,,0","22.33",",,,0"
"USC00346130","1949-08","35.778","-95.3338","157.9","MUSKOGEE, OK US","894.4","0","237.3",",0","8",",0","6",",0","1",",0","0",",0","0",",0","0",",0","0",",0","0",",0","31",",0","19",",0","","","19490822",",,0","19490831","+,,0","19490831","+,,0","7","","19490814",",,0","19490814","+,,0","12.8",",0,22,","0",",,0,31,+","0",",,0,31,+","36.6",",,0,14,","37.2",",0,14,+","0.0","0","0.0",",0","60.4",",,,0","0",",,,0","25.99",",0","32.46",",,,0","19.52",",,,0"
"USC00346130","1949-09","35.778","-95.3338","157.9","MUSKOGEE, OK US","989.6","0","95.2",",0","7",",0","5",",0","1",",0","0",",0","0",",0","0",",0","0",",0","0",",0","26",",0","4",",0","1","","19490929",",,0","19490930","+,,0","19490930","+,,0","1","","19490915",",,0","19490913","+,,0","4.4",",0,29,","0",",,0,30,+","0",",,0,30,+","48.5",",,0,15,","34.4",",0,13,+","28.3","0","28.3",",0","79.0",",,,0","0",",,,0","20.56",",0","27.12",",,,0","14.00",",,,0"
"USC00346130","1949-10","35.778","-95.3338","157.9","MUSKOGEE, OK US","1035.6","0","46.0",",0","12",",0","7",",0","1",",0","0",",0","0",",0","0",",0","1",",0","0",",0","23",",0","0",",0","1","","19491031",",,0","19491031","+,,0","19491031","+,,0","2","","19491024",",,0","19491008",",,0","-0.6",",0,31,","0",",,0,31,+","0",",,0,31,+","29.7",",,0,24,","30.6",",0,08,","127.2","0","98.9",",0","75.9",",,,0","0",",,,0","16.62",",0","22.82",",,,0","10.43",",,,0"
"USC00346130","1949-11","35.778","-95.3338","157.9","MUSKOGEE, OK US","1039.8","0","4.2",",0","1",",0","1",",0","0",",0","0",",0","0",",0","0",",0","11",",0","0",",0","11",",0","0",",0","","","19491122",",,0","19491130","+,,0","19491130","+,,0","","","19491112",",,0","19491112","+,,0","-4.4",",0,22,","0",",,0,30,+","0",",,0,30,+","7.9",",,0,12,","27.8",",0,12,+","362.2","0","235.0",",0","7.9",",,,0","0",",,,0","10.64",",0","18.78",",,,0","2.50",",,,0"
"USC00346130","1949-12","35.778","-95.3338","157.9","MUSKOGEE, OK US","1039.8","0","0.0",",0","8",",0","6",",0","2",",0","0",",0","0",",0","0",",0","22",",0","0",",0","2",",0","0",",0","","","19491216","+,,0","19491231","+,,0","19491212",",,0","1","","19491211",",,0","19491212",",,0","-6.7",",0,16,+","0",",,0,31,+","0",",T,0,12,","39.1",",,0,11,","23.9",",0,12,","754.9","0","392.7",",0","88.9",",,,0","0",",T,,0","5.67",",0","12.32",",,,0","-0.99",",,,0"
"USC00346130","1950-01","35.778","-95.3338","157.9","MUSKOGEE, OK US","4.7","0","4.7",",0","10",",0","5",",0","1",",0","6",",0","1",",0","0",",0","22",",0","6",",0","5",",0","0",",0","2","","19500105","+,,0","19500105","+,,0","19500104",",,0","1","","19500104",",,0","19500125",",,0","-12.2",",0,05,+","51",",,0,05,+","38",",,0,04,","33.5",",,0,04,","26.1",",0,25,","1172.6","0","417.7",",0","86.4",",,,0","48",",,,0","5.01",",0","10.86",",,,0","-0.84",",,,0"
"USC00346130","1950-02","35.778","-95.3338","157.9","MUSKOGEE, OK US","4.7","0","0.0",",0","5",",0","3",",0","1",",0","0",",0","0",",0","0",",0","10",",0","0",",0","4",",0","0",",0","","","19500201",",,0","19500228","+,,0","19500228",",,0","3","","19500212",",,0","19500207",",,0","-6.1",",0,01,","0",",,0,28,+","0",",T,0,28,","43.4",",,0,12,","23.9",",0,07,","1455.9","0","283.3",",0","66.2",",,,0","0",",T,,0","8.21",",0","14.49",",,,0","1.94",",,,0"
"USC00346130","1950-03","35.778","-95.3338","157.9","MUSKOGEE, OK US","8.9","0","4.2",",0","6",",0","3",",0","0",",0","0",",0","0",",0","0",",0","10",",0","0",",0","8",",0","0",",0","","","19500313",",,0","19500313","+,,0","19500312",",,0","3","","19500311",",,0","19500325",",,0","-7.2",",0,13,","0",",T,0,13,+","13",",,0,12,","15.7",",,0,11,","26.7",",0,25,","1729.9","0","274.0",",0","34.2",",,,0","13",",,,0","9.63",",0","16.25",",,,0","3.01",",,,0"
"USC00346130","1950-04","35.778","-95.3338","157.9","MUSKOGEE, OK US","38.7","0","29.8",",0","8",",0","6",",0","1",",0","0",",0","0",",0","0",",0","2",",0","0",",0","19",",0","0",",0","","","19500406",",,0","19500430","+,,0","19500403",",,0","","","19500403",",,0","19500422","+,,0","-1.1",",0,06,","0",",,0,30,+","0",",T,0,03,","32.5",",,0,03,","29.4",",0,22,+","1839.4","0","109.5",",0","75.8",",,,0","0",",T,,0","15.67",",0","22.53",",,,0","8.81",",,,0"
"USC00346130","1950-05","35.778","-95.3338","157.9","MUSKOGEE, OK US","128.5","0","89.8",",0","13",",0","11",",0","3",",0","0",",0","0",",0","0",",0","0",",0","0",",0","26",",0","0",",0","","","19500506",",,0","19500531","+,,0","19500531","+,,0","","","19500511",",,0","19500524","+,,0","9.4",",0,06,","0",",,0,31,+","0",",,0,31,+","102.6",",,0,11,","31.1",",0,24,+","1849.4","0","10.0",",0","260.4",",,,0","0",",,,0","20.90",",0","26.25",",,,0","15.56",",,,0"
"USC00346130","1950-06","35.778","-95.3338","157.9","MUSKOGEE, OK US","341.2","0","212.7",",0","6",",0","5",",0","1",",0","0",",0","0",",0","0",",0","0",",0","0",",0","30",",0","16",",0","","","19500604",",,0","19500630","+,,0","19500630","+,,0","","","19500603",",,0","19500626",",,0","11.1",",0,04,","0",",,0,30,+","0",",,0,30,+","38.9",",,0,03,","37.2",",0,26,","1850.3","0","0.9",",0","82.3",",,,0","0",",,,0","25.40",",0","31.11",",,,0","19.68",",,,0"
"USC00346130","1950-07","35.778","-95.3338","157.9","MUSKOGEE, OK US","549.8","0","208.6",",0","17",",0","12",",0","3",",0","0",",0","0",",0","0",",0","0",",0","0",",0","31",",0","6",",0","","","19500714",",,0","19500731","+,,0","19500731","+,,0","","","19500730",",,0","19500702",",,0","16.7",",0,14,","0",",,0,31,+","0",",,0,31,+","49.0",",,0,30,","33.9",",0,02,","0.0","0","0.0",",0","229.9",",,,0","0",",,,0","25.06",",0","29.81",",,,0","20.32",",,,0"
"USC00346130","1950-08","35.778","-95.3338","157.9","MUSKOGEE, OK US","744.8","0","195.0","1,0","10",",0","8",",0","3",",0","0",",0","0",",0","0",",0","0",",0","0","1,0","30","1,0","12","1,0","","","19500820",",,0","19500831","+,,0","19500831","+,,0","","","19500802",",,0","19500816","+,1,0","13.3",",0,20,","0",",,0,31,+","0",",,0,31,+","67.8",",,0,02,","35.0","1,0,16,+","0.0","0","0.0","1,0","161.5",",,,0","0",",,,0","24.89","1,0","30.41","1,,,0","19.37",",,,0"
"USC00346130","1950-09","35.778","-95.3338","157.9","MUSKOGEE, OK US","857.2","0","112.4",",0","9",",0","7",",0","3",",0","0",",0","0",",0","0",",0","0",",0","0",",0","30",",0","0",",0","","","19500907",",,0","19500930","+,,0","19500914",",,0","1","","19500915",",,0","19500919",",,0","11.1",",0,07,","0",",,0,30,+","0",",T,0,14,","37.8",",,0,15,","31.7",",0,19,","0.5","0","0.5",",0","136.1",",,,0","0",",T,,0","22.06",",0","27.55",",,,0","16.57",",,,0"
"USC00346130","1950-10","35.778","-95.3338","157.9","MUSKOGEE, OK US","942.0","0","84.8",",0","3",",0","1",",0","0",",0","0",",0","0",",0","0",",0","0",",0","0",",0","29",",0","0",",0","","","19501009",",,0","19501031","+,,0","19501031","+,,0","","","19501003",",,0","19501029","+,,0","6.1",",0,09,","0",",,0,31,+","0",",,0,31,+","8.4",",,0,03,","31.7",",0,29,+","25.5","0","25.0",",0","10.0",",,,0","0",",,,0","20.26",",0","27.35",",,,0","13.16",",,,0"
"USC00346130","1950-11","35.778","-95.3338","157.9","MUSKOGEE, OK US","946.5","0","4.5",",0","4",",0","2",",0","0",",0","0",",0","0",",0","0",",0","16",",0","0",",0","8",",0","0",",0","","","19501124",",,0","19501130","+,,0","19501130","+,,0","","","19501104",",,0","19501115",",,0","-10.6",",0,24,","0",",,0,30,+","0",",,0,30,+","11.4",",,0,04,","26.7",",0,15,","314.9","0","289.4",",0","19.8",",,,0","0",",,,0","8.84",",0","16.07",",,,0","1.60",",,,0"
"USC00346130","1950-12","35.778","-95.3338","157.9","MUSKOGEE, OK US","946.5","0","0.0",",0","3",",0","1",",0","0",",0","2",",0","1",",0","0",",0","23",",0","2",",0","3",",0","0",",0","","","19501206",",,0","19501207","+,,0","19501206",",,0","","","19501230",",,0","19501201",",,0","-16.1",",0,06,","25",",,0,07,+","25",",,0,06,","8.1",",,0,30,","25.6",",0,01,","763.0","0","448.1",",0","10.7",",,,0","25",",,,0","3.88",",0","10.50",",,,0","-2.75",",,,0"
"USC00346130","1951-01","35.778","-95.3338","157.9","MUSKOGEE, OK US","0.0","0","0.0",",0","5",",0","3",",0","1",",0","0",",0","0",",0","0",",0","20",",0","4",",0","2",",0","0",",0","","","19510129",",,0","19510131","+,,0","19510114",",,0","","","19510114",",,0","19510119",",,0","-13.9",",0,29,","0",",,0,31,+","0",",T,0,14,","29.2",",,0,14,","24.4",",0,19,","1187.4","0","424.4",",0","60.2",",,,0","0",",T,,0","4.64",",0","10.95",",,,0","-1.66",",,,0"
"USC00346130","1951-02","35.778","-95.3338","157.9","MUSKOGEE, OK US","1.1","0","1.1",",0","11",",0","10",",0","2",",0","7",",0","3",",0","1",",0","13",",0","3",",0","6",",0","0",",0","","","19510202",",,0","19510215",",,0","19510215",",,0","2","","19510220",",,0","19510211",",,0","-18.3",",0,02,","178",",,0,15,","157",",,0,15,","70.9",",,0,20,","24.4",",0,11,","1496.1","0","308.7",",0","170.0",",,,0","233",",,,0","7.35",",0","13.81",",,,0","0.89",",,,0"
"USC00346130","1951-03","35.778","-95.3338","157.9","MUSKOGEE, OK US","3.6","0","2.5",",0","5",",0","2",",0","1",",0","0",",0","0",",0","0",",0","11",",0","0",",0","12",",0","0",",0","","","19510313",",,0","19510331","+,,0","19510331","+,,0","2","","19510311",",,0","19510322",",,0","-5.6",",0,13,","0",",,0,31,+","0",",,0,31,+","53.6",",,0,11,","28.3",",0,22,","1738.8","0","242.7",",0","79.0",",,,0","0",",,,0","10.58",",0","17.58",",,,0","3.58",",,,0"
"USC00346130","1951-04","35.778","-95.3338","157.9","MUSKOGEE, OK US","30.2","0","26.6",",0","8",",0","8",",0","0",",0","0",",0","0",",0","0",",0","0",",0","0",",0","15",",0","0",",0","","","19510412","+,,0","19510430","+,,0","19510412",",,0","1","","19510421",",,0","19510414",",,0","0.6",",0,12,+","0",",,0,30,+","0",",T,0,12,","23.9",",,0,21,","31.1",",0,14,","1868.0","0","129.2",",0","81.5",",,,0","0",",T,,0","14.91",",0","21.25",",,,0","8.58",",,,0"
"USC00346130","1951-05","35.778","-95.3338","157.9","MUSKOGEE, OK US","134.9","0","104.7",",0","6",",0","5",",0","0",",0","0",",0","0",",0","0",",0","0",",0","0",",0","31",",0","4",",0","","","19510507",",,0","19510531","+,,0","19510531","+,,0","2","","19510510",",,0","19510531","+,,0","5.6",",0,07,","0",",,0,31,+","0",",,0,31,+","17.5",",,0,10,","35.0",",0,31,+","1877.4","0","9.4",",0","49.8",",,,0","0",",,,0","21.41",",0","28.25",",,,0","14.56",",,,0"
"USC00346130","1951-06","35.778","-95.3338","157.9","MUSKOGEE, OK US","302.4","0","167.5","1,0","18",",0","13",",0","3",",0","0",",0","0",",0","0",",0","0",",0","0","1,0","29","1,0","8","1,0","","","19510604",",,0","19510630","+,,0","19510630","+,,0","14","","19510630",",,0","19510601",",1,0","12.8",",0,04,","0",",,0,30,+","0",",,0,30,+","54.6",",,0,30,","34.4","1,0,01,","1878.8","0","1.4","1,0","226.9",",,,0","0",",,,0","24.10","1,0","28.88","1,,,0","19.32",",,,0"
"USC00346130","1951-07","35.778","-95.3338","157.9","MUSKOGEE, OK US","597.0","0","294.6",",0","6",",0","4",",0","2",",0","0",",0","0",",0","0",",0","0",",0","0",",0","31",",0","25",",0","","","19510701",",,0","19510731","+,,0","19510731","+,,0","2","","19510727",",,0","19510722","+,,0","16.1",",0,01,","0",",,0,31,+","0",",,0,31,+","38.1",",,0,27,","37.2",",0,22,+","0.0","0","0.0",",0","94.8",",,,0","0",",,,0","27.84",",0","33.42",",,,0","22.26",",,,0"
"USC00346130","1951-08","35.778","-95.3338","157.9","MUSKOGEE, OK US","929.7","0","332.7",",0","5",",0","3",",0","2",",0","0",",0","0",",0","0",",0","0",",0","0",",0","31",",0","26",",0","","","19510813","+,,0","19510831","+,,0","19510831","+,,0","","","19510811",",,0","19510831",",,0","18.9",",0,13,+","0",",,0,31,+","0",",,0,31,+","33.0",",,0,11,","41.1",",0,31,","0.0","0","0.0",",0","70.9",",,,0","0",",,,0","29.07",",0","35.55",",,,0","22.58",",,,0"
"USC00346130","1951-09","35.778","-95.3338","157.9","MUSKOGEE, OK US","1072.2","0","142.5",",0","10",",0","9",",0","1",",0","0",",0","0",",0","0",",0","0",",0","0",",0","30",",0","5",",0","","","19510917",",,0","19510930","+,,0","19510930","+,,0","","","19510927",",,0","19510902",",,0","9.4",",0,17,","0",",,0,30,+","0",",,0,30,+","41.4",",,0,27,","41.1",",0,02,","5.0","0","5.0",",0","156.3",",,,0","0",",,,0","22.92",",0","29.37",",,,0","16.46",",,,0"
"USC00346130","1951-10","35.778","-95.3338","157.9","MUSKOGEE, OK US","1123.1","0","50.9",",0","10",",0","6",",0","1",",0","0",",0","0",",0","0",",0","0",",0","0",",0","19",",0","1",",0","","","19511031",",,0","19511031","+,,0","19511031","+,,0","","","19511027",",,0","19511004",",,0","3.3",",0,31,","0",",,0,31,+","0",",,0,31,+","94.7",",,0,27,","33.3",",0,04,","80.5","0","75.5",",0","131.9",",,,0","0",",,,0","17.54",",0","23.67",",,,0","11.40",",,,0"
"USC00346130","1951-11","35.778","-95.3338","157.9","MUSKOGEE, OK US","1127.3","0","4.2",",0","9",",0","7",",0","1",",0","2",",0","2",",0","0",",0","13",",0","0",",0","3",",0","0",",0","","","19511118",",,0","19511106",",,0","19511106",",,0","","","19511124",",,0","19511112",",,0","-7.8",",0,18,","76",",,0,06,","76",",,0,06,","36.1",",,0,24,","26.7",",0,12,","406.0","0","325.5",",0","98.5",",,,0","140",",,,0","7.63",",0","13.03",",,,0","2.22",",,,0"
"USC00346130","1951-12","35.778","-95.3338","157.9","MUSKOGEE, OK US","1132.1","0","4.8",",0","5",",0","2",",0","0",",0","0",",0","0",",0","0",",0","18",",0","2",",0","5",",0","0",",0","","","19511221",",,0","19511231","+,,0","19511231","+,,0","","","19511208",",,0","19511231",",,0","-13.3",",0,21,","0",",,0,31,+","0",",,0,31,+","4.3",",,0,08,","27.2",",0,31,","801.1","0","395.1",",0","10.4",",,,0","0",",,,0","5.74",",0","11.57",",,,0","-0.09",",,,0"
"USC00346130","1952-01","35.778","-95.3338","157.9","MUSKOGEE, OK US","3.9","0","3.9",",0","4",",0","4",",0","0",",0","0",",0","0",",0","0",",0","15",",0","1",",0","7",",0","0",",0","","","19520123",",,0","19520103","+,,0","19520131","+,,0","","","19520104",",,0","19520125",",,0","-8.3",",0,23,","0",",T,0,03,+","0",",,0,31,+","19.6",",,0,04,","25.6",",0,25,","1129.6","0","328.5",",0","51.3",",,,0","0",",,,0","7.86",",0","13.52",",,,0","2.21",",,,0"
"USC00346130","1952-02","35.778","-95.3338","157.9","MUSKOGEE, OK US","3.9","0","0.0",",0","9",",0","5",",0","1",",0","1",",0","1",",0","0",",0","9",",0","0",",0","3",",0","0",",0","","","19520217",",,0","19520216",",,0","19520216",",,0","","","19520225",",,0","19520228","+,,0","-6.1",",0,17,","76",",,0,16,","71",",,0,16,","25.4",",,0,25,","22.2",",0,28,+","1409.7","0","280.1",",0","59.2",",,,0","71",",,,0","8.67",",0","14.46",",,,0","2.89",",,,0"
"USC00346130","1952-03","35.778","-95.3338","157.9","MUSKOGEE, OK US","8.9","0","5.0",",0","8",",0","5",",0","1",",0","0",",0","0",",0","0",",0","8",",0","0",",0","6",",0","0",",0","","","19520304",",,0","19520331","+,,0","19520331","+,,0","","","19520310",",,0","19520331",",,0","-5.0",",0,04,","0",",,0,31,+","0",",,0,31,+","31.2",",,0,10,","31.1",",0,31,","1669.2","0","259.5",",0","83.9",",,,0","0",",,,0","10.12",",0","16.53",",,,0","3.72",",,,0"
"USC00346130","1952-04","35.778","-95.3338","157.9","MUSKOGEE, OK US","24.2","0","15.3",",0","9",",0","7",",0","3",",0","0",",0","0",",0","0",",0","0",",0","0",",0","15",",0","0",",0","","","19520405",",,0","19520430","+,,0","19520430","+,,0","","","19520423",",,0","19520430",",,0","0.6",",0,05,","0",",,0,30,+","0",",,0,30,+","37.3",",,0,23,","30.6",",0,30,","1791.3","0","122.1",",0","147.0",",,,0","0",",,,0","14.77",",0","21.19",",,,0","8.35",",,,0"
"USC00346130","1952-05","35.778","-95.3338","157.9","MUSKOGEE, OK US","123.7","0","99.5",",0","12",",0","5",",0","0",",0","0",",0","0",",0","0",",0","0",",0","0",",0","29",",0","5",",0","","","19520512",",,0","19520531","+,,0","19520531","+,,0","","","19520523",",,0","19520506","+,,0","4.4",",0,12,","0",",,0,31,+","0",",,0,31,+","23.4",",,0,23,","32.8",",0,06,+","1809.1","0","17.8",",0","61.8",",,,0","0",",,,0","20.97",",0","27.60",",,,0","14.34",",,,0"
"USC00346130","1952-06","35.778","-95.3338","157.9","MUSKOGEE, OK US","418.9","0","295.2",",0","2",",0","2",",0","1",",0","0",",0","0",",0","0",",0","0",",0","0",",0","30",",0","26",",0","","","19520601",",,0","19520630","+,,0","19520630","+,,0","","","19520605",",,0","19520629",",,0","18.3",",0,01,","0",",,0,30,+","0",",,0,30,+","32.0",",,0,05,","38.9",",0,29,","1809.1","0","0.0",",0","38.9",",,,0","0",",,,0","28.17",",0","34.01",",,,0","22.33",",,,0"
"USC00346130","1952-07","35.778","-95.3338","157.9","MUSKOGEE, OK US","736.8","0","317.9",",0","7",",0","6",",0","1",",0","0",",0","0",",0","0",",0","0",",0","0",",0","31",",0","26",",0","","","19520709",",,0","19520731","+,,0","19520731","+,,0","","","19520715",",,0","19520726","+,,0","14.4",",0,09,","0",",,0,31,+","0",",,0,31,+","42.7",",,0,15,","38.9",",0,26,+","0.0","0","0.0",",0","75.7",",,,0","0",",,,0","28.59",",0","35.06",",,,0","22.12",",,,0"
"USC00346130","1952-08","35.778","-95.3338","157.9","MUSKOGEE, OK US","1061.7","0","324.9",",0","13",",0","10",",0","2",",0","0",",0","0",",0","0",",0","0",",0","0",",0","31",",0","28",",0","","","19520829",",,0","19520831","+,,0","19520831","+,,0","","","19520827",",,0","19520817",",,0","18.3",",0,29,","0",",,0,31,+","0",",,0,31,+","50.3",",,0,27,","40.6",",0,17,","0.0","0","0.0",",0","160.0",",,,0","0",",,,0","28.81",",0","35.21",",,,0","22.42",",,,0"
"USC00346130","1952-09","35.778","-95.3338","157.9","MUSKOGEE, OK US","1232.2","0","170.5",",0","3",",0","2",",0","0",",0","0",",0","0",",0","0",",0","0",",0","0",",0","30",",0","20",",0","","","19520925","+,,0","19520930","+,,0","19520930","+,,0","","","19520921",",,0","19520916",",,0","10.0",",0,25,+","0",",,0,30,+","0",",,0,30,+","13.0",",,0,21,","36.7",",0,16,","0.3","0","0.3",",0","16.8",",,,0","0",",,,0","24.01",",0","32.20",",,,0","15.81",",,,0"
"USC00346130","1952-10","35.778","-95.3338","157.9","MUSKOGEE, OK US","1258.1","0","25.9","1,0","1",",0","1",",0","0",",0","0",",0","0",",0","0","1,0","4","1,0","0",",0","22",",0","2",",0","","","19521029",",1,0","19521031","+,,0","19521006",",,0","","","19521006",",,0","19521001",",,0","-3.3","1,0,29,","0",",,0,31,+","0",",T,0,06,","4.3",",,0,06,","35.0",",0,01,","121.1","0","120.8",",0","4.3",",,,0","0",",T,,0","15.14","1,0","23.96",",,,0","6.32","1,,,0"
"USC00346130","1952-11","35.778","-95.3338","157.9","MUSKOGEE, OK US","1271.7","0","13.6","1,0","7",",0","4",",0","1",",0","2",",0","1",",0","0","1,0","8","1,0","1",",0","11",",0","0",",0","","","19521128",",1,0","19521129",",,0","19521129",",,0","","","19521125",",,0","19521101",",,0","-7.8","1,0,28,","51",",,0,29,","56",",,0,29,","56.1",",,0,25,","27.8",",0,01,","374.4","0","253.3",",0","101.7",",,,0","56",",,,0","10.06","1,0","15.67",",,,0","4.44","1,,,0"
"USC00346130","1952-12","35.778","-95.3338","157.9","MUSKOGEE, OK US","1271.7","0","0.0",",0","6",",0","2",",0","0",",0","0",",0","0",",0","0",",0","18",",0","0",",0","0",",0","0",",0","","","19521228",",,0","19521231","+,,0","19521231","+,,0","","","19521219",",,0","19521208",",,0","-7.2",",0,28,","0",",,0,31,+","0",",,0,31,+","14.7",",,0,19,","20.6",",0,08,","788.5","0","414.1",",0","26.2",",,,0","0",",,,0","4.97",",0","10.03",",,,0","-0.08",",,,0"
"USC00346130","1953-01","35.778","-95.3338","157.9","MUSKOGEE, OK US","0.0","0","0.0",",0","4",",0","2",",0","1",",0","1",",0","0",",0","0",",0","20",",0","1",",0","2",",0","0",",0","","","19530116",",,0","19530117",",,0","19530117",",,0","","","19530123",",,0","19530114",",,0","-11.1",",0,16,","25",",,0,17,","18",",,0,17,","25.4",",,0,23,","22.2",",0,14,","1160.2","0","371.7",",0","30.8",",,,0","33",",,,0","6.34",",0","12.40",",,,0","0.28",",,,0"
"USC00346130","1953-02","35.778","-95.3338","157.9","MUSKOGEE, OK US","0.0","0","0.0",",0","6",",0","3",",0","0",",0","0",",0","0",",0","0",",0","9",",0","0",",0","0",",0","0",",0","","","19530221",",,0","19530228","+,,0","19530224",",,0","","","19530211",",,0","19530227",",,0","-7.8",",0,21,","0",",,0,28,+","0",",T,0,24,","11.9",",,0,11,","20.6",",0,27,","1450.4","0","290.2",",0","23.2",",,,0","0",",T,,0","7.97",",0","14.42",",,,0","1.52",",,,0"
"USC00346130","1953-03","35.778","-95.3338","157.9","MUSKOGEE, OK US","5.5","0","5.5",",0","12",",0","10",",0","2",",0","0",",0","0",",0","0",",0","3",",0","0",",0","14",",0","0",",0","","","19530304",",,0","19530331","+,,0","19530331","+,,0","","","19530318",",,0","19530320",",,0","-1.7",",0,04,","0",",,0,31,+","0",",,0,31,+","43.4",",,0,18,","28.3",",0,20,","1602.5","0","152.1",",0","148.0",",,,0","0",",,,0","13.60",",0","20.25",",,,0","6.96",",,,0"
"USC00346130","1953-04","35.778","-95.3338","157.9","MUSKOGEE, OK US","25.8","0","20.3",",0","12",",0","10",",0","2",",0","0",",0","0",",0","0",",0","4",",0","0",",0","14",",0","0",",0","","","19530419","+,,0","19530430","+,,0","19530430","+,,0","","","19530429",",,0","19530422",",,0","-0.6",",0,19,+","0",",,0,30,+","0",",,0,30,+","31.5",",,0,29,","29.4",",0,22,","1743.4","0","140.9",",0","135.7",",,,0","0",",,,0","14.31",",0","20.36",",,,0","8.27",",,,0"
"USC00346130","1953-05","35.778","-95.3338","157.9","MUSKOGEE, OK US","154.4","0","128.6",",0","7",",0","5",",0","1",",0","0",",0","0",",0","0",",0","0",",0","0",",0","23",",0","8",",0","","","19530514","+,,0","19530531","+,,0","19530531","+,,0","","","19530512",",,0","19530531",",,0","7.8",",0,14,+","0",",,0,31,+","0",",,0,31,+","50.3",",,0,12,","35.0",",0,31,","1786.2","0","42.8",",0","94.1",",,,0","0",",,,0","21.10",",0","26.29",",,,0","15.91",",,,0"
"USC00346130","1953-06","35.778","-95.3338","157.9","MUSKOGEE, OK US","493.8","0","339.4",",0","3",",0","3",",0","1",",0","0",",0","0",",0","0",",0","0",",0","0",",0","30",",0","28",",0","","","19530606",",,0","19530630","+,,0","19530630","+,,0","","","19530606",",,0","19530621","+,,0","17.2",",0,06,","0",",,0,30,+","0",",,0,30,+","27.4",",,0,06,","40.0",",0,21,+","1786.2","0","0.0",",0","45.5",",,,0","0",",,,0","29.65",",0","35.86",",,,0","23.44",",,,0"
"USC00346130","1953-07","35.778","-95.3338","157.9","MUSKOGEE, OK US","776.6","0","282.8",",0","12",",0","10",",0","2",",0","0",",0","0",",0","0",",0","0",",0","0",",0","30",",0","20",",0","","","19530712",",,0","19530731","+,,0","19530731","+,,0","","","19530712",",,0","19530706",",,0","15.0",",0,12,","0",",,0,31,+","0",",,0,31,+","40.4",",,0,12,","40.0",",0,06,","0.8","0","0.8",",0","129.4",",,,0","0",",,,0","27.43",",0","32.92",",,,0","21.94",",,,0"
"USC00346130","1953-08","35.778","-95.3338","157.9","MUSKOGEE, OK US","1046.7","0","270.1","1,0","6",",0","1",",0","0",",0","0",",0","0",",0","0",",0","0",",0","0","1,0","30","1,0","27","1,0","","","19530821","+,,0","19530831","+,,0","19530831","+,,0","","","19530819",",,0","19530815","+,1,0","15.6",",0,21,+","0",",,0,31,+","0",",,0,31,+","14.2",",,0,19,","37.2","1,0,15,+","0.8","0","0.0","1,0","17.8",",,,0","0",",,,0","27.36","1,0","34.01","1,,,0","20.72",",,,0"
"USC00346130","1953-09","35.778","-95.3338","157.9","MUSKOGEE, OK US","1232.8","0","186.1","1,0","3",",0","3",",0","1",",0","0",",0","0",",0","0",",0","0",",0","0","1,0","29","1,0","20","1,0","","","19530922",",,0","19530930","+,,0","19530930","+,,0","","","19530904",",,0","19530928",",1,0","8.3",",0,22,","0",",,0,30,+","0",",,0,30,+","34.0",",,0,04,","40.0","1,0,28,","1.9","0","1.1","1,0","58.1",",,,0","0",",,,0","24.73","1,0","33.12","1,,,0","16.33",",,,0"
"USC00346130","1953-10","35.778","-95.3338","157.9","MUSKOGEE, OK US","1304.8","0","72.0",",0","6",",0","3",",0","2",",0","0",",0","0",",0","0",",0","0",",0","0",",0","23",",0","3",",0","","","19531029","+,,0","19531031","+,,0","19531031","+,,0","","","19531023",",,0","19531001",",,0","3.9",",0,29,+","0",",,0,31,+","0",",,0,31,+","46.2",",,0,23,","36.1",",0,01,","58.0","0","56.1",",0","112.0",",,,0","0",",,,0","18.85",",0","25.60",",,,0","12.09",",,,0"
"USC00346130","1953-11","35.778","-95.3338","157.9","MUSKOGEE, OK US","1304.8","0","0.0",",0","4",",0","3",",0","0",",0","0",",0","0",",0","0",",0","5",",0","0",",0","10",",0","0",",0","","","19531126","+,,0","19531130","+,,0","19531130","+,,0","","","19531120",",,0","19531102",",,0","-2.2",",0,26,+","0",",,0,30,+","0",",,0,30,+","24.4",",,0,20,","23.3",",0,02,","294.2","0","236.2",",0","36.4",",,,0","0",",,,0","10.46",",0","16.55",",,,0","4.37",",,,0"
"USC00346130","1953-12","35.778","-95.3338","157.9","MUSKOGEE, OK US","1304.8","0","0.0",",0","7",",0","2",",0","0",",0","0",",0","0",",0","0",",0","16",",0","1",",0","0",",0","0",",0","","","19531223",",,0","19531231","+,,0","19531231","+,,0","","","19531203",",,0","19531207",",,0","-12.2",",0,23,","0",",,0,31,+","0",",,0,31,+","23.1",",,0,03,","18.3",",0,07,","682.9","0","388.7",",0","36.3",",,,0","0",",,,0","5.80",",0","11.13",",,,0","0.46",",,,0"
"USC00346130","1954-01","35.778","-95.3338","157.9","MUSKOGEE, OK US","0.0","0","0.0",",0","10",",0","4",",0","0",",0","6",",0","2",",0","0",",0","20",",0","2",",0","2",",0","0",",0","","","19540122","+,,0","19540122",",,0","19540122",",,0","","","19540122",",,0","19540108","+,,0","-14.4",",0,22,+","102",",,0,22,","89",",,0,22,","10.2",",,0,22,","21.7",",0,08,+","1121.0","0","438.1",",0","30.6",",,,0","145",",,,0","4.20",",0","10.65",",,,0","-2.24",",,,0"
"USC00346130","1954-02","35.778","-95.3338","157.9","MUSKOGEE, OK US","2.0","0","2.0",",0","2",",0","1",",0","0",",0","0",",0","0",",0","0",",0","6",",0","0",",0","11",",0","0",",0","","","19540208","+,,0","19540228","+,,0","19540228","+,,0","","","19540220",",,0","19540210",",,0","-5.0",",0,08,+","0",",,0,28,+","0",",,0,28,+","14.5",",,0,20,","26.7",",0,10,","1323.8","0","202.8",",0","14.8",",,,0","0",",,,0","11.16",",0","19.04",",,,0","3.28",",,,0"
"USC00346130","1954-03","35.778","-95.3338","157.9","MUSKOGEE, OK US","9.8","0","7.8",",0","4",",0","3",",0","0",",0","0",",0","0",",0","0",",0","11",",0","0",",0","11",",0","0",",0","","","19540304",",,0","19540331","+,,0","19540331","+,,0","","","19540325",",,0","19540328",",,0","-8.3",",0,04,","0",",,0,31,+","0",",,0,31,+","13.0",",,0,25,","28.9",",0,28,","1570.9","0","247.1",",0","21.2",",,,0","0",",,,0","10.61",",0","17.44",",,,0","3.79",",,,0"
"USC00346130","1954-04","35.778","-95.3338","157.9","MUSKOGEE, OK US","97.1","0","87.3",",0","8",",0","6",",0","1",",0","0",",0","0",",0","0",",0","1",",0","0",",0","27",",0","2",",0","","","19540401",",,0","19540430","+,,0","19540430","+,,0","","","19540430",",,0","19540423","+,,0","-2.2",",0,01,","0",",,0,30,+","0",",,0,30,+","37.8",",,0,30,","32.2",",0,23,+","1597.6","0","26.7",",0","80.4",",,,0","0",",,,0","20.35",",0","26.73",",,,0","13.97",",,,0"
"USC00346130","1954-05","35.778","-95.3338","157.9","MUSKOGEE, OK US","162.7","0","65.6",",0","12",",0","8",",0","2",",0","0",",0","0",",0","0",",0","0",",0","0",",0","25",",0","0",",0","","","19540504",",,0","19540531","+,,0","19540502",",,0","","","19540502",",,0","19540530",",,0","2.2",",0,04,","0",",,0,31,+","0",",T,0,02,","92.5",",,0,02,","31.7",",0,30,","1646.1","0","48.5",",0","205.1",",,,0","0",",T,,0","18.88",",0","24.72",",,,0","13.04",",,,0"
"USC00346130","1954-06","35.778","-95.3338","157.9","MUSKOGEE, OK US","409.0","0","246.3","2,0","3","2,0","2","2,0","0","2,0","0","2,0","0","2,0","0","2,0","0","2,0","0","2,0","28","2,0","20","2,0","","","19540604",",2,0","19540630","+,2,0","19540630","+,2,0","","","19540623",",2,0","19540629",",2,0","9.4","2,0,04,","0","2,,0,30,+","0","2,,0,30,+","13.0","2,,0,23,","38.9","2,0,29,","1647.5","0","1.4","2,0","23.1","2,,,0","0","2,,,0","27.08","2,0","33.47","2,,,0","20.69","2,,,0"
"USC00346130","1954-07","35.778","-95.3338","157.9","MUSKOGEE, OK US","860.2","0","451.2",",0","3",",0","0",",0","0",",0","0",",0","0",",0","0",",0","0",",0","0",",0","31",",0","31",",0","","","19540701",",,0","19540731","+,,0","19540731","+,,0","","","19540708",",,0","19540713",",,0","21.1",",0,01,","0",",,0,31,+","0",",,0,31,+","2.0",",,0,08,","45.6",",0,13,","0.0","0","0.0",",0","3.3",",,,0","0",",,,0","32.89",",0","40.61",",,,0","25.16",",,,0"
"USC00346130","1954-08","35.778","-95.3338","157.9","MUSKOGEE, OK US","1270.4","0","410.2",",0","4",",0","1",",0","0",",0","0",",0","0",",0","0",",0","0",",0","0",",0","31",",0","30",",0","","","19540809",",,0","19540831","+,,0","19540831","+,,0","","","19540802",",,0","19540830","+,,0","18.3",",0,09,","0",",,0,31,+","0",",,0,31,+","16.0",",,0,02,","42.2",",0,30,+","0.0","0","0.0",",0","19.6",",,,0","0",",,,0","31.56",",0","38.95",",,,0","24.18",",,,0"
"USC00346130","1954-09","35.778","-95.3338","157.9","MUSKOGEE, OK US","1536.0","0","265.6",",0","3",",0","2",",0","0",",0","0",",0","0",",0","0",",0","0",",0","0",",0","30",",0","24",",0","","","19540922",",,0","19540930","+,,0","19540930","+,,0","","","19540910",",,0","19540903",",,0","8.3",",0,22,","0",",,0,30,+","0",",,0,30,+","12.7",",,0,10,","40.6",",0,03,","0.0","0","0.0",",0","20.4",",,,0","0",",,,0","27.19",",0","35.17",",,,0","19.20",",,,0"
"USC00346130","1954-10","35.778","-95.3338","157.9","MUSKOGEE, OK US","1621.6","0","85.6","1,0","9","1,0","6","1,0","0","1,0","0","1,0","0","1,0","0","1,0","2","1,0","0","1,0","21","1,0","4","1,0","","","19541031","+,1,0","19541031","+,1,0","19541031","+,1,0","","","19541012",",1,0","19541004","+,1,0","0.0","1,0,31,+","0","1,,0,31,+","0","1,,0,31,+","24.4","1,,0,12,","34.4","1,0,04,+","72.3","0","72.3","1,0","49.6","1,,,0","0","1,,,0","18.78","1,0","24.54","1,,,0","13.01","1,,,0"
"USC00346130","1954-11","35.778","-95.3338","157.9","MUSKOGEE, OK US","1621.9","0","0.3",",0","2",",0","1",",0","0",",0","0",",0","0",",0","0",",0","4",",0","0",",0","14",",0","0",",0","","","19541102",",,0","19541130","+,,0","19541130","+,,0","","","19541104",",,0","19541117",",,0","-4.4",",0,02,","0",",,0,30,+","0",",,0,30,+","8.1",",,0,04,","25.6",",0,17,","285.8","0","213.5",",0","8.4",",,,0","0",",,,0","11.23",",0","17.93",",,,0","4.53",",,,0"
"USC00346130","1954-12","35.778","-95.3338","157.9","MUSKOGEE, OK US","","","","","4","5,0","2","5,0","0","5,0","0","5,0","0","5,0","","","","","","","","","","","","","","","19541231","+,5,0","19541218","+,5,0","","","19541212",",5,0","","","","","0","5,,0,31,+","0","5,T,0,18,+","18.3","5,,0,12,","","","","","","","22.8","5,,,0","0","5,T,,0","","","","","",""
"USC00346130","1955-01","35.778","-95.3338","157.9","MUSKOGEE, OK US","0.6","0","0.6","1,0","7","1,0","3","1,0","0","1,0","2","2,0","1","1,0","0","1,0","15","1,0","0","1,0","1","1,0","0","1,0","","","19550127",",1,0","19550110",",2,0","19550110",",1,0","","","19550110",",1,0","19550103",",1,0","-8.9","1,0,27,","102","2,,0,10,","102","1,,0,10,","8.9","1,,0,10,","22.2","1,0,03,","","","393.3","1,0","22.5","1,,,0","102","1,,,0","5.24","1,0","10.35","1,,,0","0.13","1,,,0"
"USC00346130","1955-02","35.778","-95.3338","157.9","MUSKOGEE, OK US","0.6","0","0.0","1,0","6",",0","3",",0","2",",0","0",",0","0",",0","0","1,0","15","1,0","0",",0","2",",0","0",",0","","","19550211",",1,0","19550228","+,,0","19550228","+,,0","","","19550219",",,0","19550228",",,0","-13.3","1,0,11,","0",",,0,28,+","0",",,0,28,+","26.9",",,0,19,","27.8",",0,28,","","","337.5",",0","71.5",",,,0","0",",,,0","5.79","1,0","12.44",",,,0","-0.86","1,,,0"
"USC00346130","1955-03","35.778","-95.3338","157.9","MUSKOGEE, OK US","14.8","0","14.2",",0","6",",0","6",",0","1",",0","1",",0","1",",0","0",",0","9",",0","0",",0","13",",0","0",",0","","","19550326",",,0","19550322",",,0","19550322",",,0","","","19550321",",,0","19550310",",,0","-10.0",",0,26,","25",",,0,22,","30",",,0,22,","61.0",",,0,21,","31.7",",0,10,","","","231.8",",0","118.0",",,,0","30",",,,0","11.31",",0","17.81",",,,0","4.82",",,,0"
"USC00346130","1955-04","35.778","-95.3338","157.9","MUSKOGEE, OK US","84.6","0","69.8",",0","9",",0","8",",0","0",",0","0",",0","0",",0","0",",0","0",",0","0",",0","26",",0","1",",0","","","19550407",",,0","19550430","+,,0","19550430","+,,0","","","19550411",",,0","19550422",",,0","2.8",",0,07,","0",",,0,30,+","0",",,0,30,+","23.4",",,0,11,","32.8",",0,22,","","","38.0",",0","81.6",",,,0","0",",,,0","19.39",",0","25.88",",,,0","12.90",",,,0"
"USC00346130","1955-05","35.778","-95.3338","157.9","MUSKOGEE, OK US","213.3","0","128.7",",0","14",",0","10",",0","2",",0","0",",0","0",",0","0",",0","0",",0","0",",0","31",",0","3",",0","","","19550530",",,0","19550531","+,,0","19550531","+,,0","","","19550521","+,,0","19550507","+,,0","11.1",",0,30,","0",",,0,31,+","0",",,0,31,+","27.4",",,0,21,+","33.3",",0,07,+","","","0.0",",0","124.9",",,,0","0",",,,0","22.48",",0","28.26",",,,0","16.71",",,,0"
"USC00346130","1955-06","35.778","-95.3338","157.9","MUSKOGEE, OK US","391.6","0","178.3",",0","10",",0","4",",0","1",",0","0",",0","0",",0","0",",0","0",",0","0",",0","30",",0","10",",0","","","19550611",",,0","19550630","+,,0","19550630","+,,0","","","19550606",",,0","19550629","+,,0","10.0",",0,11,","0",",,0,30,+","0",",,0,30,+","29.7",",,0,06,","35.6",",0,29,+","","","1.9",",0","64.5",",,,0","0",",,,0","24.21",",0","30.42",",,,0","18.00",",,,0"
"USC00346130","1955-07","35.778","-95.3338","157.9","MUSKOGEE, OK US","755.8","0","364.2",",0","4",",0","1",",0","0",",0","0",",0","0",",0","0",",0","0",",0","0",",0","31",",0","29",",0","","","19550717",",,0","19550731","+,,0","19550731","+,,0","","","19550717",",,0","19550730",",,0","20.6",",0,17,","0",",,0,31,+","0",",,0,31,+","13.7",",,0,17,","40.0",",0,30,","0.0","0","0.0",",0","19.1",",,,0","0",",,,0","30.08",",0","36.85",",,,0","23.31",",,,0"
"USC00346130","1955-08","35.778","-95.3338","157.9","MUSKOGEE, OK US","1052.4","0","296.6",",0","8",",0","6",",0","1",",0","0",",0","0",",0","0",",0","0",",0","0",",0","31",",0","28",",0","","","19550831",",,0","19550831","+,,0","19550831","+,,0","","","19550829",",,0","19550822",",,0","15.0",",0,31,","0",",,0,31,+","0",",,0,31,+","49.0",",,0,29,","39.4",",0,22,","0.0","0","0.0",",0","114.3",",,,0","0",",,,0","27.90",",0","34.59",",,,0","21.21",",,,0"
"USC00346130","1955-09","35.778","-95.3338","157.9","MUSKOGEE, OK US","1249.3","0","196.9",",0","8",",0","7",",0","0",",0","0",",0","0",",0","0",",0","0",",0","0",",0","30",",0","15",",0","","","19550912","+,,0","19550930","+,,0","19550930","+,,0","","","19550911",",,0","19550908",",,0","13.9",",0,12,+","0",",,0,30,+","0",",,0,30,+","18.5",",,0,11,","36.1",",0,08,","0.0","0","0.0",",0","60.3",",,,0","0",",,,0","24.90",",0","31.57",",,,0","18.22",",,,0"
"USC00346130","1955-10","35.778","-95.3338","157.9","MUSKOGEE, OK US","1294.8","0","45.5",",0","4",",0","2",",0","1",",0","0",",0","0",",0","0",",0","0",",0","0",",0","25",",0","0",",0","","","19551025","+,,0","19551031","+,,0","19551031","+,,0","","","19551005",",,0","19551010",",,0","1.7",",0,25,+","0",",,0,31,+","0",",,0,31,+","37.6",",,0,05,","31.1",",0,10,","76.5","0","76.5",",0","41.9",",,,0","0",",,,0","17.33",",0","24.37",",,,0","10.30",",,,0"
"USC00346130","1955-11","35.778","-95.3338","157.9","MUSKOGEE, OK US","1311.8","0","17.0",",0","3",",0","2",",0","0",",0","0",",0","0",",0","0",",0","15",",0","0",",0","9",",0","0",",0","","","19551129",",,0","19551130","+,,0","19551130","+,,0","","","19551116",",,0","19551115","+,,0","-9.4",",0,29,","0",",,0,30,+","0",",,0,30,+","8.9",",,0,16,","28.9",",0,15,+","357.2","0","280.7",",0","14.5",",,,0","0",",,,0","9.54",",0","16.53",",,,0","2.56",",,,0"
"USC00346130","1955-12","35.778","-95.3338","157.9","MUSKOGEE, OK US","1311.8","0","0.0",",0","2",",0","1",",0","0",",0","0",",0","0",",0","0",",0","21",",0","0",",0","1",",0","0",",0","","","19551216","+,,0","19551211",",,0","19551201",",,0","","","19551201",",,0","19551224",",,0","-10.0",",0,16,+","0",",T,0,11,","20",",,0,01,","8.6",",,0,01,","25.6",",0,24,","789.2","0","432.0",",0","9.6",",,,0","20",",,,0","4.40",",0","10.28",",,,0","-1.49",",,,0"
"USC00346130","1956-01","35.778","-95.3338","157.9","MUSKOGEE, OK US","0.0","0","0.0",",0","7",",0","3",",0","0",",0","5",",0","1",",0","0",",0","22",",0","3",",0","1",",0","0",",0","","","19560119","+,,0","19560119","+,,0","19560118",",,0","","","19560123",",,0","19560105",",,0","-11.7",",0,19,+","102",",,0,19,+","102",",,0,18,","15.0",",,0,23,","22.2",",0,05,","1272.6","0","483.4",",0","30.9",",,,0","115",",,,0","2.74",",0","8.46",",,,0","-2.98",",,,0"
"USC00346130","1956-02","35.778","-95.3338","157.9","MUSKOGEE, OK US","4.5","0","4.5",",0","12",",0","6",",0","0",",0","4",",0","2",",0","0",",0","13",",0","1",",0","5",",0","0",",0","","","19560203","+,,0","19560203",",,0","19560203",",,0","","","19560202",",,0","19560224",",,0","-7.2",",0,03,+","51",",,0,03,","56",",,0,03,","19.3",",,0,02,","27.8",",0,24,","1600.7","0","328.1",",0","52.1",",,,0","81",",,,0","7.17",",0","12.98",",,,0","1.36",",,,0"
"USC00346130","1956-03","35.778","-95.3338","157.9","MUSKOGEE, OK US","27.6","0","23.1",",0","6",",0","3",",0","0",",0","0",",0","0",",0","0",",0","7",",0","0",",0","17",",0","0",",0","","","19560312",",,0","19560331","+,,0","19560331","+,,0","","","19560322",",,0","19560306",",,0","-2.8",",0,12,","0",",,0,31,+","0",",,0,31,+","7.1",",,0,22,","31.7",",0,06,","1801.4","0","200.7",",0","19.3",",,,0","0",",,,0","12.60",",0","19.95",",,,0","5.26",",,,0"
"USC00346130","1956-04","35.778","-95.3338","157.9","MUSKOGEE, OK US","58.5","0","30.9",",0","8",",0","5",",0","0",",0","0",",0","0",",0","0",",0","0",",0","0",",0","21",",0","0",",0","","","19560417",",,0","19560430","+,,0","19560430","+,,0","","","19560429",",,0","19560427","+,,0","0.6",",0,17,","0",",,0,30,+","0",",,0,30,+","17.0",",,0,29,","30.6",",0,27,+","1916.4","0","115.0",",0","46.7",",,,0","0",",,,0","15.53",",0","22.76",",,,0","8.30",",,,0"
"USC00346130","1956-05","35.778","-95.3338","157.9","MUSKOGEE, OK US","217.2","0","158.7",",0","9",",0","8",",0","3",",0","0",",0","0",",0","0",",0","0",",0","0",",0","28",",0","7",",0","","","19560503",",,0","19560531","+,,0","19560531","+,,0","","","19560524",",,0","19560520",",,0","10.0",",0,03,","0",",,0,31,+","0",",,0,31,+","58.4",",,0,24,","34.4",",0,20,","1921.2","0","4.8",",0","173.8",",,,0","0",",,,0","23.30",",0","29.44",",,,0","17.15",",,,0"
"USC00346130","1956-06","35.778","-95.3338","157.9","MUSKOGEE, OK US","449.1","0","231.9",",0","9",",0","5",",0","1",",0","0",",0","0",",0","0",",0","0",",0","0",",0","30",",0","19",",0","","","19560602",",,0","19560630","+,,0","19560630","+,,0","","","19560628",",,0","19560627",",,0","9.4",",0,02,","0",",,0,30,+","0",",,0,30,+","42.7",",,0,28,","38.9",",0,27,","1922.3","0","1.1",",0","82.9",",,,0","0",",,,0","26.03",",0","32.33",",,,0","19.72",",,,0"
"USC00346130","1956-07","35.778","-95.3338","157.9","MUSKOGEE, OK US","798.3","0","349.2",",0","7",",0","5",",0","0",",0","0",",0","0",",0","0",",0","0",",0","0",",0","31",",0","31",",0","","","19560710",",,0","19560731","+,,0","19560731","+,,0","","","19560729",",,0","19560726",",,0","16.1",",0,10,","0",",,0,31,+","0",",,0,31,+","20.1",",,0,29,","40.6",",0,26,","0.0","0","0.0",",0","56.4",",,,0","0",",,,0","29.60",",0","36.81",",,,0","22.38",",,,0"
"USC00346130","1956-08","35.778","-95.3338","157.9","MUSKOGEE, OK US","1164.7","0","366.4","1,0","6",",0","1",",0","0",",0","0",",0","0",",0","0","1,0","0","1,0","0",",0","31",",0","28",",0","","","19560821",",1,0","19560831","+,,0","19560831","+,,0","","","19560820",",,0","19560816","+,,0","11.7","1,0,21,","0",",,0,31,+","0",",,0,31,+","7.9",",,0,20,","44.4",",0,16,+","0.0","0","0.0",",0","13.8",",,,0","0",",,,0","30.59","1,0","39.17",",,,0","22.00","1,,,0"
"USC00346130","1956-09","35.778","-95.3338","157.9","MUSKOGEE, OK US","1384.4","0","219.7",",0","2",",0","2",",0","0",",0","0",",0","0",",0","0",",0","0",",0","0",",0","30",",0","23",",0","","","19560908",",,0","19560930","+,,0","19560930","+,,0","","","19560924",",,0","19560916",",,0","8.9",",0,08,","0",",,0,30,+","0",",,0,30,+","5.8",",,0,24,","40.0",",0,16,","0.0","0","0.0",",0","10.1",",,,0","0",",,,0","25.66",",0","34.53",",,,0","16.78",",,,0"
"USC00346130","1956-10","35.778","-95.3338","157.9","MUSKOGEE, OK US","1461.1","0","76.7",",0","6",",0","4",",0","0",",0","0",",0","0",",0","0",",0","0",",0","0",",0","29",",0","3",",0","","","19561026",",,0","19561031","+,,0","19561031","+,,0","","","19561031",",,0","19561005","+,,0","3.3",",0,26,","0",",,0,31,+","0",",,0,31,+","23.9",",,0,31,","33.3",",0,05,+","25.9","0","25.9",",0","50.9",",,,0","0",",,,0","19.97",",0","26.92",",,,0","13.02",",,,0"
"USC00346130","1956-11","35.778","-95.3338","157.9","MUSKOGEE, OK US","1464.5","0","3.4",",0","9",",0","7",",0","1",",0","0",",0","0",",0","0",",0","11",",0","0",",0","7",",0","0",",0","","","19561129",",,0","19561130","+,,0","19561130","+,,0","","","19561104",",,0","19561114",",,0","-8.3",",0,29,","0",",,0,30,+","0",",,0,30,+","25.9",",,0,04,","25.6",",0,14,","302.8","0","276.9",",0","85.5",",,,0","0",",,,0","9.22",",0","15.30",",,,0","3.13",",,,0"
"USC00346130","1956-12","35.778","-95.3338","157.9","MUSKOGEE, OK US","1466.5","0","2.0",",0","6",",0","4",",0","0",",0","0",",0","0",",0","0",",0","15",",0","1",",0","5",",0","0",",0","","","19561209",",,0","19561231","+,,0","19561231","+,,0","","","19561207",",,0","19561205",",,0","-6.1",",0,09,","0",",,0,31,+","0",",,0,31,+","15.5",",,0,07,","25.6",",0,05,","653.9","0","351.1",",0","58.2",",,,0","0",",,,0","7.07",",0","12.72",",,,0","1.42",",,,0"
"USC00346130","1957-01","35.778","-95.3338","157.9","MUSKOGEE, OK US","0.0","0","0.0",",0","14",",0","5",",0","1",",0","0","1,0","0","1,0","0",",0","22",",0","7",",0","2",",0","0",",0","","","19570116","+,,0","19570128","+,1,0","19570127",",1,0","","","19570122",",,0","19570121",",,0","-11.1",",0,16,+","0","1,T,0,28,+","10","1,,0,27,","31.0",",,0,22,","23.3",",0,21,","1145.1","0","491.2",",0","71.2",",,,0","15","1,,,0","2.49",",0","7.41",",,,0","-2.44",",,,0"
"USC00346130","1957-02","35.778","-95.3338","157.9","MUSKOGEE, OK US","2.2","0","2.2",",0","10",",0","6",",0","0",",0","0",",0","0",",0","0",",0","5",",0","0",",0","2",",0","0",",0","","","19570228","+,,0","19570228","+,,0","19570228","+,,0","","","19570208",",,0","19570209",",,0","-1.7",",0,28,+","0",",,0,28,+","0",",,0,28,+","6.4",",,0,08,","26.1",",0,09,","1400.1","0","255.0",",0","31.9",",,,0","0",",,,0","9.31",",0","14.19",",,,0","4.42",",,,0"
"USC00346130","1957-03","35.778","-95.3338","157.9","MUSKOGEE, OK US","2.2","0","0.0",",0","11",",0","8",",0","0",",0","0",",0","0",",0","0",",0","7",",0","0",",0","5",",0","0",",0","","","19570308",",,0","19570331","+,,0","19570331","+,,0","","","19570324",",,0","19570313",",,0","-6.7",",0,08,","0",",,0,31,+","0",",,0,31,+","18.3",",,0,24,","23.9",",0,13,","1678.6","0","278.5",",0","79.3",",,,0","0",",,,0","9.35",",0","14.60",",,,0","4.09",",,,0"
"USC00346130","1957-04","35.778","-95.3338","157.9","MUSKOGEE, OK US","28.3","0","26.1",",0","17",",0","16",",0","4",",0","1",",0","0",",0","0",",0","3",",0","0",",0","21",",0","0",",0","","","19570413",",,0","19570413",",,0","19570413",",,0","","","19570419",",,0","19570425",",,0","-5.6",",0,13,","25",",,0,13,","18",",,0,13,","38.6",",,0,19,","27.8",",0,25,","1784.8","0","106.2",",0","271.3",",,,0","18",",,,0","15.66",",0","21.20",",,,0","10.12",",,,0"
"USC00346130","1957-05","35.778","-95.3338","157.9","MUSKOGEE, OK US","118.3","0","90.0",",0","19",",0","12",",0","4",",0","0",",0","0",",0","0",",0","0",",0","0",",0","30",",0","1",",0","","","19570505",",,0","19570531","+,,0","19570531","+,,0","","","19570525",",,0","19570521",",,0","5.6",",0,05,","0",",,0,31,+","0",",,0,31,+","153.9",",,0,25,","32.2",",0,21,","1795.1","0","10.3",",0","357.4",",,,0","0",",,,0","20.90",",0","26.48",",,,0","15.33",",,,0"
"USC00346130","1957-06","35.778","-95.3338","157.9","MUSKOGEE, OK US","327.9","0","209.6",",0","13",",0","9",",0","3",",0","0",",0","0",",0","0",",0","0",",0","0",",0","30",",0","16",",0","","","19570624",",,0","19570630","+,,0","19570630","+,,0","","","19570615",",,0","19570629",",,0","12.8",",0,24,","0",",,0,30,+","0",",,0,30,+","41.7",",,0,15,","34.4",",0,29,","1795.1","0","0.0",",0","171.6",",,,0","0",",,,0","25.32",",0","30.56",",,,0","20.08",",,,0"
"USC00346130","1957-07","35.778","-95.3338","157.9","MUSKOGEE, OK US","676.8","0","348.9",",0","2",",0","2",",0","0",",0","0",",0","0",",0","0",",0","0",",0","0",",0","31",",0","31",",0","","","19570706",",,0","19570731","+,,0","19570731","+,,0","","","19570701",",,0","19570729",",,0","17.8",",0,06,","0",",,0,31,+","0",",,0,31,+","21.1",",,0,01,","40.0",",0,29,","0.0","0","0.0",",0","36.6",",,,0","0",",,,0","29.59",",0","36.22",",,,0","22.95",",,,0"
"USC00346130","1957-08","35.778","-95.3338","157.9","MUSKOGEE, OK US","969.1","0","292.3",",0","7",",0","5",",0","1",",0","0",",0","0",",0","0",",0","0",",0","0",",0","31",",0","24",",0","","","19570807",",,0","19570831","+,,0","19570831","+,,0","","","19570817",",,0","19570814","+,,0","15.0",",0,07,","0",",,0,31,+","0",",,0,31,+","31.2",",,0,17,","38.9",",0,14,+","0.0","0","0.0",",0","69.2",",,,0","0",",,,0","27.76",",0","34.24",",,,0","21.29",",,,0"
"USC00346130","1957-09","35.778","-95.3338","157.9","MUSKOGEE, OK US","1079.5","0","110.4",",0","10",",0","7",",0","2",",0","0",",0","0",",0","0",",0","0",",0","0",",0","30",",0","5",",0","","","19570930",",,0","19570930","+,,0","19570930","+,,0","","","19570915",",,0","19570903",",,0","7.2",",0,30,","0",",,0,30,+","0",",,0,30,+","66.8",",,0,15,","36.1",",0,03,","4.2","0","4.2",",0","169.2",",,,0","0",",,,0","21.87",",0","28.13",",,,0","15.61",",,,0"
"USC00346130","1957-10","35.778","-95.3338","157.9","MUSKOGEE, OK US","1094.5","0","15.0",",0","7",",0","2",",0","0",",0","0",",0","0",",0","0",",0","3",",0","0",",0","14",",0","0",",0","","","19571026",",,0","19571031","+,,0","19571031","+,,0","","","19571023",",,0","19571004","+,,0","-4.4",",0,26,","0",",,0,31,+","0",",,0,31,+","10.4",",,0,23,","28.3",",0,04,+","124.6","0","120.4",",0","22.7",",,,0","0",",,,0","14.93",",0","20.52",",,,0","9.34",",,,0"
"USC00346130","1957-11","35.778","-95.3338","157.9","MUSKOGEE, OK US","1094.5","0","0.0",",0","12",",0","7",",0","1",",0","0",",0","0",",0","0",",0","8",",0","0",",0","4",",0","0",",0","","","19571130","+,,0","19571130","+,,0","19571130","+,,0","","","19571107",",,0","19571115","+,,0","-4.4",",0,30,+","0",",,0,30,+","0",",,0,30,+","43.9",",,0,07,","23.3",",0,15,+","397.5","0","272.9",",0","92.6",",,,0","0",",,,0","9.24",",0","14.11",",,,0","4.36",",,,0"
"USC00346130","1957-12","35.778","-95.3338","157.9","MUSKOGEE, OK US","1094.5","0","0.0",",0","6",",0","3",",0","1",",0","0",",0","0",",0","0",",0","10",",0","0",",0","1",",0","0",",0","","","19571211",",,0","19571231","+,,0","19571208",",,0","","","19571225",",,0","19571215",",,0","-10.6",",0,11,","0",",,0,31,+","0",",T,0,08,","43.4",",,0,25,","21.1",",0,15,","686.9","0","289.4",",0","56.4",",,,0","0",",T,,0","9.00",",0","15.02",",,,0","2.97",",,,0"
"USC00346130","1958-01","35.778","-95.3338","157.9","MUSKOGEE, OK US","0.0","0","0.0",",0","5",",0","3",",0","0",",0","3",",0","1",",0","0",",0","22",",0","0",",0","0",",0","0",",0","","","19580108",",,0","19580121",",,0","19580121",",,0","","","19580121",",,0","19580111","+,,0","-9.4",",0,08,","76",",,0,21,","76",",,0,21,","16.5",",,0,21,","17.2",",0,11,+","1134.4","0","447.5",",0","35.3",",,,0","76",",,,0","3.90",",0","9.60",",,,0","-1.81",",,,0"
"USC00346130","1958-02","35.778","-95.3338","157.9","MUSKOGEE, OK US","0.0","0","0.0",",0","4",",0","3",",0","1",",0","2",",0","1",",0","0",",0","17",",0","6",",0","2",",0","0",",0","","","19580212",",,0","19580210",",,0","19580210",",,0","","","19580206",",,0","19580224",",,0","-11.1",",0,12,","51",",,0,10,","51",",,0,10,","46.2",",,0,06,","23.9",",0,24,","1553.8","0","419.4",",0","60.7",",,,0","51",",,,0","3.35",",0","8.37",",,,0","-1.66",",,,0"
"USC00346130","1958-03","35.778","-95.3338","157.9","MUSKOGEE, OK US","0.0","0","0.0",",0","13",",0","9",",0","0",",0","1",",0","1",",0","0",",0","12",",0","0",",0","0",",0","0",",0","","","19580303",",,0","19580313",",,0","19580313",",,0","","","19580309",",,0","19580307",",,0","-4.4",",0,03,","102",",,0,13,","114",",,0,13,","24.1",",,0,09,","20.6",",0,07,","1913.2","0","359.4",",0","116.4",",,,0","114",",,,0","6.74",",0","11.27",",,,0","2.21",",,,0"
"USC00346130","1958-04","35.778","-95.3338","157.9","MUSKOGEE, OK US","13.4","0","13.4",",0","13",",0","8",",0","3",",0","0",",0","0",",0","0",",0","0",",0","0",",0","20",",0","0",",0","","","19580407",",,0","19580430","+,,0","19580430","+,,0","","","19580420",",,0","19580423",",,0","2.2",",0,07,","0",",,0,30,+","0",",,0,30,+","27.4",",,0,20,","31.7",",0,23,","1993.9","0","80.7",",0","134.8",",,,0","0",",,,0","16.09",",0","22.46",",,,0","9.72",",,,0"
"USC00346130","1958-05","35.778","-95.3338","157.9","MUSKOGEE, OK US","131.6","0","118.2",",0","14",",0","8",",0","2",",0","0",",0","0",",0","0",",0","0",",0","0",",0","28",",0","4",",0","","","19580506",",,0","19580531","+,,0","19580531","+,,0","","","19580503",",,0","19580531","+,,0","7.2",",0,06,","0",",,0,31,+","0",",,0,31,+","33.3",",,0,03,","32.8",",0,31,+","2004.7","0","10.8",",0","118.7",",,,0","0",",,,0","21.80",",0","27.97",",,,0","15.62",",,,0"
"USC00346130","1958-06","35.778","-95.3338","157.9","MUSKOGEE, OK US","357.3","0","225.7",",0","9",",0","7",",0","4",",0","0",",0","0",",0","0",",0","0",",0","0",",0","30",",0","17",",0","","","19580626",",,0","19580630","+,,0","19580630","+,,0","","","19580625",",,0","19580605",",,0","11.1",",0,26,","0",",,0,30,+","0",",,0,30,+","89.4",",,0,25,","36.7",",0,05,","2004.7","0","0.0",",0","206.4",",,,0","0",",,,0","25.86",",0","32.06",",,,0","19.65",",,,0"
"USC00346130","1958-07","35.778","-95.3338","157.9","MUSKOGEE, OK US","636.5","0","279.2",",0","10",",0","6",",0","2",",0","0",",0","0",",0","0",",0","0",",0","0",",0","31",",0","24",",0","","","19580708",",,0","19580731","+,,0","19580731","+,,0","","","19580713",",,0","19580724",",,0","16.7",",0,08,","0",",,0,31,+","0",",,0,31,+","54.6",",,0,13,","36.1",",0,24,","0.0","0","0.0",",0","146.3",",,,0","0",",,,0","27.34",",0","32.63",",,,0","22.05",",,,0"
"USC00346130","1958-08","35.778","-95.3338","157.9","MUSKOGEE, OK US","907.9","0","271.4",",0","8",",0","7",",0","2",",0","0",",0","0",",0","0",",0","0",",0","0",",0","31",",0","21",",0","","","19580825",",,0","19580831","+,,0","19580831","+,,0","","","19580809",",,0","19580812",",,0","13.3",",0,25,","0",",,0,31,+","0",",,0,31,+","64.8",",,0,09,","36.7",",0,12,","0.0","0","0.0",",0","174.5",",,,0","0",",,,0","27.09",",0","33.03",",,,0","21.15",",,,0"
"USC00346130","1958-09","35.778","-95.3338","157.9","MUSKOGEE, OK US","1077.7","0","169.8",",0","10",",0","8",",0","0",",0","0",",0","0",",0","0",",0","0",",0","0",",0","28",",0","9",",0","","","19580928",",,0","19580930","+,,0","19580930","+,,0","","","19580916","+,,0","19580901",",,0","7.2",",0,28,","0",",,0,30,+","0",",,0,30,+","11.4",",,0,16,+","34.4",",0,01,","11.7","0","11.7",",0","48.2",",,,0","0",",,,0","23.60",",0","28.83",",,,0","18.38",",,,0"
"USC00346130","1958-10","35.778","-95.3338","157.9","MUSKOGEE, OK US","1110.8","0","33.1",",0","8",",0","3",",0","0",",0","0",",0","0",",0","0",",0","0",",0","0",",0","20",",0","0",",0","","","19581029","+,,0","19581031","+,,0","19581031","+,,0","","","19581010",",,0","19581019",",,0","0.6",",0,29,+","0",",,0,31,+","0",",,0,31,+","14.2",",,0,10,","29.4",",0,19,","103.9","0","92.2",",0","24.2",",,,0","0",",,,0","16.42",",0","22.58",",,,0","10.27",",,,0"
"USC00346130","1958-11","35.778","-95.3338","157.9","MUSKOGEE, OK US","1114.2","0","3.4",",0","8",",0","6",",0","0",",0","2",",0","1",",0","0",",0","7",",0","0",",0","13",",0","0",",0","","","19581129",",,0","19581128",",,0","19581128",",,0","","","19581115",",,0","19581112",",,0","-4.4",",0,29,","51",",,0,28,","51",",,0,28,","24.1",",,0,15,","26.1",",0,12,","297.6","0","193.7",",0","63.9",",,,0","51",",,,0","11.99",",0","18.55",",,,0","5.42",",,,0"
"USC00346130","1958-12","35.778","-95.3338","157.9","MUSKOGEE, OK US","1114.2","0","0.0",",0","6",",0","3",",0","0",",0","6","1,0","2",",0","0",",0","20",",0","3",",0","0",",0","0",",0","","","19581214",",,0","19581213",",1,0","19581213",",,0","","","19581213",",,0","19581204",",,0","-16.1",",0,14,","152","1,,0,13,","140",",,0,13,","10.2",",,0,13,","20.6",",0,04,","745.9","0","448.3",",0","28.1",",,,0","165",",,,0","3.87",",0","9.75",",,,0","-2.01",",,,0"
"USC00346130","1959-01","35.778","-95.3338","157.9","MUSKOGEE, OK US","0.0","0","0.0",",0","2",",0","2",",0","0",",0","5",",0","1","1,0","0",",0","21",",0","4",",0","0",",0","0",",0","","","19590104",",,0","19590122","+,,0","19590121",",1,0","","","19590121",",,0","19590129",",,0","-17.2",",0,04,","76",",,0,22,+","76","1,,0,21,","7.4",",,0,21,","20.0",",0,29,","1228.1","0","482.2",",0","11.5",",,,0","76","1,,,0","2.78",",0","8.51",",,,0","-2.95",",,,0"
"USC00346130","1959-02","35.778","-95.3338","157.9","MUSKOGEE, OK US","0.0","0","0.0",",0","10",",0","4",",0","0",",0","1",",0","1",",0","0",",0","14",",0","0",",0","0",",0","0",",0","","","19590206",",,0","19590206",",,0","19590206",",,0","","","19590228",",,0","19590216","+,,0","-10.0",",0,06,","25",",,0,06,","25",",,0,06,","11.4",",,0,28,","20.6",",0,16,+","1560.2","0","332.1",",0","32.1",",,,0","25",",,,0","6.47",",0","12.65",",,,0","0.30",",,,0"
"USC00346130","1959-03","35.778","-95.3338","157.9","MUSKOGEE, OK US","7.0","0","7.0",",0","10",",0","5",",0","2",",0","0",",0","0",",0","0",",0","11",",0","0",",0","10",",0","0",",0","","","19590307",",,0","19590331","+,,0","19590305",",,0","","","19590305",",,0","19590331",",,0","-3.9",",0,07,","0",",,0,31,+","0",",T,0,05,","57.2",",,0,05,","27.8",",0,31,","1782.0","0","221.8",",0","126.5",",,,0","0",",T,,0","11.40",",0","18.25",",,,0","4.55",",,,0"
"USC00346130","1959-04","35.778","-95.3338","157.9","MUSKOGEE, OK US","45.7","0","38.7",",0","10",",0","7",",0","1",",0","0",",0","0",",0","0",",0","0",",0","0",",0","22",",0","0",",0","","","19590414",",,0","19590430","+,,0","19590430","+,,0","","","19590419",",,0","19590430",",,0","0.6",",0,14,","0",",,0,30,+","0",",,0,30,+","33.3",",,0,19,","31.7",",0,30,","1879.6","0","97.6",",0","78.8",",,,0","0",",,,0","16.37",",0","23.19",",,,0","9.55",",,,0"
"USC00346130","1959-05","35.778","-95.3338","157.9","MUSKOGEE, OK US","179.1","0","133.4",",0","13",",0","11",",0","1",",0","0",",0","0",",0","0",",0","0",",0","0",",0","31",",0","2",",0","","","19590514",",,0","19590531","+,,0","19590531","+,,0","","","19590511",",,0","19590529",",,0","7.2",",0,14,","0",",,0,31,+","0",",,0,31,+","29.0",",,0,11,","32.8",",0,29,","1887.1","0","7.5",",0","136.9",",,,0","0",",,,0","22.39",",0","27.89",",,,0","16.90",",,,0"
"USC00346130","1959-06","35.778","-95.3338","157.9","MUSKOGEE, OK US","385.3","0","206.2",",0","8",",0","5",",0","2",",0","0",",0","0",",0","0",",0","0",",0","0",",0","30",",0","12",",0","","","19590603",",,0","19590630","+,,0","19590630","+,,0","","","19590601",",,0","19590618",",,0","13.3",",0,03,","0",",,0,30,+","0",",,0,30,+","70.6",",,0,01,","35.0",",0,18,","1887.1","0","0.0",",0","133.1",",,,0","0",",,,0","25.21",",0","30.97",",,,0","19.44",",,,0"
"USC00346130","1959-07","35.778","-95.3338","157.9","MUSKOGEE, OK US","632.4","0","247.1",",0","10",",0","9",",0","3",",0","0",",0","0",",0","0",",0","0",",0","0",",0","31",",0","16",",0","","","19590710","+,,0","19590731","+,,0","19590731","+,,0","","","19590722",",,0","19590731","+,,0","16.7",",0,10,+","0",",,0,31,+","0",",,0,31,+","59.2",",,0,22,","35.6",",0,31,+","0.0","0","0.0",",0","222.8",",,,0","0",",,,0","26.30",",0","32.06",",,,0","20.55",",,,0"
"USC00346130","1959-08","35.778","-95.3338","157.9","MUSKOGEE, OK US","920.6","0","288.2",",0","4",",0","3",",0","0",",0","0",",0","0",",0","0",",0","0",",0","0",",0","31",",0","23",",0","","","19590809",",,0","19590831","+,,0","19590831","+,,0","","","19590807",",,0","19590806","+,,0","16.1",",0,09,","0",",,0,31,+","0",",,0,31,+","21.8",",,0,07,","36.1",",0,06,+","0.0","0","0.0",",0","52.8",",,,0","0",",,,0","27.63",",0","33.31",",,,0","21.95",",,,0"
"USC00346130","1959-09","35.778","-95.3338","157.9","MUSKOGEE, OK US","1083.8","0","163.2",",0","7",",0","4",",0","2",",0","0",",0","0",",0","0",",0","0",",0","0",",0","29",",0","8",",0","","","19590911",",,0","19590930","+,,0","19590930","+,,0","","","19590925",",,0","19590907","+,,0","7.2",",0,11,","0",",,0,30,+","0",",,0,30,+","49.0",",,0,25,","33.3",",0,07,+","4.4","0","4.4",",0","116.9",",,,0","0",",,,0","23.63",",0","29.71",",,,0","17.54",",,,0"
"USC00346130","1959-10","35.778","-95.3338","157.9","MUSKOGEE, OK US","1094.1","0","10.3",",0","12",",0","7",",0","4",",0","0",",0","0",",0","0",",0","0",",0","0",",0","18",",0","0",",0","","","19591018",",,0","19591031","+,,0","19591031","+,,0","","","19591003",",,0","19591002",",,0","1.7",",0,18,","0",",,0,31,+","0",",,0,31,+","52.1",",,0,03,","28.9",",0,02,","94.4","0","90.0",",0","187.5",",,,0","0",",,,0","15.76",",0","21.51",",,,0","10.01",",,,0"
"USC00346130","1959-11","35.778","-95.3338","157.9","MUSKOGEE, OK US","1096.3","0","2.2",",0","2",",0","1",",0","1",",0","0",",0","0",",0","0",",0","17",",0","1",",0","6",",0","0",",0","","","19591117",",,0","19591130","+,,0","19591127",",,0","","","19591104",",,0","19591102","+,,0","-11.7",",0,17,","0",",,0,30,+","0",",T,0,27,","82.6",",,0,04,","24.4",",0,02,+","428.1","0","333.7",",0","84.1",",,,0","0",",T,,0","7.28",",0","13.81",",,,0","0.76",",,,0"
"USC00346130","1959-12","35.778","-95.3338","157.9","MUSKOGEE, OK US","1096.3","0","0.0",",0","8",",0","6",",0","2",",0","0",",0","0",",0","0",",0","12",",0","0",",0","0",",0","0",",0","","","19591206",",,0","19591231","+,,0","19591231","+,,0","","","19591218",",,0","19591207","+,,0","-5.6",",0,06,","0",",,0,31,+","0",",,0,31,+","42.4",",,0,18,","17.8",",0,07,+","761.3","0","333.2",",0","111.6",",,,0","0",",,,0","7.59",",0","12.69",",,,0","2.48",",,,0"
"USC00346130","1960-01","35.778","-95.3338","157.9","MUSKOGEE, OK US","1.4","0","1.4","1,0","6",",0","5",",0","0",",0","4",",0","1",",0","0","1,0","20","1,0","2",",0","1",",0","0",",0","","","19600122","+,1,0","19600106",",,0","19600106",",,0","","","19600113",",,0","19600112",",,0","-9.4","1,0,22,+","102",",,0,06,","102",",,0,06,","15.5",",,0,13,","23.3",",0,12,","1188.6","0","427.3",",0","51.6",",,,0","115",",,,0","4.33","1,0","9.02",",,,0","-0.36","1,,,0"
"USC00346130","1960-02","35.778","-95.3338","157.9","MUSKOGEE, OK US","1.4","0","0.0",",0","8",",0","6",",0","1",",0","7","1,0","4",",0","0",",0","20",",0","3",",0","2",",0","0",",0","","","19600226",",,0","19600225",",1,0","19600225",",,0","","","19600204",",,0","19600209",",,0","-11.1",",0,26,","127","1,,0,25,","127",",,0,25,","30.2",",,0,04,","25.6",",0,09,","1624.0","0","435.4",",0","68.2",",,,0","305",",,,0","3.32",",0","8.78",",,,0","-2.14",",,,0"
"USC00346130","1960-03","35.778","-95.3338","157.9","MUSKOGEE, OK US","4.2","0","2.8",",0","8",",0","6",",0","0",",0","0","4,0","1",",0","0",",0","18",",0","3",",0","6",",0","0",",0","","","19600303",",,0","19600331","+,4,0","19600302",",,0","","","19600316",",,0","19600331",",,0","-12.8",",0,03,","0","4,,0,31,+","51",",,0,02,","9.7",",,0,16,","28.9",",0,31,","2031.2","0","407.2",",0","35.8",",,,0","51",",,,0","5.29",",0","11.06",",,,0","-0.48",",,,0"
"USC00346130","1960-04","35.778","-95.3338","157.9","MUSKOGEE, OK US","42.6","0","38.4",",0","10",",0","5",",0","2",",0","0",",0","0",",0","0",",0","0",",0","0",",0","24",",0","1",",0","","","19600404","+,,0","19600430","+,,0","19600430","+,,0","","","19600430",",,0","19600406",",,0","2.2",",0,04,+","0",",,0,30,+","0",",,0,30,+","65.3",",,0,30,","34.4",",0,06,","2089.6","0","58.4",",0","151.8",",,,0","0",",,,0","17.67",",0","24.49",",,,0","10.85",",,,0"
"USC00346130","1960-05","35.778","-95.3338","157.9","MUSKOGEE, OK US","121.8","0","79.2",",0","11",",0","9",",0","3",",0","0",",0","0",",0","0",",0","0",",0","0",",0","28",",0","0",",0","","","19600501",",,0","19600531","+,,0","19600531","+,,0","","","19600506",",,0","19600525",",,0","2.2",",0,01,","0",",,0,31,+","0",",,0,31,+","61.5",",,0,06,","31.7",",0,25,","2124.3","0","34.7",",0","204.2",",,,0","0",",,,0","19.77",",0","26.31",",,,0","13.23",",,,0"
"USC00346130","1960-06","35.778","-95.3338","157.9","MUSKOGEE, OK US","331.7","0","209.9",",0","11",",0","9",",0","1",",0","0",",0","0",",0","0",",0","0",",0","0",",0","30",",0","11",",0","","","19600617",",,0","19600630","+,,0","19600630","+,,0","","","19600602",",,0","19600622",",,0","12.8",",0,17,","0",",,0,30,+","0",",,0,30,+","54.6",",,0,02,","35.6",",0,22,","2124.3","0","0.0",",0","138.7",",,,0","0",",,,0","25.33",",0","30.92",",,,0","19.74",",,,0"
"USC00346130","1960-07","35.778","-95.3338","157.9","MUSKOGEE, OK US","601.4","0","269.7",",0","10",",0","7",",0","4",",0","0",",0","0",",0","0",",0","0",",0","0",",0","31",",0","20",",0","","","19600715",",,0","19600731","+,,0","19600731","+,,0","","","19600723",",,0","19600712",",,0","17.2",",0,15,","0",",,0,31,+","0",",,0,31,+","91.4",",,0,23,","37.8",",0,12,","0.0","0","0.0",",0","220.7",",,,0","0",",,,0","27.03",",0","32.84",",,,0","21.23",",,,0"
"USC00346130","1960-08","35.778","-95.3338","157.9","MUSKOGEE, OK US","871.2","0","269.8",",0","7",",0","4",",0","0",",0","0",",0","0",",0","0",",0","0",",0","0",",0","31",",0","23",",0","","","19600812",",,0","19600831","+,,0","19600831","+,,0","","","19600818",",,0","19600805",",,0","15.6",",0,12,","0",",,0,31,+","0",",,0,31,+","22.4",",,0,18,","36.1",",0,05,","0.0","0","0.0",",0","40.6",",,,0","0",",,,0","27.04",",0","33.00",",,,0","21.07",",,,0"
"USC00346130","1960-09","35.778","-95.3338","157.9","MUSKOGEE, OK US","1056.8","0","185.6",",0","6",",0","3",",0","0",",0","0",",0","0",",0","0",",0","0",",0","0",",0","30",",0","14",",0","","","19600913",",,0","19600930","+,,0","19600930","+,,0","","","19600910",",,0","19600904",",,0","8.9",",0,13,","0",",,0,30,+","0",",,0,30,+","20.8",",,0,10,","35.6",",0,04,","0.0","0","0.0",",0","40.7",",,,0","0",",,,0","24.52",",0","31.15",",,,0","17.89",",,,0"
"USC00346130","1960-10","35.778","-95.3338","157.9","MUSKOGEE, OK US","1116.9","0","60.1",",0","8",",0","5",",0","1",",0","0",",0","0",",0","0",",0","1",",0","0",",0","26",",0","0",",0","","","19601020",",,0","19601031","+,,0","19601031","+,,0","","","19601019",",,0","19601001",",,0","-1.1",",0,20,","0",",,0,31,+","0",",,0,31,+","39.1",",,0,19,","31.7",",0,01,","42.2","0","42.2",",0","85.4",",,,0","0",",,,0","18.91",",0","25.25",",,,0","12.56",",,,0"
"USC00346130","1960-11","35.778","-95.3338","157.9","MUSKOGEE, OK US","1127.8","0","10.9",",0","8",",0","2",",0","0",",0","0",",0","0",",0","0",",0","6",",0","0",",0","10",",0","0",",0","","","19601110",",,0","19601130","+,,0","19601130","+,,0","","","19601109",",,0","19601115","+,,0","-6.1",",0,10,","0",",,0,30,+","0",",,0,30,+","9.9",",,0,09,","25.6",",0,15,+","252.8","0","210.6",",0","19.3",",,,0","0",",,,0","11.68",",0","18.41",",,,0","4.95",",,,0"
"USC00346130","1960-12","35.778","-95.3338","157.9","MUSKOGEE, OK US","1127.8","0","0.0",",0","9",",0","5",",0","1",",0","0",",0","0",",0","0",",0","19",",0","2",",0","1",",0","0",",0","","","19601221",",,0","19601214",",,0","19601214",",,0","","","19601211",",,0","19601225",",,0","-9.4",",0,21,","0",",T,0,14,","5",",,0,14,","55.1",",,0,11,","21.1",",0,25,","696.5","0","443.7",",0","108.9",",,,0","5",",,,0","4.02",",0","9.46",",,,0","-1.42",",,,0"
"USC00346130","1961-01","35.778","-95.3338","157.9","MUSKOGEE, OK US","0.0","0","0.0",",0","4",",0","2",",0","0",",0","0",",0","0",",0","0",",0","25",",0","4",",0","0",",0","0",",0","","","19610121",",,0","19610131","+,,0","19610126","+,,0","","","19610114",",,0","19610118",",,0","-14.4",",0,21,","0",",,0,31,+","0",",T,0,26,+","12.4",",,0,14,","17.2",",0,18,","1183.1","0","486.6",",0","22.9",",,,0","0",",T,,0","2.64",",0","9.55",",,,0","-4.28",",,,0"
"USC00346130","1961-02","35.778","-95.3338","157.9","MUSKOGEE, OK US","0.0","0","0.0",",0","9",",0","6",",0","1",",0","4",",0","2",",0","0",",0","13",",0","0",",0","6",",0","0",",0","","","19610204","+,,0","19610207",",,0","19610207",",,0","","","19610218",",,0","19610212",",,0","-6.1",",0,04,+","127",",,0,07,","114",",,0,07,","32.5",",,0,18,","26.1",",0,12,","1468.3","0","285.2",",0","70.6",",,,0","165",",,,0","8.15",",0","13.90",",,,0","2.40",",,,0"
"USC00346130","1961-03","35.778","-95.3338","157.9","MUSKOGEE, OK US","9.5","0","9.5",",0","13",",0","10",",0","0",",0","0",",0","0",",0","0",",0","2",",0","0",",0","14",",0","0",",0","","","19610301",",,0","19610331","+,,0","19610331","+,,0","","","19610331",",,0","19610305","+,,0","-1.7",",0,01,","0",",,0,31,+","0",",,0,31,+","17.8",",,0,31,","27.8",",0,05,+","1652.0","0","183.7",",0","90.7",",,,0","0",",,,0","12.71",",0","19.10",",,,0","6.32",",,,0"
"USC00346130","1961-04","35.778","-95.3338","157.9","MUSKOGEE, OK US","43.4","0","33.9",",0","10",",0","6",",0","0",",0","0",",0","0",",0","0",",0","1",",0","0",",0","16",",0","0",",0","","","19610401",",,0","19610430","+,,0","19610430","+,,0","","","19610415",",,0","19610424",",,0","0.0",",0,01,","0",",,0,30,+","0",",,0,30,+","7.9",",,0,15,","29.4",",0,24,","1783.4","0","131.4",",0","36.3",",,,0","0",",,,0","15.08",",0","21.90",",,,0","8.27",",,,0"
"USC00346130","1961-05","35.778","-95.3338","157.9","MUSKOGEE, OK US","113.4","0","70.0",",0","11",",0","8",",0","3",",0","0",",0","0",",0","0",",0","0",",0","0",",0","29",",0","0",",0","","","19610502",",,0","19610531","+,,0","19610531","+,,0","","","19610505",",,0","19610529","+,,0","3.3",",0,02,","0",",,0,31,+","0",",,0,31,+","72.4",",,0,05,","31.7",",0,29,+","1805.9","0","22.5",",0","194.6",",,,0","0",",,,0","19.87",",0","25.94",",,,0","13.80",",,,0"
"USC00346130","1961-06","35.778","-95.3338","157.9","MUSKOGEE, OK US","275.1","0","161.7",",0","6",",0","5",",0","1",",0","0",",0","0",",0","0",",0","0",",0","0",",0","30",",0","6",",0","","","19610621",",,0","19610630","+,,0","19610630","+,,0","","","19610615",",,0","19610630","+,,0","13.3",",0,21,","0",",,0,30,+","0",",,0,30,+","27.4",",,0,15,","33.9",",0,30,+","1805.9","0","0.0",",0","72.3",",,,0","0",",,,0","23.72",",0","29.56",",,,0","17.89",",,,0"
"USC00346130","1961-07","35.778","-95.3338","157.9","MUSKOGEE, OK US","530.2","0","255.1",",0","10",",0","8",",0","2",",0","0",",0","0",",0","0",",0","0",",0","0",",0","31",",0","21",",0","","","19610710",",,0","19610731","+,,0","19610731","+,,0","","","19610715",",,0","19610719",",,0","15.6",",0,10,","0",",,0,31,+","0",",,0,31,+","181.9",",,0,15,","35.6",",0,19,","0.0","0","0.0",",0","261.6",",,,0","0",",,,0","26.56",",0","32.56",",,,0","20.56",",,,0"
"USC00346130","1961-08","35.778","-95.3338","157.9","MUSKOGEE, OK US","758.4","0","228.2",",0","8",",0","6",",0","1",",0","0",",0","0",",0","0",",0","0",",0","0",",0","31",",0","18",",0","","","19610824",",,0","19610831","+,,0","19610831","+,,0","","","19610814",",,0","19610803",",,0","13.3",",0,24,","0",",,0,31,+","0",",,0,31,+","26.9",",,0,14,","36.7",",0,03,","0.0","0","0.0",",0","72.1",",,,0","0",",,,0","25.70",",0","31.69",",,,0","19.70",",,,0"
"USC00346130","1961-09","35.778","-95.3338","157.9","MUSKOGEE, OK US","887.5","0","129.1",",0","7",",0","6",",0","2",",0","0",",0","0",",0","0",",0","0",",0","0",",0","29",",0","9",",0","","","19610916",",,0","19610930","+,,0","19610930","+,,0","","","19610928",",,0","19610907",",,0","7.2",",0,16,","0",",,0,30,+","0",",,0,30,+","111.8",",,0,28,","33.9",",0,07,","11.9","0","11.9",",0","190.1",",,,0","0",",,,0","22.24",",0","28.04",",,,0","16.44",",,,0"
"USC00346130","1961-10","35.778","-95.3338","157.9","MUSKOGEE, OK US","926.2","0","38.7","1,0","6",",0","4",",0","1",",0","0",",0","0",",0","0","1,0","0","1,0","0",",0","25",",0","0",",0","","","19611026",",1,0","19611031","+,,0","19611031","+,,0","","","19611011",",,0","19611012",",,0","1.1","1,0,26,","0",",,0,31,+","0",",,0,31,+","30.0",",,0,11,","30.0",",0,12,","72.1","0","60.2",",0","83.8",",,,0","0",",,,0","17.61","1,0","24.09",",,,0","11.14","1,,,0"
"USC00346130","1961-11","35.778","-95.3338","157.9","MUSKOGEE, OK US","928.4","0","2.2",",0","11",",0","8",",0","1",",0","0",",0","0",",0","0",",0","10",",0","0",",0","6",",0","0",",0","","","19611129",",,0","19611130","+,,0","19611130","+,,0","","","19611122",",,0","19611101",",,0","-3.3",",0,29,","0",",,0,30,+","0",",,0,30,+","37.6",",,0,22,","26.1",",0,01,","337.4","0","265.3",",0","116.3",",,,0","0",",,,0","9.56",",0","15.18",",,,0","3.94",",,,0"
"USC00346130","1961-12","35.778","-95.3338","157.9","MUSKOGEE, OK US","928.4","0","0.0",",0","8",",0","4",",0","0",",0","0",",0","0",",0","0",",0","17",",0","2",",0","0",",0","0",",0","","","19611213","+,,0","19611231","+,,0","19611211","+,,0","","","19611209",",,0","19611203",",,0","-12.2",",0,13,+","0",",,0,31,+","0",",T,0,11,+","16.0",",,0,09,","20.6",",0,03,","783.6","0","446.2",",0","46.2",",,,0","0",",T,,0","3.94",",0","9.23",",,,0","-1.35",",,,0"
"USC00346130","1962-01","35.778","-95.3338","157.9","MUSKOGEE, OK US","0.0","0","0.0",",0","10",",0","6",",0","0",",0","4",",0","2",",0","0",",0","26",",0","6",",0","1",",0","0",",0","","","19620111","+,,0","19620123","+,,0","19620122","+,,0","","","19620105",",,0","19620129",",,0","-17.2",",0,11,+","25",",,0,23,+","25",",,0,22,+","13.5",",,0,05,","22.2",",0,29,","1303.2","0","519.6",",0","40.9",",,,0","50",",,,0","1.57",",0","7.74",",,,0","-4.59",",,,0"
"USC00346130","1962-02","35.778","-95.3338","157.9","MUSKOGEE, OK US","6.6","0","6.6",",0","8",",0","5",",0","0",",0","1",",0","1",",0","0",",0","9",",0","2",",0","7",",0","0",",0","","","19620228",",,0","19620228",",,0","19620228",",,0","","","19620228",",,0","19620212",",,0","-12.8",",0,28,","25",",,0,28,","38",",,0,28,","22.6",",,0,28,","30.0",",0,12,","1581.7","0","278.5",",0","50.5",",,,0","38",",,,0","8.62",",0","15.33",",,,0","1.92",",,,0"
"USC00346130","1962-03","35.778","-95.3338","157.9","MUSKOGEE, OK US","9.9","0","3.3",",0","5",",0","3",",0","0",",0","0",",0","0",",0","0",",0","11",",0","0",",0","9",",0","0",",0","","","19620301",",,0","19620331","+,,0","19620331","+,,0","","","19620325",",,0","19620328",",,0","-10.0",",0,01,","0",",,0,31,+","0",",,0,31,+","22.4",",,0,25,","27.8",",0,28,","1850.9","0","269.2",",0","46.5",",,,0","0",",,,0","9.75",",0","16.58",",,,0","2.93",",,,0"
"USC00346130","1962-04","35.778","-95.3338","157.9","MUSKOGEE, OK US","41.1","0","31.2",",0","10",",0","5",",0","1",",0","0",",0","0",",0","0",",0","1",",0","0",",0","16",",0","1",",0","","","19620402",",,0","19620430","+,,0","19620430","+,,0","","","19620423",",,0","19620429",",,0","-2.8",",0,02,","0",",,0,30,+","0",",,0,30,+","67.3",",,0,23,","32.2",",0,29,","1959.9","0","109.0",",0","103.9",",,,0","0",",,,0","15.74",",0","21.95",",,,0","9.53",",,,0"
"USC00346130","1962-05","35.778","-95.3338","157.9","MUSKOGEE, OK US","222.3","0","181.2",",0","4",",0","4",",0","0",",0","0",",0","0",",0","0",",0","0",",0","0",",0","31",",0","4",",0","","","19620502",",,0","19620531","+,,0","19620531","+,,0","","","19620529",",,0","19620524","+,,0","6.1",",0,02,","0",",,0,31,+","0",",,0,31,+","13.0",",,0,29,","32.8",",0,24,+","1963.3","0","3.4",",0","34.1",",,,0","0",",,,0","24.07",",0","30.31",",,,0","17.83",",,,0"
"USC00346130","1962-06","35.778","-95.3338","157.9","MUSKOGEE, OK US","416.4","0","194.1",",0","13",",0","7",",0","2",",0","0",",0","0",",0","0",",0","0",",0","0",",0","30",",0","9",",0","","","19620614",",,0","19620630","+,,0","19620630","+,,0","","","19620607",",,0","19620620",",,0","14.4",",0,14,","0",",,0,30,+","0",",,0,30,+","50.8",",,0,07,","33.9",",0,20,","1963.3","0","0.0",",0","132.7",",,,0","0",",,,0","24.80",",0","30.65",",,,0","18.95",",,,0"
"USC00346130","1962-07","35.778","-95.3338","157.9","MUSKOGEE, OK US","710.8","0","294.4",",0","7",",0","5",",0","1",",0","0",",0","0",",0","0",",0","0",",0","0",",0","31",",0","24",",0","","","19620727",",,0","19620731","+,,0","19620731","+,,0","","","19620710",",,0","19620708",",,0","18.3",",0,27,","0",",,0,31,+","0",",,0,31,+","28.7",",,0,10,","38.3",",0,08,","0.0","0","0.0",",0","82.3",",,,0","0",",,,0","27.83",",0","34.05",",,,0","21.61",",,,0"
"USC00346130","1962-08","35.778","-95.3338","157.9","MUSKOGEE, OK US","1009.3","0","298.5",",0","4",",0","3",",0","1",",0","0",",0","0",",0","0",",0","0",",0","0",",0","31",",0","26",",0","","","19620826",",,0","19620831","+,,0","19620831","+,,0","","","19620801",",,0","19620811",",,0","12.8",",0,26,","0",",,0,31,+","0",",,0,31,+","38.1",",,0,01,","40.0",",0,11,","0.0","0","0.0",",0","66.1",",,,0","0",",,,0","27.96",",0","35.36",",,,0","20.56",",,,0"
"USC00346130","1962-09","35.778","-95.3338","157.9","MUSKOGEE, OK US","1131.6","0","122.3",",0","12",",0","7",",0","3",",0","0",",0","0",",0","0",",0","0",",0","0",",0","28",",0","3",",0","","","19620929","+,,0","19620930","+,,0","19620930","+,,0","","","19620901",",,0","19620914",",,0","9.4",",0,29,+","0",",,0,30,+","0",",,0,30,+","96.8",",,0,01,","35.0",",0,14,","4.8","0","4.8",",0","229.0",",,,0","0",",,,0","22.25",",0","27.63",",,,0","16.87",",,,0"
"USC00346130","1962-10","35.778","-95.3338","157.9","MUSKOGEE, OK US","1207.9","0","76.3",",0","11",",0","9",",0","0",",0","0",",0","0",",0","0",",0","0",",0","0",",0","25",",0","0",",0","","","19621025",",,0","19621031","+,,0","19621031","+,,0","","","19621028",",,0","19621007",",,0","1.1",",0,25,","0",",,0,31,+","0",",,0,31,+","23.4",",,0,28,","31.7",",0,07,","56.8","0","52.0",",0","80.5",",,,0","0",",,,0","19.12",",0","24.87",",,,0","13.36",",,,0"
"USC00346130","1962-11","35.778","-95.3338","157.9","MUSKOGEE, OK US","1207.9","0","0.0",",0","8",",0","3",",0","0",",0","0",",0","0",",0","0",",0","2",",0","0",",0","3",",0","0",",0","","","19621109",",,0","19621130","+,,0","19621130","+,,0","","","19621107",",,0","19621114","+,,0","-1.7",",0,09,","0",",,0,30,+","0",",,0,30,+","22.4",",,0,07,","22.2",",0,14,+","284.5","0","227.7",",0","48.0",",,,0","0",",,,0","10.74",",0","16.20",",,,0","5.28",",,,0"
"USC00346130","1962-12","35.778","-95.3338","157.9","MUSKOGEE, OK US","1207.9","0","0.0",",0","7",",0","3",",0","0",",0","1",",0","0",",0","0",",0","18",",0","1",",0","1",",0","0",",0","","","19621212",",,0","19621225",",,0","19621225",",,0","","","19621220",",,0","19621217",",,0","-15.0",",0,12,","25",",,0,25,","20",",,0,25,","21.1",",,0,20,","21.7",",0,17,","668.6","0","384.1",",0","39.5",",,,0","20",",,,0","5.94",",0","11.71",",,,0","0.17",",,,0"
"USC00346130","1963-01","35.778","-95.3338","157.9","MUSKOGEE, OK US","0.0","0","0.0",",0","3",",0","2",",0","0",",0","2",",0","1",",0","1",",0","23",",0","6",",0","0",",0","0",",0","1","","19630123",",,0","19630119",",,0","19630119",",,0","","","19630105",",,0","19630109","+,,0","-17.8",",0,23,","51",",,0,19,","51",",,0,19,","18.0",",,0,05,","20.0",",0,09,+","1216.3","0","547.7",",0","21.1",",,,0","51",",,,0","0.67",",0","7.23",",,,0","-5.89",",,,0"
"USC00346130","1963-02","35.778","-95.3338","157.9","MUSKOGEE, OK US","0.0","0","0.0","1,0","3",",0","1",",0","0",",0","0",",0","0",",0","0","1,0","19","1,0","0",",0","3",",0","0",",0","","","19630222",",1,0","19630228","+,,0","19630228","+,,0","","","19630226",",,0","19630227",",,0","-10.6","1,0,22,","0",",,0,28,+","0",",,0,28,+","3.0",",,0,26,","25.0",",0,27,","1578.1","0","361.8",",0","4.8",",,,0","0",",,,0","4.97","1,0","12.41",",,,0","-2.47","1,,,0"
"USC00346130","1963-03","35.778","-95.3338","157.9","MUSKOGEE, OK US","18.1","0","18.1",",0","6",",0","4",",0","1",",0","0",",0","0",",0","0",",0","6",",0","0",",0","18",",0","0",",0","","","19630301",",,0","19630331","+,,0","19630331","+,,0","1","","19630331",",,0","19630328",",,0","-3.9",",0,01,","0",",,0,31,+","0",",,0,31,+","37.3",",,0,31,","31.1",",0,28,","1747.5","0","169.4",",0","54.4",",,,0","0",",,,0","13.45",",0","20.97",",,,0","5.93",",,,0"
"USC00346130","1963-04","35.778","-95.3338","157.9","MUSKOGEE, OK US","68.7","0","50.6",",0","6",",0","5",",0","2",",0","0",",0","0",",0","0",",0","0",",0","0",",0","25",",0","1",",0","","","19630404",",,0","19630430","+,,0","19630430","+,,0","","","19630425",",,0","19630422",",,0","4.4",",0,04,","0",",,0,30,+","0",",,0,30,+","58.2",",,0,25,","32.8",",0,22,","1790.5","0","43.0",",0","114.1",",,,0","0",",,,0","18.59",",0","24.87",",,,0","12.30",",,,0"
"USC00346130","1963-05","35.778","-95.3338","157.9","MUSKOGEE, OK US","195.5","0","126.8",",0","8",",0","6",",0","1",",0","0",",0","0",",0","0",",0","0",",0","0",",0","28",",0","2",",0","","","19630501",",,0","19630531","+,,0","19630531","+,,0","2","","19630517",",,0","19630511",",,0","2.8",",0,01,","0",",,0,31,+","0",",,0,31,+","34.5",",,0,17,","32.8",",0,11,","1815.3","0","24.8",",0","108.8",",,,0","0",",,,0","21.62",",0","27.55",",,,0","15.70",",,,0"
"USC00346130","1963-06","35.778","-95.3338","157.9","MUSKOGEE, OK US","451.2","0","255.7",",0","5",",0","3",",0","0",",0","0",",0","0",",0","0",",0","0",",0","0",",0","30",",0","21",",0","","","19630603","+,,0","19630630","+,,0","19630630","+,,0","4","","19630619",",,0","19630630","+,,0","16.1",",0,03,+","0",",,0,30,+","0",",,0,30,+","14.0",",,0,19,","36.7",",0,30,+","1815.3","0","0.0",",0","35.2",",,,0","0",",,,0","26.86",",0","33.30",",,,0","20.41",",,,0"
"USC00346130","1963-07","35.778","-95.3338","157.9","MUSKOGEE, OK US","766.0","0","314.8",",0","11",",0","7",",0","1",",0","0",",0","0",",0","0",",0","0",",0","0",",0","31",",0","26",",0","","","19630711",",,0","19630731","+,,0","19630731","+,,0","","","19630712",",,0","19630722",",,0","16.7",",0,11,","0",",,0,31,+","0",",,0,31,+","39.1",",,0,12,","40.6",",0,22,","0.0","0","0.0",",0","79.6",",,,0","0",",,,0","28.49",",0","35.34",",,,0","21.64",",,,0"
"USC00346130","1963-08","35.778","-95.3338","157.9","MUSKOGEE, OK US","1090.1","0","324.1",",0","5",",0","3",",0","0",",0","0",",0","0",",0","0",",0","0",",0","0",",0","31",",0","28",",0","","","19630820","+,,0","19630831","+,,0","19630831","+,,0","","","19630810",",,0","19630828","+,,0","14.4",",0,20,+","0",",,0,31,+","0",",,0,31,+","10.2",",,0,10,","41.1",",0,28,+","0.0","0","0.0",",0","20.6",",,,0","0",",,,0","28.79",",0","36.31",",,,0","21.27",",,,0"
"USC00346130","1963-09","35.778","-95.3338","157.9","MUSKOGEE, OK US","1272.0","0","181.9",",0","8",",0","2",",0","2",",0","0",",0","0",",0","0",",0","0",",0","0",",0","30",",0","10",",0","","","19630930",",,0","19630930","+,,0","19630930","+,,0","1","","19630908",",,0","19630902",",,0","5.6",",0,30,","0",",,0,30,+","0",",,0,30,+","38.1",",,0,08,","37.8",",0,02,","3.0","0","3.0",",0","73.8",",,,0","0",",,,0","24.30",",0","30.82",",,,0","17.78",",,,0"
"USC00346130","1963-10","35.778","-95.3338","157.9","MUSKOGEE, OK US","1400.1","0","128.1",",0","1",",0","0",",0","0",",0","0",",0","0",",0","0",",0","0",",0","0",",0","30",",0","12",",0","","","19631029",",,0","19631031","+,,0","19631031","+,,0","","","19631025",",,0","19631011","+,,0","1.7",",0,29,","0",",,0,31,+","0",",,0,31,+","0.8",",,0,25,","35.0",",0,11,+","12.1","0","9.1",",0","0.8",",,,0","0",",,,0","22.17",",0","30.77",",,,0","13.57",",,,0"
"USC00346130","1963-11","35.778","-95.3338","157.9","MUSKOGEE, OK US","1401.5","0","1.4",",0","4",",0","2",",0","1",",0","0",",0","0",",0","0",",0","9",",0","0",",0","10",",0","0",",0","","","19631114",",,0","19631130","+,,0","19631130","+,,0","","","19631120",",,0","19631107","+,,0","-6.1",",0,14,","0",",,0,30,+","0",",,0,30,+","46.0",",,0,20,","26.7",",0,07,+","220.1","0","208.0",",0","53.4",",,,0","0",",,,0","11.45",",0","18.69",",,,0","4.21",",,,0"
"USC00346130","1963-12","35.778","-95.3338","157.9","MUSKOGEE, OK US","1401.5","0","0.0",",0","3",",0","3",",0","0",",0","4",",0","1",",0","1",",0","29",",0","6",",0","1",",0","0",",0","","","19631223",",,0","19631222",",,0","19631222",",,0","","","19631211",",,0","19631206",",,0","-19.4",",0,23,","127",",,0,22,","127",",,0,22,","23.6",",,0,11,","22.2",",0,06,","764.3","0","544.2",",0","36.8",",,,0","127",",,,0","0.78",",0","7.11",",,,0","-5.55",",,,0"
"USC00346130","1964-01","35.778","-95.3338","157.9","MUSKOGEE, OK US","","","","","5",",0","2",",0","0",",0","1",",0","1",",0","","","","","","","","","","","","","","","19640112",",,0","19640112",",,0","","","19640131",",,0","","","","","25",",,0,12,","30",",,0,12,","8.4",",,0,31,","","","","","","","16.1",",,,0","30",",,,0","","","","","",""
"USC00346130","1964-02","35.778","-95.3338","157.9","MUSKOGEE, OK US","","","0.0",",0","6",",0","3",",0","1",",0","0",",0","0",",0","0",",0","17",",0","0",",0","0",",0","0",",0","","","19640222",",,0","19640229","+,,0","19640229","+,,0","","","19640205",",,0","19640202",",,0","-8.3",",0,22,","0",",,0,29,+","0",",,0,29,+","38.6",",,0,05,","18.3",",0,02,","","","370.4",",0","55.4",",,,0","0",",,,0","5.56",",0","12.03",",,,0","-0.91",",,,0"
"USC00346130","1964-03","35.778","-95.3338","157.9","MUSKOGEE, OK US","","","0.3",",0","5","2,0","4","2,0","0","2,0","2",",0","1",",0","0",",0","12",",0","0",",0","11",",0","0",",0","","","19640326","+,,0","19640310",",,0","19640310",",,0","","","19640305",",2,0","19640303",",,0","-6.7",",0,26,+","152",",,0,10,","178",",,0,10,","21.3","2,,0,05,","26.1",",0,03,","","","239.0",",0","67.8",",a,,0","178",",,,0","10.63",",0","18.64",",,,0","2.63",",,,0"
"USC00346130","1964-04","35.778","-95.3338","157.9","MUSKOGEE, OK US","","","","","8",",0","6",",0","1",",0","0",",0","0",",0","","","","","","","","","","","","","","","19640430","+,,0","19640430","+,,0","","","19640405",",,0","","","","","0",",,0,30,+","0",",,0,30,+","32.5",",,0,05,","","","","","","","100.8",",,,0","0",",,,0","","","","","",""
"USC00346130","1964-05","35.778","-95.3338","157.9","MUSKOGEE, OK US","","","120.7",",0","8",",0","6",",0","2",",0","0",",0","0",",0","0",",0","0",",0","0",",0","29",",0","4",",0","","","19640513",",,0","19640531","+,,0","19640531","+,,0","","","19640511",",,0","19640526","+,,0","7.2",",0,13,","0",",,0,31,+","0",",,0,31,+","46.7",",,0,11,","33.3",",0,26,+","","","9.8",",0","123.1",",,,0","0",",,,0","21.91",",0","27.74",",,,0","16.08",",,,0"
"USC00346130","1964-06","35.778","-95.3338","157.9","MUSKOGEE, OK US","","","216.1",",0","11",",0","8",",0","1",",0","0",",0","0",",0","0",",0","0",",0","0",",0","30",",0","15",",0","","","19640603","+,,0","19640630","+,,0","19640630","+,,0","","","19640623",",,0","19640628","+,,0","10.0",",0,03,+","0",",,0,30,+","0",",,0,30,+","42.7",",,0,23,","34.4",",0,28,+","","","1.1",",0","131.4",",,,0","0",",,,0","25.50",",0","31.34",",,,0","19.66",",,,0"
"USC00346130","1964-07","35.778","-95.3338","157.9","MUSKOGEE, OK US","","","333.8",",0","2",",0","1",",0","0",",0","0",",0","0",",0","0",",0","0",",0","0",",0","31",",0","28",",0","","","19640714",",,0","19640731","+,,0","19640731","+,,0","","","19640727",",,0","19640725","+,,0","13.9",",0,14,","0",",,0,31,+","0",",,0,31,+","4.8",",,0,27,","40.6",",0,25,+","0.0","0","0.0",",0","6.1",",,,0","0",",,,0","29.10",",0","36.66",",,,0","21.54",",,,0"
"USC00346130","1964-08","35.778","-95.3338","157.9","MUSKOGEE, OK US","","","270.3",",0","11",",0","5",",0","1",",0","0",",0","0",",0","0",",0","0",",0","0",",0","31",",0","21",",0","","","19640814","+,,0","19640831","+,,0","19640831","+,,0","","","19640815",",,0","19640806","+,,0","14.4",",0,14,+","0",",,0,31,+","0",",,0,31,+","34.0",",,0,15,","41.7",",0,06,+","0.0","0","0.0",",0","105.3",",,,0","0",",,,0","27.05",",0","33.81",",,,0","20.30",",,,0"
"USC00346130","1964-09","35.778","-95.3338","157.9","MUSKOGEE, OK US","","","143.5",",0","8",",0","6",",0","1",",0","0",",0","0",",0","0",",0","0",",0","0",",0","30",",0","10",",0","","","19640928",",,0","19640930","+,,0","19640930","+,,0","","","19640922",",,0","19640910","+,,0","8.3",",0,28,","0",",,0,30,+","0",",,0,30,+","110.5",",,0,22,","35.6",",0,10,+","7.0","0","7.0",",0","161.1",",,,0","0",",,,0","22.88",",0","28.90",",,,0","16.87",",,,0"
"USC00346130","1964-10","35.778","-95.3338","157.9","MUSKOGEE, OK US","","","8.6",",0","5",",0","3",",0","0",",0","0",",0","0",",0","0",",0","1",",0","0",",0","25",",0","0",",0","","","19641020",",,0","19641031","+,,0","19641031","+,,0","","","19641027",",,0","19641021",",,0","-0.6",",0,20,","0",",,0,31,+","0",",,0,31,+","7.9",",,0,27,","31.7",",0,21,","101.1","0","94.1",",0","20.3",",,,0","0",",,,0","15.58",",0","23.71",",,,0","7.44",",,,0"
"USC00346130","1964-11","35.778","-95.3338","157.9","MUSKOGEE, OK US","","","12.6",",0","8",",0","5",",0","1",",0","0",",0","0",",0","0",",0","8",",0","0",",0","15",",0","0",",0","","","19641130",",,0","19641130","+,,0","19641130","+,,0","","","19641119",",,0","19641116",",,0","-9.4",",0,30,","0",",,0,30,+","0",",,0,30,+","34.8",",,0,19,","26.7",",0,16,","297.8","0","196.7",",0","92.5",",,,0","0",",,,0","12.20",",0","18.57",",,,0","5.82",",,,0"
"USC00346130","1964-12","35.778","-95.3338","157.9","MUSKOGEE, OK US","","","0.0",",0","4",",0","2",",0","0",",0","0",",0","0",",0","0",",0","19",",0","2",",0","1",",0","0",",0","","","19641218",",,0","19641219","+,,0","19641219","+,,0","","","19641210",",,0","19641229",",,0","-15.0",",0,18,","0",",T,0,19,+","0",",T,0,19,+","14.2",",,0,10,","22.2",",0,29,","712.5","0","414.7",",0","19.5",",,,0","0",",T,,0","4.96",",0","11.49",",,,0","-1.58",",,,0"
"USC00346130","1965-01","35.778","-95.3338","157.9","MUSKOGEE, OK US","0.0","0","0.0",",0","6",",0","5",",0","1",",0","2",",0","1",",0","0",",0","18",",0","0",",0","1",",0","0",",0","","","19650117",",,0","19650110",",,0","19650110",",,0","","","19650102",",,0","19650107",",,0","-10.6",",0,17,","76",",,0,10,","66",",,0,10,","43.9",",,0,02,","23.3",",0,07,","1113.1","0","400.6",",0","68.5",",,,0","66",",,,0","5.41",",0","12.03",",,,0","-1.21",",,,0"
"USC00346130","1965-02","35.778","-95.3338","157.9","MUSKOGEE, OK US","0.0","0","0.0",",0","6",",0","3",",0","0",",0","2",",0","1",",0","0",",0","16",",0","0",",0","2",",0","0",",0","","","19650224","+,,0","19650224",",,0","19650224",",,0","","","19650209",",,0","19650228",",,0","-11.7",",0,24,+","76",",,0,24,","58",",,0,24,","24.4",",,0,09,","21.7",",0,28,","1465.9","0","352.8",",0","50.1",",,,0","58",",,,0","5.73",",0","13.23",",,,0","-1.77",",,,0"
"USC00346130","1965-03","35.778","-95.3338","157.9","MUSKOGEE, OK US","0.0","0","0.0",",0","8",",0","4",",0","0",",0","1",",0","1",",0","0",",0","19",",0","4",",0","3",",0","0",",0","","","19650320",",,0","19650326",",,0","19650326",",,0","","","19650312",",,0","19650316",",,0","-10.6",",0,20,","25",",,0,26,","25",",,0,26,","14.2",",,0,12,","23.9",",0,16,","1863.3","0","397.4",",0","45.2",",,,0","25",",,,0","5.51",",0","11.80",",,,0","-0.77",",,,0"
"USC00346130","1965-04","35.778","-95.3338","157.9","MUSKOGEE, OK US","46.9","0","46.9",",0","12",",0","8",",0","4",",0","0",",0","0",",0","0",",0","0",",0","0",",0","27",",0","0",",0","","","19650428",",,0","19650430","+,,0","19650430","+,,0","","","19650415",",,0","19650422",",,0","2.2",",0,28,","0",",,0,30,+","0",",,0,30,+","44.5",",,0,15,","31.7",",0,22,","1896.7","0","33.4",",0","171.9",",,,0","0",",,,0","18.78",",0","26.19",",,,0","11.37",",,,0"
"USC00346130","1965-05","35.778","-95.3338","157.9","MUSKOGEE, OK US","153.4","0","106.5",",0","8",",0","6",",0","1",",0","0",",0","0",",0","0",",0","0",",0","0",",0","30",",0","0",",0","","","19650501",",,0","19650531","+,,0","19650531","+,,0","","","19650510",",,0","19650525",",,0","10.0",",0,01,","0",",,0,31,+","0",",,0,31,+","52.8",",,0,10,","30.0",",0,25,","1897.2","0","0.5",",0","105.4",",,,0","0",",,,0","21.75",",0","27.59",",,,0","15.91",",,,0"
"USC00346130","1965-06","35.778","-95.3338","157.9","MUSKOGEE, OK US","338.1","0","184.7",",0","10",",0","6",",0","2",",0","0",",0","0",",0","0",",0","0",",0","0",",0","30",",0","7",",0","","","19650613",",,0","19650630","+,,0","19650630","+,,0","","","19650609",",,0","19650630",",,0","15.0",",0,13,","0",",,0,30,+","0",",,0,30,+","34.8",",,0,09,","33.9",",0,30,","1897.2","0","0.0",",0","135.1",",,,0","0",",,,0","24.49",",0","30.46",",,,0","18.52",",,,0"
"USC00346130","1965-07","35.778","-95.3338","157.9","MUSKOGEE, OK US","648.5","0","310.4",",0","3",",0","3",",0","1",",0","0",",0","0",",0","0",",0","0",",0","0",",0","31",",0","27",",0","","","19650730",",,0","19650731","+,,0","19650731","+,,0","","","19650728",",,0","19650724",",,0","16.1",",0,30,","0",",,0,31,+","0",",,0,31,+","63.5",",,0,28,","38.9",",0,24,","0.0","0","0.0",",0","71.8",",,,0","0",",,,0","28.35",",0","34.45",",,,0","22.24",",,,0"
"USC00346130","1965-08","35.778","-95.3338","157.9","MUSKOGEE, OK US","905.8","0","257.3",",0","7",",0","7",",0","2",",0","0",",0","0",",0","0",",0","0",",0","0",",0","31",",0","23",",0","","","19650802",",,0","19650831","+,,0","19650831","+,,0","","","19650822",",,0","19650821",",,0","14.4",",0,02,","0",",,0,31,+","0",",,0,31,+","37.8",",,0,22,","37.2",",0,21,","0.0","0","0.0",",0","131.0",",,,0","0",",,,0","26.63",",0","33.27",",,,0","19.99",",,,0"
"USC00346130","1965-09","35.778","-95.3338","157.9","MUSKOGEE, OK US","1082.7","0","176.9",",0","6",",0","4",",0","1",",0","0",",0","0",",0","0",",0","0",",0","0",",0","29",",0","13",",0","","","19650925",",,0","19650930","+,,0","19650930","+,,0","","","19650922",",,0","19650914",",,0","7.8",",0,25,","0",",,0,30,+","0",",,0,30,+","33.0",",,0,22,","37.8",",0,14,","8.3","0","8.3",",0","65.3",",,,0","0",",,,0","23.95",",0","29.91",",,,0","18.00",",,,0"
"USC00346130","1965-10","35.778","-95.3338","157.9","MUSKOGEE, OK US","1115.9","0","33.2",",0","3",",0","0",",0","0",",0","0",",0","0",",0","0",",0","1",",0","0",",0","28",",0","1",",0","","","19651025",",,0","19651031","+,,0","19651031","+,,0","","","19651019",",,0","19651009",",,0","-0.6",",0,25,","0",",,0,31,+","0",",,0,31,+","0.8",",,0,19,","33.3",",0,09,","90.5","0","82.2",",0","1.8",",,,0","0",",,,0","16.75",",0","24.87",",,,0","8.63",",,,0"
"USC00346130","1965-11","35.778","-95.3338","157.9","MUSKOGEE, OK US","1118.4","0","2.5",",0","4",",0","2",",0","0",",0","0",",0","0",",0","0",",0","3",",0","0",",0","16",",0","0",",0","","","19651130",",,0","19651130","+,,0","19651130","+,,0","","","19651104",",,0","19651126",",,0","-6.1",",0,30,","0",",,0,30,+","0",",,0,30,+","5.1",",,0,04,","27.2",",0,26,","243.0","0","152.5",",0","11.0",",,,0","0",",,,0","13.33",",0","20.09",",,,0","6.57",",,,0"
"USC00346130","1965-12","35.778","-95.3338","157.9","MUSKOGEE, OK US","1118.4","0","0.0",",0","7",",0","5",",0","3",",0","0",",0","0",",0","0",",0","12",",0","0",",0","2",",0","0",",0","","","19651226",",,0","19651231","+,,0","19651231","+,,0","","","19651212",",,0","19651204",",,0","-4.4",",0,26,","0",",,0,31,+","0",",,0,31,+","34.3",",,0,12,","22.2",",0,04,","546.3","0","303.3",",0","95.9",",,,0","0",",,,0","8.55",",0","14.76",",,,0","2.33",",,,0"
"USC00346130","1966-01","35.778","-95.3338","157.9","MUSKOGEE, OK US","0.0","0","0.0","1,0","6",",0","4",",0","0",",0","4",",0","4",",0","0","1,0","23","1,0","5",",0","0",",0","0",",0","","","19660130","+,1,0","19660129","+,,0","19660120",",,0","","","19660101",",,0","19660114",",,0","-17.2","1,0,30,+","51",",,0,29,+","51",",,0,20,","23.4",",,0,01,","18.3",",0,14,","1060.8","0","514.5",",0","41.5",",,,0","152",",,,0","1.34","1,0","7.04",",,,0","-4.35","1,,,0"
"USC00346130","1966-02","35.778","-95.3338","157.9","MUSKOGEE, OK US","0.0","0","0.0",",0","6",",0","6",",0","2",",0","2",",0","1",",0","0",",0","19",",0","1",",0","1",",0","0",",0","","","19660202",",,0","19660222",",,0","19660222",",,0","","","19660210",",,0","19660207",",,0","-11.7",",0,02,","102",",,0,22,","102",",,0,22,","34.0",",,0,10,","21.1",",0,07,","1434.1","0","373.3",",0","101.3",",,,0","115",",,,0","5.00",",0","11.00",",,,0","-1.00",",,,0"
"USC00346130","1966-03","35.778","-95.3338","157.9","MUSKOGEE, OK US","8.9","0","8.9",",0","5",",0","2",",0","0",",0","0",",0","0",",0","0",",0","8",",0","0",",0","12",",0","1",",0","","","19660307",",,0","19660331","+,,0","19660331","+,,0","","","19660312",",,0","19660331",",,0","-6.7",",0,07,","0",",,0,31,+","0",",,0,31,+","13.2",",,0,12,","32.2",",0,31,","1641.4","0","207.3",",0","28.0",",,,0","0",",,,0","11.93",",0","18.92",",,,0","4.94",",,,0"
"USC00346130","1966-04","35.778","-95.3338","157.9","MUSKOGEE, OK US","20.3","0","11.4",",0","12",",0","9",",0","3",",0","0",",0","0",",0","0",",0","1",",0","0",",0","20",",0","0",",0","","","19660406",",,0","19660430","+,,0","19660430","+,,0","","","19660423",",,0","19660419",",,0","-1.7",",0,06,","0",",,0,30,+","0",",,0,30,+","39.6",",,0,23,","28.3",",0,19,","1738.8","0","97.4",",0","179.0",",,,0","0",",,,0","15.47",",0","22.64",",,,0","8.30",",,,0"
"USC00346130","1966-05","35.778","-95.3338","157.9","MUSKOGEE, OK US","92.6","0","72.3",",0","10",",0","5",",0","0",",0","0",",0","0",",0","0",",0","0",",0","0",",0","28",",0","0",",0","","","19660502",",,0","19660531","+,,0","19660531","+,,0","","","19660512",",,0","19660529",",,0","5.6",",0,02,","0",",,0,31,+","0",",,0,31,+","17.5",",,0,12,","31.7",",0,29,","1766.1","0","27.3",",0","71.3",",,,0","0",",,,0","19.78",",0","26.58",",,,0","12.99",",,,0"
"USC00346130","1966-06","35.778","-95.3338","157.9","MUSKOGEE, OK US","265.6","0","173.0",",0","5",",0","3",",0","0",",0","0",",0","0",",0","0",",0","0",",0","0",",0","30",",0","10",",0","","","19660610",",,0","19660630","+,,0","19660630","+,,0","","","19660606",",,0","19660630",",,0","12.8",",0,10,","0",",,0,30,+","0",",,0,30,+","24.6",",,0,06,","36.1",",0,30,","1766.1","0","0.0",",0","58.7",",,,0","0",",,,0","24.10",",0","30.75",",,,0","17.45",",,,0"
"USC00346130","1966-07","35.778","-95.3338","157.9","MUSKOGEE, OK US","595.5","0","329.9",",0","8",",0","4",",0","1",",0","0",",0","0",",0","0",",0","0",",0","0",",0","31",",0","28",",0","","","19660703",",,0","19660731","+,,0","19660731","+,,0","","","19660725",",,0","19660719",",,0","18.9",",0,03,","0",",,0,31,+","0",",,0,31,+","84.3",",,0,25,","40.6",",0,19,","0.0","0","0.0",",0","114.2",",,,0","0",",,,0","28.98",",0","35.52",",,,0","22.44",",,,0"
"USC00346130","1966-08","35.778","-95.3338","157.9","MUSKOGEE, OK US","790.9","0","195.4",",0","8",",0","6",",0","3",",0","0",",0","0",",0","0",",0","0",",0","0",",0","31",",0","11",",0","","","19660825",",,0","19660831","+,,0","19660831","+,,0","","","19660802",",,0","19660801",",,0","12.2",",0,25,","0",",,0,31,+","0",",,0,31,+","49.0",",,0,02,","36.7",",0,01,","0.0","0","0.0",",0","168.1",",,,0","0",",,,0","24.64",",0","30.56",",,,0","18.72",",,,0"
"USC00346130","1966-09","35.778","-95.3338","157.9","MUSKOGEE, OK US","883.3","0","92.4",",0","5",",0","4",",0","0",",0","0",",0","0",",0","0",",0","0",",0","0",",0","30",",0","3",",0","","","19660923",",,0","19660930","+,,0","19660930","+,,0","","","19660903",",,0","19660904",",,0","7.8",",0,23,","0",",,0,30,+","0",",,0,30,+","21.6",",,0,03,","36.7",",0,04,","4.7","0","4.7",",0","47.2",",,,0","0",",,,0","21.26",",0","27.92",",,,0","14.59",",,,0"
"USC00346130","1966-10","35.778","-95.3338","157.9","MUSKOGEE, OK US","905.9","0","22.6",",0","2",",0","2",",0","0",",0","0",",0","0",",0","0",",0","2",",0","0",",0","25",",0","1",",0","","","19661016",",,0","19661031","+,,0","19661031","+,,0","","","19661018",",,0","19661009",",,0","-1.7",",0,16,","0",",,0,31,+","0",",,0,31,+","7.1",",,0,18,","33.9",",0,09,","114.0","0","109.3",",0","14.0",",,,0","0",",,,0","15.53",",0","24.02",",,,0","7.05",",,,0"
"USC00346130","1966-11","35.778","-95.3338","157.9","MUSKOGEE, OK US","922.2","0","16.3",",0","3",",0","3",",0","1",",0","0",",0","0",",0","0",",0","5",",0","0",",0","17",",0","0",",0","","","19661103",",,0","19661130","+,,0","19661130","+,,0","","","19661127",",,0","19661117","+,,0","-8.9",",0,03,","0",",,0,30,+","0",",,0,30,+","31.0",",,0,27,","27.2",",0,17,+","295.8","0","181.8",",0","46.7",",,,0","0",",,,0","12.82",",0","19.83",",,,0","5.81",",,,0"
"USC00346130","1966-12","35.778","-95.3338","157.9","MUSKOGEE, OK US","923.9","0","1.7",",0","7",",0","4",",0","0",",0","0","1,0","1",",0","0",",0","19",",0","0",",0","5",",0","0",",0","","","19661224",",,0","19661231","+,1,0","19661223",",,0","","","19661208",",,0","19661207",",,0","-15.0",",0,24,","0","1,T,0,31,+","102",",,0,23,","24.9",",,0,08,","26.7",",0,07,","726.5","0","430.7",",0","53.2",",,,0","102",",,,0","4.49",",0","10.81",",,,0","-1.82",",,,0"
"USC00346130","1967-01","35.778","-95.3338","157.9","MUSKOGEE, OK US","1.1","0","1.1",",0","1",",0","1",",0","1",",0","0",",0","0",",0","0",",0","23",",0","1",",0","3",",0","0",",0","","","19670109",",,0","19670131","+,,0","19670101",",,0","","","19670126",",,0","19670124",",,0","-11.7",",0,09,","0",",,0,31,+","0",",T,0,01,","34.5",",,0,26,","26.1",",0,24,","1130.9","0","404.4",",0","34.5",",,,0","0",",T,,0","5.32",",0","13.08",",,,0","-2.44",",,,0"
"USC00346130","1967-02","35.778","-95.3338","157.9","MUSKOGEE, OK US","1.1","0","0.0",",0","3",",0","2",",0","0",",0","1",",0","1",",0","0",",0","20",",0","0",",0","1",",0","0",",0","","","19670225","+,,0","19670217",",,0","19670217",",,0","","","19670217",",,0","19670213",",,0","-10.0",",0,25,+","76",",,0,17,","76",",,0,17,","9.4",",,0,17,","21.7",",0,13,","1500.4","0","369.5",",0","17.0",",,,0","76",",,,0","5.14",",0","12.27",",,,0","-1.99",",,,0"
"USC00346130","1967-03","35.778","-95.3338","157.9","MUSKOGEE, OK US","33.3","0","32.2",",0","5",",0","3",",0","1",",0","0",",0","0",",0","0",",0","6",",0","0",",0","19",",0","2",",0","","","19670308",",,0","19670308","+,,0","19670308","+,,0","","","19670326",",,0","19670312",",,0","-12.2",",0,08,","0",",T,0,08,+","0",",T,0,08,+","32.0",",,0,26,","33.3",",0,12,","1657.8","0","157.4",",0","47.2",",,,0","0",",T,,0","14.30",",0","21.65",",,,0","6.94",",,,0"
"USC00346130","1967-04","35.778","-95.3338","157.9","MUSKOGEE, OK US","84.4","0","51.1",",0","11",",0","6",",0","1",",0","0",",0","0",",0","0",",0","0",",0","0",",0","23",",0","0",",0","","","19670427",",,0","19670430","+,,0","19670430","+,,0","","","19670413",",,0","19670406","+,,0","2.8",",0,27,","0",",,0,30,+","0",",,0,30,+","59.2",",,0,13,","28.9",",0,06,+","1704.8","0","47.0",",0","125.1",",,,0","0",",,,0","18.47",",0","24.09",",,,0","12.85",",,,0"
"USC00346130","1967-05","35.778","-95.3338","157.9","MUSKOGEE, OK US","137.4","0","53.0",",0","8",",0","7",",0","2",",0","0",",0","0",",0","0",",0","0",",0","0",",0","26",",0","0",",0","","","19670503",",,0","19670531","+,,0","19670531","+,,0","","","19670506",",,0","19670526",",,0","4.4",",0,03,","0",",,0,31,+","0",",,0,31,+","91.4",",,0,06,","31.1",",0,26,","1744.5","0","39.7",",0","179.8",",,,0","0",",,,0","18.76",",0","25.39",",,,0","12.14",",,,0"
"USC00346130","1967-06","35.778","-95.3338","157.9","MUSKOGEE, OK US","330.0","0","192.6",",0","6",",0","5",",0","1",",0","0",",0","0",",0","0",",0","0",",0","0",",0","30",",0","10",",0","","","19670603",",,0","19670630","+,,0","19670630","+,,0","","","19670625",",,0","19670624",",,0","11.7",",0,03,","0",",,0,30,+","0",",,0,30,+","45.7",",,0,25,","35.0",",0,24,","1744.8","0","0.3",",0","92.0",",,,0","0",",,,0","24.75",",0","30.62",",,,0","18.87",",,,0"
"USC00346130","1967-07","35.778","-95.3338","157.9","MUSKOGEE, OK US","536.2","0","206.2",",0","7",",0","5",",0","2",",0","0",",0","0",",0","0",",0","0",",0","0",",0","31",",0","14",",0","","","19670714",",,0","19670731","+,,0","19670731","+,,0","","","19670706",",,0","19670731",",,0","11.7",",0,14,","0",",,0,31,+","0",",,0,31,+","48.3",",,0,06,","37.2",",0,31,","0.0","0","0.0",",0","109.3",",,,0","0",",,,0","24.98",",0","31.19",",,,0","18.78",",,,0"
"USC00346130","1967-08","35.778","-95.3338","157.9","MUSKOGEE, OK US","736.2","0","200.0",",0","4",",0","2",",0","1",",0","0",",0","0",",0","0",",0","0",",0","0",",0","31",",0","16",",0","","","19670828","+,,0","19670831","+,,0","19670831","+,,0","","","19670819",",,0","19670807",",,0","10.6",",0,28,+","0",",,0,31,+","0",",,0,31,+","25.7",",,0,19,","37.8",",0,07,","0.0","0","0.0",",0","37.7",",,,0","0",",,,0","24.78",",0","31.92",",,,0","17.65",",,,0"
"USC00346130","1967-09","35.778","-95.3338","157.9","MUSKOGEE, OK US","825.1","0","88.9",",0","10",",0","9",",0","0",",0","0",",0","0",",0","0",",0","0",",0","0",",0","29",",0","0",",0","","","19670929",",,0","19670930","+,,0","19670930","+,,0","","","19670905",",,0","19670909",",,0","1.7",",0,29,","0",",,0,30,+","0",",,0,30,+","23.1",",,0,05,","31.7",",0,09,","17.5","0","17.5",",0","113.9",",,,0","0",",,,0","20.71",",0","26.99",",,,0","14.43",",,,0"
"USC00346130","1967-10","35.778","-95.3338","157.9","MUSKOGEE, OK US","860.1","0","35.0",",0","5",",0","5",",0","2",",0","0",",0","0",",0","0",",0","1",",0","0",",0","25",",0","0",",0","","","19671027",",,0","19671031","+,,0","19671031","+,,0","","","19671030",",,0","19671005",",,0","-0.6",",0,27,","0",",,0,31,+","0",",,0,31,+","97.8",",,0,30,","31.1",",0,05,","116.0","0","98.5",",0","168.1",",,,0","0",",,,0","16.28",",0","23.85",",,,0","8.72",",,,0"
"USC00346130","1967-11","35.778","-95.3338","157.9","MUSKOGEE, OK US","860.1","0","0.0","2,0","5",",0","3",",0","0",",0","1",",0","1",",0","0",",0","8",",0","0","2,0","6","2,0","0","2,0","","","19671104",",,0","19671128",",,0","19671128",",,0","","","19671103",",,0","19671113",",2,0","-5.0",",0,04,","25",",,0,28,","25",",,0,28,","10.7",",,0,03,","28.3","2,0,13,","359.2","0","243.2","2,0","24.2",",,,0","25",",,,0","9.61","2,0","16.79","2,,,0","2.43",",,,0"
"USC00346130","1967-12","35.778","-95.3338","157.9","MUSKOGEE, OK US","860.1","0","0.0",",0","11",",0","9",",0","0",",0","0",",0","0",",0","0",",0","19",",0","0",",0","1",",0","0",",0","","","19671226",",,0","19671231","+,,0","19671231","+,,0","","","19671214",",,0","19671206",",,0","-11.1",",0,26,","0",",T,0,31,+","0",",T,0,31,+","24.6",",,0,14,","21.1",",0,06,","775.6","0","416.4",",0","72.2",",,,0","0",",T,,0","4.90",",0","10.63",",,,0","-0.83",",,,0"
"USC00346130","1968-01","35.778","-95.3338","157.9","MUSKOGEE, OK US","0.0","0","0.0",",0","13",",0","6",",0","0",",0","0",",0","0",",0","1",",0","21",",0","4",",0","0",",0","0",",0","","","19680107",",,0","19680116","+,,0","19680116",",,0","","","19680119",",,0","19680126",",,0","-18.9",",0,07,","0",",T,0,16,+","0",",T,0,16,","24.1",",,0,19,","19.4",",0,26,","1244.6","0","469.0",",0","83.3",",,,0","0",",T,,0","3.20",",0","8.64",",,,0","-2.24",",,,0"
"USC00346130","1968-02","35.778","-95.3338","157.9","MUSKOGEE, OK US","0.0","0","0.0",",0","9",",0","4",",0","1",",0","0",",0","0",",0","0",",0","23",",0","1",",0","0",",0","0",",0","","","19680213",",,0","19680223","+,,0","19680223","+,,0","","","19680201",",,0","19680210",",,0","-11.1",",0,13,","0",",T,0,23,+","0",",T,0,23,+","50.3",",,0,01,","18.9",",0,10,","1687.1","0","442.5",",0","74.7",",,,0","0",",T,,0","3.07",",0","9.62",",,,0","-3.47",",,,0"
"USC00346130","1968-03","35.778","-95.3338","157.9","MUSKOGEE, OK US","4.5","0","4.5",",0","8",",0","7",",0","2",",0","0",",0","1",",0","0",",0","12",",0","0",",0","12",",0","0",",0","","","19680313",",,0","19680321","+,,0","19680312",",,0","","","19680331",",,0","19680329",",,0","-7.2",",0,13,","0",",T,0,21,+","127",",,0,12,","27.4",",,0,31,","27.8",",0,29,","1928.2","0","241.1",",0","114.3",",,,0","127",",,,0","10.70",",0","17.38",",,,0","4.02",",,,0"
"USC00346130","1968-04","35.778","-95.3338","157.9","MUSKOGEE, OK US","15.3","0","10.8",",0","11",",0","8",",0","2",",0","0",",0","0",",0","0",",0","2",",0","0",",0","23",",0","0",",0","","","19680405",",,0","19680430","+,,0","19680430","+,,0","","","19680419",",,0","19680411",",,0","-1.1",",0,05,","0",",,0,30,+","0",",,0,30,+","52.8",",,0,19,","31.1",",0,11,","2018.4","0","90.2",",0","136.4",",,,0","0",",,,0","15.69",",0","23.19",",,,0","8.19",",,,0"
"USC00346130","1968-05","35.778","-95.3338","157.9","MUSKOGEE, OK US","63.5","0","48.2",",0","14",",0","11",",0","2",",0","0",",0","0",",0","0",",0","0",",0","0",",0","27",",0","0",",0","","","19680520",",,0","19680531","+,,0","19680531","+,,0","","","19680514",",,0","19680508",",,0","5.6",",0,20,","0",",,0,31,+","0",",,0,31,+","45.5",",,0,14,","31.1",",0,08,","2047.6","0","29.2",",0","167.1",",,,0","0",",,,0","18.95",",0","25.38",",,,0","12.51",",,,0"
"USC00346130","1968-06","35.778","-95.3338","157.9","MUSKOGEE, OK US","246.3","0","182.8",",0","9",",0","7",",0","2",",0","0",",0","0",",0","0",",0","0",",0","0",",0","30",",0","8",",0","","","19680627",",,0","19680630","+,,0","19680630","+,,0","","","19680625",",,0","19680615","+,,0","11.1",",0,27,","0",",,0,30,+","0",",,0,30,+","58.7",",,0,25,","33.9",",0,15,+","2047.6","0","0.0",",0","141.2",",,,0","0",",,,0","24.43",",0","30.41",",,,0","18.44",",,,0"
"USC00346130","1968-07","35.778","-95.3338","157.9","MUSKOGEE, OK US","490.9","0","244.6",",0","4",",0","3",",0","0",",0","0",",0","0",",0","0",",0","0",",0","0",",0","31",",0","18",",0","","","19680704",",,0","19680731","+,,0","19680731","+,,0","","","19680715",",,0","19680727",",,0","14.4",",0,04,","0",",,0,31,+","0",",,0,31,+","21.1",",,0,15,","35.6",",0,27,","0.0","0","0.0",",0","40.2",",,,0","0",",,,0","26.22",",0","32.18",",,,0","20.27",",,,0"
"USC00346130","1968-08","35.778","-95.3338","157.9","MUSKOGEE, OK US","735.9","0","245.0",",0","9",",0","7",",0","3",",0","0",",0","0",",0","0",",0","0",",0","0",",0","31",",0","22",",0","","","19680831",",,0","19680831","+,,0","19680831","+,,0","","","19680815",",,0","19680809",",,0","13.9",",0,31,","0",",,0,31,+","0",",,0,31,+","49.5",",,0,15,","37.2",",0,09,","0.0","0","0.0",",0","164.9",",,,0","0",",,,0","26.24",",0","32.10",",,,0","20.37",",,,0"
"USC00346130","1968-09","35.778","-95.3338","157.9","MUSKOGEE, OK US","835.5","0","99.6",",0","8",",0","3",",0","2",",0","0",",0","0",",0","0",",0","0",",0","0",",0","30",",0","3",",0","","","19680926","+,,0","19680930","+,,0","19680930","+,,0","","","19680924",",,0","19680916","+,,0","8.3",",0,26,+","0",",,0,30,+","0",",,0,30,+","62.7",",,0,24,","32.8",",0,16,+","1.4","0","1.4",",0","117.6",",,,0","0",",,,0","21.61",",0","28.87",",,,0","14.35",",,,0"
"USC00346130","1968-10","35.778","-95.3338","157.9","MUSKOGEE, OK US","874.3","0","38.8",",0","5",",0","3",",0","2",",0","0",",0","0",",0","0",",0","2",",0","0",",0","24",",0","0",",0","","","19681025",",,0","19681031","+,,0","19681031","+,,0","","","19681006",",,0","19681014","+,,0","-0.6",",0,25,","0",",,0,31,+","0",",,0,31,+","26.4",",,0,06,","30.6",",0,14,+","98.4","0","97.0",",0","63.6",",,,0","0",",,,0","16.45",",0","23.97",",,,0","8.94",",,,0"
"USC00346130","1968-11","35.778","-95.3338","157.9","MUSKOGEE, OK US","876.0","0","1.7","1,0","9",",0","6",",0","3",",0","0",",0","0",",0","0","1,0","11","1,0","0",",0","3",",0","0",",0","","","19681112",",1,0","19681130","+,,0","19681128",",,0","","","19681127",",,0","19681101",",,0","-7.2","1,0,12,","0",",,0,30,+","0",",T,0,28,","62.0",",,0,27,","24.4",",0,01,","390.9","0","292.5",",0","197.3",",,,0","0",",T,,0","8.31","1,0","13.83",",,,0","2.79","1,,,0"
"USC00346130","1968-12","35.778","-95.3338","157.9","MUSKOGEE, OK US","876.0","0","0.0",",0","6",",0","4",",0","1",",0","0",",0","0",",0","0",",0","21",",0","2",",0","0",",0","0",",0","","","19681231",",,0","19681231","+,,0","19681231","+,,0","","","19681227",",,0","19681226","+,,0","-15.6",",0,31,","0",",,0,31,+","0",",,0,31,+","37.1",",,0,27,","20.0",",0,26,+","846.6","0","455.7",",0","72.1",",,,0","0",",,,0","3.63",",0","9.84",",,,0","-2.57",",,,0"
"USC00346130","1969-01","35.778","-95.3338","157.9","MUSKOGEE, OK US","0.0","0","0.0",",0","7",",0","4",",0","2",",0","0",",0","0",",0","0",",0","19",",0","2",",0","2",",0","0",",0","","","19690101",",,0","19690131","+,,0","19690131","+,,0","","","19690130",",,0","19690122",",,0","-12.2",",0,01,","0",",,0,31,+","0",",,0,31,+","36.8",",,0,30,","22.8",",0,22,","1296.8","0","450.2",",0","99.4",",,,0","0",",,,0","3.81",",0","9.15",",,,0","-1.52",",,,0"
"USC00346130","1969-02","35.778","-95.3338","157.9","MUSKOGEE, OK US","0.0","0","0.0",",0","7",",0","5",",0","1",",0","0",",0","2",",0","0",",0","14",",0","0",",0","2",",0","0",",0","","","19690203",",,0","19690221","+,,0","19690221","+,,0","","","19690222",",,0","19690207",",,0","-6.1",",0,03,","0",",T,0,21,+","51",",,0,21,+","39.9",",,0,22,","23.9",",0,07,","1641.7","0","344.9",",0","87.3",",,,0","102",",,,0","6.02",",0","11.75",",,,0","0.28",",,,0"
"USC00346130","1969-03","35.778","-95.3338","157.9","MUSKOGEE, OK US","0.0","0","0.0",",0","6",",0","4",",0","2",",0","0",",0","0",",0","0",",0","14",",0","0",",0","6",",0","0",",0","","","19690309",",,0","19690331","+,,0","19690331","+,,0","","","19690324",",,0","19690319",",,0","-8.3",",0,09,","0",",,0,31,+","0",",,0,31,+","53.8",",,0,24,","28.9",",0,19,","1996.8","0","355.1",",0","95.4",",,,0","0",",,,0","6.88",",0","13.16",",,,0","0.60",",,,0"
"USC00346130","1969-04","35.778","-95.3338","157.9","MUSKOGEE, OK US","15.8","0","15.8","1,0","9",",0","5",",0","1",",0","0",",0","0",",0","0","1,0","0","1,0","0",",0","24",",0","0",",0","","","19690429",",1,0","19690430","+,,0","19690430","+,,0","","","19690417",",,0","19690416",",,0","3.9","1,0,29,","0",",,0,30,+","0",",,0,30,+","36.3",",,0,17,","29.4",",0,16,","2058.7","0","61.9",",0","87.6",",,,0","0",",,,0","16.80","1,0","23.46",",,,0","10.14","1,,,0"
"USC00346130","1969-05","35.778","-95.3338","157.9","MUSKOGEE, OK US","97.5","0","81.7",",0","8",",0","7",",0","1",",0","0",",0","0",",0","0",",0","0",",0","0",",0","30",",0","0",",0","","","19690511",",,0","19690531","+,,0","19690531","+,,0","","","19690517",",,0","19690529",",,0","5.0",",0,11,","0",",,0,31,+","0",",,0,31,+","32.5",",,0,17,","31.7",",0,29,","2069.2","0","10.5",",0","111.8",",,,0","0",",,,0","20.63",",0","27.03",",,,0","14.23",",,,0"
"USC00346130","1969-06","35.778","-95.3338","157.9","MUSKOGEE, OK US","265.9","0","168.4",",0","8",",0","6",",0","1",",0","0",",0","0",",0","0",",0","0",",0","0",",0","30",",0","7",",0","","","19690603",",,0","19690630","+,,0","19690630","+,,0","","","19690601",",,0","19690630",",,0","9.4",",0,03,","0",",,0,30,+","0",",,0,30,+","31.0",",,0,01,","35.0",",0,30,","2073.7","0","4.5",",0","70.2",",,,0","0",",,,0","23.80",",0","29.87",",,,0","17.72",",,,0"
"USC00346130","1969-07","35.778","-95.3338","157.9","MUSKOGEE, OK US","605.1","0","339.2",",0","3",",0","3",",0","0",",0","0",",0","0",",0","0",",0","0",",0","0",",0","31",",0","29",",0","","","19690729",",,0","19690731","+,,0","19690731","+,,0","","","19690726",",,0","19690716","+,,0","15.6",",0,29,","0",",,0,31,+","0",",,0,31,+","4.6",",,0,26,","39.4",",0,16,+","0.0","0","0.0",",0","10.9",",,,0","0",",,,0","29.27",",0","36.22",",,,0","22.33",",,,0"
"USC00346130","1969-08","35.778","-95.3338","157.9","MUSKOGEE, OK US","887.9","0","282.8",",0","4",",0","3",",0","0",",0","0",",0","0",",0","0",",0","0",",0","0",",0","31",",0","27",",0","","","19690801",",,0","19690831","+,,0","19690831","+,,0","","","19690816",",,0","19690809",",,0","16.7",",0,01,","0",",,0,31,+","0",",,0,31,+","22.4",",,0,16,","42.2",",0,09,","0.0","0","0.0",",0","42.7",",,,0","0",",,,0","27.46",",0","34.98",",,,0","19.93",",,,0"
"USC00346130","1969-09","35.778","-95.3338","157.9","MUSKOGEE, OK US","1050.2","0","162.3",",0","5",",0","3",",0","0",",0","0",",0","0",",0","0",",0","0",",0","0",",0","30",",0","14",",0","","","19690925",",,0","19690930","+,,0","19690930","+,,0","","","19690916",",,0","19690905",",,0","7.8",",0,25,","0",",,0,30,+","0",",,0,30,+","9.1",",,0,16,","36.7",",0,05,","0.3","0","0.3",",0","26.4",",,,0","0",",,,0","23.73",",0","31.17",",,,0","16.30",",,,0"
"USC00346130","1969-10","35.778","-95.3338","157.9","MUSKOGEE, OK US","1099.7","0","49.5",",0","6",",0","6",",0","4",",0","0",",0","0",",0","0",",0","0",",0","0",",0","16",",0","3",",0","","","19691031",",,0","19691031","+,,0","19691031","+,,0","","","19691012",",,0","19691001",",,0","2.8",",0,31,","0",",,0,31,+","0",",,0,31,+","104.1",",,0,12,","34.4",",0,01,","114.0","0","113.7",",0","230.8",",,,0","0",",,,0","16.26",",0","22.18",",,,0","10.35",",,,0"
"USC00346130","1969-11","35.778","-95.3338","157.9","MUSKOGEE, OK US","1101.9","0","2.2",",0","4",",0","2",",0","0",",0","0",",0","0",",0","0",",0","9",",0","0",",0","6",",0","0",",0","","","19691128",",,0","19691130","+,,0","19691130","+,,0","","","19691112",",,0","19691117",",,0","-6.7",",0,28,","0",",,0,30,+","0",",,0,30,+","16.3",",,0,12,","26.1",",0,17,","377.3","0","263.3",",0","21.4",",,,0","0",",,,0","9.63",",0","16.97",",,,0","2.29",",,,0"
"USC00346130","1969-12","35.778","-95.3338","157.9","MUSKOGEE, OK US","1101.9","0","0.0",",0","11",",0","5",",0","1",",0","0","3,0","0","3,0","0",",0","13",",0","2",",0","0",",0","0",",0","","","19691231",",,0","19691231","+,3,0","19691231","+,3,0","","","19691229",",,0","19691213","+,,0","-12.8",",0,31,","0","3,,0,31,+","0","3,,0,31,+","32.3",",,0,29,","18.3",",0,13,+","795.9","0","418.6",",0","72.2",",,,0","0","3,,,0","4.83",",0","9.59",",,,0","0.07",",,,0"
"USC00346130","1970-01","35.778","-95.3338","157.9","MUSKOGEE, OK US","1.1","0","1.1",",0","6",",0","3",",0","0",",0","0",",","","","2",",0","25",",0","8",",0","2",",0","0",",0","","","19700109",",,0","19700125","+,,0","","","","","19700106",",,0","19700128",",,0","-20.6",",0,09,","0",",T,0,25,+","","","7.6",",,0,06,","24.4",",0,28,","1367.6","0","571.7",",0","16.8",",,,0","","","-0.08",",0","6.11",",,,0","-6.26",",,,0"
"USC00346130","1970-02","35.778","-95.3338","157.9","MUSKOGEE, OK US","1.1","0","0.0",",0","10",",0","6",",0","0",",0","0",",0","0",",0","0",",0","15",",0","1",",0","2",",0","0",",0","","","19700203",",,0","19700228","+,,0","19700228","+,,0","","","19700223",",,0","19700217","+,,0","-10.6",",0,03,","0",",,0,28,+","0",",,0,28,+","11.4",",,0,23,","21.7",",0,17,+","1711.7","0","344.1",",0","34.5",",,,0","0",",,,0","6.04",",0","12.21",",,,0","-0.12",",,,0"
"USC00346130","1970-03","35.778","-95.3338","157.9","MUSKOGEE, OK US","1.9","0","0.8",",0","11",",0","8",",0","1",",0","0",",0","0",",0","0",",0","10",",0","0",",0","5",",0","0",",0","","","19700313",",,0","19700319","+,,0","19700317","+,,0","","","19700317",",,0","19700303",",,0","-4.4",",0,13,","0",",T,0,19,+","0",",T,0,17,+","38.6",",,0,17,","25.0",",0,03,","2029.8","0","318.1",",0","99.2",",,,0","0",",T,,0","8.10",",0","13.46",",,,0","2.74",",,,0"
"USC00346130","1970-04","35.778","-95.3338","157.9","MUSKOGEE, OK US","30.7","0","28.8",",0","9",",0","8",",0","2",",0","0",",0","0",",0","0",",0","1",",0","0",",0","21",",0","0",",0","","","19700402",",,0","19700430","+,,0","19700430","+,,0","","","19700430",",,0","19700428",",,0","-1.7",",0,02,","0",",,0,30,+","0",",,0,30,+","46.2",",,0,30,","30.0",",0,28,","2108.1","0","78.3",",0","151.4",",,,0","0",",,,0","16.68",",0","23.04",",,,0","10.33",",,,0"
"USC00346130","1970-05","35.778","-95.3338","157.9","MUSKOGEE, OK US","139.4","0","108.7",",0","5",",0","4",",0","2",",0","0",",0","0",",0","0",",0","0",",0","0",",0","30",",0","0",",0","","","19700502",",,0","19700531","+,,0","19700531","+,,0","","","19700530",",,0","19700521","+,,0","3.3",",0,02,","0",",,0,31,+","0",",,0,31,+","28.2",",,0,30,","31.1",",0,21,+","2124.2","0","16.1",",0","67.8",",,,0","0",",,,0","21.32",",0","27.71",",,,0","14.93",",,,0"
"USC00346130","1970-06","35.778","-95.3338","157.9","MUSKOGEE, OK US","335.3","0","195.9",",0","8",",0","3",",0","1",",0","0",",0","0",",0","0",",0","0",",0","0",",0","28",",0","13",",0","","","19700606","+,,0","19700630","+,,0","19700630","+,,0","","","19700612",",,0","19700630","+,,0","11.1",",0,06,+","0",",,0,30,+","0",",,0,30,+","75.4",",,0,12,","33.9",",0,30,+","2130.9","0","6.7",",0","97.1",",,,0","0",",,,0","24.64",",0","30.19",",,,0","19.10",",,,0"
"USC00346130","1970-07","35.778","-95.3338","157.9","MUSKOGEE, OK US","616.4","0","281.1",",0","4",",0","3",",0","0",",0","0",",0","0",",0","0",",0","0",",0","0",",0","31",",0","27",",0","","","19700722",",,0","19700731","+,,0","19700731","+,,0","","","19700729",",,0","19700731","+,,0","12.2",",0,22,","0",",,0,31,+","0",",,0,31,+","16.3",",,0,29,","38.9",",0,31,+","0.0","0","0.0",",0","34.6",",,,0","0",",,,0","27.40",",0","34.59",",,,0","20.21",",,,0"
"USC00346130","1970-08","35.778","-95.3338","157.9","MUSKOGEE, OK US","940.3","0","323.9",",0","4",",0","1",",0","0",",0","0",",0","0",",0","0",",0","0",",0","0",",0","31",",0","30",",0","","","19700826",",,0","19700831","+,,0","19700831","+,,0","","","19700821",",,0","19700808",",,0","15.0",",0,26,","0",",,0,31,+","0",",,0,31,+","18.0",",,0,21,","41.7",",0,08,","0.0","0","0.0",",0","20.3",",,,0","0",",,,0","28.78",",0","36.50",",,,0","21.06",",,,0"
"USC00346130","1970-09","35.778","-95.3338","157.9","MUSKOGEE, OK US","1119.5","0","179.2",",0","12",",0","9",",0","2",",0","0",",0","0",",0","0",",0","0",",0","0",",0","28",",0","15",",0","","","19700927",",,0","19700930","+,,0","19700930","+,,0","","","19700923",",,0","19700909",",,0","6.7",",0,27,","0",",,0,30,+","0",",,0,30,+","72.9",",,0,23,","35.6",",0,09,","8.4","0","8.4",",0","196.6",",,,0","0",",,,0","24.03",",0","30.04",",,,0","18.01",",,,0"
"USC00346130","1970-10","35.778","-95.3338","157.9","MUSKOGEE, OK US","1135.4","0","15.9",",0","11",",0","8",",0","3",",0","0",",0","0",",0","0",",0","0",",0","0",",0","14",",0","0",",0","","","19701010",",,0","19701031","+,,0","19701031","+,,0","","","19701023",",,0","19701002",",,0","0.6",",0,10,","0",",,0,31,+","0",",,0,31,+","63.5",",,0,23,","31.1",",0,02,","135.6","0","127.2",",0","217.5",",,,0","0",",,,0","14.74",",0","20.43",",,,0","9.05",",,,0"
"USC00346130","1970-11","35.778","-95.3338","157.9","MUSKOGEE, OK US","1135.4","0","0.0",",0","3",",0","3",",0","0",",0","0",",0","0",",0","0",",0","10",",0","0",",0","5",",0","0",",0","","","19701124",",,0","19701130","+,,0","19701130","+,,0","","","19701102",",,0","19701129",",,0","-11.1",",0,24,","0",",,0,30,+","0",",,0,30,+","18.5",",,0,02,","25.0",",0,29,","432.6","0","297.0",",0","34.0",",,,0","0",",,,0","8.43",",0","14.63",",,,0","2.24",",,,0"
"USC00346130","1970-12","35.778","-95.3338","157.9","MUSKOGEE, OK US","1136.2","0","0.8",",0","7",",0","4",",0","0",",0","0",",0","0",",0","0",",0","16",",0","0",",0","3",",0","0",",0","","","19701226",",,0","19701231","+,,0","19701231","+,,0","","","19701216",",,0","19701203","+,,0","-7.8",",0,26,","0",",,0,31,+","0",",,0,31,+","14.2",",,0,16,","24.4",",0,03,+","775.0","0","342.4",",0","28.9",",,,0","0",",,,0","7.31",",0","13.50",",,,0","1.13",",,,0"
"USC00346130","1971-01","35.778","-95.3338","157.9","MUSKOGEE, OK US","0.0","0","0.0",",0","5",",0","4",",0","0",",0","0",",0","0",",0","0",",0","23",",0","3",",0","1",",0","0",",0","","","19710107",",,0","19710131","+,,0","19710131","+,,0","","","19710104",",,0","19710129",",,0","-12.2",",0,07,","0",",,0,31,+","0",",,0,31,+","17.8",",,0,04,","22.8",",0,29,","1249.9","0","474.9",",0","49.0",",,,0","0",",,,0","3.01",",0","9.28",",,,0","-3.25",",,,0"
"USC00346130","1971-02","35.778","-95.3338","157.9","MUSKOGEE, OK US","0.0","0","0.0",",0","8",",0","6",",0","1",",0","1",",0","1",",0","1",",0","19",",0","3",",0","2",",0","0",",0","","","19710208",",,0","19710207",",,0","19710207",",,0","","","19710222",",,0","19710217",",,0","-17.8",",0,08,","76",",,0,07,","97",",,0,07,","29.5",",,0,22,","22.2",",0,17,","1632.2","0","382.3",",0","65.2",",,,0","97",",,,0","4.68",",0","10.55",",,,0","-1.19",",,,0"
"USC00346130","1971-03","35.778","-95.3338","157.9","MUSKOGEE, OK US","4.2","0","4.2","1,0","4",",0","1",",0","0",",0","0",",0","0",",0","0","1,0","10","1,0","0","1,0","8","1,0","0","1,0","","","19710303",",1,0","19710303",",,0","19710303",",,0","","","19710303",",,0","19710314",",1,0","-6.7","1,0,03,","0",",T,0,03,","0",",T,0,03,","3.3",",,0,03,","28.3","1,0,14,","1892.7","0","260.5","1,0","6.7",",,,0","0",",T,,0","9.79","1,0","16.76","1,,,0","2.82","1,,,0"
"USC00346130","1971-04","35.778","-95.3338","157.9","MUSKOGEE, OK US","15.0","0","10.8",",0","10",",0","5",",0","1",",0","0",",0","0",",0","0",",0","4",",0","0",",0","22",",0","0",",0","","","19710407","+,,0","19710430","+,,0","19710430","+,,0","","","19710423",",,0","19710419","+,,0","-2.2",",0,07,+","0",",,0,30,+","0",",,0,30,+","26.9",",,0,23,","28.3",",0,19,+","1988.5","0","95.8",",0","71.3",",,,0","0",",,,0","15.50",",0","22.82",",,,0","8.18",",,,0"
"USC00346130","1971-05","35.778","-95.3338","157.9","MUSKOGEE, OK US","60.9","0","45.9",",0","8",",0","6",",0","2",",0","0",",0","0",",0","0",",0","0",",0","0",",0","29",",0","0",",0","","","19710513",",,0","19710531","+,,0","19710531","+,,0","","","19710527",",,0","19710517",",,0","5.6",",0,13,","0",",,0,31,+","0",",,0,31,+","41.4",",,0,27,","31.1",",0,17,","2011.2","0","22.7",",0","117.6",",,,0","0",",,,0","19.08",",0","25.65",",,,0","12.51",",,,0"
"USC00346130","1971-06","35.778","-95.3338","157.9","MUSKOGEE, OK US","269.7","0","208.8",",0","12",",0","9",",0","1",",0","0",",0","0",",0","0",",0","0",",0","0",",0","30",",0","11",",0","","","19710601",",,0","19710630","+,,0","19710630","+,,0","","","19710603",",,0","19710625",",,0","15.6",",0,01,","0",",,0,30,+","0",",,0,30,+","38.1",",,0,03,","34.4",",0,25,","2011.2","0","0.0",",0","124.7",",,,0","0",",,,0","25.29",",0","31.41",",,,0","19.17",",,,0"
"USC00346130","1971-07","35.778","-95.3338","157.9","MUSKOGEE, OK US","509.7","0","240.0",",0","9",",0","7",",0","2",",0","0",",0","0",",0","0",",0","0",",0","0",",0","31",",0","17",",0","","","19710731",",,0","19710731","+,,0","19710731","+,,0","","","19710723",",,0","19710714",",,0","9.4",",0,31,","0",",,0,31,+","0",",,0,31,+","55.1",",,0,23,","37.8",",0,14,","0.0","0","0.0",",0","134.4",",,,0","0",",,,0","26.07",",0","32.31",",,,0","19.84",",,,0"
"USC00346130","1971-08","35.778","-95.3338","157.9","MUSKOGEE, OK US","713.6","0","203.9",",0","7",",0","4",",0","0",",0","0",",0","0",",0","0",",0","0",",0","0",",0","31",",0","16",",0","","","19710802","+,,0","19710831","+,,0","19710831","+,,0","","","19710808",",,0","19710826",",,0","13.9",",0,02,+","0",",,0,31,+","0",",,0,31,+","13.2",",,0,08,","35.0",",0,26,","0.0","0","0.0",",0","35.5",",,,0","0",",,,0","24.91",",0","31.49",",,,0","18.33",",,,0"
"USC00346130","1971-09","35.778","-95.3338","157.9","MUSKOGEE, OK US","880.8","0","167.2",",0","9",",0","8",",0","1",",0","0",",0","0",",0","0",",0","0",",0","0",",0","26",",0","12",",0","","","19710920",",,0","19710930","+,,0","19710930","+,,0","","","19710905",",,0","19710914","+,,0","6.1",",0,20,","0",",,0,30,+","0",",,0,30,+","45.0",",,0,05,","33.9",",0,14,+","21.6","0","21.6",",0","151.7",",,,0","0",",,,0","23.18",",0","28.84",",,,0","17.53",",,,0"
"USC00346130","1971-10","35.778","-95.3338","157.9","MUSKOGEE, OK US","918.3","0","37.5",",0","10",",0","7",",0","3",",0","0",",0","0",",0","0",",0","0",",0","0",",0","26",",0","0",",0","","","19711010",",,0","19711031","+,,0","19711031","+,,0","","","19711003",",,0","19711001",",,0","3.9",",0,10,","0",",,0,31,+","0",",,0,31,+","99.8",",,0,03,","30.6",",0,01,","48.0","0","26.4",",0","212.7",",,,0","0",",,,0","18.69",",0","24.38",",,,0","13.01",",,,0"
"USC00346130","1971-11","35.778","-95.3338","157.9","MUSKOGEE, OK US","922.7","0","4.4",",0","8",",0","3",",0","2",",0","1",",0","1",",0","0",",0","4",",0","0",",0","11",",0","0",",0","","","19711107",",,0","19711123",",,0","19711123",",,0","","","19711118",",,0","19711101",",,0","-1.7",",0,07,","25",",,0,23,","38",",,0,23,","69.6",",,0,18,","25.6",",0,01,","284.1","0","236.1",",0","112.2",",,,0","38",",,,0","10.61",",0","16.30",",,,0","4.92",",,,0"
"USC00346130","1971-12","35.778","-95.3338","157.9","MUSKOGEE, OK US","922.7","0","0.0",",0","10",",0","7",",0","2",",0","0",",0","0",",0","0",",0","7",",0","0",",0","2",",0","0",",0","","","19711213",",,0","19711231","+,,0","19711231","+,,0","","","19711210",",,0","19711227",",,0","-2.8",",0,13,","0",",,0,31,+","0",",,0,31,+","47.2",",,0,10,","24.4",",0,27,","607.6","0","323.5",",0","122.3",",,,0","0",",,,0","7.90",",0","12.63",",,,0","3.17",",,,0"
"USC00346130","1972-01","35.778","-95.3338","157.9","MUSKOGEE, OK US","0.0","0","0.0",",0","7",",0","2",",0","0",",0","0","2,0","0","3,0","0",",0","18",",0","4",",0","1",",0","0",",0","","","19720105",",,0","19720107","+,2,0","19720131","+,3,0","","","19720128",",,0","19720119",",,0","-15.6",",0,05,","0","2,T,0,07,+","0","3,,0,31,+","8.4",",,0,28,","23.3",",0,19,","1063.9","0","456.3",",0","14.6",",,,0","0","3,,,0","3.61",",0","9.26",",,,0","-2.03",",,,0"
"USC00346130","1972-02","35.778","-95.3338","157.9","MUSKOGEE, OK US","2.3","0","2.3",",0","6",",0","2",",0","0",",0","0",",","","","0",",0","15",",0","0",",0","3",",0","0",",0","","","19720203",",,0","19720212","+,,0","","","","","19720212",",,0","19720229","+,,0","-12.8",",0,03,","0",",T,0,12,+","","","15.5",",,0,12,","25.6",",0,29,+","1400.3","0","336.4",",0","23.0",",,,0","","","6.81",",0","13.23",",,,0","0.40",",,,0"
"USC00346130","1972-03","35.778","-95.3338","157.9","MUSKOGEE, OK US","5.1","0","2.8",",0","4",",0","3",",0","0",",0","0",",0","0",",0","0",",0","6",",0","0",",0","14",",0","0",",0","","","19720302",",,0","19720331","+,,0","19720331","+,,0","","","19720321",",,0","19720317",",,0","-5.6",",0,02,","0",",,0,31,+","0",",,0,31,+","21.6",",,0,21,","26.7",",0,17,","1584.7","0","184.4",",0","32.6",",,,0","0",",,,0","12.48",",0","19.38",",,,0","5.57",",,,0"
"USC00346130","1972-04","35.778","-95.3338","157.9","MUSKOGEE, OK US","42.0","0","36.9",",0","7",",0","4",",0","2",",0","0",",0","0",",0","0",",0","2",",0","0",",0","23",",0","2",",0","","","19720401",",,0","19720430","+,,0","19720430","+,,0","","","19720421",",,0","19720412",",,0","-1.7",",0,01,","0",",,0,30,+","0",",,0,30,+","71.6",",,0,21,","32.8",",0,12,","1661.6","0","76.9",",0","143.2",",,,0","0",",,,0","17.00",",0","23.75",",,,0","10.25",",,,0"
"USC00346130","1972-05","35.778","-95.3338","157.9","MUSKOGEE, OK US","120.1","0","78.1",",0","5",",0","2",",0","0",",0","0",",0","0",",0","0",",0","0",",0","0",",0","29",",0","2",",0","","","19720504","+,,0","19720531","+,,0","19720531","+,,0","","","19720513","+,,0","19720527","+,,0","8.3",",0,04,+","0",",,0,31,+","0",",,0,31,+","12.4",",,0,13,+","32.2",",0,27,+","1682.7","0","21.1",",0","28.2",",,,0","0",",,,0","20.17",",0","26.47",",,,0","13.87",",,,0"
"USC00346130","1972-06","35.778","-95.3338","157.9","MUSKOGEE, OK US","342.9","0","222.8",",0","7",",0","4",",0","0",",0","0",",0","0",",0","0",",0","0",",0","0",",0","30",",0","15",",0","","","19720601",",,0","19720630","+,,0","19720630","+,,0","","","19720624",",,0","19720630","+,,0","9.4",",0,01,","0",",,0,30,+","0",",,0,30,+","24.9",",,0,24,","36.1",",0,30,+","1682.7","0","0.0",",0","56.7",",,,0","0",",,,0","25.76",",0","32.43",",,,0","19.09",",,,0"
"USC00346130","1972-07","35.778","-95.3338","157.9","MUSKOGEE, OK US","607.9","0","265.0",",0","6",",0","4",",0","1",",0","0",",0","0",",0","0",",0","0",",0","0",",0","31",",0","22",",0","","","19720706",",,0","19720731","+,,0","19720731","+,,0","","","19720703",",,0","19720725",",,0","10.0",",0,06,","0",",,0,31,+","0",",,0,31,+","33.5",",,0,03,","39.4",",0,25,","0.0","0","0.0",",0","59.5",",,,0","0",",,,0","26.88",",0","33.24",",,,0","20.52",",,,0"
"USC00346130","1972-08","35.778","-95.3338","157.9","MUSKOGEE, OK US","901.5","0","293.6",",0","7",",0","5",",0","0",",0","0",",0","0",",0","0",",0","0",",0","0",",0","31",",0","25",",0","","","19720830","+,,0","19720831","+,,0","19720831","+,,0","","","19720831",",,0","19720808",",,0","16.7",",0,30,+","0",",,0,31,+","0",",,0,31,+","21.1",",,0,31,","40.6",",0,08,","0.0","0","0.0",",0","61.5",",,,0","0",",,,0","27.80",",0","35.00",",,,0","20.61",",,,0"
"USC00346130","1972-09","35.778","-95.3338","157.9","MUSKOGEE, OK US","1111.6","0","210.1",",0","9",",0","7",",0","0",",0","0",",0","0",",0","0",",0","0",",0","0",",0","28",",0","14",",0","","","19720930",",,0","19720930","+,,0","19720930","+,,0","","","19720927",",,0","19720919",",,0","4.4",",0,30,","0",",,0,30,+","0",",,0,30,+","20.8",",,0,27,","36.1",",0,19,","7.8","0","7.8",",0","96.3",",,,0","0",",,,0","25.08",",0","30.71",",,,0","19.44",",,,0"
"USC00346130","1972-10","35.778","-95.3338","157.9","MUSKOGEE, OK US","1139.9","0","28.3",",0","8",",0","2",",0","2",",0","0",",0","0",",0","0",",0","0",",0","0",",0","17",",0","0",",0","","","19721019",",,0","19721031","+,,0","19721031","+,,0","","","19721022",",,0","19721012",",,0","2.8",",0,19,","0",",,0,31,+","0",",,0,31,+","120.9",",,0,22,","30.6",",0,12,","103.9","0","96.1",",0","209.9",",,,0","0",",,,0","16.14",",0","21.26",",,,0","11.02",",,,0"
"USC00346130","1972-11","35.778","-95.3338","157.9","MUSKOGEE, OK US","1139.9","0","0.0",",0","11",",0","9",",0","2",",0","","","","","0",",0","11",",0","0",",0","0",",0","0",",0","","","19721129",",,0","","","","","","","19721101",",,0","19721104",",,0","-4.4",",0,29,","","","","","96.0",",,0,01,","19.4",",0,04,","455.8","0","351.9",",0","184.2",",,,0","","","6.60",",0","10.70",",,,0","2.50",",,,0"
"USC00346130","1972-12","35.778","-95.3338","157.9","MUSKOGEE, OK US","1139.9","0","0.0",",0","6",",0","3",",0","1",",0","0",",0","0",",0","0",",0","22",",0","6",",0","0",",0","0",",0","","","19721216",",,0","19721218","+,,0","19721212",",,0","","","19721212",",,0","19721230",",,0","-12.8",",0,16,","0",",T,0,18,+","13",",,0,12,","27.2",",,0,12,","18.9",",0,30,","949.7","0","493.9",",0","51.8",",,,0","13",",,,0","2.40",",0","7.23",",,,0","-2.42",",,,0"
"USC00346130","1973-01","35.778","-95.3338","157.9","MUSKOGEE, OK US","0.0","0","0.0",",0","11",",0","6",",0","1",",0","","","0",",0","0",",0","20",",0","7",",0","0",",0","0",",0","","","19730112",",,0","","","19730131","+,,0","","","19730118",",,0","19730118",",,0","-15.0",",0,12,","","","0",",,0,31,+","33.8",",,0,18,","17.2",",0,18,","1433.2","0","483.5",",0","103.4",",,,0","84",",a,,0","2.74",",0","7.30",",,,0","-1.83",",,,0"
"USC00346130","1973-02","35.778","-95.3338","157.9","MUSKOGEE, OK US","0.0","0","0.0",",0","7",",0","2",",0","1",",0","0",",0","1",",0","0",",0","16",",0","2",",0","0",",0","0",",0","","","19730210",",,0","19730219","+,,0","19730218",",,0","","","19730208",",,0","19730204",",,0","-7.8",",0,10,","0",",T,0,19,+","25",",,0,18,","46.0",",,0,08,","19.4",",0,04,","1811.1","0","377.9",",0","62.5",",,,0","25",",,,0","4.84",",0","9.91",",,,0","-0.24",",,,0"
"USC00346130","1973-03","35.778","-95.3338","157.9","MUSKOGEE, OK US","0.3","0","0.3",",0","14",",0","12",",0","3",",0","0",",0","0",",0","0",",0","1",",0","0",",0","10",",0","0",",0","","","19730317",",,0","19730331","+,,0","19730331","+,,0","","","19730302",",,0","19730312",",,0","0.0",",0,17,","0",",,0,31,+","0",",,0,31,+","41.7",",,0,02,","25.6",",0,12,","1972.5","0","161.4",",0","229.9",",,,0","0",",,,0","13.13",",0","18.29",",,,0","7.97",",,,0"
"USC00346130","1973-04","35.778","-95.3338","157.9","MUSKOGEE, OK US","17.8","0","17.5","1,0","16",",0","12",",0","2",",0","0",",0","0",",0","0",",0","2",",0","0","1,0","13","1,0","0","1,0","","","19730411",",,0","19730430","+,,0","19730430","+,,0","","","19730416",",,0","19730420",",1,0","-0.6",",0,11,","0",",,0,30,+","0",",,0,30,+","58.9",",,0,16,","28.3","1,0,20,","2099.1","0","126.6","1,0","184.1",",,,0","0",",,,0","14.51","1,0","19.96","1,,,0","9.07",",,,0"
"USC00346130","1973-05","35.778","-95.3338","157.9","MUSKOGEE, OK US","65.7","0","47.9",",0","9",",0","8",",0","2",",0","0",",0","0",",0","0",",0","0",",0","0",",0","31",",0","0",",0","","","19730503",",,0","19730531","+,,0","19730531","+,,0","","","19730527",",,0","19730519",",,0","5.6",",0,03,","0",",,0,31,+","0",",,0,31,+","42.2",",,0,27,","31.7",",0,19,","2126.8","0","27.7",",0","156.0",",,,0","0",",,,0","18.98",",0","25.73",",,,0","12.24",",,,0"
"USC00346130","1973-06","35.778","-95.3338","157.9","MUSKOGEE, OK US","236.8","0","171.1",",0","13",",0","10",",0","7",",0","0",",0","0",",0","0",",0","0",",0","0",",0","30",",0","0",",0","","","19730607",",,0","19730630","+,,0","19730630","+,,0","","","19730630",",,0","19730627","+,,0","13.3",",0,07,","0",",,0,30,+","0",",,0,30,+","56.9",",,0,30,","31.7",",0,27,+","2126.8","0","0.0",",0","341.9",",,,0","0",",,,0","24.04",",0","29.27",",,,0","18.80",",,,0"
"USC00346130","1973-07","35.778","-95.3338","157.9","MUSKOGEE, OK US","507.8","0","271.0",",0","7",",0","4",",0","0",",0","0",",0","0",",0","0",",0","0",",0","0",",0","31",",0","19",",0","","","19730713",",,0","19730731","+,,0","19730731","+,,0","","","19730724",",,0","19730727","+,,0","18.9",",0,13,","0",",,0,31,+","0",",,0,31,+","19.6",",,0,24,","34.4",",0,27,+","0.0","0","0.0",",0","48.4",",,,0","0",",,,0","27.07",",0","32.43",",,,0","21.72",",,,0"
"USC00346130","1973-08","35.778","-95.3338","157.9","MUSKOGEE, OK US","753.9","0","246.1",",0","4",",0","2",",0","1",",0","0",",0","0",",0","0",",0","0",",0","0",",0","31",",0","19",",0","","","19730804","+,,0","19730831","+,,0","19730831","+,,0","","","19730811",",,0","19730810",",,0","15.6",",0,04,+","0",",,0,31,+","0",",,0,31,+","65.5",",,0,11,","35.6",",0,10,","0.0","0","0.0",",0","83.8",",,,0","0",",,,0","26.27",",0","32.33",",,,0","20.22",",,,0"
"USC00346130","1973-09","35.778","-95.3338","157.9","MUSKOGEE, OK US","910.4","0","156.5",",0","12",",0","9",",0","5",",0","0",",0","0",",0","0",",0","0",",0","0",",0","30",",0","1",",0","","","19730918",",,0","19730930","+,,0","19730930","+,,0","","","19730928",",,0","19730901",",,0","7.2",",0,18,","0",",,0,30,+","0",",,0,30,+","59.2",",,0,28,","32.2",",0,01,","4.2","0","4.2",",0","223.9",",,,0","0",",,,0","23.41",",0","28.04",",,,0","18.78",",,,0"
"USC00346130","1973-10","35.778","-95.3338","157.9","MUSKOGEE, OK US","958.0","0","47.6",",0","7","1,0","7","1,0","1","1,0","0","1,0","0","1,0","0",",0","0",",0","0",",0","26",",0","0",",0","","","19731029",",,0","19731031","+,1,0","19731031","+,1,0","","","19731027",",1,0","19731002",",,0","1.1",",0,29,","0","1,,0,31,+","0","1,,0,31,+","25.7","1,,0,27,","30.6",",0,02,","50.4","0","46.2",",0","100.7","1,,,0","0","1,,,0","18.38",",0","24.41",",,,0","12.35",",,,0"
"USC00346130","1973-11","35.778","-95.3338","157.9","MUSKOGEE, OK US","962.1","0","4.1",",0","8",",0","4",",0","3",",0","0",",0","0",",0","0",",0","1",",0","0",",0","11",",0","0",",0","","","19731128",",,0","19731130","+,,0","19731130","+,,0","","","19731124",",,0","19731114",",,0","0.0",",0,28,","0",",,0,30,+","0",",,0,30,+","64.0",",,0,24,","24.4",",0,14,","215.4","0","165.0",",0","156.8",",,,0","0",",,,0","12.97",",0","17.96",",,,0","7.98",",,,0"
"USC00346130","1973-12","35.778","-95.3338","157.9","MUSKOGEE, OK US","962.1","0","0.0",",0","6",",0","4",",0","3",",0","","","","","0",",0","19",",0","1",",0","3",",0","0",",0","","","19731231",",,0","","","","","","","19731219",",,0","19731202",",,0","-12.2",",0,31,","","","","","31.5",",,0,19,","21.7",",0,02,","624.1","0","408.7",",0","91.6",",,,0","","","5.15",",0","10.71",",,,0","-0.41",",,,0"
"USC00346130","1974-01","35.778","-95.3338","157.9","MUSKOGEE, OK US","0.0","0","0.0",",0","9",",0","4",",0","0",",0","","","","","0",",0","19",",0","6",",0","0",",0","0",",0","","","19740101",",,0","","","","","","","19740128",",,0","19740131","+,,0","-13.3",",0,01,","","","","","11.2",",,0,28,","20.0",",0,31,+","1093.6","0","469.5",",0","29.4",",,,0","","","3.19",",0","8.64",",,,0","-2.26",",,,0"
"USC00346130","1974-02","35.778","-95.3338","157.9","MUSKOGEE, OK US","0.0","0","0.0",",0","6",",0","5",",0","0",",0","","","","","0",",0","14",",0","1",",0","4",",0","0",",0","","","19740225",",,0","","","","","","","19740219",",,0","19740201",",,0","-8.9",",0,25,","","","","","15.7",",,0,19,","23.9",",0,01,","1387.8","0","294.2",",0","49.8",",,,0","","","7.83",",0","14.96",",,,0","0.69",",,,0"
"USC00346130","1974-03","35.778","-95.3338","157.9","MUSKOGEE, OK US","27.3","0","27.3",",0","7",",0","5",",0","1",",0","0",",0","0",",0","0",",0","5",",0","0",",0","17",",0","1",",0","","","19740322",",,0","19740331","+,,0","19740331","+,,0","","","19740311",",,0","19740331",",,0","-6.1",",0,22,","0",",,0,31,+","0",",,0,31,+","30.7",",,0,11,","33.9",",0,31,","1556.9","0","169.1",",0","78.5",",,,0","0",",,,0","13.76",",0","19.59",",,,0","7.93",",,,0"
"USC00346130","1974-04","35.778","-95.3338","157.9","MUSKOGEE, OK US","60.5","0","33.2",",0","5",",0","5",",0","1",",0","0",",0","0",",0","0",",0","0",",0","0",",0","23",",0","0",",0","","","19740409",",,0","19740430","+,,0","19740430","+,,0","","","19740430",",,0","19740401",",,0","0.6",",0,09,","0",",,0,30,+","0",",,0,30,+","44.2",",,0,30,","31.7",",0,01,","1626.5","0","69.6",",0","93.7",",,,0","0",",,,0","17.12",",0","23.69",",,,0","10.54",",,,0"
"USC00346130","1974-05","35.778","-95.3338","157.9","MUSKOGEE, OK US","194.0","0","133.5",",0","8",",0","6",",0","0",",0","0",",0","0",",0","0",",0","0",",0","0",",0","29",",0","0",",0","","","19740506",",,0","19740531","+,,0","19740531","+,,0","","","19740525",",,0","19740530","+,,0","9.4",",0,06,","0",",,0,31,+","0",",,0,31,+","19.6",",,0,25,","31.1",",0,30,+","1630.1","0","3.6",",0","65.1",",,,0","0",",,,0","22.52",",0","27.69",",,,0","17.35",",,,0"
"USC00346130","1974-06","35.778","-95.3338","157.9","MUSKOGEE, OK US","340.7","0","146.7",",0","8",",0","6",",0","1",",0","0",",0","0",",0","0",",0","0",",0","0",",0","30",",0","7",",0","","","19740626",",,0","19740630","+,,0","19740630","+,,0","","","19740607",",,0","19740622","+,,0","10.0",",0,26,","0",",,0,30,+","0",",,0,30,+","70.6",",,0,07,","33.9",",0,22,+","1630.3","0","0.2",",0","120.1",",,,0","0",",,,0","23.22",",0","29.08",",,,0","17.35",",,,0"
"USC00346130","1974-07","35.778","-95.3338","157.9","MUSKOGEE, OK US","669.9","0","329.2",",0","1",",0","1",",0","0",",0","0",",0","0",",0","0",",0","0",",0","0",",0","31",",0","30",",0","","","19740731",",,0","19740731","+,,0","19740731","+,,0","","","19740704",",,0","19740722",",,0","17.8",",0,31,","0",",,0,31,+","0",",,0,31,+","7.4",",,0,04,","42.2",",0,22,","0.0","0","0.0",",0","7.4",",,,0","0",",,,0","28.95",",0","36.02",",,,0","21.88",",,,0"
"USC00346130","1974-08","35.778","-95.3338","157.9","MUSKOGEE, OK US","902.2","0","232.3",",0","9","3,0","5","3,0","1","3,0","0",",0","0",",0","0",",0","0",",0","0",",0","31",",0","15",",0","","","19740804",",,0","19740831","+,,0","19740831","+,,0","","","19740810",",3,0","19740817",",,0","12.2",",0,04,","0",",,0,31,+","0",",,0,31,+","50.5","3,,0,10,","36.7",",0,17,","0.0","0","0.0",",0","131.2",",a,,0","0",",,,0","25.83",",0","31.32",",,,0","20.33",",,,0"
"USC00346130","1974-09","35.778","-95.3338","157.9","MUSKOGEE, OK US","947.8","0","45.6","1,0","12",",0","9",",0","3",",0","0",",0","0",",0","0","1,0","0","1,0","0",",0","25",",0","0",",0","","","19740929",",1,0","19740930","+,,0","19740930","+,,0","","","19740902",",,0","19740911","+,,0","5.0","1,0,29,","0",",,0,30,+","0",",,0,30,+","76.2",",,0,02,","30.0",",0,11,+","39.8","0","39.8",",0","215.8",",,,0","0",",,,0","18.43","1,0","23.69",",,,0","13.18","1,,,0"
"USC00346130","1974-10","35.778","-95.3338","157.9","MUSKOGEE, OK US","969.2","0","21.4",",0","8",",0","7",",0","2",",0","0",",0","0",",0","0",",0","0",",0","0",",0","24",",0","0",",0","","","19741016",",,0","19741031","+,,0","19741031","+,,0","","","19741031",",,0","19741011",",,0","2.8",",0,16,","0",",,0,31,+","0",",,0,31,+","70.1",",,0,31,","27.8",",0,11,","92.9","0","53.1",",0","139.1",",,,0","0",",,,0","17.31",",0","23.02",",,,0","11.59",",,,0"
"USC00346130","1974-11","35.778","-95.3338","157.9","MUSKOGEE, OK US","970.9","0","1.7",",0","8",",0","5",",0","2",",0","0",",0","0",",0","0",",0","7",",0","0",",0","6",",0","0",",0","","","19741130",",,0","19741130","+,,0","19741130","+,,0","","","19741104",",,0","19741103",",,0","-7.2",",0,30,","0",",T,0,30,+","0",",T,0,30,+","40.6",",,0,04,","23.9",",0,03,","346.0","0","253.1",",0","110.7",",,,0","0",",T,,0","9.95",",0","15.31",",,,0","4.59",",,,0"
"USC00346130","1974-12","35.778","-95.3338","157.9","MUSKOGEE, OK US","970.9","0","0.0",",0","7",",0","4",",0","1",",0","0",",0","0",",0","0",",0","18",",0","0",",0","0",",0","0",",0","","","19741209",",,0","19741203","+,,0","19741231","+,,0","","","19741231",",,0","19741222",",,0","-8.9",",0,09,","0",",T,0,03,+","0",",,0,31,+","33.0",",,0,31,","20.0",",0,22,","767.6","0","421.6",",0","94.8",",,,0","0",",,,0","4.73",",0","9.68",",,,0","-0.21",",,,0"
"USC00346130","1975-01","35.778","-95.3338","157.9","MUSKOGEE, OK US","0.0","0","0.0",",0","9",",0","4",",0","0",",0","0",",0","0",",0","0",",0","14",",0","0",",0","1",",0","0",",0","","","19750113",",,0","19750131","+,,0","19750131","+,,0","","","19750131",",,0","19750127",",,0","-11.1",",0,13,","0",",,0,31,+","0",",,0,31,+","19.1",",,0,31,","22.8",",0,27,","1161.6","0","394.0",",0","44.5",",,,0","0",",,,0","5.62",",0","11.33",",,,0","-0.08",",,,0"
"USC00346130","1975-02","35.778","-95.3338","157.9","MUSKOGEE, OK US","0.0","0","0.0",",0","10",",0","7",",0","0",",0","3",",0","3",",0","0",",0","18",",0","2",",0","0",",0","0",",0","","","19750207",",,0","19750224",",,0","19750224",",,0","","","19750202",",,0","19750213",",,0","-10.6",",0,07,","254",",,0,24,","241",",,0,24,","23.4",",,0,02,","18.9",",0,13,","1567.7","0","406.1",",0","106.6",",,,0","368",",,,0","3.83",",0","9.35",",,,0","-1.69",",,,0"
"USC00346130","1975-03","35.778","-95.3338","157.9","MUSKOGEE, OK US","6.4","0","6.4",",0","13",",0","6",",0","2",",0","0",",0","0",",0","0",",0","10",",0","0",",0","5",",0","0",",0","","","19750314",",,0","19750329","+,,0","19750329","+,,0","","","19750328",",,0","19750323",",,0","-9.4",",0,14,","0",",T,0,29,+","0",",T,0,29,+","44.5",",,0,28,","27.2",",0,23,","1895.1","0","327.4",",0","122.8",",,,0","0",",T,,0","7.98",",0","13.36",",,,0","2.60",",,,0"
"USC00346130","1975-04","35.778","-95.3338","157.9","MUSKOGEE, OK US","44.6","0","38.2","1,0","7",",0","6",",0","0",",0","0",",0","0",",0","0",",0","3",",0","0","1,0","20","1,0","0","1,0","","","19750403",",,0","19750430","+,,0","19750430","+,,0","","","19750428",",,0","19750427","+,1,0","-5.0",",0,03,","0",",,0,30,+","0",",,0,30,+","22.6",",,0,28,","29.4","1,0,27,+","1999.6","0","104.5","1,0","69.3",",,,0","0",",,,0","16.11","1,0","22.77","1,,,0","9.46",",,,0"
"USC00346130","1975-05","35.778","-95.3338","157.9","MUSKOGEE, OK US","135.2","0","90.6",",0","12",",0","10",",0","1",",0","0",",0","0",",0","0",",0","0",",0","0",",0","31",",0","0",",0","","","19750501",",,0","19750531","+,,0","19750531","+,,0","","","19750503",",,0","19750522","+,,0","8.3",",0,01,","0",",,0,31,+","0",",,0,31,+","47.0",",,0,03,","31.1",",0,22,+","2007.1","0","7.5",",0","160.7",",,,0","0",",,,0","21.01",",0","26.69",",,,0","15.34",",,,0"
"USC00346130","1975-06","35.778","-95.3338","157.9","MUSKOGEE, OK US","328.9","0","193.7",",0","9",",0","6",",0","2",",0","0",",0","0",",0","0",",0","0",",0","0",",0","30",",0","5",",0","","","19750601",",,0","19750630","+,,0","19750630","+,,0","","","19750617","+,,0","19750606",",,0","11.1",",0,01,","0",",,0,30,+","0",",,0,30,+","27.4",",,0,17,+","33.3",",0,06,","2007.1","0","0.0",",0","81.4",",,,0","0",",,,0","24.79",",0","29.99",",,,0","19.59",",,,0"
"USC00346130","1975-07","35.778","-95.3338","157.9","MUSKOGEE, OK US","595.7","0","266.8",",0","7",",0","3",",0","0",",0","0",",0","0",",0","0",",0","0",",0","0",",0","31",",0","23",",0","","","19750713","+,,0","19750731","+,,0","19750731","+,,0","","","19750704",",,0","19750721",",,0","13.3",",0,13,+","0",",,0,31,+","0",",,0,31,+","5.6",",,0,04,","37.8",",0,21,","0.0","0","0.0",",0","18.6",",,,0","0",",,,0","26.94",",0","32.96",",,,0","20.92",",,,0"
"USC00346130","1975-08","35.778","-95.3338","157.9","MUSKOGEE, OK US","882.9","0","287.2",",0","6",",0","3",",0","1",",0","0",",0","0",",0","0",",0","0",",0","0",",0","31",",0","24",",0","","","19750804",",,0","19750831","+,,0","19750831","+,,0","","","19750815",",,0","19750831","+,,0","18.3",",0,04,","0",",,0,31,+","0",",,0,31,+","39.9",",,0,15,","36.7",",0,31,+","0.0","0","0.0",",0","68.5",",,,0","0",",,,0","27.60",",0","33.33",",,,0","21.86",",,,0"
"USC00346130","1975-09","35.778","-95.3338","157.9","MUSKOGEE, OK US","1000.4","0","117.5",",0","7",",0","4",",0","1",",0","0",",0","0",",0","0",",0","0",",0","0",",0","24",",0","7",",0","","","19750926",",,0","19750930","+,,0","19750930","+,,0","","","19750915",",,0","19750903","+,,0","5.0",",0,26,","0",",,0,30,+","0",",,0,30,+","36.3",",,0,15,","37.2",",0,03,+","37.8","0","37.8",",0","93.4",",,,0","0",",,,0","20.99",",0","26.89",",,,0","15.09",",,,0"
"USC00346130","1975-10","35.778","-95.3338","157.9","MUSKOGEE, OK US","1052.4","0","52.0",",0","3",",0","2",",0","0",",0","0",",0","0",",0","0",",0","0",",0","0",",0","25",",0","2",",0","","","19751026",",,0","19751031","+,,0","19751031","+,,0","","","19751025",",,0","19751011",",,0","0.6",",0,26,","0",",,0,31,+","0",",,0,31,+","16.0",",,0,25,","32.8",",0,11,","110.9","0","73.1",",0","22.6",",,,0","0",",,,0","17.65",",0","24.59",",,,0","10.72",",,,0"
"USC00346130","1975-11","35.778","-95.3338","157.9","MUSKOGEE, OK US","1057.7","0","5.3",",0","9",",0","8",",0","2",",0","1",",0","1",",0","0",",0","9",",0","0",",0","12",",0","0",",0","","","19751127",",,0","19751126",",,0","19751126",",,0","","","19751130",",,0","19751101",",,0","-10.0",",0,27,","51",",,0,26,","46",",,0,26,","46.5",",,0,30,","25.6",",0,01,","334.1","0","223.2",",0","156.7",",,,0","46",",,,0","11.07",",0","16.47",",,,0","5.67",",,,0"
"USC00346130","1975-12","35.778","-95.3338","157.9","MUSKOGEE, OK US","1057.7","0","0.0",",0","9",",0","5",",0","1",",0","1",",0","1",",0","0",",0","16",",0","1",",0","0",",0","0",",0","","","19751218",",,0","19751225",",,0","19751225",",,0","","","19751206",",,0","19751214","+,,0","-12.8",",0,18,","76",",,0,25,","51",",,0,25,","25.7",",,0,06,","20.6",",0,14,+","740.5","0","406.4",",0","74.0",",,,0","51",",,,0","5.22",",0","10.10",",,,0","0.35",",,,0"
"USC00346130","1976-01","35.778","-95.3338","157.9","MUSKOGEE, OK US","0.0","0","0.0","1,0","2",",0","1",",0","0",",0","0",",0","0",",0","0","1,0","19","1,0","2",",0","0",",0","0",",0","","","19760108",",1,0","19760131","+,,0","19760109","+,,0","","","19760120",",,0","19760123",",,0","-16.1","1,0,08,","0",",,0,31,+","0",",T,0,09,+","3.6",",,0,20,","20.6",",0,23,","1180.5","0","440.0",",0","5.9",",,,0","0",",T,,0","3.65","1,0","10.32",",,,0","-3.02","1,,,0"
"USC00346130","1976-02","35.778","-95.3338","157.9","MUSKOGEE, OK US","9.2","0","9.2",",0","6",",0","1",",0","0",",0","0","2,0","0","2,0","0",",0","8",",0","1",",0","11",",0","0",",0","","","19760207",",,0","19760229","+,2,0","19760229","+,2,0","","","19760221",",,0","19760216","+,,0","-11.7",",0,07,","0","2,,0,29,+","0","2,,0,29,+","16.3",",,0,21,","26.7",",0,16,+","1387.3","0","206.8",",0","21.7",",,,0","0","2,,,0","11.52",",0","18.19",",,,0","4.86",",,,0"
"USC00346130","1976-03","35.778","-95.3338","157.9","MUSKOGEE, OK US","20.6","0","11.4","1,0","9",",0","8",",0","1",",0","0",",0","0",",0","0",",0","3",",0","0","1,0","13","1,0","0","1,0","","","19760313","+,,0","19760331","+,,0","19760331","+,,0","","","19760329",",,0","19760302",",1,0","-3.3",",0,13,+","0",",,0,31,+","0",",,0,31,+","25.4",",,0,29,","26.7","1,0,02,","1576.5","0","189.2","1,0","101.8",",,,0","0",",,,0","12.48","1,0","18.71","1,,,0","6.24",",,,0"
"USC00346130","1976-04","35.778","-95.3338","157.9","MUSKOGEE, OK US","41.3","0","20.7",",0","11",",0","7",",0","2",",0","0",",0","0",",0","0",",0","1",",0","0",",0","21",",0","0",",0","","","19760401",",,0","19760430","+,,0","19760430","+,,0","","","19760420",",,0","19760422","+,,0","-0.6",",0,01,","0",",,0,30,+","0",",,0,30,+","142.7",",,0,20,","27.2",",0,22,+","1644.0","0","67.5",",0","209.9",",,,0","0",",,,0","16.77",",0","22.63",",,,0","10.92",",,,0"
"USC00346130","1976-05","35.778","-95.3338","157.9","MUSKOGEE, OK US","70.1","0","28.8",",0","10",",0","7",",0","1",",0","0",",0","0",",0","0",",0","0",",0","0",",0","25",",0","0",",0","","","19760504","+,,0","19760531","+,,0","19760531","+,,0","","","19760513",",,0","19760529",",,0","5.0",",0,04,+","0",",,0,31,+","0",",,0,31,+","40.1",",,0,13,","29.4",",0,29,","1689.5","0","45.5",",0","111.6",",,,0","0",",,,0","17.80",",0","23.73",",,,0","11.86",",,,0"
"USC00346130","1976-06","35.778","-95.3338","157.9","MUSKOGEE, OK US","219.9","0","149.8",",0","10",",0","8",",0","2",",0","0",",0","0",",0","0",",0","0",",0","0",",0","30",",0","3",",0","","","19760620",",,0","19760630","+,,0","19760630","+,,0","","","19760624",",,0","19760629","+,,0","10.6",",0,20,","0",",,0,30,+","0",",,0,30,+","33.8",",,0,24,","33.3",",0,29,+","1689.5","0","0.0",",0","119.5",",,,0","0",",,,0","23.33",",0","28.81",",,,0","17.84",",,,0"
"USC00346130","1976-07","35.778","-95.3338","157.9","MUSKOGEE, OK US","471.0","0","251.1",",0","5",",0","3",",0","0",",0","0",",0","0",",0","0",",0","0",",0","0",",0","31",",0","15",",0","","","19760717",",,0","19760731","+,,0","19760731","+,,0","","","19760704",",,0","19760731","+,,0","15.6",",0,17,","0",",,0,31,+","0",",,0,31,+","20.3",",,0,04,","37.2",",0,31,+","0.0","0","0.0",",0","45.0",",,,0","0",",,,0","26.43",",0","32.33",",,,0","20.53",",,,0"
"USC00346130","1976-08","35.778","-95.3338","157.9","MUSKOGEE, OK US","717.4","0","246.4",",0","6",",0","4",",0","1",",0","0",",0","0",",0","0",",0","0",",0","0",",0","31",",0","19",",0","","","19760803",",,0","19760831","+,,0","19760831","+,,0","","","19760802",",,0","19760827","+,,0","13.9",",0,03,","0",",,0,31,+","0",",,0,31,+","58.9",",,0,02,","36.7",",0,27,+","0.0","0","0.0",",0","93.3",",,,0","0",",,,0","26.28",",0","32.59",",,,0","19.97",",,,0"
"USC00346130","1976-09","35.778","-95.3338","157.9","MUSKOGEE, OK US","829.8","0","112.4",",0","11",",0","6",",0","1",",0","0",",0","0",",0","0",",0","0",",0","0",",0","28",",0","2",",0","","","19760930",",,0","19760930","+,,0","19760930","+,,0","","","19760918",",,0","19760905",",,0","7.2",",0,30,","0",",,0,30,+","0",",,0,30,+","31.8",",,0,18,","33.9",",0,05,","10.6","0","10.6",",0","107.2",",,,0","0",",,,0","21.73",",0","27.35",",,,0","16.10",",,,0"
"USC00346130","1976-10","35.778","-95.3338","157.9","MUSKOGEE, OK US","846.1","0","16.3","2,0","7",",0","6",",0","1",",0","0",",0","0",",0","0","1,0","1","1,0","0","1,0","12","1,0","1","1,0","","","19761020",",1,0","19761031","+,,0","19761031","+,,0","","","19761005",",,0","19761002",",1,0","-0.6","1,0,20,","0",",,0,31,+","0",",,0,31,+","39.4",",,0,05,","32.2","1,0,02,","170.2","0","159.6","1,0","75.1",",,,0","0",",,,0","13.47","2,0","19.76","1,,,0","7.19","1,,,0"
"USC00346130","1976-11","35.778","-95.3338","157.9","MUSKOGEE, OK US","846.1","0","0.0",",0","4",",0","3",",0","0",",0","0",",0","0",",0","0",",0","13",",0","1",",0","5",",0","0",",0","","","19761129",",,0","19761112","+,,0","19761112","+,,0","","","19761112",",,0","19761126",",,0","-12.2",",0,29,","0",",T,0,12,+","0",",T,0,12,+","13.0",",,0,12,","22.8",",0,26,","523.4","0","353.2",",0","23.5",",,,0","0",",T,,0","6.56",",0","12.79",",,,0","0.33",",,,0"
"USC00346130","1976-12","35.778","-95.3338","157.9","MUSKOGEE, OK US","846.1","0","0.0",",0","4",",0","2",",0","1",",0","","","","","0",",0","22",",0","3",",0","0",",0","0",",0","","","19761231",",,0","","","","","","","19761206",",,0","19761219",",,0","-15.6",",0,31,","","","","","36.3",",,0,06,","20.6",",0,19,","975.2","0","451.8",",0","43.2",",,,0","","","3.76",",0","10.41",",,,0","-2.90",",,,0"
"USC00346130","1977-01","35.778","-95.3338","157.9","MUSKOGEE, OK US","0.0","0","0.0",",0","10",",0","5",",0","0",",0","","","3",",0","2",",0","30",",0","6",",0","0",",0","0",",0","","","19770110",",,0","","","19770109",",,0","","","19770109",",,0","19770104",",,0","-22.8",",0,10,","","","178",",,0,09,","12.7",",,0,09,","12.8",",0,04,","1611.0","0","635.8",",0","46.0",",,,0","305",",,,0","-2.18",",0","3.48",",,,0","-7.83",",,,0"
"USC00346130","1977-02","35.778","-95.3338","157.9","MUSKOGEE, OK US","0.0","0","0.0","1,0","6",",0","2",",0","0",",0","0",",0","0",",0","0",",0","14",",0","0","1,0","3","1,0","0","1,0","","","19770207",",,0","19770209","+,,0","19770228","+,,0","","","19770212",",,0","19770222","+,1,0","-6.7",",0,07,","0",",T,0,09,+","0",",,0,28,+","12.4",",,0,12,","22.2","1,0,22,+","1895.8","0","284.8","1,0","21.6",",,,0","0",",,,0","7.65","1,0","14.63","1,,,0","0.67",",,,0"
"USC00346130","1977-03","35.778","-95.3338","157.9","MUSKOGEE, OK US","2.2","0","2.2",",0","6",",0","5",",0","1",",0","0",",0","0",",0","0",",0","6",",0","0",",0","8",",0","0",",0","","","19770322","+,,0","19770331","+,,0","19770331","+,,0","","","19770327",",,0","19770329",",,0","-1.7",",0,22,+","0",",,0,31,+","0",",,0,31,+","74.7",",,0,27,","26.7",",0,29,","2068.9","0","173.1",",0","118.7",",,,0","0",",,,0","12.82",",0","18.93",",,,0","6.71",",,,0"
"USC00346130","1977-04","35.778","-95.3338","157.9","MUSKOGEE, OK US","","","","","","","","","","","0",",0","0",",0","","","","","","","","","","","","","","","19770430","+,,0","19770430","+,,0","","","","","","","","","0",",,0,30,+","0",",,0,30,+","","","","","","","","","","","0",",,,0","","","","","",""
"USC00346130","1977-05","35.778","-95.3338","157.9","MUSKOGEE, OK US","","","130.0",",0","5",",0","5",",0","1",",0","0",",0","0",",0","0",",0","0",",0","0",",0","31",",0","1",",0","","","19770504",",,0","19770531","+,,0","19770531","+,,0","2","","19770520",",,0","19770530",",,0","8.3",",0,04,","0",",,0,31,+","0",",,0,31,+","44.5",",,0,20,","33.3",",0,30,","","","3.1",",0","72.7",",,,0","0",",,,0","22.43",",0","28.40",",,,0","16.45",",,,0"
"USC00346130","1977-06","35.778","-95.3338","157.9","MUSKOGEE, OK US","","","257.4","1,0","6",",0","6",",0","0",",0","0",",0","0",",0","0","1,0","0","1,0","0","1,0","29","1,0","22","1,0","","","19770608",",1,0","19770630","+,,0","19770630","+,,0","","","19770626",",,0","19770605",",1,0","12.8","1,0,08,","0",",,0,30,+","0",",,0,30,+","15.5",",,0,26,","36.1","1,0,05,","","","0.0","1,0","48.9",",,,0","0",",,,0","27.21","1,0","33.41","1,,,0","21.00","1,,,0"
"USC00346130","1977-07","35.778","-95.3338","157.9","MUSKOGEE, OK US","","","352.2",",0","5",",0","5",",0","2",",0","0",",0","0",",0","0",",0","0",",0","0",",0","31",",0","28",",0","","","19770731",",,0","19770731","+,,0","19770731","+,,0","1","","19770727",",,0","19770725",",,0","20.0",",0,31,","0",",,0,31,+","0",",,0,31,+","67.1",",,0,27,","43.3",",0,25,","0.0","0","0.0",",0","126.5",",,,0","0",",,,0","29.69",",0","36.29",",,,0","23.10",",,,0"
"USC00346130","1977-08","35.778","-95.3338","157.9","MUSKOGEE, OK US","","","279.1",",0","9",",0","5",",0","2",",0","0",",0","0",",0","0",",0","0",",0","0",",0","31",",0","21",",0","","","19770818",",,0","19770831","+,,0","19770831","+,,0","","","19770829",",,0","19770810","+,,0","18.3",",0,18,","0",",,0,31,+","0",",,0,31,+","48.3",",,0,29,","36.7",",0,10,+","0.0","0","0.0",",0","116.3",",,,0","0",",,,0","27.34",",0","32.58",",,,0","22.10",",,,0"
"USC00346130","1977-09","35.778","-95.3338","157.9","MUSKOGEE, OK US","","","192.5",",0","13",",0","9",",0","3",",0","0",",0","0",",0","0",",0","0",",0","0",",0","30",",0","6",",0","","","19770920",",,0","19770930","+,,0","19770930","+,,0","","","19770905",",,0","19770904","+,,0","12.2",",0,20,","0",",,0,30,+","0",",,0,30,+","63.5",",,0,05,","33.3",",0,04,+","0.0","0","0.0",",0","187.0",",,,0","0",",,,0","24.75",",0","29.74",",,,0","19.76",",,,0"
"USC00346130","1977-10","35.778","-95.3338","157.9","MUSKOGEE, OK US","","","19.7",",0","9",",0","3",",0","1",",0","0",",0","0",",0","0",",0","0",",0","0",",0","21",",0","0",",0","","","19771016","+,,0","19771031","+,,0","19771031","+,,0","","","19771008",",,0","19771027","+,,0","1.7",",0,16,+","0",",,0,31,+","0",",,0,31,+","27.4",",,0,08,","29.4",",0,27,+","69.1","0","69.1",",0","63.9",",,,0","0",",,,0","16.74",",0","22.60",",,,0","10.88",",,,0"
"USC00346130","1977-11","35.778","-95.3338","157.9","MUSKOGEE, OK US","","","0.3",",0","7",",0","3",",0","0",",0","0",",0","0",",0","0",",0","2",",0","0",",0","2",",0","0",",0","","","19771126",",,0","19771130","+,,0","19771130","+,,0","","","19771121",",,0","19771120",",,0","-4.4",",0,26,","0",",,0,30,+","0",",,0,30,+","8.6",",,0,21,","25.6",",0,20,","285.1","0","216.0",",0","25.8",",,,0","0",",,,0","11.14",",0","15.78",",,,0","6.50",",,,0"
"USC00346130","1977-12","35.778","-95.3338","157.9","MUSKOGEE, OK US","","","0.0",",0","5",",0","3",",0","0",",0","0",",0","0",",0","0",",0","18",",0","2",",0","1",",0","0",",0","","","19771209",",,0","19771231","+,,0","19771231","+,,0","","","19771201",",,0","19771216",",,0","-11.7",",0,09,","0",",,0,31,+","0",",,0,31,+","16.8",",,0,01,","23.3",",0,16,","694.3","0","409.2",",0","31.3",",,,0","0",",,,0","5.13",",0","11.05",",,,0","-0.79",",,,0"
"USC00346130","1978-01","35.778","-95.3338","157.9","MUSKOGEE, OK US","0.0","0","0.0",",0","7",",0","5",",0","0",",0","","","3",",0","0",",0","28",",0","15",",0","0",",0","0",",0","","","19780117",",,0","","","19780116",",,0","1","","19780116",",,0","19780107",",,0","-15.6",",0,17,","","","51",",,0,16,","8.6",",,0,16,","15.6",",0,07,","1339.6","0","645.3",",0","29.9",",,,0","127",",,,0","-2.48",",0","1.92",",,,0","-6.88",",,,0"
"USC00346130","1978-02","35.778","-95.3338","157.9","MUSKOGEE, OK US","0.0","0","0.0",",0","9",",0","7",",0","1",",0","","","3",",0","0",",0","23",",0","10",",0","0",",0","0",",0","","","19780219",",,0","","","19780218",",,0","","","19780213",",,0","19780224",",,0","-15.6",",0,19,","","","127",",,0,18,","35.3",",,0,13,","20.6",",0,24,","1859.7","0","520.1",",0","62.6",",,,0","203",",,,0","-0.24",",0","4.14",",,,0","-4.62",",,,0"
"USC00346130","1978-03","35.778","-95.3338","157.9","MUSKOGEE, OK US","0.0","0","0.0",",0","10",",0","7",",0","1",",0","0",",0","0",",0","0",",0","11",",0","1",",0","10",",0","0",",0","","","19780304",",,0","19780331","+,,0","19780331","+,,0","","","19780324",",,0","19780331","+,,0","-11.7",",0,04,","0",",,0,31,+","0",",,0,31,+","29.5",",,0,24,","26.7",",0,31,+","2149.6","0","289.9",",0","85.6",",,,0","0",",,,0","8.98",",0","15.28",",,,0","2.68",",,,0"
"USC00346130","1978-04","35.778","-95.3338","157.9","MUSKOGEE, OK US","40.2","0","40.2",",0","7",",0","7",",0","2",",0","0",",0","0",",0","0",",0","0",",0","0",",0","24",",0","0",",0","","","19780420",",,0","19780430","+,,0","19780430","+,,0","1","","19780410",",,0","19780407",",,0","2.2",",0,20,","0",",,0,30,+","0",",,0,30,+","40.6",",,0,10,","29.4",",0,07,","2210.7","0","61.1",",0","101.0",",,,0","0",",,,0","17.64",",0","23.76",",,,0","11.52",",,,0"
"USC00346130","1978-05","35.778","-95.3338","157.9","MUSKOGEE, OK US","141.7","0","101.5",",0","12",",0","8",",0","2",",0","0",",0","0",",0","0",",0","0",",0","0",",0","26",",0","0",",0","","","19780503",",,0","19780531","+,,0","19780531","+,,0","","","19780503",",,0","19780531",",,0","7.2",",0,03,","0",",,0,31,+","0",",,0,31,+","32.8",",,0,03,","31.7",",0,31,","2241.8","0","31.1",",0","121.6",",,,0","0",",,,0","20.60",",0","25.99",",,,0","15.21",",,,0"
"USC00346130","1978-06","35.778","-95.3338","157.9","MUSKOGEE, OK US","343.6","0","201.9",",0","8",",0","7",",0","2",",0","0",",0","0",",0","0",",0","0",",0","0",",0","30",",0","9",",0","","","19780609",",,0","19780630","+,,0","19780630","+,,0","","","19780619",",,0","19780629",",,0","11.1",",0,09,","0",",,0,30,+","0",",,0,30,+","55.1",",,0,19,","34.4",",0,29,","2241.8","0","0.0",",0","150.7",",,,0","0",",,,0","25.06",",0","30.30",",,,0","19.83",",,,0"
"USC00346130","1978-07","35.778","-95.3338","157.9","MUSKOGEE, OK US","714.6","0","371.0",",0","3",",0","2",",0","0",",0","0",",0","0",",0","0",",0","0",",0","0",",0","31",",0","31",",0","","","19780728",",,0","19780731","+,,0","19780731","+,,0","","","19780724",",,0","19780730",",,0","18.9",",0,28,","0",",,0,31,+","0",",,0,31,+","20.3",",,0,24,","41.1",",0,30,","0.0","0","0.0",",0","29.7",",,,0","0",",,,0","30.30",",0","36.85",",,,0","23.76",",,,0"
"USC00346130","1978-08","35.778","-95.3338","157.9","MUSKOGEE, OK US","1039.0","0","324.4",",0","7",",0","3",",0","0",",0","0",",0","0",",0","0",",0","0",",0","0",",0","31",",0","26",",0","","","19780831",",,0","19780831","+,,0","19780831","+,,0","","","19780829",",,0","19780813",",,0","16.1",",0,31,","0",",,0,31,+","0",",,0,31,+","14.2",",,0,29,","41.7",",0,13,","0.0","0","0.0",",0","41.1",",,,0","0",",,,0","28.80",",0","35.35",",,,0","22.24",",,,0"
"USC00346130","1978-09","35.778","-95.3338","157.9","MUSKOGEE, OK US","","","","","2",",0","1",",0","0",",0","0",",0","0",",0","","","","","0",",0","30",",0","18",",0","","","","","19780930","+,,0","19780930","+,,0","","","19780910",",,0","19780904",",,0","","","0",",,0,30,+","0",",,0,30,+","4.8",",,0,10,","38.3",",0,04,","","","","","5.3",",,,0","0",",,,0","","","32.31",",,,0","",""
"USC00346130","1978-10","35.778","-95.3338","157.9","MUSKOGEE, OK US","","","38.7",",0","2",",0","2",",0","0",",0","0",",0","0",",0","0",",0","0",",0","0",",0","27",",0","2",",0","","","19781027",",,0","19781031","+,,0","19781031","+,,0","","","19781023",",,0","19781012","+,,0","0.6",",0,27,","0",",,0,31,+","0",",,0,31,+","13.0",",,0,23,","32.8",",0,12,+","","","69.9",",0","19.1",",,,0","0",",,,0","17.33",",0","25.60",",,,0","9.05",",,,0"
"USC00346130","1978-12","35.778","-95.3338","157.9","MUSKOGEE, OK US","","","0.0",",0","7",",0","2",",0","0",",0","","","","","0",",0","21",",0","3",",0","1",",0","0",",0","","","19781214","+,,0","","","","","","","19781231",",,0","19781202",",,0","-10.0",",0,14,+","","","","","18.0",",,0,31,","22.8",",0,02,","","","420.0",",0","40.6",",,,0","","","4.79",",0","10.84",",,,0","-1.27",",,,0"
"USC00346130","1979-01","35.778","-95.3338","157.9","MUSKOGEE, OK US","0.0","","0.0",",0","13",",0","7",",0","0",",0","","","","","2",",0","28",",0","12",",0","0",",0","0",",0","","","19790131",",,0","","","","","","","19790119",",,0","19790117",",,0","-18.3",",0,31,","","","","","13.5",",,0,19,","10.0",",0,17,","","","675.0",",0","53.2",",,,0","","","-3.44",",0","1.09",",,,0","-7.98",",,,0"
"USC00346130","1979-02","35.778","-95.3338","157.9","MUSKOGEE, OK US","0.0","","0.0",",0","7",",0","5",",0","0",",0","","","","","2",",0","21",",0","5",",0","2",",0","0",",0","","","19790209","+,,0","","","","","","","19790207",",,0","19790222",",,0","-17.8",",0,09,+","","","","","11.9",",,0,07,","22.2",",0,22,","","","484.7",",0","39.8",",,,0","","","1.02",",0","6.56",",,,0","-4.52",",,,0"
"USC00346130","1979-03","35.778","-95.3338","157.9","MUSKOGEE, OK US","2.7","","2.7",",0","6",",0","6",",0","1",",0","0",",0","0",",0","0",",0","6",",0","0",",0","10",",0","0",",0","","","19790305",",,0","19790331","+,,0","19790331","+,,0","1","","19790319",",,0","19790330","+,,0","-4.4",",0,05,","0",",,0,31,+","0",",,0,31,+","25.7",",,0,19,","24.4",",0,30,+","","","214.1",",0","80.3",",,,0","0",",,,0","11.52",",0","17.54",",,,0","5.49",",,,0"
"USC00346130","1979-04","35.778","-95.3338","157.9","MUSKOGEE, OK US","25.5","","22.8",",0","12",",0","5",",0","2",",0","0",",0","0",",0","0",",0","0",",0","0",",0","18",",0","0",",0","","","19790428","+,,0","19790430","+,,0","19790430","+,,0","","","19790411",",,0","19790425",",,0","2.2",",0,28,+","0",",,0,30,+","0",",,0,30,+","32.5",",,0,11,","29.4",",0,25,","","","91.8",",0","92.2",",,,0","0",",,,0","16.03",",0","21.99",",,,0","10.07",",,,0"
"USC00346130","1980-09","35.778","-95.3338","157.9","MUSKOGEE, OK US","","","220.5","3,0","6",",0","6",",0","2",",0","0",",0","0",",0","0","1,0","0","1,0","0","2,0","26","2,0","21","2,0","","","19800927",",1,0","19800930","+,,0","19800930","+,,0","1","","19800902",",,0","19800916",",2,0","11.1","1,0,27,","0",",,0,30,+","0",",,0,30,+","38.1",",,0,02,","38.3","2,0,16,","","","8.1","2,0","106.7",",,,0","0",",,,0","26.09","3,0","32.58","2,,,0","19.60","1,,,0"
"USC00346130","1980-10","35.778","-95.3338","157.9","MUSKOGEE, OK US","","","","","3",",0","3",",0","0",",0","0",",0","0",",0","0",",0","3",",0","","","","","","","","","19801030",",,0","19801031","+,,0","19801031","+,,0","","","19801024",",,0","","","-2.2",",0,30,","0",",,0,31,+","0",",,0,31,+","15.5",",,0,24,","","","","","","","32.0",",,,0","0",",,,0","","","","","8.49",",,,0"
"USC00346130","1980-11","35.778","-95.3338","157.9","MUSKOGEE, OK US","","","","","4",",0","4",",0","0",",0","","","","","0","1,","9","1,0","","","","","","","","","19801119",",1,0","","","","","","","19801117",",,0","","","-6.7","1,0,19,","","","","","18.0",",,0,17,","","","","","","","40.9",",,,0","","","","","","","2.54","1,,,0"
"USC00346130","1980-12","35.778","-95.3338","157.9","MUSKOGEE, OK US","","","","","2",",0","2",",0","1",",0","0",",0","0",",0","0","4,","13","4,0","","","","","","","","","19801225",",4,0","19801231","+,,0","19801231","+,,0","","","19801208",",,0","","","-12.8","4,0,25,","0",",,0,31,+","0",",,0,31,+","44.5",",,0,08,","","","","","","","49.3",",,,0","0",",,,0","","","","","1.32","4,,,0"
"USC00346130","1981-01","35.778","-95.3338","157.9","MUSKOGEE, OK US","","","","","2",",0","2",",0","0",",0","","","","","","","","","","","","","","","","","","","","","","","","","19810121","+,,0","","","","","","","","","4.3",",,0,21,+","","","","","","","8.6",",,,0","","","","","","","",""
"USC00346130","1981-02","35.778","-95.3338","157.9","MUSKOGEE, OK US","","","","","6",",0","4",",0","0",",0","","","","","","","","","1","4,0","8","4,0","0","4,0","","","","","","","","","","","19810210",",,0","19810220",",4,0","","","","","","","18.0",",,0,10,","28.3","4,0,20,","","","","","53.7",",,,0","","","","","14.68","4,,,0","",""
"USC00346130","1981-03","35.778","-95.3338","157.9","MUSKOGEE, OK US","","","4.1","4,0","5","1,0","5","1,0","0","1,0","0",",0","0",",0","0","4,0","6","4,0","0",",0","13",",0","0",",0","","","19810312",",4,0","19810331","+,,0","19810331","+,,0","","","19810318",",1,0","19810330",",,0","-1.7","4,0,12,","0",",,0,31,+","0",",,0,31,+","15.2","1,,0,18,","29.4",",0,30,","","","180.1",",0","43.6","1,,,0","0",",,,0","11.88","4,0","19.55",",,,0","4.21","4,,,0"
"USC00346130","1981-04","35.778","-95.3338","157.9","MUSKOGEE, OK US","","","56.7","5,0","8",",0","4",",0","1",",0","0",",0","0",",0","0","4,0","0","4,0","0","4,0","25","4,0","0","4,0","","","19810406",",4,0","19810430","+,,0","19810430","+,,0","","","19810419",",,0","19810430",",4,0","1.7","4,0,06,","0",",,0,30,+","0",",,0,30,+","28.2",",,0,19,","31.1","4,0,30,","","","22.0","4,0","67.9",",,,0","0",",,,0","19.73","5,0","26.84","4,,,0","12.62","4,,,0"
"USC00346130","1981-05","35.778","-95.3338","157.9","MUSKOGEE, OK US","","","43.3","2,0","12","3,0","8","3,0","4","3,0","0",",0","0",",0","0","2,0","0","2,0","0","2,0","27","2,0","0","2,0","","","19810511",",2,0","19810531","+,,0","19810531","+,,0","","","19810530",",3,0","19810528",",2,0","1.1","2,0,11,","0",",,0,31,+","0",",,0,31,+","50.5","3,,0,30,","30.6","2,0,28,","","","31.1","2,0","245.7",",a,,0","0",",,,0","18.76","2,0","24.89","2,,,0","12.62","2,,,0"
"USC00346130","1981-06","35.778","-95.3338","157.9","MUSKOGEE, OK US","","","229.9","3,0","6",",0","5",",0","1",",0","0",",0","0",",0","0","3,0","0","3,0","0","2,0","28","2,0","19","2,0","","","19810617",",3,0","19810630","+,,0","19810630","+,,0","","","19810606",",,0","19810608",",2,0","12.2","3,0,17,","0",",,0,30,+","0",",,0,30,+","26.9",",,0,06,","35.6","2,0,08,","","","0.0","2,0","78.4",",,,0","0",",,,0","26.77","3,0","32.35","2,,,0","21.19","3,,,0"
"USC00346130","1981-07","35.778","-95.3338","157.9","MUSKOGEE, OK US","","","312.9","1,0","8",",0","5",",0","1",",0","0",",0","0",",0","0",",0","0",",0","0","1,0","30","1,0","24","1,0","","","19810730",",,0","19810731","+,,0","19810731","+,,0","","","19810728",",,0","19810720",",1,0","14.4",",0,30,","0",",,0,31,+","0",",,0,31,+","50.8",",,0,28,","40.6","1,0,20,","0.0","0","0.0","1,0","100.0",",,,0","0",",,,0","28.78","1,0","35.14","1,,,0","22.42",",,,0"
"USC00346130","1981-08","35.778","-95.3338","157.9","MUSKOGEE, OK US","","","","","6",",0","5",",0","1",",0","0",",0","0",",0","0","3,0","0","3,0","","","","","","","","","19810820",",3,0","19810831","+,,0","19810831","+,,0","","","19810827",",,0","","","13.9","3,0,20,","0",",,0,31,+","0",",,0,31,+","47.5",",,0,27,","","","","","","","91.7",",,,0","0",",,,0","","","","","19.27","3,,,0"
"USC00346130","1981-09","35.778","-95.3338","157.9","MUSKOGEE, OK US","","","128.0","3,0","6",",0","3",",0","0",",0","0",",0","0",",0","0","2,0","0","2,0","0","2,0","28","2,0","11","2,0","","","19810918",",2,0","19810930","+,,0","19810930","+,,0","","","19810914",",,0","19810922",",2,0","3.3","2,0,18,","0",",,0,30,+","0",",,0,30,+","22.9",",,0,14,","34.4","2,0,22,","","","14.1","2,0","35.1",",,,0","0",",,,0","22.69","3,0","30.16","2,,,0","15.22","2,,,0"
"USC00346130","1981-10","35.778","-95.3338","157.9","MUSKOGEE, OK US","","","34.6","3,0","12",",0","10",",0","3",",0","0",",0","0",",0","0","1,0","1","1,0","0","2,0","17","2,0","2","2,0","","","19811024",",1,0","19811031","+,,0","19811031","+,,0","","","19811014",",,0","19811005",",2,0","-0.6","1,0,24,","0",",,0,31,+","0",",,0,31,+","122.7",",,0,14,","33.3","2,0,05,","","","82.7","2,0","303.0",",,,0","0",",,,0","16.88","3,0","22.67","2,,,0","11.10","1,,,0"
"USC00346130","1981-11","35.778","-95.3338","157.9","MUSKOGEE, OK US","","","0.0",",0","7",",0","6",",0","1",",0","0",",0","0",",0","0",",0","5",",0","0",",0","8",",0","0",",0","","","19811121",",,0","19811130","+,,0","19811130","+,,0","","","19811109",",,0","19811118","+,,0","-3.3",",0,21,","0",",,0,30,+","0",",,0,30,+","34.3",",,0,09,","23.3",",0,18,+","","","208.2",",0","90.4",",,,0","0",",,,0","11.39",",0","17.92",",,,0","4.86",",,,0"
"USC00346130","1981-12","35.778","-95.3338","157.9","MUSKOGEE, OK US","","","0.0","2,0","2",",0","1",",0","0",",0","0",",0","0",",0","0","1,0","18","1,0","1","1,0","2","1,0","0","1,0","","","19811218",",1,0","19811231","+,,0","19811231","+,,0","","","19811223",",,0","19811208","+,1,0","-11.1","1,0,18,","0",",,0,31,+","0",",,0,31,+","10.2",",,0,23,","21.1","1,0,08,+","","","399.8","1,0","11.0",",,,0","0",",,,0","4.61","2,0","10.07","1,,,0","-0.85","1,,,0"
"USC00346130","1982-01","35.778","-95.3338","157.9","MUSKOGEE, OK US","0.0","","0.0","3,0","6","4,0","5","4,0","2","4,0","0","1,0","0","1,0","2","3,0","19","3,0","3","2,0","0","2,0","0","2,0","","","19820110",",3,0","19820130",",1,0","19820112",",1,0","","","19820130",",4,0","19820122",",2,0","-18.9","3,0,10,","0","1,T,0,30,","5","1,,0,12,","50.0","4,,0,30,","18.9","2,0,22,","","","429.4","2,0","124.5","4,,,0","8","1,,,0","2.89","3,0","10.20","2,,,0","-4.41","3,,,0"
"USC00346130","1982-02","35.778","-95.3338","157.9","MUSKOGEE, OK US","","","","","6",",0","3",",0","0",",0","","","0","2,0","0",",0","20",",0","","","","","","","1","","19820206","+,,0","","","19820205","+,2,0","","","19820212",",,0","","","-13.3",",0,06,+","","","0","2,T,0,05,+","14.2",",,0,12,","","","","","","","26.4",",,,0","0","2,T,,0","","","","","-2.82",",,,0"
"USC00346130","1982-03","35.778","-95.3338","157.9","MUSKOGEE, OK US","","","9.8","4,0","3",",0","2",",0","1",",0","0",",0","0",",0","0",",0","6",",0","0","4,0","12","4,0","0","4,0","","","19820307",",,0","19820331","+,,0","19820331","+,,0","","","19820315",",,0","19820316",",4,0","-4.4",",0,07,","0",",,0,31,+","0",",,0,31,+","34.5",",,0,15,","27.2","4,0,16,","","","158.9","4,0","55.6",",,,0","0",",,,0","12.74","4,0","19.35","4,,,0","6.12",",,,0"
"USC00346130","1982-04","35.778","-95.3338","157.9","MUSKOGEE, OK US","","","20.4","1,0","7",",0","4",",0","1",",0","0",",0","0",",0","0","1,0","1","1,0","0","1,0","12","1,0","0","1,0","","","19820406",",1,0","19820430","+,,0","19820430","+,,0","","","19820407",",,0","19820416",",1,0","-0.6","1,0,06,","0",",,0,30,+","0",",,0,30,+","28.7",",,0,07,","31.7","1,0,16,","","","121.5","1,0","47.1",",,,0","0",",,,0","14.85","1,0","21.22","1,,,0","8.48","1,,,0"
"USC00346130","1982-05","35.778","-95.3338","157.9","MUSKOGEE, OK US","","","106.7","1,0","12",",0","11",",0","3",",0","0",",0","0",",0","0",",0","0",",0","0","1,0","28","1,0","3","1,0","","","19820507",",,0","19820531","+,,0","19820531","+,,0","","","19820528",",,0","19820529",",1,0","4.4",",0,07,","0",",,0,31,+","0",",,0,31,+","71.6",",,0,28,","32.8","1,0,29,","","","8.6","1,0","243.4",",,,0","0",",,,0","21.60","1,0","27.94","1,,,0","15.25",",,,0"
"USC00346130","1982-06","35.778","-95.3338","157.9","MUSKOGEE, OK US","","","156.1",",0","6",",0","5",",0","2",",0","0",",0","0",",0","0",",0","0",",0","0",",0","30",",0","8",",0","","","19820601",",,0","19820630","+,,0","19820630","+,,0","","","19820603",",,0","19820630",",,0","9.4",",0,01,","0",",,0,30,+","0",",,0,30,+","67.6",",,0,03,","35.0",",0,30,","","","2.3",",0","161.9",",,,0","0",",,,0","23.46",",0","29.37",",,,0","17.55",",,,0"
"USC00346130","1982-07","35.778","-95.3338","157.9","MUSKOGEE, OK US","","","270.6","3,0","4",",0","3",",0","1",",0","0",",0","0",",0","0","3,0","0","3,0","0","3,0","28","3,0","26","3,0","","","19820712",",3,0","19820731","+,,0","19820731","+,,0","","","19820706",",,0","19820727","+,3,0","18.3","3,0,12,","0",",,0,31,+","0",",,0,31,+","37.8",",,0,06,","35.6","3,0,27,+","0.0","","0.0","3,0","66.8",",,,0","0",",,,0","28.00","3,0","33.93","3,,,0","22.06","3,,,0"
"USC00346130","1982-08","35.778","-95.3338","157.9","MUSKOGEE, OK US","","","305.7","3,0","3","1,0","2","1,0","0","1,0","0",",0","0",",0","0","2,0","0","2,0","0","3,0","28","3,0","28","3,0","","","19820828",",2,0","19820831","+,,0","19820831","+,,0","1","","19820827",",1,0","19820824","+,3,0","18.3","2,0,28,","0",",,0,31,+","0",",,0,31,+","22.9","1,,0,27,","39.4","3,0,24,+","0.0","","0.0","3,0","34.8","1,,,0","0",",,,0","29.26","3,0","36.34","3,,,0","22.18","2,,,0"
"USC00346130","1982-09","35.778","-95.3338","157.9","MUSKOGEE, OK US","","","152.8","1,0","4",",0","4",",0","0",",0","0",",0","0",",0","0",",0","0",",0","0","1,0","29","1,0","15","1,0","1","","19820922",",,0","19820930","+,,0","19820930","+,,0","1","","19820917",",,0","19820912",",1,0","5.0",",0,22,","0",",,0,30,+","0",",,0,30,+","22.9",",,0,17,","37.8","1,0,12,","12.5","","12.5","1,0","57.2",",,,0","0",",,,0","23.18","1,0","30.50","1,,,0","15.85",",,,0"
"USC00346130","1982-10","35.778","-95.3338","157.9","MUSKOGEE, OK US","","","45.0","3,0","4",",0","2",",0","1",",0","0",",0","0",",0","0","1,0","4","1,0","0","3,0","22","3,0","2","3,0","","","19821025",",1,0","19821031","+,,0","19821031","+,,0","1","","19821028",",,0","19821006","+,3,0","-0.6","1,0,25,","0",",,0,31,+","0",",,0,31,+","27.2",",,0,28,","32.2","3,0,06,+","101.9","","89.4","3,0","47.8",",,,0","0",",,,0","16.82","3,0","25.04","3,,,0","8.61","1,,,0"
"USC00346130","1982-11","35.778","-95.3338","157.9","MUSKOGEE, OK US","","","7.3","5,0","6","5,0","6","5,0","3","5,0","0",",0","0",",0","0","4,0","9","4,0","0","5,0","13","5,0","0","5,0","","","19821116",",4,0","19821130","+,,0","19821130","+,,0","","","19821102",",5,0","19821101",",5,0","-7.2","4,0,16,","0",",,0,30,+","0",",,0,30,+","78.7","5,,0,02,","27.8","5,0,01,","297.5","","195.6","5,0","191.3","5,,,0","0",",,,0","10.76","5,0","17.51","5,,,0","4.02","4,,,0"
"USC00346130","1983-01","35.778","-95.3338","157.9","MUSKOGEE, OK US","0.0","0","0.0","4,0","5","3,0","2","3,0","1","3,0","0","2,0","0","2,0","0","3,0","20","3,0","0","4,0","1","4,0","0","4,0","","","19830116",",3,0","19830131","+,2,0","19830131","+,2,0","","","19830131",",3,0","19830113",",4,0","-6.7","3,0,16,","0","2,,0,31,+","0","2,,0,31,+","49.0","3,,0,31,","21.7","4,0,13,","","","378.6","4,0","63.3","3,,,0","0","2,,,0","4.28","4,0","9.42","4,,,0","-0.85","3,,,0"
"USC00346130","1983-02","35.778","-95.3338","157.9","MUSKOGEE, OK US","0.0","0","0.0","4,0","7",",0","6",",0","1",",0","0",",0","0",",0","0","4,0","7","4,0","0","4,0","0","4,0","0","4,0","7","","19830204",",4,0","19830228","+,,0","19830228","+,,0","","","19830201",",,0","19830219",",4,0","-7.8","4,0,04,","0",",,0,28,+","0",",,0,28,+","27.9",",,0,01,","20.6","4,0,19,","","","258.4","4,0","62.5",",,,0","0",",,,0","7.57","4,0","12.36","4,,,0","2.78","4,,,0"
"USC00346130","1983-04","35.778","-95.3338","157.9","MUSKOGEE, OK US","","","23.4","3,0","11",",0","8",",0","0",",0","0",",0","0",",0","0","1,0","2","1,0","0","3,0","13","3,0","0","3,0","","","19830415",",1,0","19830430","+,,0","19830430","+,,0","","","19830413",",,0","19830430",",3,0","-1.7","1,0,15,","0",",,0,30,+","0",",,0,30,+","20.1",",,0,13,","30.0","3,0,30,","","","151.6","3,0","69.6",",,,0","0",",,,0","13.52","3,0","20.03","3,,,0","7.01","1,,,0"
"USC00346130","1983-05","35.778","-95.3338","157.9","MUSKOGEE, OK US","","","63.6","2,0","10",",0","8",",0","2",",0","0",",0","0",",0","0",",0","0",",0","0","2,0","28","2,0","0","2,0","","","19830504",",,0","19830531","+,,0","19830531","+,,0","5","","19830514",",,0","19830528","+,2,0","5.0",",0,04,","0",",,0,31,+","0",",,0,31,+","52.8",",,0,14,","31.1","2,0,28,+","","","20.5","2,0","170.9",",,,0","0",",,,0","19.77","2,0","26.35","2,,,0","13.19",",,,0"
"USC00346130","1983-06","35.778","-95.3338","157.9","MUSKOGEE, OK US","","","150.7","2,0","7","2,0","5","2,0","1","2,0","0",",0","0",",0","0","1,0","0","1,0","0","2,0","28","2,0","6","2,0","","","19830601",",1,0","19830630","+,,0","19830630","+,,0","","","19830629",",2,0","19830630",",2,0","8.9","1,0,01,","0",",,0,30,+","0",",,0,30,+","26.4","2,,0,29,","33.3","2,0,30,","","","2.2","2,0","87.5",",a,,0","0",",,,0","23.70","2,0","29.82","2,,,0","17.58","1,,,0"
"USC00346130","1983-07","35.778","-95.3338","157.9","MUSKOGEE, OK US","","","277.0","2,0","3","2,0","3","2,0","1","2,0","0",",0","0",",0","0","2,0","0","2,0","0","2,0","29","2,0","22","2,0","","","19830708",",2,0","19830731","+,,0","19830731","+,,0","","","19830730",",2,0","19830726",",2,0","16.1","2,0,08,","0",",,0,31,+","0",",,0,31,+","34.0","2,,0,30,","39.4","2,0,26,","0.0","0","0.0","2,0","52.1","2,,,0","0",",,,0","27.88","2,0","34.33","2,,,0","21.44","2,,,0"
"USC00346130","1983-08","35.778","-95.3338","157.9","MUSKOGEE, OK US","","","337.4","2,0","4",",0","3",",0","0",",0","0",",0","0",",0","0","1,0","0","1,0","0","2,0","29","2,0","28","2,0","","","19830806",",1,0","19830831","+,,0","19830831","+,,0","","","19830807",",,0","19830828","+,2,0","20.6","1,0,06,","0",",,0,31,+","0",",,0,31,+","9.4",",,0,07,","40.0","2,0,28,+","0.0","0","0.0","2,0","17.0",",,,0","0",",,,0","29.99","2,0","37.33","2,,,0","22.65","1,,,0"
"USC00346130","1983-09","35.778","-95.3338","157.9","MUSKOGEE, OK US","","","","","2",",0","1",",0","1",",0","0",",0","0",",0","","","","","","","","","","","","","","","19830930","+,,0","19830930","+,,0","","","19830919",",,0","","","","","0",",,0,30,+","0",",,0,30,+","35.3",",,0,19,","","","","","","","36.6",",,,0","0",",,,0","","","","","",""
"USC00346130","1983-10","35.778","-95.3338","157.9","MUSKOGEE, OK US","","","45.1","1,0","6","2,0","5","2,0","2","2,0","0",",0","0",",0","0","1,0","0","1,0","0","1,0","22","1,0","1","1,0","","","19831026",",1,0","19831031","+,,0","19831031","+,,0","","","19831019",",2,0","19831003",",1,0","0.6","1,0,26,","0",",,0,31,+","0",",,0,31,+","46.5","2,,0,19,","32.2","1,0,03,","","","47.5","1,0","136.4",",a,,0","0",",,,0","18.25","1,0","24.26","1,,,0","12.25","1,,,0"
"USC00346130","1983-11","35.778","-95.3338","157.9","MUSKOGEE, OK US","","","8.1","2,0","6",",0","5",",0","2",",0","0",",0","0",",0","0","2,0","4","2,0","0",",0","8",",0","0",",0","","","19831129",",2,0","19831130","+,,0","19831130","+,,0","","","19831127",",,0","19831103","+,,0","-6.1","2,0,29,","0",",,0,30,+","0",",,0,30,+","31.2",",,0,27,","25.6",",0,03,+","","","196.9",",0","84.2",",,,0","0",",,,0","11.71","2,0","17.27",",,,0","6.14","2,,,0"
"USC00346130","1983-12","35.778","-95.3338","157.9","MUSKOGEE, OK US","","","","","5","1,0","3","1,0","0","1,0","","","0","4,0","2","4,0","22","4,0","11","4,0","0","4,0","0","4,0","","","19831225",",4,0","","","19831231","+,4,0","","","19831202",",1,0","19831211","+,4,0","-18.9","4,0,25,","","","0","4,,0,31,+","9.7","1,,0,02,","14.4","4,0,11,+","","","","","19.4","1,,,0","0","4,,,0","-2.59","6,0","2.32","4,,,0","-7.49","4,,,0"
"USC00346130","1984-01","35.778","-95.3338","157.9","MUSKOGEE, OK US","0.0","0","0.0","4,0","5",",0","1",",0","0",",0","0",",0","0",",0","1","3,0","24","3,0","6","2,0","0","2,0","0","2,0","5","","19840119",",3,0","19840131","+,,0","19840118",",,0","","","19840109",",,0","19840129",",2,0","-19.4","3,0,19,","0",",,0,31,+","13",",,0,18,","3.8",",,0,09,","20.6","2,0,29,","","","460.5","2,0","8.7",",,,0","13",",,,0","1.16","4,0","6.86","2,,,0","-4.54","3,,,0"
"USC00346130","1984-02","35.778","-95.3338","157.9","MUSKOGEE, OK US","","","","","6","1,0","5","1,0","1","1,0","0","1,0","1",",0","0","3,0","12","3,0","0","5,0","3","5,0","0","5,0","1","","19840206",",3,0","19840229","+,1,0","19840226",",,0","","","19840226",",1,0","19840214",",5,0","-10.6","3,0,06,","0","1,,0,29,+","102",",,0,26,","30.5","1,,0,26,","23.9","5,0,14,","","","","","68.3","1,,,0","102",",,,0","8.76","6,0","15.93","5,,,0","1.58","3,,,0"
"USC00346130","1984-03","35.778","-95.3338","157.9","MUSKOGEE, OK US","","","4.4","3,0","9",",0","6",",0","1",",0","","","0",",0","0","1,0","5","1,0","0","3,0","3","3,0","0","3,0","","","19840309",",1,0","","","19840331","+,,0","3","","19840318",",,0","19840315",",3,0","-5.0","1,0,09,","","","0",",,0,31,+","31.2",",,0,18,","28.3","3,0,15,","","","238.0","3,0","105.7",",,,0","0",",,,0","10.08","3,0","16.31","3,,,0","3.85","1,,,0"
"USC00346130","1984-04","35.778","-95.3338","157.9","MUSKOGEE, OK US","","","15.4","2,0","6",",0","5",",0","1",",0","0",",0","0",",0","0","1,0","0","1,0","0","1,0","19","1,0","0","1,0","","","19840405",",1,0","19840430","+,,0","19840430","+,,0","1","","19840408",",,0","19840425","+,1,0","2.2","1,0,05,","0",",,0,30,+","0",",,0,30,+","25.7",",,0,08,","29.4","1,0,25,+","","","97.5","1,0","62.1",",,,0","0",",,,0","15.66","2,0","21.65","1,,,0","9.68","1,,,0"
"USC00346130","1984-05","35.778","-95.3338","157.9","MUSKOGEE, OK US","","","69.2","4,0","11",",0","9",",0","2",",0","0",",0","0",",0","0",",0","0",",0","0","4,0","27","4,0","0","4,0","","","19840508",",,0","19840531","+,,0","19840531","+,,0","","","19840527",",,0","19840525","+,4,0","5.6",",0,08,","0",",,0,31,+","0",",,0,31,+","83.6",",,0,27,","31.1","4,0,25,+","","","16.4","4,0","155.1",",,,0","0",",,,0","20.53","4,0","26.28","4,,,0","14.78",",,,0"
"USC00346130","1984-06","35.778","-95.3338","157.9","MUSKOGEE, OK US","","","204.7","3,0","6",",0","5",",0","0",",0","0",",0","0",",0","0",",0","0",",0","0","3,0","27","3,0","14","3,0","","","19840625","+,,0","19840630","+,,0","19840630","+,,0","","","19840605",",,0","19840623","+,3,0","15.6",",0,25,+","0",",,0,30,+","0",",,0,30,+","10.9",",,0,05,","35.6","3,0,23,+","","","0.0","3,0","39.9",",,,0","0",",,,0","25.82","3,0","31.65","3,,,0","19.99",",,,0"
"USC00346130","1984-07","35.778","-95.3338","157.9","MUSKOGEE, OK US","","","","","3",",0","2",",0","0",",0","0",",0","0",",0","","","","","","","","","","","","","","","19840731","+,,0","19840731","+,,0","","","19840725",",,0","","","","","0",",,0,31,+","0",",,0,31,+","4.6",",,0,25,","","","","","","","8.2",",,,0","0",",,,0","","","","","",""
"USC00346130","1984-08","35.778","-95.3338","157.9","MUSKOGEE, OK US","","","","","5",",0","2",",0","1",",0","0",",0","0",",0","","","","","0","4,0","27","4,0","27","4,0","","","","","19840831","+,,0","19840831","+,,0","","","19840808",",,0","19840830","+,4,0","","","0",",,0,31,+","0",",,0,31,+","25.9",",,0,08,","42.2","4,0,30,+","","","","","37.6",",,,0","0",",,,0","","","36.09","4,,,0","",""
"USC00346130","1984-09","35.778","-95.3338","157.9","MUSKOGEE, OK US","","","155.9","3,0","4","3,0","2","3,0","2","3,0","0",",0","0",",0","0","2,0","0","2,0","0","3,0","22","3,0","12","3,0","","","19840930",",2,0","19840930","+,,0","19840930","+,,0","","","19840925",",3,0","19840901",",3,0","1.1","2,0,30,","0",",,0,30,+","0",",,0,30,+","63.5","3,,0,25,","38.3","3,0,01,","","","36.4","3,0","102.7",",a,,0","0",",,,0","22.62","3,0","29.17","3,,,0","16.08","2,,,0"
"USC00346130","1984-10","35.778","-95.3338","157.9","MUSKOGEE, OK US","","","41.1",",0","15",",0","13",",0","2",",0","0",",0","0",",0","0",",0","0",",0","0",",0","22",",0","0",",0","","","19841002","+,,0","19841031","+,,0","19841031","+,,0","","","19841020",",,0","19841013","+,,0","1.1",",0,02,+","0",",,0,31,+","0",",,0,31,+","64.5",",,0,20,","27.8",",0,13,+","","","65.0",",0","206.6",",,,0","0",",,,0","17.56",",0","23.15",",,,0","11.97",",,,0"
"USC00346130","1984-11","35.778","-95.3338","157.9","MUSKOGEE, OK US","","","6.1","3,0","5",",0","5",",0","2",",0","0",",0","0",",0","0","1,0","9","1,0","0","2,0","4","2,0","0","2,0","","","19841128",",1,0","19841130","+,,0","19841130","+,,0","","","19841117",",,0","19841109",",2,0","-3.9","1,0,28,","0",",,0,30,+","0",",,0,30,+","30.5",",,0,17,","27.2","2,0,09,","","","227.6","2,0","93.6",",,,0","0",",,,0","10.24","3,0","15.93","2,,,0","4.55","1,,,0"
"USC00346130","1984-12","35.778","-95.3338","157.9","MUSKOGEE, OK US","","","1.4","3,0","13",",0","10",",0","4",",0","","","1",",0","0","2,0","6","2,0","0","2,0","4","2,0","0","2,0","","","19841206",",2,0","","","19841205",",,0","","","19841220",",,0","19841215",",2,0","-8.3","2,0,06,","","","46",",,0,05,","45.2",",,0,20,","21.7","2,0,15,","","","260.8","2,0","196.2",",,,0","46",",,,0","8.93","3,0","14.56","2,,,0","3.31","2,,,0"
"USC00346130","1985-01","35.778","-95.3338","157.9","MUSKOGEE, OK US","","","","","6","1,0","4","1,0","0","1,0","","","2",",0","1","5,0","23","5,0","5","2,0","0","2,0","0","2,0","","","19850120",",5,0","","","19850127",",,0","","","19850127",",1,0","19850106",",2,0","-20.6","5,0,20,","","","76",",,0,27,","15.5","1,,0,27,","13.3","2,0,06,","","","","","31.0","1,,,0","114",",,,0","-0.22","6,0","5.43","2,,,0","-5.88","5,,,0"
"USC00346130","1985-02","35.778","-95.3338","157.9","MUSKOGEE, OK US","","","0.0","1,0","9",",0","7",",0","1",",0","","","1",",0","1","1,0","17","1,0","7",",0","0",",0","0",",0","","","19850206",",1,0","","","19850204",",,0","","","19850223",",,0","19850222",",,0","-17.8","1,0,06,","","","127",",,0,04,","44.2",",,0,23,","20.6",",0,22,","","","421.7",",0","104.0",",,,0","153",",,,0","2.72","1,0","8.17",",,,0","-2.73","1,,,0"
"USC00346130","1985-03","35.778","-95.3338","157.9","MUSKOGEE, OK US","","","15.0","1,0","11",",0","8",",0","1",",0","0",",0","0",",0","0","1,0","1","1,0","0",",0","12",",0","0",",0","","","19850305",",1,0","19850331","+,,0","19850331","+,,0","","","19850330",",,0","19850328",",,0","-2.2","1,0,05,","0",",,0,31,+","0",",,0,31,+","47.8",",,0,30,","30.6",",0,28,","","","162.7",",0","163.7",",,,0","0",",,,0","13.43","1,0","19.59",",,,0","7.27","1,,,0"
"USC00346130","1985-04","35.778","-95.3338","157.9","MUSKOGEE, OK US","","","","","","","","","","","0",",0","0",",0","","","","","","","","","","","","","","","19850430","+,,0","19850430","+,,0","","","","","","","","","0",",,0,30,+","0",",,0,30,+","","","","","","","","","","","0",",,,0","","","","","",""
"USC00346130","1985-05","35.778","-95.3338","157.9","MUSKOGEE, OK US","","","98.4",",0","8",",0","5",",0","0",",0","0",",0","0",",0","0",",0","0",",0","0",",0","31",",0","2",",0","","","19850515",",,0","19850531","+,,0","19850531","+,,0","","","19850528",",,0","19850530",",,0","8.3",",0,15,","0",",,0,31,+","0",",,0,31,+","24.1",",,0,28,","33.3",",0,30,","","","3.3",",0","69.4",",,,0","0",",,,0","21.40",",0","27.31",",,,0","15.49",",,,0"
"USC00346130","1985-06","35.778","-95.3338","157.9","MUSKOGEE, OK US","","","188.9",",0","9",",0","7",",0","3",",0","0",",0","0",",0","0",",0","0",",0","0",",0","30",",0","15",",0","","","19850613",",,0","19850630","+,,0","19850630","+,,0","4","","19850604",",,0","19850609",",,0","10.0",",0,13,","0",",,0,30,+","0",",,0,30,+","66.5",",,0,04,","33.9",",0,09,","","","0.5",",0","181.0",",,,0","0",",,,0","24.61",",0","30.81",",,,0","18.42",",,,0"
"USC00346130","1985-07","35.778","-95.3338","157.9","MUSKOGEE, OK US","","","293.5",",0","1",",0","1",",0","0",",0","0",",0","0",",0","0",",0","0",",0","0",",0","31",",0","29",",0","","","19850706","+,,0","19850731","+,,0","19850731","+,,0","","","19850725",",,0","19850731","+,,0","16.7",",0,06,+","0",",,0,31,+","0",",,0,31,+","14.0",",,0,25,","38.3",",0,31,+","0.0","0","0.0",",0","14.0",",,,0","0",",,,0","27.80",",0","34.98",",,,0","20.62",",,,0"
"USC00346130","1985-08","35.778","-95.3338","157.9","MUSKOGEE, OK US","","","310.2",",0","5",",0","4",",0","0",",0","0",",0","0",",0","0",",0","0",",0","0",",0","31",",0","28",",0","","","19850826",",,0","19850831","+,,0","19850831","+,,0","","","19850824",",,0","19850831","+,,0","13.9",",0,26,","0",",,0,31,+","0",",,0,31,+","14.0",",,0,24,","39.4",",0,31,+","0.0","0","0.0",",0","32.3",",,,0","0",",,,0","28.34",",0","35.54",",,,0","21.15",",,,0"
"USC00346130","1985-09","35.778","-95.3338","157.9","MUSKOGEE, OK US","","","189.0","4,0","8",",0","6",",0","1",",0","0",",0","0",",0","0","1,0","0","1,0","0","3,0","26","3,0","13","3,0","1","","19850930","+,1,0","19850930","+,,0","19850930","+,,0","3","","19850929",",,0","19850901",",3,0","6.1","1,0,30,+","0",",,0,30,+","0",",,0,30,+","38.1",",,0,29,","40.6","3,0,01,","12.4","0","12.4","3,0","110.1",",,,0","0",",,,0","24.47","4,0","31.67","3,,,0","17.27","1,,,0"
"USC00346130","1985-10","35.778","-95.3338","157.9","MUSKOGEE, OK US","","","52.0","2,0","9",",0","8",",0","4",",0","0",",0","0",",0","0","1,0","0","1,0","0","1,0","25","1,0","0","1,0","1","","19851002",",1,0","19851031","+,,0","19851031","+,,0","1","","19851013",",,0","19851010",",1,0","3.3","1,0,02,","0",",,0,31,+","0",",,0,31,+","49.0",",,0,13,","29.4","1,0,10,","52.0","0","39.6","1,0","194.2",",,,0","0",",,,0","18.63","2,0","23.80","1,,,0","13.46","1,,,0"
"USC00346130","1985-11","35.778","-95.3338","157.9","MUSKOGEE, OK US","","","2.2","2,0","11",",0","7",",0","0",",0","0",",0","0",",0","0","2,0","6","2,0","1",",0","8",",0","0",",0","2","","19851120",",2,0","19851130","+,,0","19851130","+,,0","1","","19851117",",,0","19851110",",,0","-3.9","2,0,20,","0",",,0,30,+","0",",T,0,30,+","23.6",",,0,17,","25.6",",0,10,","276.3","0","224.3",",0","104.5",",,,0","0",",T,,0","10.38","2,0","15.63",",,,0","5.12","2,,,0"
"USC00346130","1985-12","35.778","-95.3338","157.9","MUSKOGEE, OK US","","","0.0",",0","4",",0","2",",0","1",",0","0","2,0","1",",0","0",",0","26",",0","4",",0","0",",0","0",",0","2","","19851214",",,0","19851231","+,2,0","19851212",",,0","2","","19851209",",,0","19851223",",,0","-16.7",",0,14,","0","2,,0,31,+","152",",,0,12,","69.9",",,0,09,","17.2",",0,23,","787.4","0","511.1",",0","94.6",",,,0","152",",,,0","1.85",",0","8.26",",,,0","-4.57",",,,0"
"USC00346130","1986-01","35.778","-95.3338","157.9","MUSKOGEE, OK US","0.0","0","0.0",",0","0",",0","0",",0","0",",0","0",",0","0",",0","0",",0","22",",0","0",",0","1",",0","0",",0","","","19860127",",,0","19860131","+,,0","19860131","+,,0","","","19860131","+,,0","19860120",",,0","-12.8",",0,27,","0",",,0,31,+","0",",,0,31,+","0.0",",,0,31,+","21.1",",0,20,","1162.7","0","375.3",",0","0.0",",,,0","0",",,,0","6.23",",0","13.46",",,,0","-1.01",",,,0"
"USC00346130","1986-02","35.778","-95.3338","157.9","MUSKOGEE, OK US","0.6","0","0.6","1,0","7",",0","4",",0","0",",0","","","","","0","1,0","12","1,0","4",",0","12",",0","0",",0","","","19860211",",1,0","","","","","","","19860205",",,0","19860219","+,,0","-14.4","1,0,11,","","","","","18.0",",,0,05,","26.1",",0,19,+","1451.5","0","288.8",",0","50.3",",,,0","","","7.81","1,0","13.85",",,,0","1.77","1,,,0"
"USC00346130","1986-03","35.778","-95.3338","157.9","MUSKOGEE, OK US","7.9","0","7.3","1,0","5",",0","4",",0","0",",0","0",",0","0",",0","0","1,0","3","1,0","0",",0","15",",0","0",",0","","","19860321","+,1,0","19860331","+,,0","19860331","+,,0","1","","19860311",",,0","19860329",",,0","-3.9","1,0,21,+","0",",,0,31,+","0",",,0,31,+","24.9",",,0,11,","28.3",",0,29,","1605.3","0","153.8",",0","52.9",",,,0","0",",,,0","13.45","1,0","20.67",",,,0","6.22","1,,,0"
"USC00346130","1986-04","35.778","-95.3338","157.9","MUSKOGEE, OK US","46.7","0","38.8","1,0","14",",0","12",",0","1",",0","0",",0","0",",0","0","1,0","0","1,0","0",",0","24",",0","0",",0","","","19860422",",1,0","19860430","+,,0","19860430","+,,0","3","","19860403",",,0","19860407",",,0","2.8","1,0,22,","0",",,0,30,+","0",",,0,30,+","42.7",",,0,03,","30.0",",0,07,","1663.3","0","58.0",",0","163.2",",,,0","0",",,,0","17.72","1,0","23.86",",,,0","11.58","1,,,0"
"USC00346130","1986-05","35.778","-95.3338","157.9","MUSKOGEE, OK US","144.3","0","97.6","1,0","12",",0","10",",0","2",",0","0",",0","0",",0","0",",0","0",",0","0","1,0","29","1,0","0","1,0","","","19860520",",,0","19860531","+,,0","19860531","+,,0","","","19860514",",,0","19860529","+,1,0","8.3",",0,20,","0",",,0,31,+","0",",,0,31,+","42.9",",,0,14,","30.0","1,0,29,+","1672.7","0","9.4","1,0","150.7",",,,0","0",",,,0","21.27","1,0","26.63","1,,,0","15.90",",,,0"
"USC00346130","1986-06","35.778","-95.3338","157.9","MUSKOGEE, OK US","378.8","0","234.5",",0","9",",0","5",",0","1",",0","0",",0","0",",0","0",",0","0",",0","0",",0","30",",0","18",",0","","","19860612",",,0","19860630","+,,0","19860630","+,,0","1","","19860605",",,0","19860628","+,,0","15.0",",0,12,","0",",,0,30,+","0",",,0,30,+","39.6",",,0,05,","35.0",",0,28,+","1672.7","0","0.0",",0","77.0",",,,0","0",",,,0","26.15",",0","31.68",",,,0","20.62",",,,0"
"USC00346130","1986-07","35.778","-95.3338","157.9","MUSKOGEE, OK US","694.2","0","315.4","4,0","5",",0","4",",0","0",",0","0",",0","0",",0","0","3,0","0","3,0","0","3,0","28","3,0","27","3,0","","","19860703",",3,0","19860731","+,,0","19860731","+,,0","","","19860731",",,0","19860730",",3,0","19.4","3,0,03,","0",",,0,31,+","0",",,0,31,+","3.8",",,0,31,","44.4","3,0,30,","0.0","0","0.0","3,0","14.9",",,,0","0",",,,0","30.03","4,0","37.21","3,,,0","22.86","3,,,0"
"USC00346130","1986-08","35.778","-95.3338","157.9","MUSKOGEE, OK US","939.1","0","244.9",",0","8",",0","7",",0","1",",0","0",",0","0",",0","0",",0","0",",0","0",",0","31",",0","23",",0","","","19860829",",,0","19860831","+,,0","19860831","+,,0","","","19860815",",,0","19860801",",,0","11.1",",0,29,","0",",,0,31,+","0",",,0,31,+","30.0",",,0,15,","36.7",",0,01,","0.0","0","0.0",",0","87.4",",,,0","0",",,,0","26.23",",0","32.77",",,,0","19.70",",,,0"
"USC00346130","1986-09","35.778","-95.3338","157.9","MUSKOGEE, OK US","1108.3","0","169.2",",0","12",",0","9",",0","2",",0","0",",0","0",",0","0",",0","0",",0","0",",0","30",",0","1",",0","","","19860912","+,,0","19860930","+,,0","19860930","+,,0","","","19860930",",,0","19860919",",,0","11.7",",0,12,+","0",",,0,30,+","0",",,0,30,+","99.6",",,0,30,","32.2",",0,19,","0.0","0","0.0",",0","276.1",",,,0","0",",,,0","23.97",",0","29.37",",,,0","18.57",",,,0"
"USC00346130","1986-10","35.778","-95.3338","157.9","MUSKOGEE, OK US","1127.5","0","19.2",",0","8",",0","4",",0","1",",0","0",",0","0",",0","0",",0","0",",0","0",",0","22",",0","0",",0","","","19861016",",,0","19861031","+,,0","19861031","+,,0","","","19861001",",,0","19861002",",,0","2.8",",0,16,","0",",,0,31,+","0",",,0,31,+","195.6",",,0,01,","28.9",",0,02,","72.1","0","72.1",",0","235.9",",,,0","0",",,,0","16.62",",0","22.46",",,,0","10.79",",,,0"
"USC00346130","1986-11","35.778","-95.3338","157.9","MUSKOGEE, OK US","1127.5","0","0.0","3,0","6",",0","4",",0","1",",0","0",",0","0",",0","0","2,0","10","2,0","2","1,0","1","1,0","0","1,0","","","19861113",",2,0","19861130","+,,0","19861130","+,,0","","","19861103",",,0","19861101",",1,0","-10.6","2,0,13,","0",",,0,30,+","0",",,0,30,+","32.8",",,0,03,","24.4","1,0,01,","345.1","0","273.0","1,0","77.3",",,,0","0",",,,0","8.05","3,0","13.54","1,,,0","2.56","2,,,0"
"USC00346130","1986-12","35.778","-95.3338","157.9","MUSKOGEE, OK US","1127.5","0","0.0",",0","6",",0","3",",0","0",",0","0",",0","0",",0","0",",0","17",",0","0",",0","0",",0","0",",0","10","","19861211",",,0","19861231","+,,0","19861231","+,,0","","","19861207",",,0","19861219",",,0","-7.2",",0,11,","0",",,0,31,+","0",",,0,31,+","18.0",",,0,07,","17.2",",0,19,","755.0","0","409.9",",0","33.7",",,,0","0",",,,0","5.11",",0","10.25",",,,0","-0.03",",,,0"
"USC00346130","1987-01","35.778","-95.3338","157.9","MUSKOGEE, OK US","0.0","0","0.0","1,0","8",",0","6",",0","1",",0","0","1,0","0",",0","0","1,0","23","1,0","1",",0","0",",0","0",",0","3","","19870121",",1,0","19870131","+,1,0","19870119",",,0","","","19870108",",,0","19870131","+,,0","-7.8","1,0,21,","0","1,,0,31,+","3",",,0,19,","28.7",",,0,08,","16.7",",0,31,+","1198.6","0","443.6",",0","80.2",",,,0","3",",,,0","3.61","1,0","8.89",",,,0","-1.67","1,,,0"
"USC00346130","1987-02","35.778","-95.3338","157.9","MUSKOGEE, OK US","0.0","0","0.0","3,0","10",",0","10",",0","1",",0","0","3,0","2",",0","0","1,0","8","1,0","1","2,0","3","2,0","0","2,0","2","","19870218",",1,0","19870228","+,3,0","19870216",",,0","","","19870228",",,0","19870212",",2,0","-4.4","1,0,18,","0","3,,0,28,+","51",",,0,16,","40.9",",,0,28,","23.3","2,0,12,","1442.6","0","244.0","2,0","111.2",",,,0","89",",,,0","8.52","3,0","14.30","2,,,0","2.75","1,,,0"
"USC00346130","1987-03","35.778","-95.3338","157.9","MUSKOGEE, OK US","2.8","0","2.8","1,0","5",",0","4",",0","0",",0","0",",0","0",",0","0",",0","6",",0","0","1,0","11","1,0","0","1,0","","","19870331",",,0","19870331","+,,0","19870331","+,,0","","","19870316",",,0","19870323","+,1,0","-5.0",",0,31,","0",",,0,31,+","0",",,0,31,+","24.6",",,0,16,","26.7","1,0,23,+","1642.4","0","199.8","1,0","59.4",",,,0","0",",,,0","11.67","1,0","18.43","1,,,0","4.91",",,,0"
"USC00346130","1987-04","35.778","-95.3338","157.9","MUSKOGEE, OK US","50.6","0","47.8",",0","3",",0","2",",0","0",",0","0",",0","0",",0","0",",0","3",",0","0",",0","24",",0","6",",0","1","","19870404",",,0","19870430","+,,0","19870430","+,,0","","","19870414",",,0","19870420","+,,0","-2.8",",0,04,","0",",,0,30,+","0",",,0,30,+","6.4",",,0,14,","33.3",",0,20,+","1728.8","0","86.4",",0","11.0",",,,0","0",",,,0","17.05",",0","25.67",",,,0","8.43",",,,0"
"USC00346130","1987-05","35.778","-95.3338","157.9","MUSKOGEE, OK US","211.1","0","160.5","1,0","9",",0","7",",0","2",",0","0",",0","0",",0","0",",0","0",",0","0","1,0","30","1,0","10","1,0","","","19870509","+,,0","19870531","+,,0","19870531","+,,0","","","19870527",",,0","19870521",",1,0","12.2",",0,09,+","0",",,0,31,+","0",",,0,31,+","50.3",",,0,27,","34.4","1,0,21,","1728.8","0","0.0","1,0","129.0",",,,0","0",",,,0","23.66","1,0","30.16","1,,,0","17.15",",,,0"
"USC00346130","1987-06","35.778","-95.3338","157.9","MUSKOGEE, OK US","419.0","0","207.9","1,0","10",",0","7",",0","1",",0","0",",0","0",",0","0","1,0","0","1,0","0",",0","30",",0","13",",0","","","19870604",",1,0","19870630","+,,0","19870630","+,,0","","","19870619",",,0","19870614",",,0","12.8","1,0,04,","0",",,0,30,+","0",",,0,30,+","25.4",",,0,19,","35.0",",0,14,","1728.8","0","0.0",",0","86.2",",,,0","0",",,,0","25.53","1,0","31.72",",,,0","19.34","1,,,0"
"USC00346130","1987-07","35.778","-95.3338","157.9","MUSKOGEE, OK US","694.3","0","275.3",",0","6",",0","5",",0","2",",0","0",",0","0",",0","0",",0","0",",0","0",",0","31",",0","22",",0","1","","19870714",",,0","19870731","+,,0","19870731","+,,0","","","19870704",",,0","19870731",",,0","13.9",",0,14,","0",",,0,31,+","0",",,0,31,+","39.9",",,0,04,","38.3",",0,31,","0.0","0","0.0",",0","116.4",",,,0","0",",,,0","27.21",",0","33.05",",,,0","21.37",",,,0"
"USC00346130","1987-08","35.778","-95.3338","157.9","MUSKOGEE, OK US","1012.5","0","318.2",",0","6",",0","3",",0","1",",0","0",",0","0",",0","0",",0","0",",0","0",",0","31",",0","25",",0","","","19870829",",,0","19870831","+,,0","19870831","+,,0","","","19870826",",,0","19870822","+,,0","13.9",",0,29,","0",",,0,31,+","0",",,0,31,+","94.5",",,0,26,","37.8",",0,22,+","0.0","0","0.0",",0","104.2",",,,0","0",",,,0","28.60",",0","35.17",",,,0","22.03",",,,0"
"USC00346130","1987-09","35.778","-95.3338","157.9","MUSKOGEE, OK US","1134.7","0","122.2",",0","8",",0","6",",0","1",",0","0",",0","0",",0","0",",0","0",",0","0",",0","30",",0","4",",0","1","","19870923",",,0","19870930","+,,0","19870930","+,,0","","","19870915",",,0","19870903",",,0","8.3",",0,23,","0",",,0,30,+","0",",,0,30,+","45.0",",,0,15,","33.3",",0,03,","3.6","0","3.6",",0","85.5",",,,0","0",",,,0","22.29",",0","28.92",",,,0","15.65",",,,0"
"USC00346130","1987-10","35.778","-95.3338","157.9","MUSKOGEE, OK US","1141.5","0","6.8","2,0","6",",0","4",",0","1",",0","0",",0","0",",0","0","2,0","1","2,0","0","2,0","22","2,0","0","2,0","1","","19871021",",2,0","19871031","+,,0","19871031","+,,0","","","19871024",",,0","19871029",",2,0","0.0","2,0,21,","0",",,0,31,+","0",",,0,31,+","57.9",",,0,24,","26.1","2,0,29,","100.6","0","97.0","2,0","93.4",",,,0","0",",,,0","15.22","2,0","22.17","2,,,0","8.28","2,,,0"
"USC00346130","1987-11","35.778","-95.3338","157.9","MUSKOGEE, OK US","1146.2","0","4.7",",0","7",",0","5",",0","2",",0","0",",0","0",",0","0",",0","5",",0","0",",0","6",",0","0",",0","2","","19871111",",,0","19871130","+,,0","19871130","+,,0","","","19871115",",,0","19871104","+,,0","-4.4",",0,11,","0",",,0,30,+","0",",,0,30,+","66.0",",,0,15,","27.2",",0,04,+","313.1","0","212.5",",0","131.1",",,,0","0",",,,0","11.41",",0","16.68",",,,0","6.13",",,,0"
"USC00346130","1987-12","35.778","-95.3338","157.9","MUSKOGEE, OK US","1146.2","0","0.0","3,0","10","2,0","8","2,0","1","2,0","0","3,0","1",",0","0","2,0","15","2,0","0","2,0","0","2,0","0","2,0","2","","19871216",",2,0","19871231","+,3,0","19871215",",,0","","","19871219",",2,0","19871204","+,2,0","-8.9","2,0,16,","0","3,,0,31,+","127",",,0,15,","151.9","2,,0,19,","19.4","2,0,04,+","653.3","0","340.2","2,0","218.5","2,,,0","130",",,,0","6.09","3,0","11.35","2,,,0","0.83","2,,,0"
"USC00346130","1988-01","35.778","-95.3338","157.9","MUSKOGEE, OK US","0.0","0","0.0",",0","5","1,0","4","1,0","0","1,0","","","4",",0","1",",0","22",",0","6",",0","1",",0","0",",0","","","19880110",",,0","","","19880108","+,,0","","","19880117",",1,0","19880131",",,0","-17.8",",0,10,","","","152",",,0,08,+","12.2","1,,0,17,","21.1",",0,31,","1158.8","0","505.5",",0","38.6","1,,,0","459",",,,0","2.03",",0","7.41",",,,0","-3.35",",,,0"
"USC00346130","1988-02","35.778","-95.3338","157.9","MUSKOGEE, OK US","0.0","0","0.0","2,0","3",",0","3",",0","0",",0","0",",0","0",",0","0","2,0","18","2,0","6",",0","6",",0","0",",0","1","","19880206",",2,0","19880229","+,,0","19880229","+,,0","","","19880218",",,0","19880220",",,0","-14.4","2,0,06,","0",",,0,29,+","0",",,0,29,+","17.5",",,0,18,","23.9",",0,20,","1524.1","0","365.3",",0","30.9",",,,0","0",",,,0","5.15","2,0","12.48",",,,0","-2.17","2,,,0"
"USC00346130","1988-03","35.778","-95.3338","157.9","MUSKOGEE, OK US","8.1","0","8.1","2,0","11",",0","9",",0","3",",0","0",",0","0",",0","0","1,0","10","1,0","0","1,0","14","1,0","0","1,0","","","19880315",",1,0","19880331","+,,0","19880331","+,,0","","","19880301",",,0","19880324",",1,0","-6.7","1,0,15,","0",",,0,31,+","0",",,0,31,+","51.3",",,0,01,","27.8","1,0,24,","1738.5","0","214.4","1,0","179.0",",,,0","0",",,,0","11.07","2,0","18.38","1,,,0","3.76","1,,,0"
"USC00346130","1988-04","35.778","-95.3338","157.9","MUSKOGEE, OK US","32.0","0","23.9",",0","6",",0","4",",0","0",",0","0",",0","0",",0","0",",0","0",",0","0",",0","23",",0","0",",0","","","19880419",",,0","19880430","+,,0","19880430","+,,0","","","19880405",",,0","19880422",",,0","0.6",",0,19,","0",",,0,30,+","0",",,0,30,+","15.0",",,0,05,","31.1",",0,22,","1820.1","0","81.6",",0","51.4",",,,0","0",",,,0","16.41",",0","24.13",",,,0","8.69",",,,0"
"USC00346130","1988-05","35.778","-95.3338","157.9","MUSKOGEE, OK US","128.6","0","96.6",",0","5",",0","5",",0","0",",0","0",",0","0",",0","0",",0","0",",0","0",",0","30",",0","2",",0","","","19880526","+,,0","19880531","+,,0","19880531","+,,0","","","19880522",",,0","19880517","+,,0","7.2",",0,26,+","0",",,0,31,+","0",",,0,31,+","21.3",",,0,22,","32.2",",0,17,+","1827.9","0","7.8",",0","59.0",",,,0","0",",,,0","21.20",",0","28.37",",,,0","14.03",",,,0"
"USC00346130","1988-06","35.778","-95.3338","157.9","MUSKOGEE, OK US","360.5","0","231.9",",0","4",",0","3",",0","0",",0","0",",0","0",",0","0",",0","0",",0","0",",0","30",",0","21",",0","","","19880611",",,0","19880630","+,,0","19880630","+,,0","","","19880616",",,0","19880630",",,0","10.0",",0,11,","0",",,0,30,+","0",",,0,30,+","20.1",",,0,16,","38.3",",0,30,","1827.9","0","0.0",",0","41.2",",,,0","0",",,,0","26.06",",0","33.53",",,,0","18.59",",,,0"
"USC00346130","1988-07","35.778","-95.3338","157.9","MUSKOGEE, OK US","660.7","0","300.2",",0","7",",0","7",",0","2",",0","0",",0","0",",0","0",",0","0",",0","0",",0","31",",0","26",",0","","","19880722",",,0","19880731","+,,0","19880731","+,,0","","","19880727",",,0","19880719",",,0","14.4",",0,22,","0",",,0,31,+","0",",,0,31,+","32.5",",,0,27,","38.9",",0,19,","0.0","0","0.0",",0","119.1",",,,0","0",",,,0","28.02",",0","34.67",",,,0","21.36",",,,0"
"USC00346130","1988-08","35.778","-95.3338","157.9","MUSKOGEE, OK US","955.7","0","295.0",",0","7",",0","5",",0","1",",0","0",",0","0",",0","0",",0","0",",0","0",",0","31",",0","26",",0","","","19880830",",,0","19880831","+,,0","19880831","+,,0","","","19880811",",,0","19880808",",,0","11.1",",0,30,","0",",,0,31,+","0",",,0,31,+","32.8",",,0,11,","38.3",",0,08,","0.0","0","0.0",",0","62.1",",,,0","0",",,,0","27.85",",0","34.54",",,,0","21.16",",,,0"
"USC00346130","1988-09","35.778","-95.3338","157.9","MUSKOGEE, OK US","1105.1","0","149.4","2,0","7",",0","6",",0","1",",0","0",",0","0",",0","0",",0","0",",0","0","2,0","28","2,0","11","2,0","","","19880920",",,0","19880930","+,,0","19880930","+,,0","","","19880919",",,0","19880914","+,2,0","9.4",",0,20,","0",",,0,30,+","0",",,0,30,+","43.2",",,0,19,","35.6","2,0,14,+","0.5","0","0.5","2,0","90.5",",,,0","0",",,,0","23.68","2,0","30.70","2,,,0","16.66",",,,0"
"USC00346130","1988-10","35.778","-95.3338","157.9","MUSKOGEE, OK US","1119.3","0","14.2",",0","6",",0","6",",0","0",",0","0",",0","0",",0","0",",0","0",",0","0",",0","21",",0","0",",0","","","19881012",",,0","19881031","+,,0","19881031","+,,0","","","19881006",",,0","19881017",",,0","2.2",",0,12,","0",",,0,31,+","0",",,0,31,+","9.1",",,0,06,","31.1",",0,17,","103.6","0","103.1",",0","34.5",",,,0","0",",,,0","15.46",",0","22.13",",,,0","8.80",",,,0"
"USC00346130","1988-11","35.778","-95.3338","157.9","MUSKOGEE, OK US","1121.8","0","2.5","2,0","7",",0","7",",0","3",",0","0",",0","0",",0","0","1,0","6","1,0","0","1,0","12","1,0","0","1,0","1","","19881121",",1,0","19881130","+,,0","19881130","+,,0","2","","19881112",",,0","19881102",",1,0","-5.0","1,0,21,","0",",,0,30,+","0",",,0,30,+","68.6",",,0,12,","27.2","1,0,02,","294.7","0","191.1","1,0","184.9",",,,0","0",",,,0","11.46","2,0","18.35","1,,,0","4.56","1,,,0"
"USC00346130","1988-12","35.778","-95.3338","157.9","MUSKOGEE, OK US","1121.8","0","0.0",",0","6",",0","4",",0","1",",0","0",",0","1",",0","0",",0","19",",0","0",",0","2",",0","0",",0","","","19881228",",,0","19881231","+,,0","19881227",",,0","","","19881227",",,0","19881203",",,0","-8.3",",0,28,","0",",,0,31,+","38",",,0,27,","28.4",",,0,27,","22.8",",0,03,","654.4","0","359.7",",0","62.2",",,,0","51",",,,0","6.73",",0","13.35",",,,0","0.11",",,,0"
"USC00346130","1989-01","35.778","-95.3338","157.9","MUSKOGEE, OK US","0.0","0","0.0","2,0","5",",0","3",",0","0",",0","0",",0","0",",0","0","1,0","16","1,0","0","1,0","3","1,0","0","1,0","","","19890121",",1,0","19890131","+,,0","19890131","+,,0","","","19890128",",,0","19890131",",1,0","-6.1","1,0,21,","0",",,0,31,+","0",",,0,31,+","24.6",",,0,28,","23.3","1,0,31,","981.8","0","327.4","1,0","54.9",",,,0","0",",,,0","7.01","2,0","13.36","1,,,0","0.67","1,,,0"
"USC00346130","1989-02","35.778","-95.3338","157.9","MUSKOGEE, OK US","0.0","0","0.0","1,0","7",",0","7",",0","2",",0","","","0","1,0","0",",0","21",",0","5","1,0","0","1,0","0","1,0","","","19890204","+,,0","","","19890228","+,1,0","","","19890214",",,0","19890226",",1,0","-15.6",",0,04,+","","","0","1,,0,28,+","40.6",",,0,14,","17.2","1,0,26,","1455.9","0","474.1","1,0","112.7",",,,0","0","1,,,0","0.79","1,0","5.48","1,,,0","-3.91",",,,0"
"USC00346130","1989-03","35.778","-95.3338","157.9","MUSKOGEE, OK US","7.3","0","7.3","3,0","7",",0","7",",0","1",",0","0","4,0","2",",0","0","3,0","6","3,0","2","2,0","13","2,0","0","2,0","","","19890305",",3,0","19890331","+,4,0","19890306",",,0","","","19890328",",,0","19890312",",2,0","-8.9","3,0,05,","0","4,,0,31,+","178",",,0,06,","40.4",",,0,28,","28.9","2,0,12,","1631.2","0","175.3","2,0","105.1",",,,0","318",",,,0","11.89","3,0","18.57","2,,,0","5.22","3,,,0"
"USC00346130","1989-04","35.778","-95.3338","157.9","MUSKOGEE, OK US","66.0","0","58.7","2,0","3",",0","2",",0","0",",0","0",",0","0",",0","0","2,0","1","2,0","0",",0","21",",0","0",",0","","","19890411",",2,0","19890430","+,,0","19890430","+,,0","","","19890418",",,0","19890423","+,,0","-2.2","2,0,11,","0",",,0,30,+","0",",,0,30,+","13.7",",,0,18,","31.1",",0,23,+","1709.4","0","78.2",",0","19.6",",,,0","0",",,,0","17.41","2,0","23.44",",,,0","11.39","2,,,0"
"USC00346130","1989-05","35.778","-95.3338","157.9","MUSKOGEE, OK US","162.5","0","96.5","1,0","10",",0","10",",0","1",",0","0",",0","0",",0","0","1,0","0","1,0","0",",0","27",",0","0",",0","","","19890507","+,1,0","19890531","+,,0","19890531","+,,0","1","","19890517",",,0","19890529","+,,0","4.4","1,0,07,+","0",",,0,31,+","0",",,0,31,+","49.8",",,0,17,","31.7",",0,29,+","1740.0","0","30.6",",0","162.6",",,,0","0",",,,0","20.47","1,0","26.62",",,,0","14.32","1,,,0"
"USC00346130","1989-06","35.778","-95.3338","157.9","MUSKOGEE, OK US","317.9","0","155.4",",0","8",",0","8",",0","3",",0","0",",0","0",",0","0",",0","0",",0","0",",0","30",",0","5",",0","","","19890616",",,0","19890630","+,,0","19890630","+,,0","","","19890611",",,0","19890625","+,,0","9.4",",0,16,","0",",,0,30,+","0",",,0,30,+","53.3",",,0,11,","32.2",",0,25,+","1741.7","0","1.7",",0","184.4",",,,0","0",",,,0","23.46",",0","28.97",",,,0","17.95",",,,0"
"USC00346130","1989-07","35.778","-95.3338","157.9","MUSKOGEE, OK US","552.6","0","234.7","1,0","4",",0","3",",0","3",",0","0",",0","0",",0","0","1,0","0","1,0","0",",0","31",",0","15",",0","","","19890722",",1,0","19890731","+,,0","19890731","+,,0","1","","19890731",",,0","19890731","+,,0","17.2","1,0,22,","0",",,0,31,+","0",",,0,31,+","48.3",",,0,31,","35.0",",0,31,+","0.0","0","0.0",",0","115.4",",,,0","0",",,,0","26.21","1,0","31.51",",,,0","20.92","1,,,0"
"USC00346130","1989-08","35.778","-95.3338","157.9","MUSKOGEE, OK US","796.8","0","244.2","1,0","4",",0","3",",0","0",",0","0",",0","0",",0","0","1,0","0","1,0","0",",0","31",",0","16",",0","","","19890809","+,1,0","19890831","+,,0","19890831","+,,0","2","","19890818",",,0","19890825","+,,0","12.2","1,0,09,+","0",",,0,31,+","0",",,0,31,+","18.5",",,0,18,","37.2",",0,25,+","0.0","0","0.0",",0","48.5",",,,0","0",",,,0","26.50","1,0","32.49",",,,0","20.52","1,,,0"
"USC00346130","1989-09","35.778","-95.3338","157.9","MUSKOGEE, OK US","909.7","0","112.9",",0","8",",0","5",",0","1",",0","0",",0","0",",0","0",",0","0",",0","0",",0","27",",0","7",",0","","","19890924",",,0","19890930","+,,0","19890930","+,,0","","","19890912",",,0","19890901",",,0","2.2",",0,24,","0",",,0,30,+","0",",,0,30,+","26.2",",,0,12,","36.1",",0,01,","27.2","0","27.2",",0","55.0",",,,0","0",",,,0","21.19",",0","27.25",",,,0","15.13",",,,0"
"USC00346130","1989-10","35.778","-95.3338","157.9","MUSKOGEE, OK US","971.2","0","61.5",",0","3",",0","3",",0","0",",0","0",",0","0",",0","0",",0","2",",0","0",",0","25",",0","0",",0","","","19891019",",,0","19891031","+,,0","19891031","+,,0","","","19891005",",,0","19891012",",,0","-0.6",",0,19,","0",",,0,31,+","0",",,0,31,+","11.4",",,0,05,","31.7",",0,12,","88.6","0","61.4",",0","19.0",",,,0","0",",,,0","18.34",",0","25.22",",,,0","11.45",",,,0"
"USC00346130","1989-11","35.778","-95.3338","157.9","MUSKOGEE, OK US","980.7","0","9.5",",0","1",",0","1",",0","0",",0","0",",0","0",",0","0",",0","8",",0","0",",0","15",",0","0",",0","","","19891129",",,0","19891130","+,,0","19891130","+,,0","","","19891122",",,0","19891111",",,0","-7.2",",0,29,","0",",,0,30,+","0",",,0,30,+","5.3",",,0,22,","28.9",",0,11,","275.0","0","186.4",",0","5.3",",,,0","0",",,,0","12.44",",0","19.90",",,,0","4.97",",,,0"
"USC00346130","1989-12","35.778","-95.3338","157.9","MUSKOGEE, OK US","980.7","0","0.0","2,0","3",",0","3",",0","0",",0","0","2,0","2",",0","1",",0","28",",0","6","2,0","1","2,0","0","2,0","","","19891222",",,0","19891231","+,2,0","19891208","+,,0","","","19891208",",,0","19891205",",2,0","-21.7",",0,22,","0","2,,0,31,+","76",",,0,08,+","6.9",",,0,08,","22.8","2,0,05,","782.8","0","507.8","2,0","15.8",",,,0","152",",,,0","0.48","2,0","7.68","2,,,0","-6.72",",,,0"
"USC00346130","1990-01","35.778","-95.3338","157.9","MUSKOGEE, OK US","0.0","0","0.0","2,0","4",",0","4",",0","2",",0","0",",0","0",",0","0","2,0","15","2,0","0",",0","3",",0","0",",0","","","19900113",",2,0","19900131","+,,0","19900131","+,,0","3","","19900119",",,0","19900110",",,0","-8.9","2,0,13,","0",",,0,31,+","0",",,0,31,+","56.4",",,0,19,","23.3",",0,10,","1084.4","0","301.6",",0","127.0",",,,0","0",",,,0","7.97","2,0","14.72",",,,0","1.22","2,,,0"
"USC00346130","1990-02","35.778","-95.3338","157.9","MUSKOGEE, OK US","0.0","0","0.0","2,0","9",",0","9",",0","2",",0","0",",0","0",",0","0","2,0","12","2,0","0",",0","4",",0","0",",0","","","19900217",",2,0","19900228","+,,0","19900228","+,,0","1","","19900214",",,0","19900212",",,0","-5.6","2,0,17,","0",",,0,28,+","0",",,0,28,+","27.2",",,0,14,","23.3",",0,12,","1352.1","0","267.7",",0","122.6",",,,0","0",",,,0","8.21","2,0","14.69",",,,0","1.73","2,,,0"
"USC00346130","1990-03","35.778","-95.3338","157.9","MUSKOGEE, OK US","9.3","0","9.3",",0","11",",0","8",",0","3",",0","0",",0","0",",0","0",",0","5",",0","0",",0","13",",0","0",",0","1","","19900320",",,0","19900331","+,,0","19900331","+,,0","","","19900311",",,0","19900312",",,0","-5.0",",0,20,","0",",,0,31,+","0",",,0,31,+","63.0",",,0,11,","27.8",",0,12,","1557.4","0","205.3",",0","219.2",",,,0","0",",,,0","12.01",",0","17.80",",,,0","6.22",",,,0"
"USC00346130","1990-04","35.778","-95.3338","157.9","MUSKOGEE, OK US","36.2","0","26.9",",0","13",",0","10",",0","2",",0","0",",0","0",",0","0",",0","1",",0","0",",0","19",",0","0",",0","","","19900407",",,0","19900430","+,,0","19900430","+,,0","1","","19900425",",,0","19900429","+,,0","-1.1",",0,07,","0",",,0,30,+","0",",,0,30,+","36.8",",,0,25,","28.9",",0,29,+","1658.8","0","101.4",",0","168.0",",,,0","0",",,,0","15.85",",0","22.37",",,,0","9.33",",,,0"
"USC00346130","1990-05","35.778","-95.3338","157.9","MUSKOGEE, OK US","110.2","0","74.0",",0","11",",0","10",",0","3",",0","0",",0","0",",0","0",",0","0",",0","0",",0","25",",0","0",",0","","","19900505",",,0","19900531","+,,0","19900531","+,,0","3","","19900502",",,0","19900525",",,0","6.1",",0,05,","0",",,0,31,+","0",",,0,31,+","75.4",",,0,02,","31.7",",0,25,","1687.4","0","28.6",",0","245.7",",,,0","0",",,,0","19.80",",0","25.04",",,,0","14.56",",,,0"
"USC00346130","1990-06","35.778","-95.3338","157.9","MUSKOGEE, OK US","363.2","0","253.0","1,0","2",",0","2",",0","0",",0","0",",0","0",",0","0","1,0","0","1,0","0",",0","30",",0","21",",0","","","19900604",",1,0","19900630","+,,0","19900630","+,,0","","","19900621",",,0","19900619",",,0","13.9","1,0,04,","0",",,0,30,+","0",",,0,30,+","21.8",",,0,21,","35.0",",0,19,","1687.4","0","0.0",",0","24.3",",,,0","0",",,,0","27.03","1,0","32.29",",,,0","21.77","1,,,0"
"USC00346130","1990-07","35.778","-95.3338","157.9","MUSKOGEE, OK US","617.3","0","254.1","1,0","1","2,0","0","2,0","0","2,0","0",",0","0",",0","0","1,0","0","1,0","0","1,0","30","1,0","19","1,0","","","19900717","+,1,0","19900731","+,,0","19900731","+,,0","","","19900730",",2,0","19900704",",1,0","13.9","1,0,17,+","0",",,0,31,+","0",",,0,31,+","2.0","2,,0,30,","38.3","1,0,04,","0.0","0","0.0","1,0","48.5",",a,,0","0",",,,0","26.80","1,0","33.21","1,,,0","20.40","1,,,0"
"USC00346130","1990-08","35.778","-95.3338","157.9","MUSKOGEE, OK US","902.3","0","285.0","1,0","7",",0","5",",0","0",",0","0",",0","0",",0","0","1,0","0","1,0","0","1,0","30","1,0","24","1,0","","","19900805",",1,0","19900831","+,,0","19900831","+,,0","2","","19900801",",,0","19900830",",1,0","15.6","1,0,05,","0",",,0,31,+","0",",,0,31,+","22.9",",,0,01,","38.9","1,0,30,","0.0","0","0.0","1,0","70.9",",,,0","0",",,,0","27.83","1,0","34.03","1,,,0","21.63","1,,,0"
"USC00346130","1990-09","35.778","-95.3338","157.9","MUSKOGEE, OK US","1117.1","0","214.8",",0","9",",0","6",",0","2",",0","0",",0","0",",0","0",",0","0",",0","0",",0","30",",0","15",",0","","","19900924",",,0","19900930","+,,0","19900930","+,,0","4","","19900920",",,0","19900906",",,0","5.0",",0,24,","0",",,0,30,+","0",",,0,30,+","84.8",",,0,20,","38.9",",0,06,","4.4","0","4.4",",0","145.2",",,,0","0",",,,0","25.35",",0","32.21",",,,0","18.49",",,,0"
"USC00346130","1990-10","35.778","-95.3338","157.9","MUSKOGEE, OK US","1140.1","0","23.0","1,0","5",",0","4",",0","0",",0","0",",0","0",",0","0","1,0","1","1,0","0","1,0","20","1,0","0","1,0","","","19901022",",1,0","19901031","+,,0","19901031","+,,0","","","19901008",",,0","19901006",",1,0","0.0","1,0,22,","0",",,0,31,+","0",",,0,31,+","23.6",",,0,08,","29.4","1,0,06,","110.1","0","105.7","1,0","56.5",",,,0","0",",,,0","15.58","1,0","23.09","1,,,0","8.06","1,,,0"
"USC00346130","1990-11","35.778","-95.3338","157.9","MUSKOGEE, OK US","1148.3","0","8.2","1,0","5",",0","5",",0","0",",0","0",",0","0",",0","0","1,0","3","1,0","0",",0","17",",0","0",",0","","","19901128",",1,0","19901130","+,,0","19901130","+,,0","","","19901126",",,0","19901113","+,,0","-1.7","1,0,28,","0",",,0,30,+","0",",,0,30,+","23.9",",,0,26,","26.1",",0,13,+","257.1","0","147.0",",0","77.5",",,,0","0",",,,0","13.62","1,0","20.53",",,,0","6.72","1,,,0"
"USC00346130","1990-12","35.778","-95.3338","157.9","MUSKOGEE, OK US","1148.3","0","0.0",",0","9","1,0","5","1,0","1","1,0","1",",0","0","2,0","0",",0","15",",0","6",",0","1",",0","0",",0","","","19901230",",,0","19901229",",,0","19901221",",2,0","1","","19901229",",1,0","19901212",",,0","-15.0",",0,30,","76",",,0,29,","13","2,,0,21,","28.4","1,,0,29,","21.1",",0,12,","731.6","0","474.5",",0","104.0","1,,,0","21","2,,,0","3.03",",0","9.08",",,,0","-3.03",",,,0"
"USC00346130","1991-01","35.778","-95.3338","157.9","MUSKOGEE, OK US","0.0","0","0.0","2,0","7",",0","6",",0","1",",0","0",",0","0",",0","0","2,0","24","2,0","3",",0","0",",0","0",",0","5","","19910126","+,2,0","19910131","+,,0","19910129","+,,0","","","19910109",",,0","19910118",",,0","-8.3","2,0,26,+","0",",,0,31,+","0",",T,0,29,+","25.9",",,0,09,","13.9",",0,18,","1220.6","0","489.0",",0","62.0",",,,0","0",",T,,0","1.65","2,0","6.33",",,,0","-3.04","2,,,0"
"USC00346130","1991-02","35.778","-95.3338","157.9","MUSKOGEE, OK US","0.0","0","0.0","1,0","3",",0","3",",0","0",",0","0","1,0","0",",0","0","1,0","16","1,0","0",",0","2",",0","0",",0","1","","19910215",",1,0","19910228","+,1,0","19910224",",,0","","","19910228",",,0","19910217",",,0","-6.7","1,0,15,","0","1,,0,28,+","13",",,0,24,","13.2",",,0,28,","23.3",",0,17,","1491.9","0","271.3",",0","34.3",",,,0","13",",,,0","8.10","1,0","16.14",",,,0","0.06","1,,,0"
"USC00346130","1991-03","35.778","-95.3338","157.9","MUSKOGEE, OK US","9.2","0","9.2","1,0","7",",0","5",",0","0",",0","0",",0","0",",0","0",",0","6",",0","0","1,0","17","1,0","0","1,0","","","19910309","+,,0","19910331","+,,0","19910331","+,,0","","","19910317",",,0","19910305",",1,0","-1.1",",0,09,+","0",",,0,31,+","0",",,0,31,+","22.1",",,0,17,","27.2","1,0,05,","1648.8","0","156.9","1,0","52.9",",,,0","0",",,,0","13.28","1,0","19.83","1,,,0","6.73",",,,0"
"USC00346130","1991-04","35.778","-95.3338","157.9","MUSKOGEE, OK US","29.2","0","20.0","1,0","","","","","","","0",",0","0",",0","0","1,0","0","1,0","0",",0","25",",0","0",",0","","","19910410",",1,0","19910430","+,,0","19910430","+,,0","2","","","","19910430","+,,0","4.4","1,0,10,","0",",,0,30,+","0",",,0,30,+","","","27.8",",0,30,+","1697.7","0","48.9",",0","","","0",",,,0","17.32","1,0","23.42",",,,0","11.21","1,,,0"
"USC00346130","1991-05","35.778","-95.3338","157.9","MUSKOGEE, OK US","180.7","0","151.5",",0","10",",0","10",",0","2",",0","0",",0","0",",0","0",",0","0",",0","0",",0","31",",0","0",",0","","","19910506",",,0","19910531","+,,0","19910531","+,,0","1","","19910503","+,,0","19910528","+,,0","5.0",",0,06,","0",",,0,31,+","0",",,0,31,+","31.5",",,0,03,+","31.7",",0,28,+","1701.9","0","4.2",",0","140.2",",,,0","0",",,,0","23.09",",0","28.45",",,,0","17.73",",,,0"
"USC00346130","1991-06","35.778","-95.3338","157.9","MUSKOGEE, OK US","401.5","0","220.8","1,0","7",",0","7",",0","2",",0","0",",0","0",",0","0",",0","0",",0","0","1,0","29","1,0","16","1,0","","","19910622",",,0","19910630","+,,0","19910630","+,,0","1","","19910622",",,0","19910621","+,1,0","16.1",",0,22,","0",",,0,30,+","0",",,0,30,+","45.7",",,0,22,","33.3","1,0,21,+","1701.9","0","0.0","1,0","129.0",",,,0","0",",,,0","25.93","1,0","31.63","1,,,0","20.24",",,,0"
"USC00346130","1991-07","35.778","-95.3338","157.9","MUSKOGEE, OK US","706.1","0","304.6",",0","2",",0","0",",0","0",",0","0",",0","0",",0","0",",0","0",",0","0",",0","31",",0","28",",0","","","19910730",",,0","19910731","+,,0","19910731","+,,0","","","19910725",",,0","19910723","+,,0","14.4",",0,30,","0",",,0,31,+","0",",,0,31,+","1.5",",,0,25,","37.8",",0,23,+","0.0","0","0.0",",0","2.3",",,,0","0",",,,0","28.16",",0","34.74",",,,0","21.58",",,,0"
"USC00346130","1991-08","35.778","-95.3338","157.9","MUSKOGEE, OK US","953.9","0","247.8","2,0","4",",0","3",",0","0",",0","0",",0","0",",0","0","2,0","0","2,0","0",",0","31",",0","23",",0","1","","19910821","+,2,0","19910831","+,,0","19910831","+,,0","1","","19910829",",,0","19910809","+,,0","15.0","2,0,21,+","0",",,0,31,+","0",",,0,31,+","15.2",",,0,29,","37.8",",0,09,+","0.0","0","0.0",",0","38.1",",,,0","0",",,,0","26.86","2,0","33.93",",,,0","19.79","2,,,0"
"USC00346130","1991-09","35.778","-95.3338","157.9","MUSKOGEE, OK US","1063.9","0","110.0","4,0","10",",0","7",",0","3",",0","0",",0","0",",0","0","4,0","0","4,0","0","3,0","24","3,0","3","3,0","","","19910925",",4,0","19910930","+,,0","19910930","+,,0","1","","19910904",",,0","19910910",",3,0","5.6","4,0,25,","0",",,0,30,+","0",",,0,30,+","34.0",",,0,04,","33.3","3,0,10,","24.5","0","24.5","3,0","139.9",",,,0","0",",,,0","21.51","4,0","27.11","3,,,0","15.90","4,,,0"
"USC00346130","1991-10","35.778","-95.3338","157.9","MUSKOGEE, OK US","1098.4","0","34.5","1,0","9",",0","8",",0","3",",0","0",",0","0",",0","0","1,0","0","1,0","0","1,0","25","1,0","0","1,0","","","19911031",",1,0","19911031","+,,0","19911031","+,,0","2","","19911025",",,0","19911012",",1,0","2.8","1,0,31,","0",",,0,31,+","0",",,0,31,+","99.1",",,0,25,","31.7","1,0,12,","85.8","0","61.3","1,0","256.0",",,,0","0",",,,0","17.44","1,0","25.06","1,,,0","9.82","1,,,0"
"USC00346130","1991-11","35.778","-95.3338","157.9","MUSKOGEE, OK US","1099.8","0","1.4",",0","7",",0","5",",0","2",",0","0",",0","0",",0","0",",0","15",",0","0",",0","6",",0","0",",0","","","19911103",",,0","19911130","+,,0","19911102",",,0","","","19911116",",,0","19911118",",,0","-9.4",",0,03,","0",",,0,30,+","0",",T,0,02,","38.6",",,0,16,","24.4",",0,18,","386.0","0","300.2",",0","94.7",",,,0","0",",T,,0","8.37",",0","14.55",",,,0","2.19",",,,0"
"USC00346130","1991-12","35.778","-95.3338","157.9","MUSKOGEE, OK US","1102.3","0","2.5",",0","12",",0","12",",0","3",",0","0","4,0","0","3,0","0",",0","10",",0","1",",0","4",",0","0",",0","","","19911205","+,,0","19911231","+,4,0","19911231","+,3,0","","","19911219",",,0","19911209","+,,0","-5.0",",0,05,+","0","4,,0,31,+","0","3,,0,31,+","42.4",",,0,19,","25.6",",0,09,+","724.9","0","338.9",",0","205.1",",,,0","0","3,,,0","7.48",",0","12.22",",,,0","2.74",",,,0"
"USC00346130","1992-01","35.778","-95.3338","157.9","MUSKOGEE, OK US","0.0","0","0.0","1,0","","","","","","","0","3,0","2",",0","0","1,0","19","1,0","0","1,0","0","1,0","0","1,0","1","","19920116",",1,0","19920131","+,3,0","19920114","+,,0","","","","","19920130",",1,0","-10.0","1,0,16,","0","3,,0,31,+","89",",,0,14,+","","","18.3","1,0,30,","1109.1","0","384.2","1,0","","","178",",,,0","5.53","1,0","11.31","1,,,0","-0.26","1,,,0"
"USC00346130","1992-02","35.778","-95.3338","157.9","MUSKOGEE, OK US","0.0","0","0.0",",0","7",",0","4",",0","0",",0","0",",0","0",",0","0",",0","6",",0","0",",0","7",",0","0",",0","","","19920208",",,0","19920229","+,,0","19920229","+,,0","","","19920211",",,0","19920228",",,0","-3.3",",0,08,","0",",,0,29,+","0",",,0,29,+","14.2",",,0,11,","26.1",",0,28,","1340.5","0","231.4",",0","41.4",",,,0","0",",,,0","10.36",",0","16.99",",,,0","3.72",",,,0"
"USC00346130","1992-03","35.778","-95.3338","157.9","MUSKOGEE, OK US","4.8","0","4.8",",0","8",",0","6",",0","0",",0","0",",0","0",",0","0",",0","7",",0","0",",0","10",",0","0",",0","","","19920311",",,0","19920331","+,,0","19920331","+,,0","1","","19920322",",,0","19920308","+,,0","-5.0",",0,11,","0",",,0,31,+","0",",,0,31,+","14.2",",,0,22,","26.7",",0,08,+","1530.6","0","190.1",",0","49.6",",,,0","0",",,,0","12.35",",0","18.77",",,,0","5.94",",,,0"
"USC00346130","1992-04","35.778","-95.3338","157.9","MUSKOGEE, OK US","41.5","0","36.7",",0","8",",0","7",",0","2",",0","0",",0","0",",0","0",",0","3",",0","0",",0","20",",0","0",",0","","","19920404","+,,0","19920430","+,,0","19920430","+,,0","","","19920417",",,0","19920410",",,0","-1.7",",0,04,+","0",",,0,30,+","0",",,0,30,+","28.4",",,0,17,","29.4",",0,10,","1619.2","0","88.6",",0","102.7",",,,0","0",",,,0","16.61",",0","23.21",",,,0","10.00",",,,0"
"USC00346130","1992-05","35.778","-95.3338","157.9","MUSKOGEE, OK US","","","","","11","4,0","10","4,0","1","4,0","0",",0","0",",0","","","","","","","","","","","","","","","19920531","+,,0","19920531","+,,0","1","","19920511",",4,0","","","","","0",",,0,31,+","0",",,0,31,+","30.7","4,,0,11,","","","","","","","128.0",",a,,0","0",",,,0","","","","","",""
"USC00346130","1992-06","35.778","-95.3338","157.9","MUSKOGEE, OK US","","","144.2","1,0","14","3,0","12","3,0","8","3,0","0",",0","0",",0","0","1,0","0","1,0","0","1,0","29","1,0","5","1,0","2","","19920602",",1,0","19920630","+,,0","19920630","+,,0","4","","19920606",",3,0","19920625","+,1,0","8.9","1,0,02,","0",",,0,30,+","0",",,0,30,+","77.5","3,,0,06,","32.8","1,0,25,+","","","2.5","1,0","456.9",",a,,0","0",",,,0","23.22","1,0","28.47","1,,,0","17.97","1,,,0"
"USC00346130","1992-07","35.778","-95.3338","157.9","MUSKOGEE, OK US","","","256.2","1,0","6","2,0","5","2,0","2","2,0","0",",0","0",",0","0","1,0","0","1,0","0","1,0","30","1,0","20","1,0","","","19920717",",1,0","19920731","+,,0","19920731","+,,0","2","","19920726",",2,0","19920726",",1,0","18.9","1,0,17,","0",",,0,31,+","0",",,0,31,+","50.8","2,,0,26,","35.0","1,0,26,","0.0","0","0.0","1,0","152.7",",a,,0","0",",,,0","26.87","1,0","32.18","1,,,0","21.56","1,,,0"
"USC00346130","1992-08","35.778","-95.3338","157.9","MUSKOGEE, OK US","","","175.7",",0","5",",0","4",",0","1",",0","0",",0","0",",0","0",",0","0",",0","0",",0","31",",0","7",",0","","","19920829","+,,0","19920831","+,,0","19920831","+,,0","","","19920804",",,0","19920811","+,,0","11.1",",0,29,+","0",",,0,31,+","0",",,0,31,+","40.9",",,0,04,","33.9",",0,11,+","0.0","0","0.0",",0","56.8",",,,0","0",",,,0","24.00",",0","29.87",",,,0","18.13",",,,0"
"USC00346130","1992-09","35.778","-95.3338","157.9","MUSKOGEE, OK US","","","126.5",",0","10",",0","9",",0","3",",0","0",",0","0",",0","0",",0","0",",0","0",",0","30",",0","2",",0","","","19920930","+,,0","19920930","+,,0","19920930","+,,0","3","","19920919",",,0","19920910","+,,0","7.8",",0,30,+","0",",,0,30,+","0",",,0,30,+","104.1",",,0,19,","32.2",",0,10,+","10.5","0","10.5",",0","233.1",",,,0","0",",,,0","22.20",",0","27.89",",,,0","16.51",",,,0"
"USC00346130","1992-10","35.778","-95.3338","157.9","MUSKOGEE, OK US","","","15.1",",0","3",",0","3",",0","0",",0","0",",0","0",",0","0",",0","0",",0","0",",0","24",",0","0",",0","","","19921009",",,0","19921031","+,,0","19921031","+,,0","3","","19921028",",,0","19921013",",,0","3.3",",0,09,","0",",,0,31,+","0",",,0,31,+","21.3",",,0,28,","30.6",",0,13,","71.2","0","60.7",",0","29.6",",,,0","0",",,,0","16.86",",0","24.03",",,,0","9.69",",,,0"
"USC00346130","1992-11","35.778","-95.3338","157.9","MUSKOGEE, OK US","","","0.0",",0","10",",0","8",",0","3",",0","0",",0","0","1,0","0",",0","8",",0","0",",0","2",",0","0",",0","","","19921128",",,0","19921130","+,,0","19921130","+,1,0","2","","19921110",",,0","19921102",",,0","-5.0",",0,28,","0",",,0,30,+","0","1,,0,30,+","51.1",",,0,10,","23.9",",0,02,","341.3","0","270.1",",0","193.0",",,,0","0","1,,,0","9.33",",0","13.96",",,,0","4.70",",,,0"
"USC00346130","1992-12","35.778","-95.3338","157.9","MUSKOGEE, OK US","","","1.1",",0","","","","","","","0","2,0","2",",0","0",",0","17",",0","0",",0","1",",0","0",",0","","","19921231",",,0","19921231","+,2,0","19921216","+,,0","","","","","19921230",",,0","-7.8",",0,31,","0","2,,0,31,+","51",",,0,16,+","","","21.1",",0,30,","743.6","0","402.3",",0","","","102",",,,0","5.39",",0","10.03",",,,0","0.76",",,,0"
"USC00346130","1993-01","35.778","-95.3338","157.9","MUSKOGEE, OK US","0.0","0","0.0",",0","7",",0","4",",0","2",",0","0",",0","0",",0","0",",0","24",",0","1",",0","0",",0","0",",0","","","19930113",",,0","19930131","+,,0","19930131","+,,0","","","19930120","+,,0","19930103",",,0","-7.2",",0,13,","0",",,0,31,+","0",",,0,31,+","26.2",",,0,20,+","18.3",",0,03,","1192.6","0","449.0",",0","80.5",",,,0","0",",,,0","3.85",",0","9.23",",,,0","-1.53",",,,0"
"USC00346130","1993-02","35.778","-95.3338","157.9","MUSKOGEE, OK US","0.0","0","0.0",",0","","","","","","","","","","","0",",0","16",",0","2",",0","0",",0","0",",0","3","","19930218",",,0","","","","","","","","","19930208",",,0","-12.8",",0,18,","","","","","","","20.6",",0,08,","1582.8","0","390.2",",0","","","","","4.40",",0","9.51",",,,0","-0.71",",,,0"
"USC00346130","1993-03","35.778","-95.3338","157.9","MUSKOGEE, OK US","2.5","0","2.5",",0","11",",0","8",",0","2",",0","0",",0","0",",0","0",",0","5",",0","0",",0","10",",0","0",",0","","","19930314",",,0","19930331","+,,0","19930331","+,,0","1","","19930330","+,,0","19930309",",,0","-7.2",",0,14,","0",",,0,31,+","0",",,0,31,+","28.7",",,0,30,+","26.7",",0,09,","1842.5","0","259.7",",0","121.1",",,,0","0",",,,0","10.04",",0","15.95",",,,0","4.12",",,,0"
"USC00346130","1993-04","35.778","-95.3338","157.9","MUSKOGEE, OK US","22.8","0","20.3",",0","","","","","","","0",",0","0",",0","0",",0","1",",0","0",",0","17",",0","0",",0","","","19930402",",,0","19930430","+,,0","19930430","+,,0","","","","","19930412","+,,0","-1.1",",0,02,","0",",,0,30,+","0",",,0,30,+","","","27.8",",0,12,+","1974.8","0","132.3",",0","","","0",",,,0","14.60",",0","20.63",",,,0","8.57",",,,0"
"USC00346130","1993-05","35.778","-95.3338","157.9","MUSKOGEE, OK US","95.0","0","72.2",",0","","","","","","","0",",0","0",",0","0",",0","0",",0","0",",0","24",",0","0",",0","2","","19930514",",,0","19930531","+,,0","19930531","+,,0","1","","","","19930530",",,0","7.2",",0,14,","0",",,0,31,+","0",",,0,31,+","","","30.0",",0,30,","2001.7","0","26.9",",0","","","0",",,,0","19.80",",0","25.06",",,,0","14.53",",,,0"
"USC00346130","1993-06","35.778","-95.3338","157.9","MUSKOGEE, OK US","285.3","0","190.3","1,0","10",",0","8",",0","1",",0","0",",0","0",",0","0",",0","0",",0","0","1,0","29","1,0","5","1,0","","","19930601",",,0","19930630","+,,0","19930630","+,,0","1","","19930621",",,0","19930630","+,1,0","11.7",",0,01,","0",",,0,30,+","0",",,0,30,+","31.2",",,0,21,","32.8","1,0,30,+","2001.7","0","0.0","1,0","104.3",",,,0","0",",,,0","24.90","1,0","29.79","1,,,0","20.00",",,,0"
"USC00346130","1993-07","35.778","-95.3338","157.9","MUSKOGEE, OK US","632.4","0","347.1",",0","2",",0","1",",0","0",",0","0",",0","0",",0","0",",0","0",",0","0",",0","31",",0","27",",0","","","19930710",",,0","19930731","+,,0","19930731","+,,0","","","19930714",",,0","19930731",",,0","20.6",",0,10,","0",",,0,31,+","0",",,0,31,+","2.5",",,0,14,","40.0",",0,31,","0.0","0","0.0",",0","3.3",",,,0","0",",,,0","29.53",",0","35.15",",,,0","23.91",",,,0"
"USC00346130","1993-08","35.778","-95.3338","157.9","MUSKOGEE, OK US","983.0","0","350.6",",0","","","","","","","0",",0","0",",0","0",",0","0",",0","0",",0","31",",0","25",",0","","","19930807",",,0","19930831","+,,0","19930831","+,,0","2","","","","19930814",",,0","14.4",",0,07,","0",",,0,31,+","0",",,0,31,+","","","41.7",",0,14,","0.0","0","0.0",",0","","","0",",,,0","29.64",",0","36.53",",,,0","22.75",",,,0"
"USC00346130","1993-09","35.778","-95.3338","157.9","MUSKOGEE, OK US","1102.0","0","119.0",",0","11",",0","9",",0","4",",0","0",",0","0",",0","0",",0","0",",0","0",",0","28",",0","2",",0","2","","19930915",",,0","19930930","+,,0","19930930","+,,0","2","","19930913",",,0","19930902",",,0","6.1",",0,15,","0",",,0,30,+","0",",,0,30,+","189.7",",,0,13,","33.9",",0,02,","18.1","0","18.1",",0","323.9",",,,0","0",",,,0","21.70",",0","28.12",",,,0","15.28",",,,0"
"USC00346130","1993-10","35.778","-95.3338","157.9","MUSKOGEE, OK US","1122.3","0","20.3",",0","","","","","","","","","","","0",",0","3",",0","0",",0","17",",0","0",",0","","","19931031","+,,0","","","","","","","","","19931001",",,0","-3.3",",0,31,+","","","","","","","28.9",",0,01,","142.4","0","124.3",",0","","","","","14.98",",0","21.59",",,,0","8.37",",,,0"
"USC00346130","1993-11","35.778","-95.3338","157.9","MUSKOGEE, OK US","1122.3","0","0.0","2,0","7",",0","7",",0","1",",0","0","1,0","0",",0","0",",0","11",",0","1","2,0","3","2,0","0","2,0","1","","19931127","+,,0","19931130","+,1,0","19931125",",,0","","","19931114",",,0","19931105","+,2,0","-8.3",",0,27,+","0","1,,0,30,+","8",",,0,25,","50.8",",,0,14,","22.2","2,0,05,+","445.4","0","303.0","2,0","98.0",",,,0","8",",,,0","7.58","2,0","14.26","2,,,0","0.90",",,,0"
"USC00346130","1993-12","35.778","-95.3338","157.9","MUSKOGEE, OK US","1122.3","0","0.0","1,0","6",",0","6",",0","0",",0","0",",0","0",",0","0",",0","15",",0","0","1,0","1","1,0","0","1,0","","","19931223",",,0","19931231","+,,0","19931231","+,,0","","","19931214","+,,0","19931209",",1,0","-7.8",",0,23,","0",",,0,31,+","0",",,0,31,+","24.6",",,0,14,+","23.3","1,0,09,","796.3","0","350.9","1,0","89.3",",,,0","0",",,,0","6.65","1,0","12.33","1,,,0","0.96",",,,0"
"USC00346130","1994-01","35.778","-95.3338","157.9","MUSKOGEE, OK US","0.0","0","0.0","1,0","3",",0","2",",0","1",",0","0","3,0","0","1,0","0",",0","24",",0","4","1,0","0","1,0","0","1,0","","","19940119","+,,0","19940131","+,3,0","19940131","+,1,0","","","19940126",",,0","19940125",",1,0","-11.1",",0,19,+","0","3,,0,31,+","0","1,,0,31,+","49.3",",,0,26,","19.4","1,0,25,","1273.3","0","477.0","1,0","54.6",",,,0","0","1,,,0","2.45","1,0","7.33","1,,,0","-2.42",",,,0"
"USC00346130","1994-02","35.778","-95.3338","157.9","MUSKOGEE, OK US","0.0","0","0.0","2,0","","","","","","","","","0",",0","0","1,0","17","1,0","1","1,0","0","1,0","0","1,0","1","","19940209",",1,0","","","19940209",",,0","","","","","19940218","+,1,0","-12.2","1,0,09,","","","3",",,0,09,","","","20.6","1,0,18,+","1607.3","0","334.0","1,0","","","3",",,,0","5.52","2,0","11.88","1,,,0","-0.84","1,,,0"
"USC00346130","1994-03","35.778","-95.3338","157.9","MUSKOGEE, OK US","10.3","0","10.3","2,0","","","","","","","","","","","0","2,0","6","2,0","0","2,0","14","2,0","0","2,0","1","","19940310",",2,0","","","","","1","","","","19940320",",2,0","-3.3","2,0,10,","","","","","","","30.6","2,0,20,","1800.1","0","192.8","2,0","","","","","12.04","2,0","19.23","2,,,0","4.84","2,,,0"
"USC00346130","1994-04","35.778","-95.3338","157.9","MUSKOGEE, OK US","50.8","0","40.5",",0","9",",0","7",",0","2",",0","0",",0","0",",0","0",",0","1",",0","0",",0","22",",0","0",",0","","","19940406",",,0","19940430","+,,0","19940430","+,,0","1","","19940412","+,,0","19940413",",,0","0.0",",0,06,","0",",,0,30,+","0",",,0,30,+","43.9",",,0,12,+","29.4",",0,13,","1881.6","0","81.5",",0","147.5",",,,0","0",",,,0","16.97",",0","23.51",",,,0","10.42",",,,0"
"USC00346130","1994-05","35.778","-95.3338","157.9","MUSKOGEE, OK US","125.2","0","74.4",",0","12",",0","9",",0","3",",0","0",",0","0",",0","0",",0","0",",0","0",",0","27",",0","0",",0","","","19940508","+,,0","19940531","+,,0","19940531","+,,0","","","19940503","+,,0","19940531",",,0","6.7",",0,08,+","0",",,0,31,+","0",",,0,31,+","29.0",",,0,03,+","31.7",",0,31,","1909.4","0","27.8",",0","156.1",",,,0","0",",,,0","19.84",",0","25.70",",,,0","13.97",",,,0"
"USC00346130","1994-06","35.778","-95.3338","157.9","MUSKOGEE, OK US","378.8","0","253.6","1,0","4",",0","3",",0","2",",0","0",",0","0",",0","0",",0","0",",0","0","1,0","29","1,0","20","1,0","","","19940610","+,,0","19940630","+,,0","19940630","+,,0","3","","19940606",",,0","19940630","+,1,0","17.8",",0,10,+","0",",,0,30,+","0",",,0,30,+","27.7",",,0,06,","37.2","1,0,30,+","1909.4","0","0.0","1,0","60.3",",,,0","0",",,,0","27.04","1,0","32.94","1,,,0","21.14",",,,0"
"USC00346130","1994-07","35.778","-95.3338","157.9","MUSKOGEE, OK US","633.9","0","255.1",",0","7",",0","7",",0","1",",0","0",",0","0",",0","0",",0","0",",0","0",",0","31",",0","22",",0","3","","19940730",",,0","19940731","+,,0","19940731","+,,0","","","19940720",",,0","19940702","+,,0","15.0",",0,30,","0",",,0,31,+","0",",,0,31,+","36.3",",,0,20,","37.2",",0,02,+","0.0","0","0.0",",0","130.1",",,,0","0",",,,0","26.56",",0","32.71",",,,0","20.42",",,,0"
"USC00346130","1994-08","35.778","-95.3338","157.9","MUSKOGEE, OK US","873.1","0","239.2",",0","","","","","","","0",",0","0",",0","0",",0","0",",0","0",",0","31",",0","20",",0","","","19940818","+,,0","19940831","+,,0","19940831","+,,0","2","","","","19940820","+,,0","13.3",",0,18,+","0",",,0,31,+","0",",,0,31,+","","","35.0",",0,20,+","0.0","0","0.0",",0","","","0",",,,0","26.05",",0","32.68",",,,0","19.42",",,,0"
"USC00346130","1994-09","35.778","-95.3338","157.9","MUSKOGEE, OK US","992.5","0","119.4","2,0","5",",0","3",",0","1",",0","0",",0","0",",0","0","2,0","0","2,0","0","1,0","28","1,0","5","1,0","","","19940925",",2,0","19940930","+,,0","19940930","+,,0","","","19940916",",,0","19940930","+,1,0","8.3","2,0,25,","0",",,0,30,+","0",",,0,30,+","50.8",",,0,16,","33.3","1,0,30,+","8.4","0","8.4","1,0","91.8",",,,0","0",",,,0","22.25","2,0","28.46","1,,,0","16.05","2,,,0"
"USC00346130","1994-10","35.778","-95.3338","157.9","MUSKOGEE, OK US","1039.4","0","46.9",",0","7",",0","5",",0","1",",0","0",",0","0",",0","0",",0","4",",0","0",",0","23",",0","0",",0","1","","19941026",",,0","19941031","+,,0","19941031","+,,0","","","19941008",",,0","19941006",",,0","-0.6",",0,26,","0",",,0,31,+","0",",,0,31,+","36.1",",,0,08,","31.1",",0,06,","73.3","0","64.9",",0","59.8",",,,0","0",",,,0","17.75",",0","24.12",",,,0","11.39",",,,0"
"USC00346130","1994-11","35.778","-95.3338","157.9","MUSKOGEE, OK US","1041.1","0","1.7",",0","8",",0","7",",0","2",",0","0",",0","0",",0","0",",0","4",",0","0",",0","7",",0","0",",0","1","","19941130",",,0","19941130","+,,0","19941130","+,,0","","","19941105",",,0","19941103",",,0","-2.8",",0,30,","0",",,0,30,+","0",",,0,30,+","55.1",",,0,05,","24.4",",0,03,","280.6","0","207.3",",0","160.1",",,,0","0",",,,0","11.48",",0","16.48",",,,0","6.48",",,,0"
"USC00346130","1994-12","35.778","-95.3338","157.9","MUSKOGEE, OK US","1041.1","0","0.0","3,0","","","","","","","0",",0","0",",0","0","2,0","13","2,0","0","2,0","0","2,0","0","2,0","6","","19941211",",2,0","19941231","+,,0","19941231","+,,0","","","","","19941203",",2,0","-6.1","2,0,11,","0",",,0,31,+","0",",,0,31,+","","","20.6","2,0,03,","619.4","0","338.8","2,0","","","0",",,,0","6.45","3,0","11.53","2,,,0","1.37","2,,,0"
"USC00346130","1995-01","35.778","-95.3338","157.9","MUSKOGEE, OK US","0.0","0","0.0",",0","7","1,0","6","1,0","0","1,0","","","","","0",",0","21",",0","1",",0","3",",0","0",",0","","","19950105","+,,0","","","","","","","19950118",",1,0","19950111",",,0","-10.0",",0,05,+","","","","","22.4","1,,0,18,","22.8",",0,11,","1036.1","0","416.7",",0","77.1","1,,,0","","","4.89",",0","10.72",",,,0","-0.93",",,,0"
"USC00346130","1995-02","35.778","-95.3338","157.9","MUSKOGEE, OK US","0.0","0","0.0","1,0","3","1,0","2","1,0","1","1,0","0","1,0","0",",0","0","1,0","14","1,0","1",",0","6",",0","0",",0","1","","19950212",",1,0","19950228","+,1,0","19950214",",,0","","","19950227",",1,0","19950222","+,,0","-7.2","1,0,12,","0","1,,0,28,+","5",",,0,14,","29.2","1,,0,27,","23.9",",0,22,+","1329.5","0","293.4",",0","33.5","1,,,0","5",",,,0","7.41","1,0","13.90",",,,0","0.93","1,,,0"
"USC00346130","1995-03","35.778","-95.3338","157.9","MUSKOGEE, OK US","16.6","0","16.6",",0","9","1,0","8","1,0","1","1,0","0","3,0","1",",0","0",",0","6",",0","1",",0","13",",0","1",",0","","","19950308",",,0","19950331","+,3,0","19950301",",,0","","","19950307",",1,0","19950322",",,0","-8.9",",0,08,","0","3,,0,31,+","25",",,0,01,","30.0","1,,0,07,","33.9",",0,22,","1548.3","0","218.8",",0","62.2","1,,,0","51",",,,0","11.81",",0","17.69",",,,0","5.94",",,,0"
"USC00346130","1995-04","35.778","-95.3338","157.9","MUSKOGEE, OK US","37.3","0","20.7","1,0","","","","","","","0",",0","0",",0","0","1,0","0","1,0","0","1,0","20","1,0","0","1,0","1","","19950424",",1,0","19950430","+,,0","19950430","+,,0","","","","","19950409",",1,0","1.7","1,0,24,","0",",,0,30,+","0",",,0,30,+","","","28.9","1,0,09,","1634.3","0","86.0","1,0","","","0",",,,0","16.08","1,0","22.07","1,,,0","10.09","1,,,0"
"USC00346130","1995-05","35.778","-95.3338","157.9","MUSKOGEE, OK US","100.0","0","62.7","1,0","","","","","","","0",",0","0",",0","0","1,0","0","1,0","0",",0","27",",0","1",",0","1","","19950502",",1,0","19950531","+,,0","19950531","+,,0","1","","","","19950513",",,0","5.0","1,0,02,","0",",,0,31,+","0",",,0,31,+","","","32.2",",0,13,","1663.5","0","29.2",",0","","","0",",,,0","19.53","1,0","24.59",",,,0","14.47","1,,,0"
"USC00346130","1995-06","35.778","-95.3338","157.9","MUSKOGEE, OK US","257.7","0","157.7",",0","","","","","","","0",",0","0",",0","0",",0","0",",0","0",",0","30",",0","1",",0","","","19950613",",,0","19950630","+,,0","19950630","+,,0","1","","","","19950621",",,0","12.2",",0,13,","0",",,0,30,+","0",",,0,30,+","","","32.8",",0,21,","1663.5","0","0.0",",0","","","0",",,,0","23.59",",0","28.89",",,,0","18.29",",,,0"
"USC00346130","1995-07","35.778","-95.3338","157.9","MUSKOGEE, OK US","543.7","0","286.0","1,0","7","2,0","6","2,0","3","2,0","0",",0","0",",0","0","1,0","0","1,0","0",",0","31",",0","27",",0","","","19950702","+,1,0","19950731","+,,0","19950731","+,,0","2","","19950723",",2,0","19950703",",,0","16.7","1,0,02,+","0",",,0,31,+","0",",,0,31,+","70.1","2,,0,23,","37.2",",0,03,","0.0","0","0.0",",0","167.7","2,,,0","0",",,,0","27.89","1,0","33.75",",,,0","22.02","1,,,0"
"USC00346130","1995-08","35.778","-95.3338","157.9","MUSKOGEE, OK US","868.4","0","324.7",",0","1",",0","1",",0","0",",0","0",",0","0",",0","0",",0","0",",0","0",",0","31",",0","29",",0","","","19950826","+,,0","19950831","+,,0","19950831","+,,0","","","19950806",",,0","19950830","+,,0","17.8",",0,26,+","0",",,0,31,+","0",",,0,31,+","3.0",",,0,06,","37.2",",0,30,+","0.0","0","0.0",",0","3.0",",,,0","0",",,,0","28.81",",0","35.04",",,,0","22.57",",,,0"
"USC00346130","1995-09","35.778","-95.3338","157.9","MUSKOGEE, OK US","1013.7","0","145.3",",0","","","","","","","0",",0","0",",0","0",",0","0",",0","0",",0","24",",0","7",",0","","","19950923",",,0","19950930","+,,0","19950930","+,,0","2","","","","19950904","+,,0","2.8",",0,23,","0",",,0,30,+","0",",,0,30,+","","","37.2",",0,04,+","35.6","0","35.6",",0","","","0",",,,0","21.99",",0","27.85",",,,0","16.12",",,,0"
"USC00346130","1995-10","35.778","-95.3338","157.9","MUSKOGEE, OK US","1035.7","0","22.0",",0","5","1,0","4","1,0","0","1,0","0",",0","0",",0","0",",0","0",",0","0",",0","23",",0","0",",0","","","19951021",",,0","19951031","+,,0","19951031","+,,0","4","","19951031",",1,0","19951010",",,0","1.7",",0,21,","0",",,0,31,+","0",",,0,31,+","12.4","1,,0,31,","29.4",",0,10,","103.1","0","67.5",",0","33.0","1,,,0","0",",,,0","16.86",",0","24.13",",,,0","9.60",",,,0"
"USC00346130","1995-11","35.778","-95.3338","157.9","MUSKOGEE, OK US","1038.8","0","3.1",",0","","","","","","","","","","","0",",0","10",",0","0",",0","8",",0","0",",0","1","","19951129",",,0","","","","","1","","","","19951110",",,0","-6.7",",0,29,","","","","","","","27.8",",0,10,","352.4","0","249.3",",0","","","","","10.13",",0","17.54",",,,0","2.71",",,,0"
"USC00346130","1995-12","35.778","-95.3338","157.9","MUSKOGEE, OK US","1038.8","0","0.0","1,0","8",",0","4",",0","1",",0","0",",0","0","1,0","0",",0","15",",0","1","1,0","3","1,0","0","1,0","","","19951211","+,,0","19951231","+,,0","19951231","+,1,0","","","19951218",",,0","19951202",",1,0","-12.2",",0,11,+","0",",,0,31,+","0","1,,0,31,+","32.8",",,0,18,","24.4","1,0,02,","744.3","0","391.9","1,0","59.0",",,,0","0","1,,,0","5.33","1,0","10.83","1,,,0","-0.18",",,,0"
"USC00346130","1996-01","35.778","-95.3338","157.9","MUSKOGEE, OK US","0.0","0","0.0","1,0","","","","","","","","","","","0","1,0","23","1,0","6",",0","3",",0","0",",0","","","19960119",",1,0","","","","","2","","","","19960113",",,0","-15.0","1,0,19,","","","","","","","22.2",",0,13,","1222.5","0","478.2",",0","","","","","2.59","1,0","9.35",",,,0","-4.17","1,,,0"
"USC00346130","1996-02","35.778","-95.3338","157.9","MUSKOGEE, OK US","2.2","0","2.2",",0","2",",0","0",",0","0",",0","1","5,0","0","2,0","1",",0","14",",0","4",",0","13",",0","1",",0","","","19960204",",,0","19960201",",5,0","19960229","+,2,0","","","19960202","+,,0","19960222",",,0","-20.0",",0,04,","25","5,,0,01,","0","2,,0,29,+","1.0",",,0,02,+","32.2",",0,22,","1552.7","0","330.2",",0","2.0",",,,0","0","2,,,0","7.02",",0","14.75",",,,0","-0.70",",,,0"
"USC00346130","1996-03","35.778","-95.3338","157.9","MUSKOGEE, OK US","3.9","0","1.7",",0","","","","","","","0",",0","0",",0","0",",0","15",",0","2",",0","7",",0","0",",0","","","19960309","+,,0","19960331","+,,0","19960331","+,,0","1","","","","19960324",",,0","-13.3",",0,09,+","0",",,0,31,+","0",",,0,31,+","","","25.6",",0,24,","1858.0","0","305.3",",0","","","0",",,,0","8.54",",0","15.63",",,,0","1.45",",,,0"
"USC00346130","1996-04","35.778","-95.3338","157.9","MUSKOGEE, OK US","26.7","0","22.8",",0","","","","","","","0",",0","0",",0","0",",0","1",",0","0",",0","22",",0","2",",0","","","19960406",",,0","19960430","+,,0","19960430","+,,0","","","","","19960420","+,,0","-1.1",",0,06,","0",",,0,30,+","0",",,0,30,+","","","32.2",",0,20,+","1957.9","0","99.9",",0","","","0",",,,0","15.76",",0","23.67",",,,0","7.86",",,,0"
"USC00346130","1996-05","35.778","-95.3338","157.9","MUSKOGEE, OK US","168.9","0","142.2",",0","","","","","","","0",",0","0",",0","0",",0","0",",0","0",",0","28",",0","0",",0","","","19960501",",,0","19960531","+,,0","19960531","+,,0","2","","","","19960524","+,,0","1.7",",0,01,","0",",,0,31,+","0",",,0,31,+","","","31.1",",0,24,+","1970.7","0","12.8",",0","","","0",",,,0","22.51",",0","27.40",",,,0","17.62",",,,0"
"USC00346130","1996-06","35.778","-95.3338","157.9","MUSKOGEE, OK US","364.8","0","195.9","1,0","","","","","","","0",",0","0",",0","0","1,0","0","1,0","0","1,0","29","1,0","12","1,0","","","19960610",",1,0","19960630","+,,0","19960630","+,,0","1","","","","19960617",",1,0","13.3","1,0,10,","0",",,0,30,+","0",",,0,30,+","","","35.6","1,0,17,","1970.7","0","0.0","1,0","","","0",",,,0","25.09","1,0","30.75","1,,,0","19.42","1,,,0"
"USC00346130","1996-07","35.778","-95.3338","157.9","MUSKOGEE, OK US","630.0","0","265.2",",0","9",",0","9",",0","4",",0","0",",0","0",",0","0",",0","0",",0","0",",0","31",",0","18",",0","1","","19960726","+,,0","19960731","+,,0","19960731","+,,0","","","19960730","+,,0","19960706",",,0","17.2",",0,26,+","0",",,0,31,+","0",",,0,31,+","49.8",",,0,30,+","38.3",",0,06,","0.0","0","0.0",",0","228.5",",,,0","0",",,,0","26.89",",0","32.26",",,,0","21.51",",,,0"
"USC00346130","1996-08","35.778","-95.3338","157.9","MUSKOGEE, OK US","851.0","0","221.0","3,0","9",",0","7",",0","0",",0","0",",0","0",",0","0","3,0","0","3,0","0","1,0","30","1,0","8","1,0","1","","19960813",",3,0","19960831","+,,0","19960831","+,,0","2","","19960818","+,,0","19960807",",1,0","17.8","3,0,13,","0",",,0,31,+","0",",,0,31,+","13.5",",,0,18,+","33.9","1,0,07,","0.0","0","0.0","1,0","74.5",",,,0","0",",,,0","26.17","3,0","31.27","1,,,0","21.08","3,,,0"
"USC00346130","1996-09","35.778","-95.3338","157.9","MUSKOGEE, OK US","956.1","0","105.1",",0","","","","","","","0",",0","0",",0","0",",0","0",",0","0",",0","29",",0","4",",0","2","","19960929","+,,0","19960930","+,,0","19960930","+,,0","5","","","","19960911",",,0","5.6",",0,29,+","0",",,0,30,+","0",",,0,30,+","","","32.8",",0,11,","15.8","0","15.8",",0","","","0",",,,0","21.31",",0","27.50",",,,0","15.12",",,,0"
"USC00346130","1996-10","35.778","-95.3338","157.9","MUSKOGEE, OK US","976.7","0","20.6","2,0","","","","","","","0",",0","0",",0","0","1,0","0","1,0","0","1,0","23","1,0","0","1,0","1","","19961018",",1,0","19961031","+,,0","19961031","+,,0","","","","","19961016","+,1,0","2.8","1,0,18,","0",",,0,31,+","0",",,0,31,+","","","27.8","1,0,16,+","81.2","0","65.4","1,0","","","0",",,,0","16.91","2,0","23.14","1,,,0","10.67","1,,,0"
"USC00346130","1996-11","35.778","-95.3338","157.9","MUSKOGEE, OK US","976.7","0","0.0",",0","","","","","","","","","","","0",",0","9",",0","2",",0","2",",0","0",",0","1","","19961126",",,0","","","","","1","","","","19961105",",,0","-5.0",",0,26,","","","","","","","24.4",",0,05,","387.1","0","305.9",",0","","","","","8.14",",0","13.20",",,,0","3.08",",,,0"
"USC00346130","1996-12","35.778","-95.3338","157.9","MUSKOGEE, OK US","976.7","0","0.0","2,0","","","","","","","0",",0","0",",0","0","2,0","12","2,0","2","2,0","2","2,0","0","2,0","1","","19961219",",2,0","19961231","+,,0","19961231","+,,0","","","","","19961210",",2,0","-11.1","2,0,19,","0",",,0,31,+","0",",,0,31,+","","","21.7","2,0,10,","712.2","0","325.1","2,0","","","0",",,,0","7.12","2,0","13.23","2,,,0","1.02","2,,,0"
"USC00346130","1997-01","35.778","-95.3338","157.9","MUSKOGEE, OK US","0.5","0","0.5",",0","","","","","","","","","","","0",",0","20",",0","5",",0","3",",0","0",",0","1","","19970128",",,0","","","","","","","","","19970104","+,,0","-15.0",",0,28,","","","","","","","23.3",",0,04,+","1179.4","0","467.2",",0","","","","","3.28",",0","9.13",",,,0","-2.58",",,,0"
"USC00346130","1997-02","35.778","-95.3338","157.9","MUSKOGEE, OK US","0.5","0","0.0",",0","","","","","","","0",",0","","","0",",0","10",",0","0",",0","3",",0","0",",0","","","19970215",",,0","19970228","+,,0","","","","","","","19970201",",,0","-10.6",",0,15,","0",",,0,28,+","","","","","22.2",",0,01,","1476.4","0","297.0",",0","","","","","7.73",",0","12.88",",,,0","2.58",",,,0"
"USC00346130","1997-03","35.778","-95.3338","157.9","MUSKOGEE, OK US","4.4","0","3.9",",0","","","","","","","0",",0","0",",0","0",",0","7",",0","0",",0","14",",0","0",",0","1","","19970316","+,,0","19970331","+,,0","19970331","+,,0","2","","","","19970321",",,0","-2.8",",0,16,+","0",",,0,31,+","0",",,0,31,+","","","31.1",",0,21,","1658.0","0","181.6",",0","","","0",",,,0","12.60",",0","20.30",",,,0","4.90",",,,0"
"USC00346130","1997-04","35.778","-95.3338","157.9","MUSKOGEE, OK US","10.5","0","6.1","1,0","","","","","","","0",",0","0",",0","0","1,0","3","1,0","0",",0","17",",0","0",",0","","","19970413",",1,0","19970430","+,,0","19970430","+,,0","","","","","19970421","+,,0","-2.2","1,0,13,","0",",,0,30,+","0",",,0,30,+","","","28.3",",0,21,+","1781.5","0","123.5",",0","","","0",",,,0","14.22","1,0","20.72",",,,0","7.71","1,,,0"
"USC00346130","1997-05","35.778","-95.3338","157.9","MUSKOGEE, OK US","72.0","0","61.5",",0","","","","","","","0",",0","0",",0","0",",0","0",",0","0",",0","31",",0","0",",0","","","19970504",",,0","19970531","+,,0","19970531","+,,0","2","","","","19970526",",,0","5.6",",0,04,","0",",,0,31,+","0",",,0,31,+","","","31.1",",0,26,","1794.0","0","12.5",",0","","","0",",,,0","19.91",",0","26.41",",,,0","13.42",",,,0"
"USC00346130","1997-06","35.778","-95.3338","157.9","MUSKOGEE, OK US","","","","","","","","","","","0",",0","0",",0","","","","","0",",0","29",",0","10",",0","1","","","","19970630","+,,0","19970630","+,,0","2","","","","19970625",",,0","","","0",",,0,30,+","0",",,0,30,+","","","33.3",",0,25,","","","","","","","0",",,,0","","","29.30",",,,0","",""
"USC00346130","1997-07","35.778","-95.3338","157.9","MUSKOGEE, OK US","","","302.9",",0","","","","","","","0",",0","0",",0","0",",0","0",",0","0",",0","31",",0","27",",0","","","19970705",",,0","19970731","+,,0","19970731","+,,0","2","","","","19970730","+,,0","14.4",",0,05,","0",",,0,31,+","0",",,0,31,+","","","37.2",",0,30,+","0.0","0","0.0",",0","","","0",",,,0","28.10",",0","33.86",",,,0","22.35",",,,0"
"USC00346130","1997-08","35.778","-95.3338","157.9","MUSKOGEE, OK US","","","231.3",",0","","","","","","","0","1,0","0",",0","0",",0","0",",0","0",",0","31",",0","11",",0","","","19970807",",,0","19970831","+,1,0","19970831","+,,0","3","","","","19970816","+,,0","14.4",",0,07,","0","1,,0,31,+","0",",,0,31,+","","","35.6",",0,16,+","0.6","0","0.6",",0","","","0",",,,0","25.77",",0","31.09",",,,0","20.46",",,,0"
"USC00346130","1997-09","35.778","-95.3338","157.9","MUSKOGEE, OK US","","","158.0",",0","","","","","","","0",",0","0",",0","0",",0","0",",0","0",",0","29",",0","9",",0","","","19970930","+,,0","19970930","+,,0","19970930","+,,0","","","","","19970920","+,,0","9.4",",0,30,+","0",",,0,30,+","0",",,0,30,+","","","34.4",",0,20,+","1.7","0","1.1",",0","","","0",",,,0","23.56",",0","29.47",",,,0","17.65",",,,0"
"USC00346130","1997-10","35.778","-95.3338","157.9","MUSKOGEE, OK US","","","49.4","1,0","","","","","","","0",",0","0",",0","0","1,0","0","1,0","0","1,0","19","1,0","1","1,0","","","19971028",",1,0","19971031","+,,0","19971031","+,,0","2","","","","19971003",",1,0","2.2","1,0,28,","0",",,0,31,+","0",",,0,31,+","","","32.2","1,0,03,","94.6","0","92.9","1,0","","","0",",,,0","16.88","1,0","22.43","1,,,0","11.33","1,,,0"
"USC00346130","1997-11","35.778","-95.3338","157.9","MUSKOGEE, OK US","","","0.0",",0","","","","","","","0",",0","0",",0","0",",0","5",",0","0",",0","1",",0","0",",0","3","","19971116",",,0","19971130","+,,0","19971130","+,,0","","","","","19971127",",,0","-5.6",",0,16,","0",",,0,30,+","0",",,0,30,+","","","21.7",",0,27,","384.9","0","290.3",",0","","","0",",,,0","8.66",",0","13.18",",,,0","4.13",",,,0"
"USC00346130","1997-12","35.778","-95.3338","157.9","MUSKOGEE, OK US","","","0.0","1,0","7",",0","6",",0","3",",0","0","4,0","0",",0","0",",0","15",",0","0","1,0","0","1,0","0","1,0","","","19971206",",,0","19971231","+,4,0","19971210",",,0","","","19971223","+,,0","19971219",",1,0","-6.7",",0,06,","0","4,,0,31,+","13",",,0,10,","28.4",",,0,23,+","20.6","1,0,19,","800.9","0","416.0","1,0","103.8",",,,0","13",",,,0","4.52","1,0","8.75","1,,,0","0.28",",,,0"
"USC00346130","1998-01","35.778","-95.3338","157.9","MUSKOGEE, OK US","0.0","0","0.0",",0","8",",0","7",",0","1",",0","0",",0","1",",0","0",",0","15",",0","0",",0","0",",0","0",",0","2","","19980123","+,,0","19980121",",,0","19980107",",,0","","","19980103",",,0","19980103",",,0","-5.0",",0,23,+","0",",T,0,21,","25",",,0,07,","34.8",",,0,03,","18.9",",0,03,","1190.6","0","389.7",",0","100.2",",,,0","25",",,,0","5.76",",0","10.03",",,,0","1.49",",,,0"
"USC00346130","1998-02","35.778","-95.3338","157.9","MUSKOGEE, OK US","0.0","0","0.0",",0","3",",0","3",",0","0",",0","0",",0","0",",0","0",",0","6",",0","0",",0","1",",0","0",",0","","","19980207",",,0","19980228","+,,0","19980228","+,,0","","","19980225",",,0","19980224",",,0","-2.8",",0,07,","0",",,0,28,+","0",",,0,28,+","20.3",",,0,25,","21.1",",0,24,","1477.3","0","286.7",",0","28.4",",,,0","0",",,,0","8.09",",0","13.08",",,,0","3.11",",,,0"
"USC00346130","1998-03","35.778","-95.3338","157.9","MUSKOGEE, OK US","15.4","0","15.4","1,0","9","1,0","7","1,0","3","1,0","0",",0","0",",0","0","1,0","12","1,0","1",",0","8",",0","0",",0","","","19980312",",1,0","19980331","+,,0","19980308",",,0","2","","19980315",",1,0","19980328",",,0","-9.4","1,0,12,","0",",,0,31,+","0",",T,0,08,","37.3","1,,0,15,","28.9",",0,28,","1771.8","0","294.5",",0","150.0","1,,,0","0",",T,,0","9.27","1,0","14.72",",,,0","3.82","1,,,0"
"USC00346130","1998-04","35.778","-95.3338","157.9","MUSKOGEE, OK US","31.5","0","16.1","1,0","6","1,0","3","1,0","0","1,0","0",",0","0",",0","0","1,0","0","1,0","0",",0","17",",0","0",",0","","","19980421","+,1,0","19980430","+,,0","19980430","+,,0","2","","19980426",",1,0","19980425","+,,0","2.2","1,0,21,+","0",",,0,30,+","0",",,0,30,+","23.4","1,,0,26,","28.3",",0,25,+","1880.4","0","108.6",",0","37.7","1,,,0","0",",,,0","15.04","1,0","21.63",",,,0","8.45","1,,,0"
"USC00346130","1998-05","35.778","-95.3338","157.9","MUSKOGEE, OK US","173.9","0","142.4",",0","10",",0","6",",0","2",",0","0",",0","0",",0","0",",0","0",",0","0",",0","31",",0","6",",0","1","","19980502",",,0","19980531","+,,0","19980531","+,,0","2","","19980524",",,0","19980531",",,0","7.2",",0,02,","0",",,0,31,+","0",",,0,31,+","30.5",",,0,24,","34.4",",0,31,","1888.5","0","8.1",",0","93.4",",,,0","0",",,,0","22.66",",0","28.52",",,,0","16.81",",,,0"
"USC00346130","1998-06","35.778","-95.3338","157.9","MUSKOGEE, OK US","424.3","0","250.4",",0","6",",0","5",",0","2",",0","0",",0","0",",0","0",",0","0",",0","0",",0","29",",0","20",",0","","","19980606",",,0","19980630","+,,0","19980630","+,,0","7","","19980608",",,0","19980612","+,,0","8.3",",0,06,","0",",,0,30,+","0",",,0,30,+","65.8",",,0,08,","35.6",",0,12,+","1894.0","0","5.5",",0","134.6",",,,0","0",",,,0","26.50",",0","31.88",",,,0","21.11",",,,0"
"USC00346130","1998-07","35.778","-95.3338","157.9","MUSKOGEE, OK US","782.8","0","358.5","1,0","5",",0","3",",0","0",",0","0",",0","0",",0","0","1,0","0","1,0","0","1,0","30","1,0","28","1,0","","","19980717","+,1,0","19980731","+,,0","19980731","+,,0","","","19980711",",,0","19980730",",1,0","19.4","1,0,17,+","0",",,0,31,+","0",",,0,31,+","13.2",",,0,11,","41.7","1,0,30,","0.0","0","0.0","1,0","38.2",",,,0","0",",,,0","30.28","1,0","36.48","1,,,0","24.09","1,,,0"
"USC00346130","1998-08","35.778","-95.3338","157.9","MUSKOGEE, OK US","1107.5","0","324.7",",0","7",",0","2",",0","0",",0","0",",0","0",",0","0",",0","0",",0","0",",0","31",",0","27",",0","","","19980830","+,,0","19980831","+,,0","19980831","+,,0","","","19980819",",,0","19980802",",,0","18.3",",0,30,+","0",",,0,31,+","0",",,0,31,+","5.6",",,0,19,","41.7",",0,02,","0.0","0","0.0",",0","14.7",",,,0","0",",,,0","28.81",",0","35.99",",,,0","21.63",",,,0"
"USC00346130","1998-09","35.778","-95.3338","157.9","MUSKOGEE, OK US","1368.6","0","261.1",",0","7",",0","5",",0","2",",0","0",",0","0",",0","0",",0","0",",0","0",",0","30",",0","21",",0","","","19980909",",,0","19980930","+,,0","19980930","+,,0","","","19980913",",,0","19980904",",,0","11.1",",0,09,","0",",,0,30,+","0",",,0,30,+","116.8",",,0,13,","41.7",",0,04,","0.0","0","0.0",",0","190.6",",,,0","0",",,,0","27.04",",0","33.11",",,,0","20.97",",,,0"
"USC00346130","1998-10","35.778","-95.3338","157.9","MUSKOGEE, OK US","1407.5","0","38.9",",0","10",",0","6",",0","1",",0","","","0",",0","0",",0","0",",0","0",",0","23",",0","0",",0","","","19981021",",,0","","","19981031","+,,0","2","","19981005",",,0","19981004",",,0","3.3",",0,21,","","","0",",,0,31,+","64.0",",,0,05,","30.6",",0,04,","59.6","0","59.6",",0","117.5",",,,0","0",",,,0","17.66",",0","23.39",",,,0","11.94",",,,0"
"USC00346130","1998-11","35.778","-95.3338","157.9","MUSKOGEE, OK US","1408.4","0","0.9","2,0","8",",0","6",",0","1",",0","0",",0","0",",0","0","2,0","2","2,0","0","1,0","9","1,0","0","1,0","2","","19981110",",2,0","19981130","+,,0","19981130","+,,0","1","","19981129",",,0","19981128",",1,0","-1.1","2,0,10,","0",",,0,30,+","0",",,0,30,+","31.0",",,0,29,","23.3","1,0,28,","243.1","0","183.5","1,0","96.3",",,,0","0",",,,0","11.65","2,0","17.07","1,,,0","6.24","2,,,0"
"USC00346130","1998-12","35.778","-95.3338","157.9","MUSKOGEE, OK US","1409.0","0","0.6","1,0","7",",0","7",",0","1",",0","0",",0","0",",0","0","1,0","21","1,0","3",",0","6",",0","0",",0","4","","19981224","+,1,0","19981231","+,,0","19981231","+,,0","","","19981203",",,0","19981204",",,0","-11.1","1,0,24,+","0",",,0,31,+","0",",,0,31,+","28.4",",,0,03,","25.6",",0,04,","661.4","0","418.3",",0","77.7",",,,0","0",",,,0","4.64","1,0","10.77",",,,0","-1.49","1,,,0"
"USC00346130","1999-01","35.778","-95.3338","157.9","MUSKOGEE, OK US","0.0","","0.0",",0","7","2,0","5","2,0","1","2,0","0","5,0","0","2,0","0",",0","22",",0","5",",0","2",",0","0",",0","1","","19990103",",,0","19990131","+,5,0","19990131","+,2,0","","","19990130",",2,0","19990121",",,0","-12.8",",0,03,","0","5,,0,31,+","0","2,,0,31,+","29.0","2,,0,30,","22.2",",0,21,","1099.7","","438.3",",0","57.7","2,,,0","0","2,,,0","4.19",",0","10.07",",,,0","-1.69",",,,0"
"USC00346130","2000-04","35.778","-95.3338","157.9","MUSKOGEE, OK US","","","10.5",",0","9",",0","6",",0","1",",0","0",",0","0",",0","0",",0","1",",0","0",",0","17",",0","0",",0","","","20000403",",,0","20000430","+,,0","20000430","+,,0","3","","20000430",",,0","20000418",",,0","0.0",",0,03,","0",",,0,30,+","0",",,0,30,+","49.5",",,0,30,","29.4",",0,18,","","","112.5",",0","101.7",",,,0","0",",,,0","14.93",",0","21.48",",,,0","8.38",",,,0"
"USC00346130","2000-05","35.778","-95.3338","157.9","MUSKOGEE, OK US","","","110.8","1,0","10",",0","8",",0","2",",0","0",",0","0",",0","0","1,0","0","1,0","0",",0","29",",0","5",",0","1","","20000513",",1,0","20000531","+,,0","20000531","+,,0","6","","20000505",",,0","20000523",",,0","4.4","1,0,13,","0",",,0,31,+","0",",,0,31,+","53.1",",,0,05,","34.4",",0,23,","","","13.9",",0","162.8",",,,0","0",",,,0","21.58","1,0","27.07",",,,0","16.08","1,,,0"
"USC00346130","2000-06","35.778","-95.3338","157.9","MUSKOGEE, OK US","","","147.8",",0","15",",0","12",",0","5",",0","0",",0","0",",0","0",",0","0",",0","0",",0","30",",0","1",",0","2","","20000605",",,0","20000630","+,,0","20000630","+,,0","4","","20000620",",,0","20000623",",,0","8.9",",0,05,","0",",,0,30,+","0",",,0,30,+","95.3",",,0,20,","32.2",",0,23,","","","3.1",",0","316.0",",,,0","0",",,,0","23.16",",0","27.59",",,,0","18.73",",,,0"
"USC00346130","2000-07","35.778","-95.3338","157.9","MUSKOGEE, OK US","","","270.4",",0","5",",0","4",",0","0",",0","0",",0","0",",0","0",",0","0",",0","0",",0","31",",0","18",",0","1","","20000723",",,0","20000731","+,,0","20000731","+,,0","2","","20000720",",,0","20000716",",,0","15.6",",0,23,","0",",,0,31,+","0",",,0,31,+","14.7",",,0,20,","37.8",",0,16,","0.0","0","0.0",",0","38.3",",,,0","0",",,,0","27.05",",0","32.44",",,,0","21.67",",,,0"
"USC00346130","2000-08","35.778","-95.3338","157.9","MUSKOGEE, OK US","","","360.4",",0","0",",0","0",",0","0",",0","0",",0","0",",0","0",",0","0",",0","0",",0","31",",0","29",",0","","","20000801",",,0","20000831","+,,0","20000831","+,,0","","","20000831","+,,0","20000831",",,0","18.3",",0,01,","0",",,0,31,+","0",",,0,31,+","0.0",",,0,31,+","41.7",",0,31,","0.0","0","0.0",",0","0.0",",,,0","0",",,,0","29.96",",0","37.47",",,,0","22.44",",,,0"
"USC00346130","2000-09","35.778","-95.3338","157.9","MUSKOGEE, OK US","","","183.1",",0","5",",0","3",",0","1",",0","0",",0","0",",0","0",",0","0",",0","0",",0","28",",0","17",",0","1","","20000925",",,0","20000930","+,,0","20000930","+,,0","3","","20000923",",,0","20000901",",,0","3.9",",0,25,","0",",,0,30,+","0",",,0,30,+","40.1",",,0,23,","42.8",",0,01,","20.8","0","20.8",",0","51.3",",,,0","0",",,,0","23.74",",0","32.13",",,,0","15.36",",,,0"
"USC00346130","2000-10","35.778","-95.3338","157.9","MUSKOGEE, OK US","","","50.5","3,0","11",",0","8",",0","1",",0","0",",0","0",",0","0","3,0","4","3,0","0",",0","23",",0","3",",0","1","","20001010",",3,0","20001031","+,,0","20001031","+,,0","4","","20001022",",,0","20001004",",,0","-2.8","3,0,10,","0",",,0,31,+","0",",,0,31,+","32.8",",,0,22,","33.3",",0,04,","96.1","0","75.3",",0","148.1",",,,0","0",",,,0","17.68","3,0","23.75",",,,0","11.61","3,,,0"
"USC00346130","2000-11","35.778","-95.3338","157.9","MUSKOGEE, OK US","","","0.0","5,0","13",",0","8",",0","2",",0","1","1,0","0","1,0","0","2,0","16","2,0","0","4,0","2","4,0","0","4,0","1","","20001108",",2,0","20001108",",1,0","20001130","+,1,0","","","20001103",",,0","20001102","+,4,0","-9.4","2,0,08,","25","1,,0,08,","0","1,,0,30,+","34.0",",,0,03,","24.4","4,0,02,+","394.2","0","298.1","4,0","131.1",",,,0","0","1,,,0","6.50","5,0","12.36","4,,,0","0.64","2,,,0"
"USC00346130","2000-12","35.778","-95.3338","157.9","MUSKOGEE, OK US","","","0.0","1,0","6","1,0","3","1,0","0","1,0","0","2,0","","","0","1,0","29","1,0","11",",0","0",",0","0",",0","1","","20001221",",1,0","20001231","+,2,0","","","","","20001225",",1,0","20001207",",,0","-13.9","1,0,21,","0","2,,0,31,+","","","24.1","1,,0,25,","15.0",",0,07,","996.4","0","602.2",",0","54.6","1,,,0","","","-1.67","1,0","3.44",",,,0","-6.77","1,,,0"
"USC00346130","2001-01","35.778","-95.3338","157.9","MUSKOGEE, OK US","0.0","0","0.0",",0","8",",0","3",",0","1",",0","","","1",",0","0",",0","25",",0","3",",0","0",",0","0",",0","","","20010102","+,,0","","","20010116",",,0","","","20010128",",,0","20010126","+,,0","-13.9",",0,02,+","","","25",",,0,16,","60.2",",,0,28,","15.0",",0,26,+","1526.8","0","530.4",",0","75.2",",,,0","25",",,,0","1.22",",0","7.25",",,,0","-4.81",",,,0"
"USC00346130","2001-02","35.778","-95.3338","157.9","MUSKOGEE, OK US","0.0","0","0.0","1,0","12",",0","7",",0","2",",0","0",",0","0","2,0","0",",0","16",",0","0","1,0","1","1,0","0","1,0","","","20010201",",,0","20010228","+,,0","20010228","+,2,0","3","","20010223",",,0","20010208",",1,0","-7.2",",0,01,","0",",,0,28,+","0","2,,0,28,+","74.2",",,0,23,","22.2","1,0,08,","1878.2","0","351.4","1,0","171.1",",,,0","0","2,,,0","5.35","1,0","11.07","1,,,0","-0.38",",,,0"
"USC00346130","2001-03","35.778","-95.3338","157.9","MUSKOGEE, OK US","0.0","0","0.0",",0","7",",0","3",",0","0",",0","0",",0","0",",0","0",",0","8",",0","0",",0","3",",0","0",",0","","","20010316",",,0","20010331","+,,0","20010331","+,,0","","","20010311",",,0","20010322",",,0","-2.8",",0,16,","0",",,0,31,+","0",",,0,31,+","9.4",",,0,11,","25.6",",0,22,","2190.2","0","312.0",",0","16.3",",,,0","0",",,,0","8.27",",0","14.04",",,,0","2.50",",,,0"
"USC00346130","2001-04","35.778","-95.3338","157.9","MUSKOGEE, OK US","59.3","0","59.3","5,0","4",",0","3",",0","0",",0","0",",0","0",",0","0","5,0","0","5,0","0",",0","24",",0","0",",0","","","20010417",",5,0","20010430","+,,0","20010430","+,,0","","","20010410",",,0","20010404",",,0","0.6","5,0,17,","0",",,0,30,+","0",",,0,30,+","16.3",",,0,10,","31.1",",0,04,","2234.1","0","43.9",",0","37.4",",,,0","0",",,,0","18.74","5,0","24.45",",,,0","13.03","5,,,0"
"USC00346130","2001-05","35.778","-95.3338","157.9","MUSKOGEE, OK US","186.0","0","126.7",",0","","","","","","","0",",0","0",",0","0",",0","0",",0","0",",0","30",",0","4",",0","","","20010524",",,0","20010531","+,,0","20010531","+,,0","3","","","","20010511",",,0","6.1",",0,24,","0",",,0,31,+","0",",,0,31,+","","","34.4",",0,11,","2250.2","0","16.1",",0","","","0",",,,0","21.90",",0","27.78",",,,0","16.02",",,,0"
"USC00346130","2001-06","35.778","-95.3338","157.9","MUSKOGEE, OK US","393.2","0","207.2",",0","","","","","","","0",",0","0",",0","0",",0","0",",0","0",",0","30",",0","11",",0","","","20010601",",,0","20010630","+,,0","20010630","+,,0","3","","","","20010627","+,,0","13.3",",0,01,","0",",,0,30,+","0",",,0,30,+","","","32.8",",0,27,+","2250.2","0","0.0",",0","","","0",",,,0","25.24",",0","30.78",",,,0","19.70",",,,0"
"USC00346130","2001-07","35.778","-95.3338","157.9","MUSKOGEE, OK US","747.6","0","354.4",",0","3",",0","0",",0","0",",0","0",",0","0",",0","0",",0","0",",0","0",",0","31",",0","28",",0","","","20010714",",,0","20010731","+,,0","20010731","+,,0","1","","20010715",",,0","20010730","+,,0","19.4",",0,14,","0",",,0,31,+","0",",,0,31,+","2.0",",,0,15,","38.3",",0,30,+","0.0","0","0.0",",0","3.8",",,,0","0",",,,0","29.77",",0","35.60",",,,0","23.93",",,,0"
"USC00346130","2001-08","35.778","-95.3338","157.9","MUSKOGEE, OK US","1068.9","0","321.3",",0","","","","","","","0",",0","0",",0","0",",0","0",",0","0",",0","31",",0","28",",0","","","20010813",",,0","20010831","+,,0","20010831","+,,0","5","","","","20010809",",,0","17.8",",0,13,","0",",,0,31,+","0",",,0,31,+","","","40.0",",0,09,","0.0","0","0.0",",0","","","0",",,,0","28.70",",0","35.02",",,,0","22.37",",,,0"
"USC00346130","2001-09","35.778","-95.3338","157.9","MUSKOGEE, OK US","1179.7","0","110.8",",0","","","","","","","0",",0","0",",0","0",",0","0",",0","0",",0","29",",0","5",",0","","","20010925",",,0","20010930","+,,0","20010930","+,,0","3","","","","20010903",",,0","5.6",",0,25,","0",",,0,30,+","0",",,0,30,+","","","33.3",",0,03,","19.2","0","19.2",",0","","","0",",,,0","21.39",",0","27.74",",,,0","15.03",",,,0"
"USC00346130","2001-10","35.778","-95.3338","157.9","MUSKOGEE, OK US","1202.2","0","22.5",",0","7",",0","4",",0","1",",0","0",",0","0",",0","0",",0","4",",0","0",",0","20",",0","0",",0","","","20011027","+,,0","20011031","+,,0","20011031","+,,0","4","","20011010",",,0","20011023",",,0","-1.1",",0,27,+","0",",,0,31,+","0",",,0,31,+","69.9",",,0,10,","28.9",",0,23,","127.2","0","108.0",",0","110.3",",,,0","0",",,,0","15.57",",0","22.51",",,,0","8.64",",,,0"
"USC00346130","2001-11","35.778","-95.3338","157.9","MUSKOGEE, OK US","1207.5","0","5.3",",0","9",",0","5",",0","1",",0","0",",0","0","2,0","0",",0","7",",0","1",",0","12",",0","0",",0","","","20011119",",,0","20011130","+,,0","20011130","+,2,0","2","","20011103",",,0","20011107","+,,0","-3.3",",0,19,","0",",,0,30,+","0","2,,0,30,+","30.0",",,0,03,","25.0",",0,07,+","320.1","0","192.9",",0","85.9",",,,0","0","2,,,0","12.08",",0","18.02",",,,0","6.13",",,,0"
"USC00346130","2001-12","35.778","-95.3338","157.9","MUSKOGEE, OK US","1209.2","0","1.7",",0","7",",0","4",",0","1",",0","0",",0","0",",0","0",",0","17",",0","2",",0","2",",0","0",",0","1","","20011230",",,0","20011231","+,,0","20011231","+,,0","","","20011216",",,0","20011204",",,0","-11.1",",0,30,","0",",,0,31,+","0",",,0,31,+","40.4",",,0,16,","23.3",",0,04,","716.1","0","396.0",",0","77.8",",,,0","0",",,,0","5.61",",0","11.56",",,,0","-0.34",",,,0"
"USC00346130","2002-01","35.778","-95.3338","157.9","MUSKOGEE, OK US","0.0","0","0.0",",0","7",",0","5",",0","0",",0","0",",0","0",",0","0",",0","22",",0","1",",0","4",",0","0",",0","","","20020102",",,0","20020131","+,,0","20020131","+,,0","2","","20020130",",,0","20020123",",,0","-13.9",",0,02,","0",",,0,31,+","0",",,0,31,+","18.5",",,0,30,","23.3",",0,23,","1165.7","0","449.6",",0","44.6",",,,0","0",",,,0","3.83",",0","10.90",",,,0","-3.24",",,,0"
"USC00346130","2002-02","35.778","-95.3338","157.9","MUSKOGEE, OK US","0.0","0","0.0",",0","7",",0","4",",0","0",",0","1","3,0","1",",0","0",",0","21",",0","1",",0","1",",0","0",",0","","","20020226",",,0","20020205",",3,0","20020205",",,0","","","20020218",",,0","20020224",",,0","-11.7",",0,26,","51","3,,0,05,","51",",,0,05,","11.7",",,0,18,","22.8",",0,24,","1549.4","0","383.7",",0","25.3",",,,0","51",",,,0","4.63",",0","11.29",",,,0","-2.03",",,,0"
"USC00346130","2002-03","35.778","-95.3338","157.9","MUSKOGEE, OK US","0.0","0","0.0",",0","9",",0","5",",0","2",",0","0","5,0","1",",0","0",",0","12",",0","2",",0","6",",0","0",",0","","","20020303",",,0","20020331","+,5,0","20020301",",,0","1","","20020319",",,0","20020314",",,0","-16.1",",0,03,","0","5,,0,31,+","102",",,0,01,","28.7",",,0,19,","25.6",",0,14,","1882.2","0","332.8",",0","76.9",",,,0","102",",,,0","7.60",",0","13.78",",,,0","1.41",",,,0"
"USC00346130","2002-04","35.778","-95.3338","157.9","MUSKOGEE, OK US","45.0","0","45.0",",0","11",",0","7",",0","1",",0","0",",0","0",",0","0",",0","1",",0","0",",0","22",",0","0",",0","","","20020404",",,0","20020430","+,,0","20020430","+,,0","3","","20020407",",,0","20020430","+,,0","-1.1",",0,04,","0",",,0,30,+","0",",,0,30,+","55.1",",,0,07,","29.4",",0,30,+","1961.6","0","79.4",",0","113.2",",,,0","0",",,,0","17.19",",0","22.96",",,,0","11.41",",,,0"
"USC00346130","2002-05","35.778","-95.3338","157.9","MUSKOGEE, OK US","105.5","0","60.5",",0","12",",0","6",",0","2",",0","0",",0","0",",0","0",",0","0",",0","0",",0","24",",0","0",",0","","","20020518",",,0","20020531","+,,0","20020531","+,,0","1","","20020516",",,0","20020501",",,0","6.1",",0,18,","0",",,0,31,+","0",",,0,31,+","35.1",",,0,16,","31.7",",0,01,","1994.6","0","33.0",",0","142.6",",,,0","0",",,,0","19.22",",0","24.35",",,,0","14.08",",,,0"
"USC00346130","2002-06","35.778","-95.3338","157.9","MUSKOGEE, OK US","312.6","0","207.1",",0","11",",0","5",",0","1",",0","0",",0","0",",0","0",",0","0",",0","0",",0","30",",0","7",",0","","","20020614",",,0","20020630","+,,0","20020630","+,,0","4","","20020612",",,0","20020628","+,,0","12.8",",0,14,","0",",,0,30,+","0",",,0,30,+","30.7",",,0,12,","32.8",",0,28,+","1994.6","0","0.0",",0","76.0",",,,0","0",",,,0","25.24",",0","30.60",",,,0","19.87",",,,0"
"USC00346130","2002-07","35.778","-95.3338","157.9","MUSKOGEE, OK US","592.4","0","279.8",",0","","","","","","","0",",0","0",",0","0",",0","0",",0","0",",0","31",",0","19",",0","","","20020714",",,0","20020731","+,,0","20020731","+,,0","4","","","","20020726",",,0","18.9",",0,14,","0",",,0,31,+","0",",,0,31,+","","","36.7",",0,26,","0.0","0","0.0",",0","","","0",",,,0","27.36",",0","32.66",",,,0","22.05",",,,0"
"USC00346130","2002-08","35.778","-95.3338","157.9","MUSKOGEE, OK US","872.2","0","279.8","1,0","","","","","","","0",",0","0",",0","0","1,0","0","1,0","0","1,0","30","1,0","20","1,0","","","20020828",",1,0","20020831","+,,0","20020831","+,,0","4","","","","20020823",",1,0","17.2","1,0,28,","0",",,0,31,+","0",",,0,31,+","","","37.2","1,0,23,","0.0","0","0.0","1,0","","","0",",,,0","27.66","1,0","33.47","1,,,0","21.85","1,,,0"
"USC00346130","2002-09","35.778","-95.3338","157.9","MUSKOGEE, OK US","1047.2","0","175.0","1,0","3",",0","2",",0","0",",0","0","3,0","0",",0","0","1,0","0","1,0","0",",0","30",",0","15",",0","","","20020922",",1,0","20020930","+,3,0","20020930","+,,0","","","20020918",",,0","20020906","+,,0","7.2","1,0,22,","0","3,,0,30,+","0",",,0,30,+","19.8",",,0,18,","36.1",",0,06,+","2.8","0","2.8",",0","22.9",",,,0","0",",,,0","24.22","1,0","31.26",",,,0","17.18","1,,,0"
"USC00346130","2002-10","35.778","-95.3338","157.9","MUSKOGEE, OK US","1073.1","0","25.9","2,0","9",",0","7",",0","1",",0","0",",0","0",",0","0","1,0","3","1,0","0","1,0","12","1,0","3","1,0","","","20021013",",1,0","20021031","+,,0","20021031","+,,0","1","","20021029",",,0","20021001",",1,0","-0.6","1,0,13,","0",",,0,31,+","0",",,0,31,+","28.7",",,0,29,","33.3","1,0,01,","140.5","0","137.7","1,0","97.6",",,,0","0",",,,0","14.45","2,0","19.68","1,,,0","9.21","1,,,0"
"USC00346130","2002-11","35.778","-95.3338","157.9","MUSKOGEE, OK US","1074.5","0","1.4","3,0","3",",0","3",",0","0",",0","0",",0","0",",0","0","3,0","15","3,0","0",",0","5",",0","0",",0","","","20021130",",3,0","20021130","+,,0","20021130","+,,0","1","","20021102",",,0","20021109",",,0","-7.8","3,0,30,","0",",,0,30,+","0",",,0,30,+","15.2",",,0,02,","26.7",",0,09,","424.6","0","284.1",",0","24.1",",,,0","0",",,,0","8.14","3,0","15.15",",,,0","1.14","3,,,0"
"USC00346130","2002-12","35.778","-95.3338","157.9","MUSKOGEE, OK US","1074.5","0","0.0","2,0","","","","","","","0","2,0","0","1,0","0","2,0","18","2,0","1",",0","1",",0","0",",0","","","20021225",",2,0","20021231","+,2,0","20021231","+,1,0","","","","","20021217",",,0","-12.2","2,0,25,","0","2,,0,31,+","0","1,,0,31,+","","","21.7",",0,17,","817.4","0","392.8",",0","","","0","1,,,0","5.07","2,0","11.53",",,,0","-1.39","2,,,0"
"USC00346130","2003-01","35.778","-95.3338","157.9","MUSKOGEE, OK US","0.0","0","0.0","2,0","2",",0","1",",0","0",",0","0",",0","0",",0","0","2,0","26","2,0","4",",0","1",",0","0",",0","","","20030123","+,2,0","20030131","+,,0","20030131","+,,0","","","20030101",",,0","20030108",",,0","-12.2","2,0,23,+","0",",,0,31,+","0",",,0,31,+","2.8",",,0,01,","21.1",",0,08,","1305.9","0","488.5",",0","4.6",",,,0","0",",,,0","1.75","2,0","8.49",",,,0","-4.99","2,,,0"
"USC00346130","2003-02","35.778","-95.3338","157.9","MUSKOGEE, OK US","0.0","0","0.0",",0","14",",0","9",",0","0",",0","0","4,0","0",",0","0",",0","23",",0","3",",0","3",",0","0",",0","","","20030206",",,0","20030228","+,4,0","20030205",",,0","","","20030218",",,0","20030214",",,0","-10.0",",0,06,","0","4,,0,28,+","13",",,0,05,","22.1",",,0,18,","23.9",",0,14,","1734.7","0","428.8",",0","85.5",",,,0","13",",,,0","3.02",",0","8.71",",,,0","-2.68",",,,0"
"USC00346130","2003-03","35.778","-95.3338","157.9","MUSKOGEE, OK US","4.2","0","4.2","2,0","6",",0","4",",0","1",",0","0",",0","0",",0","0","2,0","11","2,0","1",",0","11",",0","0",",0","","","20030302",",2,0","20030331","+,,0","20030331","+,,0","","","20030318",",,0","20030324",",,0","-6.1","2,0,02,","0",",,0,31,+","0",",,0,31,+","55.9",",,0,18,","26.7",",0,24,","1977.2","0","242.5",",0","82.2",",,,0","0",",,,0","10.11","2,0","17.08",",,,0","3.14","2,,,0"
"USC00346130","2003-04","35.778","-95.3338","157.9","MUSKOGEE, OK US","37.0","0","32.8",",0","","","","","","","0",",0","0",",0","0",",0","2",",0","0",",0","23",",0","0",",0","","","20030409",",,0","20030430","+,,0","20030430","+,,0","","","","","20030418",",,0","-2.8",",0,09,","0",",,0,30,+","0",",,0,30,+","","","30.6",",0,18,","2074.9","0","97.7",",0","","","0",",,,0","16.17",",0","22.99",",,,0","9.35",",,,0"
"USC00346130","2003-05","35.778","-95.3338","157.9","MUSKOGEE, OK US","114.6","0","77.6","1,0","12","2,0","7","2,0","2","2,0","0",",0","0",",0","0","1,0","0","1,0","0","1,0","29","1,0","2","1,0","","","20030511",",1,0","20030531","+,,0","20030531","+,,0","","","20030506",",2,0","20030530",",1,0","7.2","1,0,11,","0",",,0,31,+","0",",,0,31,+","31.0","2,,0,06,","35.6","1,0,30,","2086.9","0","12.0","1,0","129.5",",a,,0","0",",,,0","20.52","1,0","26.68","1,,,0","14.36","1,,,0"
"USC00346130","2003-06","35.778","-95.3338","157.9","MUSKOGEE, OK US","245.4","0","130.8","2,0","","","","","","","0",",0","0",",0","0","2,0","0","2,0","0","1,0","29","1,0","3","1,0","","","20030607","+,2,0","20030630","+,,0","20030630","+,,0","2","","","","20030624",",1,0","11.7","2,0,07,+","0",",,0,30,+","0",",,0,30,+","","","33.9","1,0,24,","2086.9","0","0.0","1,0","","","0",",,,0","23.01","2,0","28.54","1,,,0","17.48","2,,,0"
"USC00346130","2003-07","35.778","-95.3338","157.9","MUSKOGEE, OK US","555.6","0","310.2",",0","7",",0","4",",0","0",",0","0",",0","0",",0","0",",0","0",",0","0",",0","31",",0","27",",0","","","20030723",",,0","20030731","+,,0","20030731","+,,0","","","20030722",",,0","20030728",",,0","14.4",",0,23,","0",",,0,31,+","0",",,0,31,+","6.6",",,0,22,","39.4",",0,28,","0.0","0","0.0",",0","18.3",",,,0","0",",,,0","28.34",",0","34.52",",,,0","22.16",",,,0"
"USC00346130","2003-08","35.778","-95.3338","157.9","MUSKOGEE, OK US","853.7","0","298.1","1,0","","","","","","","0",",0","0",",0","0","1,0","0","1,0","0",",0","31",",0","26",",0","","","20030812","+,1,0","20030831","+,,0","20030831","+,,0","","","","","20030802",",,0","17.8","1,0,12,+","0",",,0,31,+","0",",,0,31,+","","","40.6",",0,02,","0.0","0","0.0",",0","","","0",",,,0","28.32","1,0","34.86",",,,0","21.78","1,,,0"
"USC00346130","2003-09","35.778","-95.3338","157.9","MUSKOGEE, OK US","935.4","0","81.7",",0","","","","","","","0",",0","0",",0","0",",0","0",",0","0",",0","28",",0","0",",0","","","20030928",",,0","20030930","+,,0","20030930","+,,0","","","","","20030924","+,,0","5.6",",0,28,","0",",,0,30,+","0",",,0,30,+","","","30.6",",0,24,+","20.9","0","20.9",",0","","","0",",,,0","20.36",",0","26.53",",,,0","14.19",",,,0"
"USC00346130","2003-10","35.778","-95.3338","157.9","MUSKOGEE, OK US","958.1","0","22.7","1,0","","","","","","","0",",0","0",",0","0","1,0","0","1,0","0",",0","23",",0","0",",0","","","20031026",",1,0","20031031","+,,0","20031031","+,,0","","","","","20031024","+,,0","2.2","1,0,26,","0",",,0,31,+","0",",,0,31,+","","","31.7",",0,24,+","92.6","0","71.7",",0","","","0",",,,0","16.71","1,0","24.59",",,,0","8.82","1,,,0"
"USC00346130","2003-11","35.778","-95.3338","157.9","MUSKOGEE, OK US","970.6","0","12.5","2,0","12",",0","7",",0","1",",0","0",",0","0","1,0","0",",0","4",",0","0","2,0","10","2,0","0","2,0","","","20031128",",,0","20031130","+,,0","20031130","+,1,0","","","20031117",",,0","20031104","+,2,0","-5.6",",0,28,","0",",,0,30,+","0","1,,0,30,+","30.2",",,0,17,","27.2","2,0,04,+","295.6","0","203.0","2,0","86.8",",,,0","0","1,,,0","11.53","2,0","17.59","2,,,0","5.47",",,,0"
"USC00346130","2003-12","35.778","-95.3338","157.9","MUSKOGEE, OK US","970.6","0","0.0",",0","","","","","","","","","","","0",",0","17",",0","0",",0","0",",0","0",",0","","","20031210",",,0","","","","","","","","","20031215",",,0","-8.3",",0,10,","","","","","","","18.9",",0,15,","683.9","0","388.3",",0","","","","","5.81",",0","11.92",",,,0","-0.31",",,,0"
"USC00346130","2004-01","35.778","-95.3338","157.9","MUSKOGEE, OK US","1.7","0","1.7","1,0","8",",0","5",",0","1",",0","0",",0","0",",0","0","1,0","20","1,0","2",",0","2",",0","0",",0","1","","20040107","+,1,0","20040131","+,,0","20040131","+,,0","","","20040116",",,0","20040103",",,0","-12.2","1,0,07,+","0",",,0,31,+","0",",,0,31,+","44.5",",,0,16,","23.3",",0,03,","1127.6","0","443.7",",0","83.5",",,,0","0",",,,0","3.53","1,0","9.59",",,,0","-2.52","1,,,0"
"USC00346130","2004-02","35.778","-95.3338","157.9","MUSKOGEE, OK US","1.7","0","0.0","3,0","5",",0","3",",0","0",",0","0",",0","0",",0","0","3,0","19","3,0","0","1,0","1","1,0","0","1,0","","","20040212","+,3,0","20040229","+,,0","20040229","+,,0","","","20040204",",,0","20040219",",1,0","-9.4","3,0,12,+","0",",,0,29,+","0",",,0,29,+","15.0",",,0,04,","21.7","1,0,19,","1497.7","0","370.1","1,0","31.8",",,,0","0",",,,0","4.16","3,0","10.70","1,,,0","-2.39","3,,,0"
"USC00346130","2004-03","35.778","-95.3338","157.9","MUSKOGEE, OK US","7.0","0","5.3",",0","9",",0","6",",0","1",",0","0",",0","0",",0","0",",0","7",",0","0",",0","13",",0","0",",0","","","20040311",",,0","20040331","+,,0","20040331","+,,0","","","20040303",",,0","20040320","+,,0","-1.7",",0,11,","0",",,0,31,+","0",",,0,31,+","32.8",",,0,03,","26.1",",0,20,+","1704.0","0","206.3",",0","95.0",",,,0","0",",,,0","11.85",",0","19.10",",,,0","4.59",",,,0"
"USC00346130","2004-04","35.778","-95.3338","157.9","MUSKOGEE, OK US","27.0","0","20.0",",0","","","","","","","0",",0","0",",0","0",",0","1",",0","0",",0","24",",0","0",",0","","","20040413",",,0","20040430","+,,0","20040430","+,,0","","","","","20040429","+,,0","-0.6",",0,13,","0",",,0,30,+","0",",,0,30,+","","","27.2",",0,29,+","1804.1","0","100.1",",0","","","0",",,,0","15.66",",0","22.50",",,,0","8.83",",,,0"
"USC00346130","2004-05","35.778","-95.3338","157.9","MUSKOGEE, OK US","148.7","0","121.7","3,0","","","","","","","0",",0","0",",0","0","3,0","0","3,0","0","1,0","27","1,0","0","1,0","","","20040502",",3,0","20040531","+,,0","20040531","+,,0","","","","","20040527","+,1,0","2.2","3,0,02,","0",",,0,31,+","0",",,0,31,+","","","31.1","1,0,27,+","1833.2","0","29.1","1,0","","","0",",,,0","21.62","3,0","26.90","1,,,0","16.34","3,,,0"
"USC00346130","2004-06","35.778","-95.3338","157.9","MUSKOGEE, OK US","320.1","0","171.4",",0","10",",0","7",",0","1",",0","0",",0","0",",0","0",",0","0",",0","0",",0","30",",0","3",",0","","","20040603",",,0","20040630","+,,0","20040630","+,,0","1","","20040602",",,0","20040617",",,0","12.2",",0,03,","0",",,0,30,+","0",",,0,30,+","34.0",",,0,02,","32.8",",0,17,","1833.2","0","0.0",",0","133.1",",,,0","0",",,,0","24.05",",0","29.04",",,,0","19.05",",,,0"
"USC00346130","2004-07","35.778","-95.3338","157.9","MUSKOGEE, OK US","548.1","0","228.0",",0","","","","","","","0",",0","0",",0","0",",0","0",",0","0",",0","31",",0","16",",0","","","20040726",",,0","20040731","+,,0","20040731","+,,0","","","","","20040715",",,0","13.9",",0,26,","0",",,0,31,+","0",",,0,31,+","","","36.1",",0,15,","0.0","0","0.0",",0","","","0",",,,0","25.69",",0","31.06",",,,0","20.32",",,,0"
"USC00346130","2004-08","35.778","-95.3338","157.9","MUSKOGEE, OK US","736.1","0","188.0","1,0","","","","","","","0",",0","0",",0","0","1,0","0","1,0","0",",0","31",",0","13",",0","","","20040812",",1,0","20040831","+,,0","20040831","+,,0","","","","","20040826","+,,0","11.1","1,0,12,","0",",,0,31,+","0",",,0,31,+","","","35.6",",0,26,+","0.3","0","0.3",",0","","","0",",,,0","24.59","1,0","30.43",",,,0","18.76","1,,,0"
"USC00346130","2004-09","35.778","-95.3338","157.9","MUSKOGEE, OK US","885.7","0","149.6",",0","","","","","","","0",",0","0",",0","0",",0","0",",0","0",",0","30",",0","5",",0","","","20040907",",,0","20040930","+,,0","20040930","+,,0","","","","","20040917",",,0","9.4",",0,07,","0",",,0,30,+","0",",,0,30,+","","","33.9",",0,17,","0.3","0","0.0",",0","","","0",",,,0","23.32",",0","30.34",",,,0","16.30",",,,0"
"USC00346130","2004-10","35.778","-95.3338","157.9","MUSKOGEE, OK US","928.7","0","43.0",",0","","","","","","","0",",0","0",",0","0",",0","0",",0","0",",0","26",",0","0",",0","","","20041015","+,,0","20041031","+,,0","20041031","+,,0","","","","","20041018",",,0","3.3",",0,15,+","0",",,0,31,+","0",",,0,31,+","","","31.1",",0,18,","45.7","0","45.4",",0","","","0",",,,0","18.26",",0","24.34",",,,0","12.17",",,,0"
"USC00346130","2004-11","35.778","-95.3338","157.9","MUSKOGEE, OK US","928.7","0","0.0","3,0","","","","","","","0",",0","0","1,0","0","1,0","4","1,0","0","2,0","4","2,0","0","2,0","","","20041130",",1,0","20041130","+,,0","20041130","+,1,0","","","","","20041107",",2,0","-5.0","1,0,30,","0",",,0,30,+","0","1,,0,30,+","","","26.1","2,0,07,","247.6","0","201.9","2,0","","","0","1,,,0","10.77","3,0","16.24","2,,,0","5.30","1,,,0"
"USC00346130","2004-12","35.778","-95.3338","157.9","MUSKOGEE, OK US","929.5","0","0.8","1,0","","","","","","","0",",0","0",",0","0","1,0","17","1,0","3",",0","2",",0","0",",0","","","20041224",",1,0","20041222",",,0","20041222",",,0","","","","","20041231",",,0","-11.7","1,0,24,","0",",T,0,22,","0",",T,0,22,","","","23.3",",0,31,","628.1","0","380.5",",0","","","0",",T,,0","5.52","1,0","11.68",",,,0","-0.65","1,,,0"
"USC00346130","2005-01","35.778","-95.3338","157.9","MUSKOGEE, OK US","0.0","0","0.0","1,0","","","","","","","0",",0","0","1,0","0","1,0","20","1,0","2",",0","2",",0","0",",0","","","20050105",",1,0","20050105",",,0","20050105",",1,0","","","","","20050120",",,0","-11.1","1,0,05,","0",",T,0,05,","0","1,T,0,05,","","","21.7",",0,20,","1055.5","0","427.4",",0","","","0","1,T,,0","4.22","1,0","9.68",",,,0","-1.24","1,,,0"
"USC00346130","2005-02","35.778","-95.3338","157.9","MUSKOGEE, OK US","0.0","0","0.0","1,0","9",",0","5",",0","0",",0","0",",0","0",",0","0","1,0","15","1,0","0",",0","4",",0","0",",0","","","20050209",",1,0","20050228","+,,0","20050228","+,,0","","","20050205",",,0","20050220","+,,0","-6.7","1,0,09,","0",",,0,28,+","0",",,0,28,+","20.3",",,0,05,","25.6",",0,20,+","1358.4","0","302.9",",0","51.9",",,,0","0",",,,0","7.01","1,0","13.89",",,,0","0.13","1,,,0"
"USC00346130","2005-03","35.778","-95.3338","157.9","MUSKOGEE, OK US","1.9","0","1.9","2,0","7",",0","4",",0","0",",0","0",",0","0",",0","0","2,0","5","2,0","0",",0","10",",0","0",",0","","","20050316",",2,0","20050331","+,,0","20050331","+,,0","","","20050331","+,,0","20050312",",,0","-3.3","2,0,16,","0",",,0,31,+","0",",,0,31,+","24.1",",,0,31,+","28.3",",0,12,","1584.2","0","225.8",",0","66.0",",,,0","0",",,,0","10.73","2,0","17.21",",,,0","4.24","2,,,0"
"USC00346130","2005-04","35.778","-95.3338","157.9","MUSKOGEE, OK US","19.4","0","17.5",",0","7",",0","6",",0","0",",0","0",",0","0",",0","0",",0","0",",0","0",",0","20",",0","0",",0","","","20050424","+,,0","20050430","+,,0","20050430","+,,0","","","20050410",",,0","20050428",",,0","0.6",",0,24,+","0",",,0,30,+","0",",,0,30,+","11.4",",,0,10,","28.9",",0,28,","1685.0","0","100.8",",0","43.3",",,,0","0",",,,0","15.56",",0","22.09",",,,0","9.02",",,,0"
"USC00346130","2005-05","35.778","-95.3338","157.9","MUSKOGEE, OK US","111.3","0","91.9","1,0","","","","","","","0",",0","0",",0","0","1,0","1","1,0","0",",0","26",",0","2",",0","","","20050503",",1,0","20050531","+,,0","20050531","+,,0","","","","","20050522",",,0","-0.6","1,0,03,","0",",,0,31,+","0",",,0,31,+","","","34.4",",0,22,","1724.7","0","39.7",",0","","","0",",,,0","20.17","1,0","26.16",",,,0","14.17","1,,,0"
"USC00346130","2005-06","35.778","-95.3338","157.9","MUSKOGEE, OK US","318.6","0","207.3","2,0","","","","","","","0",",0","0",",0","0","2,0","0","2,0","0",",0","30",",0","15",",0","","","20050601",",2,0","20050630","+,,0","20050630","+,,0","","","","","20050630",",,0","13.9","2,0,01,","0",",,0,30,+","0",",,0,30,+","","","37.2",",0,30,","1724.7","0","0.0",",0","","","0",",,,0","25.74","2,0","31.85",",,,0","19.63","2,,,0"
"USC00346130","2005-07","35.778","-95.3338","157.9","MUSKOGEE, OK US","598.4","0","279.8",",0","","","","","","","0",",0","0",",0","0",",0","0",",0","0",",0","31",",0","23",",0","","","20050727",",,0","20050731","+,,0","20050731","+,,0","","","","","20050723","+,,0","15.0",",0,27,","0",",,0,31,+","0",",,0,31,+","","","39.4",",0,23,+","0.0","0","0.0",",0","","","0",",,,0","27.36",",0","33.86",",,,0","20.86",",,,0"
"USC00346130","2005-08","35.778","-95.3338","157.9","MUSKOGEE, OK US","890.7","0","292.3","1,0","8",",0","8",",0","2",",0","0",",0","0",",0","0","1,0","0","1,0","0",",0","31",",0","24",",0","","","20050830",",1,0","20050831","+,,0","20050831","+,,0","","","20050814",",,0","20050812","+,,0","16.1","1,0,30,","0",",,0,31,+","0",",,0,31,+","29.7",",,0,14,","37.2",",0,12,+","0.0","0","0.0",",0","96.0",",,,0","0",",,,0","28.11","1,0","34.27",",,,0","21.94","1,,,0"
"USC00346130","2005-10","35.778","-95.3338","157.9","MUSKOGEE, OK US","","","55.5",",0","","","","","","","0","1,0","0",",0","0",",0","4",",0","0",",0","23",",0","7",",0","","","20051024",",,0","20051031","+,1,0","20051031","+,,0","","","","","20051018",",,0","-2.2",",0,24,","0","1,,0,31,+","0",",,0,31,+","","","33.9",",0,18,","","","108.2",",0","","","0",",,,0","16.63",",0","24.30",",,,0","8.96",",,,0"
"USC00346130","2005-11","35.778","-95.3338","157.9","MUSKOGEE, OK US","","","13.0",",0","","","","","","","0",",0","0",",0","0",",0","13",",0","0",",0","14",",0","0",",0","","","20051129",",,0","20051130","+,,0","20051130","+,,0","","","","","20051108","+,,0","-9.4",",0,29,","0",",,0,30,+","0",",,0,30,+","","","28.3",",0,08,+","","","215.4",",0","","","0",",,,0","11.59",",0","19.12",",,,0","4.06",",,,0"
"USC00346130","2005-12","35.778","-95.3338","157.9","MUSKOGEE, OK US","","","0.0","1,0","","","","","","","","","","","1","1,0","25","1,0","1",",0","2",",0","0",",0","","","20051208",",1,0","","","","","","","","","20051231","+,,0","-18.3","1,0,08,","","","","","","","24.4",",0,31,+","","","460.0",",0","","","","","2.88","1,0","10.19",",,,0","-4.44","1,,,0"
"USC00346130","2006-01","35.778","-95.3338","157.9","MUSKOGEE, OK US","","","","","","","","","","","0",",0","0",",0","0","3,0","18","3,0","0","3,0","7","3,0","0","3,0","","","20060123","+,3,0","20060131","+,,0","20060131","+,,0","","","","","20060101",",3,0","-7.2","3,0,23,+","0",",,0,31,+","0",",,0,31,+","","","25.0","3,0,01,","","","","","","","0",",,,0","7.78","6,0","16.37","3,,,0","-0.82","3,,,0"
"USC00346130","2006-02","35.778","-95.3338","157.9","MUSKOGEE, OK US","","","1.7","1,0","1",",0","0",",0","0",",0","0",",0","0",",0","0",",0","19",",0","2","1,0","3","1,0","0","1,0","","","20060212","+,,0","20060228","+,,0","20060228","+,,0","","","20060217",",,0","20060228","+,1,0","-11.1",",0,12,+","0",",,0,28,+","0",",,0,28,+","1.0",",,0,17,","25.6","1,0,28,+","","","375.1","1,0","1.0",",,,0","0",",,,0","4.77","1,0","11.76","1,,,0","-2.22",",,,0"
"USC00346130","2006-03","35.778","-95.3338","157.9","MUSKOGEE, OK US","","","8.3",",0","","","","","","","0",",0","0",",0","0",",0","4",",0","0",",0","14",",0","1",",0","","","20060324","+,,0","20060331","+,,0","20060331","+,,0","","","","","20060301",",,0","-3.3",",0,24,+","0",",,0,31,+","0",",,0,31,+","","","33.3",",0,01,","","","201.7",",0","","","0",",,,0","12.10",",0","18.51",",,,0","5.68",",,,0"
"USC00346130","2006-04","35.778","-95.3338","157.9","MUSKOGEE, OK US","","","72.0","1,0","","","","","","","","","0","1,0","0","1,0","1","1,0","0","1,0","24","1,0","3","1,0","","","20060408",",1,0","","","20060430","+,1,0","","","","","20060418",",1,0","0.0","1,0,08,","","","0","1,,0,30,+","","","36.1","1,0,18,","","","50.5","1,0","","","0","1,,,0","19.07","1,0","25.91","1,,,0","12.24","1,,,0"
"USC00346130","2006-05","35.778","-95.3338","157.9","MUSKOGEE, OK US","","","129.3","1,0","8",",0","8",",0","1",",0","0",",0","0",",0","0","1,0","0","1,0","0",",0","27",",0","8",",0","","","20060511",",1,0","20060531","+,,0","20060531","+,,0","","","20060503",",,0","20060519",",,0","6.1","1,0,11,","0",",,0,31,+","0",",,0,31,+","55.4",",,0,03,","35.0",",0,19,","","","19.9",",0","111.5",",,,0","0",",,,0","21.86","1,0","27.62",",,,0","16.11","1,,,0"
"USC00346130","2006-06","35.778","-95.3338","157.9","MUSKOGEE, OK US","","","206.7",",0","4",",0","2",",0","0",",0","0",",0","0",",0","0",",0","0",",0","0",",0","30",",0","17",",0","","","20060626",",,0","20060630","+,,0","20060630","+,,0","","","20060622",",,0","20060610",",,0","12.2",",0,26,","0",",,0,30,+","0",",,0,30,+","21.8",",,0,22,","37.2",",0,10,","","","0.0",",0","38.3",",,,0","0",",,,0","25.22",",0","31.99",",,,0","18.46",",,,0"
"USC00346130","2006-07","35.778","-95.3338","157.9","MUSKOGEE, OK US","","","341.7",",0","4",",0","3",",0","1",",0","0",",0","0",",0","0",",0","0",",0","0",",0","31",",0","29",",0","","","20060707",",,0","20060731","+,,0","20060731","+,,0","","","20060711",",,0","20060720","+,,0","13.3",",0,07,","0",",,0,31,+","0",",,0,31,+","40.9",",,0,11,","40.0",",0,20,+","0.0","0","0.0",",0","65.0",",,,0","0",",,,0","29.35",",0","35.94",",,,0","22.77",",,,0"
"USC00346130","2006-08","35.778","-95.3338","157.9","MUSKOGEE, OK US","","","354.7",",0","9",",0","5",",0","1",",0","0",",0","0",",0","0",",0","0",",0","0",",0","31",",0","27",",0","","","20060830","+,,0","20060831","+,,0","20060831","+,,0","","","20060821",",,0","20060810",",,0","14.4",",0,30,+","0",",,0,31,+","0",",,0,31,+","29.5",",,0,21,","41.7",",0,10,","0.0","0","0.0",",0","66.0",",,,0","0",",,,0","29.78",",0","36.51",",,,0","23.05",",,,0"
"USC00346130","2006-09","35.778","-95.3338","157.9","MUSKOGEE, OK US","","","84.3","3,0","","","","","","","0",",0","0","1,0","0","2,0","0","2,0","0","2,0","26","2,0","4","2,0","","","20060928",",2,0","20060930","+,,0","20060930","+,1,0","","","","","20060922",",2,0","6.1","2,0,28,","0",",,0,30,+","0","1,,0,30,+","","","34.4","2,0,22,","17.5","0","17.5","2,0","","","0","1,,,0","20.87","3,0","27.94","2,,,0","13.79","2,,,0"
"USC00346130","2006-10","35.778","-95.3338","157.9","MUSKOGEE, OK US","","","34.2","1,0","4",",0","4",",0","1",",0","0",",0","0",",0","0","1,0","2","1,0","0","1,0","16","1,0","4","1,0","","","20061022",",1,0","20061031","+,,0","20061031","+,,0","","","20061015",",,0","20061004",",1,0","-1.1","1,0,22,","0",",,0,31,+","0",",,0,31,+","49.5",",,0,15,","33.9","1,0,04,","148.4","0","130.9","1,0","64.0",",,,0","0",",,,0","15.11","1,0","21.99","1,,,0","8.23","1,,,0"
"USC00346130","2006-11","35.778","-95.3338","157.9","MUSKOGEE, OK US","","","4.5","1,0","","","","","","","0",",0","0",",0","0","1,0","7","1,0","1",",0","9",",0","0",",0","1","","20061130",",1,0","20061130","+,,0","20061130","+,,0","1","","","","20061109",",,0","-10.0","1,0,30,","0",",,0,30,+","0",",,0,30,+","","","26.1",",0,09,","367.4","0","219.0",",0","","","0",",,,0","10.85","1,0","16.84",",,,0","4.87","1,,,0"
"USC00346130","2006-12","35.778","-95.3338","157.9","MUSKOGEE, OK US","","","0.6",",0","","","","","","","","","1",",0","0",",0","16",",0","2",",0","2",",0","0",",0","","","20061207",",,0","","","20061201",",,0","","","","","20061216",",,0","-12.8",",0,07,","","","127",",,0,01,","","","22.8",",0,16,","740.1","0","372.7",",0","","","127",",,,0","6.33",",0","11.97",",,,0","0.68",",,,0"
"USC00346130","2007-01","35.778","-95.3338","157.9","MUSKOGEE, OK US","0.0","0","0.0","2,0","7","4,0","4","4,0","1","4,0","0","1,0","1",",0","0",",0","24",",0","7","2,0","0","2,0","0","2,0","","","20070130","+,,0","20070131","+,1,0","20070131",",,0","","","20070113",",4,0","20070111",",2,0","-8.9",",0,30,+","0","1,,0,31,+","25",",,0,31,","71.4","4,,0,13,","17.2","2,0,11,","1222.4","0","482.3","2,0","97.0","4,,,0","25",",,,0","1.73","2,0","6.63","2,,,0","-3.16",",,,0"
"USC00346130","2007-02","35.778","-95.3338","157.9","MUSKOGEE, OK US","0.0","0","0.0","3,0","","","","","","","","","","","0","3,0","15","3,0","4","2,0","4","2,0","0","2,0","","","20070215",",3,0","","","","","1","","","","20070220",",2,0","-12.8","3,0,15,","","","","","","","23.3","2,0,20,","1583.7","0","361.3","2,0","","","","","4.09","3,0","10.05","2,,,0","-1.86","3,,,0"
"USC00346130","2007-04","35.778","-95.3338","157.9","MUSKOGEE, OK US","","","26.1",",0","7",",0","5",",0","1",",0","0","1,0","0",",0","0",",0","3",",0","0",",0","16",",0","0",",0","","","20070407",",,0","20070430","+,1,0","20070430","+,,0","","","20070424",",,0","20070402",",,0","-6.1",",0,07,","0","1,,0,30,+","0",",,0,30,+","32.0",",,0,24,","30.0",",0,02,","","","162.4",",0","71.1",",,,0","0",",,,0","13.79",",0","19.84",",,,0","7.74",",,,0"
"USC00346130","2007-05","35.778","-95.3338","157.9","MUSKOGEE, OK US","","","96.7","1,0","12","1,0","10","1,0","1","1,0","0",",0","0",",0","0","1,0","0","1,0","0",",0","28",",0","0",",0","","","20070517",",1,0","20070531","+,,0","20070531","+,,0","","","20070506",",1,0","20070512",",,0","7.2","1,0,17,","0",",,0,31,+","0",",,0,31,+","29.2","1,,0,06,","31.7",",0,12,","","","8.2",",0","137.0","1,,,0","0",",,,0","21.33","1,0","26.14",",,,0","16.52","1,,,0"
"USC00346130","2007-06","35.778","-95.3338","157.9","MUSKOGEE, OK US","","","171.5","4,0","15","2,0","13","2,0","3","2,0","0",",0","0","1,0","0","3,0","0","3,0","0","3,0","27","3,0","4","3,0","","","20070604",",3,0","20070630","+,,0","20070630","+,1,0","1","","20070619",",2,0","20070610",",3,0","15.6","3,0,04,","0",",,0,30,+","0","1,,0,30,+","38.6","2,,0,19,","33.3","3,0,10,","","","0.0","3,0","203.8","2,,,0","0","1,,,0","24.87","4,0","29.48","3,,,0","20.26","3,,,0"
"USC00346130","2007-07","35.778","-95.3338","157.9","MUSKOGEE, OK US","","","256.3",",0","","","","","","","0",",0","0",",0","0",",0","0",",0","0",",0","31",",0","14",",0","","","20070724",",,0","20070731","+,,0","20070731","+,,0","","","","","20070729","+,,0","17.2",",0,24,","0",",,0,31,+","0",",,0,31,+","","","34.4",",0,29,+","0.0","0","0.0",",0","","","0",",,,0","26.60",",0","31.63",",,,0","21.57",",,,0"
"USC00346130","2007-08","35.778","-95.3338","157.9","MUSKOGEE, OK US","","","322.8",",0","","","","","","","0",",0","0",",0","0",",0","0",",0","0",",0","31",",0","28",",0","","","20070831",",,0","20070831","+,,0","20070831","+,,0","","","","","20070815","+,,0","15.6",",0,31,","0",",,0,31,+","0",",,0,31,+","","","38.9",",0,15,+","0.0","0","0.0",",0","","","0",",,,0","28.75",",0","34.76",",,,0","22.73",",,,0"
"USC00346130","2007-09","35.778","-95.3338","157.9","MUSKOGEE, OK US","","","152.8","1,0","","","","","","","0",",0","0","1,0","0",",0","0",",0","0","1,0","29","1,0","2","1,0","","","20070911",",,0","20070930","+,,0","20070930","+,1,0","","","","","20070903","+,1,0","12.2",",0,11,","0",",,0,30,+","0","1,,0,30,+","","","32.8","1,0,03,+","0.0","0","0.0","1,0","","","0","1,,,0","23.67","1,0","28.91","1,,,0","18.42",",,,0"
"USC00346130","2007-10","35.778","-95.3338","157.9","MUSKOGEE, OK US","","","65.0",",0","7",",0","5",",0","2",",0","0",",0","0",",0","0",",0","0",",0","0",",0","22",",0","0",",0","","","20071024",",,0","20071031","+,,0","20071031","+,,0","","","20071008",",,0","20071002",",,0","3.3",",0,24,","0",",,0,31,+","0",",,0,31,+","96.0",",,0,08,","31.7",",0,02,","69.2","0","69.2",",0","213.1",",,,0","0",",,,0","18.20",",0","24.21",",,,0","12.18",",,,0"
"USC00346130","2007-11","35.778","-95.3338","157.9","MUSKOGEE, OK US","","","12.3",",0","","","","","","","0",",0","0",",0","0",",0","8",",0","0",",0","12",",0","0",",0","","","20071128","+,,0","20071130","+,,0","20071130","+,,0","","","","","20071112","+,,0","-4.4",",0,28,+","0",",,0,30,+","0",",,0,30,+","","","26.1",",0,12,+","284.0","0","214.8",",0","","","0",",,,0","11.58",",0","17.67",",,,0","5.49",",,,0"
"USC00346130","2007-12","35.778","-95.3338","157.9","MUSKOGEE, OK US","","","0.0",",0","","","","","","","0",",0","0","1,0","0",",0","21",",0","0",",0","1",",0","0",",0","","","20071223","+,,0","20071231","+,,0","20071231","+,1,0","","","","","20071201",",,0","-7.8",",0,23,+","0",",,0,31,+","0","1,,0,31,+","","","23.3",",0,01,","716.7","0","432.7",",0","","","0","1,,,0","4.37",",0","10.09",",,,0","-1.35",",,,0"
"USC00346130","2008-01","35.778","-95.3338","157.9","MUSKOGEE, OK US","0.0","0","0.0","1,0","5","3,0","2","3,0","0","3,0","0",",0","0",",0","0","1,0","26","1,0","4",",0","2",",0","0",",0","","","20080123","+,1,0","20080131","+,,0","20080131","+,,0","","","20080107",",3,0","20080106",",,0","-11.1","1,0,23,+","0",",,0,31,+","0",",,0,31,+","16.3","3,,0,07,","23.3",",0,06,","1215.7","0","499.0",",0","23.7","3,,,0","0",",,,0","1.95","1,0","8.39",",,,0","-4.49","1,,,0"
"USC00346130","2008-02","35.778","-95.3338","157.9","MUSKOGEE, OK US","2.5","0","2.5","1,0","8",",0","4",",0","1",",0","0",",0","0","1,0","0",",0","21",",0","0","1,0","3","1,0","0","1,0","","","20080213","+,,0","20080229","+,,0","20080229","+,1,0","","","20080216",",,0","20080204",",1,0","-8.9",",0,13,+","0",",,0,29,+","0","1,,0,29,+","51.8",",,0,16,","26.1","1,0,04,","1575.6","0","359.9","1,0","80.1",",,,0","0","1,,,0","5.56","1,0","12.72","1,,,0","-1.60",",,,0"
"USC00346130","2008-03","35.778","-95.3338","157.9","MUSKOGEE, OK US","6.1","0","3.6",",0","","","","","","","0",",0","0",",0","0",",0","11",",0","0",",0","12",",0","0",",0","","","20080309","+,,0","20080331","+,,0","20080331","+,,0","2","","","","20080327",",,0","-5.6",",0,09,+","0",",,0,31,+","0",",,0,31,+","","","26.7",",0,27,","1820.7","0","245.1",",0","","","0",",,,0","10.54",",0","17.29",",,,0","3.80",",,,0"
"USC00346130","2008-04","35.778","-95.3338","157.9","MUSKOGEE, OK US","31.6","0","25.5",",0","","","","","","","0",",0","0",",0","0",",0","3",",0","0",",0","16",",0","0",",0","","","20080413",",,0","20080430","+,,0","20080430","+,,0","","","","","20080422",",,0","-2.2",",0,13,","0",",,0,30,+","0",",,0,30,+","","","28.9",",0,22,","1957.4","0","136.7",",0","","","0",",,,0","14.63",",0","20.89",",,,0","8.37",",,,0"
"USC00346130","2008-05","35.778","-95.3338","157.9","MUSKOGEE, OK US","125.1","0","93.5","1,0","","","","","","","0",",0","0",",0","0","1,0","0","1,0","0",",0","28",",0","2",",0","","","20080511","+,1,0","20080531","+,,0","20080531","+,,0","3","","","","20080519",",,0","4.4","1,0,11,+","0",",,0,31,+","0",",,0,31,+","","","33.9",",0,19,","1982.1","0","24.7",",0","","","0",",,,0","20.61","1,0","26.76",",,,0","14.46","1,,,0"
"USC00346130","2008-06","35.778","-95.3338","157.9","MUSKOGEE, OK US","321.1","0","196.0","2,0","","","","","","","0",",0","0",",0","0","2,0","0","2,0","0","2,0","27","2,0","10","2,0","","","20080609",",2,0","20080630","+,,0","20080630","+,,0","2","","","","20080622",",2,0","14.4","2,0,09,","0",",,0,30,+","0",",,0,30,+","","","34.4","2,0,22,","1982.9","0","0.8","2,0","","","0",",,,0","25.30","2,0","30.06","2,,,0","20.54","2,,,0"
"USC00346130","2008-08","35.778","-95.3338","157.9","MUSKOGEE, OK US","","","247.6",",0","9",",0","3",",0","2",",0","0","1,0","0",",0","0",",0","0",",0","0",",0","31",",0","12",",0","","","20080813",",,0","20080831","+,1,0","20080831","+,,0","","","20080809",",,0","20080803",",,0","17.2",",0,13,","0","1,,0,31,+","0",",,0,31,+","74.2",",,0,09,","40.0",",0,03,","","","0.0",",0","161.8",",,,0","0",",,,0","26.32",",0","31.35",",,,0","21.29",",,,0"
"USC00346130","2008-09","35.778","-95.3338","157.9","MUSKOGEE, OK US","","","123.3",",0","","","","","","","0",",0","0",",0","0",",0","0",",0","0",",0","30",",0","3",",0","","","20080930",",,0","20080930","+,,0","20080930","+,,0","1","","","","20080913",",,0","8.3",",0,30,","0",",,0,30,+","0",",,0,30,+","","","33.3",",0,13,","","","4.2",",0","","","0",",,,0","22.30",",0","28.47",",,,0","16.13",",,,0"
"USC00346130","2008-11","35.778","-95.3338","157.9","MUSKOGEE, OK US","","","6.7",",0","4",",0","2",",0","0",",0","0","1,0","0",",0","0",",0","12",",0","0",",0","8",",0","0",",0","","","20081120",",,0","20081130","+,1,0","20081130","+,,0","","","20081110",",,0","20081102",",,0","-4.4",",0,20,","0","1,,0,30,+","0",",,0,30,+","17.3",",,0,10,","27.2",",0,02,","","","266.1",",0","26.2",",,,0","0",",,,0","9.69",",0","16.68",",,,0","2.69",",,,0"
"USC00346130","2008-12","35.778","-95.3338","157.9","MUSKOGEE, OK US","","","0.8","4,0","4",",0","3",",0","0",",0","0",",0","0",",0","0","3,0","20","3,0","4","1,0","4","1,0","0","1,0","","","20081221","+,3,0","20081231","+,,0","20081231","+,,0","1","","20081227",",,0","20081226",",1,0","-12.2","3,0,21,+","0",",,0,31,+","0",",,0,31,+","19.1",",,0,27,","24.4","1,0,26,","","","394.3","1,0","40.7",",,,0","0",",,,0","3.85","4,0","10.68","1,,,0","-2.98","3,,,0"
"USC00346130","2009-02","35.778","-95.3338","157.9","MUSKOGEE, OK US","","","0.0",",0","4",",0","3",",0","1",",0","0","1,0","0",",0","0",",0","14",",0","0",",0","5",",0","0",",0","","","20090203",",,0","20090228","+,1,0","20090228","+,,0","","","20090210",",,0","20090226",",,0","-11.1",",0,03,","0","1,,0,28,+","0",",,0,28,+","36.6",",,0,10,","26.7",",0,26,","","","304.9",",0","45.2",",,,0","0",",,,0","7.44",",0","14.02",",,,0","0.87",",,,0"
"USC00346130","2009-03","35.778","-95.3338","157.9","MUSKOGEE, OK US","","","18.1",",0","9",",0","6",",0","0",",0","0",",0","0",",0","0",",0","5",",0","0",",0","15",",0","0",",0","","","20090301",",,0","20090331","+,,0","20090331","+,,0","1","","20090324",",,0","20090318","+,,0","-8.9",",0,01,","0",",,0,31,+","0",",,0,31,+","18.0",",,0,24,","28.3",",0,18,+","","","208.9",",0","61.7",",,,0","0",",,,0","12.18",",0","18.10",",,,0","6.25",",,,0"
"USC00346130","2009-05","35.778","-95.3338","157.9","MUSKOGEE, OK US","","","71.0","1,0","14",",0","8",",0","2",",0","","","0",",0","0","1,0","0","1,0","0",",0","24",",0","2",",0","","","20090517",",1,0","","","20090531","+,,0","3","","20090502",",,0","20090531","+,,0","7.8","1,0,17,","","","0",",,0,31,+","40.6",",,0,02,","32.2",",0,31,+","","","30.3",",0","163.1",",,,0","0",",,,0","19.63","1,0","24.79",",,,0","14.46","1,,,0"
"USC00346130","2009-06","35.778","-95.3338","157.9","MUSKOGEE, OK US","","","","","5",",0","5",",0","1",",0","0",",0","0",",0","","","","","","","","","","","","","","","20090630","+,,0","20090630","+,,0","1","","20090612",",,0","","","","","0",",,0,30,+","0",",,0,30,+","25.7",",,0,12,","","","","","","","57.1",",,,0","0",",,,0","","","","","",""
"USC00346130","2009-07","35.778","-95.3338","157.9","MUSKOGEE, OK US","","","250.1","2,0","","","","","","","0",",0","0",",0","0","2,0","0","2,0","0","1,0","30","1,0","19","1,0","","","20090717",",2,0","20090731","+,,0","20090731","+,,0","","","","","20090715",",1,0","13.9","2,0,17,","0",",,0,31,+","0",",,0,31,+","","","39.4","1,0,15,","0.0","0","0.0","1,0","","","0",",,,0","26.89","2,0","33.10","1,,,0","20.69","2,,,0"
"USC00346130","2009-08","35.778","-95.3338","157.9","MUSKOGEE, OK US","","","234.2","1,0","5",",0","4",",0","2",",0","0",",0","0",",0","0","1,0","0","1,0","0",",0","31",",0","14",",0","","","20090830",",1,0","20090831","+,,0","20090831","+,,0","","","20090810",",,0","20090804",",,0","13.3","1,0,30,","0",",,0,31,+","0",",,0,31,+","28.4",",,0,10,","37.8",",0,04,","0.0","0","0.0",",0","71.0",",,,0","0",",,,0","26.13","1,0","32.19",",,,0","20.07","1,,,0"
"USC00346130","2009-09","35.778","-95.3338","157.9","MUSKOGEE, OK US","","","113.0","2,0","15",",0","10",",0","3",",0","0",",0","0",",0","0","2,0","0","2,0","0","1,0","28","1,0","3","1,0","","","20090928",",2,0","20090930","+,,0","20090930","+,,0","2","","20090921",",,0","20090927","+,1,0","6.7","2,0,28,","0",",,0,30,+","0",",,0,30,+","57.2",",,0,21,","32.8","1,0,27,+","11.4","0","11.4","1,0","177.4",",,,0","0",",,,0","22.06","2,0","26.95","1,,,0","17.16","2,,,0"
"USC00346130","2009-11","35.778","-95.3338","157.9","MUSKOGEE, OK US","","","4.8",",0","5",",0","3",",0","1",",0","0",",0","0",",0","0",",0","4",",0","0",",0","16",",0","0",",0","","","20091126",",,0","20091130","+,,0","20091130","+,,0","","","20091120",",,0","20091104",",,0","-3.3",",0,26,","0",",,0,30,+","0",",,0,30,+","42.7",",,0,20,","31.1",",0,04,","","","143.3",",0","65.2",",,,0","0",",,,0","13.72",",0","19.91",",,,0","7.52",",,,0"
"USC00346130","2009-12","35.778","-95.3338","157.9","MUSKOGEE, OK US","","","0.0",",0","10",",0","3",",0","1",",0","","","","","0",",0","23",",0","1",",0","0",",0","0",",0","","","20091209",",,0","","","","","","","20091224",",,0","20091223",",,0","-12.2",",0,09,","","","","","26.7",",,0,24,","17.8",",0,23,","","","493.4",",0","41.9",",,,0","","","2.42",",0","8.31",",,,0","-3.48",",,,0"
"USC00346130","2010-01","35.778","-95.3338","157.9","MUSKOGEE, OK US","0.0","0","0.0",",0","10",",0","5",",0","1",",0","0","2,0","0","2,0","0",",0","16",",0","7",",0","1",",0","0",",0","","","20100109",",,0","20100103",",2,0","20100103",",2,0","","","20100128",",,0","20100119",",,0","-17.2",",0,09,","0","2,T,0,03,","0","2,T,0,03,","26.4",",,0,28,","21.7",",0,19,","","","480.5",",0","57.0",",,,0","0","2,T,,0","2.83",",0","7.83",",,,0","-2.16",",,,0"
"USC00346130","2010-02","35.778","-95.3338","157.9","MUSKOGEE, OK US","0.0","0","0.0",",0","9",",0","4",",0","0",",0","0",",0","0",",0","0",",0","17",",0","0",",0","0",",0","0",",0","","","20100208",",,0","20100228","+,,0","20100228","+,,0","","","20100220",",,0","20100219",",,0","-8.3",",0,08,","0",",,0,28,+","0",",,0,28,+","23.9",",,0,20,","16.1",",0,19,","","","430.6",",0","42.0",",,,0","0",",,,0","2.95",",0","7.77",",,,0","-1.86",",,,0"
"USC00346130","2010-03","35.778","-95.3338","157.9","MUSKOGEE, OK US","8.3","0","8.3",",0","7",",0","7",",0","0",",0","2","2,0","1",",0","0",",0","3",",0","0",",0","10",",0","0",",0","","","20100303","+,,0","20100320",",2,0","20100320",",,0","","","20100308",",,0","20100331",",,0","-7.2",",0,03,+","76","2,,0,20,","64",",,0,20,","13.7",",,0,08,","29.4",",0,31,","","","222.9",",0","54.3",",,,0","64",",,,0","11.41",",0","17.42",",,,0","5.40",",,,0"
"USC00346130","2010-04","35.778","-95.3338","157.9","MUSKOGEE, OK US","51.3","0","43.0",",0","8",",0","4",",0","0",",0","0",",0","0",",0","0",",0","0",",0","0",",0","24",",0","0",",0","","","20100408","+,,0","20100430","+,,0","20100430","+,,0","","","20100402",",,0","20100413",",,0","2.8",",0,08,+","0",",,0,30,+","0",",,0,30,+","19.8",",,0,02,","28.9",",0,13,","","","54.0",",0","57.3",",,,0","0",",,,0","17.97",",0","24.05",",,,0","11.89",",,,0"
"USC00346130","2010-05","35.778","-95.3338","157.9","MUSKOGEE, OK US","175.9","0","124.6",",0","11",",0","7",",0","2",",0","0",",0","0",",0","0",",0","0",",0","0",",0","28",",0","7",",0","","","20100507",",,0","20100531","+,,0","20100531","+,,0","","","20100519",",,0","20100525",",,0","6.1",",0,07,","0",",,0,31,+","0",",,0,31,+","107.2",",,0,19,","33.9",",0,25,","","","15.6",",0","201.2",",,,0","0",",,,0","21.85",",0","27.29",",,,0","16.41",",,,0"
"USC00346130","2010-06","35.778","-95.3338","157.9","MUSKOGEE, OK US","457.1","0","281.2",",0","5",",0","5",",0","1",",0","0",",0","0",",0","0",",0","0",",0","0",",0","30",",0","23",",0","","","20100603","+,,0","20100630","+,,0","20100630","+,,0","","","20100614",",,0","20100623","+,,0","18.3",",0,03,+","0",",,0,30,+","0",",,0,30,+","50.8",",,0,14,","36.1",",0,23,+","","","0.0",",0","107.9",",,,0","0",",,,0","27.71",",0","32.91",",,,0","22.50",",,,0"
"USC00346130","2010-07","35.778","-95.3338","157.9","MUSKOGEE, OK US","779.8","0","322.7",",0","9",",0","5",",0","1",",0","0",",0","0",",0","0",",0","0",",0","0",",0","31",",0","23",",0","","","20100706",",,0","20100731","+,,0","20100731","+,,0","","","20100707",",,0","20100731",",,0","21.1",",0,06,","0",",,0,31,+","0",",,0,31,+","100.3",",,0,07,","37.8",",0,31,","0.0","0","0.0",",0","124.6",",,,0","0",",,,0","28.74",",0","33.49",",,,0","23.99",",,,0"
"USC00346130","2010-08","35.778","-95.3338","157.9","MUSKOGEE, OK US","1139.2","0","359.4",",0","3",",0","3",",0","1",",0","0",",0","0",",0","0",",0","0",",0","0",",0","31",",0","28",",0","","","20100825",",,0","20100831","+,,0","20100831","+,,0","","","20100831",",,0","20100813","+,,0","12.8",",0,25,","0",",,0,31,+","0",",,0,31,+","25.7",",,0,31,","40.6",",0,13,+","0.0","0","0.0",",0","37.9",",,,0","0",",,,0","29.93",",0","36.94",",,,0","22.92",",,,0"
"USC00346130","2010-09","35.778","-95.3338","157.9","MUSKOGEE, OK US","1303.7","0","164.5",",0","8",",0","8",",0","2",",0","0",",0","0",",0","0",",0","0",",0","0",",0","29",",0","8",",0","","","20100928",",,0","20100930","+,,0","20100930","+,,0","","","20100908",",,0","20100902",",,0","6.1",",0,28,","0",",,0,30,+","0",",,0,30,+","66.8",",,0,08,","35.6",",0,02,","12.4","0","12.4",",0","149.4",",,,0","0",",,,0","23.40",",0","29.48",",,,0","17.32",",,,0"
"USC00346130","2010-10","35.778","-95.3338","157.9","MUSKOGEE, OK US","1321.9","0","18.2",",0","6",",0","3",",0","0",",0","0",",0","0",",0","0",",0","2",",0","0",",0","26",",0","0",",0","","","20101029","+,,0","20101031","+,,0","20101031","+,,0","","","20101023",",,0","20101008","+,,0","-1.1",",0,29,+","0",",,0,31,+","0",",,0,31,+","18.3",",,0,23,","30.0",",0,08,+","94.1","0","81.7",",0","41.5",",,,0","0",",,,0","16.29",",0","24.69",",,,0","7.88",",,,0"
"USC00346130","2010-11","35.778","-95.3338","157.9","MUSKOGEE, OK US","1322.7","0","0.8","1,0","9",",0","8",",0","0",",0","0",",0","0",",0","0","1,0","8","1,0","0",",0","10",",0","0",",0","","","20101125",",1,0","20101130","+,,0","20101130","+,,0","","","20101125",",,0","20101124","+,,0","-8.3","1,0,25,","0",",,0,30,+","0",",,0,30,+","16.0",",,0,25,","25.0",",0,24,+","321.5","0","227.4",",0","55.3",",,,0","0",",,,0","10.59","1,0","17.61",",,,0","3.56","1,,,0"
"USC00346130","2010-12","35.778","-95.3338","157.9","MUSKOGEE, OK US","","","","","3",",0","3",",0","0",",0","0",",0","0",",0","","","","","","","","","","","","","","","20101231","+,,0","20101231","+,,0","","","20101227",",,0","","","","","0",",,0,31,+","0",",,0,31,+","11.7",",,0,27,","","","","","","","22.1",",,,0","0",",,,0","","","","","",""
"USC00346130","2011-01","35.778","-95.3338","157.9","MUSKOGEE, OK US","","","","","6",",7","1",",7","0",",7","","","","","","","","","","","","","","","","","","","","","","","","","20110131",",,7","","","","","","","","","2.5",",,7,31,","","","","","","","6.7",",,,7","","","","","","","",""
"USC00346130","2011-02","35.778","-95.3338","157.9","MUSKOGEE, OK US","","","2.2",",7","4",",7","2",",7","0",",7","","","","","2",",7","16",",7","6",",7","7",",7","0",",7","","","20110210","+,,7","","","","","","","20110224",",,7","20110217",",,7","-22.8",",7,10,+","","","","","15.2",",,7,24,","24.4",",7,17,","","","403.2",",7","23.3",",,,7","","","4.01",",7","10.75",",,,7","-2.73",",,,7"
"USC00346130","2011-03","35.778","-95.3338","157.9","MUSKOGEE, OK US","","","11.9",",7","7",",7","3",",7","0",",7","","","","","0",",7","6",",7","0",",7","11",",7","0",",7","","","20110305",",,7","","","","","","","20110313",",,7","20110320","+,,7","-5.0",",7,05,","","","","","18.0",",,7,13,","27.2",",7,20,+","","","226.3",",7","32.0",",,,7","","","11.42",",7","17.09",",,,7","5.75",",,,7"
"USC00346130","2011-04","35.778","-95.3338","157.9","MUSKOGEE, OK US","","","38.0",",7","10",",7","7",",7","3",",7","","","","","0",",7","2",",7","0",",7","22",",7","0",",7","","","20110404",",,7","","","","","","","20110424",",,7","20110409",",,7","-2.8",",7,04,","","","","","113.8",",,7,24,","31.1",",7,09,","","","83.9",",7","262.7",",,,7","","","16.80",",7","23.63",",,,7","9.97",",,,7"
"USC00346130","2011-05","35.778","-95.3338","157.9","MUSKOGEE, OK US","","","100.3",",7","12",",7","8",",7","2",",7","","","","","0",",7","1",",7","0",",7","27",",7","1",",7","","","20110502",",,7","","","","","","","20110523",",,7","20110528",",,7","0.0",",7,02,","","","","","99.3",",,7,23,","32.8",",7,28,","","","52.2",",7","202.2",",,,7","","","19.88",",7","25.50",",,,7","14.27",",,,7"
"USC00346130","2011-06","35.778","-95.3338","157.9","MUSKOGEE, OK US","","","305.9",",7","3",",7","3",",7","0",",7","","","","","0",",7","0",",7","0",",7","30",",7","29",",7","","","20110621",",,7","","","","","","","20110615",",,7","20110630",",,7","17.2",",7,21,","","","","","13.2",",,7,15,","38.3",",7,30,","","","0.0",",7","19.0",",,,7","","","28.53",",7","34.70",",,,7","22.35",",,,7"
"USC00346130","2011-07","35.778","-95.3338","157.9","MUSKOGEE, OK US","","","420.8",",7","6",",7","4",",7","0",",7","","","","","0",",7","0",",7","0",",7","31",",7","31",",7","","","20110704",",,7","","","","","","","20110726",",,7","20110724",",,7","20.6",",7,04,","","","","","10.2",",,7,26,","42.2",",7,24,","0.0","7","0.0",",7","24.0",",,,7","","","31.91",",7","38.82",",,,7","25.00",",,,7"
"USC00346130","2011-08","35.778","-95.3338","157.9","MUSKOGEE, OK US","","","377.7",",7","10",",7","8",",7","2",",7","","","","","0",",7","0",",7","0",",7","31",",7","30",",7","","","20110828","+,,7","","","","","","","20110809",",,7","20110803",",,7","18.9",",7,28,+","","","","","30.5",",,7,09,","45.6",",7,03,","0.0","7","0.0",",7","110.3",",,,7","","","30.52",",7","37.59",",,,7","23.44",",,,7"
"USC00346130","2011-09","35.778","-95.3338","157.9","MUSKOGEE, OK US","","","","","6",",7","5",",7","1",",7","","","","","","","","","","","","","","","","","","","","","","","","","20110921",",,7","","","","","","","","","26.7",",,7,21,","","","","","","","75.7",",,,7","","","","","","","",""
"USC00346130","2011-10","35.778","-95.3338","157.9","MUSKOGEE, OK US","","","42.7",",7","8",",7","5",",7","1",",7","","","","","0",",7","4",",7","0",",7","25",",7","2",",7","","","20111020","+,,7","","","","","","","20111022",",,7","20111016",",,7","-3.3",",7,20,+","","","","","31.7",",,7,22,","33.3",",7,16,","","","91.2",",7","66.4",",,,7","","","16.77",",7","24.92",",,,7","8.63",",,,7"
"USC00346130","2011-11","35.778","-95.3338","157.9","MUSKOGEE, OK US","","","1.4","1,7","8",",7","7",",7","4",",7","","","","","0","1,7","10","1,7","0",",7","7",",7","0",",7","","","20111129",",1,7","","","","","","","20111107",",,7","20111112",",,7","-6.1","1,7,29,","","","","","87.1",",,7,07,","26.7",",7,12,","","","246.6",",7","200.2",",,,7","","","10.05","1,7","16.14",",,,7","3.97","1,,,7"
"USC00346130","2011-12","35.778","-95.3338","157.9","MUSKOGEE, OK US","","","0.0","1,7","7","1,7","4","1,7","0","1,7","","","","","0","1,7","16","1,7","1","1,7","0","1,7","0","1,7","","","20111206",",1,7","","","","","","","20111203",",1,7","20111231",",1,7","-9.4","1,7,06,","","","","","19.3","1,,7,03,","20.0","1,7,31,","","","393.9","1,7","45.3","1,,,7","","","5.20","1,7","10.96","1,,,7","-0.55","1,,,7"
"USC00346130","2012-01","35.778","-95.3338","157.9","MUSKOGEE, OK US","0.0","7","0.0",",7","4",",7","3",",7","1",",7","","","","","0",",7","23",",7","0",",7","1",",7","0",",7","","","20120113","+,,7","","","","","","","20120124",",,7","20120116",",,7","-9.4",",7,13,+","","","","","52.8",",,7,24,","21.1",",7,16,","","","370.4",",7","76.9",",,,7","","","6.39",",7","14.21",",,,7","-1.44",",,,7"
"USC00346130","2012-02","35.778","-95.3338","157.9","MUSKOGEE, OK US","0.0","7","0.0",",7","7",",7","5",",7","1",",7","","","","","0",",7","14",",7","0",",7","3",",7","0",",7","","","20120211",",,7","","","","","","","20120203",",,7","20120222",",,7","-11.1",",7,11,","","","","","38.6",",,7,03,","22.8",",7,22,","","","328.0",",7","60.1",",,,7","","","7.02",",7","13.19",",,,7","0.85",",,,7"
"USC00346130","2012-03","35.778","-95.3338","157.9","MUSKOGEE, OK US","43.4","7","43.4","1,7","7",",7","6",",7","1",",7","","","","","0",",7","5",",7","0","1,7","21","1,7","0","1,7","","","20120303",",,7","","","","","","","20120319",",,7","20120331",",1,7","-2.2",",7,03,","","","","","106.4",",,7,19,","30.0","1,7,31,","","","94.4","1,7","185.0",",,,7","","","16.46","1,7","23.03","1,,,7","9.89",",,,7"
"USC00346130","2012-04","35.778","-95.3338","157.9","MUSKOGEE, OK US","89.9","7","46.5",",7","9",",7","6",",7","0",",7","","","","","0",",7","0",",7","0",",7","20",",7","0",",7","","","20120422","+,,7","","","","","","","20120429",",,7","20120426","+,,7","2.8",",7,22,+","","","","","16.8",",,7,29,","30.6",",7,26,+","","","60.2",",7","51.7",",,,7","","","17.88",",7","23.50",",,,7","12.25",",,,7"
"USC00346130","2012-05","35.778","-95.3338","157.9","MUSKOGEE, OK US","214.2","7","124.3","3,7","3","3,7","1","3,7","0","3,7","","","","","0","3,7","0","3,7","0","3,7","28","3,7","5","3,7","","","20120521",",3,7","","","","","","","20120511",",3,7","20120528",",3,7","8.3","3,7,21,","","","","","6.9","3,,7,11,","33.9","3,7,28,","","","3.9","3,7","8.2","3,,,7","","","22.63","3,7","28.69","3,,,7","16.57","3,,,7"
"USC00346130","2012-07","35.778","-95.3338","157.9","MUSKOGEE, OK US","","","384.2",",7","4",",7","4",",7","1",",7","","","","","0",",7","0",",7","0",",7","31",",7","30",",7","","","20120714",",,7","","","","","","","20120726",",,7","20120729",",,7","18.3",",7,14,","","","","","32.0",",,7,26,","43.3",",7,29,","0.0","7","0.0",",7","61.0",",,,7","","","30.73",",7","38.08",",,,7","23.37",",,,7"
"USC00346130","2012-08","35.778","-95.3338","157.9","MUSKOGEE, OK US","","","304.6",",7","8",",7","5",",7","0",",7","","","","","0",",7","0",",7","0",",7","31",",7","25",",7","","","20120810",",,7","","","","","","","20120825",",,7","20120801",",,7","12.8",",7,10,","","","","","23.4",",,7,25,","43.9",",7,01,","0.0","7","0.0",",7","52.1",",,,7","","","28.16",",7","35.69",",,,7","20.63",",,,7"
"USC00346130","2012-09","35.778","-95.3338","157.9","MUSKOGEE, OK US","","","187.5",",7","9",",7","5",",7","2",",7","","","","","0",",7","0",",7","0",",7","29",",7","15",",7","","","20120908",",,7","","","","","","","20120929",",,7","20120904",",,7","9.4",",7,08,","","","","","61.5",",,7,29,","41.7",",7,04,","1.6","7","1.6",",7","146.3",",,,7","","","24.53",",7","31.39",",,,7","17.67",",,,7"
"USC00346130","2012-10","35.778","-95.3338","157.9","MUSKOGEE, OK US","","","30.2",",7","5",",7","3",",7","0",",7","","","","","0",",7","3",",7","0",",7","20",",7","0",",7","","","20121027",",,7","","","","","","","20121012",",,7","20121004",",,7","-3.3",",7,27,","","","","","14.5",",,7,12,","30.0",",7,04,","125.8","7","124.2",",7","31.5",",,,7","","","15.30",",7","22.04",",,,7","8.56",",,,7"
"USC00346130","2012-11","35.778","-95.3338","157.9","MUSKOGEE, OK US","","","2.5",",7","2",",7","1",",7","0",",7","0",",7","0",",7","0",",7","13",",7","0",",7","9",",7","0",",7","","","20121123","+,,7","20121130","+,,7","20121130","+,,7","","","20121110",",,7","20121102",",,7","-6.1",",7,23,+","0",",,7,30,+","0",",,7,30,+","18.3",",,7,10,","29.4",",7,02,","388.4","7","262.6",",7","18.6",",,,7","0",",,,7","9.66",",7","17.68",",,,7","1.64",",,,7"
"USC00346130","2012-12","35.778","-95.3338","157.9","MUSKOGEE, OK US","","","5.9","1,7","5","1,7","3","1,7","0","1,7","","","","","0","1,7","16","1,7","1","1,7","4","1,7","0","1,7","","","20121210",",1,7","","","","","","","20121231",",1,7","20121203","+,1,7","-10.0","1,7,10,","","","","","10.9","1,,7,31,","25.6","1,7,03,+","740.6","7","352.2","1,7","22.3","1,,,7","","","6.79","1,7","13.22","1,,,7","0.36","1,,,7"
"USC00346130","2013-01","35.778","-95.3338","157.9","MUSKOGEE, OK US","3.3","7","3.3",",7","5",",7","3",",7","1",",7","","","","","0",",7","23",",7","0",",7","3",",7","0",",7","","","20130115",",,7","","","","","","","20130129",",,7","20130128",",,7","-10.6",",7,15,","","","","","44.2",",,7,29,","23.9",",7,28,","1169.7","7","429.1",",7","64.8",",,,7","","","4.60",",7","11.26",",,,7","-2.06",",,,7"
"USC00346130","2013-02","35.778","-95.3338","157.9","MUSKOGEE, OK US","3.3","7","0.0",",7","7",",7","5",",7","1",",7","","","","","0",",7","20",",7","0",",7","0",",7","0",",7","","","20130201",",,7","","","","","","","20130225",",,7","20130217",",,7","-7.2",",7,01,","","","","","35.8",",,7,25,","20.6",",7,17,","1525.5","7","355.8",",7","90.2",",,,7","","","5.63",",7","11.90",",,,7","-0.65",",,,7"
"USC00346130","2013-03","35.778","-95.3338","157.9","MUSKOGEE, OK US","5.5","7","2.2","2,7","8",",7","3",",7","1",",7","","","","","0","2,7","14","2,7","0","2,7","6","2,7","0","2,7","","","20130326","+,2,7","","","","","","","20130309",",,7","20130315",",2,7","-7.2","2,7,26,+","","","","","36.3",",,7,09,","27.2","2,7,15,","1827.5","7","302.0","2,7","75.4",",,,7","","","7.99","2,7","14.14","2,,,7","1.85","2,,,7"
"USC00346130","2013-04","35.778","-95.3338","157.9","MUSKOGEE, OK US","24.9","7","19.4","1,7","9",",7","6",",7","3",",7","","","","","0","1,7","2","1,7","0",",7","17",",7","0",",7","","","20130424",",1,7","","","","","","","20130410",",,7","20130429",",,7","-1.1","1,7,24,","","","","","34.0",",,7,10,","30.6",",7,29,","1983.5","7","156.0",",7","144.2",",,,7","","","13.71","1,7","20.01",",,,7","7.41","1,,,7"
"USC00346130","2013-05","35.778","-95.3338","157.9","MUSKOGEE, OK US","115.6","7","90.7",",7","12",",7","8",",7","3",",7","","","","","0",",7","0",",7","0",",7","25",",7","0",",7","","","20130502",",,7","","","","","","","20130529",",,7","20130531",",,7","1.1",",7,02,","","","","","37.8",",,7,29,","31.7",",7,31,","2042.1","7","58.6",",7","163.1",",,,7","","","19.37",",7","24.75",",,,7","13.99",",,,7"
"USC00346130","2013-06","35.778","-95.3338","157.9","MUSKOGEE, OK US","333.2","7","217.6",",7","5",",7","4",",7","1",",7","","","","","0",",7","0",",7","0",",7","30",",7","16",",7","","","20130602",",,7","","","","","","","20130616",",,7","20130627",",,7","10.6",",7,02,","","","","","42.7",",,7,16,","36.1",",7,27,","2043.7","7","1.6",",7","71.0",",,,7","","","25.53",",7","31.24",",,,7","19.82",",,,7"
"USC00346130","2013-07","35.778","-95.3338","157.9","MUSKOGEE, OK US","606.8","7","273.6",",7","9",",7","6",",7","1",",7","","","","","0",",7","0",",7","0",",7","31",",7","19",",7","","","20130702","+,,7","","","","","","","20130723",",,7","20130723","+,,7","12.8",",7,02,+","","","","","36.3",",,7,23,","38.9",",7,23,+","0.0","7","0.0",",7","92.0",",,,7","","","27.16",",7","33.21",",,,7","21.11",",,,7"
"USC00346130","2013-08","35.778","-95.3338","157.9","MUSKOGEE, OK US","865.3","7","258.5","1,7","6",",7","2",",7","2",",7","","","","","0","1,7","0","1,7","0","1,7","30","1,7","17","1,7","","","20130817","+,1,7","","","","","","","20130808",",,7","20130806",",1,7","15.6","1,7,17,+","","","","","59.2",",,7,08,","38.3","1,7,06,","0.0","7","0.0","1,7","95.9",",,,7","","","26.95","1,7","32.79","1,,,7","21.11","1,,,7"
"USC00346130","2013-10","35.778","-95.3338","157.9","MUSKOGEE, OK US","","","38.2",",7","10",",7","7",",7","1",",7","","","","","0",",7","1",",7","0",",7","18",",7","0",",7","","","20131025",",,7","","","","","","","20131014",",,7","20131004","+,,7","0.0",",7,25,","","","","","34.8",",,7,14,","30.6",",7,04,+","","","124.7",",7","102.2",",,,7","","","15.54",",7","21.87",",,,7","9.22",",,,7"
"USC00346130","2013-11","35.778","-95.3338","157.9","MUSKOGEE, OK US","","","1.7","1,7","7",",7","5",",7","0",",7","","","","","0","1,7","12","1,7","1","1,7","6","1,7","0","1,7","","","20131112",",1,7","","","","","","","20131105",",,7","20131116",",1,7","-7.8","1,7,12,","","","","","14.7",",,7,05,","23.9","1,7,16,","","","301.2","1,7","46.4",",,,7","","","8.01","1,7","14.64","1,,,7","1.37","1,,,7"
"USC00346130","2013-12","35.778","-95.3338","157.9","MUSKOGEE, OK US","","","0.0",",7","4",",7","3",",7","1",",7","","","","","0",",7","24",",7","8",",7","0",",7","0",",7","","","20131207",",,7","","","","","","","20131220",",,7","20131218",",,7","-13.9",",7,07,","","","","","27.4",",,7,20,","19.4",",7,18,","","","520.3",",7","56.4",",,,7","","","1.55",",7","7.67",",,,7","-4.57",",,,7"
"USC00346130","2014-01","35.778","-95.3338","157.9","MUSKOGEE, OK US","0.0","","0.0","3,7","4","2,7","2","2,7","0","2,7","","","","","2","3,7","27","3,7","7","2,7","3","2,7","0","2,7","","","20140124","+,3,7","","","","","","","20140110",",2,7","20140126","+,2,7","-17.8","3,7,24,+","","","","","18.5","2,,7,10,","21.7","2,7,26,+","","","509.2","2,7","22.8","2,,,7","","","0.27","3,7","8.03","2,,,7","-7.49","3,,,7"
"USC00346130","2014-02","35.778","-95.3338","157.9","MUSKOGEE, OK US","0.0","","0.0","2,7","1","2,7","1","2,7","0","2,7","","","","","0","2,7","20","2,7","5","2,7","3","2,7","0","2,7","","","20140202",",2,7","","","","","","","20140204",",2,7","20140218",",2,7","-16.1","2,7,02,","","","","","2.5","2,,7,04,","22.8","2,7,18,","","","435.5","2,7","2.5","2,,,7","","","1.58","2,7","8.65","2,,,7","-5.49","2,,,7"
"USC00346130","2014-03","35.778","-95.3338","157.9","MUSKOGEE, OK US","0.0","","0.0",",7","7",",7","3",",7","0",",7","","","","","0",",7","16",",7","2",",7","10",",7","0",",7","","","20140302",",,7","","","","","","","20140302",",,7","20140311",",,7","-14.4",",7,02,","","","","","5.1",",,7,02,","26.7",",7,11,","","","340.4",",7","15.3",",,,7","","","7.35",",7","15.17",",,,7","-0.47",",,,7"
"USC00346130","2014-05","35.778","-95.3338","157.9","MUSKOGEE, OK US","","","","","11","4,7","6","4,7","2","4,7","","","","","","","","","","","","","","","","","","","","","","","","","20140512",",4,7","","","","","","","","","35.6","4,,7,12,","","","","","","","121.5","4,,,7","","","","","","","",""
"USC00346130","2014-06","35.778","-95.3338","157.9","MUSKOGEE, OK US","","","212.6","1,7","8",",7","7",",7","1",",7","","","","","0","1,7","0","1,7","0","1,7","29","1,7","11","1,7","","","20140610",",1,7","","","","","","","20140601",",,7","20140630",",1,7","13.3","1,7,10,","","","","","34.3",",,7,01,","34.4","1,7,30,","","","0.0","1,7","97.4",",,,7","","","25.67","1,7","30.59","1,,,7","20.74","1,,,7"
"USC00346130","2014-07","35.778","-95.3338","157.9","MUSKOGEE, OK US","","","210.9","1,7","7",",7","6",",7","4",",7","","","","","0","1,7","0","1,7","0","1,7","29","1,7","18","1,7","","","20140715",",1,7","","","","","","","20140723",",,7","20140726",",1,7","12.8","1,7,15,","","","","","32.0",",,7,23,","36.7","1,7,26,","1.1","","1.1","1,7","128.0",",,,7","","","25.33","1,7","31.09","1,,,7","19.56","1,,,7"
"USC00346130","2014-08","35.778","-95.3338","157.9","MUSKOGEE, OK US","","","285.4",",7","6",",7","4",",7","1",",7","","","","","0",",7","0",",7","0",",7","31",",7","25",",7","","","20140812",",,7","","","","","","","20140806",",,7","20140824","+,,7","14.4",",7,12,","","","","","42.7",",,7,06,","37.2",",7,24,+","1.1","","0.0",",7","79.6",",,,7","","","27.54",",7","33.83",",,,7","21.25",",,,7"
"USC00346130","2014-09","35.778","-95.3338","157.9","MUSKOGEE, OK US","","","134.9",",7","12",",7","4",",7","1",",7","","","","","0",",7","0",",7","0",",7","28",",7","7",",7","","","20140924","+,,7","","","","","","","20140901",",,7","20140905",",,7","9.4",",7,24,+","","","","","59.7",",,7,01,","35.6",",7,05,","8.6","","7.5",",7","99.7",",,,7","","","22.58",",7","28.92",",,,7","16.23",",,,7"
"USC00346130","2015-02","35.778","-95.3338","157.9","MUSKOGEE, OK US","","","0.0","4,7","4","4,7","4","4,7","0","4,7","0","4,7","0","4,7","0","4,7","21","4,7","2","4,7","2","4,7","0","4,7","","","20150217",",4,7","20150228","+,4,7","20150228","+,4,7","","","20150201",",4,7","20150215",",4,7","-11.1","4,7,17,","0","4,,7,28,+","0","4,,7,28,+","19.6","4,,7,01,","23.9","4,7,15,","","","387.8","4,7","35.7","4,,,7","0","4,,,7","2.17","4,7","9.69","4,,,7","-5.35","4,,,7"
"USC00346130","2015-03","35.778","-95.3338","157.9","MUSKOGEE, OK US","","","","","","","","","","","","","","","","","","","","","","","","","2","","","","","","","","","","","","","","","","","","","","","","","","","","","","","","","","","","","","",""
"USC00346130","2015-05","35.778","-95.3338","157.9","MUSKOGEE, OK US","","","","","","","","","","","","","","","","","","","","","","","","","","","","","","","","","1","","","","","","","","","","","","","","","","","","","","","","","","","","","","",""
"USC00346130","2015-07","35.778","-95.3338","157.9","MUSKOGEE, OK US","","","290.9","3,7","9","3,7","9","3,7","5","3,7","0","3,7","0","3,7","0","3,7","0","3,7","0","3,7","28","3,7","22","3,7","","","20150704",",3,7","20150731","+,3,7","20150731","+,3,7","","","20150703",",3,7","20150725","+,3,7","20.0","3,7,04,","0","3,,7,31,+","0","3,,7,31,+","100.1","3,,7,03,","37.2","3,7,25,+","0.0","7","0.0","3,7","382.4","3,,,7","0","3,,,7","28.72","3,7","34.10","3,,,7","23.34","3,,,7"
"USC00346130","2015-08","35.778","-95.3338","157.9","MUSKOGEE, OK US","","","","","","","","","","","","","","","","","","","","","","","","","","","","","","","","","","","","","","","","","","","","","","","","","","","","","75.7","5,a,,7","","","","","","","",""
"USC00346130","2016-02","35.778","-95.3338","157.9","MUSKOGEE, OK US","","","0.0","5,7","2","5,7","1","5,7","0","5,7","0","5,7","0","5,7","0","5,7","15","5,7","0","5,7","3","5,7","0","5,7","","","20160204",",5,7","20160229","+,5,7","20160229","+,5,7","","","20160224",",5,7","20160221",",5,7","-8.3","5,7,04,","0","5,,7,29,+","0","5,,7,29,+","17.0","5,,7,24,","25.0","5,7,21,","","","279.3","5,7","17.5","5,,,7","0","5,,,7","6.70","5,7","14.35","5,,,7","-0.95","5,,,7"
"USC00346130","2016-07","35.778","-95.3338","157.9","MUSKOGEE, OK US","","","","","4","4,7","2","4,7","1","4,7","","","","","","","","","","","","","","","","","","","","","","","","","20160703",",4,7","","","","","","","","","46.7","4,,7,03,","","","","","","","61.7","4,,,7","","","","","","","",""
"USC00346130","2016-09","35.778","-95.3338","157.9","MUSKOGEE, OK US","","","184.1","3,7","6","3,7","3","3,7","0","3,7","","","","","0","3,7","0","3,7","0","3,7","27","3,7","17","3,7","","","20160927","+,3,7","","","","","","","20160914",",3,7","20160908",",3,7","6.7","3,7,27,+","","","","","13.7","3,,7,14,","37.2","3,7,08,","","","2.5","3,7","32.5","3,,,7","","","25.06","3,7","32.59","3,,,7","17.54","3,,,7"
"USC00346130","2016-10","35.778","-95.3338","157.9","MUSKOGEE, OK US","","","88.7",",7","7",",7","5",",7","2",",7","","","0",",7","0",",7","0",",7","0",",7","30",",7","1",",7","","","20161020",",,7","","","20161031","+,,7","","","20161004",",,7","20161006",",,7","3.9",",7,20,","","","0",",,7,31,+","47.5",",,7,04,","32.8",",7,06,","","","24.1",",7","97.1",",,,7","0",",,,7","20.41",",7","27.40",",,,7","13.43",",,,7"
"USC00346130","2016-11","35.778","-95.3338","157.9","MUSKOGEE, OK US","","","17.7","1,7","5","1,7","1","1,7","0","1,7","","","","","0","1,7","8","1,7","0","1,7","12","1,7","0","1,7","","","20161120",",1,7","","","","","","","20161107",",1,7","20161102",",1,7","-3.3","1,7,20,","","","","","7.9","1,,7,07,","28.9","1,7,02,","","","176.3","1,7","11.5","1,,,7","","","12.87","1,7","19.98","1,,,7","5.75","1,,,7"
"USC00346130","2017-01","35.778","-95.3338","157.9","MUSKOGEE, OK US","0.0","","0.0",",7","8",",7","4",",7","0",",7","","","","","0",",7","21",",7","3",",7","7",",7","0",",7","","","20170108","+,,7","","","","","","","20170113",",,7","20170112","+,,7","-11.1",",7,08,+","","","","","23.4",",,7,13,","24.4",",7,12,+","","","404.0",",7","49.9",",,,7","","","5.30",",7","12.85",",,,7","-2.25",",,,7"
"USC00346130","2019-02","35.778","-95.3338","157.9","MUSKOGEE, OK US","","","0.0","3,7","11","3,7","4","3,7","0","3,7","0","3,7","0","3,7","0","3,7","14","3,7","2","3,7","0","3,7","0","3,7","","","20190209",",3,7","20190228","+,3,7","20190228","+,3,7","","","20190207",",3,7","20190215",",3,7","-10.0","3,7,09,","0","3,,7,28,+","0","3,,7,28,+","18.0","3,,7,07,","20.6","3,7,15,","","","345.4","3,7","51.6","3,,,7","0","3,,,7","4.52","3,7","9.83","3,,,7","-0.79","3,,,7"
"USC00346130","2019-03","35.778","-95.3338","157.9","MUSKOGEE, OK US","","","0.5","1,7","9","1,7","6","1,7","1","1,7","0","1,7","0","1,7","0","1,7","13","1,7","3","1,7","7","1,7","0","1,7","","","20190306","+,1,7","20190331","+,1,7","20190331","+,1,7","","","20190330",",1,7","20190325",",1,7","-13.3","1,7,06,+","0","1,,7,31,+","0","1,,7,31,+","26.2","1,,7,30,","23.9","1,7,25,","","","320.4","1,7","72.4","1,,,7","0","1,,,7","7.67","1,7","14.25","1,,,7","1.09","1,,,7"
"USC00346130","2019-04","35.778","-95.3338","157.9","MUSKOGEE, OK US","","","22.6","2,7","6","2,7","6","2,7","1","2,7","0","2,7","0","2,7","0","2,7","0","2,7","0","2,7","19","2,7","0","2,7","","","20190420","+,2,7","20190430","+,2,7","20190430","+,2,7","","","20190414",",2,7","20190410",",2,7","1.7","2,7,20,+","0","2,,7,30,+","0","2,,7,30,+","50.8","2,,7,14,","31.1","2,7,10,","","","81.9","2,7","104.7","2,,,7","0","2,,,7","16.22","2,7","23.00","2,,,7","9.43","2,,,7"
"USC00346130","2019-12","35.778","-95.3338","157.9","MUSKOGEE, OK US","","","0.0","3,7","4","3,7","2","3,7","0","3,7","0","3,7","0","3,7","0","3,7","19","3,7","0","3,7","2","3,7","0","3,7","","","20191218",",3,7","20191231","+,3,7","20191231","+,3,7","","","20191216",",3,7","20191226",",3,7","-8.3","3,7,18,","0","3,,7,31,+","0","3,,7,31,+","13.5","3,,7,16,","21.7","3,7,26,","","","357.1","3,7","16.8","3,,,7","0","3,,,7","5.58","3,7","11.80","3,,,7","-0.64","3,,,7"
"USC00346130","2021-10","35.778","-95.3338","157.9","MUSKOGEE, OK US","","","","","","","","","","","","","","","","","","","","","","","","","1","","","","","","","","","","","","","","","","","","","","","","","","","","","","","","","","","","","","",""
"USC00346130","2021-11","35.778","-95.3338","157.9","MUSKOGEE, OK US","","","0.8","1,7","6","1,7","3","1,7","0","1,7","0","1,7","0","1,7","0","1,7","7","1,7","0","1,7","7","1,7","0","1,7","","","20211126","+,1,7","20211130","+,1,7","20211130","+,1,7","","","20211111",",1,7","20211117",",1,7","-4.4","1,7,26,+","0","1,,7,30,+","0","1,,7,30,+","24.9","1,,7,11,","24.4","1,7,17,","","","250.7","1,7","46.3","1,,,7","0","1,,,7","9.72","1,7","16.47","1,,,7","2.96","1,,,7"
"USC00346130","2021-12","35.778","-95.3338","157.9","MUSKOGEE, OK US","","","2.2","3,7","9","3,7","3","3,7","1","3,7","0","3,7","0","3,7","0","3,7","8","3,7","0","3,7","12","3,7","0","3,7","1","","20211221",",3,7","20211231","+,3,7","20211231","+,3,7","","","20211218",",3,7","20211211","+,3,7","-3.3","3,7,21,","0","3,,7,31,+","0","3,,7,31,+","41.4","3,,7,18,","26.1","3,7,11,+","","","207.7","3,7","54.5","3,,,7","0","3,,,7","10.99","3,7","17.25","3,,,7","4.74","3,,,7"
"USC00346130","2022-02","35.778","-95.3338","157.9","MUSKOGEE, OK US","","","0.0","2,7","7","1,7","7","1,7","0","1,7","4","3,7","2","3,7","0","2,7","22","2,7","4","1,7","4","1,7","0","1,7","","","20220205",",2,7","20220204",",3,7","20220203",",3,7","","","20220224","+,1,7","20220201",",1,7","-11.7","2,7,05,","102","3,,7,04,","81","3,,7,03,","12.7","1,,7,24,+","22.2","1,7,01,","","","395.0","1,7","56.1","1,,,7","114","3,,,7","3.12","2,7","10.43","1,,,7","-4.19","2,,,7"
"USC00346130","2022-03","35.778","-95.3338","157.9","MUSKOGEE, OK US","","","1.7","3,7","8","2,7","6","2,7","2","2,7","0","2,7","0","2,7","0","3,7","10","3,7","0","2,7","14","2,7","0","2,7","","","20220312",",3,7","20220331","+,2,7","20220331","+,2,7","","","20220322",",2,7","20220304",",2,7","-9.4","3,7,12,","0","2,,7,31,+","0","2,,7,31,+","50.3","2,,7,22,","27.2","2,7,04,","","","236.2","2,7","129.2","2,,,7","0","2,,,7","10.06","3,7","17.89","2,,,7","2.24","3,,,7"
"USC00346130","2022-04","35.778","-95.3338","157.9","MUSKOGEE, OK US","","","26.1","3,7","13","1,7","10","1,7","3","1,7","0","1,7","0","1,7","0","3,7","3","3,7","0","1,7","18","1,7","0","1,7","","","20220410","+,3,7","20220430","+,1,7","20220430","+,1,7","","","20220425",",1,7","20220424","+,1,7","-1.1","3,7,10,+","0","1,,7,30,+","0","1,,7,30,+","37.6","1,,7,25,","27.8","1,7,24,+","","","98.9","1,7","167.4","1,,,7","0","1,,,7","15.59","3,7","21.45","1,,,7","9.73","3,,,7"
"USC00346130","2022-05","35.778","-95.3338","157.9","MUSKOGEE, OK US","","","89.5","5,7","8","5,7","7","5,7","2","5,7","0","5,7","0","5,7","0","5,7","0","5,7","0","5,7","19","5,7","6","5,7","","","20220527",",5,7","20220531","+,5,7","20220531","+,5,7","","","20220505",",5,7","20220530","+,5,7","7.8","5,7,27,","0","5,,7,31,+","0","5,,7,31,+","195.8","5,,7,05,","32.8","5,7,30,+","","","29.4","5,7","318.6","5,,,7","0","5,,,7","20.64","5,7","25.82","5,,,7","15.47","5,,,7"
"USC00346130","2023-07","35.778","-95.3338","157.9","MUSKOGEE, OK US","","","251.5","4,7","9","4,7","7","4,7","1","4,7","0","4,7","0","4,7","0","4,7","0","4,7","0","4,7","27","4,7","18","4,7","","","20230722","+,4,7","20230731","+,4,7","20230731","+,4,7","","","20230721",",4,7","20230731",",4,7","18.9","4,7,22,+","0","4,,7,31,+","0","4,,7,31,+","30.7","4,,7,21,","38.3","4,7,31,","0.0","7","0.0","4,7","98.7","4,,,7","0","4,,,7","27.65","4,7","33.44","4,,,7","21.85","4,,,7"
"USC00346130","2023-08","35.778","-95.3338","157.9","MUSKOGEE, OK US","","","261.6","5,7","5","5,7","5","5,7","2","5,7","0","5,7","0","5,7","0","5,7","0","5,7","0","5,7","26","5,7","17","5,7","","","20230816",",5,7","20230831","+,5,7","20230831","+,5,7","","","20230807",",5,7","20230805","+,5,7","14.4","5,7,16,","0","5,,7,31,+","0","5,,7,31,+","46.7","5,,7,07,","40.6","5,7,05,+","0.0","7","0.0","5,7","102.8","5,,,7","0","5,,,7","28.40","5,7","34.70","5,,,7","22.09","5,,,7"
"USC00346130","2023-11","35.778","-95.3338","157.9","MUSKOGEE, OK US","","","11.4","4,7","4","4,7","2","4,7","1","4,7","0","4,7","0","4,7","0","4,7","10","4,7","0","4,7","6","4,7","0","4,7","","","20231127","+,4,7","20231130","+,4,7","20231130","+,4,7","","","20231120",",4,7","20231109",",4,7","-6.1","4,7,27,+","0","4,,7,30,+","0","4,,7,30,+","30.5","4,,7,20,","29.4","4,7,09,","","","228.8","4,7","35.6","4,,,7","0","4,,,7","9.97","4,7","16.94","4,,,7","3.00","4,,,7"
"USC00346130","2023-12","35.778","-95.3338","157.9","MUSKOGEE, OK US","","","0.0","3,7","6","3,7","5","3,7","1","3,7","0","3,7","0","3,7","0","3,7","16","3,7","0","3,7","1","3,7","0","3,7","","","20231230",",3,7","20231231","+,3,7","20231231","+,3,7","","","20231222",",3,7","20231209",",3,7","-6.7","3,7,30,","0","3,,7,31,+","0","3,,7,31,+","46.7","3,,7,22,","21.1","3,7,09,","","","323.3","3,7","104.7","3,,,7","0","3,,,7","6.79","3,7","12.80","3,,,7","0.77","3,,,7"
"USC00346130","2024-01","35.778","-95.3338","157.9","MUSKOGEE, OK US","0.0","","0.0","2,7","10","2,7","8","2,7","1","2,7","1","2,7","1","2,7","2","2,7","23","2,7","7","2,7","0","2,7","0","2,7","","","20240117","+,2,7","20240115",",2,7","20240115",",2,7","","","20240115",",2,7","20240130",",2,7","-17.8","2,7,17,+","51","2,,7,15,","51","2,,7,15,","50.8","2,,7,15,","18.9","2,7,30,","","","537.9","2,7","116.8","2,,,7","51","2,,,7","-0.21","2,7","5.08","2,,,7","-5.50","2,,,7"
"USC00346130","2024-02","35.778","-95.3338","157.9","MUSKOGEE, OK US","0.0","","0.0","2,7","5","2,7","2","2,7","0","2,7","0","2,7","0","2,7","0","2,7","10","2,7","1","2,7","8","2,7","0","2,7","","","20240218",",2,7","20240229","+,2,7","20240229","+,2,7","","","20240204",",2,7","20240228",",2,7","-10.0","2,7,18,","0","2,,7,29,+","0","2,,7,29,+","16.3","2,,7,04,","25.0","2,7,28,","","","242.9","2,7","30.3","2,,,7","0","2,,,7","9.34","2,7","16.57","2,,,7","2.10","2,,,7"
"USC00346130","2024-03","35.778","-95.3338","157.9","MUSKOGEE, OK US","8.0","","8.0",",7","9",",7","5",",7","0",",7","0",",7","0",",7","0",",7","6",",7","0",",7","12",",7","0",",7","","","20240310",",,7","20240331","+,,7","20240331","+,,7","","","20240315",",,7","20240304","+,,7","-2.8",",7,10,","0",",,7,31,+","0",",,7,31,+","14.7",",,7,15,","26.1",",7,04,+","","","182.7",",7","50.6",",,,7","0",",,,7","12.70",",7","19.47",",,,7","5.93",",,,7"
"USC00346130","2024-04","35.778","-95.3338","157.9","MUSKOGEE, OK US","45.4","","37.4","2,7","8","2,7","6","2,7","1","2,7","0","2,7","0","2,7","0","2,7","0","2,7","0","2,7","21","2,7","0","2,7","","","20240404",",2,7","20240430","+,2,7","20240430","+,2,7","","","20240428",",2,7","20240418",",2,7","0.6","2,7,04,","0","2,,7,30,+","0","2,,7,30,+","55.6","2,,7,28,","30.0","2,7,18,","","","66.1","2,7","117.0","2,,,7","0","2,,,7","17.31","2,7","23.53","2,,,7","11.09","2,,,7"
"USC00346130","2024-05","35.778","-95.3338","157.9","MUSKOGEE, OK US","136.9","","91.5","5,7","10","5,7","9","5,7","2","5,7","0","5,7","0","5,7","0","5,7","0","5,7","0","5,7","25","5,7","1","5,7","","","20240515","+,5,7","20240531","+,5,7","20240531","+,5,7","","","20240501",",5,7","20240527",",5,7","10.6","5,7,15,+","0","5,,7,31,+","0","5,,7,31,+","63.0","5,,7,01,","34.4","5,7,27,","","","1.6","5,7","182.9","5,,,7","0","5,,,7","21.79","5,7","27.48","5,,,7","16.10","5,,,7"
