"STATION","DATE","LATITUDE","LONGITUDE","ELEVATION","NAME","CDSD","CDSD_ATTRIBUTES","CLDD","CLDD_ATTRIBUTES","DP01","DP01_ATTRIBUTES","DP10","DP10_ATTRIBUTES","DP1X","DP1X_ATTRIBUTES","DSND","DSND_ATTRIBUTES","DSNW","DSNW_ATTRIBUTES","DT00","DT00_ATTRIBUTES","DT32","DT32_ATTRIBUTES","DX32","DX32_ATTRIBUTES","DX70","DX70_ATTRIBUTES","DX90","DX90_ATTRIBUTES","DYFG","DYFG_ATTRIBUTES","DYNT","DYNT_ATTRIBUTES","DYSD","DYSD_ATTRIBUTES","DYSN","DYSN_ATTRIBUTES","DYTS","DYTS_ATTRIBUTES","DYXP","DYXP_ATTRIBUTES","DYXT","DYXT_ATTRIBUTES","EMNT","EMNT_ATTRIBUTES","EMSD","EMSD_ATTRIBUTES","EMSN","EMSN_ATTRIBUTES","EMXP","EMXP_ATTRIBUTES","EMXT","EMXT_ATTRIBUTES","HDSD","HDSD_ATTRIBUTES","HTDD","HTDD_ATTRIBUTES","PRCP","PRCP_ATTRIBUTES","SNOW","SNOW_ATTRIBUTES","TAVG","TAVG_ATTRIBUTES","TMAX","TMAX_ATTRIBUTES","TMIN","TMIN_ATTRIBUTES"
"USC00044500","1902-01","37.9566","-122.5447","44.2","KENTFIELD, CA US","0.0","6","0.0","2,6","9",",6","5",",6","1",",6","","","","","0","2,6","6","2,6","0","2,6","0","2,6","0","2,6","11","","19020127",",2,6","","","","","","","19020123",",,6","19020122",",2,6","-3.9","2,6,27,","","","","","42.7",",,6,23,","13.9","2,6,22,","","","342.5","2,6","94.6",",,,6","","","6.52","2,6","10.68","2,,,6","2.36","2,,,6"
"USC00044500","1902-02","37.9566","-122.5447","44.2","KENTFIELD, CA US","0.0","6","0.0","2,6","20",",6","18",",6","10",",6","","","","","0","1,6","3","1,6","0","1,6","0","1,6","0","1,6","1","","19020201",",1,6","","","","","","","19020215",",,6","19020215",",1,6","-1.1","1,6,01,","","","","","101.6",",,6,15,","17.8","1,6,15,","","","198.2","1,6","719.5",",,,6","","","10.76","2,6","14.49","1,,,6","7.04","1,,,6"
"USC00044500","1902-03","37.9566","-122.5447","44.2","KENTFIELD, CA US","0.0","6","0.0",",6","14",",6","10",",6","3",",6","","","","","0",",6","1",",6","0",",6","4",",6","0",",6","","","19020324",",,6","","","","","","","19020308",",,6","19020329","+,,6","0.0",",6,24,","","","","","43.2",",,6,08,","21.7",",6,29,+","","","244.5",",6","178.8",",,,6","","","10.45",",6","15.98",",,,6","4.91",",,,6"
"USC00044500","1902-04","37.9566","-122.5447","44.2","KENTFIELD, CA US","0.0","6","0.0","4,6","13",",6","10",",6","1",",6","","","","","0","3,6","0","3,6","0","3,6","6","3,6","0","3,6","","","19020402",",3,6","","","","","","","19020429",",,6","19020413",",3,6","2.2","3,6,02,","","","","","31.0",",,6,29,","25.6","3,6,13,","","","150.4","3,6","117.4",",,,6","","","12.50","4,6","18.27","3,,,6","6.73","3,,,6"
"USC00044500","1902-05","37.9566","-122.5447","44.2","KENTFIELD, CA US","0.0","6","0.0","1,6","6",",6","4",",6","0",",6","","","","","0","1,6","0","1,6","0","1,6","6","1,6","0","1,6","1","","19020501",",1,6","","","","","","","19020531",",,6","19020527",",1,6","2.8","1,6,01,","","","","","20.1",",,6,31,","24.4","1,6,27,","","","131.8","1,6","52.4",",,,6","","","13.94","1,6","19.51","1,,,6","8.37","1,,,6"
"USC00044500","1902-06","37.9566","-122.5447","44.2","KENTFIELD, CA US","12.3","6","12.3","3,6","0",",6","0",",6","0",",6","","","","","0","3,6","0","3,6","0","3,6","24","3,6","0","3,6","","","19020604",",3,6","","","","","","","19020630","+,,6","19020629","+,3,6","5.0","3,6,04,","","","","","0.0",",,6,30,+","31.1","3,6,29,+","","","38.8","3,6","0.0",",,,6","","","17.35","3,6","25.67","3,,,6","9.03","3,,,6"
"USC00044500","1902-07","37.9566","-122.5447","44.2","KENTFIELD, CA US","29.7","6","17.4","5,6","","","","","","","","","","","0","5,6","0","5,6","0","1,6","28","1,6","3","1,6","","","19020718","+,5,6","","","","","","","","","19020707",",1,6","7.2","5,6,18,+","","","","","","","33.3","1,6,07,","26.5","6","26.5","1,6","","","","","18.35","5,6","26.65","1,,,6","10.05","5,,,6"
"USC00044500","1902-08","37.9566","-122.5447","44.2","KENTFIELD, CA US","47.7","6","18.0","3,6","","","","","","","","","","","0","3,6","0","3,6","0","3,6","25","3,6","1","3,6","","","19020827",",3,6","","","","","","","","","19020831",",3,6","6.7","3,6,27,","","","","","","","34.4","3,6,31,","63.2","6","36.7","3,6","","","","","17.67","3,6","24.78","3,,,6","10.55","3,,,6"
"USC00044500","1902-09","37.9566","-122.5447","44.2","KENTFIELD, CA US","55.8","6","8.1","5,6","","","","","","","","","","","0","5,6","0","5,6","0","3,6","24","3,6","2","3,6","","","19020928",",5,6","","","","","","","","","19020901",",3,6","5.0","5,6,28,","","","","","","","33.9","3,6,01,","91.7","6","28.5","3,6","","","","","17.38","5,6","25.73","3,,,6","9.02","5,,,6"
"USC00044500","1902-10","37.9566","-122.5447","44.2","KENTFIELD, CA US","59.4","6","3.6","1,6","7",",6","5",",6","3",",6","","","","","0","1,6","0","1,6","0","1,6","13","1,6","0","1,6","","","19021017","+,1,6","","","","","","","19021024",",,6","19021009",",1,6","5.0","1,6,17,+","","","","","63.8",",,6,24,","27.8","1,6,09,","191.9","6","100.2","1,6","150.9",",,,6","","","15.11","1,6","20.89","1,,,6","9.34","1,,,6"
"USC00044500","1902-11","37.9566","-122.5447","44.2","KENTFIELD, CA US","59.4","6","0.0",",6","8",",6","7",",6","3",",6","","","","","0",",6","0",",6","0",",6","0",",6","0",",6","","","19021128",",,6","","","","","","","19021109",",,6","19021103",",,6","0.6",",6,28,","","","","","59.2",",,6,09,","19.4",",6,03,","412.3","6","220.4",",6","192.9",",,,6","","","10.99",",6","15.78",",,,6","6.19",",,,6"
"USC00044500","1902-12","37.9566","-122.5447","44.2","KENTFIELD, CA US","59.4","6","0.0",",6","11",",6","6",",6","2",",6","","","","","0",",6","8",",6","0",",6","0",",6","0",",6","","","19021230","+,,6","","","","","","","19021226",",,6","19021205",",,6","-1.7",",6,30,+","","","","","56.1",",,6,26,","18.3",",6,05,","711.6","6","299.3",",6","140.1",",,,6","","","8.68",",6","13.02",",,,6","4.34",",,,6"
"USC00044500","1903-01","37.9566","-122.5447","44.2","KENTFIELD, CA US","0.0","6","0.0","1,6","11",",6","10",",6","4",",6","","","","","0",",6","4",",6","0","1,6","0","1,6","0","1,6","10","","19030116",",,6","","","","","","","19030127",",,6","19030123",",1,6","-2.2",",6,16,","","","","","67.3",",,6,27,","17.8","1,6,23,","1027.3","6","315.7","1,6","267.0",",,,6","","","7.82","1,6","11.54","1,,,6","4.09",",,,6"
"USC00044500","1903-02","37.9566","-122.5447","44.2","KENTFIELD, CA US","0.0","6","0.0","1,6","6",",6","5",",6","2",",6","","","","","0","1,6","10","1,6","0","1,6","0","1,6","0","1,6","1","","19030213",",1,6","","","","","","","19030207",",,6","19030225","+,1,6","-4.4","1,6,13,","","","","","40.1",",,6,07,","18.9","1,6,25,+","1316.7","6","289.4","1,6","101.5",",,,6","","","7.61","1,6","13.33","1,,,6","1.90","1,,,6"
"USC00044500","1903-03","37.9566","-122.5447","44.2","KENTFIELD, CA US","0.0","6","0.0",",6","17",",6","11",",6","4",",6","","","","","0",",6","3",",6","0",",6","0",",6","0",",6","","","19030307",",,6","","","","","","","19030328",",,6","19030323","+,,6","-0.6",",6,07,","","","","","83.8",",,6,28,","20.0",",6,23,+","1575.0","6","258.3",",6","314.8",",,,6","","","10.00",",6","15.10",",,,6","4.90",",,,6"
"USC00044500","1903-04","37.9566","-122.5447","44.2","KENTFIELD, CA US","0.0","6","0.0","2,6","1",",6","1",",6","0",",6","","","","","0","2,6","1","2,6","0","2,6","8","2,6","0","2,6","1","","19030412",",2,6","","","","","","","19030416",",,6","19030408",",2,6","0.0","2,6,12,","","","","","7.9",",,6,16,","25.0","2,6,08,","1725.5","6","150.5","2,6","7.9",",,,6","","","12.96","2,6","19.19","2,,,6","6.73","2,,,6"
"USC00044500","1903-05","37.9566","-122.5447","44.2","KENTFIELD, CA US","3.3","6","3.3","3,6","0",",6","0",",6","0",",6","","","","","0","2,6","0","2,6","0","2,6","17","2,6","0","2,6","","","19030524",",2,6","","","","","","","19030531","+,,6","19030529",",2,6","3.9","2,6,24,","","","","","0.0",",,6,31,+","31.1","2,6,29,","1827.4","6","101.9","2,6","0.0",",,,6","","","14.85","3,6","22.52","2,,,6","7.17","2,,,6"
"USC00044500","1903-06","37.9566","-122.5447","44.2","KENTFIELD, CA US","39.6","6","36.3","3,6","0",",6","0",",6","0",",6","","","","","0","3,6","0","3,6","0","1,6","25","1,6","3","1,6","","","19030613","+,3,6","","","","","","","19030616","+,,6","19030606",",1,6","6.7","3,6,13,+","","","","","0.0",",T,6,16,+","38.3","1,6,06,","1868.1","6","40.7","1,6","0.0",",T,,6","","","18.23","3,6","26.58","1,,,6","9.88","3,,,6"
"USC00044500","1903-07","37.9566","-122.5447","44.2","KENTFIELD, CA US","62.9","6","23.3","5,6","0",",6","0",",6","0",",6","","","","","0","5,6","0","5,6","0","3,6","23","3,6","3","3,6","","","19030729",",5,6","","","","","","","19030731","+,,6","19030703",",3,6","5.6","5,6,29,","","","","","0.0",",,6,31,+","35.0","3,6,03,","55.7","6","55.7","3,6","0.0",",,,6","","","17.10","5,6","25.21","3,,,6","9.00","5,,,6"
"USC00044500","1903-08","37.9566","-122.5447","44.2","KENTFIELD, CA US","76.7","6","13.8","2,6","0",",6","0",",6","0",",6","","","","","0","2,6","0","2,6","0",",6","30",",6","4",",6","","","19030804",",2,6","","","","","","","19030831","+,,6","19030807",",,6","5.0","2,6,04,","","","","","0.0",",,6,31,+","33.9",",6,07,","103.6","6","47.9",",6","0.0",",,,6","","","17.23","2,6","26.27",",,,6","8.19","2,,,6"
"USC00044500","1903-09","37.9566","-122.5447","44.2","KENTFIELD, CA US","98.7","6","22.0","4,6","","","","","","","","","","","0","4,6","0","4,6","0","4,6","21","4,6","3","4,6","","","19030930",",4,6","","","","","","","","","19030902",",4,6","3.3","4,6,30,","","","","","","","34.4","4,6,02,","153.4","6","49.8","4,6","","","","","17.26","4,6","25.16","4,,,6","9.37","4,,,6"
"USC00044500","1903-10","37.9566","-122.5447","44.2","KENTFIELD, CA US","107.3","6","8.6","4,6","2",",6","2",",6","1",",6","","","","","0","4,6","0","4,6","0","4,6","22","4,6","0","4,6","","","19031030","+,4,6","","","","","","","19031010",",,6","19031018",",4,6","4.4","4,6,30,+","","","","","28.7",",,6,10,","29.4","4,6,18,","215.1","6","61.7","4,6","44.2",",,,6","","","16.36","4,6","23.50","4,,,6","9.23","4,,,6"
"USC00044500","1903-11","37.9566","-122.5447","44.2","KENTFIELD, CA US","107.3","6","0.0","3,6","12",",6","12",",6","4",",6","","","","","0","3,6","0","3,6","0","2,6","0","2,6","0","2,6","3","","19031117","+,3,6","","","","","","","19031120",",,6","19031102",",2,6","1.7","3,6,17,+","","","","","159.0",",,6,20,","19.4","2,6,02,","374.7","6","159.6","2,6","371.1",",,,6","","","12.41","3,6","16.63","2,,,6","8.19","3,,,6"
"USC00044500","1903-12","37.9566","-122.5447","44.2","KENTFIELD, CA US","107.3","6","0.0",",6","9",",6","7",",6","1",",6","","","","","0",",6","5",",6","0",",6","0",",6","0",",6","3","","19031206",",,6","","","","","","","19031216",",,6","19031223",",,6","-1.1",",6,06,","","","","","54.4",",,6,16,","18.9",",6,23,","682.6","6","307.9",",6","104.4",",,,6","","","8.40",",6","13.63",",,,6","3.17",",,,6"
"USC00044500","1904-01","37.9566","-122.5447","44.2","KENTFIELD, CA US","","","","","5",",6","5",",6","0",",6","","","","","","","","","0","4,6","0","4,6","0","4,6","3","","","","","","","","","","19040117",",,6","19040127",",4,6","","","","","","","19.3",",,6,17,","17.2","4,6,27,","","","","","52.1",",,,6","","","","","13.41","4,,,6","",""
"USC00044500","1904-02","37.9566","-122.5447","44.2","KENTFIELD, CA US","","","0.0",",6","","","","","","","","","","","0",",6","1",",6","0",",6","0",",6","0",",6","","","19040209",",,6","","","","","","","","","19040221",",,6","-1.7",",6,09,","","","","","","","19.4",",6,21,","","","267.4",",6","","","","","9.11",",6","13.37",",,,6","4.86",",,,6"
"USC00044500","1904-03","37.9566","-122.5447","44.2","KENTFIELD, CA US","","","0.0",",6","24",",6","17",",6","8",",6","","","","","0",",6","2",",6","0",",6","0",",6","0",",6","","","19040325","+,,6","","","","","","","19040317",",,6","19040307",",,6","0.0",",6,25,+","","","","","89.9",",,6,17,","20.6",",6,07,","","","229.6",",6","568.2",",,,6","","","10.93",",6","15.27",",,,6","6.58",",,,6"
"USC00044500","1904-04","37.9566","-122.5447","44.2","KENTFIELD, CA US","","","1.4","2,6","9",",6","4",",6","0",",6","","","","","0","2,6","0","2,6","0",",6","8",",6","0",",6","","","19040420","+,2,6","","","","","","","19040419",",,6","19040411","+,,6","2.8","2,6,20,+","","","","","21.6",",,6,19,","28.9",",6,11,+","","","157.7",",6","62.2",",,,6","","","12.96","2,6","19.18",",,,6","6.74","2,,,6"
"USC00044500","1904-05","37.9566","-122.5447","44.2","KENTFIELD, CA US","","","3.6","3,6","","","","","","","","","","","0","1,6","0","1,6","0","3,6","19","3,6","1","3,6","","","19040505","+,1,6","","","","","","","","","19040521",",3,6","5.0","1,6,05,+","","","","","","","32.2","3,6,21,","","","76.6","3,6","","","","","15.77","3,6","23.79","3,,,6","7.76","1,,,6"
"USC00044500","1904-06","37.9566","-122.5447","44.2","KENTFIELD, CA US","","","26.7","1,6","","","","","","","","","","","0","1,6","0","1,6","0","1,6","25","1,6","3","1,6","4","","19040623",",1,6","","","","","","","","","19040612",",1,6","5.0","1,6,23,","","","","","","","34.4","1,6,12,","","","44.6","1,6","","","","","17.71","1,6","25.47","1,,,6","9.96","1,,,6"
"USC00044500","1904-07","37.9566","-122.5447","44.2","KENTFIELD, CA US","","","11.1","1,6","","","","","","","","","","","0","1,6","0","1,6","0",",6","27",",6","0",",6","","","19040715",",1,6","","","","","","","","","19040723",",,6","4.4","1,6,15,","","","","","","","31.7",",6,23,","45.2","6","45.2",",6","","","","","17.30","1,6","25.12",",,,6","9.47","1,,,6"
"USC00044500","1904-08","37.9566","-122.5447","44.2","KENTFIELD, CA US","","","17.6","4,6","","","","","","","","","","","0","4,6","0","4,6","0","4,6","27","4,6","0","4,6","","","19040823","+,4,6","","","","","","","","","19040820",",4,6","6.1","4,6,23,+","","","","","","","30.0","4,6,20,","80.8","6","35.6","4,6","","","","","17.66","4,6","24.96","4,,,6","10.37","4,,,6"
"USC00044500","1904-09","37.9566","-122.5447","44.2","KENTFIELD, CA US","","","40.0","5,6","5",",6","5",",6","3",",6","","","","","0","1,6","0","1,6","0","4,6","20","4,6","5","4,6","","","19040903",",1,6","","","","","","","19040923",",,6","19040907",",4,6","6.7","1,6,03,","","","","","70.4",",,6,23,","38.9","4,6,07,","112.8","6","32.0","4,6","141.5",",,,6","","","18.96","5,6","26.40","4,,,6","11.52","1,,,6"
"USC00044500","1904-10","37.9566","-122.5447","44.2","KENTFIELD, CA US","","","3.9","1,6","7",",6","7",",6","2",",6","","","","","0","1,6","0","1,6","0","1,6","11","1,6","0","1,6","","","19041018",",1,6","","","","","","","19041009",",,6","19041004",",1,6","4.4","1,6,18,","","","","","63.0",",,6,09,","27.8","1,6,04,","207.5","6","94.7","1,6","167.0",",,,6","","","15.31","1,6","20.86","1,,,6","9.76","1,,,6"
"USC00044500","1904-11","37.9566","-122.5447","44.2","KENTFIELD, CA US","","","0.0","4,6","5",",6","4",",6","3",",6","","","","","0","4,6","0","4,6","0","3,6","2","3,6","0","3,6","1","","19041106","+,4,6","","","","","","","19041115",",,6","19041109",",3,6","2.8","4,6,06,+","","","","","31.0",",,6,15,","22.2","3,6,09,","364.6","6","157.1","3,6","98.6",",,,6","","","12.28","4,6","17.57","3,,,6","6.98","4,,,6"
"USC00044500","1904-12","37.9566","-122.5447","44.2","KENTFIELD, CA US","","","0.0","3,6","7",",6","6",",6","3",",6","","","","","0","3,6","2","3,6","0","2,6","0","2,6","0","2,6","5","","19041226",",3,6","","","","","","","19041230",",,6","19041213",",2,6","-0.6","3,6,26,","","","","","34.3",",,6,30,","17.2","2,6,13,","648.6","6","284.0","2,6","126.5",",,,6","","","8.19","3,6","12.16","2,,,6","4.22","3,,,6"
"USC00044500","1905-01","37.9566","-122.5447","44.2","KENTFIELD, CA US","0.0","6","0.0","4,6","12",",6","11",",6","4",",6","","","","","0","2,6","3","2,6","0","2,6","0","2,6","0","2,6","1","","19050101",",2,6","","","","","","","19050122",",,6","19050109",",2,6","-0.6","2,6,01,","","","","","53.3",",,6,22,","19.4","2,6,09,","902.0","6","253.4","2,6","222.7",",,,6","","","9.16","4,6","13.30","2,,,6","5.03","2,,,6"
"USC00044500","1905-02","37.9566","-122.5447","44.2","KENTFIELD, CA US","0.0","6","0.0","2,6","7",",6","6",",6","2",",6","","","","","0","1,6","2","1,6","0","1,6","2","1,6","0","1,6","","","19050212",",1,6","","","","","","","19050216",",,6","19050228",",1,6","-3.3","1,6,12,","","","","","61.5",",,6,16,","22.2","1,6,28,","1103.9","6","201.9","1,6","183.5",",,,6","","","10.73","2,6","15.77","1,,,6","5.70","1,,,6"
"USC00044500","1905-03","37.9566","-122.5447","44.2","KENTFIELD, CA US","0.0","6","0.0","2,6","14",",6","11",",6","4",",6","","","","","0","2,6","0","2,6","0","2,6","8","2,6","0","2,6","","","19050330","+,2,6","","","","","","","19050319",",,6","19050307",",2,6","4.4","2,6,30,+","","","","","50.0",",,6,19,","26.1","2,6,07,","1251.2","6","147.3","2,6","209.0",",,,6","","","13.26","2,6","18.22","2,,,6","8.29","2,,,6"
"USC00044500","1905-04","37.9566","-122.5447","44.2","KENTFIELD, CA US","0.0","6","0.0","2,6","4",",6","3",",6","0",",6","","","","","0","1,6","0","1,6","0","2,6","7","2,6","0","2,6","","","19050412",",1,6","","","","","","","19050415",",,6","19050427",",2,6","3.9","1,6,12,","","","","","18.3",",,6,15,","24.4","2,6,27,","1390.5","6","139.3","2,6","40.9",",,,6","","","13.45","2,6","19.58","2,,,6","7.33","1,,,6"
"USC00044500","1905-05","37.9566","-122.5447","44.2","KENTFIELD, CA US","2.5","6","2.5","3,6","6",",6","5",",6","1",",6","","","","","0","3,6","0","3,6","0","2,6","11","2,6","0","2,6","","","19050520","+,3,6","","","","","","","19050507",",,6","19050515",",2,6","5.0","3,6,20,+","","","","","42.2",",,6,07,","31.7","2,6,15,","1528.9","6","138.4","2,6","89.1",",,,6","","","13.45","3,6","19.46","2,,,6","7.44","3,,,6"
"USC00044500","1905-06","37.9566","-122.5447","44.2","KENTFIELD, CA US","2.5","6","0.0","1,6","","","","","","","","","","","0","1,6","0","1,6","0",",6","20",",6","0",",6","5","","19050629","+,1,6","","","","","","","","","19050628",",,6","6.7","1,6,29,+","","","","","","","28.3",",6,28,","1607.3","6","78.4",",6","","","","","15.72","1,6","22.54",",,,6","8.90","1,,,6"
"USC00044500","1905-07","37.9566","-122.5447","44.2","KENTFIELD, CA US","","","","","0",",6","0",",6","0",",6","","","","","0","4,6","0","4,6","","","","","","","","","19050714",",4,6","","","","","","","19050731","+,,6","","","6.7","4,6,14,","","","","","0.0",",,6,31,+","","","","","","","0.0",",,,6","","","","","","","10.06","4,,,6"
"USC00044500","1905-08","37.9566","-122.5447","44.2","KENTFIELD, CA US","","","15.6","3,6","","","","","","","","","","","0","3,6","0","3,6","0",",6","27",",6","0",",6","","","19050831","+,3,6","","","","","","","","","19050805",",,6","6.1","3,6,31,+","","","","","","","30.6",",6,05,","","","33.6",",6","","","","","17.75","3,6","25.40",",,,6","10.10","3,,,6"
"USC00044500","1905-09","37.9566","-122.5447","44.2","KENTFIELD, CA US","","","12.8","2,6","1",",6","0",",6","0",",6","","","","","0","1,6","0","1,6","0","2,6","24","2,6","1","2,6","","","19050916",",1,6","","","","","","","19050912",",,6","19050921",",2,6","5.6","1,6,16,","","","","","2.0",",,6,12,","32.2","2,6,21,","","","35.9","2,6","2.0",",,,6","","","17.49","2,6","25.49","2,,,6","9.50","1,,,6"
"USC00044500","1905-10","37.9566","-122.5447","44.2","KENTFIELD, CA US","","","1.7","4,6","0",",6","0",",6","0",",6","","","","","0","4,6","0","4,6","0",",6","21",",6","0",",6","","","19051026",",4,6","","","","","","","19051007",",,6","19051003",",,6","0.6","4,6,26,","","","","","0.0",",T,6,07,","29.4",",6,03,","","","108.2",",6","0.0",",T,,6","","","14.41","4,6","22.81",",,,6","6.00","4,,,6"
"USC00044500","1905-11","37.9566","-122.5447","44.2","KENTFIELD, CA US","","","0.0",",6","","","","","","","","","","","0",",6","1",",6","0",",6","7",",6","0",",6","","","19051128",",,6","","","","","","","","","19051106",",,6","-0.6",",6,28,","","","","","","","25.0",",6,06,","","","197.7",",6","","","","","11.74",",6","17.94",",,,6","5.55",",,,6"
"USC00044500","1905-12","37.9566","-122.5447","44.2","KENTFIELD, CA US","","","0.0",",6","9",",6","7",",6","0",",6","","","","","0",",6","8",",6","0",",6","0",",6","0",",6","","","19051224",",,6","","","","","","","19051230",",,6","19051210",",,6","-3.3",",6,24,","","","","","23.4",",,6,30,","18.9",",6,10,","","","334.1",",6","100.4",",,,6","","","7.55",",6","13.16",",,,6","1.95",",,,6"
"USC00044500","1906-01","37.9566","-122.5447","44.2","KENTFIELD, CA US","0.0","6","0.0","1,6","11",",6","9",",6","6",",6","","","","","0","1,6","2","1,6","0",",6","0",",6","0",",6","2","","19060107","+,1,6","","","","","","","19060112",",,6","19060131",",,6","0.0","1,6,07,+","","","","","99.8",",,6,12,","19.4",",6,31,","","","269.6",",6","416.2",",,,6","","","9.31","1,6","13.87",",,,6","4.75","1,,,6"
"USC00044500","1906-02","37.9566","-122.5447","44.2","KENTFIELD, CA US","0.0","6","0.0",",6","17",",6","14",",6","4",",6","","","","","0",",6","0",",6","0",",6","0",",6","0",",6","","","19060201",",,6","","","","","","","19060214",",,6","19060204","+,,6","2.8",",6,01,","","","","","75.7",",,6,14,","19.4",",6,04,+","","","187.6",",6","283.0",",,,6","","","11.63",",6","16.26",",,,6","7.00",",,,6"
"USC00044500","1906-04","37.9566","-122.5447","44.2","KENTFIELD, CA US","","","1.1","2,6","4",",6","3",",6","0",",6","","","","","0",",6","0",",6","0","2,6","13","2,6","0","2,6","","","19060414","+,,6","","","","","","","19060423",",,6","19060420",",2,6","3.9",",6,14,+","","","","","11.9",",,6,23,","28.3","2,6,20,","","","127.2","2,6","26.9",",,,6","","","13.88","2,6","20.28","2,,,6","7.48",",,,6"
"USC00044500","1906-05","37.9566","-122.5447","44.2","KENTFIELD, CA US","","","","","5",",6","5",",6","3",",6","","","","","","","","","","","","","","","","","","","","","","","","","19060525",",,6","","","","","","","","","105.7",",,6,25,","","","","","","","189.8",",,,6","","","","","","","",""
"USC00044500","1906-06","37.9566","-122.5447","44.2","KENTFIELD, CA US","","","14.8","1,6","5",",6","1",",6","1",",6","","","","","0",",6","0",",6","0","1,6","19","1,6","2","1,6","","","19060610",",,6","","","","","","","19060603",",,6","19060620","+,1,6","6.7",",6,10,","","","","","43.2",",,6,03,","32.8","1,6,20,+","","","55.1","1,6","50.8",",,,6","","","16.95","1,6","23.72","1,,,6","10.18",",,,6"
"USC00044500","1906-10","37.9566","-122.5447","44.2","KENTFIELD, CA US","","","4.5","1,6","0",",6","0",",6","0",",6","","","","","0","1,6","0","1,6","0","1,6","21","1,6","0","1,6","","","19061023",",1,6","","","","","","","19061031",",,6","19061006",",1,6","1.7","1,6,23,","","","","","0.0",",T,6,31,","29.4","1,6,06,","","","74.2","1,6","0.0",",T,,6","","","16.01","1,6","24.04","1,,,6","7.97","1,,,6"
"USC00044500","1906-11","37.9566","-122.5447","44.2","KENTFIELD, CA US","","","0.0",",6","7",",6","5",",6","0",",6","","","","","0",",6","4",",6","0",",6","6",",6","0",",6","","","19061128","+,,6","","","","","","","19061105",",,6","19061113",",,6","-1.1",",6,28,+","","","","","19.8",",,6,05,","23.9",",6,13,","","","210.7",",6","65.3",",,,6","","","11.31",",6","16.99",",,,6","5.63",",,,6"
"USC00044500","1906-12","37.9566","-122.5447","44.2","KENTFIELD, CA US","","","0.0",",6","13",",6","12",",6","4",",6","","","","","0",",6","4",",6","0",",6","0",",6","0",",6","5","","19061202",",,6","","","","","","","19061210",",,6","19061202",",,6","-2.2",",6,02,","","","","","90.4",",,6,10,","15.6",",6,02,","","","311.6",",6","281.0",",,,6","","","8.28",",6","12.14",",,,6","4.43",",,,6"
"USC00044500","1907-01","37.9566","-122.5447","44.2","KENTFIELD, CA US","0.0","6","0.0","2,6","","","","","","","","","","","0","2,6","5","2,6","0","2,6","0","2,6","0","2,6","","","19070106",",2,6","","","","","","","","","19070130","+,2,6","-2.8","2,6,06,","","","","","","","15.0","2,6,30,+","","","316.3","2,6","","","","","7.43","2,6","10.95","2,,,6","3.90","2,,,6"
"USC00044500","1907-02","37.9566","-122.5447","44.2","KENTFIELD, CA US","0.0","6","0.0","1,6","10",",6","7",",6","2",",6","","","","","0","1,6","0","1,6","0",",6","0",",6","0",",6","1","","19070227",",1,6","","","","","","","19070202",",,6","19070215",",,6","2.8","1,6,27,","","","","","37.1",",,6,02,","20.6",",6,15,","","","161.2",",6","110.8",",,,6","","","12.40","1,6","16.39",",,,6","8.41","1,,,6"
"USC00044500","1907-03","37.9566","-122.5447","44.2","KENTFIELD, CA US","0.0","6","0.0","2,6","20",",6","17",",6","6",",6","","","","","0","2,6","2","2,6","0","1,6","0","1,6","0","1,6","","","19070314",",2,6","","","","","","","19070317",",,6","19070331",",1,6","-0.6","2,6,14,","","","","","79.8",",,6,17,","18.9","1,6,31,","","","258.7","1,6","485.5",",,,6","","","9.45","2,6","13.81","1,,,6","5.10","2,,,6"
"USC00044500","1907-04","37.9566","-122.5447","44.2","KENTFIELD, CA US","0.3","6","0.3","3,6","4",",6","1",",6","1",",6","","","","","0","2,6","0","2,6","0","2,6","13","2,6","0","2,6","1","","19070430","+,2,6","","","","","","","19070404",",,6","19070419",",2,6","4.4","2,6,30,+","","","","","47.2",",,6,04,","28.3","2,6,19,","","","129.6","2,6","52.8",",,,6","","","13.78","3,6","20.02","2,,,6","7.53","2,,,6"
"USC00044500","1907-05","37.9566","-122.5447","44.2","KENTFIELD, CA US","2.8","6","2.5","1,6","","","","","","","","","","","0","1,6","0","1,6","0",",6","12",",6","0",",6","1","","19070502",",1,6","","","","","","","","","19070527","+,,6","3.3","1,6,02,","","","","","","","30.0",",6,27,+","","","116.0",",6","","","","","14.57","1,6","20.79",",,,6","8.35","1,,,6"
"USC00044500","1907-06","37.9566","-122.5447","44.2","KENTFIELD, CA US","7.3","6","4.5","3,6","3",",6","2",",6","0",",6","","","","","0","3,6","0","3,6","0","3,6","17","3,6","1","3,6","","","19070623",",3,6","","","","","","","19070613",",,6","19070618",",3,6","5.6","3,6,23,","","","","","20.8",",,6,13,","32.8","3,6,18,","","","79.8","3,6","41.9",",,,6","","","15.54","3,6","22.28","3,,,6","8.80","3,,,6"
"USC00044500","1907-08","37.9566","-122.5447","44.2","KENTFIELD, CA US","","","11.2","1,6","","","","","","","","","","","0","1,6","0","1,6","0",",6","26",",6","0",",6","","","19070817",",1,6","","","","","","","","","19070811",",,6","6.1","1,6,17,","","","","","","","31.1",",6,11,","","","50.6",",6","","","","","17.08","1,6","24.28",",,,6","9.89","1,,,6"
"USC00044500","1907-09","37.9566","-122.5447","44.2","KENTFIELD, CA US","","","5.3","1,6","1",",6","1",",6","0",",6","","","","","0","1,6","0","1,6","0","1,6","24","1,6","0","1,6","","","19070919","+,1,6","","","","","","","19070904",",,6","19070903",",1,6","5.6","1,6,19,+","","","","","2.8",",,6,04,","26.7","1,6,03,","","","60.3","1,6","2.8",",,,6","","","16.44","1,6","22.61","1,,,6","10.27","1,,,6"
"USC00044500","1907-10","37.9566","-122.5447","44.2","KENTFIELD, CA US","","","6.7","3,6","6",",6","4",",6","0",",6","","","","","0","2,6","0","2,6","0","2,6","13","2,6","0","2,6","","","19071013",",2,6","","","","","","","19071026",",,6","19071004",",2,6","4.4","2,6,13,","","","","","20.1",",,6,26,","30.0","2,6,04,","","","87.1","2,6","51.1",",,,6","","","15.49","3,6","21.24","2,,,6","9.75","2,,,6"
"USC00044500","1907-11","37.9566","-122.5447","44.2","KENTFIELD, CA US","","","0.0","1,6","","","","","","","","","","","0",",6","1",",6","0","1,6","5","1,6","0","1,6","1","","19071127",",,6","","","","","","","","","19071108",",1,6","0.0",",6,27,","","","","","","","23.3","1,6,08,","","","183.4","1,6","","","","","12.00","1,6","18.41","1,,,6","5.59",",,,6"
"USC00044500","1907-12","37.9566","-122.5447","44.2","KENTFIELD, CA US","","","0.0","2,6","","","","","","","","","","","0","1,6","0","1,6","0","1,6","0","1,6","0","1,6","","","19071214",",1,6","","","","","","","","","19071201",",1,6","1.1","1,6,14,","","","","","","","18.3","1,6,01,","","","265.9","1,6","","","","","9.10","2,6","13.27","1,,,6","4.93","1,,,6"
"USC00044500","1908-01","37.9566","-122.5447","44.2","KENTFIELD, CA US","0.0","6","0.0","2,6","16",",6","13",",6","3",",6","","","","","0","2,6","1","2,6","0",",6","0",",6","0",",6","","","19080121",",2,6","","","","","","","19080120",",,6","19080121","+,,6","0.0","2,6,21,","","","","","61.7",",,6,20,","15.6",",6,21,+","","","287.4",",6","218.6",",,,6","","","8.31","2,6","12.33",",,,6","4.30","2,,,6"
"USC00044500","1908-02","37.9566","-122.5447","44.2","KENTFIELD, CA US","0.0","6","0.0",",6","8",",6","8",",6","4",",6","","","0",",6","0",",6","1",",6","0",",6","0",",6","0",",6","","","19080214",",,6","","","19080229","+,,6","","","19080202",",,6","19080226",",,6","0.0",",6,14,","","","0",",,6,29,+","70.1",",,6,02,","18.9",",6,26,","","","273.5",",6","227.6",",,,6","0",",,,6","8.90",",6","13.68",",,,6","4.13",",,,6"
"USC00044500","1908-03","37.9566","-122.5447","44.2","KENTFIELD, CA US","0.0","6","0.0","2,6","6",",6","4",",6","0",",6","","","","","0","2,6","2","2,6","0",",6","9",",6","0",",6","","","19080306",",2,6","","","","","","","19080301",",,6","19080315",",,6","-1.1","2,6,06,","","","","","18.8",",,6,01,","25.6",",6,15,","","","223.8",",6","52.9",",,,6","","","10.72","2,6","17.70",",,,6","3.75","2,,,6"
"USC00044500","1908-04","37.9566","-122.5447","44.2","KENTFIELD, CA US","0.0","6","0.0","3,6","","","","","","","","","","","0","3,6","0","3,6","0","1,6","12","1,6","0","1,6","","","19080405","+,3,6","","","","","","","","","19080410",",1,6","2.2","3,6,05,+","","","","","","","28.9","1,6,10,","","","132.5","1,6","","","","","13.70","3,6","20.70","1,,,6","6.70","3,,,6"
"USC00044500","1908-05","37.9566","-122.5447","44.2","KENTFIELD, CA US","1.7","6","1.7",",6","7",",6","4",",6","0",",6","","","","","0",",6","0",",6","0",",6","12",",6","0",",6","","","19080501",",,6","","","","","","","19080518",",,6","19080523",",,6","3.3",",6,01,","","","","","13.7",",,6,18,","30.6",",6,23,","","","150.4",",6","35.3",",,,6","","","13.54",",6","20.16",",,,6","6.91",",,,6"
"USC00044500","1908-06","37.9566","-122.5447","44.2","KENTFIELD, CA US","6.4","6","4.7","2,6","1",",6","1",",6","0",",6","","","","","0",",6","0",",6","0","2,6","18","2,6","1","2,6","","","19080622","+,,6","","","","","","","19080620",",,6","19080628",",2,6","5.0",",6,22,+","","","","","7.1",",,6,20,","34.4","2,6,28,","","","90.3","2,6","7.1",",,,6","","","15.30","2,6","22.66","2,,,6","7.95",",,,6"
"USC00044500","1908-07","37.9566","-122.5447","44.2","KENTFIELD, CA US","29.8","6","23.4","1,6","","","","","","","","","","","0",",6","0",",6","0","1,6","30","1,6","5","1,6","","","19080728","+,,6","","","","","","","","","19080716",",1,6","7.2",",6,28,+","","","","","","","33.3","1,6,16,","27.3","6","27.3","1,6","","","","","18.22","1,6","27.04","1,,,6","9.41",",,,6"
"USC00044500","1908-08","37.9566","-122.5447","44.2","KENTFIELD, CA US","36.7","6","6.9","3,6","","","","","","","","","","","0","2,6","0","2,6","0","3,6","23","3,6","0","3,6","","","19080827","+,2,6","","","","","","","","","19080801",",3,6","5.6","2,6,27,+","","","","","","","31.7","3,6,01,","83.1","6","55.8","3,6","","","","","16.53","3,6","24.10","3,,,6","8.97","2,,,6"
"USC00044500","1908-09","37.9566","-122.5447","44.2","KENTFIELD, CA US","48.7","6","12.0","4,6","","","","","","","","","","","0","2,6","0","2,6","0","4,6","25","4,6","2","4,6","","","19080925",",2,6","","","","","","","","","19080911",",4,6","3.9","2,6,25,","","","","","","","32.8","4,6,11,","130.5","6","47.4","4,6","","","","","17.08","4,6","25.50","4,,,6","8.65","2,,,6"
"USC00044500","1908-11","37.9566","-122.5447","44.2","KENTFIELD, CA US","","","","","6",",6","4",",6","3",",6","","","","","","","","","","","","","","","1","","","","","","","","","","19081122",",,6","","","","","","","","","39.4",",,6,22,","","","","","","","108.2",",,,6","","","","","","","",""
"USC00044500","1908-12","37.9566","-122.5447","44.2","KENTFIELD, CA US","","","0.0","3,6","10",",6","6",",6","2",",6","","","","","0","3,6","10","3,6","0","3,6","0","3,6","0","3,6","5","","19081218",",3,6","","","","","","","19081209",",,6","19081210",",3,6","-5.0","3,6,18,","","","","","55.9",",,6,09,","14.4","3,6,10,","","","343.1","3,6","135.9",",,,6","","","6.08","3,6","9.81","3,,,6","2.35","3,,,6"
"USC00044500","1909-01","37.9566","-122.5447","44.2","KENTFIELD, CA US","0.0","6","0.0","1,6","27",",6","24",",6","13",",6","","","","","0","1,6","1","1,6","0",",6","0",",6","0",",6","2","","19090110",",1,6","","","","","","","19090115",",,6","19090116",",,6","-2.2","1,6,10,","","","","","105.2",",,6,15,","20.6",",6,16,","","","259.8",",6","798.0",",,,6","","","9.68","1,6","12.84",",,,6","6.52","1,,,6"
"USC00044500","1909-02","37.9566","-122.5447","44.2","KENTFIELD, CA US","0.0","6","0.0","1,6","18",",6","14",",6","6",",6","","","","","0","1,6","0","1,6","0","1,6","0","1,6","0","1,6","","","19090223","+,1,6","","","","","","","19090211",",,6","19090228","+,1,6","1.7","1,6,23,+","","","","","120.7",",,6,11,","16.7","1,6,28,+","","","230.1","1,6","416.3",",,,6","","","9.81","1,6","13.83","1,,,6","5.79","1,,,6"
"USC00044500","1909-03","37.9566","-122.5447","44.2","KENTFIELD, CA US","0.0","6","0.0","2,6","10",",6","8",",6","3",",6","","","","","0","2,6","0","2,6","0","2,6","0","2,6","0","2,6","","","19090305",",2,6","","","","","","","19090321",",,6","19090318",",2,6","0.6","2,6,05,","","","","","48.8",",,6,21,","18.9","2,6,18,","","","241.2","2,6","143.1",",,,6","","","10.02","2,6","15.04","2,,,6","4.99","2,,,6"
"USC00044500","1909-04","37.9566","-122.5447","44.2","KENTFIELD, CA US","0.0","6","0.0","2,6","","","","","","","","","","","0",",6","0",",6","0","2,6","17","2,6","0","2,6","","","19090407",",,6","","","","","","","","","19090430",",2,6","2.2",",6,07,","","","","","","","28.3","2,6,30,","","","132.4","2,6","","","","","13.59","2,6","21.64","2,,,6","5.55",",,,6"
"USC00044500","1909-05","37.9566","-122.5447","44.2","KENTFIELD, CA US","3.6","6","3.6","1,6","","","","","","","","","","","0",",6","0",",6","0","1,6","12","1,6","1","1,6","","","19090523",",,6","","","","","","","","","19090531",",1,6","1.1",",6,23,","","","","","","","32.8","1,6,31,","","","154.6","1,6","","","","","13.33","1,6","20.90","1,,,6","5.76",",,,6"
"USC00044500","1909-06","37.9566","-122.5447","44.2","KENTFIELD, CA US","15.0","6","11.4","3,6","","","","","","","","","","","0",",6","0",",6","0","3,6","22","3,6","2","3,6","","","19090630","+,,6","","","","","","","","","19090623",",3,6","6.7",",6,30,+","","","","","","","37.2","3,6,23,","","","63.1","3,6","","","","","16.49","3,6","23.89","3,,,6","9.09",",,,6"
"USC00044500","1909-08","37.9566","-122.5447","44.2","KENTFIELD, CA US","","","10.8","1,6","","","","","","","","","","","0",",6","0",",6","0","1,6","28","1,6","3","1,6","","","19090806",",,6","","","","","","","","","19090824",",1,6","4.4",",6,06,","","","","","","","33.3","1,6,24,","","","66.0","1,6","","","","","16.53","1,6","25.18","1,,,6","7.88",",,,6"
"USC00044500","1909-09","37.9566","-122.5447","44.2","KENTFIELD, CA US","","","23.6",",6","3",",6","3",",6","1",",6","","","","","0",",6","0",",6","0",",6","23",",6","3",",6","","","19090919",",,6","","","","","","","19090929",",,6","19090914",",,6","6.1",",6,19,","","","","","31.5",",,6,29,","35.0",",6,14,","","","65.2",",6","61.2",",,,6","","","16.95",",6","24.51",",,,6","9.39",",,,6"
"USC00044500","1909-10","37.9566","-122.5447","44.2","KENTFIELD, CA US","","","1.4",",6","8",",6","6",",6","0",",6","","","","","0",",6","0",",6","0",",6","12",",6","0",",6","","","19091030",",,6","","","","","","","19091019",",,6","19091010",",,6","2.2",",6,30,","","","","","25.1",",,6,19,","28.3",",6,10,","","","132.1",",6","79.5",",,,6","","","14.12",",6","20.07",",,,6","8.17",",,,6"
"USC00044500","1909-11","37.9566","-122.5447","44.2","KENTFIELD, CA US","","","0.0","4,6","8",",6","5",",6","1",",6","","","","","0","4,6","2","4,6","0","2,6","2","2,6","0","2,6","","","19091116","+,4,6","","","","","","","19091109",",,6","19091103",",2,6","-1.1","4,6,16,+","","","","","37.3",",,6,09,","22.8","2,6,03,","","","198.0","2,6","77.0",",,,6","","","10.80","4,6","15.96","2,,,6","5.64","4,,,6"
"USC00044500","1909-12","37.9566","-122.5447","44.2","KENTFIELD, CA US","","","0.0",",6","11",",6","10",",6","5",",6","","","","","0",",6","7",",6","0",",6","0",",6","0",",6","","","19091204",",,6","","","","","","","19091209",",,6","19091217",",,6","-3.3",",6,04,","","","","","73.2",",,6,09,","16.7",",6,17,","","","349.2",",6","350.4",",,,6","","","7.07",",6","11.69",",,,6","2.44",",,,6"
"USC00044500","1910-01","37.9566","-122.5447","44.2","KENTFIELD, CA US","0.0","6","0.0","1,6","","","","","","","","","","","0",",6","8",",6","0","1,6","0","1,6","0","1,6","","","19100104","+,,6","","","","","","","","","19100121","+,1,6","-3.9",",6,04,+","","","","","","","14.4","1,6,21,+","","","356.3","1,6","","","","","6.49","1,6","10.54","1,,,6","2.44",",,,6"
"USC00044500","1910-02","37.9566","-122.5447","44.2","KENTFIELD, CA US","0.0","6","0.0",",6","10",",6","8",",6","1",",6","","","","","0",",6","4",",6","0",",6","0",",6","0",",6","","","19100204",",,6","","","","","","","19100222",",,6","19100213",",,6","-5.6",",6,04,","","","","","44.7",",,6,22,","20.0",",6,13,","","","266.0",",6","139.4",",,,6","","","8.83",",6","13.59",",,,6","4.08",",,,6"
"USC00044500","1910-03","37.9566","-122.5447","44.2","KENTFIELD, CA US","0.0","6","0.0",",6","8",",6","6",",6","4",",6","","","","","0",",6","0",",6","0",",6","6",",6","0",",6","","","19100324","+,,6","","","","","","","19100321",",,6","19100309",",,6","1.7",",6,24,+","","","","","47.5",",,6,21,","23.3",",6,09,","","","192.1",",6","153.2",",,,6","","","12.14",",6","17.65",",,,6","6.62",",,,6"
"USC00044500","1910-04","37.9566","-122.5447","44.2","KENTFIELD, CA US","4.7","6","4.7","1,6","2",",6","2",",6","0",",6","","","","","0","1,6","0","1,6","0",",6","10",",6","1",",6","","","19100429","+,1,6","","","","","","","19100410",",,6","19100422",",,6","3.3","1,6,29,+","","","","","13.0",",,6,10,","35.0",",6,22,","","","140.4",",6","19.4",",,,6","","","13.76","1,6","20.59",",,,6","6.92","1,,,6"
"USC00044500","1910-05","37.9566","-122.5447","44.2","KENTFIELD, CA US","23.3","6","18.6","2,6","","","","","","","","","","","0","1,6","0","1,6","0","2,6","18","2,6","2","2,6","","","19100505",",1,6","","","","","","","","","19100530",",2,6","3.3","1,6,05,","","","","","","","37.2","2,6,30,","","","91.5","2,6","","","","","15.79","2,6","22.99","2,,,6","8.60","1,,,6"
"USC00044500","1910-06","37.9566","-122.5447","44.2","KENTFIELD, CA US","29.9","6","6.6","1,6","","","","","","","","","","","0","1,6","0","1,6","0",",6","18",",6","1",",6","","","19100623","+,1,6","","","","","","","","","19100625",",,6","4.4","1,6,23,+","","","","","","","34.4",",6,25,","","","86.3",",6","","","","","15.61","1,6","22.80",",,,6","8.42","1,,,6"
"USC00044500","1910-07","37.9566","-122.5447","44.2","KENTFIELD, CA US","46.4","6","16.5",",6","","","","","","","","","","","0",",6","0",",6","0",",6","27",",6","1",",6","","","19100730","+,,6","","","","","","","","","19100717",",,6","5.6",",6,30,+","","","","","","","32.2",",6,17,","51.9","6","51.9",",6","","","","","17.19",",6","25.22",",,,6","9.16",",,,6"
"USC00044500","1910-08","37.9566","-122.5447","44.2","KENTFIELD, CA US","51.1","6","4.7","3,6","","","","","","","","","","","0",",6","0",",6","0","3,6","24","3,6","2","3,6","","","19100821",",,6","","","","","","","","","19100823","+,3,6","3.3",",6,21,","","","","","","","32.2","3,6,23,+","131.6","6","79.7","3,6","","","","","15.69","3,6","24.91","3,,,6","6.47",",,,6"
"USC00044500","1910-09","37.9566","-122.5447","44.2","KENTFIELD, CA US","52.2","6","1.1","2,6","1",",6","1",",6","0",",6","","","","","0","2,6","0","2,6","0",",6","20",",6","0",",6","","","19100913",",2,6","","","","","","","19100915",",,6","19100909",",,6","1.7","2,6,13,","","","","","17.8",",,6,15,","31.7",",6,09,","245.6","6","114.0",",6","17.8",",,,6","","","14.48","2,6","22.93",",,,6","6.04","2,,,6"
"USC00044500","1910-10","37.9566","-122.5447","44.2","KENTFIELD, CA US","55.8","6","3.6","2,6","","","","","","","","","","","0",",6","0",",6","0","2,6","21","2,6","0","2,6","","","19101029","+,,6","","","","","","","","","19101007",",2,6","4.4",",6,29,+","","","","","","","31.1","2,6,07,","339.9","6","94.3","2,6","","","","","15.16","2,6","23.05","2,,,6","7.28",",,,6"
"USC00044500","1910-11","37.9566","-122.5447","44.2","KENTFIELD, CA US","55.8","6","0.0","3,6","3",",6","2",",6","0",",6","","","","","0",",6","4",",6","0","3,6","1","3,6","0","3,6","3","","19101126",",,6","","","","","","","19101124",",,6","19101101",",3,6","-1.1",",6,26,","","","","","22.9",",,6,24,","21.1","3,6,01,","552.4","6","212.5","3,6","28.5",",,,6","","","10.47","3,6","16.31","3,,,6","4.63",",,,6"
"USC00044500","1910-12","37.9566","-122.5447","44.2","KENTFIELD, CA US","","","","","","","","","","","","","","","0",",","5",",6","","","","","","","","","19101229",",,6","","","","","","","","","","","-2.2",",6,29,","","","","","","","","","","","","","","","","","","","","","3.30",",,,6"
"USC00044500","1911-01","37.9566","-122.5447","44.2","KENTFIELD, CA US","","","","","","","","","","","","","","","0",",","1",",6","","","","","","","","","19110122",",,6","","","","","","","","","","","-2.2",",6,22,","","","","","","","","","","","","","","","","","","","","","3.73",",,,6"
"USC00044500","1911-02","37.9566","-122.5447","44.2","KENTFIELD, CA US","","","","","11",",6","10",",6","2",",6","","","","","0",",","7",",6","","","","","","","","","19110215",",,6","","","","","","","19110212",",,6","","","-2.8",",6,15,","","","","","42.4",",,6,12,","","","","","","","172.2",",,,6","","","","","","","2.74",",,,6"
"USC00044500","1911-04","37.9566","-122.5447","44.2","KENTFIELD, CA US","","","","","5",",6","3",",6","1",",6","","","","","","","","","","","","","","","","","","","","","","","","","19110405",",,6","","","","","","","","","95.3",",,6,05,","","","","","","","124.6",",,,6","","","","","","","",""
"USC00044500","1911-05","37.9566","-122.5447","44.2","KENTFIELD, CA US","","","","","3",",6","3",",6","0",",6","","","","","","","","","","","","","","","","","","","","","","","","","19110518",",,6","","","","","","","","","16.8",",,6,18,","","","","","","","38.6",",,,6","","","","","","","",""
"USC00044500","1911-07","37.9566","-122.5447","44.2","KENTFIELD, CA US","","","22.0","2,6","","","","","","","","","","","0","1,6","0","1,6","0","1,6","30","1,6","1","1,6","","","19110729","+,1,6","","","","","","","","","19110701",",1,6","6.7","1,6,29,+","","","","","","","34.4","1,6,01,","12.8","6","12.8","1,6","","","","","18.68","2,6","27.49","1,,,6","9.86","1,,,6"
"USC00044500","1911-08","37.9566","-122.5447","44.2","KENTFIELD, CA US","","","5.5","2,6","","","","","","","","","","","0","2,6","0","2,6","0","1,6","29","1,6","1","1,6","2","","19110816",",2,6","","","","","","","","","19110820",",1,6","6.1","2,6,16,","","","","","","","33.9","1,6,20,","46.7","6","33.9","1,6","","","","","17.41","2,6","26.32","1,,,6","8.50","2,,,6"
"USC00044500","1911-09","37.9566","-122.5447","44.2","KENTFIELD, CA US","","","5.5","1,6","1",",6","0",",6","0",",6","","","","","0",",6","0",",6","0","1,6","25","1,6","2","1,6","","","19110919",",,6","","","","","","","19110926",",,6","19110918","+,1,6","3.3",",6,19,","","","","","0.8",",,6,26,","32.2","1,6,18,+","96.9","6","50.2","1,6","0.8",",,,6","","","16.83","1,6","25.64","1,,,6","8.01",",,,6"
"USC00044500","1911-10","37.9566","-122.5447","44.2","KENTFIELD, CA US","","","4.7",",6","1",",6","1",",6","0",",6","","","0",",6","0",",6","0",",6","0",",6","24",",6","1",",6","","","19111013","+,,6","","","19111031","+,,6","","","19111008",",,6","19111016",",,6","3.9",",6,13,+","","","0",",,6,31,+","2.5",",,6,08,","32.2",",6,16,","188.0","6","91.1",",6","2.5",",,,6","0",",,,6","15.55",",6","24.00",",,,6","7.10",",,,6"
"USC00044500","1911-11","37.9566","-122.5447","44.2","KENTFIELD, CA US","","","","","4",",6","3",",6","1",",6","","","","","","","","","","","","","","","","","","","","","","","","","19111110",",,6","","","","","","","","","38.9",",,6,10,","","","","","","","47.3",",,,6","","","","","","","",""
"USC00044500","1911-12","37.9566","-122.5447","44.2","KENTFIELD, CA US","","","","","8",",6","7",",6","1",",6","","","","","","","","","0",",6","2",",6","0",",6","","","","","","","","","","","19111227",",,6","19111213","+,,6","","","","","","","50.3",",,6,27,","22.8",",6,13,+","","","","","103.4",",,,6","","","","","14.74",",,,6","",""
"USC00044500","1912-01","37.9566","-122.5447","44.2","KENTFIELD, CA US","","","","","16",",6","11",",6","3",",6","","","","","","","","","","","","","","","","","","","","","","","","","19120126",",,6","","","","","","","","","41.9",",,6,26,","","","","","","","173.4",",,,6","","","","","","","",""
"USC00044500","1912-02","37.9566","-122.5447","44.2","KENTFIELD, CA US","","","0.0",",6","4",",6","2",",6","0",",6","","","","","0",",6","1",",6","0",",6","3",",6","0",",6","","","19120226",",,6","","","","","","","19120213",",,6","19120219",",,6","-0.6",",6,26,","","","","","23.9",",,6,13,","23.3",",6,19,","","","184.0",",6","44.8",",,,6","","","11.99",",6","18.18",",,,6","5.80",",,,6"
"USC00044500","1912-03","37.9566","-122.5447","44.2","KENTFIELD, CA US","","","0.0",",6","10",",6","6",",6","3",",6","","","","","0",",6","2",",6","0",",6","4",",6","0",",6","","","19120309","+,,6","","","","","","","19120305",",,6","19120331",",,6","0.0",",6,09,+","","","","","62.0",",,6,05,","23.9",",6,31,","","","233.4",",6","185.6",",,,6","","","10.80",",6","16.73",",,,6","4.88",",,,6"
"USC00044500","1912-04","37.9566","-122.5447","44.2","KENTFIELD, CA US","","","0.0",",6","","","","","","","","","","","0",",6","0",",6","0",",6","4",",6","0",",6","2","","19120413",",,6","","","","","","","","","19120405",",,6","2.2",",6,13,","","","","","","","23.9",",6,05,","","","195.1",",6","","","","","11.83",",6","17.95",",,,6","5.71",",,,6"
"USC00044500","1912-05","37.9566","-122.5447","44.2","KENTFIELD, CA US","","","8.4",",6","","","","","","","","","","","0",",6","0",",6","0",",6","19",",6","1",",6","","","19120516",",,6","","","","","","","","","19120531",",,6","5.0",",6,16,","","","","","","","35.0",",6,31,","","","92.8",",6","","","","","15.61",",6","22.91",",,,6","8.31",",,,6"
"USC00044500","1912-06","37.9566","-122.5447","44.2","KENTFIELD, CA US","","","35.2",",6","","","","","","","","","","","0",",6","0",",6","0",",6","24",",6","7",",6","","","19120630",",,6","","","","","","","","","19120602",",,6","6.1",",6,30,","","","","","","","40.0",",6,02,","","","43.2",",6","","","","","18.07",",6","25.47",",,,6","10.66",",,,6"
"USC00044500","1912-07","37.9566","-122.5447","44.2","KENTFIELD, CA US","","","16.7",",6","","","","","","","","","","","0",",6","0",",6","0",",6","30",",6","1",",6","9","","19120713","+,,6","","","","","","","","","19120715",",,6","5.0",",6,13,+","","","","","","","32.2",",6,15,","33.5","6","33.5",",6","","","","","17.79",",6","25.97",",,,6","9.61",",,,6"
"USC00044500","1912-08","37.9566","-122.5447","44.2","KENTFIELD, CA US","","","21.9",",6","","","","","","","","","","","0",",6","0",",6","0",",6","30",",6","4",",6","","","19120824",",,6","","","","","","","","","19120806",",,6","4.4",",6,24,","","","","","","","34.4",",6,06,","53.6","6","20.1",",6","","","","","18.39",",6","27.42",",,,6","9.36",",,,6"
"USC00044500","1912-09","37.9566","-122.5447","44.2","KENTFIELD, CA US","","","24.1",",6","5",",6","3",",6","1",",6","","","","","0",",6","0",",6","0",",6","27",",6","3",",6","","","19120926",",,6","","","","","","","19120906",",,6","19120918",",,6","7.2",",6,26,","","","","","81.3",",,6,06,","36.7",",6,18,","87.3","6","33.7",",6","107.7",",,,6","","","18.02",",6","26.04",",,,6","9.99",",,,6"
"USC00044500","1912-10","37.9566","-122.5447","44.2","KENTFIELD, CA US","","","1.9",",6","3",",6","2",",6","0",",6","","","","","0",",6","0",",6","0",",6","16",",6","0",",6","","","19121031","+,,6","","","","","","","19121025",",,6","19121003",",,6","1.7",",6,31,+","","","","","15.0",",,6,25,","30.0",",6,03,","222.8","6","135.5",",6","27.2",",,,6","","","14.02",",6","22.35",",,,6","5.70",",,,6"
"USC00044500","1912-11","37.9566","-122.5447","44.2","KENTFIELD, CA US","","","0.0","3,6","5",",6","5",",6","2",",6","","","0",",6","0","3,6","0","3,6","0","3,6","0","3,6","0","3,6","","","19121122",",3,6","","","19121130","+,,6","","","19121106",",,6","19121120",",3,6","0.6","3,6,22,","","","0",",,6,30,+","106.4",",,6,06,","19.4","3,6,20,","424.4","6","201.6","3,6","185.6",",,,6","0",",,,6","10.86","3,6","16.42","3,,,6","5.31","3,,,6"
"USC00044500","1912-12","37.9566","-122.5447","44.2","KENTFIELD, CA US","","","0.0",",6","6",",6","5",",6","0",",6","","","","","0",",6","13",",6","0",",6","0",",6","0",",6","","","19121223",",,6","","","","","","","19121215",",,6","19121212",",,6","-3.3",",6,23,","","","","","16.5",",,6,15,","20.0",",6,12,","734.0","6","309.6",",6","47.8",",,,6","","","8.35",",6","14.32",",,,6","2.38",",,,6"
"USC00044500","1913-01","37.9566","-122.5447","44.2","KENTFIELD, CA US","0.0","6","0.0","4,6","11",",6","10",",6","5",",6","","","","","0","2,6","13","2,6","0","2,6","1","2,6","0","2,6","2","","19130107",",2,6","","","","","","","19130112",",,6","19130131",",2,6","-4.4","2,6,07,","","","","","96.0",",,6,12,","21.7","2,6,31,","1040.2","6","306.2","2,6","319.2",",,,6","","","6.78","4,6","12.68","2,,,6","0.89","2,,,6"
"USC00044500","1913-02","37.9566","-122.5447","44.2","KENTFIELD, CA US","0.0","6","0.0",",6","6",",6","4",",6","0",",6","","","","","0",",6","5",",6","0",",6","2",",6","0",",6","","","19130222","+,,6","","","","","","","19130224",",,6","19130216","+,,6","-2.8",",6,22,+","","","","","10.7",",,6,24,","21.1",",6,16,+","1289.7","6","249.5",",6","29.5",",,,6","","","9.42",",6","15.72",",,,6","3.13",",,,6"
"USC00044500","1913-03","37.9566","-122.5447","44.2","KENTFIELD, CA US","0.0","6","0.0",",6","5",",6","5",",6","1",",6","","","","","0",",6","5",",6","0",",6","8",",6","0",",6","","","19130327","+,,6","","","","","","","19130317",",,6","19130306",",,6","-1.7",",6,27,+","","","","","38.6",",,6,17,","25.6",",6,06,","1522.0","6","232.3",",6","95.2",",,,6","","","10.84",",6","18.21",",,,6","3.47",",,,6"
"USC00044500","1913-04","37.9566","-122.5447","44.2","KENTFIELD, CA US","","","","","9",",6","3",",6","0",",6","","","","","","","","","","","","","","","","","","","","","","","","","19130405",",,6","","","","","","","","","10.4",",,6,05,","","","","","","","25.6",",,,6","","","","","","","",""
"USC00044500","1913-05","37.9566","-122.5447","44.2","KENTFIELD, CA US","","","","","5",",6","3",",6","0",",6","","","","","","","","","","","","","","","","","","","","","","","","","19130527",",,6","","","","","","","","","15.5",",,6,27,","","","","","","","30.8",",,,6","","","","","","","",""
"USC00044500","1913-06","37.9566","-122.5447","44.2","KENTFIELD, CA US","","","","","0",",6","0",",6","0",",6","","","","","0","3,6","0","3,6","0","3,6","24","3,6","2","3,6","","","19130615","+,3,6","","","","","","","19130601",",,6","19130629",",3,6","6.7","3,6,15,+","","","","","0.0",",T,6,01,","33.3","3,6,29,","","","","","0.0",",T,,6","","","17.92","4,6","25.05","3,,,6","10.79","3,,,6"
"USC00044500","1913-07","37.9566","-122.5447","44.2","KENTFIELD, CA US","","","96.6",",6","2",",6","1",",6","0",",6","","","","","0",",6","0",",6","0",",6","31",",6","8",",6","","","19130714",",,6","","","","","","","19130723",",,6","19130711",",,6","8.3",",6,14,","","","","","2.5",",,6,23,","44.4",",6,11,","0.0","6","0.0",",6","4.8",",,,6","","","21.45",",6","29.98",",,,6","12.92",",,,6"
"USC00044500","1913-08","37.9566","-122.5447","44.2","KENTFIELD, CA US","","","84.5",",6","1",",6","0",",6","0",",6","","","","","0",",6","0",",6","0",",6","31",",6","10",",6","","","19130816",",,6","","","","","","","19130809",",,6","19130807",",,6","7.2",",6,16,","","","","","0.5",",,6,09,","39.4",",6,07,","3.6","6","3.6",",6","0.5",",,,6","","","20.94",",6","29.68",",,,6","12.21",",,,6"
"USC00044500","1913-09","37.9566","-122.5447","44.2","KENTFIELD, CA US","","","65.6",",6","","","","","","","","","","","0",",6","0",",6","0",",6","29",",6","8",",6","","","19130925",",,6","","","","","","","","","19130916",",,6","5.0",",6,25,","","","","","","","40.0",",6,16,","19.4","6","15.8",",6","","","","","19.99",",6","29.48",",,,6","10.51",",,,6"
"USC00044500","1913-10","37.9566","-122.5447","44.2","KENTFIELD, CA US","","","15.0",",6","0",",6","0",",6","0",",6","","","","","0",",6","0",",6","0",",6","26",",6","2",",6","","","19131015",",,6","","","","","","","19131031","+,,6","19131001",",,6","3.3",",6,15,","","","","","0.0",",,6,31,+","35.6",",6,01,","88.5","6","69.1",",6","0.0",",,,6","","","16.59",",6","25.76",",,,6","7.41",",,,6"
"USC00044500","1913-11","37.9566","-122.5447","44.2","KENTFIELD, CA US","","","0.0",",6","","","","","","","","","","","0",",6","0",",6","0",",6","3",",6","0",",6","","","19131122",",,6","","","","","","","","","19131106",",,6","1.1",",6,22,","","","","","","","21.7",",6,06,","284.3","6","195.8",",6","","","","","11.81",",6","15.74",",,,6","7.87",",,,6"
"USC00044500","1913-12","37.9566","-122.5447","44.2","KENTFIELD, CA US","","","0.0",",6","14",",6","11",",6","6",",6","","","","","0",",6","9",",6","0",",6","0",",6","0",",6","1","","19131218",",,6","","","","","","","19131231",",,6","19131201",",,6","-1.7",",6,18,","","","","","123.2",",,6,31,","19.4",",6,01,","618.4","6","334.1",",6","481.6",",,,6","","","7.55",",6","11.64",",,,6","3.47",",,,6"
"USC00044500","1914-01","37.9566","-122.5447","44.2","KENTFIELD, CA US","0.0","6","0.0","2,6","18",",6","17",",6","8",",6","","","","","0","1,6","6","1,6","0","1,6","0","1,6","0","1,6","","","19140111","+,1,6","","","","","","","19140122",",,6","19140105",",1,6","-1.7","1,6,11,+","","","","","94.5",",,6,22,","17.2","1,6,05,","891.0","6","272.6","1,6","549.7",",,,6","","","8.84","2,6","12.43","1,,,6","5.25","1,,,6"
"USC00044500","1914-02","37.9566","-122.5447","44.2","KENTFIELD, CA US","0.0","6","0.0",",6","8",",6","5",",6","3",",6","","","","","0",",6","5",",6","0",",6","0",",6","0",",6","","","19140204",",,6","","","","","","","19140220",",,6","19140228",",,6","-2.8",",6,04,","","","","","85.3",",,6,20,","20.6",",6,28,","1147.3","6","256.3",",6","206.2",",,,6","","","9.18",",6","15.18",",,,6","3.19",",,,6"
"USC00044500","1914-03","37.9566","-122.5447","44.2","KENTFIELD, CA US","5.0","6","5.0",",6","3",",6","3",",6","0",",6","","","","","0",",6","1",",6","0",",6","13",",6","0",",6","","","19140327",",,6","","","","","","","19140329",",,6","19140318",",,6","-1.1",",6,27,","","","","","23.1",",,6,29,","31.7",",6,18,","1322.6","6","175.3",",6","41.4",",,,6","","","12.84",",6","19.90",",,,6","5.78",",,,6"
"USC00044500","1914-04","37.9566","-122.5447","44.2","KENTFIELD, CA US","5.6","6","0.6",",6","5",",6","3",",6","2",",6","","","","","0",",6","0",",6","0",",6","11",",6","0",",6","","","19140425","+,,6","","","","","","","19140404",",,6","19140418",",,6","3.3",",6,25,+","","","","","31.0",",,6,04,","27.8",",6,18,","1457.3","6","134.7",",6","66.1",",,,6","","","13.86",",6","20.19",",,,6","7.53",",,,6"
"USC00044500","1914-05","37.9566","-122.5447","44.2","KENTFIELD, CA US","6.4","6","0.8",",6","4",",6","3",",6","0",",6","","","","","0",",6","0",",6","0",",6","19",",6","0",",6","","","19140506",",,6","","","","","","","19140523",",,6","19140529",",,6","2.8",",6,06,","","","","","11.4",",,6,23,","31.1",",6,29,","1569.3","6","112.0",",6","21.0",",,,6","","","14.75",",6","21.61",",,,6","7.88",",,,6"
"USC00044500","1914-06","37.9566","-122.5447","44.2","KENTFIELD, CA US","16.7","6","10.3",",6","0",",6","0",",6","0",",6","","","","","0",",6","0",",6","0",",6","25",",6","2",",6","","","19140608",",,6","","","","","","","19140624",",,6","19140627",",,6","5.0",",6,08,","","","","","0.0",",T,6,24,","35.0",",6,27,","1628.2","6","58.9",",6","0.0",",T,,6","","","16.71",",6","24.57",",,,6","8.85",",,,6"
"USC00044500","1914-07","37.9566","-122.5447","44.2","KENTFIELD, CA US","28.7","6","12.0",",6","0",",6","0",",6","0",",6","","","","","0",",6","0",",6","0",",6","29",",6","1",",6","","","19140731","+,,6","","","","","","","19140731","+,,6","19140714",",,6","5.6",",6,31,+","","","","","0.0",",,6,31,+","34.4",",6,14,","33.0","6","33.0",",6","0.0",",,,6","","","17.65",",6","26.09",",,,6","9.22",",,,6"
"USC00044500","1914-08","37.9566","-122.5447","44.2","KENTFIELD, CA US","39.0","6","10.3",",6","0",",6","0",",6","0",",6","","","","","0",",6","0",",6","0",",6","28",",6","1",",6","","","19140824","+,,6","","","","","","","19140831","+,,6","19140801",",,6","6.1",",6,24,+","","","","","0.0",",,6,31,+","33.3",",6,01,","79.9","6","46.9",",6","0.0",",,,6","","","17.15",",6","25.69",",,,6","8.61",",,,6"
"USC00044500","1914-09","37.9566","-122.5447","44.2","KENTFIELD, CA US","43.5","6","4.5",",6","1",",6","1",",6","0",",6","","","","","0",",6","0",",6","0",",6","29",",6","1",",6","","","19140927",",,6","","","","","","","19140917",",,6","19140910",",,6","4.4",",6,27,","","","","","13.0",",,6,17,","35.6",",6,10,","131.1","6","51.2",",6","13.0",",,,6","","","16.78",",6","25.49",",,,6","8.06",",,,6"
"USC00044500","1914-10","37.9566","-122.5447","44.2","KENTFIELD, CA US","45.2","6","1.7",",6","5",",6","5",",6","1",",6","","","","","0",",6","0",",6","0",",6","17",",6","0",",6","","","19141022",",,6","","","","","","","19141017",",,6","19141014",",,6","3.3",",6,22,","","","","","33.8",",,6,17,","31.1",",6,14,","240.9","6","109.8",",6","84.3",",,,6","","","14.85",",6","21.97",",,,6","7.72",",,,6"
"USC00044500","1914-11","37.9566","-122.5447","44.2","KENTFIELD, CA US","45.2","6","0.0",",6","3",",6","1",",6","0",",6","","","","","0",",6","6",",6","0",",6","10",",6","0",",6","","","19141121","+,,6","","","","","","","19141101",",,6","19141108",",,6","-1.1",",6,21,+","","","","","7.6",",,6,01,","24.4",",6,08,","451.7","6","210.8",",6","10.7",",,,6","","","11.31",",6","19.51",",,,6","3.10",",,,6"
"USC00044500","1914-12","37.9566","-122.5447","44.2","KENTFIELD, CA US","45.2","6","0.0","2,6","14",",6","13",",6","2",",6","","","","","0","2,6","11","2,6","0","2,6","0","2,6","0","2,6","","","19141215","+,2,6","","","","","","","19141217",",,6","19141222",",2,6","-3.3","2,6,15,+","","","","","60.5",",,6,17,","19.4","2,6,22,","811.2","6","359.5","2,6","233.5",",,,6","","","5.94","2,6","10.46","2,,,6","1.42","2,,,6"
"USC00044500","1915-01","37.9566","-122.5447","44.2","KENTFIELD, CA US","0.0","6","0.0","2,6","19",",6","15",",6","8",",6","","","","","0","1,6","8","1,6","0","2,6","0","2,6","0","2,6","","","19150122","+,1,6","","","","","","","19150113",",,6","19150122",",2,6","-3.3","1,6,22,+","","","","","81.0",",,6,13,","15.6","2,6,22,","1123.7","6","312.5","2,6","429.4",",,,6","","","7.58","2,6","11.95","2,,,6","3.20","1,,,6"
"USC00044500","1915-02","37.9566","-122.5447","44.2","KENTFIELD, CA US","0.0","6","0.0",",6","","","","","","","","","","","0",",6","1",",6","0",",6","0",",6","0",",6","","","19150221",",,6","","","","","","","","","19150226",",,6","-1.1",",6,21,","","","","","","","16.1",",6,26,","1373.4","6","249.7",",6","","","","","9.42",",6","13.05",",,,6","5.78",",,,6"
"USC00044500","1915-03","37.9566","-122.5447","44.2","KENTFIELD, CA US","0.0","6","0.0",",6","8",",6","7",",6","1",",6","","","","","0",",6","0",",6","0",",6","10",",6","0",",6","","","19150308",",,6","","","","","","","19150328",",,6","19150321",",,6","0.6",",6,08,","","","","","53.6",",,6,28,","27.2",",6,21,","1550.3","6","176.9",",6","134.9",",,,6","","","12.63",",6","19.19",",,,6","6.06",",,,6"
"USC00044500","1915-04","37.9566","-122.5447","44.2","KENTFIELD, CA US","0.0","6","0.0","3,6","","","","","","","","","","","0","2,6","0","2,6","0","2,6","9","2,6","0","2,6","","","19150409","+,2,6","","","","","","","","","19150414",",2,6","5.0","2,6,09,+","","","","","","","25.6","2,6,14,","1664.2","6","113.9","2,6","","","","","14.02","3,6","19.59","2,,,6","8.45","2,,,6"
"USC00044500","1915-05","37.9566","-122.5447","44.2","KENTFIELD, CA US","4.4","6","4.4",",6","12",",6","8",",6","4",",6","","","","","0",",6","0",",6","0",",6","9",",6","1",",6","","","19150502",",,6","","","","","","","19150509",",,6","19150527",",,6","1.1",",6,02,","","","","","77.0",",,6,09,","32.2",",6,27,","1807.3","6","143.1",",6","246.4",",,,6","","","13.86",",6","19.03",",,,6","8.70",",,,6"
"USC00044500","1915-06","37.9566","-122.5447","44.2","KENTFIELD, CA US","16.1","6","11.7",",6","","","","","","","","","","","0",",6","0",",6","0",",6","30",",6","0",",6","","","19150621","+,,6","","","","","","","","","19150628","+,,6","5.6",",6,21,+","","","","","","","30.6",",6,28,+","1842.3","6","35.0",",6","","","","","17.56",",6","26.54",",,,6","8.58",",,,6"
"USC00044500","1915-07","37.9566","-122.5447","44.2","KENTFIELD, CA US","49.8","6","33.7",",6","","","","","","","","","","","0",",6","0",",6","0",",6","29",",6","4",",6","2","","19150727","+,,6","","","","","","","","","19150716",",,6","6.7",",6,27,+","","","","","","","34.4",",6,16,","23.9","6","23.9",",6","","","","","18.65",",6","27.49",",,,6","9.80",",,,6"
"USC00044500","1915-08","37.9566","-122.5447","44.2","KENTFIELD, CA US","68.8","6","19.0",",6","","","","","","","","","","","0",",6","0",",6","0",",6","28",",6","3",",6","8","","19150818",",,6","","","","","","","","","19150828",",,6","5.6",",6,18,","","","","","","","36.7",",6,28,","53.9","6","30.0",",6","","","","","17.98",",6","27.15",",,,6","8.80",",,,6"
"USC00044500","1915-09","37.9566","-122.5447","44.2","KENTFIELD, CA US","69.2","6","0.4",",6","","","","","","","","","","","0",",6","0",",6","0",",6","26",",6","0",",6","4","","19150912","+,,6","","","","","","","","","19150918","+,,6","3.9",",6,12,+","","","","","","","30.6",",6,18,+","127.9","6","74.0",",6","","","","","15.88",",6","25.31",",,,6","6.44",",,,6"
"USC00044500","1915-10","37.9566","-122.5447","44.2","KENTFIELD, CA US","69.2","6","0.0","1,6","1",",6","1",",6","0",",6","","","","","0","1,6","0","1,6","0","1,6","20","1,6","0","1,6","6","","19151012",",1,6","","","","","","","19151023",",,6","19151004",",1,6","0.6","1,6,12,","","","","","8.6",",,6,23,","30.0","1,6,04,","278.9","6","151.0","1,6","8.6",",,,6","","","13.30","1,6","22.69","1,,,6","3.91","1,,,6"
"USC00044500","1915-11","37.9566","-122.5447","44.2","KENTFIELD, CA US","","","","","5",",6","3",",6","0",",6","","","","","","","","","","","","","","","","","","","","","","","","","19151108",",,6","","","","","","","","","11.7",",,6,08,","","","","","","","28.9",",,,6","","","","","","","",""
"USC00044500","1915-12","37.9566","-122.5447","44.2","KENTFIELD, CA US","","","0.0",",6","14",",6","9",",6","3",",6","","","","","0",",6","8",",6","0",",6","0",",6","0",",6","","","19151231",",,6","","","","","","","19151213",",,6","19151201",",,6","-8.3",",6,31,","","","","","107.2",",,6,13,","17.2",",6,01,","","","332.6",",6","307.1",",,,6","","","7.60",",6","12.25",",,,6","2.96",",,,6"
"USC00044500","1916-01","37.9566","-122.5447","44.2","KENTFIELD, CA US","0.0","6","0.0","2,6","26",",6","21",",6","12",",6","","","","","0","1,6","16","1,6","0","1,6","0","1,6","0","1,6","","","19160131",",1,6","","","","","","","19160103",",,6","19160123",",1,6","-4.4","1,6,31,","","","","","93.2",",,6,03,","11.7","1,6,23,","","","397.8","1,6","680.7",",,,6","","","4.63","2,6","7.95","1,,,6","1.31","1,,,6"
"USC00044500","1916-02","37.9566","-122.5447","44.2","KENTFIELD, CA US","0.0","6","0.0",",6","12",",6","8",",6","2",",6","","","","","0",",6","2",",6","0",",6","1",",6","0",",6","","","19160201",",,6","","","","","","","19160204",",,6","19160214",",,6","-3.3",",6,01,","","","","","98.8",",,6,04,","21.1",",6,14,","","","242.1",",6","201.4",",,,6","","","9.98",",6","15.08",",,,6","4.89",",,,6"
"USC00044500","1916-03","37.9566","-122.5447","44.2","KENTFIELD, CA US","0.0","6","0.0",",6","6",",6","5",",6","1",",6","","","","","0",",6","3",",6","0",",6","10",",6","0",",6","","","19160302",",,6","","","","","","","19160304",",,6","19160313",",,6","-0.6",",6,02,","","","","","36.3",",,6,04,","26.1",",6,13,","","","230.6",",6","78.2",",,,6","","","10.89",",6","17.54",",,,6","4.25",",,,6"
"USC00044500","1916-04","37.9566","-122.5447","44.2","KENTFIELD, CA US","0.3","6","0.3",",6","","","","","","","","","","","0",",6","1",",6","0",",6","17",",6","0",",6","","","19160409",",,6","","","","","","","","","19160430",",,6","0.0",",6,09,","","","","","","","30.6",",6,30,","","","161.5",",6","","","","","12.96",",6","21.79",",,,6","4.13",",,,6"
"USC00044500","1916-05","37.9566","-122.5447","44.2","KENTFIELD, CA US","2.3","6","2.0",",6","1",",6","1",",6","0",",6","","","","","0",",6","0",",6","0",",6","21",",6","0",",6","","","19160507",",,6","","","","","","","19160507",",,6","19160501",",,6","2.2",",6,07,","","","","","5.1",",,6,07,","29.4",",6,01,","","","122.1",",6","5.1",",,,6","","","14.46",",6","22.23",",,,6","6.68",",,,6"
"USC00044500","1916-07","37.9566","-122.5447","44.2","KENTFIELD, CA US","","","41.5",",6","","","","","","","","","","","0",",6","0",",6","0",",6","31",",6","6",",6","","","19160705",",,6","","","","","","","","","19160722",",,6","5.6",",6,05,","","","","","","","38.3",",6,22,","11.4","6","11.4",",6","","","","","19.30",",6","29.15",",,,6","9.46",",,,6"
"USC00044500","1916-08","37.9566","-122.5447","44.2","KENTFIELD, CA US","","","18.8","2,6","2",",6","2",",6","0",",6","","","","","0","1,6","0","1,6","0","1,6","30","1,6","4","1,6","1","","19160823","+,1,6","","","","","","","19160813",",,6","19160802",",1,6","7.2","1,6,23,+","","","","","8.1",",,6,13,","35.0","1,6,02,","30.3","6","18.9","1,6","11.4",",,,6","","","18.30","2,6","27.18","1,,,6","9.42","1,,,6"
"USC00044500","1916-09","37.9566","-122.5447","44.2","KENTFIELD, CA US","","","27.7",",6","4",",6","3",",6","0",",6","","","","","0",",6","0",",6","0",",6","28",",6","4",",6","5","","19160918",",,6","","","","","","","19160918",",,6","19160913",",,6","5.0",",6,18,","","","","","14.2",",,6,18,","34.4",",6,13,","54.7","6","24.4",",6","39.6",",,,6","","","18.44",",6","27.20",",,,6","9.68",",,,6"
"USC00044500","1916-10","37.9566","-122.5447","44.2","KENTFIELD, CA US","","","","","8",",6","6",",6","0",",6","","","","","","","","","","","","","","","","","","","","","","","","","19161004",",,6","","","","","","","","","5.6",",,6,04,","","","","","","","27.4",",,,6","","","","","","","",""
"USC00044500","1916-11","37.9566","-122.5447","44.2","KENTFIELD, CA US","","","0.0",",6","","","","","","","","","","","0",",6","11",",6","0",",6","5",",6","0",",6","2","","19161114",",,6","","","","","","","","","19161110",",,6","-3.9",",6,14,","","","","","","","23.9",",6,10,","","","243.3",",6","","","","","10.22",",6","17.82",",,,6","2.63",",,,6"
"USC00044500","1916-12","37.9566","-122.5447","44.2","KENTFIELD, CA US","","","0.0",",6","12",",6","10",",6","4",",6","","","","","0",",6","16",",6","0",",6","0",",6","0",",6","","","19161208",",,6","","","","","","","19161224",",,6","19161217","+,,6","-3.9",",6,08,","","","","","58.9",",,6,24,","16.7",",6,17,+","","","369.0",",6","252.2",",,,6","","","6.43",",6","11.78",",,,6","1.07",",,,6"
"USC00044500","1917-01","37.9566","-122.5447","44.2","KENTFIELD, CA US","0.0","6","0.0",",6","","","","","","","","","","","0",",6","22",",6","0",",6","0",",6","0",",6","1","","19170117",",,6","","","","","","","","","19170125","+,,6","-7.2",",6,17,","","","","","","","17.2",",6,25,+","","","402.9",",6","","","","","5.34",",6","11.80",",,,6","-1.12",",,,6"
"USC00044500","1917-02","37.9566","-122.5447","44.2","KENTFIELD, CA US","0.0","6","0.0",",6","10",",6","9",",6","3",",6","","","","","0",",6","12",",6","0",",6","1",",6","0",",6","","","19170201",",,6","","","","","","","19170221",",,6","19170215",",,6","-6.1",",6,01,","","","","","115.1",",,6,21,","22.2",",6,15,","","","281.7",",6","279.9",",,,6","","","8.27",",6","14.86",",,,6","1.68",",,,6"
"USC00044500","1917-03","37.9566","-122.5447","44.2","KENTFIELD, CA US","0.0","6","0.0",",6","","","","","","","","","","","0",",6","10",",6","0",",6","4",",6","0",",6","","","19170302",",,6","","","","","","","","","19170327",",,6","-3.9",",6,02,","","","","","","","25.0",",6,27,","","","282.8",",6","","","","","9.21",",6","16.61",",,,6","1.81",",,,6"
"USC00044500","1917-04","37.9566","-122.5447","44.2","KENTFIELD, CA US","0.0","6","0.0",",6","","","","","","","","","","","0",",6","1",",6","0",",6","11",",6","0",",6","","","19170409",",,6","","","","","","","","","19170411",",,6","-0.6",",6,09,","","","","","","","26.1",",6,11,","","","180.6",",6","","","","","12.31",",6","19.91",",,,6","4.72",",,,6"
"USC00044500","1917-05","37.9566","-122.5447","44.2","KENTFIELD, CA US","0.0","6","0.0",",6","1",",6","0",",6","0",",6","","","0",",6","0",",6","0",",6","0",",6","13",",6","0",",6","","","19170526","+,,6","","","19170531","+,,6","","","19170510",",,6","19170531",",,6","2.2",",6,26,+","","","0",",,6,31,+","0.8",",,6,10,","28.3",",6,31,","","","153.4",",6","0.8",",,,6","0",",,,6","13.39",",6","20.56",",,,6","6.21",",,,6"
"USC00044500","1917-06","37.9566","-122.5447","44.2","KENTFIELD, CA US","26.7","6","26.7",",6","","","","","","","","","","","0",",6","0",",6","0",",6","30",",6","6",",6","4","","19170612","+,,6","","","","","","","","","19170618",",,6","3.9",",6,12,+","","","","","","","36.7",",6,18,","","","50.3",",6","","","","","17.55",",6","28.15",",,,6","6.94",",,,6"
"USC00044500","1917-07","37.9566","-122.5447","44.2","KENTFIELD, CA US","98.2","6","71.5",",6","","","","","","","","","","","0",",6","0",",6","0",",6","31",",6","9",",6","","","19170725",",,6","","","","","","","","","19170721","+,,6","7.2",",6,25,","","","","","","","39.4",",6,21,+","6.4","6","6.4",",6","","","","","20.43",",6","30.67",",,,6","10.20",",,,6"
"USC00044500","1917-08","37.9566","-122.5447","44.2","KENTFIELD, CA US","","","","","","","","","","","","","","","","","","","","","","","","","31","","","","","","","","","","","","","","","","","","","","","","","","","","","","","","","","","","","","",""
"USC00044500","1917-09","37.9566","-122.5447","44.2","KENTFIELD, CA US","","","54.9",",6","","","","","","","","","","","0",",6","0",",6","0",",6","30",",6","10",",6","4","","19170920",",,6","","","","","","","","","19170916",",,6","5.0",",6,20,","","","","","","","37.2",",6,16,","","","19.7",",6","","","","","19.51",",6","28.90",",,,6","10.11",",,,6"
"USC00044500","1917-10","37.9566","-122.5447","44.2","KENTFIELD, CA US","","","16.8",",6","1",",6","0",",6","0",",6","","","","","0",",6","0",",6","0",",6","30",",6","2",",6","13","","19171029",",,6","","","","","","","19171001",",,6","19171003",",,6","1.7",",6,29,","","","","","1.0",",,6,01,","36.7",",6,03,","","","63.6",",6","1.0",",,,6","","","16.82",",6","26.38",",,,6","7.26",",,,6"
"USC00044500","1917-11","37.9566","-122.5447","44.2","KENTFIELD, CA US","","","","","","","","","","","","","","","0","2,6","0","2,6","","","","","","","1","","19171120",",2,6","","","","","","","","","","","1.7","2,6,20,","","","","","","","","","","","","","","","","","","","","","6.15","2,,,6"
"USC00044500","1917-12","37.9566","-122.5447","44.2","KENTFIELD, CA US","","","0.0",",6","4",",6","4",",6","2",",6","","","","","0",",6","2",",6","0",",6","0",",6","0",",6","12","","19171211",",,6","","","","","","","19171225",",,6","19171228","+,,6","-0.6",",6,11,","","","","","50.8",",,6,25,","20.6",",6,28,+","","","225.8",",6","88.4",",,,6","","","11.05",",6","16.88",",,,6","5.22",",,,6"
"USC00044500","1918-01","37.9566","-122.5447","44.2","KENTFIELD, CA US","0.0","6","0.0",",6","","","","","","","","","","","0",",6","2",",6","0",",6","2",",6","0",",6","6","","19180123","+,,6","","","","","","","","","19180128","+,,6","-1.1",",6,23,+","","","","","","","21.1",",6,28,+","","","236.2",",6","","","","","10.71",",6","15.87",",,,6","5.56",",,,6"
"USC00044500","1918-02","37.9566","-122.5447","44.2","KENTFIELD, CA US","0.0","6","0.0",",6","","","","","","","","","","","0",",6","4",",6","0",",6","2",",6","0",",6","","","19180201",",,6","","","","","","","","","19180227","+,,6","-1.7",",6,01,","","","","","","","21.7",",6,27,+","","","227.5",",6","","","","","10.21",",6","15.61",",,,6","4.81",",,,6"
"USC00044500","1918-03","37.9566","-122.5447","44.2","KENTFIELD, CA US","0.0","6","0.0",",6","7",",6","6",",6","1",",6","","","0",",6","0",",6","3",",6","0",",6","9",",6","0",",6","","","19180306","+,,6","","","19180331","+,,6","","","19180318",",,6","19180330",",,6","-1.7",",6,06,+","","","0",",,6,31,+","36.1",",,6,18,","26.7",",6,30,","","","198.4",",6","102.4",",,,6","0",",,,6","11.93",",6","18.48",",,,6","5.39",",,,6"
"USC00044500","1918-04","37.9566","-122.5447","44.2","KENTFIELD, CA US","3.4","6","3.4",",6","","","","","","","","","","","0",",6","2",",6","0",",6","20",",6","0",",6","","","19180405",",,6","","","","","","","","","19180420",",,6","-0.6",",6,05,","","","","","","","30.6",",6,20,","","","117.7",",6","","","","","14.52",",6","22.70",",,,6","6.34",",,,6"
"USC00044500","1918-05","37.9566","-122.5447","44.2","KENTFIELD, CA US","3.7","6","0.3",",6","","","","","","","","","","","0",",6","0",",6","0",",6","24",",6","0",",6","","","19180524","+,,6","","","","","","","","","19180531",",,6","3.9",",6,24,+","","","","","","","29.4",",6,31,","","","106.3",",6","","","","","14.91",",6","23.12",",,,6","6.70",",,,6"
"USC00044500","1918-06","37.9566","-122.5447","44.2","KENTFIELD, CA US","","","","","","","","","","","","","","","","","","","","","","","","","","","","","","","","","1","","","","","","","","","","","","","","","","","","","","","","","","","","","","",""
"USC00044500","1918-07","37.9566","-122.5447","44.2","KENTFIELD, CA US","","","","","0",",6","0",",6","0",",6","","","","","","","","","","","","","","","","","","","","","","","","","19180731","+,,6","","","","","","","","","0.0",",,6,31,+","","","","","","","0.0",",,,6","","","","","","","",""
"USC00044500","1918-08","37.9566","-122.5447","44.2","KENTFIELD, CA US","","","","","0",",6","0",",6","0",",6","","","","","","","","","","","","","","","","","","","","","","","","","19180831","+,,6","","","","","","","","","0.0",",,6,31,+","","","","","","","0.0",",,,6","","","","","","","",""
"USC00044500","1918-09","37.9566","-122.5447","44.2","KENTFIELD, CA US","","","","","","","","","","","","","","","","","","","","","","","","","5","","","","","","","","","","","","","","","","","","","","","","","","","","","","","","","","","","","","",""
"USC00044500","1918-10","37.9566","-122.5447","44.2","KENTFIELD, CA US","","","16.8",",6","2",",6","2",",6","0",",6","","","","","0",",6","0",",6","0",",6","28",",6","2",",6","1","","19181026",",,6","","","","","","","19181005",",,6","19181011",",,6","1.7",",6,26,","","","","","16.5",",,6,05,","32.8",",6,11,","","","56.6",",6","22.9",",,,6","","","17.05",",6","26.07",",,,6","8.03",",,,6"
"USC00044500","1918-11","37.9566","-122.5447","44.2","KENTFIELD, CA US","","","0.0",",6","9",",6","8",",6","3",",6","","","0",",6","0",",6","7",",6","0",",6","2",",6","0",",6","1","","19181129",",,6","","","19181130","+,,6","","","19181123",",,6","19181102",",,6","-2.2",",6,29,","","","0",",,6,30,+","78.0",",,6,23,","23.3",",6,02,","","","241.9",",6","234.3",",,,6","0",",,,6","10.27",",6","16.77",",,,6","3.77",",,,6"
"USC00044500","1918-12","37.9566","-122.5447","44.2","KENTFIELD, CA US","","","0.0",",6","5",",6","4",",6","3",",6","","","","","0",",6","16",",6","0",",6","0",",6","0",",6","1","","19181231",",,6","","","","","","","19181205",",,6","19181202","+,,6","-4.4",",6,31,","","","","","48.5",",,6,05,","18.3",",6,02,+","","","345.2",",6","116.0",",,,6","","","7.20",",6","13.34",",,,6","1.06",",,,6"
"USC00044500","1919-01","37.9566","-122.5447","44.2","KENTFIELD, CA US","0.0","6","0.0",",6","9",",6","5",",6","2",",6","","","","","0",",6","15",",6","0",",6","0",",6","0",",6","","","19190101",",,6","","","","","","","19190119",",,6","19190128",",,6","-5.6",",6,01,","","","","","105.4",",,6,19,","18.9",",6,28,","","","308.7",",6","170.8",",,,6","","","8.38",",6","14.82",",,,6","1.93",",,,6"
"USC00044500","1919-02","37.9566","-122.5447","44.2","KENTFIELD, CA US","0.0","6","0.0",",6","17",",6","15",",6","7",",6","","","","","0",",6","3",",6","0",",6","0",",6","0",",6","","","19190203","+,,6","","","","","","","19190210",",,6","19190215","+,,6","-1.7",",6,03,+","","","","","107.2",",,6,10,","17.2",",6,15,+","","","257.9",",6","528.5",",,,6","","","9.12",",6","13.81",",,,6","4.44",",,,6"
"USC00044500","1919-03","37.9566","-122.5447","44.2","KENTFIELD, CA US","0.0","6","0.0",",6","13",",6","10",",6","2",",6","","","","","0",",6","3",",6","0",",6","1",",6","0",",6","","","19190310",",,6","","","","","","","19190313",",,6","19190331",",,6","-2.2",",6,10,","","","","","47.8",",,6,13,","23.3",",6,31,","","","248.1",",6","157.1",",,,6","","","10.33",",6","16.36",",,,6","4.30",",,,6"
"USC00044500","1919-04","37.9566","-122.5447","44.2","KENTFIELD, CA US","1.1","6","1.1","1,6","3",",6","1",",6","0",",6","","","","","0","1,6","0","1,6","0",",6","18",",6","0",",6","3","","19190410",",1,6","","","","","","","19190416",",,6","19190429","+,,6","1.1","1,6,10,","","","","","3.3",",,6,16,","27.2",",6,29,+","","","126.6",",6","7.1",",,,6","","","14.01","1,6","22.00",",,,6","6.02","1,,,6"
"USC00044500","1919-05","37.9566","-122.5447","44.2","KENTFIELD, CA US","9.7","6","8.6",",6","","","","","","","","","","","0",",6","0",",6","0",",6","27",",6","2",",6","","","19190531","+,,6","","","","","","","","","19190527",",,6","2.2",",6,31,+","","","","","","","37.2",",6,27,","","","87.9",",6","","","","","15.77",",6","24.73",",,,6","6.82",",,,6"
"USC00044500","1919-06","37.9566","-122.5447","44.2","KENTFIELD, CA US","24.2","6","14.5",",6","","","","","","","","","","","0",",6","0",",6","0",",6","29",",6","6",",6","","","19190616","+,,6","","","","","","","","","19190602","+,,6","3.9",",6,16,+","","","","","","","35.6",",6,02,+","","","60.0",",6","","","","","16.82",",6","26.93",",,,6","6.70",",,,6"
"USC00044500","1919-07","37.9566","-122.5447","44.2","KENTFIELD, CA US","48.7","6","24.5","1,6","","","","","","","","","","","0","1,6","0","1,6","0",",6","31",",6","5",",6","","","19190731","+,1,6","","","","","","","","","19190707",",,6","3.9","1,6,31,+","","","","","","","38.3",",6,07,","29.6","6","29.6",",6","","","","","18.31","1,6","29.37",",,,6","7.25","1,,,6"
"USC00044500","1919-08","37.9566","-122.5447","44.2","KENTFIELD, CA US","91.9","6","43.2",",6","","","","","","","","","","","0",",6","0",",6","0",",6","31",",6","12",",6","","","19190812","+,,6","","","","","","","","","19190819",",,6","4.4",",6,12,+","","","","","","","37.8",",6,19,","58.9","6","29.3",",6","","","","","18.78",",6","29.65",",,,6","7.92",",,,6"
"USC00044500","1919-09","37.9566","-122.5447","44.2","KENTFIELD, CA US","121.4","6","29.5",",6","","","","","","","","","","","0",",6","0",",6","0",",6","26",",6","8",",6","","","19190930","+,,6","","","","","","","","","19190919",",,6","5.6",",6,30,+","","","","","","","40.0",",6,19,","96.8","6","37.9",",6","","","","","18.05",",6","27.70",",,,6","8.41",",,,6"
"USC00044500","1919-10","37.9566","-122.5447","44.2","KENTFIELD, CA US","123.9","6","2.5",",6","","","","","","","","","","","0",",6","1",",6","0",",6","22",",6","0",",6","1","","19191031",",,6","","","","","","","","","19191013","+,,6","-1.1",",6,31,","","","","","","","31.7",",6,13,+","231.3","6","134.5",",6","","","","","14.07",",6","24.42",",,,6","3.73",",,,6"
"USC00044500","1919-11","37.9566","-122.5447","44.2","KENTFIELD, CA US","123.9","6","0.0",",6","","","","","","","","","","","0",",6","7",",6","0",",6","14",",6","0",",6","2","","19191110",",,6","","","","","","","","","19191122","+,,6","-1.7",",6,10,","","","","","","","23.9",",6,22,+","442.6","6","211.3",",6","","","","","11.29",",6","19.94",",,,6","2.64",",,,6"
"USC00044500","1919-12","37.9566","-122.5447","44.2","KENTFIELD, CA US","123.9","6","0.0",",6","8",",6","8",",6","4",",6","","","","","0",",6","13",",6","0",",6","0",",6","0",",6","8","","19191213",",,6","","","","","","","19191210",",,6","19191223",",,6","-6.1",",6,13,","","","","","110.7",",,6,10,","16.7",",6,23,","791.0","6","348.4",",6","288.3",",,,6","","","7.09",",6","12.26",",,,6","1.92",",,,6"
"USC00044500","1920-01","37.9566","-122.5447","44.2","KENTFIELD, CA US","0.0","6","0.0",",6","","","","","","","","","","","0",",6","8",",6","0",",6","0",",6","0",",6","","","19200109",",,6","","","","","","","","","19200118","+,,6","-3.9",",6,09,","","","","","","","20.0",",6,18,+","1093.7","6","302.7",",6","","","","","8.57",",6","14.77",",,,6","2.37",",,,6"
"USC00044500","1920-02","37.9566","-122.5447","44.2","KENTFIELD, CA US","0.0","6","0.0",",6","4",",6","3",",6","0",",6","","","","","0",",6","14",",6","0",",6","1",",6","0",",6","","","19200222",",,6","","","","","","","19200227",",,6","19200206",",,6","-2.8",",6,22,","","","","","23.9",",,6,27,","21.1",",6,06,","1363.6","6","269.9",",6","46.3",",,,6","","","9.03",",6","16.32",",,,6","1.73",",,,6"
"USC00044500","1920-03","37.9566","-122.5447","44.2","KENTFIELD, CA US","0.0","6","0.0",",6","11",",6","9",",6","1",",6","","","","","0",",6","4",",6","0",",6","4",",6","0",",6","","","19200303",",,6","","","","","","","19200309",",,6","19200330","+,,6","-1.1",",6,03,","","","","","28.4",",,6,09,","22.2",",6,30,+","1622.2","6","258.6",",6","131.5",",,,6","","","9.99",",6","16.79",",,,6","3.19",",,,6"
"USC00044500","1920-04","37.9566","-122.5447","44.2","KENTFIELD, CA US","0.0","6","0.0",",6","6",",6","4",",6","3",",6","","","","","0",",6","1",",6","0",",6","8",",6","0",",6","","","19200423",",,6","","","","","","","19200415",",,6","19200426",",,6","0.0",",6,23,","","","","","61.2",",,6,15,","31.7",",6,26,","1835.4","6","213.2",",6","154.1",",,,6","","","11.23",",6","18.04",",,,6","4.41",",,,6"
"USC00044500","1920-05","37.9566","-122.5447","44.2","KENTFIELD, CA US","2.5","6","2.5",",6","","","","","","","","","","","0",",6","0",",6","0",",6","10",",6","0",",6","","","19200505",",,6","","","","","","","","","19200519",",,6","1.1",",6,05,","","","","","","","31.7",",6,19,","2021.3","6","185.9",",6","","","","","12.42",",6","20.33",",,,6","4.51",",,,6"
"USC00044500","1920-06","37.9566","-122.5447","44.2","KENTFIELD, CA US","36.7","6","34.2",",6","","","","","","","","","","","0",",6","0",",6","0",",6","24",",6","5",",6","","","19200602",",,6","","","","","","","","","19200619",",,6","4.4",",6,02,","","","","","","","41.7",",6,19,","2069.0","6","47.7",",6","","","","","17.88",",6","26.63",",,,6","9.13",",,,6"
"USC00044500","1920-07","37.9566","-122.5447","44.2","KENTFIELD, CA US","55.2","6","18.5",",6","","","","","","","","","","","0",",6","0",",6","0",",6","31",",6","4",",6","","","19200727",",,6","","","","","","","","","19200722",",,6","4.4",",6,27,","","","","","","","35.6",",6,22,","16.4","6","16.4",",6","","","","","18.40",",6","29.08",",,,6","7.72",",,,6"
"USC00044500","1920-08","37.9566","-122.5447","44.2","KENTFIELD, CA US","104.5","6","49.3",",6","","","","","","","","","","","0",",6","0",",6","0",",6","31",",6","12",",6","","","19200827","+,,6","","","","","","","","","19200806",",,6","6.7",",6,27,+","","","","","","","37.8",",6,06,","33.4","6","17.0",",6","","","","","19.37",",6","30.20",",,,6","8.55",",,,6"
"USC00044500","1920-09","37.9566","-122.5447","44.2","KENTFIELD, CA US","118.9","6","14.4",",6","","","","","","","","","","","0",",6","0",",6","0",",6","30",",6","3",",6","","","19200925",",,6","","","","","","","","","19200915",",,6","6.1",",6,25,","","","","","","","35.0",",6,15,","68.3","6","34.9",",6","","","","","17.65",",6","26.33",",,,6","8.97",",,,6"
"USC00044500","1920-10","37.9566","-122.5447","44.2","KENTFIELD, CA US","120.0","6","1.1",",6","9",",6","6",",6","1",",6","","","","","0",",6","0",",6","0",",6","20",",6","0",",6","","","19201028","+,,6","","","","","","","19201006",",,6","19201003",",,6","2.8",",6,28,+","","","","","32.0",",,6,06,","30.6",",6,03,","195.9","6","127.6",",6","87.3",",,,6","","","14.25",",6","21.91",",,,6","6.60",",,,6"
"USC00044500","1920-11","37.9566","-122.5447","44.2","KENTFIELD, CA US","120.0","6","0.0",",6","","","","","","","","","","","0",",6","4",",6","0",",6","3",",6","0",",6","","","19201106",",,6","","","","","","","","","19201102",",,6","-2.2",",6,06,","","","","","","","22.2",",6,02,","408.0","6","212.1",",6","","","","","11.26",",6","16.81",",,,6","5.71",",,,6"
"USC00044500","1920-12","37.9566","-122.5447","44.2","KENTFIELD, CA US","120.0","6","0.0",",6","17",",6","17",",6","4",",6","","","","","0",",6","3",",6","0",",6","0",",6","0",",6","","","19201205",",,6","","","","","","","19201218",",,6","19201231",",,6","-1.1",",6,05,","","","","","44.5",",,6,18,","20.6",",6,31,","690.6","6","282.6",",6","288.6",",,,6","","","9.22",",6","14.19",",,,6","4.25",",,,6"
"USC00044500","1921-01","37.9566","-122.5447","44.2","KENTFIELD, CA US","0.0","6","0.0",",6","","","","","","","","","","","0",",6","7",",6","0",",6","0",",6","0",",6","","","19210111",",,6","","","","","","","","","19210101",",,6","-3.9",",6,11,","","","","","","","20.6",",6,01,","988.0","6","297.4",",6","","","","","8.74",",6","13.57",",,,6","3.91",",,,6"
"USC00044500","1921-02","37.9566","-122.5447","44.2","KENTFIELD, CA US","0.0","6","0.0",",6","7",",6","4",",6","1",",6","","","","","0",",6","1",",6","0",",6","5",",6","0",",6","","","19210222",",,6","","","","","","","19210221",",,6","19210224",",,6","-0.6",",6,22,","","","","","32.5",",,6,21,","23.3",",6,24,","1202.6","6","214.6",",6","61.7",",,,6","","","10.67",",6","16.89",",,,6","4.45",",,,6"
"USC00044500","1921-03","37.9566","-122.5447","44.2","KENTFIELD, CA US","0.0","6","0.0",",6","","","","","","","","","","","0",",6","1",",6","0",",6","10",",6","0",",6","","","19210323",",,6","","","","","","","","","19210329","+,,6","-0.6",",6,23,","","","","","","","24.4",",6,29,+","1399.0","6","196.4",",6","","","","","12.00",",6","18.29",",,,6","5.71",",,,6"
"USC00044500","1921-04","37.9566","-122.5447","44.2","KENTFIELD, CA US","12.0","6","12.0",",6","3",",6","3",",6","0",",6","","","","","0",",6","2",",6","0",",6","15",",6","2",",6","","","19210407","+,,6","","","","","","","19210416",",,6","19210428",",,6","-0.6",",6,07,+","","","","","13.7",",,6,16,","36.1",",6,28,","1546.9","6","147.9",",6","22.6",",,,6","","","13.80",",6","21.89",",,,6","5.71",",,,6"
"USC00044500","1921-05","37.9566","-122.5447","44.2","KENTFIELD, CA US","12.0","6","0.0",",6","6",",6","2",",6","0",",6","","","","","0",",6","0",",6","0",",6","16",",6","0",",6","","","19210502",",,6","","","","","","","19210529","+,,6","19210512",",,6","1.1",",6,02,","","","","","6.6",",,6,29,+","30.6",",6,12,","1688.7","6","141.8",",6","17.7",",,,6","","","13.76",",6","21.64",",,,6","5.87",",,,6"
"USC00044500","1921-06","37.9566","-122.5447","44.2","KENTFIELD, CA US","61.2","6","49.2",",6","","","","","","","","","","","0",",6","0",",6","0",",6","30",",6","8",",6","","","19210602",",,6","","","","","","","","","19210621",",,6","4.4",",6,02,","","","","","","","42.8",",6,21,","1704.1","6","15.4",",6","","","","","19.46",",6","29.54",",,,6","9.38",",,,6"
"USC00044500","1921-07","37.9566","-122.5447","44.2","KENTFIELD, CA US","109.3","6","48.1",",6","","","","","","","","","","","0",",6","0",",6","0",",6","30",",6","10",",6","3","","19210723","+,,6","","","","","","","","","19210707",",,6","5.0",",6,23,+","","","","","","","42.2",",6,07,","31.4","6","31.4",",6","","","","","18.87",",6","30.22",",,,6","7.53",",,,6"
"USC00044500","1921-08","37.9566","-122.5447","44.2","KENTFIELD, CA US","180.1","6","70.8",",6","","","","","","","","","","","0",",6","0",",6","0",",6","31",",6","8",",6","","","19210829",",,6","","","","","","","","","19210815",",,6","8.3",",6,29,","","","","","","","36.7",",6,15,","34.2","6","2.8",",6","","","","","20.52",",6","29.58",",,,6","11.46",",,,6"
"USC00044500","1921-09","37.9566","-122.5447","44.2","KENTFIELD, CA US","","","","","","","","","","","","","","","","","","","0",",6","29",",6","7",",6","","","","","","","","","","","","","19210927",",,6","","","","","","","","","39.4",",6,27,","","","","","","","","","","","28.96",",,,6","",""
"USC00044500","1921-10","37.9566","-122.5447","44.2","KENTFIELD, CA US","","","","","","","","","","","","","","","","","","","0",",6","30",",6","3",",6","","","","","","","","","","","","","19211019",",,6","","","","","","","","","33.9",",6,19,","","","","","","","","","","","26.72",",,,6","",""
"USC00044500","1921-11","37.9566","-122.5447","44.2","KENTFIELD, CA US","","","","","","","","","","","","","","","","","","","0",",6","13",",6","0",",6","","","","","","","","","","","","","19211104",",,6","","","","","","","","","28.9",",6,04,","","","","","","","","","","","20.29",",,,6","",""
"USC00044500","1921-12","37.9566","-122.5447","44.2","KENTFIELD, CA US","","","0.0",",6","","","","","","","","","","","0",",6","5",",6","0",",6","0",",6","0",",6","2","","19211206",",,6","","","","","","","","","19211213",",,6","-2.2",",6,06,","","","","","","","18.3",",6,13,","","","312.2",",6","","","","","8.26",",6","12.80",",,,6","3.73",",,,6"
"USC00044500","1922-01","37.9566","-122.5447","44.2","KENTFIELD, CA US","0.0","6","0.0",",6","","","","","","","","","","","0",",6","26",",6","2",",6","0",",6","0",",6","","","19220121",",,6","","","","","","","","","19220101",",,6","-6.7",",6,21,","","","","","","","14.4",",6,01,","","","475.3",",6","","","","","3.00",",6","6.87",",,,6","-0.87",",,,6"
"USC00044500","1922-02","37.9566","-122.5447","44.2","KENTFIELD, CA US","0.0","6","0.0","2,6","16",",6","12",",6","3",",6","","","","","0","1,6","10","1,6","0","1,6","0","1,6","0","1,6","","","19220202",",1,6","","","","","","","19220219",",,6","19220220","+,1,6","-4.4","1,6,02,","","","","","53.8",",,6,19,","15.0","1,6,20,+","","","309.5","1,6","231.0",",,,6","","","6.35","2,6","10.64","1,,,6","2.07","1,,,6"
"USC00044500","1922-03","37.9566","-122.5447","44.2","KENTFIELD, CA US","0.0","6","0.0",",6","","","","","","","","","","","0",",6","5",",6","0",",6","0",",6","0",",6","","","19220301",",,6","","","","","","","","","19220324",",,6","-1.1",",6,01,","","","","","","","20.0",",6,24,","","","320.0",",6","","","","","8.01",",6","12.38",",,,6","3.64",",,,6"
"USC00044500","1922-04","37.9566","-122.5447","44.2","KENTFIELD, CA US","0.0","6","0.0",",6","","","","","","","","","","","0",",6","1",",6","0",",6","1",",6","0",",6","","","19220417",",,6","","","","","","","","","19220427",",,6","0.0",",6,17,","","","","","","","22.2",",6,27,","","","279.7",",6","","","","","9.01",",6","14.60",",,,6","3.42",",,,6"
"USC00044500","1922-05","37.9566","-122.5447","44.2","KENTFIELD, CA US","0.8","6","0.8",",6","","","","","","","","","","","0",",6","0",",6","0",",6","10",",6","0",",6","","","19220501",",,6","","","","","","","","","19220513",",,6","2.2",",6,01,","","","","","","","30.6",",6,13,","","","181.4",",6","","","","","12.51",",6","18.81",",,,6","6.21",",,,6"
"USC00044500","1922-06","37.9566","-122.5447","44.2","KENTFIELD, CA US","39.7","6","38.9",",6","","","","","","","","","","","0",",6","0",",6","0",",6","26",",6","10",",6","","","19220603",",,6","","","","","","","","","19220617",",,6","4.4",",6,03,","","","","","","","38.9",",6,17,","","","51.1",",6","","","","","17.93",",6","27.89",",,,6","7.97",",,,6"
"USC00044500","1922-07","37.9566","-122.5447","44.2","KENTFIELD, CA US","92.7","6","53.0",",6","0",",6","0",",6","0",",6","","","","","0",",6","0",",6","0",",6","30",",6","8",",6","1","","19220723",",,6","","","","","","","19220731","+,,6","19220726",",,6","4.4",",6,23,","","","","","0.0",",,6,31,+","37.2",",6,26,","12.8","6","12.8",",6","0.0",",,,6","","","19.63",",6","29.66",",,,6","9.60",",,,6"
"USC00044500","1922-08","37.9566","-122.5447","44.2","KENTFIELD, CA US","124.8","6","32.1","1,6","","","","","","","","","","","0","1,6","0","1,6","0",",6","31",",6","7",",6","","","19220805",",1,6","","","","","","","","","19220806",",,6","5.0","1,6,05,","","","","","","","37.2",",6,06,","24.2","6","11.4",",6","","","","","18.95","1,6","30.17",",,,6","7.72","1,,,6"
"USC00044500","1922-09","37.9566","-122.5447","44.2","KENTFIELD, CA US","194.5","6","69.7",",6","","","","","","","","","","","0",",6","0",",6","0",",6","30",",6","13",",6","","","19220929",",,6","","","","","","","","","19220909",",,6","3.9",",6,29,","","","","","","","39.4",",6,09,","32.9","6","8.7",",6","","","","","20.37",",6","31.72",",,,6","9.02",",,,6"
"USC00044500","1922-10","37.9566","-122.5447","44.2","KENTFIELD, CA US","194.5","6","0.0",",6","","","","","","","","","","","0",",6","0",",6","0",",6","19",",6","0",",6","","","19221030",",,6","","","","","","","","","19221023","+,,6","2.2",",6,30,","","","","","","","31.1",",6,23,+","139.7","6","106.8",",6","","","","","14.89",",6","22.55",",,,6","7.23",",,,6"
"USC00044500","1922-11","37.9566","-122.5447","44.2","KENTFIELD, CA US","194.5","6","0.0",",6","","","","","","","","","","","0",",6","6",",6","0",",6","1",",6","0",",6","","","19221129",",,6","","","","","","","","","19221126",",,6","-2.2",",6,29,","","","","","","","21.1",",6,26,","404.6","6","264.9",",6","","","","","9.50",",6","16.78",",,,6","2.23",",,,6"
"USC00044500","1922-12","37.9566","-122.5447","44.2","KENTFIELD, CA US","194.5","6","0.0","1,6","","","","","","","","","","","0",",6","4",",6","0","1,6","0","1,6","0","1,6","","","19221204",",,6","","","","","","","","","19221231","+,1,6","-2.2",",6,04,","","","","","","","17.8","1,6,31,+","685.5","6","280.9","1,6","","","","","9.04","1,6","13.87","1,,,6","4.21",",,,6"
"USC00044500","1923-01","37.9566","-122.5447","44.2","KENTFIELD, CA US","","","","","","","","","","","","","","","0",",6","11",",6","","","","","","","3","","19230131",",,6","","","","","","","","","","","-3.9",",6,31,","","","","","","","","","","","","","","","","","","","","","2.29",",,,6"
"USC00044500","1923-02","37.9566","-122.5447","44.2","KENTFIELD, CA US","","","","","","","","","","","","","","","0",",6","9",",6","","","","","","","","","19230202",",,6","","","","","","","","","","","-4.4",",6,02,","","","","","","","","","","","","","","","","","","","","","1.95",",,,6"
"USC00044500","1923-03","37.9566","-122.5447","44.2","KENTFIELD, CA US","","","0.0",",6","","","","","","","","","","","0",",6","4",",6","0",",6","24",",6","2",",6","","","19230305",",,6","","","","","","","","","19230328",",,6","-1.7",",6,05,","","","","","","","32.8",",6,28,","","","162.2",",6","","","","","13.10",",6","22.97",",,,6","3.23",",,,6"
"USC00044500","1923-04","37.9566","-122.5447","44.2","KENTFIELD, CA US","","","0.0",",6","","","","","","","","","","","0",",6","0",",6","0",",6","16",",6","0",",6","","","19230403",",,6","","","","","","","","","19230414",",,6","0.6",",6,03,","","","","","","","30.6",",6,14,","","","142.7",",6","","","","","13.58",",6","21.03",",,,6","6.13",",,,6"
"USC00044500","1923-05","37.9566","-122.5447","44.2","KENTFIELD, CA US","","","4.0",",6","","","","","","","","","","","0",",6","0",",6","0",",6","30",",6","2",",6","","","19230524",",,6","","","","","","","","","19230508",",,6","2.2",",6,24,","","","","","","","33.9",",6,08,","","","88.9",",6","","","","","15.59",",6","25.48",",,,6","5.71",",,,6"
"USC00044500","1923-06","37.9566","-122.5447","44.2","KENTFIELD, CA US","","","7.3",",6","","","","","","","","","","","0",",6","0",",6","0",",6","29",",6","2",",6","","","19230603",",,6","","","","","","","","","19230630","+,,6","3.9",",6,03,","","","","","","","32.8",",6,30,+","","","68.0",",6","","","","","16.31",",6","25.18",",,,6","7.44",",,,6"
"USC00044500","1923-09","37.9566","-122.5447","44.2","KENTFIELD, CA US","","","62.4",",6","","","","","","","","","","","0",",6","0",",6","0",",6","30",",6","12",",6","","","19230912",",,6","","","","","","","","","19230907","+,,6","5.0",",6,12,","","","","","","","40.0",",6,07,+","","","25.7",",6","","","","","19.56",",6","29.68",",,,6","9.43",",,,6"
"USC00044500","1923-10","37.9566","-122.5447","44.2","KENTFIELD, CA US","","","5.2",",6","4",",6","2",",6","0",",6","","","","","0",",6","0",",6","0",",6","27",",6","2",",6","","","19231028",",,6","","","","","","","19231006",",,6","19231019","+,,6","1.1",",6,28,","","","","","7.4",",,6,06,","32.2",",6,19,+","","","79.4",",6","12.0",",,,6","","","15.94",",6","24.89",",,,6","6.99",",,,6"
"USC00044500","1923-11","37.9566","-122.5447","44.2","KENTFIELD, CA US","","","0.0",",6","","","","","","","","","","","0",",6","0",",6","0",",6","24",",6","0",",6","","","19231126",",,6","","","","","","","","","19231126",",,6","0.6",",6,26,","","","","","","","28.3",",6,26,","","","140.7",",6","","","","","13.64",",6","22.76",",,,6","4.53",",,,6"
"USC00044500","1923-12","37.9566","-122.5447","44.2","KENTFIELD, CA US","","","0.0",",6","5",",6","5",",6","1",",6","","","","","0",",6","14",",6","0",",6","1",",6","0",",6","","","19231227","+,,6","","","","","","","19231213",",,6","19231210",",,6","-3.9",",6,27,+","","","","","71.1",",,6,13,","21.1",",6,10,","","","326.5",",6","106.1",",,,6","","","7.80",",6","14.29",",,,6","1.31",",,,6"
"USC00044500","1924-01","37.9566","-122.5447","44.2","KENTFIELD, CA US","0.0","6","0.0",",6","5",",6","5",",6","4",",6","","","","","0",",6","18",",6","0",",6","0",",6","0",",6","","","19240102",",,6","","","","","","","19240126",",,6","19240114",",,6","-6.7",",6,02,","","","","","66.8",",,6,26,","20.0",",6,14,","","","336.1",",6","172.0",",,,6","","","7.49",",6","14.57",",,,6","0.41",",,,6"
"USC00044500","1924-02","37.9566","-122.5447","44.2","KENTFIELD, CA US","0.0","6","0.0",",6","","","","","","","","","","","0",",6","0",",6","0",",6","12",",6","0",",6","","","19240225",",,6","","","","","","","","","19240228",",,6","0.6",",6,25,","","","","","","","24.4",",6,28,","","","181.2",",6","","","","","12.09",",6","19.44",",,,6","4.73",",,,6"
"USC00044500","1924-03","37.9566","-122.5447","44.2","KENTFIELD, CA US","0.0","6","0.0","1,6","8",",6","4",",6","0",",6","","","0",",6","0","1,6","2","1,6","0",",6","14",",6","0",",6","","","19240324",",1,6","","","19240331","+,,6","","","19240325",",,6","19240314","+,,6","-1.1","1,6,24,","","","0",",,6,31,+","23.6",",,6,25,","24.4",",6,14,+","","","220.3",",6","56.4",",,,6","0",",,,6","10.94","1,6","18.61",",,,6","3.26","1,,,6"
"USC00044500","1924-04","37.9566","-122.5447","44.2","KENTFIELD, CA US","4.2","6","4.2",",6","","","","","","","","","","","0",",6","1",",6","0",",6","20",",6","1",",6","","","19240421",",,6","","","","","","","","","19240406",",,6","0.0",",6,21,","","","","","","","34.4",",6,06,","","","136.1",",6","","","","","13.94",",6","23.33",",,,6","4.54",",,,6"
"USC00044500","1924-05","37.9566","-122.5447","44.2","KENTFIELD, CA US","18.2","6","14.0",",6","","","","","","","","","","","0",",6","0",",6","0",",6","28",",6","3",",6","","","19240509","+,,6","","","","","","","","","19240528",",,6","3.3",",6,09,+","","","","","","","36.7",",6,28,","","","78.1",",6","","","","","16.26",",6","26.04",",,,6","6.48",",,,6"
"USC00044500","1924-06","37.9566","-122.5447","44.2","KENTFIELD, CA US","38.5","6","20.3",",6","","","","","","","","","","","0",",6","0",",6","0",",6","29",",6","5",",6","","","19240607",",,6","","","","","","","","","19240628","+,,6","3.9",",6,07,","","","","","","","38.3",",6,28,+","","","42.8",",6","","","","","17.58",",6","27.71",",,,6","7.45",",,,6"
"USC00044500","1924-07","37.9566","-122.5447","44.2","KENTFIELD, CA US","48.9","6","10.4",",6","0",",6","0",",6","0",",6","","","0",",6","0",",6","0",",6","0",",6","31",",6","3",",6","","","19240713","+,,6","","","19240731","+,,6","","","19240731","+,,6","19240702",",,6","4.4",",6,13,+","","","0",",,6,31,+","0.0",",,6,31,+","33.9",",6,02,","35.7","6","35.7",",6","0.0",",,,6","0",",,,6","17.52",",6","27.95",",,,6","7.08",",,,6"
"USC00044500","1924-08","37.9566","-122.5447","44.2","KENTFIELD, CA US","70.3","6","21.4",",6","","","","","","","","","","","0",",6","0",",6","0",",6","31",",6","4",",6","","","19240812",",,6","","","","","","","","","19240826","+,,6","5.0",",6,12,","","","","","","","33.3",",6,26,+","53.3","6","17.6",",6","","","","","18.45",",6","28.71",",,,6","8.20",",,,6"
"USC00044500","1924-09","37.9566","-122.5447","44.2","KENTFIELD, CA US","86.9","6","16.6",",6","0",",6","0",",6","0",",6","","","0",",6","0",",6","0",",6","0",",6","30",",6","9",",6","","","19240921",",,6","","","19240930","+,,6","","","19240930","+,,6","19240911",",,6","2.8",",6,21,","","","0",",,6,30,+","0.0",",,6,30,+","37.8",",6,11,","87.9","6","34.6",",6","0.0",",,,6","0",",,,6","17.73",",6","29.34",",,,6","6.13",",,,6"
"USC00044500","1924-10","37.9566","-122.5447","44.2","KENTFIELD, CA US","91.9","6","5.0",",6","10",",6","8",",6","2",",6","","","","","0",",6","1",",6","0",",6","19",",6","2",",6","","","19241011",",,6","","","","","","","19241027",",,6","19241002",",,6","0.0",",6,11,","","","","","57.7",",,6,27,","32.8",",6,02,","219.3","6","131.4",",6","165.3",",,,6","","","14.26",",6","21.95",",,,6","6.56",",,,6"
"USC00044500","1924-11","37.9566","-122.5447","44.2","KENTFIELD, CA US","91.9","6","0.0",",6","4",",6","4",",6","2",",6","","","","","0",",6","2",",6","0",",6","5",",6","0",",6","","","19241113",",,6","","","","","","","19241108",",,6","19241122","+,,6","-1.1",",6,13,","","","","","81.8",",,6,08,","24.4",",6,22,+","431.9","6","212.6",",6","147.8",",,,6","","","11.25",",6","17.98",",,,6","4.52",",,,6"
"USC00044500","1924-12","37.9566","-122.5447","44.2","KENTFIELD, CA US","91.9","6","0.0",",6","13",",6","11",",6","3",",6","","","","","0",",6","8",",6","0",",6","0",",6","0",",6","8","","19241226",",,6","","","","","","","19241221",",,6","19241208",",,6","-6.7",",6,26,","","","","","106.2",",,6,21,","16.1",",6,08,","803.2","6","371.3",",6","298.0",",,,6","","","6.36",",6","11.27",",,,6","1.44",",,,6"
"USC00044500","1925-01","37.9566","-122.5447","44.2","KENTFIELD, CA US","0.0","6","0.0",",6","","","","","","","","","","","0",",6","9",",6","0",",6","0",",6","0",",6","4","","19250116",",,6","","","","","","","","","19250127",",,6","-2.8",",6,16,","","","","","","","18.3",",6,27,","1100.2","6","297.0",",6","","","","","8.75",",6","14.92",",,,6","2.59",",,,6"
"USC00044500","1925-02","37.9566","-122.5447","44.2","KENTFIELD, CA US","0.0","6","0.0",",6","","","","","","","","","","","0",",6","0",",6","0",",6","3",",6","0",",6","","","19250225",",,6","","","","","","","","","19250228",",,6","1.7",",6,25,","","","","","","","22.8",",6,28,","1311.5","6","211.3",",6","","","","","10.79",",6","15.61",",,,6","5.97",",,,6"
"USC00044500","1925-03","37.9566","-122.5447","44.2","KENTFIELD, CA US","0.0","6","0.0",",6","6",",6","4",",6","2",",6","","","","","0",",6","5",",6","0",",6","13",",6","0",",6","","","19250311",",,6","","","","","","","19250330",",,6","19250321",",,6","-2.2",",6,11,","","","","","46.5",",,6,30,","27.8",",6,21,","1527.8","6","216.3",",6","117.1",",,,6","","","11.36",",6","19.39",",,,6","3.32",",,,6"
"USC00044500","1925-04","37.9566","-122.5447","44.2","KENTFIELD, CA US","4.1","6","4.1",",6","6",",6","6",",6","0",",6","","","0",",6","0",",6","0",",6","0",",6","13",",6","0",",6","","","19250401",",,6","","","19250430","+,,6","","","19250403",",,6","19250426",",,6","0.6",",6,01,","","","0",",,6,30,+","24.9",",,6,03,","29.4",",6,26,","1678.3","6","150.5",",6","64.8",",,,6","0",",,,6","13.45",",6","20.26",",,,6","6.65",",,,6"
"USC00044500","1925-05","37.9566","-122.5447","44.2","KENTFIELD, CA US","7.1","6","3.0",",6","","","","","","","","","","","0",",6","0",",6","0",",6","21",",6","0",",6","","","19250508",",,6","","","","","","","","","19250502",",,6","2.2",",6,08,","","","","","","","31.1",",6,02,","1778.0","6","99.7",",6","","","","","15.21",",6","22.38",",,,6","8.05",",,,6"
"USC00044500","1925-06","37.9566","-122.5447","44.2","KENTFIELD, CA US","48.0","6","40.9",",6","","","","","","","","","","","0",",6","0",",6","0",",6","30",",6","8",",6","","","19250620","+,,6","","","","","","","","","19250624",",,6","4.4",",6,20,+","","","","","","","40.6",",6,24,","1813.9","6","35.9",",6","","","","","18.50",",6","29.06",",,,6","7.93",",,,6"
"USC00044500","1925-07","37.9566","-122.5447","44.2","KENTFIELD, CA US","90.4","6","42.4",",6","","","","","","","","","","","0",",6","0",",6","0",",6","28",",6","6",",6","","","19250726",",,6","","","","","","","","","19250716",",,6","5.6",",6,26,","","","","","","","37.8",",6,16,","28.3","6","28.3",",6","","","","","18.79",",6","27.85",",,,6","9.72",",,,6"
"USC00044500","1925-08","37.9566","-122.5447","44.2","KENTFIELD, CA US","104.6","6","14.2",",6","","","","","","","","","","","0",",6","0",",6","0",",6","31",",6","3",",6","","","19250803",",,6","","","","","","","","","19250825",",,6","4.4",",6,03,","","","","","","","37.2",",6,25,","57.0","6","28.7",",6","","","","","17.87",",6","27.51",",,,6","8.23",",,,6"
"USC00044500","1925-09","37.9566","-122.5447","44.2","KENTFIELD, CA US","107.7","6","3.1",",6","5",",6","4",",6","0",",6","","","","","0",",6","0",",6","0",",6","29",",6","1",",6","","","19250930",",,6","","","","","","","19250917",",,6","19250922",",,6","3.3",",6,30,","","","","","10.4",",,6,17,","32.8",",6,22,","102.4","6","45.4",",6","31.7",",,,6","","","16.92",",6","25.50",",,,6","8.34",",,,6"
"USC00044500","1925-10","37.9566","-122.5447","44.2","KENTFIELD, CA US","108.6","6","0.9",",6","","","","","","","","","","","0",",6","0",",6","0",",6","25",",6","0",",6","","","19251029","+,,6","","","","","","","","","19251025","+,,6","3.3",",6,29,+","","","","","","","31.7",",6,25,+","207.5","6","105.1",",6","","","","","14.97",",6","24.03",",,,6","5.91",",,,6"
"USC00044500","1925-11","37.9566","-122.5447","44.2","KENTFIELD, CA US","108.6","6","0.0",",6","","","","","","","","","","","0",",6","6",",6","0",",6","2",",6","0",",6","3","","19251106","+,,6","","","","","","","","","19251121","+,,6","-1.1",",6,06,+","","","","","","","21.1",",6,21,+","437.1","6","229.6",",6","","","","","10.68",",6","17.78",",,,6","3.58",",,,6"
"USC00044500","1925-12","37.9566","-122.5447","44.2","KENTFIELD, CA US","108.6","6","0.0",",6","5",",6","5",",6","0",",6","","","0",",6","0",",6","9",",6","0",",6","3",",6","0",",6","1","","19251230",",,6","","","19251231","+,,6","","","19251218",",,6","19251207",",,6","-1.7",",6,30,","","","0",",,6,31,+","17.0",",,6,18,","22.2",",6,07,","737.4","6","300.3",",6","44.2",",,,6","0",",,,6","8.65",",6","14.91",",,,6","2.39",",,,6"
"USC00044500","1926-01","37.9566","-122.5447","44.2","KENTFIELD, CA US","0.0","6","0.0",",6","","","","","","","","","","","0",",6","13",",6","0",",6","0",",6","0",",6","12","","19260113",",,6","","","","","","","","","19260130",",,6","-3.3",",6,13,","","","","","","","18.3",",6,30,","1101.3","6","363.9",",6","","","","","6.60",",6","11.56",",,,6","1.63",",,,6"
"USC00044500","1926-02","37.9566","-122.5447","44.2","KENTFIELD, CA US","0.0","6","0.0",",6","12",",6","10",",6","6",",6","","","0",",6","0",",6","0",",6","0",",6","5",",6","0",",6","6","","19260218","+,,6","","","19260228","+,,6","","","19260204",",,6","19260225",",,6","1.7",",6,18,+","","","0",",,6,28,+","69.1",",,6,04,","26.1",",6,25,","1296.7","6","195.4",",6","335.9",",,,6","0",",,,6","11.36",",6","16.48",",,,6","6.23",",,,6"
"USC00044500","1926-03","37.9566","-122.5447","44.2","KENTFIELD, CA US","1.1","6","1.1",",6","2",",6","1",",6","0",",6","","","0",",6","0",",6","0",",6","0",",6","21",",6","0",",6","","","19260310",",,6","","","19260331","+,,6","","","19260318",",,6","19260324","+,,6","1.7",",6,10,","","","0",",,6,31,+","9.1",",,6,18,","31.1",",6,24,+","1442.8","6","146.1",",6","11.1",",,,6","0",",,,6","13.66",",6","22.20",",,,6","5.11",",,,6"
"USC00044500","1926-04","37.9566","-122.5447","44.2","KENTFIELD, CA US","7.5","6","6.4",",6","9",",6","6",",6","3",",6","","","","","0",",6","0",",6","0",",6","18",",6","1",",6","","","19260416",",,6","","","","","","","19260404",",,6","19260425",",,6","4.4",",6,16,","","","","","64.3",",,6,04,","33.9",",6,25,","1536.5","6","93.7",",6","206.5",",,,6","","","15.43",",6","22.76",",,,6","8.09",",,,6"
"USC00044500","1926-05","37.9566","-122.5447","44.2","KENTFIELD, CA US","25.6","6","18.1",",6","3",",6","2",",6","0",",6","","","","","0",",6","0",",6","0",",6","24",",6","3",",6","","","19260507",",,6","","","","","","","19260506",",,6","19260531",",,6","2.8",",6,07,","","","","","4.1",",,6,06,","33.3",",6,31,","1608.8","6","72.3",",6","8.4",",,,6","","","16.58",",6","25.38",",,,6","7.79",",,,6"
"USC00044500","1926-06","37.9566","-122.5447","44.2","KENTFIELD, CA US","43.4","6","17.8",",6","0",",6","0",",6","0",",6","","","0",",6","0",",6","0",",6","0",",6","29",",6","5",",6","","","19260618",",,6","","","19260630","+,,6","","","19260630","+,,6","19260605",",,6","3.9",",6,18,","","","0",",,6,30,+","0.0",",,6,30,+","38.9",",6,05,","1649.6","6","40.8",",6","0.0",",,,6","0",",,,6","17.57",",6","27.92",",,,6","7.21",",,,6"
"USC00044500","1926-07","37.9566","-122.5447","44.2","KENTFIELD, CA US","83.3","6","39.9",",6","0",",6","0",",6","0",",6","","","0",",6","0",",6","0",",6","0",",6","31",",6","13",",6","","","19260721","+,,6","","","19260731","+,,6","","","19260731","+,,6","19260715",",,6","5.6",",6,21,+","","","0",",,6,31,+","0.0",",,6,31,+","40.6",",6,15,","13.0","6","13.0",",6","0.0",",,,6","0",",,,6","19.20",",6","30.58",",,,6","7.82",",,,6"
"USC00044500","1926-08","37.9566","-122.5447","44.2","KENTFIELD, CA US","114.5","6","31.2",",6","1",",6","0",",6","0",",6","","","","","0",",6","0",",6","0",",6","30",",6","7",",6","","","19260825",",,6","","","","","","","19260824",",,6","19260823",",,6","3.9",",6,25,","","","","","2.0",",,6,24,","35.6",",6,23,","48.7","6","35.7",",6","2.0",",,,6","","","18.19",",6","28.17",",,,6","8.20",",,,6"
"USC00044500","1926-09","37.9566","-122.5447","44.2","KENTFIELD, CA US","118.4","6","3.9",",6","0",",6","0",",6","0",",6","","","","","0",",6","0",",6","0",",6","29",",6","2",",6","","","19260927",",,6","","","","","","","19260930","+,,6","19260924","+,,6","1.1",",6,27,","","","","","0.0",",,6,30,+","33.9",",6,24,+","124.8","6","76.1",",6","0.0",",,,6","","","15.93",",6","25.87",",,,6","5.98",",,,6"
"USC00044500","1926-10","37.9566","-122.5447","44.2","KENTFIELD, CA US","125.1","6","6.7",",6","4",",6","4",",6","2",",6","","","","","0",",6","0",",6","0",",6","22",",6","0",",6","2","","19261031","+,,6","","","","","","","19261010",",,6","19261005",",,6","2.2",",6,31,+","","","","","42.2",",,6,10,","31.1",",6,05,","201.6","6","76.8",",6","100.9",",,,6","","","16.07",",6","24.17",",,,6","7.97",",,,6"
"USC00044500","1926-11","37.9566","-122.5447","44.2","KENTFIELD, CA US","125.4","6","0.3",",6","13",",6","13",",6","10",",6","","","","","0",",6","0",",6","0",",6","14",",6","0",",6","10","","19261102",",,6","","","","","","","19261128",",,6","19261107",",,6","1.7",",6,02,","","","","","132.6",",,6,28,","28.9",",6,07,","323.9","6","122.3",",6","517.6",",,,6","","","14.27",",6","20.96",",,,6","7.57",",,,6"
"USC00044500","1926-12","37.9566","-122.5447","44.2","KENTFIELD, CA US","125.4","6","0.0",",6","6",",6","5",",6","0",",6","","","","","0",",6","14",",6","0",",6","0",",6","0",",6","","","19261216",",,6","","","","","","","19261203",",,6","19261207",",,6","-6.7",",6,16,","","","","","19.1",",,6,03,","20.6",",6,07,","649.5","6","325.6",",6","66.0",",,,6","","","7.83",",6","14.18",",,,6","1.48",",,,6"
"USC00044500","1927-01","37.9566","-122.5447","44.2","KENTFIELD, CA US","0.0","6","0.0",",6","13",",6","11",",6","5",",6","","","","","0",",6","6",",6","0",",6","0",",6","0",",6","2","","19270123","+,,6","","","","","","","19270128",",,6","19270109",",,6","-3.3",",6,23,+","","","","","58.9",",,6,28,","15.6",",6,09,","988.1","6","338.6",",6","299.5",",,,6","","","7.41",",6","11.07",",,,6","3.75",",,,6"
"USC00044500","1927-02","37.9566","-122.5447","44.2","KENTFIELD, CA US","0.0","6","0.0",",6","17",",6","15",",6","7",",6","","","","","0",",6","3",",6","0",",6","0",",6","0",",6","","","19270211",",,6","","","","","","","19270218",",,6","19270227",",,6","-1.7",",6,11,","","","","","51.8",",,6,18,","16.7",",6,27,","1258.2","6","270.1",",6","358.6",",,,6","","","8.69",",6","11.66",",,,6","5.71",",,,6"
"USC00044500","1927-03","37.9566","-122.5447","44.2","KENTFIELD, CA US","0.0","6","0.0",",6","11",",6","9",",6","0",",6","","","","","0",",6","0",",6","0",",6","1",",6","0",",6","","","19270316","+,,6","","","","","","","19270309",",,6","19270323",",,6","0.6",",6,16,+","","","","","23.9",",,6,09,","22.2",",6,23,","1550.4","6","292.2",",6","95.6",",,,6","","","8.91",",6","13.93",",,,6","3.89",",,,6"
"USC00044500","1927-04","37.9566","-122.5447","44.2","KENTFIELD, CA US","0.0","6","0.0",",6","5",",6","3",",6","2",",6","","","","","0",",6","2",",6","0",",6","5",",6","0",",6","","","19270412",",,6","","","","","","","19270401",",,6","19270424",",,6","-0.6",",6,12,","","","","","84.3",",,6,01,","30.0",",6,24,","1810.4","6","260.0",",6","119.0",",,,6","","","9.67",",6","15.00",",,,6","4.33",",,,6"
"USC00044500","1927-06","37.9566","-122.5447","44.2","KENTFIELD, CA US","","","22.2",",6","2",",6","2",",6","0",",6","","","","","0",",6","0",",6","0",",6","30",",6","2",",6","","","19270619","+,,6","","","","","","","19270607",",,6","19270630",",,6","4.4",",6,19,+","","","","","8.6",",,6,07,","38.9",",6,30,","","","46.4",",6","12.7",",,,6","","","17.53",",6","26.61",",,,6","8.44",",,,6"
"USC00044500","1927-07","37.9566","-122.5447","44.2","KENTFIELD, CA US","","","21.2",",6","0",",6","0",",6","0",",6","","","","","0",",6","0",",6","0",",6","31",",6","6",",6","","","19270717",",,6","","","","","","","19270726",",,6","19270712",",,6","5.0",",6,17,","","","","","0.0",",T,6,26,","36.1",",6,12,","29.2","6","29.2",",6","0.0",",T,,6","","","18.08",",6","27.90",",,,6","8.25",",,,6"
"USC00044500","1927-08","37.9566","-122.5447","44.2","KENTFIELD, CA US","","","5.9",",6","0",",6","0",",6","0",",6","","","","","0",",6","0",",6","0",",6","31",",6","1",",6","","","19270831",",,6","","","","","","","19270831","+,,6","19270831",",,6","5.6",",6,31,","","","","","0.0",",,6,31,+","32.8",",6,31,","57.8","6","28.6",",6","0.0",",,,6","","","17.60",",6","26.80",",,,6","8.40",",,,6"
"USC00044500","1927-09","37.9566","-122.5447","44.2","KENTFIELD, CA US","","","9.7",",6","0",",6","0",",6","0",",6","","","0",",6","0",",6","0",",6","0",",6","28",",6","1",",6","","","19270915","+,,6","","","19270930","+,,6","","","19270916","+,,6","19270901",",,6","3.9",",6,15,+","","","0",",,6,30,+","0.0",",T,6,16,+","32.8",",6,01,","100.7","6","42.9",",6","0.0",",T,,6","0",",,,6","17.23",",6","26.46",",,,6","8.00",",,,6"
"USC00044500","1927-10","37.9566","-122.5447","44.2","KENTFIELD, CA US","","","0.9",",6","3",",6","3",",6","0",",6","","","","","0",",6","0",",6","0",",6","26",",6","0",",6","","","19271008","+,,6","","","","","","","19271030",",,6","19271012",",,6","2.2",",6,08,+","","","","","24.4",",,6,30,","31.7",",6,12,","185.0","6","84.3",",6","67.4",",,,6","","","15.64",",6","25.21",",,,6","6.07",",,,6"
"USC00044500","1927-11","37.9566","-122.5447","44.2","KENTFIELD, CA US","","","0.0",",6","11",",6","8",",6","4",",6","","","0",",6","0",",6","2",",6","0",",6","6",",6","0",",6","2","","19271123",",,6","","","19271130","+,,6","","","19271107",",,6","19271103",",,6","-1.1",",6,23,","","","0",",,6,30,+","47.5",",,6,07,","26.7",",6,03,","352.2","6","167.2",",6","179.8",",,,6","0",",,,6","12.76",",6","18.43",",,,6","7.09",",,,6"
"USC00044500","1927-12","37.9566","-122.5447","44.2","KENTFIELD, CA US","","","0.0",",6","11",",6","10",",6","1",",6","","","0",",6","0",",6","13",",6","0",",6","1",",6","0",",6","1","","19271218","+,,6","","","19271231","+,,6","","","19271212",",,6","19271203",",,6","-2.2",",6,18,+","","","0",",,6,31,+","48.0",",,6,12,","26.1",",6,03,","669.5","6","317.3",",6","151.8",",,,6","0",",,,6","8.10",",6","14.14",",,,6","2.06",",,,6"
"USC00044500","1928-01","37.9566","-122.5447","44.2","KENTFIELD, CA US","0.0","6","0.0",",6","11",",6","9",",6","3",",6","","","0",",6","0",",6","5",",6","0",",6","0",",6","0",",6","7","","19280116",",,6","","","19280131","+,,6","","","19280129",",,6","19280127",",,6","-5.0",",6,16,","","","0",",,6,31,+","58.7",",,6,29,","17.8",",6,27,","974.1","6","304.6",",6","182.3",",,,6","0",",,,6","8.51",",6","13.02",",,,6","4.00",",,,6"
"USC00044500","1928-02","37.9566","-122.5447","44.2","KENTFIELD, CA US","0.0","6","0.0",",6","9",",6","6",",6","2",",6","","","0",",6","0",",6","8",",6","0",",6","1",",6","0",",6","","","19280217",",,6","","","19280229","+,,6","","","19280204",",,6","19280209",",,6","-1.1",",6,17,","","","0",",,6,29,+","29.0",",,6,04,","21.7",",6,09,","1204.1","6","230.0",",6","109.8",",,,6","0",",,,6","10.40",",6","17.07",",,,6","3.73",",,,6"
"USC00044500","1928-03","37.9566","-122.5447","44.2","KENTFIELD, CA US","0.0","6","0.0",",6","12",",6","9",",6","2",",6","","","","","0",",6","0",",6","0",",6","9",",6","0",",6","","","19280314",",,6","","","","","","","19280323",",,6","19280321","+,,6","2.8",",6,14,","","","","","122.7",",,6,23,","25.6",",6,21,+","1380.4","6","176.3",",6","278.9",",,,6","","","12.65",",6","18.52",",,,6","6.77",",,,6"
"USC00044500","1928-04","37.9566","-122.5447","44.2","KENTFIELD, CA US","0.8","6","0.8",",6","7",",6","4",",6","1",",6","","","0",",6","0",",6","0",",6","0",",6","18",",6","0",",6","","","19280403",",,6","","","19280430","+,,6","","","19280403",",,6","19280429",",,6","1.7",",6,03,","","","0",",,6,30,+","42.4",",,6,03,","29.4",",6,29,","1532.7","6","152.3",",6","73.7",",,,6","0",",,,6","13.29",",6","21.52",",,,6","5.05",",,,6"
"USC00044500","1928-05","37.9566","-122.5447","44.2","KENTFIELD, CA US","2.0","6","1.2",",6","","","","","","","","","","","0",",6","0",",6","0",",6","25",",6","0",",6","","","19280504",",,6","","","","","","","","","19280512",",,6","3.9",",6,04,","","","","","","","31.7",",6,12,","1614.1","6","81.4",",6","","","","","15.74",",6","24.04",",,,6","7.45",",,,6"
"USC00044500","1928-06","37.9566","-122.5447","44.2","KENTFIELD, CA US","29.3","6","27.3",",6","0",",6","0",",6","0",",6","","","","","0",",6","0",",6","0",",6","30",",6","6",",6","","","19280629","+,,6","","","","","","","19280630","+,,6","19280606",",,6","4.4",",6,29,+","","","","","0.0",",,6,30,+","38.3",",6,06,","1649.5","6","35.4",",6","0.0",",,,6","","","18.06",",6","28.46",",,,6","7.66",",,,6"
"USC00044500","1928-07","37.9566","-122.5447","44.2","KENTFIELD, CA US","37.9","6","8.6",",6","0",",6","0",",6","0",",6","","","","","0",",6","0",",6","0",",6","31",",6","1",",6","","","19280731","+,,6","","","","","","","19280731","+,,6","19280705",",,6","5.0",",6,31,+","","","","","0.0",",,6,31,+","34.4",",6,05,","39.7","6","39.7",",6","0.0",",,,6","","","17.33",",6","26.88",",,,6","7.78",",,,6"
"USC00044500","1928-08","37.9566","-122.5447","44.2","KENTFIELD, CA US","45.1","6","7.2",",6","0",",6","0",",6","0",",6","","","","","0",",6","0",",6","0",",6","31",",6","2",",6","","","19280829",",,6","","","","","","","19280831","+,,6","19280811",",,6","4.4",",6,29,","","","","","0.0",",,6,31,+","33.3",",6,11,","89.9","6","50.2",",6","0.0",",,,6","","","16.95",",6","26.99",",,,6","6.90",",,,6"
"USC00044500","1928-09","37.9566","-122.5447","44.2","KENTFIELD, CA US","67.3","6","22.2",",6","0",",6","0",",6","0",",6","","","","","0",",6","0",",6","0",",6","29",",6","7",",6","","","19280909",",,6","","","","","","","19280930",",,6","19280921",",,6","3.3",",6,09,","","","","","0.0",",T,6,30,","38.3",",6,21,","147.9","6","58.0",",6","0.0",",T,,6","","","17.14",",6","27.61",",,,6","6.67",",,,6"
"USC00044500","1928-10","37.9566","-122.5447","44.2","KENTFIELD, CA US","71.2","6","3.9",",6","2",",6","1",",6","0",",6","","","","","0",",6","0",",6","0",",6","25",",6","2",",6","","","19281014","+,,6","","","","","","","19281004",",,6","19281008",",,6","1.1",",6,14,+","","","","","3.8",",,6,04,","33.3",",6,08,","248.0","6","100.1",",6","5.6",",,,6","","","15.23",",6","23.82",",,,6","6.63",",,,6"
"USC00044500","1928-11","37.9566","-122.5447","44.2","KENTFIELD, CA US","71.2","6","0.0",",6","6",",6","4",",6","2",",6","","","0",",6","0",",6","3",",6","0",",6","3",",6","0",",6","","","19281130",",,6","","","19281130","+,,6","","","19281114",",,6","19281101",",,6","-1.1",",6,30,","","","0",",,6,30,+","74.7",",,6,14,","22.2",",6,01,","464.7","6","216.7",",6","164.1",",,,6","0",",,,6","11.11",",6","18.17",",,,6","4.05",",,,6"
"USC00044500","1928-12","37.9566","-122.5447","44.2","KENTFIELD, CA US","71.2","6","0.0",",6","11",",6","9",",6","4",",6","","","0",",6","0",",6","12",",6","0",",6","0",",6","0",",6","4","","19281224","+,,6","","","19281231","+,,6","","","19281210",",,6","19281207","+,,6","-3.3",",6,24,+","","","0",",,6,31,+","50.3",",,6,10,","17.8",",6,07,+","816.4","6","351.7",",6","228.3",",,,6","0",",,,6","6.99",",6","12.41",",,,6","1.56",",,,6"
"USC00044500","1929-01","37.9566","-122.5447","44.2","KENTFIELD, CA US","0.0","6","0.0",",6","9",",6","5",",6","0",",6","","","0",",6","0",",6","14",",6","0",",6","0",",6","0",",6","4","","19290121","+,,6","","","19290131","+,,6","","","19290115",",,6","19290103",",,6","-3.3",",6,21,+","","","0",",,6,31,+","13.2",",,6,15,","17.2",",6,03,","1182.4","6","366.0",",6","35.2",",,,6","0",",,,6","6.53",",6","11.71",",,,6","1.35",",,,6"
"USC00044500","1929-02","37.9566","-122.5447","44.2","KENTFIELD, CA US","0.0","6","0.0",",6","5",",6","4",",6","3",",6","","","0",",6","0",",6","16",",6","0",",6","3",",6","0",",6","","","19290209","+,,6","","","19290228","+,,6","","","19290203",",,6","19290228",",,6","-5.6",",6,09,+","","","0",",,6,28,+","56.9",",,6,03,","25.6",",6,28,","1457.2","6","274.8",",6","119.4",",,,6","0",",,,6","8.52",",6","16.00",",,,6","1.04",",,,6"
"USC00044500","1929-03","37.9566","-122.5447","44.2","KENTFIELD, CA US","0.0","6","0.0",",6","4",",6","4",",6","2",",6","","","0",",6","0",",6","5",",6","0",",6","9",",6","0",",6","","","19290325",",,6","","","19290331","+,,6","","","19290310",",,6","19290303",",,6","-1.7",",6,25,","","","0",",,6,31,+","29.0",",,6,10,","28.9",",6,03,","1684.0","6","226.8",",6","83.3",",,,6","0",",,,6","11.02",",6","17.89",",,,6","4.15",",,,6"
"USC00044500","1929-04","37.9566","-122.5447","44.2","KENTFIELD, CA US","0.0","6","0.0",",6","11",",6","6",",6","1",",6","","","","","0",",6","6",",6","0",",6","6",",6","0",",6","","","19290406",",,6","","","","","","","19290404",",,6","19290430",",,6","-1.7",",6,06,","","","","","40.1",",,6,04,","25.0",",6,30,","1911.1","6","227.1",",6","75.4",",,,6","","","10.76",",6","17.99",",,,6","3.54",",,,6"
"USC00044500","1929-05","37.9566","-122.5447","44.2","KENTFIELD, CA US","0.0","6","0.0",",6","0",",6","0",",6","0",",6","","","","","0",",6","0",",6","0",",6","27",",6","0",",6","8","","19290529","+,,6","","","","","","","19290531","+,,6","19290511",",,6","2.2",",6,29,+","","","","","0.0",",,6,31,+","31.7",",6,11,","2020.6","6","109.5",",6","0.0",",,,6","","","14.80",",6","23.94",",,,6","5.66",",,,6"
"USC00044500","1929-06","37.9566","-122.5447","44.2","KENTFIELD, CA US","60.6","6","60.6",",6","5",",6","3",",6","1",",6","","","","","0",",6","0",",6","0",",6","23",",6","11",",6","","","19290602","+,,6","","","","","","","19290615",",,6","19290623",",,6","3.9",",6,02,+","","","","","26.4",",,6,15,","39.4",",6,23,","2080.4","6","59.8",",6","44.4",",,,6","","","18.36",",6","27.75",",,,6","8.97",",,,6"
"USC00044500","1929-07","37.9566","-122.5447","44.2","KENTFIELD, CA US","87.3","6","26.7",",6","0",",6","0",",6","0",",6","","","","","0",",6","0",",6","0",",6","31",",6","6",",6","14","","19290718",",,6","","","","","","","19290731","+,,6","19290704",",,6","4.4",",6,18,","","","","","0.0",",,6,31,+","37.8",",6,04,","23.6","6","23.6",",6","0.0",",,,6","","","18.43",",6","28.60",",,,6","8.27",",,,6"
"USC00044500","1929-08","37.9566","-122.5447","44.2","KENTFIELD, CA US","109.8","6","22.5",",6","0",",6","0",",6","0",",6","","","","","0",",6","0",",6","0",",6","31",",6","2",",6","22","","19290826","+,,6","","","","","","","19290831","+,,6","19290819","+,,6","6.1",",6,26,+","","","","","0.0",",,6,31,+","35.6",",6,19,+","30.7","6","7.1",",6","0.0",",,,6","","","18.83",",6","29.01",",,,6","8.65",",,,6"
"USC00044500","1929-09","37.9566","-122.5447","44.2","KENTFIELD, CA US","119.8","6","10.0",",6","0",",6","0",",6","0",",6","","","","","0",",6","0",",6","0",",6","29",",6","3",",6","","","19290929","+,,6","","","","","","","19290930","+,,6","19290912",",,6","2.2",",6,29,+","","","","","0.0",",,6,30,+","33.9",",6,12,","93.2","6","62.5",",6","0.0",",,,6","","","16.58",",6","26.50",",,,6","6.66",",,,6"
"USC00044500","1929-10","37.9566","-122.5447","44.2","KENTFIELD, CA US","129.2","6","9.4",",6","0",",6","0",",6","0",",6","","","","","0",",6","0",",6","0",",6","31",",6","4",",6","6","","19291031","+,,6","","","","","","","19291007",",,6","19291022","+,,6","1.1",",6,31,+","","","","","0.0",",T,6,07,","33.3",",6,22,+","168.7","6","75.5",",6","0.0",",T,,6","","","16.20",",6","25.96",",,,6","6.44",",,,6"
"USC00044500","1929-11","37.9566","-122.5447","44.2","KENTFIELD, CA US","129.2","6","0.0",",6","0",",6","0",",6","0",",6","","","","","0",",6","12",",6","0",",6","19",",6","0",",6","","","19291114",",,6","","","","","","","19291130","+,,6","19291102",",,6","-2.8",",6,14,","","","","","0.0",",,6,30,+","28.3",",6,02,","370.2","6","201.5",",6","0.0",",,,6","","","11.62",",6","22.17",",,,6","1.07",",,,6"
"USC00044500","1929-12","37.9566","-122.5447","44.2","KENTFIELD, CA US","129.2","6","0.0",",6","9",",6","7",",6","5",",6","","","","","0",",6","4",",6","0",",6","1",",6","0",",6","5","","19291230",",,6","","","","","","","19291210",",,6","19291205",",,6","-1.1",",6,30,","","","","","92.5",",,6,10,","23.9",",6,05,","610.3","6","240.1",",6","292.7",",,,6","","","10.59",",6","15.05",",,,6","6.13",",,,6"
"USC00044500","1930-01","37.9566","-122.5447","44.2","KENTFIELD, CA US","0.0","6","0.0",",6","","","","","","","","","0",",6","0",",6","9",",6","0",",6","0",",6","0",",6","","","19300110","+,,6","","","19300131","+,,6","","","","","19300131",",,6","-3.9",",6,10,+","","","0",",,6,31,+","","","18.3",",6,31,","948.9","6","338.6",",6","","","0",",,,6","7.41",",6","12.33",",,,6","2.49",",,,6"
"USC00044500","1930-02","37.9566","-122.5447","44.2","KENTFIELD, CA US","0.0","6","0.0",",6","8",",6","7",",6","3",",6","","","","","0",",6","2",",6","0",",6","8",",6","0",",6","","","19300228","+,,6","","","","","","","19300222",",,6","19300214",",,6","-0.6",",6,28,+","","","","","64.5",",,6,22,","28.9",",6,14,","1143.8","6","194.9",",6","155.7",",,,6","","","11.37",",6","18.42",",,,6","4.33",",,,6"
"USC00044500","1930-03","37.9566","-122.5447","44.2","KENTFIELD, CA US","3.3","6","3.3",",6","5",",6","5",",6","3",",6","","","0",",6","0",",6","1",",6","0",",6","15",",6","0",",6","","","19300301",",,6","","","19300331","+,,6","","","19300304",",,6","19300326",",,6","-1.1",",6,01,","","","0",",,6,31,+","43.2",",,6,04,","31.1",",6,26,","1330.2","6","186.4",",6","142.0",",,,6","0",",,,6","12.43",",6","20.25",",,,6","4.61",",,,6"
"USC00044500","1930-04","37.9566","-122.5447","44.2","KENTFIELD, CA US","3.3","6","0.0",",6","5",",6","3",",6","0",",6","","","","","0",",6","0",",6","0",",6","18",",6","0",",6","","","19300411","+,,6","","","","","","","19300414",",,6","19300420",",,6","2.2",",6,11,+","","","","","23.1",",,6,14,","27.2",",6,20,","1461.9","6","131.7",",6","45.2",",,,6","","","13.94",",6","21.81",",,,6","6.07",",,,6"
"USC00044500","1930-05","37.9566","-122.5447","44.2","KENTFIELD, CA US","3.3","6","0.0",",6","3",",6","2",",6","0",",6","","","","","0",",6","0",",6","0",",6","21",",6","0",",6","1","","19300510",",,6","","","","","","","19300528",",,6","19300523",",,6","1.7",",6,10,","","","","","5.1",",,6,28,","30.0",",6,23,","1595.8","6","133.9",",6","7.9",",,,6","","","14.01",",6","22.29",",,,6","5.74",",,,6"
"USC00044500","1930-06","37.9566","-122.5447","44.2","KENTFIELD, CA US","23.5","6","20.2",",6","0",",6","0",",6","0",",6","","","","","0",",6","0",",6","0",",6","27",",6","9",",6","","","19300624","+,,6","","","","","","","19300630","+,,6","19300630","+,,6","5.0",",6,24,+","","","","","0.0",",,6,30,+","36.1",",6,30,+","1641.7","6","45.9",",6","0.0",",,,6","","","17.48",",6","27.59",",,,6","7.37",",,,6"
"USC00044500","1930-07","37.9566","-122.5447","44.2","KENTFIELD, CA US","40.0","6","16.5",",6","0",",6","0",",6","0",",6","","","","","0",",6","0",",6","0",",6","30",",6","4",",6","","","19300711",",,6","","","","","","","19300731","+,,6","19300730",",,6","3.9",",6,11,","","","","","0.0",",,6,31,+","37.8",",6,30,","47.6","6","47.6",",6","0.0",",,,6","","","17.33",",6","27.78",",,,6","6.87",",,,6"
"USC00044500","1930-08","37.9566","-122.5447","44.2","KENTFIELD, CA US","72.2","6","32.2",",6","0",",6","0",",6","0",",6","","","","","0",",6","0",",6","0",",6","31",",6","4",",6","","","19300804","+,,6","","","","","","","19300831","+,,6","19300801",",,6","5.0",",6,04,+","","","","","0.0",",,6,31,+","33.3",",6,01,","60.3","6","12.7",",6","0.0",",,,6","","","18.96",",6","29.28",",,,6","8.64",",,,6"
"USC00044500","1930-09","37.9566","-122.5447","44.2","KENTFIELD, CA US","73.6","6","1.4",",6","3",",6","2",",6","0",",6","","","","","0",",6","0",",6","0",",6","28",",6","1",",6","","","19300930","+,,6","","","","","","","19300924",",,6","19300901",",,6","5.6",",6,30,+","","","","","6.4",",,6,24,","32.2",",6,01,","109.3","6","49.0",",6","10.5",",,,6","","","16.75",",6","24.84",",,,6","8.66",",,,6"
"USC00044500","1930-10","37.9566","-122.5447","44.2","KENTFIELD, CA US","85.0","6","11.4",",6","1",",6","1",",6","1",",6","","","0",",6","0",",6","0",",6","0",",6","29",",6","3",",6","","","19301030","+,,6","","","19301031","+,,6","","","19301012",",,6","19301006",",,6","2.2",",6,30,+","","","0",",,6,31,+","30.5",",,6,12,","36.1",",6,06,","199.0","6","89.7",",6","30.5",",,,6","0",",,,6","15.80",",6","25.48",",,,6","6.13",",,,6"
"USC00044500","1930-11","37.9566","-122.5447","44.2","KENTFIELD, CA US","85.0","6","0.0",",6","5",",6","3",",6","2",",6","","","","","0",",6","2",",6","0",",6","13",",6","0",",6","","","19301120","+,,6","","","","","","","19301115",",,6","19301103",",,6","0.0",",6,20,+","","","","","63.8",",,6,15,","28.3",",6,03,","383.6","6","184.6",",6","101.1",",,,6","","","12.18",",6","20.54",",,,6","3.81",",,,6"
"USC00044500","1930-12","37.9566","-122.5447","44.2","KENTFIELD, CA US","85.0","6","0.0",",6","5",",6","4",",6","0",",6","","","","","0",",6","15",",6","0",",6","0",",6","0",",6","7","","19301224",",,6","","","","","","","19301231",",,6","19301216",",,6","-5.0",",6,24,","","","","","14.2",",,6,31,","18.9",",6,16,","703.6","6","320.0",",6","37.0",",,,6","","","8.01",",6","15.18",",,,6","0.84",",,,6"
"USC00044500","1931-01","37.9566","-122.5447","44.2","KENTFIELD, CA US","0.0","6","0.0",",6","13",",6","9",",6","6",",6","","","","","0",",6","5",",6","0",",6","0",",6","0",",6","","","19310117","+,,6","","","","","","","19310122",",,6","19310129",",,6","-1.7",",6,17,+","","","","","74.4",",,6,22,","20.6",",6,29,","986.7","6","283.1",",6","279.8",",,,6","","","9.20",",6","15.10",",,,6","3.30",",,,6"
"USC00044500","1931-02","37.9566","-122.5447","44.2","KENTFIELD, CA US","0.0","6","0.0",",6","13",",6","8",",6","0",",6","","","","","0",",6","0",",6","0",",6","2",",6","0",",6","","","19310221",",,6","","","","","","","19310219",",,6","19310224","+,,6","2.2",",6,21,","","","","","15.2",",,6,19,","21.7",",6,24,+","1158.1","6","171.4",",6","55.4",",,,6","","","12.21",",6","18.05",",,,6","6.37",",,,6"
"USC00044500","1931-03","37.9566","-122.5447","44.2","KENTFIELD, CA US","0.0","6","0.0",",6","7",",6","6",",6","1",",6","","","","","0",",6","1",",6","0",",6","20",",6","0",",6","1","","19310306",",,6","","","","","","","19310311",",,6","19310323","+,,6","-0.6",",6,06,","","","","","64.3",",,6,11,","26.7",",6,23,+","1313.2","6","155.1",",6","101.1",",,,6","","","13.33",",6","21.59",",,,6","5.07",",,,6"
"USC00044500","1931-04","37.9566","-122.5447","44.2","KENTFIELD, CA US","0.0","6","0.0",",6","5",",6","2",",6","0",",6","","","","","0",",6","0",",6","0",",6","22",",6","0",",6","","","19310403",",,6","","","","","","","19310426",",,6","19310421","+,,6","0.6",",6,03,","","","","","6.6",",,6,26,","30.6",",6,21,+","1427.8","6","114.6",",6","12.4",",,,6","","","14.51",",6","23.95",",,,6","5.08",",,,6"
"USC00044500","1931-05","37.9566","-122.5447","44.2","KENTFIELD, CA US","17.5","6","17.5",",6","2",",6","2",",6","0",",6","","","","","0",",6","0",",6","0",",6","27",",6","3",",6","1","","19310507",",,6","","","","","","","19310524",",,6","19310519",",,6","5.0",",6,07,","","","","","24.9",",,6,24,","35.6",",6,19,","1484.8","6","57.0",",6","31.3",",,,6","","","17.06",",6","25.20",",,,6","8.92",",,,6"
"USC00044500","1931-06","37.9566","-122.5447","44.2","KENTFIELD, CA US","27.5","6","10.0",",6","3",",6","2",",6","0",",6","","","","","0",",6","0",",6","0",",6","22",",6","2",",6","","","19310604","+,,6","","","","","","","19310615",",,6","19310625","+,,6","6.1",",6,04,+","","","","","7.6",",,6,15,","32.8",",6,25,+","1532.1","6","47.3",",6","12.4",",,,6","","","17.09",",6","24.11",",,,6","10.08",",,,6"
"USC00044500","1931-07","37.9566","-122.5447","44.2","KENTFIELD, CA US","57.0","6","29.5",",6","0",",6","0",",6","0",",6","","","","","0",",6","0",",6","0",",6","31",",6","6",",6","3","","19310730","+,,6","","","","","","","19310731","+,,6","19310704",",,6","5.0",",6,30,+","","","","","0.0",",,6,31,+","40.0",",6,04,","48.0","6","48.0",",6","0.0",",,,6","","","17.74",",6","27.16",",,,6","8.32",",,,6"
"USC00044500","1931-08","37.9566","-122.5447","44.2","KENTFIELD, CA US","90.8","6","33.8",",6","0",",6","0",",6","0",",6","","","","","0",",6","0",",6","0",",6","31",",6","8",",6","","","19310810",",,6","","","","","","","19310831","+,,6","19310824",",,6","4.4",",6,10,","","","","","0.0",",,6,31,+","39.4",",6,24,","83.7","6","35.7",",6","0.0",",,,6","","","18.27",",6","28.92",",,,6","7.62",",,,6"
"USC00044500","1931-09","37.9566","-122.5447","44.2","KENTFIELD, CA US","95.2","6","4.4",",6","0",",6","0",",6","0",",6","","","","","0",",6","0",",6","0",",6","22",",6","0",",6","1","","19310926","+,,6","","","","","","","19310930","+,,6","19310926",",,6","3.3",",6,26,+","","","","","0.0",",,6,30,+","31.1",",6,26,","159.4","6","75.7",",6","0.0",",,,6","","","15.96",",6","23.85",",,,6","8.06",",,,6"
"USC00044500","1931-10","37.9566","-122.5447","44.2","KENTFIELD, CA US","95.8","6","0.6",",6","3",",6","3",",6","2",",6","","","","","0",",6","0",",6","0",",6","7",",6","0",",6","","","19311015",",,6","","","","","","","19311022",",,6","19311001",",,6","2.2",",6,15,","","","","","51.3",",,6,22,","31.1",",6,01,","344.5","6","185.1",",6","89.7",",,,6","","","12.38",",6","19.07",",,,6","5.69",",,,6"
"USC00044500","1931-11","37.9566","-122.5447","44.2","KENTFIELD, CA US","95.8","6","0.0","2,6","10",",6","6",",6","2",",6","","","0",",6","0","1,6","7","1,6","0","1,6","2","1,6","0","1,6","","","19311124","+,1,6","","","19311130","+,,6","","","19311114",",,6","19311103",",1,6","-3.9","1,6,24,+","","","0",",,6,30,+","44.5",",,6,14,","28.3","1,6,03,","633.9","6","289.4","1,6","103.4",",,,6","0",",,,6","7.97","2,6","12.88","1,,,6","3.07","1,,,6"
"USC00044500","1931-12","37.9566","-122.5447","44.2","KENTFIELD, CA US","95.8","6","0.0","2,6","17",",6","15",",6","4",",6","","","0",",6","0","1,6","9","1,6","0","1,6","0","1,6","0","1,6","","","19311215",",1,6","","","19311231","+,,6","","","19311227",",,6","19311201",",1,6","-3.3","1,6,15,","","","0",",,6,31,+","134.9",",,6,27,","14.4","1,6,01,","985.0","6","351.1","1,6","464.9",",,,6","0",",,,6","6.30","2,6","10.10","1,,,6","2.50","1,,,6"
"USC00044500","1932-01","37.9566","-122.5447","44.2","KENTFIELD, CA US","0.0","6","0.0",",6","12",",6","9",",6","1",",6","","","","","0",",6","10",",6","0",",6","1",",6","0",",6","","","19320124","+,,6","","","","","","","19320115",",,6","19320110",",,6","-3.3",",6,24,+","","","","","47.8",",,6,15,","22.2",",6,10,","1366.6","6","381.6",",6","119.9",",,,6","","","6.02",",6","10.35",",,,6","1.70",",,,6"
"USC00044500","1932-02","37.9566","-122.5447","44.2","KENTFIELD, CA US","0.0","6","0.0",",6","7",",6","5",",6","1",",6","","","","","0",",6","12",",6","0",",6","3",",6","0",",6","","","19320215",",,6","","","","","","","19320206",",,6","19320227",",,6","-4.4",",6,15,","","","","","31.8",",,6,06,","26.1",",6,27,","1680.2","6","313.6",",6","95.7",",,,6","","","7.52",",6","13.48",",,,6","1.56",",,,6"
"USC00044500","1932-03","37.9566","-122.5447","44.2","KENTFIELD, CA US","0.0","6","0.0",",6","3",",6","3",",6","1",",6","","","","","0",",6","1",",6","0",",6","20",",6","0",",6","","","19320304",",,6","","","","","","","19320309",",,6","19320330",",,6","-1.1",",6,04,","","","","","33.8",",,6,09,","26.7",",6,30,","1837.8","6","157.6",",6","55.1",",,,6","","","13.25",",6","21.19",",,,6","5.31",",,,6"
"USC00044500","1932-04","37.9566","-122.5447","44.2","KENTFIELD, CA US","0.0","6","0.0",",6","6",",6","6",",6","0",",6","","","","","0",",6","0",",6","0",",6","12",",6","0",",6","","","19320406",",,6","","","","","","","19320424",",,6","19320410",",,6","0.6",",6,06,","","","","","22.1",",,6,24,","28.3",",6,10,","2001.9","6","164.1",",6","50.3",",,,6","","","12.86",",6","20.75",",,,6","4.98",",,,6"
"USC00044500","1932-05","37.9566","-122.5447","44.2","KENTFIELD, CA US","5.3","6","5.3",",6","7",",6","5",",6","1",",6","","","","","0",",6","0",",6","0",",6","20",",6","2",",6","","","19320515","+,,6","","","","","","","19320528",",,6","19320525",",,6","4.4",",6,15,+","","","","","44.5",",,6,28,","33.3",",6,25,","2105.2","6","103.3",",6","81.9",",,,6","","","15.17",",6","23.30",",,,6","7.04",",,,6"
"USC00044500","1932-06","37.9566","-122.5447","44.2","KENTFIELD, CA US","27.8","6","22.5",",6","0",",6","0",",6","0",",6","","","","","0",",6","0",",6","0",",6","29",",6","8",",6","","","19320613","+,,6","","","","","","","19320630","+,,6","19320620",",,6","2.8",",6,13,+","","","","","0.0",",,6,30,+","36.1",",6,20,","2155.8","6","50.6",",6","0.0",",,,6","","","17.40",",6","27.72",",,,6","7.07",",,,6"
"USC00044500","1932-07","37.9566","-122.5447","44.2","KENTFIELD, CA US","47.2","6","19.4",",6","0",",6","0",",6","0",",6","","","","","0",",6","0",",6","0",",6","31",",6","4",",6","","","19320731",",,6","","","","","","","19320731","+,,6","19320707",",,6","5.0",",6,31,","","","","","0.0",",,6,31,+","34.4",",6,07,","17.2","6","17.2",",6","0.0",",,,6","","","18.40",",6","28.45",",,,6","8.35",",,,6"
"USC00044500","1932-08","37.9566","-122.5447","44.2","KENTFIELD, CA US","62.7","6","15.5",",6","0",",6","0",",6","0",",6","","","","","0",",6","0",",6","0",",6","30",",6","5",",6","","","19320830","+,,6","","","","","","","19320831","+,,6","19320823",",,6","5.6",",6,30,+","","","","","0.0",",,6,31,+","37.2",",6,23,","39.9","6","22.7",",6","0.0",",,,6","","","18.10",",6","28.55",",,,6","7.65",",,,6"
"USC00044500","1932-09","37.9566","-122.5447","44.2","KENTFIELD, CA US","87.8","6","25.1",",6","0",",6","0",",6","0",",6","","","","","0",",6","0",",6","0",",6","30",",6","6",",6","","","19320922","+,,6","","","","","","","19320930","+,,6","19320909",",,6","5.0",",6,22,+","","","","","0.0",",,6,30,+","40.0",",6,09,","69.5","6","29.6",",6","0.0",",,,6","","","18.18",",6","28.62",",,,6","7.74",",,,6"
"USC00044500","1932-10","37.9566","-122.5447","44.2","KENTFIELD, CA US","92.0","6","4.2",",6","0",",6","0",",6","0",",6","","","","","0",",6","0",",6","0",",6","29",",6","0",",6","","","19321029",",,6","","","","","","","19321031","+,,6","19321010",",,6","1.1",",6,29,","","","","","0.0",",,6,31,+","30.6",",6,10,","147.5","6","78.0",",6","0.0",",,,6","","","15.95",",6","25.11",",,,6","6.79",",,,6"
"USC00044500","1932-11","37.9566","-122.5447","44.2","KENTFIELD, CA US","96.5","6","4.5",",6","4",",6","4",",6","0",",6","","","","","0",",6","1",",6","0",",6","16",",6","0",",6","","","19321104",",,6","","","","","","","19321102",",,6","19321117",",,6","0.0",",6,04,","","","","","9.7",",,6,02,","31.7",",6,17,","276.8","6","129.3",",6","23.2",",,,6","","","14.17",",6","22.40",",,,6","5.94",",,,6"
"USC00044500","1932-12","37.9566","-122.5447","44.2","KENTFIELD, CA US","96.5","6","0.0",",6","6",",6","5",",6","2",",6","","","0",",6","0",",6","18",",6","0",",6","0",",6","0",",6","","","19321211",",,6","","","19321211","+,,6","","","19321219",",,6","19321205","+,,6","-7.8",",6,11,","","","0",",T,6,11,+","81.3",",,6,19,","20.6",",6,05,+","645.5","6","368.7",",6","163.1",",,,6","0",",T,,6","6.44",",6","13.14",",,,6","-0.26",",,,6"
"USC00044500","1933-01","37.9566","-122.5447","44.2","KENTFIELD, CA US","0.0","6","0.0",",6","13",",6","13",",6","7",",6","","","0",",6","0",",6","13",",6","0",",6","0",",6","0",",6","3","","19330117",",,6","","","19330131","+,,6","","","19330118",",,6","19330113","+,,6","-3.3",",6,17,","","","0",",,6,31,+","56.6",",,6,18,","18.3",",6,13,+","1015.0","6","369.5",",6","313.9",",,,6","0",",,,6","6.41",",6","11.79",",,,6","1.04",",,,6"
"USC00044500","1933-02","37.9566","-122.5447","44.2","KENTFIELD, CA US","0.0","6","0.0",",6","3",",6","3",",6","0",",6","","","","","0",",6","14",",6","0",",6","0",",6","0",",6","","","19330210",",,6","","","","","","","19330211",",,6","19330227","+,,6","-3.9",",6,10,","","","","","23.6",",,6,11,","18.9",",6,27,+","1286.9","6","271.9",",6","41.4",",,,6","","","8.62",",6","15.88",",,,6","1.36",",,,6"
"USC00044500","1933-03","37.9566","-122.5447","44.2","KENTFIELD, CA US","0.0","6","0.0",",6","8",",6","5",",6","3",",6","","","","","0",",6","1",",6","0",",6","5",",6","0",",6","","","19330304",",,6","","","","","","","19330316",",,6","19330319",",,6","-0.6",",6,04,","","","","","62.2",",,6,16,","25.6",",6,19,","1497.7","6","210.8",",6","175.8",",,,6","","","11.53",",6","18.09",",,,6","4.98",",,,6"
"USC00044500","1933-04","37.9566","-122.5447","44.2","KENTFIELD, CA US","0.5","6","0.5",",6","1",",6","0",",6","0",",6","","","","","0",",6","2",",6","0",",6","15",",6","0",",6","","","19330418",",,6","","","","","","","19330428",",,6","19330414",",,6","-0.6",",6,18,","","","","","1.3",",,6,28,","29.4",",6,14,","1651.6","6","153.9",",6","1.3",",,,6","","","13.22",",6","21.58",",,,6","4.86",",,,6"
"USC00044500","1933-05","37.9566","-122.5447","44.2","KENTFIELD, CA US","4.7","6","4.2",",6","5",",6","3",",6","1",",6","","","","","0",",6","0",",6","0",",6","13",",6","2",",6","","","19330518","+,,6","","","","","","","19330507",",,6","19330527",",,6","2.8",",6,18,+","","","","","53.1",",,6,07,","33.3",",6,27,","1802.5","6","150.9",",6","61.4",",,,6","","","13.60",",6","21.11",",,,6","6.09",",,,6"
"USC00044500","1933-06","37.9566","-122.5447","44.2","KENTFIELD, CA US","9.2","6","4.5",",6","0",",6","0",",6","0",",6","","","","","0",",6","0",",6","0",",6","26",",6","1",",6","","","19330619","+,,6","","","","","","","19330630","+,,6","19330611",",,6","5.0",",6,19,+","","","","","0.0",",,6,30,+","33.3",",6,11,","1855.6","6","53.1",",6","0.0",",,,6","","","16.71",",6","25.58",",,,6","7.84",",,,6"
"USC00044500","1933-07","37.9566","-122.5447","44.2","KENTFIELD, CA US","50.8","6","41.6",",6","0",",6","0",",6","0",",6","","","","","0",",6","0",",6","0",",6","31",",6","9",",6","","","19330725","+,,6","","","","","","","19330731","+,,6","19330711",",,6","5.6",",6,25,+","","","","","0.0",",,6,31,+","38.3",",6,11,","16.1","6","16.1",",6","0.0",",,,6","","","19.15",",6","30.09",",,,6","8.22",",,,6"
"USC00044500","1933-08","37.9566","-122.5447","44.2","KENTFIELD, CA US","86.6","6","35.8",",6","0",",6","0",",6","0",",6","","","","","0",",6","0",",6","0",",6","30",",6","9",",6","1","","19330828",",,6","","","","","","","19330831","+,,6","19330816",",,6","5.0",",6,28,","","","","","0.0",",,6,31,+","36.1",",6,16,","38.6","6","22.5",",6","0.0",",,,6","","","18.76",",6","29.38",",,,6","8.15",",,,6"
"USC00044500","1933-09","37.9566","-122.5447","44.2","KENTFIELD, CA US","97.0","6","10.4",",6","0",",6","0",",6","0",",6","","","","","0",",6","0",",6","0",",6","27",",6","1",",6","","","19330917",",,6","","","","","","","19330924","+,,6","19330930",",,6","4.4",",6,17,","","","","","0.0",",T,6,24,+","33.9",",6,30,","91.2","6","52.6",",6","0.0",",T,,6","","","16.93",",6","26.01",",,,6","7.84",",,,6"
"USC00044500","1933-10","37.9566","-122.5447","44.2","KENTFIELD, CA US","119.5","6","22.5",",6","3",",6","3",",6","2",",6","","","","","0",",6","0",",6","0",",6","27",",6","6",",6","","","19331021",",,6","","","","","","","19331030",",,6","19331005",",,6","3.9",",6,21,","","","","","90.9",",,6,30,","37.8",",6,05,","154.7","6","63.5",",6","163.5",",,,6","","","17.01",",6","26.07",",,,6","7.95",",,,6"
"USC00044500","1933-11","37.9566","-122.5447","44.2","KENTFIELD, CA US","119.5","6","0.0",",6","0",",6","0",",6","0",",6","","","","","0",",6","1",",6","0",",6","21",",6","0",",6","2","","19331130",",,6","","","","","","","19331130","+,,6","19331113",",,6","0.0",",6,30,","","","","","0.0",",,6,30,+","28.3",",6,13,","315.3","6","160.6",",6","0.0",",,,6","","","12.98",",6","21.96",",,,6","4.00",",,,6"
"USC00044500","1933-12","37.9566","-122.5447","44.2","KENTFIELD, CA US","119.5","6","0.0",",6","12",",6","10",",6","3",",6","","","","","0",",6","3",",6","0",",6","0",",6","0",",6","7","","19331217",",,6","","","","","","","19331229",",,6","19331209","+,,6","-2.2",",6,17,","","","","","78.5",",,6,29,","17.2",",6,09,+","622.6","6","307.3",",6","238.6",",,,6","","","8.42",",6","12.49",",,,6","4.35",",,,6"
"USC00044500","1934-01","37.9566","-122.5447","44.2","KENTFIELD, CA US","0.0","6","0.0",",6","6",",6","2",",6","1",",6","","","","","0",",6","1",",6","0",",6","4",",6","0",",6","6","","19340109",",,6","","","","","","","19340101",",,6","19340125",",,6","-0.6",",6,09,","","","","","38.6",",,6,01,","25.0",",6,25,","893.1","6","270.5",",6","46.5",",,,6","","","9.61",",6","14.95",",,,6","4.26",",,,6"
"USC00044500","1934-02","37.9566","-122.5447","44.2","KENTFIELD, CA US","0.0","6","0.0","2,6","14",",6","12",",6","4",",6","","","","","0","1,6","0","1,6","0","1,6","0","1,6","0","1,6","1","","19340212",",1,6","","","","","","","19340215",",,6","19340219","+,1,6","0.6","1,6,12,","","","","","54.1",",,6,15,","20.0","1,6,19,+","1072.4","6","179.3","1,6","255.8",",,,6","","","11.44","2,6","16.72","1,,,6","6.15","1,,,6"
"USC00044500","1934-03","37.9566","-122.5447","44.2","KENTFIELD, CA US","0.0","6","0.0",",6","3",",6","2",",6","0",",6","","","","","0",",6","0",",6","0",",6","23",",6","0",",6","1","","19340321",",,6","","","","","","","19340329",",,6","19340309",",,6","3.3",",6,21,","","","","","2.8",",,6,29,","27.2",",6,09,","1179.7","6","107.3",",6","7.1",",,,6","","","14.87",",6","22.44",",,,6","7.30",",,,6"
"USC00044500","1934-04","37.9566","-122.5447","44.2","KENTFIELD, CA US","0.0","6","0.0",",6","4",",6","2",",6","0",",6","","","","","0",",6","0",",6","0",",6","25",",6","0",",6","","","19340404",",,6","","","","","","","19340422",",,6","19340406",",,6","1.7",",6,04,","","","","","10.9",",,6,22,","28.9",",6,06,","1283.6","6","103.9",",6","18.0",",,,6","","","14.87",",6","23.40",",,,6","6.34",",,,6"
"USC00044500","1934-05","37.9566","-122.5447","44.2","KENTFIELD, CA US","12.0","6","12.0",",6","4",",6","3",",6","0",",6","","","","","0",",6","0",",6","0",",6","26",",6","3",",6","","","19340501",",,6","","","","","","","19340501",",,6","19340511",",,6","4.4",",6,01,","","","","","11.2",",,6,01,","35.0",",6,11,","1333.9","6","50.3",",6","27.5",",,,6","","","17.10",",6","25.27",",,,6","8.92",",,,6"
"USC00044500","1934-06","37.9566","-122.5447","44.2","KENTFIELD, CA US","32.6","6","20.6",",6","2",",6","2",",6","0",",6","","","","","0",",6","0",",6","0",",6","28",",6","4",",6","","","19340603",",,6","","","","","","","19340605",",,6","19340629",",,6","5.6",",6,03,","","","","","17.3",",,6,05,","40.6",",6,29,","1383.8","6","49.9",",6","23.7",",,,6","","","17.36",",6","25.96",",,,6","8.75",",,,6"
"USC00044500","1934-07","37.9566","-122.5447","44.2","KENTFIELD, CA US","66.8","6","34.2",",6","0",",6","0",",6","0",",6","","","","","0",",6","0",",6","0",",6","31",",6","8",",6","","","19340720",",,6","","","","","","","19340731","+,,6","19340711",",,6","5.6",",6,20,","","","","","0.0",",,6,31,+","37.2",",6,11,","20.3","6","20.3",",6","0.0",",,,6","","","18.78",",6","29.01",",,,6","8.55",",,,6"
"USC00044500","1934-08","37.9566","-122.5447","44.2","KENTFIELD, CA US","96.2","6","29.4",",6","0",",6","0",",6","0",",6","","","","","0",",6","0",",6","0",",6","31",",6","5",",6","","","19340812",",,6","","","","","","","19340831","+,,6","19340818",",,6","6.1",",6,12,","","","","","0.0",",,6,31,+","39.4",",6,18,","33.4","6","13.1",",6","0.0",",,,6","","","18.86",",6","28.62",",,,6","9.10",",,,6"
"USC00044500","1934-09","37.9566","-122.5447","44.2","KENTFIELD, CA US","123.2","6","27.0",",6","1",",6","1",",6","0",",6","","","","","0",",6","0",",6","0",",6","26",",6","10",",6","","","19340926",",,6","","","","","","","19340922",",,6","19340914",",,6","2.8",",6,26,","","","","","6.6",",,6,22,","37.2",",6,14,","74.6","6","41.2",",6","6.6",",,,6","","","17.86",",6","28.76",",,,6","6.96",",,,6"
"USC00044500","1934-10","37.9566","-122.5447","44.2","KENTFIELD, CA US","129.3","6","6.1",",6","4",",6","3",",6","1",",6","","","","","0",",6","0",",6","0",",6","26",",6","2",",6","","","19341019",",,6","","","","","","","19341031",",,6","19341010",",,6","2.8",",6,19,","","","","","34.3",",,6,31,","33.3",",6,10,","161.7","6","87.1",",6","51.8",",,,6","","","15.72",",6","24.21",",,,6","7.23",",,,6"
"USC00044500","1934-11","37.9566","-122.5447","44.2","KENTFIELD, CA US","129.3","6","0.0",",6","10",",6","7",",6","4",",6","","","","","0",",6","0",",6","0",",6","6",",6","0",",6","","","19341128",",,6","","","","","","","19341118",",,6","19341106",",,6","0.6",",6,28,","","","","","100.8",",,6,18,","25.6",",6,06,","333.5","6","171.8",",6","213.6",",,,6","","","12.61",",6","18.56",",,,6","6.65",",,,6"
"USC00044500","1934-12","37.9566","-122.5447","44.2","KENTFIELD, CA US","129.3","6","0.0",",6","9",",6","7",",6","2",",6","","","","","0",",6","3",",6","0",",6","4",",6","0",",6","2","","19341203",",,6","","","","","","","19341229",",,6","19341206",",,6","-1.7",",6,03,","","","","","35.3",",,6,29,","22.2",",6,06,","607.3","6","273.8",",6","118.4",",,,6","","","9.50",",6","15.58",",,,6","3.43",",,,6"
"USC00044500","1935-01","37.9566","-122.5447","44.2","KENTFIELD, CA US","0.0","6","0.0",",6","14",",6","13",",6","5",",6","","","0",",6","0",",6","3",",6","0",",6","0",",6","0",",6","","","19350120",",,6","","","19350131","+,,6","","","19350104",",,6","19350125",",,6","-3.9",",6,20,","","","0",",,6,31,+","85.1",",,6,04,","19.4",",6,25,","921.4","6","314.1",",6","331.6",",,,6","0",",,,6","8.20",",6","13.78",",,,6","2.63",",,,6"
"USC00044500","1935-02","37.9566","-122.5447","44.2","KENTFIELD, CA US","0.0","6","0.0",",6","9",",6","6",",6","1",",6","","","","","0",",6","3",",6","0",",6","1",",6","0",",6","","","19350226",",,6","","","","","","","19350228",",,6","19350218",",,6","-2.2",",6,26,","","","","","63.5",",,6,28,","21.7",",6,18,","1154.5","6","233.1",",6","95.2",",,,6","","","10.01",",6","16.17",",,,6","3.85",",,,6"
"USC00044500","1935-03","37.9566","-122.5447","44.2","KENTFIELD, CA US","0.0","6","0.0",",6","12",",6","11",",6","2",",6","","","0",",6","0",",6","9",",6","0",",6","4",",6","0",",6","","","19350310","+,,6","","","19350331","+,,6","","","19350323",",,6","19350329",",,6","-1.7",",6,10,+","","","0",",,6,31,+","39.4",",,6,23,","28.9",",6,29,","1430.5","6","276.0",",6","185.8",",,,6","0",",,,6","9.43",",6","16.57",",,,6","2.29",",,,6"
"USC00044500","1935-04","37.9566","-122.5447","44.2","KENTFIELD, CA US","1.1","6","1.1",",6","12",",6","12",",6","2",",6","","","0",",6","0",",6","0",",6","0",",6","13",",6","0",",6","","","19350410",",,6","","","19350430","+,,6","","","19350407",",,6","19350426",",,6","0.6",",6,10,","","","0",",,6,30,+","125.7",",,6,07,","30.0",",6,26,","1576.3","6","145.8",",6","226.0",",,,6","0",",,,6","13.51",",6","20.13",",,,6","6.89",",,,6"
"USC00044500","1935-05","37.9566","-122.5447","44.2","KENTFIELD, CA US","12.8","6","11.7",",6","1",",6","0",",6","0",",6","","","0",",6","0",",6","0",",6","0",",6","19",",6","2",",6","","","19350512",",,6","","","19350531","+,,6","","","19350517",",,6","19350521",",,6","3.3",",6,12,","","","0",",,6,31,+","0.5",",,6,17,","35.6",",6,21,","1682.1","6","105.8",",6","0.5",",,,6","0",",,,6","15.30",",6","23.62",",,,6","6.97",",,,6"
"USC00044500","1935-06","37.9566","-122.5447","44.2","KENTFIELD, CA US","49.2","6","36.4",",6","0",",6","0",",6","0",",6","","","0",",6","0",",6","0",",6","0",",6","30",",6","9",",6","","","19350615",",,6","","","19350630","+,,6","","","19350630","+,,6","19350603",",,6","5.0",",6,15,","","","0",",,6,30,+","0.0",",,6,30,+","36.1",",6,03,","1706.5","6","24.4",",6","0.0",",,,6","0",",,,6","18.73",",6","29.06",",,,6","8.41",",,,6"
"USC00044500","1935-07","37.9566","-122.5447","44.2","KENTFIELD, CA US","79.2","6","30.0",",6","0",",6","0",",6","0",",6","","","0",",6","0",",6","0",",6","0",",6","31",",6","7",",6","","","19350709",",,6","","","19350731","+,,6","","","19350731","+,,6","19350729",",,6","4.4",",6,09,","","","0",",,6,31,+","0.0",",,6,31,+","36.7",",6,29,","38.7","6","38.7",",6","0.0",",,,6","0",",,,6","18.05",",6","28.03",",,,6","8.08",",,,6"
"USC00044500","1935-08","37.9566","-122.5447","44.2","KENTFIELD, CA US","109.0","6","29.8",",6","1",",6","1",",6","0",",6","","","0",",6","0",",6","0",",6","0",",6","29",",6","5",",6","","","19350817",",,6","","","19350831","+,,6","","","19350826",",,6","19350811",",,6","3.9",",6,17,","","","0",",,6,31,+","5.8",",,6,26,","38.9",",6,11,","81.7","6","43.0",",6","5.8",",,,6","0",",,,6","17.91",",6","27.91",",,,6","7.91",",,,6"
"USC00044500","1935-09","37.9566","-122.5447","44.2","KENTFIELD, CA US","125.4","6","16.4",",6","0",",6","0",",6","0",",6","","","0",",6","0",",6","0",",6","0",",6","29",",6","3",",6","","","19350912",",,6","","","19350930","+,,6","","","19350914",",,6","19350917",",,6","3.9",",6,12,","","","0",",,6,30,+","0.0",",T,6,14,","36.7",",6,17,","141.1","6","59.4",",6","0.0",",T,,6","0",",,,6","16.90",",6","25.63",",,,6","8.17",",,,6"
"USC00044500","1935-10","37.9566","-122.5447","44.2","KENTFIELD, CA US","126.0","6","0.6",",6","5",",6","3",",6","1",",6","","","0",",6","0",",6","2",",6","0",",6","26",",6","0",",6","","","19351031",",,6","","","19351031","+,,6","","","19351014",",,6","19351027",",,6","-2.2",",6,31,","","","0",",,6,31,+","29.7",",,6,14,","28.3",",6,27,","251.6","6","110.5",",6","38.0",",,,6","0",",,,6","14.79",",6","23.53",",,,6","6.05",",,,6"
"USC00044500","1935-11","37.9566","-122.5447","44.2","KENTFIELD, CA US","126.0","6","0.0",",6","4",",6","4",",6","1",",6","","","0",",6","0",",6","7",",6","0",",6","8",",6","0",",6","","","19351104",",,6","","","19351130","+,,6","","","19351102",",,6","19351129","+,,6","-3.3",",6,04,","","","0",",,6,30,+","52.3",",,6,02,","22.8",",6,29,+","489.8","6","238.2",",6","78.1",",,,6","0",",,,6","10.39",",6","18.24",",,,6","2.54",",,,6"
"USC00044500","1935-12","37.9566","-122.5447","44.2","KENTFIELD, CA US","126.0","6","0.0",",6","8",",6","6",",6","2",",6","","","0",",6","0",",6","12",",6","0",",6","0",",6","0",",6","","","19351219",",,6","","","19351231","+,,6","","","19351229",",,6","19351208","+,,6","-3.3",",6,19,","","","0",",,6,31,+","69.1",",,6,29,","20.0",",6,08,+","772.6","6","282.8",",6","169.4",",,,6","0",",,,6","9.21",",6","15.54",",,,6","2.89",",,,6"
"USC00044500","1936-01","37.9566","-122.5447","44.2","KENTFIELD, CA US","0.0","6","0.0",",6","12",",6","9",",6","6",",6","","","0",",6","0",",6","2",",6","0",",6","0",",6","0",",6","","","19360118",",,6","","","19360131","+,,6","","","19360109",",,6","19360128","+,,6","-1.1",",6,18,","","","0",",,6,31,+","63.8",",,6,09,","20.6",",6,28,+","1022.0","6","249.4",",6","334.6",",,,6","0",",,,6","10.29",",6","15.72",",,,6","4.86",",,,6"
"USC00044500","1936-02","37.9566","-122.5447","44.2","KENTFIELD, CA US","0.0","6","0.0",",6","15",",6","15",",6","5",",6","","","0",",6","0",",6","7",",6","0",",6","1",",6","0",",6","","","19360206","+,,6","","","19360229","+,,6","","","19360221",",,6","19360229",",,6","-2.2",",6,06,+","","","0",",,6,29,+","110.2",",,6,21,","22.2",",6,29,","1269.3","6","247.3",",6","433.9",",,,6","0",",,,6","9.81",",6","15.01",",,,6","4.60",",,,6"
"USC00044500","1936-03","37.9566","-122.5447","44.2","KENTFIELD, CA US","0.0","6","0.0",",6","4",",6","3",",6","1",",6","","","","","0",",6","1",",6","0",",6","18",",6","0",",6","","","19360326",",,6","","","","","","","19360330",",,6","19360310",",,6","0.0",",6,26,","","","","","34.8",",,6,30,","28.3",",6,10,","1435.0","6","165.7",",6","51.8",",,,6","","","12.99",",6","21.51",",,,6","4.46",",,,6"
"USC00044500","1936-04","37.9566","-122.5447","44.2","KENTFIELD, CA US","1.1","6","1.1",",6","5",",6","3",",6","1",",6","","","","","0",",6","2",",6","0",",6","19",",6","0",",6","","","19360401",",,6","","","","","","","19360403",",,6","19360411",",,6","-1.7",",6,01,","","","","","56.1",",,6,03,","30.6",",6,11,","1565.7","6","130.7",",6","73.4",",,,6","","","14.02",",6","22.13",",,,6","5.90",",,,6"
"USC00044500","1936-05","37.9566","-122.5447","44.2","KENTFIELD, CA US","14.2","6","13.1",",6","4",",6","2",",6","0",",6","","","0",",6","0",",6","0",",6","0",",6","28",",6","2",",6","","","19360501",",,6","","","19360531","+,,6","","","19360528",",,6","19360522",",,6","4.4",",6,01,","","","0",",,6,31,+","11.7",",,6,28,","33.9",",6,22,","1621.4","6","55.7",",6","23.1",",,,6","0",",,,6","16.96",",6","25.20",",,,6","8.72",",,,6"
"USC00044500","1936-06","37.9566","-122.5447","44.2","KENTFIELD, CA US","40.3","6","26.1",",6","3",",6","3",",6","0",",6","","","","","0",",6","0",",6","0",",6","27",",6","5",",6","","","19360626",",,6","","","","","","","19360606",",,6","19360621",",,6","6.1",",6,26,","","","","","9.7",",,6,06,","37.2",",6,21,","1649.5","6","28.1",",6","24.4",",,,6","","","18.27",",6","26.89",",,,6","9.64",",,,6"
"USC00044500","1936-07","37.9566","-122.5447","44.2","KENTFIELD, CA US","61.9","6","21.6",",6","0",",6","0",",6","0",",6","","","","","0",",6","0",",6","0",",6","31",",6","9",",6","","","19360730","+,,6","","","","","","","19360731","+,,6","19360718",",,6","4.4",",6,30,+","","","","","0.0",",,6,31,+","36.7",",6,18,","18.2","6","18.2",",6","0.0",",,,6","","","18.44",",6","30.35",",,,6","6.53",",,,6"
"USC00044500","1936-08","37.9566","-122.5447","44.2","KENTFIELD, CA US","94.1","6","32.2",",6","0",",6","0",",6","0",",6","","","","","0",",6","0",",6","0",",6","30",",6","6",",6","","","19360804",",,6","","","","","","","19360810",",,6","19360812",",,6","4.4",",6,04,","","","","","0.0",",T,6,10,","36.7",",6,12,","36.0","6","17.8",",6","0.0",",T,,6","","","18.80",",6","29.12",",,,6","8.47",",,,6"
"USC00044500","1936-09","37.9566","-122.5447","44.2","KENTFIELD, CA US","142.1","6","48.0",",6","0",",6","0",",6","0",",6","","","","","0",",6","0",",6","0",",6","30",",6","12",",6","","","19360916",",,6","","","","","","","19360930","+,,6","19360908",",,6","4.4",",6,16,","","","","","0.0",",,6,30,+","39.4",",6,08,","58.5","6","22.5",",6","0.0",",,,6","","","19.18",",6","30.19",",,,6","8.18",",,,6"
"USC00044500","1936-10","37.9566","-122.5447","44.2","KENTFIELD, CA US","160.9","6","18.8",",6","1",",6","1",",6","0",",6","","","","","0",",6","0",",6","0",",6","27",",6","4",",6","3","","19361028","+,,6","","","","","","","19361030",",,6","19361008",",,6","2.8",",6,28,+","","","","","7.6",",,6,30,","34.4",",6,08,","120.3","6","61.8",",6","7.6",",,,6","","","16.95",",6","26.64",",,,6","7.25",",,,6"
"USC00044500","1936-11","37.9566","-122.5447","44.2","KENTFIELD, CA US","160.9","6","0.0",",6","1",",6","0",",6","0",",6","","","","","0",",6","8",",6","0",",6","19",",6","0",",6","","","19361109",",,6","","","","","","","19361114",",,6","19361119",",,6","-1.7",",6,09,","","","","","0.5",",,6,14,","27.8",",6,19,","308.5","6","188.2",",6","0.5",",,,6","","","12.06",",6","21.61",",,,6","2.51",",,,6"
"USC00044500","1936-12","37.9566","-122.5447","44.2","KENTFIELD, CA US","160.9","6","0.0",",6","8",",6","7",",6","2",",6","","","","","0",",6","11",",6","0",",6","2",",6","0",",6","3","","19361204",",,6","","","","","","","19361226",",,6","19361210","+,,6","-3.3",",6,04,","","","","","83.8",",,6,26,","21.1",",6,10,+","614.4","6","305.9",",6","157.2",",,,6","","","8.46",",6","15.01",",,,6","1.92",",,,6"
"USC00044500","1937-01","37.9566","-122.5447","44.2","KENTFIELD, CA US","0.0","6","0.0",",6","16",",6","12",",6","1",",6","","","","","0",",6","17",",6","0",",6","0",",6","0",",6","","","19370121","+,,6","","","","","","","19370111",",,6","19370104",",,6","-7.8",",6,21,+","","","","","82.0",",,6,11,","14.4",",6,04,","1027.9","6","413.5",",6","235.2",",,,6","","","4.99",",6","10.60",",,,6","-0.61",",,,6"
"USC00044500","1937-02","37.9566","-122.5447","44.2","KENTFIELD, CA US","0.0","6","0.0",",6","14",",6","10",",6","2",",6","","","","","0",",6","4",",6","0",",6","1",",6","0",",6","1","","19370209",",,6","","","","","","","19370204",",,6","19370222",",,6","-2.8",",6,09,","","","","","120.1",",,6,04,","23.3",",6,22,","1293.7","6","265.8",",6","341.3",",,,6","","","8.84",",6","14.61",",,,6","3.08",",,,6"
"USC00044500","1937-03","37.9566","-122.5447","44.2","KENTFIELD, CA US","0.0","6","0.0",",6","14",",6","10",",6","4",",6","","","","","0",",6","0",",6","0",",6","9",",6","0",",6","","","19370325","+,,6","","","","","","","19370312",",,6","19370308","+,,6","1.7",",6,25,+","","","","","57.2",",,6,12,","24.4",",6,08,+","1488.5","6","194.8",",6","246.7",",,,6","","","12.05",",6","18.76",",,,6","5.34",",,,6"
"USC00044500","1937-04","37.9566","-122.5447","44.2","KENTFIELD, CA US","0.0","6","0.0",",6","8",",6","3",",6","0",",6","","","","","0",",6","0",",6","0",",6","14",",6","0",",6","","","19370430","+,,6","","","","","","","19370406",",,6","19370420",",,6","1.1",",6,30,+","","","","","23.9",",,6,06,","29.4",",6,20,","1651.2","6","162.7",",6","48.6",",,,6","","","12.91",",6","20.76",",,,6","5.06",",,,6"
"USC00044500","1937-05","37.9566","-122.5447","44.2","KENTFIELD, CA US","6.4","6","6.4",",6","1",",6","1",",6","0",",6","","","","","0",",6","0",",6","0",",6","25",",6","0",",6","","","19370506",",,6","","","","","","","19370507",",,6","19370526",",,6","2.8",",6,06,","","","","","8.4",",,6,07,","31.7",",6,26,","1731.9","6","80.7",",6","8.4",",,,6","","","15.94",",6","25.09",",,,6","6.78",",,,6"
"USC00044500","1937-06","37.9566","-122.5447","44.2","KENTFIELD, CA US","37.7","6","31.3",",6","3",",6","3",",6","1",",6","","","","","0",",6","0",",6","0",",6","27",",6","4",",6","","","19370601",",,6","","","","","","","19370616",",,6","19370626",",,6","6.1",",6,01,","","","","","39.4",",,6,16,","38.3",",6,26,","1769.8","6","37.9",",6","47.5",",,,6","","","18.11",",6","26.09",",,,6","10.13",",,,6"
"USC00044500","1937-07","37.9566","-122.5447","44.2","KENTFIELD, CA US","74.7","6","37.0",",6","0",",6","0",",6","0",",6","","","","","0",",6","0",",6","0",",6","31",",6","9",",6","","","19370729",",,6","","","","","","","19370731","+,,6","19370720","+,,6","4.4",",6,29,","","","","","0.0",",,6,31,+","35.6",",6,20,+","15.9","6","15.9",",6","0.0",",,,6","","","19.02",",6","29.43",",,,6","8.60",",,,6"
"USC00044500","1937-08","37.9566","-122.5447","44.2","KENTFIELD, CA US","101.8","6","27.1",",6","0",",6","0",",6","0",",6","","","","","0",",6","0",",6","0",",6","31",",6","8",",6","","","19370814","+,,6","","","","","","","19370831","+,,6","19370811",",,6","4.4",",6,14,+","","","","","0.0",",,6,31,+","39.4",",6,11,","32.3","6","16.4",",6","0.0",",,,6","","","18.68",",6","30.50",",,,6","6.86",",,,6"
"USC00044500","1937-09","37.9566","-122.5447","44.2","KENTFIELD, CA US","129.6","6","27.8",",6","0",",6","0",",6","0",",6","","","","","0",",6","0",",6","0",",6","30",",6","5",",6","2","","19370930","+,,6","","","","","","","19370930","+,,6","19370913",",,6","5.6",",6,30,+","","","","","0.0",",,6,30,+","37.2",",6,13,","61.7","6","29.4",",6","0.0",",,,6","","","18.28",",6","28.02",",,,6","8.54",",,,6"
"USC00044500","1937-10","37.9566","-122.5447","44.2","KENTFIELD, CA US","137.7","6","8.1",",6","4",",6","3",",6","0",",6","","","","","0",",6","0",",6","0",",6","27",",6","3",",6","","","19371006",",,6","","","","","","","19371014",",,6","19371021","+,,6","3.3",",6,06,","","","","","22.4",",,6,14,","32.2",",6,21,+","117.2","6","55.5",",6","43.5",",,,6","","","16.80",",6","25.68",",,,6","7.93",",,,6"
"USC00044500","1937-11","37.9566","-122.5447","44.2","KENTFIELD, CA US","137.7","6","0.0",",6","13",",6","10",",6","4",",6","","","","","0",",6","0",",6","0",",6","5",",6","0",",6","","","19371107",",,6","","","","","","","19371120",",,6","19371103",",,6","1.7",",6,07,","","","","","78.2",",,6,20,","26.7",",6,03,","285.2","6","168.0",",6","244.1",",,,6","","","12.73",",6","19.06",",,,6","6.40",",,,6"
"USC00044500","1937-12","37.9566","-122.5447","44.2","KENTFIELD, CA US","137.7","6","0.0",",6","6",",6","5",",6","3",",6","","","","","0",",6","5",",6","0",",6","2",",6","0",",6","1","","19371224",",,6","","","","","","","19371210",",,6","19371205",",,6","-1.1",",6,24,","","","","","204.2",",,6,10,","22.2",",6,05,","543.7","6","258.5",",6","332.4",",,,6","","","9.99",",6","16.11",",,,6","3.88",",,,6"
"USC00044500","1938-01","37.9566","-122.5447","44.2","KENTFIELD, CA US","0.0","6","0.0",",6","9",",6","9",",6","4",",6","","","0",",6","0",",6","3",",6","0",",6","0",",6","0",",6","","","19380124",",,6","","","19380131","+,,6","","","19380116",",,6","19380126",",,6","-1.7",",6,24,","","","0",",,6,31,+","48.8",",,6,16,","18.3",",6,26,","829.4","6","285.7",",6","235.8",",,,6","0",",,,6","9.12",",6","14.53",",,,6","3.71",",,,6"
"USC00044500","1938-02","37.9566","-122.5447","44.2","KENTFIELD, CA US","0.0","6","0.0",",6","","","","","","","","","0",",6","0",",6","2",",6","0",",6","4",",6","0",",6","4","","19380217","+,,6","","","19380228","+,,6","","","","","19380226",",,6","-1.1",",6,17,+","","","0",",,6,28,+","","","22.2",",6,26,","1054.2","6","224.8",",6","","","0",",,,6","10.30",",6","15.45",",,,6","5.15",",,,6"
"USC00044500","1938-03","37.9566","-122.5447","44.2","KENTFIELD, CA US","0.0","6","0.0",",6","18",",6","17",",6","7",",6","","","0",",6","0",",6","2",",6","0",",6","2",",6","0",",6","","","19380331",",,6","","","19380331","+,,6","","","19380323",",,6","19380327",",,6","-1.1",",6,31,","","","0",",,6,31,+","71.4",",,6,23,","25.0",",6,27,","1283.2","6","229.0",",6","389.1",",,,6","0",",,,6","10.95",",6","16.12",",,,6","5.77",",,,6"
"USC00044500","1938-04","37.9566","-122.5447","44.2","KENTFIELD, CA US","1.7","6","1.7",",6","7",",6","4",",6","2",",6","","","","","0",",6","0",",6","0",",6","17",",6","0",",6","","","19380401",",,6","","","","","","","19380404",",,6","19380418",",,6","1.1",",6,01,","","","","","50.0",",,6,04,","29.4",",6,18,","1430.5","6","147.3",",6","107.1",",,,6","","","13.48",",6","20.85",",,,6","6.11",",,,6"
"USC00044500","1938-05","37.9566","-122.5447","44.2","KENTFIELD, CA US","7.3","6","5.6",",6","0",",6","0",",6","0",",6","","","","","0",",6","0",",6","0",",6","27",",6","2",",6","","","19380507",",,6","","","","","","","19380531","+,,6","19380531",",,6","3.3",",6,07,","","","","","0.0",",,6,31,+","33.9",",6,31,","1517.2","6","86.7",",6","0.0",",,,6","","","15.71",",6","24.62",",,,6","6.81",",,,6"
"USC00044500","1938-06","37.9566","-122.5447","44.2","KENTFIELD, CA US","23.4","6","16.1",",6","0",",6","0",",6","0",",6","","","","","0",",6","0",",6","0",",6","26",",6","5",",6","","","19380610",",,6","","","","","","","19380630","+,,6","19380615",",,6","4.4",",6,10,","","","","","0.0",",,6,30,+","33.9",",6,15,","1574.5","6","57.3",",6","0.0",",,,6","","","16.96",",6","26.17",",,,6","7.75",",,,6"
"USC00044500","1938-07","37.9566","-122.5447","44.2","KENTFIELD, CA US","53.4","6","30.0",",6","0",",6","0",",6","0",",6","","","","","0",",6","0",",6","0",",6","28",",6","6",",6","","","19380708",",,6","","","","","","","19380731","+,,6","19380731",",,6","5.6",",6,08,","","","","","0.0",",,6,31,+","35.0",",6,31,","29.3","6","29.3",",6","0.0",",,,6","","","18.36",",6","27.75",",,,6","8.96",",,,6"
"USC00044500","1938-08","37.9566","-122.5447","44.2","KENTFIELD, CA US","84.7","6","31.3",",6","0",",6","0",",6","0",",6","","","0",",6","0",",6","0",",6","0",",6","30",",6","8",",6","","","19380806",",,6","","","19380831","+,,6","","","19380831","+,,6","19380803",",,6","5.0",",6,06,","","","0",",,6,31,+","0.0",",,6,31,+","37.8",",6,03,","64.6","6","35.3",",6","0.0",",,,6","0",",,,6","18.20",",6","28.42",",,,6","7.99",",,,6"
"USC00044500","1938-09","37.9566","-122.5447","44.2","KENTFIELD, CA US","116.0","6","31.3",",6","1",",6","1",",6","0",",6","","","0",",6","0",",6","0",",6","0",",6","30",",6","4",",6","","","19380922",",,6","","","19380930","+,,6","","","19380927",",,6","19380909",",,6","5.0",",6,22,","","","0",",,6,30,+","6.9",",,6,27,","36.1",",6,09,","79.9","6","15.3",",6","6.9",",,,6","0",",,,6","18.87",",6","28.61",",,,6","9.13",",,,6"
"USC00044500","1938-10","37.9566","-122.5447","44.2","KENTFIELD, CA US","117.1","6","1.1",",6","4",",6","3",",6","0",",6","","","0",",6","0",",6","0",",6","0",",6","22",",6","0",",6","","","19381018",",,6","","","19381031","+,,6","","","19381029",",,6","19381025","+,,6","1.7",",6,18,","","","0",",,6,31,+","17.0",",,6,29,","29.4",",6,25,+","167.3","6","87.4",",6","45.2",",,,6","0",",,,6","15.55",",6","23.38",",,,6","7.72",",,,6"
"USC00044500","1938-11","37.9566","-122.5447","44.2","KENTFIELD, CA US","117.1","6","0.0",",6","4",",6","3",",6","1",",6","","","0",",6","0",",6","11",",6","0",",6","14",",6","0",",6","","","19381112",",,6","","","19381130","+,,6","","","19381129",",,6","19381117",",,6","-2.8",",6,12,","","","0",",,6,30,+","34.0",",,6,29,","26.7",",6,17,","372.0","6","204.7",",6","78.5",",,,6","0",",,,6","11.51",",6","20.13",",,,6","2.88",",,,6"
"USC00044500","1938-12","37.9566","-122.5447","44.2","KENTFIELD, CA US","117.1","6","0.0",",6","6",",6","5",",6","1",",6","","","","","0",",6","4",",6","0",",6","0",",6","0",",6","4","","19381225",",,6","","","","","","","19381203",",,6","19381224","+,,6","-1.7",",6,25,","","","","","28.2",",,6,03,","20.0",",6,24,+","627.0","6","255.0",",6","56.2",",,,6","","","10.11",",6","15.54",",,,6","4.68",",,,6"
"USC00044500","1939-01","37.9566","-122.5447","44.2","KENTFIELD, CA US","0.0","6","0.0",",6","10",",6","7",",6","3",",6","","","","","0",",6","11",",6","0",",6","0",",6","0",",6","","","19390125",",,6","","","","","","","19390105",",,6","19390121","+,,6","-1.1",",6,25,","","","","","72.6",",,6,05,","20.0",",6,21,+","916.5","6","289.5",",6","173.2",",,,6","","","8.99",",6","15.43",",,,6","2.56",",,,6"
"USC00044500","1939-02","37.9566","-122.5447","44.2","KENTFIELD, CA US","0.0","6","0.0",",6","6",",6","6",",6","1",",6","","","","","0",",6","6",",6","0",",6","3",",6","0",",6","","","19390221",",,6","","","","","","","19390202",",,6","19390217",",,6","-1.7",",6,21,","","","","","26.7",",,6,02,","26.7",",6,17,","1155.7","6","239.2",",6","81.1",",,,6","","","9.79",",6","16.93",",,,6","2.65",",,,6"
"USC00044500","1939-03","37.9566","-122.5447","44.2","KENTFIELD, CA US","0.0","6","0.0",",6","9",",6","6",",6","1",",6","","","0",",6","0",",6","2",",6","0",",6","6",",6","0",",6","","","19390301",",,6","","","19390331","+,,6","","","19390308",",,6","19390317",",,6","-1.1",",6,01,","","","0",",,6,31,+","26.2",",,6,08,","27.8",",6,17,","1368.9","6","213.2",",6","79.9",",,,6","0",",,,6","11.46",",6","17.70",",,,6","5.21",",,,6"
"USC00044500","1939-04","37.9566","-122.5447","44.2","KENTFIELD, CA US","1.7","6","1.7",",6","2",",6","1",",6","0",",6","","","","","0",",6","0",",6","0",",6","26",",6","0",",6","","","19390415",",,6","","","","","","","19390402",",,6","19390406","+,,6","2.8",",6,15,","","","","","5.1",",,6,02,","30.0",",6,06,+","1466.9","6","98.0",",6","7.1",",,,6","","","15.12",",6","23.70",",,,6","6.55",",,,6"
"USC00044500","1939-05","37.9566","-122.5447","44.2","KENTFIELD, CA US","11.3","6","9.6",",6","4",",6","1",",6","0",",6","","","","","0",",6","0",",6","0",",6","24",",6","3",",6","","","19390501",",,6","","","","","","","19390521",",,6","19390529","+,,6","2.8",",6,01,","","","","","25.1",",,6,21,","34.4",",6,29,+","1553.3","6","86.4",",6","30.5",",,,6","","","15.86",",6","24.47",",,,6","7.24",",,,6"
"USC00044500","1939-06","37.9566","-122.5447","44.2","KENTFIELD, CA US","32.0","6","20.7",",6","0",",6","0",",6","0",",6","","","","","0",",6","0",",6","0",",6","29",",6","6",",6","","","19390606",",,6","","","","","","","19390630","+,,6","19390621",",,6","3.9",",6,06,","","","","","0.0",",,6,30,+","36.7",",6,21,","1586.6","6","33.3",",6","0.0",",,,6","","","17.91",",6","28.09",",,,6","7.74",",,,6"
"USC00044500","1939-07","37.9566","-122.5447","44.2","KENTFIELD, CA US","63.9","6","31.9",",6","0",",6","0",",6","0",",6","","","","","0",",6","0",",6","0",",6","30",",6","6",",6","1","","19390703",",,6","","","","","","","19390731","+,,6","19390708",",,6","5.6",",6,03,","","","","","0.0",",,6,31,+","37.2",",6,08,","11.9","6","11.9",",6","0.0",",,,6","","","18.98",",6","29.05",",,,6","8.90",",,,6"
"USC00044500","1939-08","37.9566","-122.5447","44.2","KENTFIELD, CA US","90.3","6","26.4",",6","0",",6","0",",6","0",",6","","","","","0",",6","0",",6","0",",6","31",",6","2",",6","","","19390805",",,6","","","","","","","19390831","+,,6","19390817",",,6","5.6",",6,05,","","","","","0.0",",,6,31,+","39.4",",6,17,","30.8","6","18.9",",6","0.0",",,,6","","","18.57",",6","27.93",",,,6","9.22",",,,6"
"USC00044500","1939-09","37.9566","-122.5447","44.2","KENTFIELD, CA US","158.3","6","68.0",",6","2",",6","1",",6","0",",6","","","","","0",",6","0",",6","0",",6","29",",6","10",",6","","","19390914",",,6","","","","","","","19390913",",,6","19390922",",,6","5.6",",6,14,","","","","","19.6",",,6,13,","40.0",",6,22,","52.2","6","21.4",",6","20.1",",,,6","","","19.89",",6","30.08",",,,6","9.69",",,,6"
"USC00044500","1939-10","37.9566","-122.5447","44.2","KENTFIELD, CA US","169.4","6","11.1",",6","3",",6","2",",6","0",",6","","","","","0",",6","0",",6","0",",6","26",",6","4",",6","","","19391026",",,6","","","","","","","19391024",",,6","19391012","+,,6","1.7",",6,26,","","","","","9.9",",,6,24,","32.8",",6,12,+","120.3","6","68.1",",6","16.2",",,,6","","","16.50",",6","26.02",",,,6","6.97",",,,6"
"USC00044500","1939-11","37.9566","-122.5447","44.2","KENTFIELD, CA US","169.4","6","0.0",",6","2",",6","2",",6","0",",6","","","","","0",",6","0",",6","0",",6","22",",6","0",",6","","","19391121","+,,6","","","","","","","19391125",",,6","19391107",",,6","1.1",",6,21,+","","","","","11.9",",,6,25,","26.7",",6,07,","293.9","6","173.6",",6","14.7",",,,6","","","12.55",",6","21.91",",,,6","3.18",",,,6"
"USC00044500","1939-12","37.9566","-122.5447","44.2","KENTFIELD, CA US","169.4","6","0.0",",6","9",",6","7",",6","1",",6","","","","","0",",6","2",",6","0",",6","2",",6","0",",6","1","","19391225","+,,6","","","","","","","19391231",",,6","19391203","+,,6","-1.1",",6,25,+","","","","","33.0",",,6,31,","21.1",",6,03,+","527.0","6","233.1",",6","92.7",",,,6","","","10.81",",6","16.60",",,,6","5.03",",,,6"
"USC00044500","1940-01","37.9566","-122.5447","44.2","KENTFIELD, CA US","0.0","6","0.0",",6","17",",6","17",",6","9",",6","","","","","0",",6","6",",6","0",",6","0",",6","0",",6","","","19400113",",,6","","","","","","","19400125",",,6","19400129",",,6","-2.2",",6,13,","","","","","156.5",",,6,25,","18.9",",6,29,","793.8","6","266.8",",6","704.3",",,,6","","","9.73",",6","13.41",",,,6","6.04",",,,6"
"USC00044500","1940-02","37.9566","-122.5447","44.2","KENTFIELD, CA US","0.0","6","0.0",",6","15",",6","12",",6","7",",6","","","","","0",",6","2",",6","0",",6","0",",6","0",",6","","","19400219","+,,6","","","","","","","19400227",",,6","19400208",",,6","0.0",",6,19,+","","","","","162.3",",,6,27,","20.6",",6,08,","988.1","6","194.3",",6","496.2",",,,6","","","11.63",",6","16.47",",,,6","6.80",",,,6"
"USC00044500","1940-03","37.9566","-122.5447","44.2","KENTFIELD, CA US","0.0","6","0.0",",6","8",",6","7",",6","3",",6","","","","","0",",6","1",",6","0",",6","14",",6","0",",6","","","19400312",",,6","","","","","","","19400330",",,6","19400303",",,6","-0.6",",6,12,","","","","","87.1",",,6,30,","24.4",",6,03,","1151.7","6","163.6",",6","311.7",",,,6","","","13.06",",6","19.84",",,,6","6.27",",,,6"
"USC00044500","1940-04","37.9566","-122.5447","44.2","KENTFIELD, CA US","1.9","6","1.9",",6","5",",6","5",",6","0",",6","","","0",",6","0",",6","0",",6","0",",6","13",",6","0",",6","","","19400424","+,,6","","","19400430","+,,6","","","19400407","+,,6","19400412",",,6","3.9",",6,24,+","","","0",",,6,30,+","16.8",",,6,07,+","29.4",",6,12,","1271.1","6","119.4",",6","59.8",",,,6","0",",,,6","14.42",",6","21.56",",,,6","7.28",",,,6"
"USC00044500","1940-05","37.9566","-122.5447","44.2","KENTFIELD, CA US","3.8","6","1.9",",6","3",",6","3",",6","1",",6","","","","","0",",6","0",",6","0",",6","24",",6","1",",6","7","","19400529","+,,6","","","","","","","19400530",",,6","19400513",",,6","3.9",",6,29,+","","","","","56.4",",,6,30,","32.2",",6,13,","1351.2","6","80.1",",6","70.8",",,,6","","","15.81",",6","23.60",",,,6","8.02",",,,6"
"USC00044500","1940-06","37.9566","-122.5447","44.2","KENTFIELD, CA US","13.3","6","9.5",",6","1",",6","1",",6","0",",6","","","0",",6","0",",6","0",",6","0",",6","30",",6","1",",6","","","19400624","+,,6","","","19400630","+,,6","","","19400601",",,6","19400607",",,6","6.7",",6,24,+","","","0",",,6,30,+","3.0",",,6,01,","32.2",",6,07,","1375.3","6","24.1",",6","3.0",",,,6","0",",,,6","17.85",",6","26.84",",,,6","8.85",",,,6"
"USC00044500","1940-07","37.9566","-122.5447","44.2","KENTFIELD, CA US","39.8","6","26.5",",6","0",",6","0",",6","0",",6","","","","","0",",6","0",",6","0",",6","30",",6","4",",6","","","19400731",",,6","","","","","","","19400731","+,,6","19400705",",,6","5.0",",6,31,","","","","","0.0",",,6,31,+","36.7",",6,05,","12.3","6","12.3",",6","0.0",",,,6","","","18.79",",6","28.52",",,,6","9.07",",,,6"
"USC00044500","1940-08","37.9566","-122.5447","44.2","KENTFIELD, CA US","58.2","6","18.4",",6","0",",6","0",",6","0",",6","","","","","0",",6","0",",6","0",",6","30",",6","2",",6","","","19400809",",,6","","","","","","","19400831","+,,6","19400810",",,6","5.0",",6,09,","","","","","0.0",",,6,31,+","37.8",",6,10,","36.8","6","24.5",",6","0.0",",,,6","","","18.14",",6","27.28",",,,6","8.99",",,,6"
"USC00044500","1940-09","37.9566","-122.5447","44.2","KENTFIELD, CA US","74.5","6","16.3",",6","3",",6","3",",6","0",",6","","","","","0",",6","0",",6","0",",6","30",",6","0",",6","","","19400921","+,,6","","","","","","","19400905",",,6","19400925",",,6","6.7",",6,21,+","","","","","4.6",",,6,05,","31.1",",6,25,","50.4","6","13.6",",6","12.5",",,,6","","","18.42",",6","26.53",",,,6","10.31",",,,6"
"USC00044500","1940-10","37.9566","-122.5447","44.2","KENTFIELD, CA US","87.3","6","12.8",",6","4",",6","3",",6","2",",6","","","","","0",",6","0",",6","0",",6","23",",6","2",",6","","","19401027",",,6","","","","","","","19401029",",,6","19401011",",,6","3.3",",6,27,","","","","","46.2",",,6,29,","32.8",",6,11,","129.9","6","79.5",",6","83.8",",,,6","","","16.18",",6","24.30",",,,6","8.06",",,,6"
"USC00044500","1940-11","37.9566","-122.5447","44.2","KENTFIELD, CA US","87.3","6","0.0",",6","8",",6","6",",6","1",",6","","","","","0",",6","1",",6","0",",6","3",",6","0",",6","","","19401123",",,6","","","","","","","19401106",",,6","19401114",",,6","-1.7",",6,23,","","","","","72.6",",,6,06,","23.9",",6,14,","365.2","6","235.3",",6","145.8",",,,6","","","10.49",",6","16.71",",,,6","4.27",",,,6"
"USC00044500","1940-12","37.9566","-122.5447","44.2","KENTFIELD, CA US","87.3","6","0.0",",6","16",",6","15",",6","8",",6","","","","","0",",6","5",",6","0",",6","3",",6","0",",6","","","19401214",",,6","","","","","","","19401221",",,6","19401203",",,6","-4.4",",6,14,","","","","","95.8",",,6,21,","23.3",",6,03,","605.6","6","240.4",",6","447.4",",,,6","","","10.58",",6","15.81",",,,6","5.35",",,,6"
"USC00044500","1941-01","37.9566","-122.5447","44.2","KENTFIELD, CA US","0.0","6","0.0",",6","17",",6","17",",6","6",",6","","","0",",6","0",",6","2",",6","0",",6","0",",6","0",",6","1","","19410102","+,,6","","","19410131","+,,6","","","19410125",",,6","19410127","+,,6","0.0",",6,02,+","","","0",",,6,31,+","68.3",",,6,25,","20.6",",6,27,+","855.0","6","249.4",",6","457.7",",,,6","0",",,,6","10.29",",6","15.08",",,,6","5.50",",,,6"
"USC00044500","1941-02","37.9566","-122.5447","44.2","KENTFIELD, CA US","0.0","6","0.0",",6","20",",6","15",",6","7",",6","","","","","0",",6","0",",6","0",",6","0",",6","0",",6","","","19410207",",,6","","","","","","","19410210",",,6","19410222",",,6","1.7",",6,07,","","","","","85.6",",,6,10,","20.0",",6,22,","1057.3","6","202.3",",6","439.2",",,,6","","","11.11",",6","15.32",",,,6","6.90",",,,6"
"USC00044500","1941-03","37.9566","-122.5447","44.2","KENTFIELD, CA US","0.0","6","0.0",",6","9",",6","8",",6","4",",6","","","","","0",",6","0",",6","0",",6","16",",6","0",",6","","","19410326",",,6","","","","","","","19410329",",,6","19410324",",,6","2.8",",6,26,","","","","","44.2",",,6,29,","24.4",",6,24,","1209.6","6","152.3",",6","195.3",",,,6","","","13.42",",6","19.74",",,,6","7.10",",,,6"
"USC00044500","1941-04","37.9566","-122.5447","44.2","KENTFIELD, CA US","0.0","6","0.0",",6","11",",6","10",",6","3",",6","","","","","0",",6","0",",6","0",",6","11",",6","0",",6","","","19410420","+,,6","","","","","","","19410404",",,6","19410421",",,6","2.8",",6,20,+","","","","","65.0",",,6,04,","25.6",",6,21,","1366.2","6","156.6",",6","186.1",",,,6","","","13.11",",6","19.86",",,,6","6.37",",,,6"
"USC00044500","1941-05","37.9566","-122.5447","44.2","KENTFIELD, CA US","12.6","6","12.6",",6","7",",6","5",",6","0",",6","","","","","0",",6","0",",6","0",",6","22",",6","1",",6","","","19410515",",,6","","","","","","","19410513",",,6","19410520",",,6","6.7",",6,15,","","","","","12.7",",,6,13,","32.8",",6,20,","1431.4","6","65.2",",6","37.7",",,,6","","","16.63",",6","23.16",",,,6","10.11",",,,6"
"USC00044500","1941-06","37.9566","-122.5447","44.2","KENTFIELD, CA US","22.6","6","10.0",",6","3",",6","1",",6","0",",6","","","","","0",",6","0",",6","0",",6","26",",6","1",",6","","","19410621",",,6","","","","","","","19410624",",,6","19410610",",,6","6.7",",6,21,","","","","","13.7",",,6,24,","35.0",",6,10,","1471.4","6","40.0",",6","16.5",",,,6","","","17.33",",6","24.74",",,,6","9.92",",,,6"
"USC00044500","1941-07","37.9566","-122.5447","44.2","KENTFIELD, CA US","63.6","6","41.0",",6","0",",6","0",",6","0",",6","","","0",",6","0",",6","0",",6","0",",6","30",",6","8",",6","","","19410712",",,6","","","19410731","+,,6","","","19410731","+,,6","19410705",",,6","7.8",",6,12,","","","0",",,6,31,+","0.0",",,6,31,+","35.0",",6,05,","25.6","6","25.6",",6","0.0",",,,6","0",",,,6","18.83",",6","27.27",",,,6","10.39",",,,6"
"USC00044500","1941-08","37.9566","-122.5447","44.2","KENTFIELD, CA US","83.6","6","20.0",",6","1",",6","0",",6","0",",6","","","","","0",",6","0",",6","0",",6","29",",6","0",",6","","","19410802",",,6","","","","","","","19410816",",,6","19410824","+,,6","6.7",",6,02,","","","","","2.3",",,6,16,","31.1",",6,24,+","48.5","6","22.9",",6","2.3",",,,6","","","18.24",",6","25.79",",,,6","10.69",",,,6"
"USC00044500","1941-09","37.9566","-122.5447","44.2","KENTFIELD, CA US","112.0","6","28.4",",6","0",",6","0",",6","0",",6","","","","","0",",6","0",",6","0",",6","25",",6","4",",6","4","","19410923",",,6","","","","","","","19410930","+,,6","19410905",",,6","3.9",",6,23,","","","","","0.0",",,6,30,+","36.1",",6,05,","95.0","6","46.5",",6","0.0",",,,6","","","17.73",",6","26.48",",,,6","8.98",",,,6"
"USC00044500","1941-10","37.9566","-122.5447","44.2","KENTFIELD, CA US","125.9","6","13.9",",6","3",",6","3",",6","1",",6","","","","","0",",6","0",",6","0",",6","15",",6","1",",6","1","","19411007",",,6","","","","","","","19411027",",,6","19411003",",,6","1.7",",6,07,","","","","","44.7",",,6,27,","34.4",",6,03,","227.1","6","132.1",",6","55.6",",,,6","","","14.52",",6","21.60",",,,6","7.45",",,,6"
"USC00044500","1941-11","37.9566","-122.5447","44.2","KENTFIELD, CA US","125.9","6","0.0",",6","8",",6","8",",6","2",",6","","","","","0",",6","3",",6","0",",6","4",",6","0",",6","3","","19411122","+,,6","","","","","","","19411129",",,6","19411107",",,6","-1.1",",6,22,+","","","","","37.8",",,6,29,","26.1",",6,07,","412.9","6","185.8",",6","171.4",",,,6","","","12.14",",6","17.89",",,,6","6.39",",,,6"
"USC00044500","1941-12","37.9566","-122.5447","44.2","KENTFIELD, CA US","125.9","6","0.0",",6","19",",6","15",",6","7",",6","","","","","0",",6","1",",6","0",",6","0",",6","0",",6","","","19411226",",,6","","","","","1","","19411214",",,6","19411204","+,,6","-1.1",",6,26,","","","","","68.1",",,6,14,","17.2",",6,04,+","659.0","6","246.1",",6","404.2",",,,6","","","10.40",",6","14.59",",,,6","6.20",",,,6"
"USC00044500","1942-01","37.9566","-122.5447","44.2","KENTFIELD, CA US","0.0","6","0.0",",6","12",",6","12",",6","5",",6","","","","","0",",6","5",",6","0",",6","0",",6","0",",6","3","","19420102",",,6","","","","","","","19420124",",,6","19420110",",,6","-4.4",",6,02,","","","","","74.7",",,6,24,","18.3",",6,10,","958.1","6","299.1",",6","302.6",",,,6","","","8.68",",6","13.01",",,,6","4.36",",,,6"
"USC00044500","1942-02","37.9566","-122.5447","44.2","KENTFIELD, CA US","0.0","6","0.0",",6","10",",6","7",",6","4",",6","","","0",",6","0",",6","5",",6","0",",6","1",",6","0",",6","","","19420225","+,,6","","","19420228","+,,6","","","19420204",",,6","19420210",",,6","-1.1",",6,25,+","","","0",",,6,28,+","130.6",",,6,04,","22.8",",6,10,","1186.7","6","228.6",",6","360.3",",,,6","0",",,,6","10.17",",6","15.97",",,,6","4.37",",,,6"
"USC00044500","1942-03","37.9566","-122.5447","44.2","KENTFIELD, CA US","0.0","6","0.0",",6","5",",6","5",",6","2",",6","","","","","0",",6","4",",6","0",",6","12",",6","0",",6","","","19420327",",,6","","","","","","","19420314",",,6","19420330","+,,6","-0.6",",6,27,","","","","","59.2",",,6,14,","23.9",",6,30,+","1403.6","6","216.9",",6","131.1",",,,6","","","11.34",",6","19.45",",,,6","3.23",",,,6"
"USC00044500","1942-04","37.9566","-122.5447","44.2","KENTFIELD, CA US","0.0","6","0.0",",6","11",",6","11",",6","1",",6","","","","","0",",6","0",",6","0",",6","5",",6","0",",6","","","19420402",",,6","","","","","","","19420430",",,6","19420424","+,,6","1.7",",6,02,","","","","","25.7",",,6,30,","22.8",",6,24,+","1573.3","6","169.7",",6","190.7",",,,6","","","12.68",",6","18.49",",,,6","6.86",",,,6"
"USC00044500","1942-05","37.9566","-122.5447","44.2","KENTFIELD, CA US","7.3","6","7.3",",6","5",",6","3",",6","1",",6","","","","","0",",6","0",",6","0",",6","18",",6","1",",6","","","19420502",",,6","","","","","","","19420525",",,6","19420520",",,6","2.8",",6,02,","","","","","47.0",",,6,25,","33.3",",6,20,","1701.2","6","127.9",",6","88.2",",,,6","","","14.44",",6","21.67",",,,6","7.22",",,,6"
"USC00044500","1942-06","37.9566","-122.5447","44.2","KENTFIELD, CA US","19.8","6","12.5",",6","0",",6","0",",6","0",",6","","","","","0",",6","0",",6","0",",6","30",",6","3",",6","","","19420620","+,,6","","","","","","","19420630","+,,6","19420628",",,6","5.6",",6,20,+","","","","","0.0",",,6,30,+","35.0",",6,28,","1737.5","6","36.3",",6","0.0",",,,6","","","17.54",",6","26.64",",,,6","8.44",",,,6"
"USC00044500","1942-07","37.9566","-122.5447","44.2","KENTFIELD, CA US","44.5","6","24.7",",6","0",",6","0",",6","0",",6","","","","","0",",6","0",",6","0",",6","31",",6","2",",6","10","","19420712",",,6","","","","","","","19420731","+,,6","19420723",",,6","7.2",",6,12,","","","","","0.0",",,6,31,+","32.8",",6,23,","18.1","6","18.1",",6","0.0",",,,6","","","18.55",",6","27.53",",,,6","9.56",",,,6"
"USC00044500","1942-08","37.9566","-122.5447","44.2","KENTFIELD, CA US","61.7","6","17.2",",6","0",",6","0",",6","0",",6","","","","","0",",6","0",",6","0",",6","31",",6","1",",6","13","","19420830",",,6","","","","","","","19420811",",,6","19420803",",,6","6.1",",6,30,","","","","","0.0",",T,6,11,","32.2",",6,03,","30.3","6","12.2",",6","0.0",",T,,6","","","18.49",",6","28.05",",,,6","8.94",",,,6"
"USC00044500","1942-09","37.9566","-122.5447","44.2","KENTFIELD, CA US","74.8","6","13.1",",6","1",",6","1",",6","0",",6","","","","","0",",6","0",",6","0",",6","29",",6","2",",6","5","","19420921","+,,6","","","","","","","19420908",",,6","19420915",",,6","5.0",",6,21,+","","","","","2.8",",,6,08,","37.2",",6,15,","72.3","6","42.0",",6","2.8",",,,6","","","17.37",",6","26.48",",,,6","8.26",",,,6"
"USC00044500","1942-10","37.9566","-122.5447","44.2","KENTFIELD, CA US","77.9","6","3.1",",6","3",",6","2",",6","0",",6","","","","","0",",6","0",",6","0",",6","27",",6","1",",6","1","","19421030",",,6","","","","","","","19421028",",,6","19421002",",,6","3.9",",6,30,","","","","","18.0",",,6,28,","32.2",",6,02,","152.4","6","80.1",",6","34.0",",,,6","","","15.85",",6","24.46",",,,6","7.24",",,,6"
"USC00044500","1942-11","37.9566","-122.5447","44.2","KENTFIELD, CA US","77.9","6","0.0",",6","9",",6","8",",6","4",",6","","","","","0",",6","4",",6","0",",6","5",",6","0",",6","","","19421126",",,6","","","","","","","19421117",",,6","19421112",",,6","-0.6",",6,26,","","","","","107.2",",,6,17,","25.6",",6,12,","360.9","6","208.5",",6","259.7",",,,6","","","11.38",",6","18.42",",,,6","4.34",",,,6"
"USC00044500","1942-12","37.9566","-122.5447","44.2","KENTFIELD, CA US","77.9","6","0.0",",6","8",",6","6",",6","3",",6","","","","","0",",6","3",",6","0",",6","1",",6","0",",6","3","","19421226",",,6","","","","","","","19421223",",,6","19421214",",,6","-1.7",",6,26,","","","","","150.4",",,6,23,","21.1",",6,14,","641.5","6","280.6",",6","262.4",",,,6","","","9.28",",6","14.67",",,,6","3.89",",,,6"
"USC00044500","1943-01","37.9566","-122.5447","44.2","KENTFIELD, CA US","0.0","6","0.0",",6","12",",6","10",",6","4",",6","","","","","0",",6","12",",6","0",",6","0",",6","0",",6","","","19430118",",,6","","","","","","","19430121",",,6","19430106",",,6","-6.1",",6,18,","","","","","157.5",",,6,21,","19.4",",6,06,","936.3","6","294.8",",6","465.0",",,,6","","","8.82",",6","15.16",",,,6","2.49",",,,6"
"USC00044500","1943-02","37.9566","-122.5447","44.2","KENTFIELD, CA US","0.0","6","0.0",",6","10",",6","8",",6","2",",6","","","","","0",",6","5",",6","0",",6","5",",6","0",",6","","","19430210",",,6","","","","","","","19430226","+,,6","19430214",",,6","-2.2",",6,10,","","","","","25.7",",,6,26,+","23.9",",6,14,","1146.2","6","209.9",",6","91.0",",,,6","","","10.84",",6","17.27",",,,6","4.40",",,,6"
"USC00044500","1943-03","37.9566","-122.5447","44.2","KENTFIELD, CA US","0.0","6","0.0",",6","13",",6","11",",6","4",",6","","","","","0",",6","0",",6","0",",6","3",",6","0",",6","","","19430319",",,6","","","","","","","19430314","+,,6","19430325",",,6","0.6",",6,19,","","","","","32.0",",,6,14,+","22.8",",6,25,","1338.2","6","192.0",",6","212.1",",,,6","","","12.14",",6","17.91",",,,6","6.37",",,,6"
"USC00044500","1943-04","37.9566","-122.5447","44.2","KENTFIELD, CA US","0.0","6","0.0",",6","4",",6","3",",6","0",",6","","","","","0",",6","0",",6","0",",6","18",",6","0",",6","","","19430426",",,6","","","","","","","19430427",",,6","19430422",",,6","2.2",",6,26,","","","","","24.1",",,6,27,","25.6",",6,22,","1470.8","6","132.6",",6","62.5",",,,6","","","13.91",",6","20.93",",,,6","6.90",",,,6"
"USC00044500","1943-05","37.9566","-122.5447","44.2","KENTFIELD, CA US","16.4","6","16.4",",6","0",",6","0",",6","0",",6","","","","","0",",6","0",",6","0",",6","28",",6","3",",6","","","19430513",",,6","","","","","","","19430531","+,,6","19430523",",,6","2.2",",6,13,","","","","","0.0",",,6,31,+","35.6",",6,23,","1546.7","6","75.9",",6","0.0",",,,6","","","16.41",",6","25.79",",,,6","7.04",",,,6"
"USC00044500","1943-06","37.9566","-122.5447","44.2","KENTFIELD, CA US","37.5","6","21.1",",6","1",",6","0",",6","0",",6","","","","","0",",6","0",",6","0",",6","25",",6","5",",6","","","19430602",",,6","","","","","","","19430601",",,6","19430617",",,6","4.4",",6,02,","","","","","1.5",",,6,01,","37.2",",6,17,","1605.9","6","59.2",",6","1.5",",,,6","","","17.06",",6","25.38",",,,6","8.75",",,,6"
"USC00044500","1943-07","37.9566","-122.5447","44.2","KENTFIELD, CA US","61.9","6","24.4",",6","0",",6","0",",6","0",",6","","","0",",6","0",",6","0",",6","0",",6","30",",6","5",",6","1","","19430731",",,6","","","19430731","+,,6","","","19430731","+,,6","19430727",",,6","6.1",",6,31,","","","0",",,6,31,+","0.0",",,6,31,+","37.8",",6,27,","24.5","6","24.5",",6","0.0",",,,6","0",",,,6","18.33",",6","27.37",",,,6","9.29",",,,6"
"USC00044500","1943-08","37.9566","-122.5447","44.2","KENTFIELD, CA US","80.5","6","18.6",",6","0",",6","0",",6","0",",6","","","","","0",",6","0",",6","0",",6","31",",6","4",",6","","","19430828","+,,6","","","","","","","19430831","+,,6","19430831",",,6","6.7",",6,28,+","","","","","0.0",",,6,31,+","36.1",",6,31,","44.0","6","19.5",",6","0.0",",,,6","","","18.30",",6","27.98",",,,6","8.63",",,,6"
"USC00044500","1943-09","37.9566","-122.5447","44.2","KENTFIELD, CA US","119.4","6","38.9",",6","0",",6","0",",6","0",",6","","","","","0",",6","0",",6","0",",6","29",",6","7",",6","2","","19430904",",,6","","","","","","","19430930","+,,6","19430921",",,6","6.1",",6,04,","","","","","0.0",",,6,30,+","39.4",",6,21,","60.0","6","16.0",",6","0.0",",,,6","","","19.10",",6","28.47",",,,6","9.72",",,,6"
"USC00044500","1943-10","37.9566","-122.5447","44.2","KENTFIELD, CA US","128.9","6","9.5",",6","5",",6","3",",6","0",",6","","","0",",6","0",",6","0",",6","0",",6","21",",6","2",",6","","","19431031",",,6","","","19431031","+,,6","1","","19431026",",,6","19431005",",,6","1.7",",6,31,","","","0",",,6,31,+","13.5",",,6,26,","33.9",",6,05,","140.8","6","80.8",",6","34.4",",,,6","0",",,,6","16.03",",6","23.85",",,,6","8.21",",,,6"
"USC00044500","1943-11","37.9566","-122.5447","44.2","KENTFIELD, CA US","128.9","6","0.0",",6","5",",6","4",",6","1",",6","","","0",",6","0",",6","2",",6","0",",6","14",",6","0",",6","3","","19431120",",,6","","","19431130","+,,6","","","19431119",",,6","19431105",",,6","-1.1",",6,20,","","","0",",,6,30,+","35.6",",,6,19,","25.6",",6,05,","308.3","6","167.5",",6","65.8",",,,6","0",",,,6","12.75",",6","20.52",",,,6","4.98",",,,6"
"USC00044500","1943-12","37.9566","-122.5447","44.2","KENTFIELD, CA US","128.9","6","0.0",",6","8",",6","6",",6","2",",6","","","","","0",",6","4",",6","0",",6","1",",6","0",",6","1","","19431215",",,6","","","","","","","19431220",",,6","19431208",",,6","-1.1",",6,15,","","","","","38.4",",,6,20,","21.1",",6,08,","588.9","6","280.6",",6","106.5",",,,6","","","9.28",",6","15.41",",,,6","3.15",",,,6"
"USC00044500","1944-01","37.9566","-122.5447","44.2","KENTFIELD, CA US","0.0","6","0.0",",6","15",",6","10",",6","3",",6","","","","","0",",6","5",",6","0",",6","0",",6","0",",6","1","","19440107",",,6","","","","","","","19440105",",,6","19440117",",,6","-1.7",",6,07,","","","","","54.4",",,6,05,","20.6",",6,17,","886.6","6","297.7",",6","231.3",",,,6","","","8.73",",6","14.37",",,,6","3.08",",,,6"
"USC00044500","1944-02","37.9566","-122.5447","44.2","KENTFIELD, CA US","0.0","6","0.0",",6","11",",6","9",",6","4",",6","","","0",",6","0",",6","5",",6","0",",6","0",",6","0",",6","","","19440213",",,6","","","19440229","+,,6","","","19440202",",,6","19440229","+,,6","-1.7",",6,13,","","","0",",,6,29,+","103.6",",,6,02,","18.9",",6,29,+","1132.5","6","245.9",",6","299.3",",,,6","0",",,,6","9.86",",6","15.62",",,,6","4.09",",,,6"
"USC00044500","1944-03","37.9566","-122.5447","44.2","KENTFIELD, CA US","0.0","6","0.0",",6","3",",6","3",",6","2",",6","","","","","0",",6","4",",6","0",",6","18",",6","0",",6","","","19440315",",,6","","","","","","","19440304",",,6","19440318",",,6","-2.8",",6,15,","","","","","40.6",",,6,04,","28.9",",6,18,","1309.7","6","177.2",",6","80.7",",,,6","","","12.62",",6","20.91",",,,6","4.32",",,,6"
"USC00044500","1944-04","37.9566","-122.5447","44.2","KENTFIELD, CA US","0.0","6","0.0",",6","8",",6","6",",6","1",",6","","","0",",6","0",",6","0",",6","0",",6","8",",6","0",",6","","","19440406",",,6","","","19440430","+,,6","","","19440411",",,6","19440430",",,6","1.7",",6,06,","","","0",",,6,30,+","37.1",",,6,11,","25.0",",6,30,","1487.9","6","178.2",",6","95.7",",,,6","0",",,,6","12.39",",6","18.93",",,,6","5.86",",,,6"
"USC00044500","1944-05","37.9566","-122.5447","44.2","KENTFIELD, CA US","3.6","6","3.6",",6","3",",6","3",",6","1",",6","","","0",",6","0",",6","0",",6","0",",6","24",",6","2",",6","","","19440524","+,,6","","","19440531","+,,6","","","19440517",",,6","19440525","+,,6","3.9",",6,24,+","","","0",",,6,31,+","39.1",",,6,17,","32.2",",6,25,+","1582.9","6","95.0",",6","56.4",",,,6","0",",,,6","15.39",",6","23.92",",,,6","6.85",",,,6"
"USC00044500","1944-06","37.9566","-122.5447","44.2","KENTFIELD, CA US","12.2","6","8.6",",6","3",",6","2",",6","0",",6","","","","","0",",6","0",",6","0",",6","21",",6","2",",6","","","19440616",",,6","","","","","","","19440601",",,6","19440628","+,,6","4.4",",6,16,","","","","","5.8",",,6,01,","33.3",",6,28,+","1643.8","6","60.9",",6","10.4",",,,6","","","16.59",",6","24.12",",,,6","9.05",",,,6"
"USC00044500","1944-07","37.9566","-122.5447","44.2","KENTFIELD, CA US","19.4","6","7.2",",6","0",",6","0",",6","0",",6","","","","","0",",6","0",",6","0",",6","30",",6","0",",6","","","19440731","+,,6","","","","","","","19440731","+,,6","19440705",",,6","6.7",",6,31,+","","","","","0.0",",,6,31,+","30.6",",6,05,","38.5","6","38.5",",6","0.0",",,,6","","","17.32",",6","25.68",",,,6","8.96",",,,6"
"USC00044500","1944-08","37.9566","-122.5447","44.2","KENTFIELD, CA US","55.0","6","35.6",",6","0",",6","0",",6","0",",6","","","0",",6","0",",6","0",",6","0",",6","31",",6","7",",6","","","19440821",",,6","","","19440831","+,,6","","","19440831",",,6","19440827",",,6","5.0",",6,21,","","","0",",,6,31,+","0.0",",T,6,31,","40.6",",6,27,","61.9","6","23.4",",6","0.0",",T,,6","0",",,,6","18.73",",6","29.59",",,,6","7.87",",,,6"
"USC00044500","1944-09","37.9566","-122.5447","44.2","KENTFIELD, CA US","90.1","6","35.1",",6","1",",6","0",",6","0",",6","","","0",",6","0",",6","0",",6","0",",6","28",",6","7",",6","","","19440920","+,,6","","","19440930","+,,6","","","19440921",",,6","19440909",",,6","4.4",",6,20,+","","","0",",,6,30,+","0.5",",,6,21,","38.3",",6,09,","96.2","6","34.3",",6","0.5",",,,6","0",",,,6","18.36",",6","28.80",",,,6","7.91",",,,6"
"USC00044500","1944-10","37.9566","-122.5447","44.2","KENTFIELD, CA US","94.2","6","4.1",",6","5",",6","4",",6","1",",6","","","0",",6","0",",6","0",",6","0",",6","27",",6","0",",6","2","","19441018",",,6","","","19441031","+,,6","","","19441031",",,6","19441025","+,,6","4.4",",6,18,","","","0",",,6,31,+","56.6",",,6,31,","31.1",",6,25,+","157.1","6","60.9",",6","94.4",",,,6","0",",,,6","16.50",",6","25.48",",,,6","7.52",",,,6"
"USC00044500","1944-11","37.9566","-122.5447","44.2","KENTFIELD, CA US","94.2","6","0.0",",6","14",",6","12",",6","3",",6","","","0",",6","0",",6","2",",6","0",",6","5",",6","0",",6","","","19441121","+,,6","","","19441130","+,,6","","","19441129",",,6","19441105","+,,6","0.0",",6,21,+","","","0",",,6,30,+","50.8",",,6,29,","22.2",",6,05,+","348.6","6","191.5",",6","230.4",",,,6","0",",,,6","11.95",",6","18.73",",,,6","5.17",",,,6"
"USC00044500","1944-12","37.9566","-122.5447","44.2","KENTFIELD, CA US","94.2","6","0.0",",6","12",",6","11",",6","4",",6","","","0",",6","0",",6","1",",6","0",",6","0",",6","0",",6","","","19441206",",,6","","","19441231","+,,6","","","19441226",",,6","19441220","+,,6","0.0",",6,06,","","","0",",,6,31,+","44.5",",,6,26,","20.0",",6,20,+","578.8","6","230.2",",6","219.1",",,,6","0",",,,6","10.91",",6","17.53",",,,6","4.29",",,,6"
"USC00044500","1945-01","37.9566","-122.5447","44.2","KENTFIELD, CA US","0.0","6","0.0",",6","3",",6","2",",6","1",",6","","","0",",6","0",",6","8",",6","0",",6","0",",6","0",",6","","","19450123","+,,6","","","19450131","+,,6","","","19450131",",,6","19450121","+,,6","-3.3",",6,23,+","","","0",",,6,31,+","85.9",",,6,31,","19.4",",6,21,+","860.8","6","282.0",",6","90.2",",,,6","0",",,,6","9.24",",6","15.80",",,,6","2.67",",,,6"
"USC00044500","1945-02","37.9566","-122.5447","44.2","KENTFIELD, CA US","0.0","6","0.0",",6","6",",6","5",",6","4",",6","","","0",",6","0",",6","3",",6","0",",6","11",",6","0",",6","","","19450228","+,,6","","","19450228","+,,6","","","19450201",",,6","19450211",",,6","-1.7",",6,28,+","","","0",",,6,28,+","138.4",",,6,01,","23.9",",6,11,","1035.4","6","174.6",",6","266.2",",,,6","0",",,,6","12.10",",6","19.74",",,,6","4.46",",,,6"
"USC00044500","1945-03","37.9566","-122.5447","44.2","KENTFIELD, CA US","0.0","6","0.0",",6","14",",6","12",",6","3",",6","","","0",",6","0",",6","4",",6","0",",6","3",",6","0",",6","","","19450318","+,,6","","","19450331","+,,6","","","19450325",",,6","19450331",",,6","-1.1",",6,18,+","","","0",",,6,31,+","47.0",",,6,25,","26.1",",6,31,","1276.0","6","240.6",",6","187.2",",,,6","0",",,,6","10.57",",6","17.79",",,,6","3.35",",,,6"
"USC00044500","1945-04","37.9566","-122.5447","44.2","KENTFIELD, CA US","6.7","6","6.7",",6","1",",6","1",",6","0",",6","","","","","0",",6","1",",6","0",",6","23",",6","3",",6","","","19450405",",,6","","","","","","","19450408",",,6","19450430","+,,6","-0.6",",6,05,","","","","","23.6",",,6,08,","32.8",",6,30,+","1383.3","6","107.3",",6","23.6",",,,6","","","14.98",",6","24.31",",,,6","5.64",",,,6"
"USC00044500","1945-05","37.9566","-122.5447","44.2","KENTFIELD, CA US","6.7","6","0.0",",6","5",",6","3",",6","1",",6","","","0",",6","0",",6","0",",6","0",",6","20",",6","0",",6","","","19450524","+,,6","","","19450531","+,,6","","","19450512",",,6","19450501",",,6","4.4",",6,24,+","","","0",",,6,31,+","25.7",",,6,12,","29.4",",6,01,","1483.5","6","100.2",",6","52.6",",,,6","0",",,,6","15.10",",6","21.80",",,,6","8.40",",,,6"
"USC00044500","1945-06","37.9566","-122.5447","44.2","KENTFIELD, CA US","51.6","6","44.9",",6","0",",6","0",",6","0",",6","","","0",",6","0",",6","0",",6","0",",6","29",",6","9",",6","","","19450607",",,6","","","19450630","+,,6","","","19450630","+,,6","19450618",",,6","5.6",",6,07,","","","0",",,6,30,+","0.0",",,6,30,+","38.9",",6,18,","1519.8","6","36.3",",6","0.0",",,,6","0",",,,6","18.62",",6","28.52",",,,6","8.72",",,,6"
"USC00044500","1945-07","37.9566","-122.5447","44.2","KENTFIELD, CA US","85.4","6","33.8",",6","1",",6","1",",6","0",",6","","","0",",6","0",",6","0",",6","0",",6","31",",6","7",",6","","","19450720",",,6","","","19450731","+,,6","","","19450709",",,6","19450725",",,6","6.1",",6,20,","","","0",",,6,31,+","2.8",",,6,09,","37.2",",6,25,","10.2","6","10.2",",6","2.8",",,,6","0",",,,6","19.09",",6","28.75",",,,6","9.44",",,,6"
"USC00044500","1945-08","37.9566","-122.5447","44.2","KENTFIELD, CA US","106.7","6","21.3",",6","0",",6","0",",6","0",",6","","","0",",6","0",",6","0",",6","0",",6","31",",6","4",",6","","","19450831","+,,6","","","19450831","+,,6","","","19450831","+,,6","19450820",",,6","6.1",",6,31,+","","","0",",,6,31,+","0.0",",,6,31,+","37.2",",6,20,","41.1","6","30.9",",6","0.0",",,,6","0",",,,6","18.02",",6","27.81",",,,6","8.24",",,,6"
"USC00044500","1945-09","37.9566","-122.5447","44.2","KENTFIELD, CA US","142.6","6","35.9",",6","0",",6","0",",6","0",",6","","","0",",6","0",",6","0",",6","0",",6","28",",6","9",",6","","","19450923",",,6","","","19450930","+,,6","","","19450922",",,6","19450907","+,,6","5.0",",6,23,","","","0",",,6,30,+","0.0",",T,6,22,","35.0",",6,07,+","63.9","6","22.8",",6","0.0",",T,,6","0",",,,6","18.77",",6","28.61",",,,6","8.93",",,,6"
"USC00044500","1945-10","37.9566","-122.5447","44.2","KENTFIELD, CA US","149.4","6","6.8",",6","5",",6","3",",6","3",",6","","","0",",6","0",",6","0",",6","0",",6","24",",6","1",",6","","","19451023",",,6","","","19451031","+,,6","","","19451030",",,6","19451002",",,6","2.2",",6,23,","","","0",",,6,31,+","43.2",",,6,30,","33.9",",6,02,","122.4","6","58.5",",6","121.2",",,,6","0",",,,6","16.66",",6","24.29",",,,6","9.04",",,,6"
"USC00044500","1945-11","37.9566","-122.5447","44.2","KENTFIELD, CA US","149.7","6","0.3",",6","16",",6","9",",6","1",",6","","","0",",6","0",",6","0",",6","0",",6","5",",6","0",",6","","","19451130",",,6","","","19451130","+,,6","","","19451128",",,6","19451103",",,6","1.1",",6,30,","","","0",",,6,30,+","45.5",",,6,28,","27.2",",6,03,","312.6","6","190.2",",6","143.4",",,,6","0",",,,6","12.00",",6","17.82",",,,6","6.18",",,,6"
"USC00044500","1945-12","37.9566","-122.5447","44.2","KENTFIELD, CA US","149.7","6","0.0",",6","16",",6","15",",6","6",",6","","","0",",6","0",",6","4",",6","0",",6","0",",6","0",",6","","","19451214",",,6","","","19451231","+,,6","","","19451227",",,6","19451229",",,6","-3.3",",6,14,","","","0",",,6,31,+","128.3",",,6,27,","18.9",",6,29,","588.4","6","275.8",",6","446.9",",,,6","0",",,,6","9.44",",6","14.01",",,,6","4.86",",,,6"
"USC00044500","1946-01","37.9566","-122.5447","44.2","KENTFIELD, CA US","0.0","6","0.0",",6","6",",6","4",",6","1",",6","","","0",",6","0",",6","15",",6","0",",6","0",",6","0",",6","","","19460131",",,6","","","19460131","+,,6","","","19460102",",,6","19460127",",,6","-3.3",",6,31,","","","0",",,6,31,+","30.0",",,6,02,","18.9",",6,27,","890.0","6","301.6",",6","68.0",",,,6","0",",,,6","8.60",",6","15.38",",,,6","1.83",",,,6"
"USC00044500","1946-02","37.9566","-122.5447","44.2","KENTFIELD, CA US","0.0","6","0.0",",6","10",",6","9",",6","1",",6","","","0",",6","0",",6","10",",6","0",",6","0",",6","0",",6","","","19460212","+,,6","","","19460228","+,,6","","","19460206",",,6","19460223",",,6","-2.2",",6,12,+","","","0",",,6,28,+","25.7",",,6,06,","20.0",",6,23,","1163.3","6","273.3",",6","111.8",",,,6","0",",,,6","8.57",",6","15.25",",,,6","1.89",",,,6"
"USC00044500","1946-03","37.9566","-122.5447","44.2","KENTFIELD, CA US","0.0","6","0.0",",6","7",",6","7",",6","1",",6","","","0",",6","0",",6","0",",6","0",",6","7",",6","0",",6","","","19460302","+,,6","","","19460331","+,,6","","","19460329",",,6","19460309","+,,6","1.7",",6,02,+","","","0",",,6,31,+","27.2",",,6,29,","25.0",",6,09,+","1374.0","6","210.7",",6","86.8",",,,6","0",",,,6","11.54",",6","17.78",",,,6","5.29",",,,6"
"USC00044500","1946-04","37.9566","-122.5447","44.2","KENTFIELD, CA US","1.1","6","1.1",",6","2",",6","2",",6","0",",6","","","0",",6","0",",6","0",",6","0",",6","21",",6","1",",6","","","19460430","+,,6","","","19460430","+,,6","","","19460401",",,6","19460423",",,6","2.2",",6,30,+","","","0",",,6,30,+","16.3",",,6,01,","32.8",",6,23,","1511.9","6","137.9",",6","20.1",",,,6","0",",,,6","13.77",",6","22.26",",,,6","5.29",",,,6"
"USC00044500","1946-05","37.9566","-122.5447","44.2","KENTFIELD, CA US","3.3","6","2.2",",6","3",",6","1",",6","0",",6","","","0",",6","0",",6","0",",6","0",",6","21",",6","1",",6","","","19460501",",,6","","","19460531","+,,6","","","19460526",",,6","19460506",",,6","3.9",",6,01,","","","0",",,6,31,+","23.4",",,6,26,","33.9",",6,06,","1613.7","6","101.8",",6","27.2",",,,6","0",",,,6","15.12",",6","22.56",",,,6","7.68",",,,6"
"USC00044500","1946-06","37.9566","-122.5447","44.2","KENTFIELD, CA US","21.1","6","17.8",",6","0",",6","0",",6","0",",6","","","0",",6","0",",6","0",",6","0",",6","29",",6","2",",6","","","19460616","+,,6","","","19460630","+,,6","","","19460630","+,,6","19460619",",,6","6.7",",6,16,+","","","0",",,6,30,+","0.0",",,6,30,+","36.1",",6,19,","1638.9","6","25.2",",6","0.0",",,,6","0",",,,6","18.09",",6","26.25",",,,6","9.92",",,,6"
"USC00044500","1946-07","37.9566","-122.5447","44.2","KENTFIELD, CA US","68.7","6","47.6",",6","0",",6","0",",6","0",",6","","","0",",6","0",",6","0",",6","0",",6","31",",6","4",",6","","","19460715",",,6","","","19460731","+,,6","","","19460725",",,6","19460709",",,6","5.6",",6,15,","","","0",",,6,31,+","0.0",",T,6,25,","35.0",",6,09,","7.7","6","7.7",",6","0.0",",T,,6","0",",,,6","19.62",",6","28.91",",,,6","10.34",",,,6"
"USC00044500","1946-08","37.9566","-122.5447","44.2","KENTFIELD, CA US","93.5","6","24.8",",6","0",",6","0",",6","0",",6","","","0",",6","0",",6","0",",6","0",",6","30",",6","2",",6","","","19460813","+,,6","","","19460831","+,,6","","","19460831","+,,6","19460802",",,6","5.6",",6,13,+","","","0",",,6,31,+","0.0",",,6,31,+","40.0",",6,02,","40.3","6","32.6",",6","0.0",",,,6","0",",,,6","18.08",",6","27.15",",,,6","9.02",",,,6"
"USC00044500","1946-09","37.9566","-122.5447","44.2","KENTFIELD, CA US","134.4","6","40.9","1,6","0",",6","0",",6","0",",6","","","0",",6","0",",6","0",",6","0","1,6","29","1,6","9","1,6","","","19460907",",,6","","","19460930","+,,6","","","19460916",",,6","19460922",",1,6","3.9",",6,07,","","","0",",,6,30,+","0.0",",T,6,16,","36.7","1,6,22,","58.5","6","18.2","1,6","0.0",",T,,6","0",",,,6","19.15","1,6","29.55","1,,,6","8.76",",,,6"
"USC00044500","1946-10","37.9566","-122.5447","44.2","KENTFIELD, CA US","139.7","6","5.3","1,6","2",",6","0",",6","0",",6","","","0",",6","0","1,6","1","1,6","0","1,6","24","1,6","0","1,6","","","19461029",",1,6","","","19461031","+,,6","","","19461016",",,6","19461012","+,1,6","0.0","1,6,29,","","","0",",,6,31,+","1.0",",,6,16,","30.6","1,6,12,+","148.2","6","89.7","1,6","1.5",",,,6","0",",,,6","15.52","1,6","24.54","1,,,6","6.50","1,,,6"
"USC00044500","1946-11","37.9566","-122.5447","44.2","KENTFIELD, CA US","139.7","6","0.0",",6","7",",6","6",",6","3",",6","","","0",",6","0",",6","2",",6","0",",6","8",",6","0",",6","","","19461105",",,6","","","19461130","+,,6","","","19461119",",,6","19461110",",,6","-1.7",",6,05,","","","0",",,6,30,+","81.3",",,6,19,","24.4",",6,10,","382.8","6","234.6",",6","181.7",",,,6","0",",,,6","10.51",",6","17.86",",,,6","3.17",",,,6"
"USC00044500","1946-12","37.9566","-122.5447","44.2","KENTFIELD, CA US","139.7","6","0.0",",6","9",",6","9",",6","2",",6","","","0",",6","0",",6","7",",6","0",",6","0",",6","0",",6","","","19461230",",,6","","","19461231","+,,6","","","19461203",",,6","19461230","+,,6","-3.3",",6,30,","","","0",",,6,31,+","26.7",",,6,03,","18.3",",6,30,+","686.6","6","303.8",",6","119.8",",,,6","0",",,,6","8.53",",6","13.74",",,,6","3.33",",,,6"
"USC00044500","1947-01","37.9566","-122.5447","44.2","KENTFIELD, CA US","0.0","6","0.0",",6","2",",6","2",",6","1",",6","","","0",",6","0",",6","25",",6","0",",6","0",",6","0",",6","","","19470116","+,,6","","","19470128",",,6","","","19470128",",,6","19470126",",,6","-4.4",",6,16,+","","","0",",T,6,28,","25.4",",,6,28,","19.4",",6,26,","1052.8","6","366.2",",6","29.2",",,,6","0",",T,,6","6.52",",6","13.92",",,,6","-0.88",",,,6"
"USC00044500","1947-02","37.9566","-122.5447","44.2","KENTFIELD, CA US","0.0","6","0.0",",6","3",",6","3",",6","2",",6","","","0",",6","0",",6","2",",6","0",",6","5",",6","0",",6","","","19470202",",,6","","","19470228","+,,6","","","19470212",",,6","19470224",",,6","-0.6",",6,02,","","","0",",,6,28,+","57.2",",,6,12,","26.1",",6,24,","1262.0","6","209.2",",6","97.9",",,,6","0",",,,6","10.86",",6","17.37",",,,6","4.35",",,,6"
"USC00044500","1947-03","37.9566","-122.5447","44.2","KENTFIELD, CA US","0.0","6","0.0","2,6","11",",6","9",",6","4",",6","","","0",",6","0","1,6","1","1,6","0","1,6","6","1,6","0","1,6","","","19470306",",1,6","","","19470331","+,,6","","","19470328",",,6","19470327","+,1,6","0.0","1,6,06,","","","0",",,6,31,+","41.4",",,6,28,","24.4","1,6,27,+","1439.1","6","177.1","1,6","180.0",",,,6","0",",,,6","12.27","2,6","18.35","1,,,6","6.18","1,,,6"
"USC00044500","1947-04","37.9566","-122.5447","44.2","KENTFIELD, CA US","5.4","6","5.4","1,6","4",",6","3",",6","0",",6","","","0",",6","0","1,6","0","1,6","0","1,6","18","1,6","0","1,6","","","19470423","+,1,6","","","19470430","+,,6","","","19470403",",,6","19470415",",1,6","3.3","1,6,23,+","","","0",",,6,30,+","16.8",",,6,03,","31.7","1,6,15,","1542.3","6","103.2","1,6","27.2",",,,6","0",",,,6","14.96","1,6","23.18","1,,,6","6.74","1,,,6"
"USC00044500","1947-05","37.9566","-122.5447","44.2","KENTFIELD, CA US","14.9","6","9.5","2,6","3",",6","3",",6","0",",6","","","0",",6","0","2,6","0","2,6","0","2,6","26","2,6","3","2,6","","","19470513",",2,6","","","19470531","+,,6","","","19470531",",,6","19470502",",2,6","3.9","2,6,13,","","","0",",,6,31,+","21.1",",,6,31,","33.9","2,6,02,","1590.7","6","48.4","2,6","30.0",",,,6","0",",,,6","16.99","2,6","25.83","2,,,6","8.16","2,,,6"
"USC00044500","1947-06","37.9566","-122.5447","44.2","KENTFIELD, CA US","","","","","6",",6","4",",6","0",",6","","","0",",6","0","2,6","0","2,6","0","5,6","21","5,6","6","5,6","","","19470628",",2,6","","","19470630","+,,6","","","19470608",",,6","19470619",",5,6","6.1","2,6,28,","","","0",",,6,30,+","22.4",",,6,08,","38.3","5,6,19,","","","","","51.7",",,,6","0",",,,6","18.73","6,6","27.00","5,,,6","10.45","2,,,6"
"USC00044500","1947-07","37.9566","-122.5447","44.2","KENTFIELD, CA US","","","","","0",",6","0",",6","0",",6","","","0",",6","0","4,6","0","4,6","","","","","","","","","19470701",",4,6","","","19470731","+,,6","","","19470731","+,,6","","","5.6","4,6,01,","","","0",",,6,31,+","0.0",",,6,31,+","","","","","","","0.0",",,,6","0",",,,6","","","","","10.00","4,,,6"
"USC00044500","1947-08","37.9566","-122.5447","44.2","KENTFIELD, CA US","","","","","0",",6","0",",6","0",",6","","","0",",6","0","4,6","0","4,6","","","","","","","","","19470824","+,4,6","","","19470831","+,,6","","","19470831","+,,6","","","6.7","4,6,24,+","","","0",",,6,31,+","0.0",",,6,31,+","","","","","","","0.0",",,,6","0",",,,6","","","","","9.84","4,,,6"
"USC00044500","1947-09","37.9566","-122.5447","44.2","KENTFIELD, CA US","","","49.4",",6","0",",6","0",",6","0",",6","","","0",",6","0",",6","0",",6","0",",6","30",",6","15",",6","","","19470919",",,6","","","19470930","+,,6","","","19470930","+,,6","19470902",",,6","3.3",",6,19,","","","0",",,6,30,+","0.0",",,6,30,+","37.8",",6,02,","","","19.4",",6","0.0",",,,6","0",",,,6","19.33",",6","30.97",",,,6","7.70",",,,6"
"USC00044500","1947-10","37.9566","-122.5447","44.2","KENTFIELD, CA US","","","8.9","1,6","9",",6","8",",6","4",",6","","","0",",6","0",",6","0",",6","0","1,6","15","1,6","2","1,6","","","19471023",",,6","","","19471031","+,,6","","","19471016",",,6","19471005","+,1,6","4.4",",6,23,","","","0",",,6,31,+","66.0",",,6,16,","33.3","1,6,05,+","","","105.8","1,6","216.6",",,,6","0",",,,6","15.15","1,6","22.01","1,,,6","8.28",",,,6"
"USC00044500","1947-11","37.9566","-122.5447","44.2","KENTFIELD, CA US","","","0.0","1,6","5",",6","2",",6","0",",6","","","0",",6","0","1,6","7","1,6","0",",6","0",",6","0",",6","","","19471123",",1,6","","","19471130","+,,6","","","19471101",",,6","19471111",",,6","-2.8","1,6,23,","","","0",",,6,30,+","22.9",",,6,01,","20.6",",6,11,","","","251.9",",6","40.9",",,,6","0",",,,6","9.66","1,6","16.22",",,,6","3.10","1,,,6"
"USC00044500","1947-12","37.9566","-122.5447","44.2","KENTFIELD, CA US","","","","","7",",6","4",",6","0",",6","","","0",",6","0","4,6","10","4,6","0","4,6","0","4,6","0","4,6","","","19471230",",4,6","","","19471231","+,,6","","","19471218",",,6","19471205",",4,6","-1.7","4,6,30,","","","0",",,6,31,+","21.6",",,6,18,","19.4","4,6,05,","","","","","67.7",",,,6","0",",,,6","7.56","5,6","13.07","4,,,6","2.06","4,,,6"
"USC00044500","1948-01","37.9566","-122.5447","44.2","KENTFIELD, CA US","0.0","0","0.0","4,6","8",",6","7",",6","1",",6","","","0",",6","0","2,6","19","2,6","0","3,6","0","3,6","0","3,6","","","19480129",",2,6","","","19480131","+,,6","","","19480102",",,6","19480106",",3,6","-5.0","2,6,29,","","","0",",,6,31,+","55.9",",,6,02,","17.2","3,6,06,","","","283.1","3,6","139.3",",,,6","0",",,,6","7.80","4,6","14.41","3,,,6","1.20","2,,,6"
"USC00044500","1948-02","37.9566","-122.5447","44.2","KENTFIELD, CA US","0.0","0","0.0","3,6","5",",6","4",",6","0",",6","","","0",",6","0","1,6","11","1,6","0","2,6","1","2,6","0","2,6","","","19480212",",1,6","","","19480229","+,,6","","","19480228",",,6","19480217",",2,6","-3.9","1,6,12,","","","0",",,6,29,+","21.1",",,6,28,","21.1","2,6,17,","","","265.5","2,6","54.4",",,,6","0",",,,6","8.04","3,6","14.79","2,,,6","1.29","1,,,6"
"USC00044500","1948-03","37.9566","-122.5447","44.2","KENTFIELD, CA US","0.0","0","0.0","4,6","10",",6","9",",6","1",",6","","","0",",6","0","1,6","9","1,6","0","3,6","2","3,6","0","3,6","","","19480306","+,1,6","","","19480331","+,,6","","","19480324",",,6","19480327",",3,6","-1.1","1,6,06,+","","","0",",,6,31,+","42.7",",,6,24,","21.7","3,6,27,","","","242.5","3,6","154.0",",,,6","0",",,,6","9.50","4,6","16.53","3,,,6","2.48","1,,,6"
"USC00044500","1948-04","37.9566","-122.5447","44.2","KENTFIELD, CA US","0.0","0","0.0","3,6","17",",6","15",",6","4",",6","","","0",",6","0","1,6","2","1,6","0","2,6","4","2,6","0","2,6","","","19480408","+,1,6","","","19480430","+,,6","","","19480430",",,6","19480418",",2,6","0.0","1,6,08,+","","","0",",,6,30,+","31.2",",,6,30,","23.9","2,6,18,","","","206.4","2,6","200.2",",,,6","0",",,,6","10.93","3,6","17.00","2,,,6","4.87","1,,,6"
"USC00044500","1948-05","37.9566","-122.5447","44.2","KENTFIELD, CA US","0.0","0","0.0","2,6","6",",6","3",",6","0",",6","","","0",",6","0","1,6","0","1,6","0","2,6","16","2,6","0","2,6","","","19480501",",1,6","","","19480531","+,,6","","","19480530",",,6","19480515",",2,6","2.8","1,6,01,","","","0",",,6,31,+","11.7",",,6,30,","28.3","2,6,15,","","","123.6","2,6","21.8",",,,6","0",",,,6","14.07","2,6","21.66","2,,,6","6.47","1,,,6"
"USC00044500","1948-06","37.9566","-122.5447","44.2","KENTFIELD, CA US","12.5","0","12.5",",6","0",",6","0",",6","0",",6","","","0",",6","0",",6","0",",6","0",",6","28",",6","2",",6","","","19480620",",,6","","","19480630","+,,6","","","19480630","+,,6","19480622",",,6","6.1",",6,20,","","","0",",,6,30,+","0.0",",,6,30,+","35.6",",6,22,","","","39.2",",6","0.0",",,,6","0",",,,6","17.44",",6","25.11",",,,6","9.78",",,,6"
"USC00044500","1948-07","37.9566","-122.5447","44.2","KENTFIELD, CA US","46.0","0","33.5","1,0","0",",0","0",",0","0",",0","0",",0","0",",0","0","1,0","0","1,0","0","1,0","30","1,0","3","1,0","","","19480703","+,1,0","19480731","+,,0","19480731","+,,0","","","19480731","+,,0","19480715",",1,0","5.6","1,0,03,+","0",",,0,31,+","0",",,0,31,+","0.0",",,0,31,+","38.9","1,0,15,","19.4","0","19.4","1,0","0.0",",,,0","0",",,,0","18.81","1,0","28.48","1,,,0","9.13","1,,,0"
"USC00044500","1948-08","37.9566","-122.5447","44.2","KENTFIELD, CA US","69.0","0","23.0",",0","0",",0","0",",0","0",",0","0",",0","0",",0","0",",0","0",",0","0",",0","31",",0","4",",0","","","19480827",",,0","19480831","+,,0","19480831","+,,0","","","19480831","+,,0","19480829","+,,0","6.1",",0,27,","0",",,0,31,+","0",",,0,31,+","0.0",",,0,31,+","35.0",",0,29,+","37.4","0","18.0",",0","0.0",",,,0","0",",,,0","18.50",",0","28.35",",,,0","8.64",",,,0"
"USC00044500","1948-09","37.9566","-122.5447","44.2","KENTFIELD, CA US","85.7","0","16.7","2,0","2",",0","2",",0","0",",0","0",",0","0",",0","0","2,0","0","2,0","0","2,0","27","2,0","6","2,0","","","19480926",",2,0","19480930","+,,0","19480930","+,,0","","","19480918",",,0","19480914",",2,0","2.8","2,0,26,","0",",,0,30,+","0",",,0,30,+","3.6",",,0,18,","36.1","2,0,14,","78.5","0","41.1","2,0","6.6",",,,0","0",",,,0","17.46","2,0","27.78","2,,,0","7.14","2,,,0"
"USC00044500","1948-10","37.9566","-122.5447","44.2","KENTFIELD, CA US","86.3","0","0.6","1,0","3",",0","3",",0","0",",0","0",",0","0",",0","0","1,0","0","1,0","0","1,0","22","1,0","0","1,0","","","19481030",",1,0","19481031","+,,0","19481031","+,,0","","","19481003",",,0","19481009","+,1,0","0.6","1,0,30,","0",",,0,31,+","0",",,0,31,+","6.4",",,0,03,","30.0","1,0,09,+","187.1","0","108.6","1,0","14.3",",,,0","0",",,,0","14.73","1,0","23.15","1,,,0","6.32","1,,,0"
"USC00044500","1948-11","37.9566","-122.5447","44.2","KENTFIELD, CA US","86.3","0","0.0",",0","7",",0","6",",0","1",",0","0",",0","0",",0","0",",0","6",",0","0",",0","6",",0","0",",0","","","19481128",",,0","19481130","+,,0","19481130","+,,0","","","19481103",",,0","19481108","+,,0","-2.8",",0,28,","0",",,0,30,+","0",",,0,30,+","31.0",",,0,03,","26.1",",0,08,+","426.4","0","239.3",",0","66.1",",,,0","0",",,,0","10.36",",0","17.87",",,,0","2.84",",,,0"
"USC00044500","1948-12","37.9566","-122.5447","44.2","KENTFIELD, CA US","86.3","0","0.0",",0","13",",0","9",",0","3",",0","1",",0","1",",0","0",",0","13",",0","0",",0","0",",0","0",",0","","","19481224",",,0","19481225",",,0","19481225",",,0","","","19481205",",,0","19481212",",,0","-5.6",",0,24,","25",",,0,25,","25",",,0,25,","106.7",",,0,05,","15.0",",0,12,","827.0","0","400.6",",0","278.5",",,,0","25",",,,0","5.41",",0","9.87",",,,0","0.95",",,,0"
"USC00044500","1949-01","37.9566","-122.5447","44.2","KENTFIELD, CA US","0.0","0","0.0","1,0","4",",0","4",",0","3",",0","0",",0","0",",0","0","1,0","28","1,0","0","1,0","0","1,0","0","1,0","","","19490111","+,1,0","19490131","+,,0","19490131","+,,0","","","19490120",",,0","19490129",",1,0","-6.7","1,0,11,+","0",",,0,31,+","0",",,0,31,+","45.2",",,0,20,","15.0","1,0,29,","1287.1","0","460.1","1,0","112.2",",,,0","0",",,,0","3.00","1,0","9.13","1,,,0","-3.14","1,,,0"
"USC00044500","1949-02","37.9566","-122.5447","44.2","KENTFIELD, CA US","0.0","0","0.0","2,0","14",",0","11",",0","2",",0","0",",0","0",",0","0","2,0","10","2,0","0","2,0","0","2,0","0","2,0","","","19490213",",2,0","19490228","+,,0","19490228","+,,0","","","19490207",",,0","19490228","+,2,0","-5.0","2,0,13,","0",",,0,28,+","0",",,0,28,+","79.5",",,0,07,","17.2","2,0,28,+","1582.6","0","295.5","2,0","235.9",",,,0","0",",,,0","6.97","2,0","12.42","2,,,0","1.52","2,,,0"
"USC00044500","1949-03","37.9566","-122.5447","44.2","KENTFIELD, CA US","0.0","0","0.0","1,0","15",",0","12",",0","3",",0","0",",0","0",",0","0","1,0","0","1,0","0","1,0","2","1,0","0","1,0","","","19490309","+,1,0","19490331","+,,0","19490331","+,,0","","","19490310",",,0","19490330",",1,0","1.7","1,0,09,+","0",",,0,31,+","0",",,0,31,+","42.9",",,0,10,","22.2","1,0,30,","1808.2","0","225.6","1,0","247.1",",,,0","0",",,,0","10.81","1,0","16.03","1,,,0","5.60","1,,,0"
"USC00044500","1949-04","37.9566","-122.5447","44.2","KENTFIELD, CA US","0.0","0","0.0","1,0","0",",0","0",",0","0",",0","0",",0","0",",0","0","1,0","0","1,0","0",",0","25",",0","0",",0","","","19490403","+,1,0","19490430","+,,0","19490430","+,,0","","","19490430","+,,0","19490422",",,0","2.2","1,0,03,+","0",",,0,30,+","0",",,0,30,+","0.0",",,0,30,+","29.4",",0,22,","1916.0","0","107.8",",0","0.0",",,,0","0",",,,0","14.57","1,0","23.85",",,,0","5.29","1,,,0"
"USC00044500","1949-05","37.9566","-122.5447","44.2","KENTFIELD, CA US","","","","","3",",0","0",",0","0",",0","0",",0","0",",0","0","5,0","0","5,0","","","","","","","","","19490504",",5,0","19490531","+,,0","19490531","+,,0","","","19490519",",,0","","","3.9","5,0,04,","0",",,0,31,+","0",",,0,31,+","2.3",",,0,19,","","","","","","","3.9",",,,0","0",",,,0","","","","","7.45","5,,,0"
"USC00044500","1949-06","37.9566","-122.5447","44.2","KENTFIELD, CA US","","","32.4","1,0","0",",0","0",",0","0",",0","0",",0","0",",0","0","1,0","0","1,0","0","1,0","27","1,0","6","1,0","","","19490630","+,1,0","19490630","+,,0","19490630","+,,0","","","19490630","+,,0","19490610","+,1,0","5.6","1,0,30,+","0",",,0,30,+","0",",,0,30,+","0.0",",,0,30,+","37.2","1,0,10,+","","","32.0","1,0","0.0",",,,0","0",",,,0","18.35","1,0","28.00","1,,,0","8.70","1,,,0"
"USC00044500","1949-07","37.9566","-122.5447","44.2","KENTFIELD, CA US","","","14.8","5,0","1",",0","0",",0","0",",0","0",",0","0",",0","0","4,0","0","4,0","0","5,0","26","5,0","3","5,0","5","","19490706","+,4,0","19490731","+,,0","19490731","+,,0","","","19490731",",,0","19490717",",5,0","6.1","4,0,06,+","0",",,0,31,+","0",",,0,31,+","1.3",",,0,31,","35.0","5,0,17,","17.9","0","17.9","5,0","1.3",",,,0","0",",,,0","18.21","5,0","28.52","5,,,0","7.90","4,,,0"
"USC00044500","1949-08","37.9566","-122.5447","44.2","KENTFIELD, CA US","","","","","0",",0","0",",0","0",",0","0",",0","0",",0","","","","","","","","","","","","","","","19490831","+,,0","19490831","+,,0","","","19490831","+,,0","","","","","0",",,0,31,+","0",",,0,31,+","0.0",",,0,31,+","","","","","","","0.0",",,,0","0",",,,0","","","","","",""
"USC00044500","1949-11","37.9566","-122.5447","44.2","KENTFIELD, CA US","","","","","5",",0","4",",0","2",",0","0",",0","0",",0","","","","","","","","","","","","","","","19491130","+,,0","19491130","+,,0","","","19491110",",,0","","","","","0",",,0,30,+","0",",,0,30,+","58.2",",,0,10,","","","","","","","100.0",",,,0","0",",,,0","","","","","",""
"USC00044500","1949-12","37.9566","-122.5447","44.2","KENTFIELD, CA US","","","","","4","3,0","3","3,0","1","3,0","0",",0","0",",0","","","","","","","","","","","","","","","19491231","+,,0","19491231","+,,0","","","19491217",",3,0","","","","","0",",,0,31,+","0",",,0,31,+","61.0","3,,0,17,","","","","","","","95.3","3,,,0","0",",,,0","","","","","",""
"USC00044500","1950-01","37.9566","-122.5447","44.2","KENTFIELD, CA US","","","","","13","4,0","9","4,0","5","4,0","","","0","4,0","","","","","","","","","","","","","","","","","19500131","+,4,0","","","19500128",",4,0","","","","","","","0","4,,0,31,+","104.1","4,,0,28,","","","","","","","361.8","4,,,0","0","4,,,0","","","","","",""
"USC00044500","1950-02","37.9566","-122.5447","44.2","KENTFIELD, CA US","","","0.0","5,0","5",",0","4",",0","2",",0","0",",0","0",",0","0","5,0","0","5,0","0","4,0","0","4,0","0","4,0","","","19500222","+,5,0","19500228","+,,0","19500228","+,,0","","","19500204",",,0","19500225",",4,0","1.7","5,0,22,+","0",",,0,28,+","0",",,0,28,+","146.1",",,0,04,","20.6","4,0,25,","","","193.6","4,0","201.2",",,,0","0",",,,0","9.89","5,0","16.76","4,,,0","3.02","5,,,0"
"USC00044500","1950-03","37.9566","-122.5447","44.2","KENTFIELD, CA US","","","0.0",",0","11",",0","6",",0","1",",0","0",",0","0",",0","0",",0","6",",0","0",",0","2",",0","0",",0","","","19500312",",,0","19500331","+,,0","19500331","+,,0","","","19500324",",,0","19500331",",,0","-2.2",",0,12,","0",",,0,31,+","0",",,0,31,+","68.1",",,0,24,","26.1",",0,31,","","","252.0",",0","96.1",",,,0","0",",,,0","10.20",",0","17.52",",,,0","2.89",",,,0"
"USC00044500","1950-04","37.9566","-122.5447","44.2","KENTFIELD, CA US","","","0.6",",0","5",",0","3",",0","0",",0","0",",0","0",",0","0",",0","0",",0","0",",0","22",",0","0",",0","","","19500411",",,0","19500430","+,,0","19500430","+,,0","","","19500408",",,0","19500420",",,0","1.1",",0,11,","0",",,0,30,+","0",",,0,30,+","16.8",",,0,08,","30.6",",0,20,","","","125.3",",0","36.8",",,,0","0",",,,0","14.18",",0","23.43",",,,0","4.92",",,,0"
"USC00044500","1950-05","37.9566","-122.5447","44.2","KENTFIELD, CA US","","","8.3","1,0","2",",0","2",",0","0",",0","0",",0","0",",0","0","1,0","0","1,0","0",",0","21",",0","1",",0","","","19500504","+,1,0","19500531","+,,0","19500531","+,,0","","","19500503",",,0","19500530",",,0","2.2","1,0,04,+","0",",,0,31,+","0",",,0,31,+","15.7",",,0,03,","38.3",",0,30,","","","121.1",",0","27.1",",,,0","0",",,,0","14.50","1,0","23.04",",,,0","5.96","1,,,0"
"USC00044500","1950-06","37.9566","-122.5447","44.2","KENTFIELD, CA US","","","14.8","1,0","1",",0","0",",0","0",",0","0",",0","0",",0","0","1,0","0","1,0","0",",0","28",",0","2",",0","","","19500626","+,1,0","19500630","+,,0","19500630","+,,0","","","19500611",",,0","19500630",",,0","5.6","1,0,26,+","0",",,0,30,+","0",",,0,30,+","1.0",",,0,11,","37.8",",0,30,","","","31.4",",0","1.0",",,,0","0",",,,0","17.63","1,0","26.59",",,,0","8.68","1,,,0"
"USC00044500","1950-07","37.9566","-122.5447","44.2","KENTFIELD, CA US","","","42.3",",0","0",",0","0",",0","0",",0","0",",0","0",",0","0",",0","0",",0","0",",0","31",",0","7",",0","","","19500712","+,,0","19500731","+,,0","19500731","+,,0","","","19500731","+,,0","19500701",",,0","6.1",",0,12,+","0",",,0,31,+","0",",,0,31,+","0.0",",,0,31,+","38.3",",0,01,","7.3","0","7.3",",0","0.0",",,,0","0",",,,0","19.46",",0","29.89",",,,0","9.03",",,,0"
"USC00044500","1950-08","37.9566","-122.5447","44.2","KENTFIELD, CA US","","","50.2",",0","0",",0","0",",0","0",",0","0",",0","0",",0","0",",0","0",",0","0",",0","31",",0","11",",0","","","19500806",",,0","19500831","+,,0","19500831","+,,0","","","19500831","+,,0","19500820",",,0","4.4",",0,06,","0",",,0,31,+","0",",,0,31,+","0.0",",,0,31,+","38.3",",0,20,","20.0","0","12.7",",0","0.0",",,,0","0",",,,0","19.54",",0","30.40",",,,0","8.69",",,,0"
"USC00044500","1950-09","37.9566","-122.5447","44.2","KENTFIELD, CA US","","","37.6","2,0","0","1,0","0","1,0","0","1,0","0","1,0","0","1,0","0","2,0","0","2,0","0","1,0","29","1,0","5","1,0","","","19500926",",2,0","19500930","+,1,0","19500930","+,1,0","","","19500930","+,1,0","19500903",",1,0","6.1","2,0,26,","0","1,,0,30,+","0","1,,0,30,+","0.0","1,,0,30,+","40.0","1,0,03,","33.9","0","13.9","1,0","0.0","1,,,0","0","1,,,0","19.15","2,0","28.28","1,,,0","10.02","2,,,0"
"USC00044500","1950-10","37.9566","-122.5447","44.2","KENTFIELD, CA US","","","2.8",",0","9",",0","5",",0","3",",0","0",",0","0",",0","0",",0","0",",0","0",",0","20",",0","0",",0","","","19501001",",,0","19501031","+,,0","19501031","+,,0","","","19501026",",,0","19501012",",,0","1.7",",0,01,","0",",,0,31,+","0",",,0,31,+","54.6",",,0,26,","31.1",",0,12,","131.9","0","98.0",",0","142.0",",,,0","0",",,,0","15.26",",0","22.76",",,,0","7.76",",,,0"
"USC00044500","1950-11","37.9566","-122.5447","44.2","KENTFIELD, CA US","","","0.3",",0","13",",0","9",",0","5",",0","0",",0","0",",0","0",",0","0",",0","0",",0","7",",0","0",",0","","","19501111",",,0","19501130","+,,0","19501130","+,,0","","","19501118",",,0","19501103",",,0","2.8",",0,11,","0",",,0,30,+","0",",,0,30,+","101.3",",,0,18,","26.1",",0,03,","279.6","0","147.7",",0","332.2",",,,0","0",",,,0","13.42",",0","18.98",",,,0","7.86",",,,0"
"USC00044500","1950-12","37.9566","-122.5447","44.2","KENTFIELD, CA US","","","0.0",",0","14",",0","9",",0","6",",0","0",",0","0",",0","0",",0","0",",0","0",",0","0",",0","0",",0","","","19501230",",,0","19501231","+,,0","19501231","+,,0","","","19501203",",,0","19501212",",,0","1.7",",0,30,","0",",,0,31,+","0",",,0,31,+","120.4",",,0,03,","18.3",",0,12,","528.1","0","248.5",",0","407.1",",,,0","0",",,,0","10.32",",0","13.42",",,,0","7.22",",,,0"
"USC00044500","1951-01","37.9566","-122.5447","44.2","KENTFIELD, CA US","0.0","0","0.0",",0","13",",0","8",",0","5",",0","0",",0","0",",0","0",",0","7",",0","0",",0","0",",0","0",",0","","","19510131","+,,0","19510131","+,,0","19510131","+,,0","","","19510117",",,0","19510123",",,0","-2.8",",0,31,+","0",",,0,31,+","0",",,0,31,+","91.2",",,0,17,","16.7",",0,23,","861.1","0","333.0",",0","287.8",",,,0","0",",,,0","7.59",",0","12.24",",,,0","2.95",",,,0"
"USC00044500","1951-02","37.9566","-122.5447","44.2","KENTFIELD, CA US","0.0","0","0.0","1,0","12","4,0","7","4,0","0","4,0","0",",0","0",",0","0","1,0","5","1,0","0","1,0","0","1,0","0","1,0","","","19510201",",1,0","19510228","+,,0","19510228","+,,0","","","19510211",",4,0","19510217","+,1,0","-2.8","1,0,01,","0",",,0,28,+","0",",,0,28,+","24.4","4,,0,11,","18.9","1,0,17,+","1110.8","0","249.7","1,0","132.4",",a,,0","0",",,,0","9.08","1,0","14.75","1,,,0","3.42","1,,,0"
"USC00044500","1951-03","37.9566","-122.5447","44.2","KENTFIELD, CA US","0.0","0","0.0",",0","4",",0","4",",0","2",",0","0",",0","0",",0","0",",0","6",",0","0",",0","14",",0","0",",0","","","19510303",",,0","19510331","+,,0","19510331","+,,0","","","19510307",",,0","19510328",",,0","-2.8",",0,03,","0",",,0,31,+","0",",,0,31,+","43.4",",,0,07,","27.8",",0,28,","1343.1","0","232.3",",0","94.4",",,,0","0",",,,0","10.84",",0","19.19",",,,0","2.49",",,,0"
"USC00044500","1951-04","37.9566","-122.5447","44.2","KENTFIELD, CA US","0.0","0","0.0",",0","2",",0","1",",0","1",",0","0",",0","0",",0","0",",0","0",",0","0",",0","12",",0","0",",0","","","19510401",",,0","19510430","+,,0","19510430","+,,0","","","19510428",",,0","19510410",",,0","0.6",",0,01,","0",",,0,30,+","0",",,0,30,+","64.8",",,0,28,","27.8",",0,10,","1523.1","0","180.0",",0","65.1",",,,0","0",",,,0","12.33",",0","19.37",",,,0","5.30",",,,0"
"USC00044500","1951-05","37.9566","-122.5447","44.2","KENTFIELD, CA US","14.2","0","14.2",",0","5",",0","3",",0","0",",0","0",",0","0",",0","0",",0","0",",0","0",",0","20",",0","1",",0","","","19510502",",,0","19510531","+,,0","19510531","+,,0","","","19510504",",,0","19510526",",,0","3.9",",0,02,","0",",,0,31,+","0",",,0,31,+","11.4",",,0,04,","37.2",",0,26,","1614.7","0","91.6",",0","27.6",",,,0","0",",,,0","15.84",",0","23.84",",,,0","7.84",",,,0"
"USC00044500","1951-06","37.9566","-122.5447","44.2","KENTFIELD, CA US","21.1","0","6.9",",0","0",",0","0",",0","0",",0","0",",0","0",",0","0",",0","0",",0","0",",0","30",",0","1",",0","","","19510608",",,0","19510630","+,,0","19510630","+,,0","","","19510630","+,,0","19510603",",,0","4.4",",0,08,","0",",,0,30,+","0",",,0,30,+","0.0",",,0,30,+","33.3",",0,03,","1648.3","0","33.6",",0","0.0",",,,0","0",",,,0","17.44",",0","26.24",",,,0","8.64",",,,0"
"USC00044500","1951-07","37.9566","-122.5447","44.2","KENTFIELD, CA US","44.4","0","23.3",",0","0",",0","0",",0","0",",0","0",",0","0",",0","0",",0","0",",0","0",",0","31",",0","4",",0","","","19510728","+,,0","19510731","+,,0","19510731","+,,0","","","19510731","+,,0","19510719",",,0","5.6",",0,28,+","0",",,0,31,+","0",",,0,31,+","0.0",",,0,31,+","38.3",",0,19,","24.4","0","24.4",",0","0.0",",,,0","0",",,,0","18.30",",0","27.95",",,,0","8.64",",,,0"
"USC00044500","1951-08","37.9566","-122.5447","44.2","KENTFIELD, CA US","72.2","0","27.8",",0","4",",0","0",",0","0",",0","0",",0","0",",0","0",",0","0",",0","0",",0","30",",0","4",",0","","","19510817","+,,0","19510831","+,,0","19510831","+,,0","1","","19510828",",,0","19510816","+,,0","7.2",",0,17,+","0",",,0,31,+","0",",,0,31,+","1.8",",,0,28,","36.7",",0,16,+","42.5","0","18.1",",0","2.9",",,,0","0",",,,0","18.65",",0","26.92",",,,0","10.37",",,,0"
"USC00044500","1951-09","37.9566","-122.5447","44.2","KENTFIELD, CA US","","","","","0",",0","0",",0","0",",0","0",",0","0",",0","","","","","0",",0","28",",0","7",",0","","","","","19510930","+,,0","19510930","+,,0","","","19510927",",,0","19510910",",,0","","","0",",,0,30,+","0",",,0,30,+","0.0",",T,0,27,","37.8",",0,10,","","","","","0.0",",T,,0","0",",,,0","","","27.54",",,,0","",""
"USC00044500","1951-10","37.9566","-122.5447","44.2","KENTFIELD, CA US","","","3.9",",0","7",",0","5",",0","0",",0","0",",0","0",",0","0",",0","0",",0","0",",0","22",",0","0",",0","","","19511026",",,0","19511031","+,,0","19511031","+,,0","","","19511025",",,0","19511009","+,,0","3.9",",0,26,","0",",,0,31,+","0",",,0,31,+","24.9",",,0,25,","29.4",",0,09,+","","","90.0",",0","77.0",",,,0","0",",,,0","15.56",",0","22.47",",,,0","8.64",",,,0"
"USC00044500","1951-11","37.9566","-122.5447","44.2","KENTFIELD, CA US","","","0.0",",0","11",",0","9",",0","3",",0","0",",0","0",",0","0",",0","2",",0","0",",0","4",",0","0",",0","","","19511124","+,,0","19511130","+,,0","19511130","+,,0","","","19511127",",,0","19511105",",,0","0.0",",0,24,+","0",",,0,30,+","0",",,0,30,+","46.5",",,0,27,","23.3",",0,05,","","","219.8",",0","194.7",",,,0","0",",,,0","11.01",",0","15.93",",,,0","6.08",",,,0"
"USC00044500","1951-12","37.9566","-122.5447","44.2","KENTFIELD, CA US","","","0.0","1,0","15",",0","13",",0","6",",0","0",",0","0",",0","0",",0","10",",0","0","1,0","0","1,0","0","1,0","","","19511215","+,,0","19511231","+,,0","19511231","+,,0","","","19511201",",,0","19511204",",1,0","-3.3",",0,15,+","0",",,0,31,+","0",",,0,31,+","105.4",",,0,01,","15.6","1,0,04,","","","327.8","1,0","497.2",",,,0","0",",,,0","7.33","1,0","11.77","1,,,0","2.89",",,,0"
"USC00044500","1952-01","37.9566","-122.5447","44.2","KENTFIELD, CA US","0.0","0","0.0",",0","15",",0","13",",0","8",",0","0",",0","0",",0","0",",0","10",",0","0",",0","0",",0","0",",0","","","19520102",",,0","19520131","+,,0","19520131","+,,0","","","19520124",",,0","19520128",",,0","-4.4",",0,02,","0",",,0,31,+","0",",,0,31,+","94.2",",,0,24,","15.0",",0,28,","","","375.1",",0","471.9",",,,0","0",",,,0","6.23",",0","9.93",",,,0","2.54",",,,0"
"USC00044500","1952-02","37.9566","-122.5447","44.2","KENTFIELD, CA US","0.0","0","0.0","3,0","10",",0","7",",0","2",",0","0",",0","0",",0","0","3,0","1","3,0","0","1,0","0","1,0","0","1,0","","","19520213",",3,0","19520229","+,,0","19520229","+,,0","","","19520201",",,0","19520229",",1,0","-0.6","3,0,13,","0",",,0,29,+","0",",,0,29,+","33.8",",,0,01,","19.4","1,0,29,","","","213.9","1,0","112.6",",,,0","0",",,,0","10.28","3,0","14.62","1,,,0","5.94","3,,,0"
"USC00044500","1952-03","37.9566","-122.5447","44.2","KENTFIELD, CA US","1.4","0","1.4","2,0","15",",0","10",",0","2",",0","0",",0","0",",0","0","2,0","2","2,0","0",",0","5",",0","0",",0","","","19520313",",2,0","19520331","+,,0","19520320","+,,0","","","19520316",",,0","19520326",",,0","-1.1","2,0,13,","0",",,0,31,+","0",",T,0,20,+","63.2",",,0,16,","30.6",",0,26,","","","236.7",",0","219.8",",,,0","0",",T,,0","10.20","2,0","16.72",",,,0","3.68","2,,,0"
"USC00044500","1952-04","37.9566","-122.5447","44.2","KENTFIELD, CA US","1.4","0","0.0","5,0","7","2,0","3","2,0","0","2,0","0","2,0","0","2,0","0","5,0","0","5,0","0","5,0","10","5,0","0","5,0","","","19520414",",5,0","19520430","+,2,0","19520430","+,2,0","","","19520407",",2,0","19520422","+,5,0","2.8","5,0,14,","0","2,,0,30,+","0","2,,0,30,+","20.1","2,,0,07,","27.8","5,0,22,+","","","120.7","5,0","37.7","2,,,0","0","2,,,0","13.51","5,0","20.82","5,,,0","6.20","5,,,0"
"USC00044500","1952-05","37.9566","-122.5447","44.2","KENTFIELD, CA US","13.1","0","11.7","3,0","3",",0","2",",0","0",",0","0",",0","0",",0","0","3,0","0","3,0","0","3,0","21","3,0","2","3,0","","","19520505",",3,0","19520531","+,,0","19520531","+,,0","","","19520501",",,0","19520524",",3,0","0.6","3,0,05,","0",",,0,31,+","0",",,0,31,+","20.3",",,0,01,","34.4","3,0,24,","","","77.9","3,0","31.2",",,,0","0",",,,0","15.97","3,0","25.33","3,,,0","6.61","3,,,0"
"USC00044500","1952-06","37.9566","-122.5447","44.2","KENTFIELD, CA US","18.4","0","5.3","2,0","4",",0","2",",0","1",",0","0",",0","0",",0","0","2,0","0","2,0","0","2,0","23","2,0","1","2,0","","","19520612",",2,0","19520630","+,,0","19520630","+,,0","","","19520629",",,0","19520617",",2,0","3.9","2,0,12,","0",",,0,30,+","0",",,0,30,+","29.5",",,0,29,","33.9","2,0,17,","","","62.0","2,0","38.9",",,,0","0",",,,0","16.31","2,0","23.93","2,,,0","8.69","2,,,0"
"USC00044500","1952-08","37.9566","-122.5447","44.2","KENTFIELD, CA US","","","18.7","1,0","0",",0","0",",0","0",",0","0",",0","0",",0","0","1,0","0","1,0","0","1,0","30","1,0","3","1,0","","","19520830","+,1,0","19520831","+,,0","19520831","+,,0","","","19520831","+,,0","19520820",",1,0","5.6","1,0,30,+","0",",,0,31,+","0",",,0,31,+","0.0",",,0,31,+","32.8","1,0,20,","","","21.4","1,0","0.0",",,,0","0",",,,0","18.24","1,0","27.65","1,,,0","8.83","1,,,0"
"USC00044500","1952-09","37.9566","-122.5447","44.2","KENTFIELD, CA US","","","34.4",",0","1",",0","1",",0","0",",0","0",",0","0",",0","0",",0","0",",0","0",",0","30",",0","6",",0","","","19520929",",,0","19520930","+,,0","19520930","+,,0","","","19520911",",,0","19520902",",,0","6.1",",0,29,","0",",,0,30,+","0",",,0,30,+","2.5",",,0,11,","38.3",",0,02,","","","28.5",",0","2.5",",,,0","0",",,,0","18.53",",0","27.90",",,,0","9.16",",,,0"
"USC00044500","1952-10","37.9566","-122.5447","44.2","KENTFIELD, CA US","","","8.9",",0","2",",0","0",",0","0",",0","0",",0","0",",0","0",",0","0",",0","0",",0","22",",0","3",",0","","","19521027",",,0","19521031","+,,0","19521031","+,,0","","","19521018",",,0","19521002",",,0","3.9",",0,27,","0",",,0,31,+","0",",,0,31,+","1.0",",,0,18,","35.0",",0,02,","","","105.5",",0","1.5",",,,0","0",",,,0","15.22",",0","22.96",",,,0","7.47",",,,0"
"USC00044500","1952-11","37.9566","-122.5447","44.2","KENTFIELD, CA US","","","","","3","5,0","3","5,0","2","5,0","0","5,0","0","5,0","","","","","","","","","","","","","","","19521130","+,5,0","19521130","+,5,0","","","19521114",",5,0","","","","","0","5,,0,30,+","0","5,,0,30,+","78.7","5,,0,14,","","","","","","","130.1","5,,,0","0","5,,,0","","","","","",""
"USC00044500","1952-12","37.9566","-122.5447","44.2","KENTFIELD, CA US","","","","","24",",0","15",",0","11",",0","0",",0","0",",0","","","","","0","3,0","0","3,0","0","3,0","","","","","19521231","+,,0","19521231","+,,0","","","19521206",",,0","19521214",",3,0","","","0",",,0,31,+","0",",,0,31,+","158.5",",,0,06,","14.4","3,0,14,","","","","","614.8",",,,0","0",",,,0","","","12.35","3,,,0","",""
"USC00044500","1953-01","37.9566","-122.5447","44.2","KENTFIELD, CA US","0.0","0","0.0","2,0","20",",0","12",",0","6",",0","0",",0","0",",0","0","1,0","2","1,0","0","1,0","0","1,0","0","1,0","","","19530127",",1,0","19530131","+,,0","19530131","+,,0","","","19530109",",,0","19530111",",1,0","-1.1","1,0,27,","0",",,0,31,+","0",",,0,31,+","45.0",",,0,09,","19.4","1,0,11,","","","231.6","1,0","292.3",",,,0","0",",,,0","10.19","2,0","14.78","1,,,0","5.59","1,,,0"
"USC00044500","1953-02","37.9566","-122.5447","44.2","KENTFIELD, CA US","0.0","0","0.0",",0","4",",0","0",",0","0",",0","0",",0","0",",0","0",",0","8",",0","0",",0","2",",0","0",",0","","","19530224","+,,0","19530228","+,,0","19530228","+,,0","","","19530208","+,,0","19530213",",,0","-1.7",",0,24,+","0",",,0,28,+","0",",,0,28,+","0.3",",,0,08,+","22.2",",0,13,","","","233.7",",0","1.2",",,,0","0",",,,0","9.99",",0","17.55",",,,0","2.42",",,,0"
"USC00044500","1953-03","37.9566","-122.5447","44.2","KENTFIELD, CA US","0.0","0","0.0",",0","14",",0","6",",0","3",",0","0",",0","0",",0","0",",0","5",",0","0",",0","5",",0","0",",0","","","19530302",",,0","19530331","+,,0","19530321",",,0","","","19530319",",,0","19530308","+,,0","-2.2",",0,02,","0",",,0,31,+","0",",T,0,21,","114.0",",,0,19,","25.0",",0,08,+","","","250.3",",0","217.8",",,,0","0",",T,,0","10.26",",0","17.25",",,,0","3.26",",,,0"
"USC00044500","1953-04","37.9566","-122.5447","44.2","KENTFIELD, CA US","0.0","0","0.0",",0","10",",0","7",",0","1",",0","0",",0","0",",0","0",",0","2",",0","0",",0","13",",0","0",",0","","","19530410",",,0","19530430","+,,0","19530430","+,,0","","","19530427",",,0","19530425",",,0","-0.6",",0,10,","0",",,0,30,+","0",",,0,30,+","111.0",",,0,27,","23.9",",0,25,","","","194.3",",0","162.2",",,,0","0",",,,0","11.86",",0","18.91",",,,0","4.80",",,,0"
"USC00044500","1953-05","37.9566","-122.5447","44.2","KENTFIELD, CA US","0.0","0","0.0",",0","9",",0","3",",0","0",",0","0",",0","0",",0","0",",0","0",",0","0",",0","12",",0","0",",0","","","19530526",",,0","19530531","+,,0","19530531","+,,0","","","19530527",",,0","19530505",",,0","2.8",",0,26,","0",",,0,31,+","0",",,0,31,+","12.2",",,0,27,","29.4",",0,05,","","","153.1",",0","35.6",",,,0","0",",,,0","13.40",",0","20.55",",,,0","6.24",",,,0"
"USC00044500","1953-06","37.9566","-122.5447","44.2","KENTFIELD, CA US","12.4","0","12.4",",0","2",",0","1",",0","0",",0","0",",0","0",",0","0",",0","0",",0","0",",0","24",",0","4",",0","","","19530620","+,,0","19530630","+,,0","19530630","+,,0","","","19530606",",,0","19530625",",,0","5.6",",0,20,+","0",",,0,30,+","0",",,0,30,+","5.3",",,0,06,","35.0",",0,25,","","","65.7",",0","6.1",",,,0","0",",,,0","16.56",",0","24.81",",,,0","8.30",",,,0"
"USC00044500","1953-07","37.9566","-122.5447","44.2","KENTFIELD, CA US","30.5","0","18.1","1,0","0",",0","0",",0","0",",0","0",",0","0",",0","0","1,0","0","1,0","0","1,0","30","1,0","3","1,0","","","19530709",",1,0","19530731","+,,0","19530731","+,,0","","","19530724",",,0","19530709",",1,0","5.0","1,0,09,","0",",,0,31,+","0",",,0,31,+","0.0",",T,0,24,","35.6","1,0,09,","16.6","0","16.6","1,0","0.0",",T,,0","0",",,,0","18.38","1,0","29.32","1,,,0","7.44","1,,,0"
"USC00044500","1953-08","37.9566","-122.5447","44.2","KENTFIELD, CA US","44.6","0","14.1","4,0","2",",0","1",",0","0",",0","0",",0","0",",0","0","3,0","0","3,0","0","2,0","27","2,0","3","2,0","","","19530804",",3,0","19530831","+,,0","19530831","+,,0","","","19530830",",,0","19530809",",2,0","5.0","3,0,04,","0",",,0,31,+","0",",,0,31,+","5.3",",,0,30,","35.6","2,0,09,","39.6","0","23.0","2,0","6.8",",,,0","0",",,,0","17.94","4,0","27.04","2,,,0","8.84","3,,,0"
"USC00044500","1953-09","37.9566","-122.5447","44.2","KENTFIELD, CA US","79.5","0","34.9","2,0","1",",0","0",",0","0",",0","0",",0","0",",0","0","2,0","0","2,0","0","2,0","28","2,0","5","2,0","","","19530930","+,2,0","19530930","+,,0","19530930","+,,0","","","19530901",",,0","19530914",",2,0","6.7","2,0,30,+","0",",,0,30,+","0",",,0,30,+","0.3",",,0,01,","38.9","2,0,14,","63.8","0","24.2","2,0","0.3",",,,0","0",",,,0","18.72","2,0","27.00","2,,,0","10.43","2,,,0"
"USC00044500","1953-10","37.9566","-122.5447","44.2","KENTFIELD, CA US","84.0","0","4.5","1,0","7",",0","3",",0","0",",0","0",",0","0",",0","0","1,0","0","1,0","0","1,0","23","1,0","3","1,0","","","19531025","+,1,0","19531031","+,,0","19531031","+,,0","","","19531018",",,0","19531006",",1,0","1.7","1,0,25,+","0",",,0,31,+","0",",,0,31,+","18.0",",,0,18,","32.8","1,0,06,","176.7","0","112.9","1,0","33.4",",,,0","0",",,,0","14.72","1,0","23.90","1,,,0","5.54","1,,,0"
"USC00044500","1953-11","37.9566","-122.5447","44.2","KENTFIELD, CA US","84.0","0","0.0","1,0","17",",0","6",",0","1",",0","0",",0","0",",0","0","1,0","0","1,0","0",",0","2",",0","0",",0","","","19531120","+,1,0","19531130","+,,0","19531130","+,,0","","","19531114",",,0","19531101",",,0","2.2","1,0,20,+","0",",,0,30,+","0",",,0,30,+","62.2",",,0,14,","24.4",",0,01,","363.8","0","187.1",",0","134.9",",,,0","0",",,,0","12.01","1,0","16.76",",,,0","7.27","1,,,0"
"USC00044500","1953-12","37.9566","-122.5447","44.2","KENTFIELD, CA US","84.0","0","0.0",",0","7",",0","2",",0","0",",0","0",",0","0",",0","0",",0","7",",0","0",",0","1",",0","0",",0","","","19531226",",,0","19531231","+,,0","19531231","+,,0","","","19531204",",,0","19531228",",,0","-1.7",",0,26,","0",",,0,31,+","0",",,0,31,+","13.5",",,0,04,","22.2",",0,28,","630.8","0","267.0",",0","22.4",",,,0","0",",,,0","9.72",",0","16.18",",,,0","3.26",",,,0"
"USC00044500","1954-01","37.9566","-122.5447","44.2","KENTFIELD, CA US","0.0","0","0.0",",0","20",",0","12",",0","3",",0","0",",0","0",",0","0",",0","6",",0","0",",0","0",",0","0",",0","2","","19540125",",,0","19540131","+,,0","19540131","+,,0","","","19540117",",,0","19540131",",,0","-2.8",",0,25,","0",",,0,31,+","0",",,0,31,+","84.6",",,0,17,","18.3",",0,31,","939.0","0","308.2",",0","250.7",",,,0","0",",,,0","8.39",",0","13.45",",,,0","3.33",",,,0"
"USC00044500","1954-02","37.9566","-122.5447","44.2","KENTFIELD, CA US","0.0","0","0.0","3,0","7",",0","5",",0","3",",0","0",",0","0",",0","0","2,0","3","2,0","0","1,0","5","1,0","0","1,0","","","19540219","+,2,0","19540228","+,,0","19540228","+,,0","","","19540217",",,0","19540226",",1,0","0.0","2,0,19,+","0",",,0,28,+","0",",,0,28,+","52.1",",,0,17,","24.4","1,0,26,","1160.3","0","221.3","1,0","149.7",",,,0","0",",,,0","9.64","3,0","15.66","1,,,0","3.62","2,,,0"
"USC00044500","1954-03","37.9566","-122.5447","44.2","KENTFIELD, CA US","0.0","0","0.0",",0","16",",0","10",",0","5",",0","0",",0","0",",0","0",",0","4",",0","0",",0","3",",0","0",",0","","","19540314","+,,0","19540331","+,,0","19540331","+,,0","","","19540309",",,0","19540302",",,0","-1.1",",0,14,+","0",",,0,31,+","0",",,0,31,+","72.4",",,0,09,","23.9",",0,02,","1423.8","0","263.5",",0","249.2",",,,0","0",",,,0","9.83",",0","15.97",",,,0","3.69",",,,0"
"USC00044500","1954-04","37.9566","-122.5447","44.2","KENTFIELD, CA US","1.4","0","1.4",",0","9",",0","6",",0","2",",0","0",",0","0",",0","0",",0","0",",0","0",",0","15",",0","0",",0","","","19540401",",,0","19540430","+,,0","19540430","+,,0","","","19540405",",,0","19540418",",,0","0.6",",0,01,","0",",,0,30,+","0",",,0,30,+","79.0",",,0,05,","30.6",",0,18,","1559.4","0","135.6",",0","162.7",",,,0","0",",,,0","13.86",",0","21.23",",,,0","6.48",",,,0"
"USC00044500","1954-05","37.9566","-122.5447","44.2","KENTFIELD, CA US","2.5","0","1.1",",0","2",",0","2",",0","0",",0","0",",0","0",",0","0",",0","0",",0","0",",0","25",",0","1",",0","","","19540502",",,0","19540531","+,,0","19540531","+,,0","","","19540509",",,0","19540523",",,0","2.2",",0,02,","0",",,0,31,+","0",",,0,31,+","10.7",",,0,09,","32.8",",0,23,","1661.2","0","101.8",",0","13.2",",,,0","0",",,,0","15.08",",0","23.44",",,,0","6.73",",,,0"
"USC00044500","1954-06","37.9566","-122.5447","44.2","KENTFIELD, CA US","33.6","0","31.1",",0","4",",0","1",",0","0",",0","0",",0","0",",0","0",",0","0",",0","0",",0","26",",0","6",",0","","","19540611","+,,0","19540630","+,,0","19540630","+,,0","","","19540609",",,0","19540622","+,,0","5.0",",0,11,+","0",",,0,30,+","0",",,0,30,+","2.5",",,0,09,","37.2",",0,22,+","1718.2","0","57.0",",0","5.1",",,,0","0",",,,0","17.47",",0","25.92",",,,0","9.02",",,,0"
"USC00044500","1954-07","37.9566","-122.5447","44.2","KENTFIELD, CA US","81.0","0","47.4","1,0","1",",0","0",",0","0",",0","0",",0","0",",0","0","1,0","0","1,0","0","1,0","30","1,0","8","1,0","","","19540706","+,1,0","19540731","+,,0","19540731","+,,0","","","19540725",",,0","19540729",",1,0","5.6","1,0,06,+","0",",,0,31,+","0",",,0,31,+","1.3",",,0,25,","40.6","1,0,29,","7.7","0","7.7","1,0","1.3",",,,0","0",",,,0","19.66","1,0","30.30","1,,,0","9.01","1,,,0"
"USC00044500","1954-08","37.9566","-122.5447","44.2","KENTFIELD, CA US","84.9","0","3.9","3,0","3",",0","2",",0","0",",0","0",",0","0",",0","0","2,0","0","2,0","0","3,0","26","3,0","0","3,0","","","19540805","+,2,0","19540831","+,,0","19540831","+,,0","","","19540826",",,0","19540817",",3,0","5.0","2,0,05,+","0",",,0,31,+","0",",,0,31,+","10.7",",,0,26,","31.7","3,0,17,","64.0","0","56.3","3,0","21.1",",,,0","0",",,,0","16.55","3,0","25.24","3,,,0","7.86","2,,,0"
"USC00044500","1954-09","37.9566","-122.5447","44.2","KENTFIELD, CA US","101.6","0","16.7","2,0","1",",0","0",",0","0",",0","0",",0","0",",0","0","2,0","0","2,0","0","2,0","27","2,0","7","2,0","","","19540929",",2,0","19540930","+,,0","19540930","+,,0","","","19540911",",,0","19540926",",2,0","3.3","2,0,29,","0",",,0,30,+","0",",,0,30,+","0.3",",,0,11,","36.1","2,0,26,","107.6","0","43.6","2,0","0.3",",,,0","0",",,,0","17.37","2,0","27.74","2,,,0","7.00","2,,,0"
"USC00044500","1954-10","37.9566","-122.5447","44.2","KENTFIELD, CA US","102.4","0","0.8","2,0","5",",0","2",",0","0",",0","0",",0","0",",0","0","2,0","0","2,0","0","2,0","26","2,0","0","2,0","","","19541025",",2,0","19541031","+,,0","19541031","+,,0","","","19541007",",,0","19541015",",2,0","1.1","2,0,25,","0",",,0,31,+","0",",,0,31,+","19.3",",,0,07,","30.0","2,0,15,","218.5","0","110.9","2,0","30.9",",,,0","0",",,,0","14.54","2,0","23.75","2,,,0","5.32","2,,,0"
"USC00044500","1954-11","37.9566","-122.5447","44.2","KENTFIELD, CA US","102.4","0","0.0","4,0","12",",0","7",",0","2",",0","0",",0","0",",0","0","4,0","1","4,0","0","4,0","2","4,0","0","4,0","","","19541130",",4,0","19541130","+,,0","19541130","+,,0","","","19541109",",,0","19541128","+,4,0","-3.3","4,0,30,","0",",,0,30,+","0",",,0,30,+","92.2",",,0,09,","21.7","4,0,28,+","403.0","0","184.5","4,0","169.3",",,,0","0",",,,0","11.24","4,0","16.62","4,,,0","5.85","4,,,0"
"USC00044500","1954-12","37.9566","-122.5447","44.2","KENTFIELD, CA US","102.4","0","0.0",",0","16",",0","8",",0","2",",0","0",",0","0",",0","0",",0","9",",0","0",",0","0",",0","0",",0","","","19541226",",,0","19541231","+,,0","19541231","+,,0","","","19541202",",,0","19541205",",,0","-2.2",",0,26,","0",",,0,31,+","0",",,0,31,+","63.2",",,0,02,","16.7",",0,05,","742.3","0","339.3",",0","212.4",",,,0","0",",,,0","7.39",",0","12.01",",,,0","2.76",",,,0"
"USC00044500","1955-01","37.9566","-122.5447","44.2","KENTFIELD, CA US","0.0","0","0.0","3,0","14",",0","9",",0","2",",0","0",",0","0",",0","0","3,0","15","3,0","0","1,0","0","1,0","0","1,0","","","19550108","+,3,0","19550131","+,,0","19550131","+,,0","","","19550118",",,0","19550101",",1,0","-3.9","3,0,08,+","0",",,0,31,+","0",",,0,31,+","37.3",",,0,18,","16.1","1,0,01,","1093.9","0","351.6","1,0","161.6",",,,0","0",",,,0","5.86","3,0","11.61","1,,,0","0.11","3,,,0"
"USC00044500","1955-02","37.9566","-122.5447","44.2","KENTFIELD, CA US","0.0","0","0.0","4,0","8",",0","3",",0","1",",0","0",",0","0",",0","0","4,0","11","4,0","0","3,0","0","3,0","0","3,0","","","19550223",",4,0","19550228","+,,0","19550228","+,,0","","","19550227",",,0","19550225","+,3,0","-3.3","4,0,23,","0",",,0,28,+","0",",,0,28,+","50.8",",,0,27,","18.3","3,0,25,+","1326.2","0","232.3","3,0","69.9",",,,0","0",",,,0","8.66","4,0","16.17","3,,,0","1.15","4,,,0"
"USC00044500","1955-03","37.9566","-122.5447","44.2","KENTFIELD, CA US","0.3","0","0.3","1,0","6",",0","2",",0","0",",0","0",",0","0",",0","0","1,0","10","1,0","0","1,0","8","1,0","0","1,0","","","19550321","+,1,0","19550331","+,,0","19550331","+,,0","","","19550329",",,0","19550327",",1,0","-2.2","1,0,21,+","0",",,0,31,+","0",",,0,31,+","17.0",",,0,29,","27.2","1,0,27,","1565.8","0","239.6","1,0","26.3",",,,0","0",",,,0","10.36","1,0","18.43","1,,,0","2.28","1,,,0"
"USC00044500","1955-04","37.9566","-122.5447","44.2","KENTFIELD, CA US","0.3","0","0.0","1,0","8","1,0","7","1,0","2","1,0","0",",0","0",",0","0","1,0","0","1,0","0","1,0","6","1,0","0","1,0","","","19550427","+,1,0","19550430","+,,0","19550426",",,0","","","19550421",",1,0","19550409",",1,0","0.6","1,0,27,+","0",",,0,30,+","0",",T,0,26,","50.3","1,,0,21,","23.3","1,0,09,","1778.1","0","212.3","1,0","131.7","1,,,0","0",",T,,0","11.01","1,0","17.59","1,,,0","4.43","1,,,0"
"USC00044500","1955-05","37.9566","-122.5447","44.2","KENTFIELD, CA US","9.5","0","9.2",",0","1",",0","0",",0","0",",0","0",",0","0",",0","0",",0","0",",0","0",",0","21",",0","3",",0","","","19550516","+,,0","19550531","+,,0","19550531","+,,0","","","19550508",",,0","19550520","+,,0","3.9",",0,16,+","0",",,0,31,+","0",",,0,31,+","1.5",",,0,08,","32.8",",0,20,+","1880.4","0","102.3",",0","1.5",",,,0","0",",,,0","15.33",",0","23.75",",,,0","6.91",",,,0"
"USC00044500","1955-06","37.9566","-122.5447","44.2","KENTFIELD, CA US","26.2","0","16.7","3,0","0",",0","0",",0","0",",0","0",",0","0",",0","0","3,0","0","3,0","0","3,0","24","3,0","2","3,0","","","19550601",",3,0","19550630","+,,0","19550630","+,,0","","","19550630","+,,0","19550605",",3,0","3.9","3,0,01,","0",",,0,30,+","0",",,0,30,+","0.0",",,0,30,+","35.0","3,0,05,","1934.0","0","53.6","3,0","0.0",",,,0","0",",,,0","16.97","3,0","25.63","3,,,0","8.30","3,,,0"
"USC00044500","1955-07","37.9566","-122.5447","44.2","KENTFIELD, CA US","46.0","0","19.8","1,0","0",",0","0",",0","0",",0","0",",0","0",",0","0","1,0","0","1,0","0","1,0","30","1,0","1","1,0","","","19550705",",1,0","19550731","+,,0","19550731","+,,0","","","19550731","+,,0","19550729",",1,0","6.1","1,0,05,","0",",,0,31,+","0",",,0,31,+","0.0",",,0,31,+","34.4","1,0,29,","18.6","0","18.6","1,0","0.0",",,,0","0",",,,0","18.37","1,0","27.67","1,,,0","9.08","1,,,0"
"USC00044500","1955-08","37.9566","-122.5447","44.2","KENTFIELD, CA US","71.3","0","25.3","1,0","0",",0","0",",0","0",",0","0",",0","0",",0","0","1,0","0","1,0","0","1,0","30","1,0","7","1,0","","","19550830","+,1,0","19550831","+,,0","19550831","+,,0","","","19550831","+,,0","19550802",",1,0","5.0","1,0,30,+","0",",,0,31,+","0",",,0,31,+","0.0",",,0,31,+","37.8","1,0,02,","69.6","0","51.0","1,0","0.0",",,,0","0",",,,0","17.48","1,0","27.86","1,,,0","7.10","1,,,0"
"USC00044500","1955-09","37.9566","-122.5447","44.2","KENTFIELD, CA US","102.6","0","31.3","3,0","1",",0","0",",0","0",",0","0",",0","0",",0","0","3,0","0","3,0","0","3,0","27","3,0","5","3,0","","","19550928","+,3,0","19550930","+,,0","19550930","+,,0","","","19550914",",,0","19550902",",3,0","2.8","3,0,28,+","0",",,0,30,+","0",",,0,30,+","0.8",",,0,14,","40.0","3,0,02,","112.0","0","42.4","3,0","0.8",",,,0","0",",,,0","17.92","3,0","28.99","3,,,0","6.86","3,,,0"
"USC00044500","1955-10","37.9566","-122.5447","44.2","KENTFIELD, CA US","104.8","0","2.2",",0","2",",0","1",",0","0",",0","0",",0","0",",0","0",",0","0",",0","0",",0","25",",0","0",",0","","","19551028","+,,0","19551031","+,,0","19551031","+,,0","","","19551018",",,0","19551024",",,0","3.3",",0,28,+","0",",,0,31,+","0",",,0,31,+","4.6",",,0,18,","31.1",",0,24,","210.7","0","98.7",",0","6.6",",,,0","0",",,,0","15.22",",0","24.23",",,,0","6.22",",,,0"
"USC00044500","1955-11","37.9566","-122.5447","44.2","KENTFIELD, CA US","104.8","0","0.0",",0","6",",0","5",",0","3",",0","0",",0","0",",0","0",",0","2",",0","0",",0","9",",0","0",",0","","","19551116",",,0","19551130","+,,0","19551130","+,,0","","","19551113",",,0","19551110",",,0","-1.1",",0,16,","0",",,0,30,+","0",",,0,30,+","41.4",",,0,13,","30.6",",0,10,","436.9","0","226.2",",0","133.0",",,,0","0",",,,0","10.79",",0","17.92",",,,0","3.66",",,,0"
"USC00044500","1955-12","37.9566","-122.5447","44.2","KENTFIELD, CA US","104.8","0","0.0",",0","19","2,0","16","2,0","7","2,0","0",",0","0",",0","0",",0","3",",0","0",",0","0",",0","0",",0","","","19551229",",,0","19551231","+,,0","19551231","+,,0","","","19551222",",2,0","19551222",",,0","-1.7",",0,29,","0",",,0,31,+","0",",,0,31,+","188.2","2,,0,22,","17.8",",0,22,","694.2","0","257.3",",0","834.9",",a,,0","0",",,,0","10.03",",0","13.74",",,,0","6.33",",,,0"
"USC00044500","1956-01","37.9566","-122.5447","44.2","KENTFIELD, CA US","0.0","0","0.0","1,0","23",",0","17",",0","6",",0","0",",0","0",",0","0","1,0","2","1,0","0",",0","0",",0","0",",0","","","19560131",",1,0","19560131","+,,0","19560131","+,,0","","","19560114",",,0","19560120",",,0","-2.8","1,0,31,","0",",,0,31,+","0",",,0,31,+","74.9",",,0,14,","15.6",",0,20,","968.2","0","274.0",",0","400.0",",,,0","0",",,,0","9.21","1,0","12.88",",,,0","5.53","1,,,0"
"USC00044500","1956-02","37.9566","-122.5447","44.2","KENTFIELD, CA US","0.0","0","0.0","2,0","9",",0","6",",0","3",",0","0",",0","0",",0","0","1,0","16","1,0","0","1,0","0","1,0","0","1,0","","","19560202",",1,0","19560229","+,,0","19560229","+,,0","","","19560219",",,0","19560206",",1,0","-4.4","1,0,02,","0",",,0,29,+","0",",,0,29,+","102.6",",,0,19,","20.6","1,0,06,","1248.2","0","280.0","1,0","249.9",",,,0","0",",,,0","7.81","2,0","15.04","1,,,0","0.57","1,,,0"
"USC00044500","1956-03","37.9566","-122.5447","44.2","KENTFIELD, CA US","0.0","0","0.0",",0","3",",0","1",",0","0",",0","0",",0","0",",0","0",",0","5",",0","0",",0","11",",0","0",",0","","","19560307",",,0","19560331","+,,0","19560331","+,,0","","","19560304",",,0","19560317",",,0","-1.7",",0,07,","0",",,0,31,+","0",",,0,31,+","2.8",",,0,04,","24.4",",0,17,","1476.4","0","228.2",",0","5.1",",,,0","0",",,,0","10.97",",0","19.75",",,,0","2.20",",,,0"
"USC00044500","1956-04","37.9566","-122.5447","44.2","KENTFIELD, CA US","0.0","0","0.0",",0","4",",0","4",",0","0",",0","0",",0","0",",0","0",",0","1",",0","0",",0","18",",0","0",",0","","","19560412",",,0","19560430","+,,0","19560430","+,,0","","","19560426",",,0","19560408",",,0","0.0",",0,12,","0",",,0,30,+","0",",,0,30,+","21.1",",,0,26,","28.3",",0,08,","1640.0","0","163.6",",0","51.0",",,,0","0",",,,0","12.88",",0","20.71",",,,0","5.05",",,,0"
"USC00044500","1956-05","37.9566","-122.5447","44.2","KENTFIELD, CA US","18.9","0","18.9",",0","5",",0","2",",0","0",",0","0",",0","0",",0","0",",0","0",",0","0",",0","24",",0","9",",0","","","19560512","+,,0","19560531","+,,0","19560531","+,,0","","","19560505",",,0","19560515",",,0","1.1",",0,12,+","0",",,0,31,+","0",",,0,31,+","20.3",",,0,05,","35.6",",0,15,","1716.4","0","76.4",",0","33.0",",,,0","0",",,,0","16.48",",0","27.02",",,,0","5.94",",,,0"
"USC00044500","1956-06","37.9566","-122.5447","44.2","KENTFIELD, CA US","","","","","0",",0","0",",0","0",",0","0",",0","0",",0","","","","","","","","","","","","","","","19560630","+,,0","19560630","+,,0","","","19560630","+,,0","","","","","0",",,0,30,+","0",",,0,30,+","0.0",",,0,30,+","","","","","","","0.0",",,,0","0",",,,0","","","","","",""
"USC00044500","1956-07","37.9566","-122.5447","44.2","KENTFIELD, CA US","","","20.6","1,0","0",",0","0",",0","0",",0","0",",0","0",",0","0","1,0","0","1,0","0","1,0","29","1,0","2","1,0","1","","19560705",",1,0","19560731","+,,0","19560731","+,,0","","","19560712",",,0","19560722",",1,0","6.7","1,0,05,","0",",,0,31,+","0",",,0,31,+","0.0",",T,0,12,","35.0","1,0,22,","21.4","0","21.4","1,0","0.0",",T,,0","0",",,,0","18.31","1,0","26.50","1,,,0","10.11","1,,,0"
"USC00044500","1956-08","37.9566","-122.5447","44.2","KENTFIELD, CA US","","","","","0",",0","0",",0","0",",0","0",",0","0",",0","","","","","","","","","","","","","","","19560831","+,,0","19560831","+,,0","","","19560831","+,,0","","","","","0",",,0,31,+","0",",,0,31,+","0.0",",,0,31,+","","","","","","","0.0",",,,0","0",",,,0","","","","","",""
"USC00044500","1956-09","37.9566","-122.5447","44.2","KENTFIELD, CA US","","","","","2",",0","1",",0","0",",0","0",",0","0",",0","","","","","","","","","","","","","","","19560930","+,,0","19560930","+,,0","","","19560918",",,0","","","","","0",",,0,30,+","0",",,0,30,+","2.8",",,0,18,","","","","","","","3.8",",,,0","0",",,,0","","","","","",""
"USC00044500","1956-10","37.9566","-122.5447","44.2","KENTFIELD, CA US","","","","","6",",0","4",",0","2",",0","0",",0","0",",0","","","","","","","","","","","","","","","19561031","+,,0","19561031","+,,0","","","19561030",",,0","","","","","0",",,0,31,+","0",",,0,31,+","106.9",",,0,30,","","","","","","","168.9",",,,0","0",",,,0","","","","","",""
"USC00044500","1956-11","37.9566","-122.5447","44.2","KENTFIELD, CA US","","","","","2",",0","1",",0","0",",0","0",",0","0",",0","","","","","","","","","","","","","","","19561130","+,,0","19561130","+,,0","","","19561102",",,0","","","","","0",",,0,30,+","0",",,0,30,+","9.1",",,0,02,","","","","","","","9.6",",,,0","0",",,,0","","","","","",""
"USC00044500","1956-12","37.9566","-122.5447","44.2","KENTFIELD, CA US","","","0.0","4,0","3",",0","2",",0","0",",0","0",",0","0",",0","0","4,0","20","4,0","0","3,0","3","3,0","0","3,0","","","19561223",",4,0","19561231","+,,0","19561231","+,,0","","","19561205",",,0","19561203",",3,0","-5.0","4,0,23,","0",",,0,31,+","0",",,0,31,+","11.2",",,0,05,","22.2","3,0,03,","","","280.1","3,0","14.7",",,,0","0",",,,0","8.04","4,0","16.61","3,,,0","-0.53","4,,,0"
"USC00044500","1957-01","37.9566","-122.5447","44.2","KENTFIELD, CA US","","","","","","","","","","","0","4,0","0","2,0","","","","","","","","","","","","","","","19570131","+,4,0","19570131","+,2,0","","","","","","","","","0","4,,0,31,+","0","2,,0,31,+","","","","","","","","","","","0","2,,,0","","","","","",""
"USC00044500","1957-02","37.9566","-122.5447","44.2","KENTFIELD, CA US","","","","","7","5,0","5","5,0","3","5,0","0","1,0","0","1,0","","","","","","","","","","","","","","","19570228","+,1,0","19570228","+,1,0","","","19570221",",5,0","","","","","0","1,,0,28,+","0","1,,0,28,+","53.6","5,,0,21,","","","","","","","184.5","1,a,,0","0","1,,,0","","","","","",""
"USC00044500","1957-03","37.9566","-122.5447","44.2","KENTFIELD, CA US","","","","","15",",0","10",",0","1",",0","0",",0","0",",0","","","","","","","","","","","","","","","19570331","+,,0","19570331","+,,0","","","19570315",",,0","","","","","0",",,0,31,+","0",",,0,31,+","41.4",",,0,15,","","","","","","","119.4",",,,0","0",",,,0","","","","","",""
"USC00044500","1957-04","37.9566","-122.5447","44.2","KENTFIELD, CA US","","","","","5",",0","4",",0","1",",0","0",",0","0",",0","","","","","","","","","","","","","","","19570430","+,,0","19570430","+,,0","","","19570414",",,0","","","","","0",",,0,30,+","0",",,0,30,+","41.7",",,0,14,","","","","","","","77.5",",,,0","0",",,,0","","","","","",""
"USC00044500","1957-05","37.9566","-122.5447","44.2","KENTFIELD, CA US","","","7.5","1,0","14",",0","10",",0","3",",0","0",",0","0",",0","0",",0","0",",0","0","1,0","14","1,0","0","1,0","","","19570503",",,0","19570531","+,,0","19570531","+,,0","","","19570518",",,0","19570501",",1,0","5.6",",0,03,","0",",,0,31,+","0",",,0,31,+","76.2",",,0,18,","31.1","1,0,01,","","","90.9","1,0","181.2",",,,0","0",",,,0","15.56","1,0","21.88","1,,,0","9.23",",,,0"
"USC00044500","1957-06","37.9566","-122.5447","44.2","KENTFIELD, CA US","","","51.1",",0","0",",0","0",",0","0",",0","0",",0","0",",0","0",",0","0",",0","0",",0","30",",0","7",",0","","","19570601",",,0","19570630","+,,0","19570630","+,,0","","","19570610",",,0","19570625",",,0","4.4",",0,01,","0",",,0,30,+","0",",,0,30,+","0.0",",T,0,10,","37.8",",0,25,","","","15.6",",0","0.0",",T,,0","0",",,,0","19.52",",0","28.41",",,,0","10.63",",,,0"
"USC00044500","1957-07","37.9566","-122.5447","44.2","KENTFIELD, CA US","","","44.0","2,0","0",",0","0",",0","0",",0","0",",0","0",",0","0","2,0","0","2,0","0","2,0","28","2,0","7","2,0","","","19570731",",2,0","19570731","+,,0","19570731","+,,0","","","19570731","+,,0","19570710","+,2,0","7.2","2,0,31,","0",",,0,31,+","0",",,0,31,+","0.0",",,0,31,+","35.0","2,0,10,+","18.2","0","18.2","2,0","0.0",",,,0","0",",,,0","19.22","2,0","28.45","2,,,0","10.00","2,,,0"
"USC00044500","1957-08","37.9566","-122.5447","44.2","KENTFIELD, CA US","","","18.3",",0","0",",0","0",",0","0",",0","0",",0","0",",0","0",",0","0",",0","0",",0","30",",0","2",",0","","","19570828","+,,0","19570831","+,,0","19570831","+,,0","","","19570831","+,,0","19570802",",,0","7.2",",0,28,+","0",",,0,31,+","0",",,0,31,+","0.0",",,0,31,+","35.6",",0,02,","54.8","0","36.6",",0","0.0",",,,0","0",",,,0","17.74",",0","25.93",",,,0","9.56",",,,0"
"USC00044500","1957-09","37.9566","-122.5447","44.2","KENTFIELD, CA US","","","","","5",",0","3",",0","1",",0","0",",0","0",",0","","","","","","","","","","","","","","","19570930","+,,0","19570930","+,,0","","","19570927",",,0","","","","","0",",,0,30,+","0",",,0,30,+","31.0",",,0,27,","","","","","","","58.9",",,,0","0",",,,0","","","","","",""
"USC00044500","1957-10","37.9566","-122.5447","44.2","KENTFIELD, CA US","","","0.0","1,0","10",",0","6",",0","2",",0","0",",0","0",",0","0","1,0","0","1,0","0",",0","14",",0","0",",0","","","19571031",",1,0","19571031","+,,0","19571031","+,,0","","","19571013",",,0","19571019",",,0","5.6","1,0,31,","0",",,0,31,+","0",",,0,31,+","106.7",",,0,13,","25.0",",0,19,","","","101.9",",0","226.9",",,,0","0",",,,0","14.92","1,0","20.46",",,,0","9.37","1,,,0"
"USC00044500","1957-11","37.9566","-122.5447","44.2","KENTFIELD, CA US","","","0.0",",0","9",",0","5",",0","0",",0","0",",0","0",",0","0",",0","1",",0","0",",0","0",",0","0",",0","","","19571128",",,0","19571130","+,,0","19571130","+,,0","","","19571114",",,0","19571102","+,,0","0.0",",0,28,","0",",,0,30,+","0",",,0,30,+","11.4",",,0,14,","18.9",",0,02,+","","","240.7",",0","35.5",",,,0","0",",,,0","10.31",",0","16.13",",,,0","4.49",",,,0"
"USC00044500","1957-12","37.9566","-122.5447","44.2","KENTFIELD, CA US","","","0.0",",0","12",",0","7",",0","2",",0","0",",0","0",",0","0",",0","2",",0","0",",0","0",",0","0",",0","","","19571223","+,,0","19571231","+,,0","19571231","+,,0","","","19571215",",,0","19571201",",,0","0.0",",0,23,+","0",",,0,31,+","0",",,0,31,+","32.0",",,0,15,","16.1",",0,01,","","","315.6",",0","133.6",",,,0","0",",,,0","8.15",",0","12.40",",,,0","3.91",",,,0"
"USC00044500","1958-01","37.9566","-122.5447","44.2","KENTFIELD, CA US","0.0","0","0.0","1,0","15",",0","9",",0","5",",0","0",",0","0",",0","0",",0","3",",0","0","1,0","0","1,0","0","1,0","","","19580122","+,,0","19580131","+,,0","19580131","+,,0","","","19580124",",,0","19580119",",1,0","0.0",",0,22,+","0",",,0,31,+","0",",,0,31,+","96.5",",,0,24,","19.4","1,0,19,","","","311.2","1,0","351.3",",,,0","0",",,,0","8.02","1,0","13.10","1,,,0","2.95",",,,0"
"USC00044500","1958-02","37.9566","-122.5447","44.2","KENTFIELD, CA US","0.0","0","0.0","1,0","","","","","","","0",",0","0",",0","0","1,0","0","1,0","0","1,0","0","1,0","0","1,0","","","19580227",",1,0","19580228","+,,0","19580228","+,,0","","","","","19580224","+,1,0","1.1","1,0,27,","0",",,0,28,+","0",",,0,28,+","","","18.9","1,0,24,+","","","178.4","1,0","582.1",",a,,0","0",",,,0","11.73","1,0","15.39","1,,,0","8.06","1,,,0"
"USC00044500","1958-03","37.9566","-122.5447","44.2","KENTFIELD, CA US","0.0","0","0.0","2,0","16",",0","11",",0","2",",0","0",",0","0",",0","0","2,0","1","2,0","0","2,0","0","2,0","0","2,0","","","19580302",",2,0","19580331","+,,0","19580331","+,,0","","","19580330",",,0","19580303",",2,0","-0.6","2,0,02,","0",",,0,31,+","0",",,0,31,+","43.4",",,0,30,","17.8","2,0,03,","","","254.5","2,0","165.6",",,,0","0",",,,0","9.56","2,0","15.69","2,,,0","3.42","2,,,0"
"USC00044500","1958-04","37.9566","-122.5447","44.2","KENTFIELD, CA US","0.0","0","0.0","2,0","7",",0","7",",0","4",",0","0",",0","0",",0","0","2,0","0","2,0","0","2,0","16","2,0","0","2,0","","","19580424",",2,0","19580430","+,,0","19580430","+,,0","","","19580403",",,0","19580421","+,2,0","2.2","2,0,24,","0",",,0,30,+","0",",,0,30,+","85.9",",,0,03,","27.8","2,0,21,+","","","126.0","2,0","233.0",",,,0","0",",,,0","13.83","2,0","21.08","2,,,0","6.59","2,,,0"
"USC00044500","1958-05","37.9566","-122.5447","44.2","KENTFIELD, CA US","","","","","4",",0","1",",0","0",",0","0",",0","0",",0","","","","","","","","","","","","","","","19580531","+,,0","19580531","+,,0","","","19580523",",,0","","","","","0",",,0,31,+","0",",,0,31,+","10.7",",,0,23,","","","","","","","13.2",",,,0","0",",,,0","","","","","",""
"USC00044500","1958-06","37.9566","-122.5447","44.2","KENTFIELD, CA US","","","30.5","3,0","4",",0","3",",0","0",",0","0",",0","0",",0","0","3,0","0","3,0","0","3,0","27","3,0","4","3,0","","","19580630","+,3,0","19580630","+,,0","19580630","+,,0","","","19580608",",,0","19580626",",3,0","8.3","3,0,30,+","0",",,0,30,+","0",",,0,30,+","7.6",",,0,08,","35.0","3,0,26,","","","12.5","3,0","16.7",",,,0","0",",,,0","19.00","3,0","25.84","3,,,0","12.16","3,,,0"
"USC00044500","1958-07","37.9566","-122.5447","44.2","KENTFIELD, CA US","","","35.3",",0","1",",0","0",",0","0",",0","0",",0","0",",0","0",",0","0",",0","0",",0","30",",0","0",",0","","","19580711",",,0","19580731","+,,0","19580731","+,,0","","","19580717",",,0","19580711",",,0","7.8",",0,11,","0",",,0,31,+","0",",,0,31,+","1.8",",,0,17,","31.1",",0,11,","6.1","0","6.1",",0","1.8",",,,0","0",",,,0","19.27",",0","26.75",",,,0","11.79",",,,0"
"USC00044500","1958-08","37.9566","-122.5447","44.2","KENTFIELD, CA US","","","67.3","3,0","0",",0","0",",0","0",",0","0",",0","0",",0","0","3,0","0","3,0","0","3,0","28","3,0","3","3,0","","","19580829","+,3,0","19580831","+,,0","19580831","+,,0","","","19580831","+,,0","19580813",",3,0","8.9","3,0,29,+","0",",,0,31,+","0",",,0,31,+","0.0",",,0,31,+","35.6","3,0,13,","6.6","0","0.5","3,0","0.0",",,,0","0",",,,0","20.72","3,0","29.76","3,,,0","11.68","3,,,0"
"USC00044500","1958-09","37.9566","-122.5447","44.2","KENTFIELD, CA US","","","71.2","4,0","2",",0","0",",0","0",",0","0",",0","0",",0","0","4,0","0","4,0","0","3,0","27","3,0","11","3,0","","","19580925",",4,0","19580930","+,,0","19580930","+,,0","","","19580923",",,0","19580907",",3,0","6.7","4,0,25,","0",",,0,30,+","0",",,0,30,+","1.5",",,0,23,","37.8","3,0,07,","14.1","0","7.5","3,0","2.0",",,,0","0",",,,0","20.86","4,0","30.90","3,,,0","10.82","4,,,0"
"USC00044500","1958-10","37.9566","-122.5447","44.2","KENTFIELD, CA US","","","","","2",",0","0",",0","0",",0","0",",0","0",",0","","","","","","","","","","","","","","","19581031","+,,0","19581031","+,,0","","","19581018",",,0","","","","","0",",,0,31,+","0",",,0,31,+","1.8",",,0,18,","","","","","","","2.6",",,,0","0",",,,0","","","","","",""
"USC00044500","1958-11","37.9566","-122.5447","44.2","KENTFIELD, CA US","","","","","4",",0","1",",0","0",",0","0",",0","0",",0","","","","","","","","","","","","","","","19581130","+,,0","19581130","+,,0","","","19581110",",,0","","","","","0",",,0,30,+","0",",,0,30,+","17.5",",,0,10,","","","","","","","20.8",",,,0","0",",,,0","","","","","",""
"USC00044500","1958-12","37.9566","-122.5447","44.2","KENTFIELD, CA US","","","0.0","1,0","5",",0","4",",0","2",",0","0",",0","0",",0","0","1,0","0","1,0","0","1,0","2","1,0","0","1,0","","","19581201",",1,0","19581231","+,,0","19581231","+,,0","","","19581227",",,0","19581205","+,1,0","1.7","1,0,01,","0",",,0,31,+","0",",,0,31,+","36.3",",,0,27,","21.1","1,0,05,+","","","244.0","1,0","87.4",",,,0","0",",,,0","10.20","1,0","16.26","1,,,0","4.14","1,,,0"
"USC00044500","1959-01","37.9566","-122.5447","44.2","KENTFIELD, CA US","0.0","0","0.0","2,0","13",",0","8",",0","4",",0","0",",0","0",",0","0","2,0","2","2,0","0","2,0","0","2,0","0","2,0","","","19590104",",2,0","19590131","+,,0","19590131","+,,0","","","19590109",",,0","19590112",",2,0","-1.7","2,0,04,","0",",,0,31,+","0",",,0,31,+","105.4",",,0,09,","18.3","2,0,12,","","","249.6","2,0","288.2",",,,0","0",",,,0","9.73","2,0","14.20","2,,,0","5.26","2,,,0"
"USC00044500","1959-02","37.9566","-122.5447","44.2","KENTFIELD, CA US","","","","","8","4,0","6","4,0","2","4,0","0",",0","0",",0","","","","","","","","","","","","","","","19590228","+,,0","19590228","+,,0","","","19590211",",4,0","","","","","0",",,0,28,+","0",",,0,28,+","46.2","4,,0,11,","","","","","","","290.3",",a,,0","0",",,,0","","","","","",""
"USC00044500","1959-03","37.9566","-122.5447","44.2","KENTFIELD, CA US","","","","","2",",0","2",",0","0",",0","0",",0","0",",0","","","","","","","","","","","","","","","19590331","+,,0","19590331","+,,0","","","19590326",",,0","","","","","0",",,0,31,+","0",",,0,31,+","24.9",",,0,26,","","","","","","","37.3",",,,0","0",",,,0","","","","","",""
"USC00044500","1959-04","37.9566","-122.5447","44.2","KENTFIELD, CA US","","","4.5","1,0","2",",0","2",",0","0",",0","0",",0","0",",0","0","1,0","0","1,0","0","1,0","26","1,0","0","1,0","","","19590416","+,1,0","19590430","+,,0","19590430","+,,0","","","19590425",",,0","19590430",",1,0","3.3","1,0,16,+","0",",,0,30,+","0",",,0,30,+","10.9",",,0,25,","30.6","1,0,30,","","","93.0","1,0","19.3",",,,0","0",",,,0","15.28","1,0","23.94","1,,,0","6.62","1,,,0"
"USC00044500","1959-05","37.9566","-122.5447","44.2","KENTFIELD, CA US","","","6.1","2,0","1",",0","0",",0","0",",0","0",",0","0",",0","0","2,0","0","2,0","0","2,0","21","2,0","0","2,0","","","19590530","+,2,0","19590531","+,,0","19590531","+,,0","","","19590513",",,0","19590511",",2,0","4.4","2,0,30,+","0",",,0,31,+","0",",,0,31,+","1.3",",,0,13,","31.7","2,0,11,","","","82.4","2,0","1.3",",,,0","0",",,,0","15.70","2,0","23.29","2,,,0","8.11","2,,,0"
"USC00044500","1959-06","37.9566","-122.5447","44.2","KENTFIELD, CA US","","","44.4","1,0","0",",0","0",",0","0",",0","0",",0","0",",0","0","1,0","0","1,0","0","1,0","29","1,0","5","1,0","","","19590615","+,1,0","19590630","+,,0","19590630","+,,0","","","19590630","+,,0","19590624",",1,0","6.7","1,0,15,+","0",",,0,30,+","0",",,0,30,+","0.0",",,0,30,+","36.1","1,0,24,","","","17.3","1,0","0.0",",,,0","0",",,,0","19.27","1,0","28.14","1,,,0","10.39","1,,,0"
"USC00044500","1959-07","37.9566","-122.5447","44.2","KENTFIELD, CA US","","","66.1","1,0","0",",0","0",",0","0",",0","0",",0","0",",0","0","1,0","0","1,0","0","1,0","30","1,0","7","1,0","","","19590715",",1,0","19590731","+,,0","19590731","+,,0","","","19590723",",,0","19590711",",1,0","6.1","1,0,15,","0",",,0,31,+","0",",,0,31,+","0.0",",T,0,23,","41.1","1,0,11,","5.0","0","5.0","1,0","0.0",",T,,0","0",",,,0","20.37","1,0","30.61","1,,,0","10.13","1,,,0"
"USC00044500","1959-08","37.9566","-122.5447","44.2","KENTFIELD, CA US","","","","","1",",0","0",",0","0",",0","0",",0","0",",0","","","","","","","","","","","","","","","19590831","+,,0","19590831","+,,0","","","19590808",",,0","","","","","0",",,0,31,+","0",",,0,31,+","0.3",",,0,08,","","","","","","","0.3",",,,0","0",",,,0","","","","","",""
"USC00044500","1959-09","37.9566","-122.5447","44.2","KENTFIELD, CA US","","","27.5",",0","3",",0","2",",0","2",",0","0",",0","0",",0","0",",0","0",",0","0",",0","29",",0","2",",0","","","19590925",",,0","19590930","+,,0","19590930","+,,0","","","19590918",",,0","19590901",",,0","5.6",",0,25,","0",",,0,30,+","0",",,0,30,+","97.8",",,0,18,","33.3",",0,01,","","","19.7",",0","141.0",",,,0","0",",,,0","18.60",",0","27.09",",,,0","10.10",",,,0"
"USC00044500","1959-10","37.9566","-122.5447","44.2","KENTFIELD, CA US","","","23.0","4,0","0",",0","0",",0","0",",0","0",",0","0",",0","0","4,0","0","4,0","0","4,0","25","4,0","2","4,0","","","19591004",",4,0","19591031","+,,0","19591031","+,,0","","","19591031","+,,0","19591015","+,4,0","5.6","4,0,04,","0",",,0,31,+","0",",,0,31,+","0.0",",,0,31,+","32.2","4,0,15,+","","","37.4","4,0","0.0",",,,0","0",",,,0","17.80","4,0","26.46","4,,,0","9.14","4,,,0"
"USC00044500","1959-11","37.9566","-122.5447","44.2","KENTFIELD, CA US","","","0.0","5,0","0",",0","0",",0","0",",0","0",",0","0",",0","0","5,0","0","5,0","0","5,0","9","5,0","0","5,0","","","19591129",",5,0","19591130","+,,0","19591130","+,,0","","","19591121",",,0","19591123",",5,0","0.6","5,0,29,","0",",,0,30,+","0",",,0,30,+","0.0",",T,0,21,","25.0","5,0,23,","","","177.1","5,0","0.0",",T,,0","0",",,,0","11.25","5,0","19.13","5,,,0","3.37","5,,,0"
"USC00044500","1959-12","37.9566","-122.5447","44.2","KENTFIELD, CA US","","","0.0","4,0","4",",0","3",",0","1",",0","0",",0","0",",0","0","4,0","8","4,0","0","4,0","0","4,0","0","4,0","","","19591230","+,4,0","19591231","+,,0","19591231","+,,0","","","19591224",",,0","19591201",",4,0","-1.1","4,0,30,+","0",",,0,31,+","0",",,0,31,+","32.3",",,0,24,","20.6","4,0,01,","","","262.0","4,0","51.3",",,,0","0",",,,0","8.63","4,0","15.36","4,,,0","1.90","4,,,0"
"USC00044500","1960-01","37.9566","-122.5447","44.2","KENTFIELD, CA US","0.0","","0.0","2,0","18",",0","17",",0","3",",0","0",",0","0",",0","0","2,0","11","2,0","0","1,0","0","1,0","0","1,0","","","19600102",",2,0","19600131","+,,0","19600131","+,,0","","","19600108",",,0","19600130",",1,0","-4.4","2,0,02,","0",",,0,31,+","0",",,0,31,+","32.5",",,0,08,","16.7","1,0,30,","","","311.1","1,0","332.0",",,,0","0",",,,0","7.56","2,0","11.85","1,,,0","3.28","2,,,0"
"USC00044500","1960-02","37.9566","-122.5447","44.2","KENTFIELD, CA US","","","","","13",",0","9",",0","3",",0","0",",0","0",",0","","","","","","","","","","","","","","","19600229","+,,0","19600229","+,,0","","","19600208",",,0","","","","","0",",,0,29,+","0",",,0,29,+","111.3",",,0,08,","","","","","","","300.4",",,,0","0",",,,0","","","","","",""
"USC00044500","1960-03","37.9566","-122.5447","44.2","KENTFIELD, CA US","","","0.0","4,0","10","2,0","8","2,0","2","2,0","0",",0","0",",0","0","4,0","0","4,0","0","3,0","4","3,0","0","3,0","","","19600310",",4,0","19600331","+,,0","19600331","+,,0","","","19600306",",2,0","19600321",",3,0","0.6","4,0,10,","0",",,0,31,+","0",",,0,31,+","30.2","2,,0,06,","27.2","3,0,21,","","","158.0","3,0","186.5",",a,,0","0",",,,0","12.50","4,0","18.16","3,,,0","6.83","4,,,0"
"USC00044500","1960-04","37.9566","-122.5447","44.2","KENTFIELD, CA US","","","1.7",",0","5",",0","2",",0","1",",0","0",",0","0",",0","0",",0","0",",0","0",",0","14",",0","0",",0","","","19600424",",,0","19600430","+,,0","19600430","+,,0","","","19600427",",,0","19600405",",,0","1.1",",0,24,","0",",,0,30,+","0",",,0,30,+","35.3",",,0,27,","29.4",",0,05,","","","136.2",",0","44.2",",,,0","0",",,,0","13.85",",0","20.72",",,,0","6.98",",,,0"
"USC00044500","1960-05","37.9566","-122.5447","44.2","KENTFIELD, CA US","","","1.4","1,0","5",",0","4",",0","0",",0","0",",0","0",",0","0","1,0","0","1,0","0","1,0","19","1,0","0","1,0","","","19600517","+,1,0","19600531","+,,0","19600531","+,,0","","","19600524",",,0","19600520",",1,0","5.0","1,0,17,+","0",",,0,31,+","0",",,0,31,+","21.6",",,0,24,","29.4","1,0,20,","","","97.1","1,0","55.1",",,,0","0",",,,0","15.14","1,0","22.05","1,,,0","8.23","1,,,0"
"USC00044500","1960-06","37.9566","-122.5447","44.2","KENTFIELD, CA US","","","53.6","5,0","0",",0","0",",0","0",",0","0",",0","0",",0","0","4,0","0","4,0","0","4,0","26","4,0","9","4,0","","","19600608",",4,0","19600630","+,,0","19600630","+,,0","","","19600630","+,,0","19600603",",4,0","6.7","4,0,08,","0",",,0,30,+","0",",,0,30,+","0.0",",,0,30,+","41.1","4,0,03,","","","21.4","4,0","0.0",",,,0","0",",,,0","19.70","5,0","29.06","4,,,0","10.34","4,,,0"
"USC00044500","1960-07","37.9566","-122.5447","44.2","KENTFIELD, CA US","","","55.5","2,0","0",",0","0",",0","0",",0","0",",0","0",",0","0","2,0","0","2,0","0","2,0","29","2,0","9","2,0","","","19600711",",2,0","19600731","+,,0","19600731","+,,0","","","19600731","+,,0","19600721",",2,0","6.7","2,0,11,","0",",,0,31,+","0",",,0,31,+","0.0",",,0,31,+","37.8","2,0,21,","7.8","","7.8","2,0","0.0",",,,0","0",",,,0","19.98","2,0","29.49","2,,,0","10.46","2,,,0"
"USC00044500","1960-08","37.9566","-122.5447","44.2","KENTFIELD, CA US","","","","","0",",0","0",",0","0",",0","0",",0","0",",0","","","","","","","","","","","","","","","19600831","+,,0","19600831","+,,0","","","19600831","+,,0","","","","","0",",,0,31,+","0",",,0,31,+","0.0",",,0,31,+","","","","","","","0.0",",,,0","0",",,,0","","","","","",""
"USC00044500","1960-09","37.9566","-122.5447","44.2","KENTFIELD, CA US","","","17.3","2,0","0",",0","0",",0","0",",0","0",",0","0",",0","0","1,0","0","1,0","0","1,0","28","1,0","4","1,0","","","19600923",",1,0","19600930","+,,0","19600930","+,,0","","","19600927","+,,0","19600926",",1,0","4.4","1,0,23,","0",",,0,30,+","0",",,0,30,+","0.0",",T,0,27,+","36.7","1,0,26,","","","34.5","1,0","0.0",",T,,0","0",",,,0","17.92","2,0","27.58","1,,,0","8.26","1,,,0"
"USC00044500","1960-10","37.9566","-122.5447","44.2","KENTFIELD, CA US","","","","","1","2,0","0","2,0","0","2,0","0",",0","0",",0","","","","","","","","","","","","","","","19601031","+,,0","19601031","+,,0","","","19601024",",2,0","","","","","0",",,0,31,+","0",",,0,31,+","0.3","2,,0,24,","","","","","","","20.9",",a,,0","0",",,,0","","","","","",""
"USC00044500","1960-11","37.9566","-122.5447","44.2","KENTFIELD, CA US","","","0.0","4,0","16",",0","7",",0","1",",0","0",",0","0",",0","0","3,0","0","3,0","0","3,0","3","3,0","0","3,0","","","19601127",",3,0","19601130","+,,0","19601130","+,,0","","","19601126",",,0","19601103","+,3,0","0.6","3,0,27,","0",",,0,30,+","0",",,0,30,+","53.1",",,0,26,","23.3","3,0,03,+","","","217.2","3,0","130.2",",,,0","0",",,,0","10.12","4,0","15.35","3,,,0","4.90","3,,,0"
"USC00044500","1961-02","37.9566","-122.5447","44.2","KENTFIELD, CA US","","","","","1","2,0","1","2,0","0","2,0","0",",0","0",",0","","","","","","","","","","","","","","","19610228","+,,0","19610228","+,,0","","","19610214",",2,0","","","","","0",",,0,28,+","0",",,0,28,+","4.1","2,,0,14,","","","","","","","28.7",",a,,0","0",",,,0","","","","","",""
"USC00044500","1961-03","37.9566","-122.5447","44.2","KENTFIELD, CA US","","","","","16","5,0","8","5,0","2","5,0","0",",0","0",",0","","","","","0","5,0","3","5,0","0","5,0","","","","","19610331","+,,0","19610331","+,,0","","","19610327","+,5,0","19610330",",5,0","","","0",",,0,31,+","0",",,0,31,+","32.0","5,,0,27,+","25.0","5,0,30,","","","","","199.7",",a,,0","0",",,,0","","","17.13","5,,,0","",""
"USC00044500","1961-04","37.9566","-122.5447","44.2","KENTFIELD, CA US","","","3.4",",0","8",",0","4",",0","0",",0","0",",0","0",",0","0",",0","0",",0","0",",0","14",",0","0",",0","","","19610424","+,,0","19610430","+,,0","19610430","+,,0","","","19610422",",,0","19610404",",,0","3.9",",0,24,+","0",",,0,30,+","0",",,0,30,+","16.8",",,0,22,","28.9",",0,04,","","","136.1",",0","41.3",",,,0","0",",,,0","13.91",",0","21.16",",,,0","6.66",",,,0"
"USC00044500","1961-05","37.9566","-122.5447","44.2","KENTFIELD, CA US","","","0.0",",0","8",",0","1",",0","0",",0","0",",0","0",",0","0",",0","0",",0","0",",0","14",",0","0",",0","","","19610508","+,,0","19610531","+,,0","19610531","+,,0","","","19610510",",,0","19610515",",,0","4.4",",0,08,+","0",",,0,31,+","0",",,0,31,+","6.4",",,0,10,","26.1",",0,15,","","","124.8",",0","14.6",",,,0","0",",,,0","14.31",",0","20.18",",,,0","8.44",",,,0"
"USC00044500","1961-06","37.9566","-122.5447","44.2","KENTFIELD, CA US","","","49.8","2,0","0",",0","0",",0","0",",0","0",",0","0",",0","0","2,0","0","2,0","0","2,0","26","2,0","8","2,0","","","19610628",",2,0","19610630","+,,0","19610630","+,,0","","","19610602",",,0","19610615",",2,0","7.8","2,0,28,","0",",,0,30,+","0",",,0,30,+","0.0",",T,0,02,","42.2","2,0,15,","","","23.3","2,0","0.0",",T,,0","0",",,,0","19.28","2,0","27.26","2,,,0","11.29","2,,,0"
"USC00044500","1961-07","37.9566","-122.5447","44.2","KENTFIELD, CA US","","","93.8",",0","0",",0","0",",0","0",",0","0",",0","0",",0","0",",0","0",",0","0",",0","31",",0","11",",0","3","","19610729","+,,0","19610731","+,,0","19610731","+,,0","","","19610731","+,,0","19610711",",,0","8.3",",0,29,+","0",",,0,31,+","0",",,0,31,+","0.0",",,0,31,+","40.6",",0,11,","9.3","0","9.3",",0","0.0",",,,0","0",",,,0","21.06",",0","30.57",",,,0","11.55",",,,0"
"USC00044500","1961-08","37.9566","-122.5447","44.2","KENTFIELD, CA US","","","59.6",",0","2",",0","0",",0","0",",0","0",",0","0",",0","0",",0","0",",0","0",",0","31",",0","3",",0","14","","19610801",",,0","19610831","+,,0","19610831","+,,0","","","19610820",",,0","19610806",",,0","7.8",",0,01,","0",",,0,31,+","0",",,0,31,+","0.8",",,0,20,","34.4",",0,06,","13.2","0","3.9",",0","1.3",",,,0","0",",,,0","20.13",",0","27.98",",,,0","12.28",",,,0"
"USC00044500","1961-09","37.9566","-122.5447","44.2","KENTFIELD, CA US","","","37.7","1,0","1",",0","1",",0","0",",0","0",",0","0",",0","0","1,0","0","1,0","0","1,0","27","1,0","5","1,0","","","19610929","+,1,0","19610930","+,,0","19610930","+,,0","","","19610916",",,0","19610906",",1,0","6.7","1,0,29,+","0",",,0,30,+","0",",,0,30,+","5.3",",,0,16,","36.1","1,0,06,","47.7","0","34.5","1,0","5.3",",,,0","0",",,,0","18.44","1,0","27.58","1,,,0","9.30","1,,,0"
"USC00044500","1961-10","37.9566","-122.5447","44.2","KENTFIELD, CA US","","","7.0","3,0","4",",0","1",",0","0",",0","0",",0","0",",0","0","2,0","0","2,0","0","2,0","18","2,0","1","2,0","1","","19611023",",2,0","19611031","+,,0","19611031","+,,0","","","19611028",",,0","19611016",",2,0","3.3","2,0,23,","0",",,0,31,+","0",",,0,31,+","2.5",",,0,28,","35.6","2,0,16,","126.8","0","79.1","2,0","5.4",",,,0","0",",,,0","15.99","3,0","23.43","2,,,0","8.56","2,,,0"
"USC00044500","1961-11","37.9566","-122.5447","44.2","KENTFIELD, CA US","","","0.0",",0","8",",0","6",",0","3",",0","0",",0","0",",0","0",",0","2",",0","0",",0","10",",0","0",",0","1","","19611117",",,0","19611130","+,,0","19611130","+,,0","","","19611120",",,0","19611114","+,,0","-1.7",",0,17,","0",",,0,30,+","0",",,0,30,+","52.8",",,0,20,","24.4",",0,14,+","325.5","0","198.7",",0","156.0",",,,0","0",",,,0","11.71",",0","17.94",",,,0","5.48",",,,0"
"USC00044500","1961-12","37.9566","-122.5447","44.2","KENTFIELD, CA US","","","0.0",",0","13",",0","6",",0","2",",0","0",",0","0",",0","0",",0","4",",0","0",",0","0",",0","0",",0","14","","19611212","+,,0","19611231","+,,0","19611231","+,,0","","","19611202",",,0","19611209",",,0","-1.1",",0,12,+","0",",,0,31,+","0",",,0,31,+","42.4",",,0,02,","17.2",",0,09,","655.4","0","329.9",",0","114.9",",,,0","0",",,,0","7.69",",0","11.76",",,,0","3.62",",,,0"
"USC00044500","1962-01","37.9566","-122.5447","44.2","KENTFIELD, CA US","0.0","0","0.0",",0","5",",0","4",",0","1",",0","0",",0","0",",0","0",",0","9",",0","0",",0","2",",0","0",",0","4","","19620123",",,0","19620131","+,,0","19620131","+,,0","","","19620120",",,0","19620109",",,0","-2.8",",0,23,","0",",,0,31,+","0",",,0,31,+","110.5",",,0,20,","26.1",",0,09,","990.3","0","334.9",",0","131.5",",,,0","0",",,,0","7.53",",0","13.45",",,,0","1.62",",,,0"
"USC00044500","1962-02","37.9566","-122.5447","44.2","KENTFIELD, CA US","0.0","0","0.0",",0","17",",0","14",",0","5",",0","0",",0","0",",0","0",",0","2",",0","0",",0","0",",0","0",",0","4","","19620227",",,0","19620228","+,,0","19620228","+,,0","1","","19620213",",,0","19620201",",,0","-3.3",",0,27,","0",",,0,28,+","0",",,0,28,+","85.1",",,0,13,","19.4",",0,01,","1232.7","0","242.4",",0","418.6",",,,0","0",",,,0","9.68",",0","14.12",",,,0","5.24",",,,0"
"USC00044500","1962-03","37.9566","-122.5447","44.2","KENTFIELD, CA US","0.0","0","0.0",",0","15",",0","6",",0","3",",0","0",",0","0",",0","0",",0","0",",0","0",",0","2",",0","0",",0","3","","19620313",",,0","19620331","+,,0","19620331","+,,0","","","19620306",",,0","19620328",",,0","0.6",",0,13,","0",",,0,31,+","0",",,0,31,+","78.7",",,0,06,","22.2",",0,28,","1486.6","0","253.9",",0","218.3",",,,0","0",",,,0","10.14",",0","15.45",",,,0","4.84",",,,0"
"USC00044500","1962-04","37.9566","-122.5447","44.2","KENTFIELD, CA US","2.8","0","2.8",",0","3",",0","1",",0","0",",0","0",",0","0",",0","0",",0","0",",0","0",",0","16",",0","0",",0","4","","19620420",",,0","19620430","+,,0","19620430","+,,0","","","19620428",",,0","19620414","+,,0","3.9",",0,20,","0",",,0,30,+","0",",,0,30,+","13.7",",,0,28,","29.4",",0,14,+","1603.1","0","116.5",",0","15.0",",,,0","0",",,,0","14.54",",0","22.35",",,,0","6.73",",,,0"
"USC00044500","1962-05","37.9566","-122.5447","44.2","KENTFIELD, CA US","3.9","0","1.1","1,0","1",",0","0",",0","0",",0","0",",0","0",",0","0","1,0","0","1,0","0",",0","18",",0","0",",0","","","19620525","+,1,0","19620531","+,,0","19620531","+,,0","","","19620509",",,0","19620506",",,0","5.0","1,0,25,+","0",",,0,31,+","0",",,0,31,+","1.5",",,0,09,","27.8",",0,06,","1713.7","0","110.6",",0","1.5",",,,0","0",",,,0","14.67","1,0","21.61",",,,0","7.74","1,,,0"
"USC00044500","1962-06","37.9566","-122.5447","44.2","KENTFIELD, CA US","33.5","0","29.6",",0","0",",0","0",",0","0",",0","0",",0","0",",0","0",",0","0",",0","0",",0","27",",0","5",",0","11","","19620625",",,0","19620630","+,,0","19620630","+,,0","","","19620615",",,0","19620620",",,0","5.0",",0,25,","0",",,0,30,+","0",",,0,30,+","0.0",",T,0,15,","37.2",",0,20,","1763.5","0","49.8",",0","0.0",",T,,0","0",",,,0","17.66",",0","26.11",",,,0","9.21",",,,0"
"USC00044500","1962-07","37.9566","-122.5447","44.2","KENTFIELD, CA US","44.9","0","11.4",",0","0",",0","0",",0","0",",0","0",",0","0",",0","0",",0","0",",0","0",",0","29",",0","0",",0","15","","19620713","+,,0","19620731","+,,0","19620731","+,,0","","","19620731","+,,0","19620715",",,0","7.2",",0,13,+","0",",,0,31,+","0",",,0,31,+","0.0",",,0,31,+","31.7",",0,15,","30.2","0","30.2",",0","0.0",",,,0","0",",,,0","17.73",",0","26.31",",,,0","9.14",",,,0"
"USC00044500","1962-08","37.9566","-122.5447","44.2","KENTFIELD, CA US","81.9","0","37.0","3,0","2",",0","1",",0","0",",0","0",",0","0",",0","0","3,0","0","3,0","0",",0","31",",0","7",",0","16","","19620802","+,3,0","19620831","+,,0","19620831","+,,0","","","19620809",",,0","19620828",",,0","4.4","3,0,02,+","0",",,0,31,+","0",",,0,31,+","4.8",",,0,09,","36.7",",0,28,","47.9","0","17.7",",0","5.3",",,,0","0",",,,0","19.14","3,0","27.78",",,,0","10.50","3,,,0"
"USC00044500","1962-09","37.9566","-122.5447","44.2","KENTFIELD, CA US","95.6","0","13.7","2,0","2",",0","1",",0","0",",0","0",",0","0",",0","0","2,0","0","2,0","0","2,0","26","2,0","2","2,0","15","","19620923",",2,0","19620930","+,,0","19620930","+,,0","","","19620929",",,0","19620917",",2,0","7.2","2,0,23,","0",",,0,30,+","0",",,0,30,+","5.6",",,0,29,","36.7","2,0,17,","87.0","0","39.1","2,0","7.1",",,,0","0",",,,0","17.43","2,0","25.39","2,,,0","9.46","2,,,0"
"USC00044500","1962-10","37.9566","-122.5447","44.2","KENTFIELD, CA US","100.4","0","4.8","1,0","5",",0","5",",0","4",",0","0",",0","0",",0","0",",0","0",",0","0","1,0","19","1,0","0","1,0","12","","19621005",",,0","19621031","+,,0","19621031","+,,0","","","19621012",",,0","19621002",",1,0","6.1",",0,05,","0",",,0,31,+","0",",,0,31,+","147.6",",,0,12,","31.7","1,0,02,","169.8","0","82.8","1,0","329.4",",,,0","0",",,,0","15.82","1,0","21.85","1,,,0","9.78",",,,0"
"USC00044500","1962-11","37.9566","-122.5447","44.2","KENTFIELD, CA US","101.3","0","0.9",",0","5",",0","1",",0","1",",0","0",",0","0",",0","0",",0","0",",0","0",",0","11",",0","0",",0","4","","19621129",",,0","19621130","+,,0","19621130","+,,0","","","19621127",",,0","19621101",",,0","3.3",",0,29,","0",",,0,30,+","0",",,0,30,+","39.9",",,0,27,","26.7",",0,01,","314.5","0","144.7",",0","43.2",",,,0","0",",,,0","13.54",",0","19.43",",,,0","7.65",",,,0"
"USC00044500","1962-12","37.9566","-122.5447","44.2","KENTFIELD, CA US","101.3","0","0.0",",0","10",",0","7",",0","3",",0","0",",0","0",",0","0",",0","5",",0","0",",0","0",",0","0",",0","15","","19621225",",,0","19621231","+,,0","19621231","+,,0","","","19621215",",,0","19621209",",,0","-2.8",",0,25,","0",",,0,31,+","0",",,0,31,+","38.9",",,0,15,","18.9",",0,09,","583.9","0","269.4",",0","186.5",",,,0","0",",,,0","9.64",",0","14.47",",,,0","4.81",",,,0"
"USC00044500","1963-01","37.9566","-122.5447","44.2","KENTFIELD, CA US","0.0","0","0.0",",0","6",",0","2",",0","2",",0","0",",0","0",",0","0",",0","13",",0","0",",0","0",",0","0",",0","9","","19630113",",,0","19630131","+,,0","19630131","+,,0","","","19630131",",,0","19630109",",,0","-3.9",",0,13,","0",",,0,31,+","0",",,0,31,+","125.2",",,0,31,","18.3",",0,09,","942.3","0","358.4",",0","227.5",",,,0","0",",,,0","6.77",",0","12.45",",,,0","1.10",",,,0"
"USC00044500","1963-02","37.9566","-122.5447","44.2","KENTFIELD, CA US","0.0","0","0.0",",0","12",",0","6",",0","2",",0","0",",0","0",",0","0",",0","0",",0","0",",0","5",",0","0",",0","8","","19630228",",,0","19630228","+,,0","19630228","+,,0","","","19630201",",,0","19630224",",,0","3.9",",0,28,","0",",,0,28,+","0",",,0,28,+","118.1",",,0,01,","22.2",",0,24,","1079.0","0","136.7",",0","211.2",",,,0","0",",,,0","13.45",",0","18.31",",,,0","8.59",",,,0"
"USC00044500","1963-03","37.9566","-122.5447","44.2","KENTFIELD, CA US","0.0","0","0.0",",0","13",",0","8",",0","2",",0","0",",0","0",",0","0",",0","0",",0","0",",0","2",",0","0",",0","1","","19630317",",,0","19630331","+,,0","19630331","+,,0","1","","19630328",",,0","19630302","+,,0","0.6",",0,17,","0",",,0,31,+","0",",,0,31,+","78.5",",,0,28,","22.2",",0,02,+","1309.6","0","230.6",",0","208.1",",,,0","0",",,,0","10.90",",0","16.60",",,,0","5.19",",,,0"
"USC00044500","1963-04","37.9566","-122.5447","44.2","KENTFIELD, CA US","0.0","0","0.0","1,0","19",",0","12",",0","3",",0","0",",0","0",",0","0","1,0","0","1,0","0",",0","4",",0","0",",0","1","","19630402",",1,0","19630430","+,,0","19630430","+,,0","1","","19630419",",,0","19630429",",,0","1.7","1,0,02,","0",",,0,30,+","0",",,0,30,+","57.7",",,0,19,","22.2",",0,29,","1500.8","0","191.2",",0","228.2",",,,0","0",",,,0","11.74","1,0","16.77",",,,0","6.71","1,,,0"
"USC00044500","1963-05","37.9566","-122.5447","44.2","KENTFIELD, CA US","2.5","0","2.5",",0","7",",0","3",",0","0",",0","0",",0","0",",0","0",",0","0",",0","0",",0","11",",0","0",",0","11","","19630509",",,0","19630531","+,,0","19630531","+,,0","","","19630509",",,0","19630518",",,0","4.4",",0,09,","0",",,0,31,+","0",",,0,31,+","7.9",",,0,09,","30.6",",0,18,","1606.5","0","105.7",",0","18.7",",,,0","0",",,,0","15.00",",0","20.36",",,,0","9.65",",,,0"
"USC00044500","1963-06","37.9566","-122.5447","44.2","KENTFIELD, CA US","10.9","0","8.4",",0","0",",0","0",",0","0",",0","0",",0","0",",0","0",",0","0",",0","0",",0","26",",0","0",",0","12","","19630610","+,,0","19630630","+,,0","19630630","+,,0","","","19630605",",,0","19630626",",,0","7.2",",0,10,+","0",",,0,30,+","0",",,0,30,+","0.0",",T,0,05,","31.1",",0,26,","1653.5","0","47.0",",0","0.0",",T,,0","0",",,,0","17.04",",0","24.20",",,,0","9.89",",,,0"
"USC00044500","1963-07","37.9566","-122.5447","44.2","KENTFIELD, CA US","36.8","0","25.9",",0","0",",0","0",",0","0",",0","0",",0","0",",0","0",",0","0",",0","0",",0","31",",0","4",",0","12","","19630701",",,0","19630731","+,,0","19630731","+,,0","","","19630731","+,,0","19630727",",,0","6.7",",0,01,","0",",,0,31,+","0",",,0,31,+","0.0",",,0,31,+","36.1",",0,27,","16.7","0","16.7",",0","0.0",",,,0","0",",,,0","18.63",",0","26.78",",,,0","10.47",",,,0"
"USC00044500","1963-08","37.9566","-122.5447","44.2","KENTFIELD, CA US","76.9","0","40.1","2,0","0",",0","0",",0","0",",0","0",",0","0",",0","0","2,0","0","2,0","0","2,0","29","2,0","3","2,0","10","","19630827",",2,0","19630831","+,,0","19630831","+,,0","","","19630809",",,0","19630816",",2,0","7.8","2,0,27,","0",",,0,31,+","0",",,0,31,+","0.0",",T,0,09,","35.6","2,0,16,","30.0","0","13.3","2,0","0.0",",T,,0","0",",,,0","19.26","2,0","28.21","2,,,0","10.31","2,,,0"
"USC00044500","1963-09","37.9566","-122.5447","44.2","KENTFIELD, CA US","134.2","0","57.3","2,0","4",",0","0",",0","0",",0","0",",0","0",",0","0","2,0","0","2,0","0","1,0","28","1,0","6","1,0","3","","19630921",",2,0","19630930","+,,0","19630930","+,,0","1","","19630913",",,0","19630927",",1,0","8.3","2,0,21,","0",",,0,30,+","0",",,0,30,+","1.5",",,0,13,","36.7","1,0,27,","35.0","0","5.0","1,0","3.3",",,,0","0",",,,0","20.27","2,0","28.56","1,,,0","11.98","2,,,0"
"USC00044500","1963-10","37.9566","-122.5447","44.2","KENTFIELD, CA US","135.0","0","0.8",",0","7",",0","4",",0","1",",0","0",",0","0",",0","0",",0","0",",0","0",",0","22",",0","0",",0","","","19631031",",,0","19631031","+,,0","19631031","+,,0","","","19631011",",,0","19631002",",,0","4.4",",0,31,","0",",,0,31,+","0",",,0,31,+","42.9",",,0,11,","29.4",",0,02,","102.7","0","67.7",",0","83.3",",,,0","0",",,,0","16.18",",0","22.26",",,,0","10.10",",,,0"
"USC00044500","1963-11","37.9566","-122.5447","44.2","KENTFIELD, CA US","135.0","0","0.0",",0","15",",0","10",",0","6",",0","0",",0","0",",0","0",",0","0",",0","0",",0","1",",0","0",",0","","","19631122",",,0","19631130","+,,0","19631130","+,,0","","","19631104",",,0","19631101",",,0","2.8",",0,22,","0",",,0,30,+","0",",,0,30,+","47.2",",,0,04,","21.1",",0,01,","302.4","0","199.7",",0","240.9",",,,0","0",",,,0","11.68",",0","16.33",",,,0","7.02",",,,0"
"USC00044500","1963-12","37.9566","-122.5447","44.2","KENTFIELD, CA US","135.0","0","0.0",",0","5",",0","4",",0","0",",0","0",",0","0",",0","0",",0","3",",0","0",",0","0",",0","0",",0","","","19631211",",,0","19631231","+,,0","19631231","+,,0","","","19631219",",,0","19631210",",,0","-1.1",",0,11,","0",",,0,31,+","0",",,0,31,+","22.1",",,0,19,","15.0",",0,10,","670.1","0","367.7",",0","37.8",",,,0","0",",,,0","6.47",",0","9.86",",,,0","3.08",",,,0"
"USC00044500","1964-01","37.9566","-122.5447","44.2","KENTFIELD, CA US","0.0","0","0.0",",0","15",",0","8",",0","4",",0","0",",0","0",",0","0",",0","4",",0","0",",0","0",",0","0",",0","","","19640113",",,0","19640131","+,,0","19640131","+,,0","1","","19640118",",,0","19640103",",,0","-0.6",",0,13,","0",",,0,31,+","0",",,0,31,+","45.7",",,0,18,","17.8",",0,03,","988.3","0","318.2",",0","188.4",",,,0","0",",,,0","8.07",",0","12.96",",,,0","3.18",",,,0"
"USC00044500","1964-02","37.9566","-122.5447","44.2","KENTFIELD, CA US","0.0","0","0.0",",0","2",",0","1",",0","0",",0","0",",0","0",",0","0",",0","0",",0","0",",0","5",",0","0",",0","","","19640225","+,,0","19640229","+,,0","19640229","+,,0","","","19640215",",,0","19640220",",,0","0.6",",0,25,+","0",",,0,29,+","0",",,0,29,+","5.8",",,0,15,","25.6",",0,20,","1215.0","0","226.7",",0","6.8",",,,0","0",",,,0","10.52",",0","18.08",",,,0","2.95",",,,0"
"USC00044500","1964-03","37.9566","-122.5447","44.2","KENTFIELD, CA US","0.0","0","0.0","1,0","7",",0","6",",0","2",",0","0",",0","0",",0","0","1,0","0","1,0","0","1,0","8","1,0","0","1,0","","","19640308",",1,0","19640331","+,,0","19640331","+,,0","","","19640312",",,0","19640317",",1,0","0.6","1,0,08,","0",",,0,31,+","0",",,0,31,+","32.0",",,0,12,","26.1","1,0,17,","1440.3","0","225.3","1,0","108.2",",,,0","0",",,,0","10.82","1,0","17.56","1,,,0","4.08","1,,,0"
"USC00044500","1964-04","37.9566","-122.5447","44.2","KENTFIELD, CA US","0.0","0","0.0","2,0","1",",0","1",",0","0",",0","0",",0","0",",0","0","1,0","0","1,0","0","1,0","9","1,0","0","1,0","","","19640424",",1,0","19640430","+,,0","19640430","+,,0","","","19640401",",,0","19640415",",1,0","1.1","1,0,24,","0",",,0,30,+","0",",,0,30,+","13.7",",,0,01,","30.6","1,0,15,","1611.6","0","171.3","1,0","13.7",",,,0","0",",,,0","12.48","2,0","19.78","1,,,0","5.19","1,,,0"
"USC00044500","1964-05","37.9566","-122.5447","44.2","KENTFIELD, CA US","0.0","0","0.0",",0","5",",0","2",",0","0",",0","0",",0","0",",0","0",",0","0",",0","0",",0","17",",0","0",",0","","","19640515",",,0","19640531","+,,0","19640531","+,,0","1","","19640517",",,0","19640512",",,0","2.8",",0,15,","0",",,0,31,+","0",",,0,31,+","6.6",",,0,17,","28.9",",0,12,","1750.4","0","138.8",",0","17.0",",,,0","0",",,,0","13.85",",0","20.79",",,,0","6.92",",,,0"
"USC00044500","1964-06","37.9566","-122.5447","44.2","KENTFIELD, CA US","25.0","0","25.0",",0","3",",0","1",",0","1",",0","0",",0","0",",0","0",",0","0",",0","0",",0","26",",0","3",",0","","","19640628",",,0","19640630","+,,0","19640630","+,,0","","","19640609",",,0","19640623",",,0","6.7",",0,28,","0",",,0,30,+","0",",,0,30,+","47.2",",,0,09,","35.0",",0,23,","1803.2","0","52.8",",0","47.8",",,,0","0",",,,0","17.41",",0","24.76",",,,0","10.06",",,,0"
"USC00044500","1964-07","37.9566","-122.5447","44.2","KENTFIELD, CA US","75.6","0","50.6","1,0","0",",0","0",",0","0",",0","0",",0","0",",0","0","1,0","0","1,0","0",",0","31",",0","5",",0","","","19640703",",1,0","19640731","+,,0","19640731","+,,0","","","19640728",",,0","19640724","+,,0","7.2","1,0,03,","0",",,0,31,+","0",",,0,31,+","0.0",",T,0,28,","36.7",",0,24,+","11.7","0","11.7",",0","0.0",",T,,0","0",",,,0","19.52","1,0","28.47",",,,0","10.56","1,,,0"
"USC00044500","1964-08","37.9566","-122.5447","44.2","KENTFIELD, CA US","115.3","0","39.7","4,0","1",",0","0",",0","0",",0","0",",0","0",",0","0","4,0","0","4,0","0","3,0","26","3,0","3","3,0","","","19640809",",4,0","19640831","+,,0","19640831","+,,0","","","19640831",",,0","19640806",",3,0","8.3","4,0,09,","0",",,0,31,+","0",",,0,31,+","0.8",",,0,31,","37.2","3,0,06,","23.7","0","12.0","3,0","0.8",",,,0","0",",,,0","19.53","4,0","28.21","3,,,0","10.84","4,,,0"
"USC00044500","1964-09","37.9566","-122.5447","44.2","KENTFIELD, CA US","157.5","0","42.2",",0","0",",0","0",",0","0",",0","0",",0","0",",0","0",",0","0",",0","0",",0","26",",0","7",",0","","","19640914",",,0","19640930","+,,0","19640930","+,,0","","","19640930","+,,0","19640925",",,0","5.6",",0,14,","0",",,0,30,+","0",",,0,30,+","0.0",",,0,30,+","37.8",",0,25,","73.2","0","49.5",",0","0.0",",,,0","0",",,,0","18.09",",0","26.56",",,,0","9.62",",,,0"
"USC00044500","1964-10","37.9566","-122.5447","44.2","KENTFIELD, CA US","179.1","0","21.6",",0","4",",0","3",",0","2",",0","0",",0","0",",0","0",",0","0",",0","0",",0","23",",0","5",",0","","","19641012",",,0","19641031","+,,0","19641031","+,,0","","","19641029",",,0","19641003",",,0","6.1",",0,12,","0",",,0,31,+","0",",,0,31,+","47.0",",,0,29,","33.9",",0,03,","125.8","0","52.6",",0","97.3",",,,0","0",",,,0","17.33",",0","25.34",",,,0","9.33",",,,0"
"USC00044500","1964-11","37.9566","-122.5447","44.2","KENTFIELD, CA US","179.1","0","0.0","1,0","13",",0","11",",0","3",",0","0",",0","0",",0","0",",0","3",",0","0","1,0","1","1,0","0","1,0","","","19641119","+,,0","19641130","+,,0","19641130","+,,0","1","","19641102",",,0","19641106",",1,0","-0.6",",0,19,+","0",",,0,30,+","0",",,0,30,+","36.6",",,0,02,","22.2","1,0,06,","340.9","0","215.1","1,0","175.3",",,,0","0",",,,0","10.87","1,0","15.71","1,,,0","6.03",",,,0"
"USC00044500","1964-12","37.9566","-122.5447","44.2","KENTFIELD, CA US","179.1","0","0.0",",0","20",",0","14",",0","3",",0","0",",0","0",",0","0",",0","3",",0","0",",0","0",",0","0",",0","","","19641213",",,0","19641231","+,,0","19641231","+,,0","","","19641222",",,0","19641225","+,,0","-1.1",",0,13,","0",",,0,31,+","0",",,0,31,+","101.6",",,0,22,","18.3",",0,25,+","588.5","0","247.6",",0","390.7",",,,0","0",",,,0","10.35",",0","14.52",",,,0","6.18",",,,0"
"USC00044500","1965-01","37.9566","-122.5447","44.2","KENTFIELD, CA US","0.0","0","0.0",",0","11",",0","9",",0","5",",0","0",",0","0",",0","0",",0","4",",0","0",",0","0",",0","0",",0","","","19650101",",,0","19650131","+,,0","19650131","+,,0","","","19650104",",,0","19650130",",,0","-2.2",",0,01,","0",",,0,31,+","0",",,0,31,+","53.1",",,0,04,","17.2",",0,30,","888.7","0","300.2",",0","246.4",",,,0","0",",,,0","8.65",",0","13.07",",,,0","4.23",",,,0"
"USC00044500","1965-02","37.9566","-122.5447","44.2","KENTFIELD, CA US","0.0","0","0.0","3,0","3",",0","2",",0","2",",0","0",",0","0",",0","0","2,0","0","2,0","0","2,0","2","2,0","0","2,0","","","19650212",",2,0","19650228","+,,0","19650228","+,,0","1","","19650227",",,0","19650221",",2,0","0.6","2,0,12,","0",",,0,28,+","0",",,0,28,+","36.6",",,0,27,","22.8","2,0,21,","1095.7","0","207.0","2,0","73.4",",,,0","0",",,,0","10.19","3,0","16.30","2,,,0","4.08","2,,,0"
"USC00044500","1965-03","37.9566","-122.5447","44.2","KENTFIELD, CA US","0.0","0","0.0","1,0","8",",0","5",",0","1",",0","0",",0","0",",0","0","1,0","0","1,0","0","1,0","4","1,0","0","1,0","","","19650319",",1,0","19650331","+,,0","19650331","+,,0","1","","19650327",",,0","19650322",",1,0","2.8","1,0,19,","0",",,0,31,+","0",",,0,31,+","46.7",",,0,27,","25.0","1,0,22,","1301.6","0","205.9","1,0","101.6",",,,0","0",",,,0","11.47","1,0","17.11","1,,,0","5.83","1,,,0"
"USC00044500","1965-04","37.9566","-122.5447","44.2","KENTFIELD, CA US","7.5","0","7.5","1,0","11",",0","9",",0","3",",0","0",",0","0",",0","0","1,0","0","1,0","0","1,0","8","1,0","0","1,0","","","19650407",",1,0","19650430","+,,0","19650430","+,,0","1","","19650409",",,0","19650427",",1,0","2.2","1,0,07,","0",",,0,30,+","0",",,0,30,+","46.5",",,0,09,","31.1","1,0,27,","1458.0","0","156.4","1,0","166.4",",,,0","0",",,,0","13.20","1,0","19.04","1,,,0","7.36","1,,,0"
"USC00044500","1965-05","37.9566","-122.5447","44.2","KENTFIELD, CA US","7.5","0","0.0","2,0","0",",0","0",",0","0",",0","0",",0","0",",0","0","1,0","0","1,0","0","1,0","20","1,0","0","1,0","","","19650509",",1,0","19650531","+,,0","19650531","+,,0","","","19650531","+,,0","19650527","+,1,0","3.9","1,0,09,","0",",,0,31,+","0",",,0,31,+","0.0",",,0,31,+","28.9","1,0,27,+","1552.5","0","94.5","1,0","0.0",",,,0","0",",,,0","15.07","2,0","23.03","1,,,0","7.10","1,,,0"
"USC00044500","1965-06","37.9566","-122.5447","44.2","KENTFIELD, CA US","15.0","0","7.5",",0","0",",0","0",",0","0",",0","0",",0","0",",0","0",",0","0",",0","0",",0","17",",0","1",",0","","","19650628","+,,0","19650630","+,,0","19650630","+,,0","","","19650630","+,,0","19650629",",,0","7.2",",0,28,+","0",",,0,30,+","0",",,0,30,+","0.0",",,0,30,+","33.3",",0,29,","1627.7","0","75.2",",0","0.0",",,,0","0",",,,0","16.07",",0","22.44",",,,0","9.70",",,,0"
"USC00044500","1965-07","37.9566","-122.5447","44.2","KENTFIELD, CA US","29.2","0","14.2",",0","0",",0","0",",0","0",",0","0",",0","0",",0","0",",0","0",",0","0",",0","29",",0","0",",0","","","19650709",",,0","19650731","+,,0","19650731","+,,0","1","","19650725",",,0","19650702",",,0","6.7",",0,09,","0",",,0,31,+","0",",,0,31,+","0.0",",T,0,25,","29.4",",0,02,","32.8","0","32.8",",0","0.0",",T,,0","0",",,,0","17.73",",0","25.77",",,,0","9.69",",,,0"
"USC00044500","1965-08","37.9566","-122.5447","44.2","KENTFIELD, CA US","85.8","0","56.6","1,0","2",",0","2",",0","0",",0","0",",0","0",",0","0","1,0","0","1,0","0","1,0","29","1,0","5","1,0","","","19650806",",1,0","19650831","+,,0","19650831","+,,0","1","","19650812",",,0","19650829",",1,0","8.3","1,0,06,","0",",,0,31,+","0",",,0,31,+","10.4",",,0,12,","35.0","1,0,29,","35.7","0","2.9","1,0","16.0",",,,0","0",",,,0","20.13","1,0","28.45","1,,,0","11.80","1,,,0"
"USC00044500","1965-09","37.9566","-122.5447","44.2","KENTFIELD, CA US","91.9","0","6.1","1,0","0",",0","0",",0","0",",0","0",",0","0",",0","0","1,0","0","1,0","0","1,0","25","1,0","0","1,0","","","19650928","+,1,0","19650930","+,,0","19650930","+,,0","","","19650930","+,,0","19650915",",1,0","5.6","1,0,28,+","0",",,0,30,+","0",",,0,30,+","0.0",",,0,30,+","31.7","1,0,15,","90.0","0","54.3","1,0","0.0",",,,0","0",",,,0","16.67","1,0","24.54","1,,,0","8.81","1,,,0"
"USC00044500","1965-10","37.9566","-122.5447","44.2","KENTFIELD, CA US","117.6","0","25.7",",0","0",",0","0",",0","0",",0","0",",0","0",",0","0",",0","0",",0","0",",0","28",",0","2",",0","","","19651031","+,,0","19651031","+,,0","19651031","+,,0","","","19651015",",,0","19651008",",,0","6.7",",0,31,+","0",",,0,31,+","0",",,0,31,+","0.0",",T,0,15,","33.9",",0,08,","117.8","0","27.8",",0","0.0",",T,,0","0",",,,0","18.26",",0","26.56",",,,0","9.96",",,,0"
"USC00044500","1965-11","37.9566","-122.5447","44.2","KENTFIELD, CA US","117.6","0","0.0",",0","15",",0","13",",0","4",",0","0",",0","0",",0","0",",0","0",",0","0",",0","5",",0","0",",0","","","19651128",",,0","19651130","+,,0","19651130","+,,0","2","","19651114",",,0","19651106",",,0","1.1",",0,28,","0",",,0,30,+","0",",,0,30,+","53.3",",,0,14,","23.9",",0,06,","278.1","0","160.3",",0","215.1",",,,0","0",",,,0","12.99",",0","17.44",",,,0","8.54",",,,0"
"USC00044500","1965-12","37.9566","-122.5447","44.2","KENTFIELD, CA US","117.6","0","0.0",",0","8",",0","6",",0","3",",0","0",",0","0",",0","0",",0","10",",0","0",",0","0",",0","0",",0","","","19651217",",,0","19651231","+,,0","19651231","+,,0","","","19651229",",,0","19651201",",,0","-2.8",",0,17,","0",",,0,31,+","0",",,0,31,+","53.8",",,0,29,","18.3",",0,01,","639.0","0","360.9",",0","176.8",",,,0","0",",,,0","6.69",",0","11.08",",,,0","2.31",",,,0"
"USC00044500","1966-01","37.9566","-122.5447","44.2","KENTFIELD, CA US","0.0","0","0.0",",0","11",",0","6",",0","4",",0","0",",0","0",",0","0",",0","6",",0","0",",0","1",",0","0",",0","","","19660120","+,,0","19660131","+,,0","19660131","+,,0","1","","19660105",",,0","19660116",",,0","-1.7",",0,20,+","0",",,0,31,+","0",",,0,31,+","253.7",",,0,05,","21.1",",0,16,","948.6","0","309.6",",0","416.4",",,,0","0",",,,0","8.35",",0","13.74",",,,0","2.95",",,,0"
"USC00044500","1966-02","37.9566","-122.5447","44.2","KENTFIELD, CA US","0.0","0","0.0",",0","11",",0","8",",0","3",",0","0",",0","0",",0","0",",0","4",",0","0",",0","0",",0","0",",0","","","19660216",",,0","19660228","+,,0","19660228","+,,0","","","19660204",",,0","19660214",",,0","-0.6",",0,16,","0",",,0,28,+","0",",,0,28,+","58.7",",,0,04,","18.9",",0,14,","1202.6","0","254.0",",0","165.8",",,,0","0",",,,0","9.26",",0","14.71",",,,0","3.81",",,,0"
"USC00044500","1966-03","37.9566","-122.5447","44.2","KENTFIELD, CA US","0.0","0","0.0",",0","7",",0","3",",0","0",",0","0",",0","0",",0","0",",0","2",",0","0",",0","3",",0","0",",0","","","19660303",",,0","19660331","+,,0","19660331","+,,0","","","19660310",",,0","19660331",",,0","-1.1",",0,03,","0",",,0,31,+","0",",,0,31,+","15.5",",,0,10,","25.0",",0,31,","1415.5","0","212.9",",0","33.9",",,,0","0",",,,0","11.46",",0","17.25",",,,0","5.68",",,,0"
"USC00044500","1966-04","37.9566","-122.5447","44.2","KENTFIELD, CA US","5.8","0","5.8","1,0","3",",0","3",",0","0",",0","0",",0","0",",0","0","1,0","0","1,0","0","1,0","19","1,0","0","1,0","","","19660420",",1,0","19660430","+,,0","19660430","+,,0","","","19660410",",,0","19660416",",1,0","3.3","1,0,20,","0",",,0,30,+","0",",,0,30,+","16.3",",,0,10,","30.6","1,0,16,","1513.0","0","97.5","1,0","31.2",",,,0","0",",,,0","15.17","1,0","22.97","1,,,0","7.38","1,,,0"
"USC00044500","1966-05","37.9566","-122.5447","44.2","KENTFIELD, CA US","9.1","0","3.3",",0","3",",0","1",",0","0",",0","0",",0","0",",0","0",",0","0",",0","0",",0","24",",0","0",",0","","","19660501",",,0","19660531","+,,0","19660531","+,,0","","","19660510",",,0","19660503",",,0","5.0",",0,01,","0",",,0,31,+","0",",,0,31,+","5.6",",,0,10,","31.7",",0,03,","1608.7","0","95.7",",0","6.4",",,,0","0",",,,0","15.35",",0","22.71",",,,0","8.00",",,,0"
"USC00044500","1966-06","37.9566","-122.5447","44.2","KENTFIELD, CA US","61.1","0","52.0",",0","1",",0","1",",0","0",",0","0",",0","0",",0","0",",0","0",",0","0",",0","28",",0","7",",0","","","19660604","+,,0","19660630","+,,0","19660630","+,,0","","","19660607",",,0","19660615",",,0","6.1",",0,04,+","0",",,0,30,+","0",",,0,30,+","4.1",",,0,07,","40.0",",0,15,","1638.2","0","29.5",",0","4.1",",,,0","0",",,,0","19.08",",0","27.65",",,,0","10.52",",,,0"
"USC00044500","1966-07","37.9566","-122.5447","44.2","KENTFIELD, CA US","82.5","0","21.4",",0","0",",0","0",",0","0",",0","0",",0","0",",0","0",",0","0",",0","0",",0","31",",0","2",",0","","","19660705",",,0","19660731","+,,0","19660731","+,,0","","","19660731","+,,0","19660726","+,,0","7.8",",0,05,","0",",,0,31,+","0",",,0,31,+","0.0",",,0,31,+","32.8",",0,26,+","14.0","0","14.0",",0","0.0",",,,0","0",",,,0","18.57",",0","27.17",",,,0","9.98",",,,0"
"USC00044500","1966-08","37.9566","-122.5447","44.2","KENTFIELD, CA US","137.0","0","54.5",",0","2",",0","1",",0","0",",0","0",",0","0",",0","0",",0","0",",0","0",",0","29",",0","8",",0","","","19660823",",,0","19660831","+,,0","19660831","+,,0","1","","19660831",",,0","19660807","+,,0","7.8",",0,23,","0",",,0,31,+","0",",,0,31,+","4.3",",,0,31,","35.6",",0,07,+","30.0","0","16.0",",0","4.8",",,,0","0",",,,0","19.58",",0","28.52",",,,0","10.64",",,,0"
"USC00044500","1966-09","37.9566","-122.5447","44.2","KENTFIELD, CA US","188.7","0","51.7","2,0","2",",0","0",",0","0",",0","0",",0","0",",0","0","1,0","0","1,0","0","1,0","29","1,0","4","1,0","","","19660914",",1,0","19660930","+,,0","19660930","+,,0","2","","19660918",",,0","19660929",",1,0","8.3","1,0,14,","0",",,0,30,+","0",",,0,30,+","2.3",",,0,18,","36.1","1,0,29,","36.7","0","6.7","1,0","2.8",",,,0","0",",,,0","19.86","2,0","28.30","1,,,0","11.42","1,,,0"
"USC00044500","1966-10","37.9566","-122.5447","44.2","KENTFIELD, CA US","202.8","0","14.1",",0","0",",0","0",",0","0",",0","0",",0","0",",0","0",",0","0",",0","0",",0","27",",0","1",",0","","","19661015",",,0","19661031","+,,0","19661031","+,,0","","","19661031","+,,0","19661010",",,0","3.9",",0,15,","0",",,0,31,+","0",",,0,31,+","0.0",",,0,31,+","32.2",",0,10,","87.8","0","51.1",",0","0.0",",,,0","0",",,,0","17.14",",0","25.00",",,,0","9.28",",,,0"
"USC00044500","1966-11","37.9566","-122.5447","44.2","KENTFIELD, CA US","206.7","0","3.9",",0","12",",0","9",",0","6",",0","0",",0","0",",0","0",",0","0",",0","0",",0","4",",0","0",",0","","","19661125","+,,0","19661130","+,,0","19661130","+,,0","1","","19661120",",,0","19661102","+,,0","1.1",",0,25,+","0",",,0,30,+","0",",,0,30,+","75.2",",,0,20,","30.0",",0,02,+","259.7","0","171.9",",0","367.8",",,,0","0",",,,0","12.73",",0","17.83",",,,0","7.63",",,,0"
"USC00044500","1966-12","37.9566","-122.5447","44.2","KENTFIELD, CA US","206.7","0","0.0",",0","13",",0","9",",0","5",",0","0",",0","0",",0","0",",0","2",",0","0",",0","0",",0","0",",0","","","19661228",",,0","19661231","+,,0","19661231","+,,0","","","19661205",",,0","19661231",",,0","-1.7",",0,28,","0",",,0,31,+","0",",,0,31,+","56.4",",,0,05,","18.3",",0,31,","548.4","0","288.7",",0","257.2",",,,0","0",",,,0","9.02",",0","12.45",",,,0","5.59",",,,0"
"USC00044500","1967-01","37.9566","-122.5447","44.2","KENTFIELD, CA US","0.0","0","0.0",",0","13",",0","12",",0","7",",0","0",",0","0",",0","0",",0","2",",0","0",",0","0",",0","0",",0","","","19670117","+,,0","19670131","+,,0","19670131","+,,0","1","","19670121",",,0","19670117",",,0","0.0",",0,17,+","0",",,0,31,+","0",",,0,31,+","293.6",",,0,21,","20.0",",0,17,","832.4","0","284.0",",0","668.6",",,,0","0",",,,0","9.17",",0","13.96",",,,0","4.39",",,,0"
"USC00044500","1967-02","37.9566","-122.5447","44.2","KENTFIELD, CA US","0.0","0","0.0",",0","3",",0","1",",0","0",",0","0",",0","0",",0","0",",0","0",",0","0",",0","0",",0","0",",0","","","19670221",",,0","19670228","+,,0","19670228","+,,0","","","19670225",",,0","19670213",",,0","0.6",",0,21,","0",",,0,28,+","0",",,0,28,+","17.3",",,0,25,","19.4",",0,13,","1067.0","0","234.6",",0","18.1",",,,0","0",",,,0","9.96",",0","15.70",",,,0","4.21",",,,0"
"USC00044500","1967-03","37.9566","-122.5447","44.2","KENTFIELD, CA US","0.0","0","0.0",",0","14",",0","10",",0","4",",0","0",",0","0",",0","0",",0","0",",0","0",",0","1",",0","0",",0","","","19670305",",,0","19670331","+,,0","19670331","+,,0","","","19670331",",,0","19670309",",,0","0.6",",0,05,","0",",,0,31,+","0",",,0,31,+","62.5",",,0,31,","21.1",",0,09,","1301.7","0","234.7",",0","268.8",",,,0","0",",,,0","10.76",",0","16.51",",,,0","5.01",",,,0"
"USC00044500","1967-04","37.9566","-122.5447","44.2","KENTFIELD, CA US","0.0","0","0.0",",0","22",",0","17",",0","3",",0","0",",0","0",",0","0",",0","0",",0","0",",0","0",",0","0",",0","","","19670428","+,,0","19670430","+,,0","19670430","+,,0","1","","19670406",",,0","19670427","+,,0","1.7",",0,28,+","0",",,0,30,+","0",",,0,30,+","41.9",",,0,06,","18.3",",0,27,+","1558.9","0","257.2",",0","201.3",",,,0","0",",,,0","9.76",",0","14.90",",,,0","4.62",",,,0"
"USC00044500","1967-05","37.9566","-122.5447","44.2","KENTFIELD, CA US","10.3","0","10.3",",0","2",",0","1",",0","0",",0","0",",0","0",",0","0",",0","0",",0","0",",0","23",",0","1",",0","","","19670501",",,0","19670531","+,,0","19670531","+,,0","","","19670510",",,0","19670517",",,0","2.8",",0,01,","0",",,0,31,+","0",",,0,31,+","6.4",",,0,10,","32.8",",0,17,","1643.4","0","84.5",",0","6.9",",,,0","0",",,,0","15.94",",0","23.76",",,,0","8.12",",,,0"
"USC00044500","1967-06","37.9566","-122.5447","44.2","KENTFIELD, CA US","19.4","0","9.1",",0","3",",0","2",",0","2",",0","0",",0","0",",0","0",",0","0",",0","0",",0","20",",0","0",",0","","","19670608",",,0","19670630","+,,0","19670630","+,,0","","","19670602",",,0","19670629",",,0","7.8",",0,08,","0",",,0,30,+","0",",,0,30,+","49.3",",,0,02,","31.7",",0,29,","1713.9","0","70.5",",0","86.9",",,,0","0",",,,0","16.29",",0","22.80",",,,0","9.77",",,,0"
"USC00044500","1967-07","37.9566","-122.5447","44.2","KENTFIELD, CA US","65.8","0","46.4",",0","0",",0","0",",0","0",",0","0",",0","0",",0","0",",0","0",",0","0",",0","31",",0","4",",0","","","19670718",",,0","19670731","+,,0","19670731","+,,0","","","19670731","+,,0","19670712",",,0","7.8",",0,18,","0",",,0,31,+","0",",,0,31,+","0.0",",,0,31,+","36.7",",0,12,","11.1","0","11.1",",0","0.0",",,,0","0",",,,0","19.47",",0","28.26",",,,0","10.68",",,,0"
"USC00044500","1967-08","37.9566","-122.5447","44.2","KENTFIELD, CA US","114.2","0","48.4",",0","0",",0","0",",0","0",",0","0",",0","0",",0","0",",0","0",",0","0",",0","31",",0","6",",0","","","19670812",",,0","19670831","+,,0","19670831","+,,0","","","19670831","+,,0","19670830",",,0","8.3",",0,12,","0",",,0,31,+","0",",,0,31,+","0.0",",,0,31,+","33.3",",0,30,","15.5","0","4.4",",0","0.0",",,,0","0",",,,0","19.75",",0","28.95",",,,0","10.55",",,,0"
"USC00044500","1967-09","37.9566","-122.5447","44.2","KENTFIELD, CA US","178.2","0","64.0",",0","0",",0","0",",0","0",",0","0",",0","0",",0","0",",0","0",",0","0",",0","30",",0","4",",0","","","19670915",",,0","19670930","+,,0","19670930","+,,0","","","19670918",",,0","19670921",",,0","8.9",",0,15,","0",",,0,30,+","0",",,0,30,+","0.0",",T,0,18,","36.1",",0,21,","16.0","0","0.5",",0","0.0",",T,,0","0",",,,0","20.45",",0","28.95",",,,0","11.95",",,,0"
"USC00044500","1967-10","37.9566","-122.5447","44.2","KENTFIELD, CA US","195.1","0","16.9","1,0","3",",0","2",",0","0",",0","0",",0","0",",0","0","1,0","0","1,0","0","1,0","29","1,0","0","1,0","","","19671025",",1,0","19671031","+,,0","19671031","+,,0","","","19671003",",,0","19671018",",1,0","6.7","1,0,25,","0",",,0,31,+","0",",,0,31,+","20.6",",,0,03,","31.7","1,0,18,","44.5","0","28.5","1,0","27.2",",,,0","0",",,,0","17.95","1,0","26.27","1,,,0","9.62","1,,,0"
"USC00044500","1967-11","37.9566","-122.5447","44.2","KENTFIELD, CA US","196.8","0","1.7","1,0","11",",0","7",",0","1",",0","0",",0","0",",0","0",",0","0",",0","0","1,0","11","1,0","0","1,0","","","19671127","+,,0","19671130","+,,0","19671130","+,,0","","","19671130",",,0","19671103",",1,0","2.2",",0,27,+","0",",,0,30,+","0",",,0,30,+","35.8",",,0,30,","30.0","1,0,03,","168.9","0","124.4","1,0","82.3",",,,0","0",",,,0","14.07","1,0","20.14","1,,,0","8.00",",,,0"
"USC00044500","1967-12","37.9566","-122.5447","44.2","KENTFIELD, CA US","196.8","0","0.0","3,0","7",",0","6",",0","3",",0","0",",0","0",",0","0","3,0","8","3,0","0","3,0","3","3,0","0","3,0","","","19671215",",3,0","19671231","+,,0","19671231","+,,0","","","19671205",",,0","19671229",",3,0","-2.2","3,0,15,","0",",,0,31,+","0",",,0,31,+","70.4",",,0,05,","24.4","3,0,29,","455.4","0","286.5","3,0","181.0",",,,0","0",",,,0","8.10","3,0","13.76","3,,,0","2.44","3,,,0"
"USC00044500","1968-01","37.9566","-122.5447","44.2","KENTFIELD, CA US","0.0","0","0.0",",0","12",",0","11",",0","4",",0","0",",0","0",",0","0",",0","7",",0","0",",0","1",",0","0",",0","","","19680105","+,,0","19680131","+,,0","19680127",",,0","1","","19680110",",,0","19680123",",,0","-2.2",",0,05,+","0",",,0,31,+","0",",T,0,27,","70.9",",,0,10,","22.2",",0,23,","790.4","0","335.0",",0","259.7",",,,0","0",",T,,0","7.53",",0","12.56",",,,0","2.49",",,,0"
"USC00044500","1968-02","37.9566","-122.5447","44.2","KENTFIELD, CA US","0.0","0","0.0","1,0","10",",0","7",",0","2",",0","0",",0","0",",0","0",",0","0",",0","0","1,0","4","1,0","0","1,0","","","19680201",",,0","19680229","+,,0","19680229","+,,0","","","19680217",",,0","19680226",",1,0","2.2",",0,01,","0",",,0,29,+","0",",,0,29,+","98.0",",,0,17,","22.8","1,0,26,","967.6","0","177.2","1,0","193.8",",,,0","0",",,,0","12.09","1,0","16.26","1,,,0","7.93",",,,0"
"USC00044500","1968-03","37.9566","-122.5447","44.2","KENTFIELD, CA US","0.0","0","0.0",",0","10",",0","6",",0","1",",0","0",",0","0",",0","0",",0","0",",0","0",",0","10",",0","0",",0","","","19680320",",,0","19680331","+,,0","19680331","+,,0","","","19680313",",,0","19680330",",,0","2.8",",0,20,","0",",,0,31,+","0",",,0,31,+","64.8",",,0,13,","27.2",",0,30,","1142.4","0","174.8",",0","127.3",",,,0","0",",,,0","12.70",",0","19.18",",,,0","6.21",",,,0"
"USC00044500","1968-04","37.9566","-122.5447","44.2","KENTFIELD, CA US","2.2","0","2.2",",0","2",",0","2",",0","0",",0","0",",0","0",",0","0",",0","0",",0","0",",0","17",",0","0",",0","","","19680421","+,,0","19680430","+,,0","19680430","+,,0","","","19680401",",,0","19680427",",,0","3.9",",0,21,+","0",",,0,30,+","0",",,0,30,+","6.6",",,0,01,","29.4",",0,27,","1273.7","0","131.3",",0","10.9",",,,0","0",",,,0","14.03",",0","21.91",",,,0","6.15",",,,0"
"USC00044500","1968-05","37.9566","-122.5447","44.2","KENTFIELD, CA US","7.3","0","5.1","1,0","3",",0","2",",0","0",",0","0",",0","0",",0","0","1,0","0","1,0","0","1,0","20","1,0","0","1,0","","","19680507",",1,0","19680531","+,,0","19680531","+,,0","","","19680525",",,0","19680528",",1,0","2.8","1,0,07,","0",",,0,31,+","0",",,0,31,+","5.6",",,0,25,","30.6","1,0,28,","1381.9","0","108.2","1,0","11.4",",,,0","0",",,,0","14.90","1,0","22.00","1,,,0","7.79","1,,,0"
"USC00044500","1968-06","37.9566","-122.5447","44.2","KENTFIELD, CA US","44.2","0","36.9","3,0","0",",0","0",",0","0",",0","0",",0","0",",0","0","2,0","0","2,0","0","1,0","29","1,0","4","1,0","","","19680612",",2,0","19680630","+,,0","19680630","+,,0","","","19680630","+,,0","19680616",",1,0","6.7","2,0,12,","0",",,0,30,+","0",",,0,30,+","0.0",",,0,30,+","37.2","1,0,16,","1409.5","0","27.6","1,0","0.0",",,,0","0",",,,0","18.73","3,0","27.44","1,,,0","10.02","2,,,0"
"USC00044500","1968-07","37.9566","-122.5447","44.2","KENTFIELD, CA US","92.1","0","47.9",",0","0",",0","0",",0","0",",0","0",",0","0",",0","0",",0","0",",0","0",",0","31",",0","4",",0","","","19680727","+,,0","19680731","+,,0","19680731","+,,0","","","19680731","+,,0","19680719",",,0","7.8",",0,27,+","0",",,0,31,+","0",",,0,31,+","0.0",",,0,31,+","37.2",",0,19,","9.1","0","9.1",",0","0.0",",,,0","0",",,,0","19.59",",0","28.49",",,,0","10.68",",,,0"
"USC00044500","1968-08","37.9566","-122.5447","44.2","KENTFIELD, CA US","","","","","1","2,0","1","2,0","0","2,0","0",",0","0",",0","","","","","","","","","","","","","","","19680831","+,,0","19680831","+,,0","","","19680821",",2,0","","","","","0",",,0,31,+","0",",,0,31,+","4.8","2,,0,21,","","","","","","","24.6",",a,,0","0",",,,0","","","","","",""
"USC00044500","1968-09","37.9566","-122.5447","44.2","KENTFIELD, CA US","","","49.5","3,0","0",",0","0",",0","0",",0","0",",0","0",",0","0","3,0","0","3,0","0","2,0","27","2,0","4","2,0","","","19680929",",3,0","19680930","+,,0","19680930","+,,0","","","19680930","+,,0","19680917",",2,0","7.2","3,0,29,","0",",,0,30,+","0",",,0,30,+","0.0",",,0,30,+","36.1","2,0,17,","","","5.6","2,0","0.0",",,,0","0",",,,0","19.89","3,0","27.88","2,,,0","11.89","3,,,0"
"USC00044500","1968-10","37.9566","-122.5447","44.2","KENTFIELD, CA US","","","3.1",",0","6",",0","5",",0","2",",0","0",",0","0",",0","0",",0","0",",0","0",",0","23",",0","0",",0","","","19681009","+,,0","19681031","+,,0","19681031","+,,0","","","19681012",",,0","19681027",",,0","4.4",",0,09,+","0",",,0,31,+","0",",,0,31,+","65.5",",,0,12,","30.0",",0,27,","","","82.6",",0","125.9",",,,0","0",",,,0","15.77",",0","23.17",",,,0","8.37",",,,0"
"USC00044500","1968-11","37.9566","-122.5447","44.2","KENTFIELD, CA US","","","0.0",",0","12",",0","9",",0","2",",0","0",",0","0",",0","0",",0","0",",0","0",",0","4",",0","0",",0","","","19681128",",,0","19681130","+,,0","19681130","+,,0","","","19681115",",,0","19681112",",,0","1.7",",0,28,","0",",,0,30,+","0",",,0,30,+","64.5",",,0,15,","22.8",",0,12,","","","199.8",",0","164.9",",,,0","0",",,,0","11.67",",0","16.42",",,,0","6.93",",,,0"
"USC00044500","1968-12","37.9566","-122.5447","44.2","KENTFIELD, CA US","","","","","","","","","","","0",",0","0",",0","","","","","","","","","","","","","","","19681231","+,,0","19681231","+,,0","","","","","","","","","0",",,0,31,+","0",",,0,31,+","","","","","","","","","","","0",",,,0","","","","","",""
"USC00044500","1969-01","37.9566","-122.5447","44.2","KENTFIELD, CA US","0.0","0","0.0",",0","17",",0","15",",0","8",",0","0",",0","0",",0","0",",0","7",",0","0",",0","0",",0","0",",0","","","19690129",",,0","19690131","+,,0","19690131","+,,0","","","19690119",",,0","19690126","+,,0","-1.1",",0,29,","0",",,0,31,+","0",",,0,31,+","92.7",",,0,19,","15.0",",0,26,+","","","347.1",",0","510.8",",,,0","0",",,,0","7.14",",0","11.26",",,,0","3.01",",,,0"
"USC00044500","1969-02","37.9566","-122.5447","44.2","KENTFIELD, CA US","0.0","0","0.0",",0","21",",0","14",",0","4",",0","0",",0","0",",0","0",",0","0",",0","0",",0","0",",0","0",",0","","","19690226","+,,0","19690228","+,,0","19690228","+,,0","1","","19690215",",,0","19690211",",,0","1.7",",0,26,+","0",",,0,28,+","0",",,0,28,+","80.3",",,0,15,","17.2",",0,11,","","","275.5",",0","336.8",",,,0","0",",,,0","8.49",",0","12.63",",,,0","4.36",",,,0"
"USC00044500","1969-03","37.9566","-122.5447","44.2","KENTFIELD, CA US","0.0","0","0.0",",0","7",",0","5",",0","0",",0","0",",0","0",",0","0",",0","0",",0","0",",0","9",",0","0",",0","","","19690317","+,,0","19690331","+,,0","19690331","+,,0","","","19690301",",,0","19690328","+,,0","1.1",",0,17,+","0",",,0,31,+","0",",,0,31,+","23.4",",,0,01,","26.1",",0,28,+","","","221.9",",0","81.9",",,,0","0",",,,0","11.18",",0","17.84",",,,0","4.51",",,,0"
"USC00044500","1969-04","37.9566","-122.5447","44.2","KENTFIELD, CA US","0.0","0","0.0",",0","9",",0","7",",0","0",",0","0",",0","0",",0","0",",0","0",",0","0",",0","11",",0","0",",0","","","19690404",",,0","19690430","+,,0","19690430","+,,0","","","19690405",",,0","19690417",",,0","2.2",",0,04,","0",",,0,30,+","0",",,0,30,+","20.6",",,0,05,","26.7",",0,17,","","","162.2",",0","67.9",",,,0","0",",,,0","12.93",",0","19.66",",,,0","6.19",",,,0"
"USC00044500","1969-05","37.9566","-122.5447","44.2","KENTFIELD, CA US","4.7","0","4.7","2,0","2",",0","0",",0","0",",0","0",",0","0",",0","0","2,0","0","2,0","0","2,0","20","2,0","0","2,0","","","19690501",",2,0","19690531","+,,0","19690531","+,,0","","","19690527","+,,0","19690506",",2,0","6.1","2,0,01,","0",",,0,31,+","0",",,0,31,+","1.0",",,0,27,+","30.6","2,0,06,","","","71.4","2,0","2.0",",,,0","0",",,,0","16.03","2,0","22.78","2,,,0","9.29","2,,,0"
"USC00044500","1969-06","37.9566","-122.5447","44.2","KENTFIELD, CA US","17.4","0","12.7","1,0","0",",0","0",",0","0",",0","0",",0","0",",0","0","1,0","0","1,0","0","1,0","25","1,0","1","1,0","","","19690628",",1,0","19690630","+,,0","19690630","+,,0","","","19690630","+,,0","19690630",",1,0","9.4","1,0,28,","0",",,0,30,+","0",",,0,30,+","0.0",",,0,30,+","32.2","1,0,30,","","","25.4","1,0","0.0",",,,0","0",",,,0","17.90","1,0","23.93","1,,,0","11.86","1,,,0"
"USC00044500","1969-07","37.9566","-122.5447","44.2","KENTFIELD, CA US","53.4","0","36.0","3,0","0",",0","0",",0","0",",0","0",",0","0",",0","0","2,0","0","2,0","0","2,0","29","2,0","4","2,0","","","19690731",",2,0","19690731","+,,0","19690731","+,,0","","","19690731","+,,0","19690717",",2,0","8.3","2,0,31,","0",",,0,31,+","0",",,0,31,+","0.0",",,0,31,+","35.0","2,0,17,","10.8","0","10.8","2,0","0.0",",,,0","0",",,,0","19.26","3,0","27.96","2,,,0","10.56","2,,,0"
"USC00044500","1969-08","37.9566","-122.5447","44.2","KENTFIELD, CA US","119.1","0","65.7",",0","0",",0","0",",0","0",",0","0",",0","0",",0","0",",0","0",",0","0",",0","31",",0","13",",0","","","19690814",",,0","19690831","+,,0","19690831","+,,0","","","19690831","+,,0","19690805",",,0","7.8",",0,14,","0",",,0,31,+","0",",,0,31,+","0.0",",,0,31,+","36.7",",0,05,","16.2","0","5.4",",0","0.0",",,,0","0",",,,0","20.28",",0","30.73",",,,0","9.83",",,,0"
"USC00044500","1969-09","37.9566","-122.5447","44.2","KENTFIELD, CA US","","","","","1",",0","0",",0","0",",0","0",",0","0",",0","","","","","","","","","","","","","","","19690930","+,,0","19690930","+,,0","1","","19690907",",,0","","","","","0",",,0,30,+","0",",,0,30,+","0.8",",,0,07,","","","","","","","0.8",",,,0","0",",,,0","","","","","",""
"USC00044500","1969-10","37.9566","-122.5447","44.2","KENTFIELD, CA US","","","4.8","3,0","8",",0","3",",0","2",",0","0",",0","0",",0","0",",0","0",",0","0","3,0","21","3,0","0","3,0","","","19691020",",,0","19691031","+,,0","19691031","+,,0","","","19691016",",,0","19691002","+,3,0","5.6",",0,20,","0",",,0,31,+","0",",,0,31,+","91.4",",,0,16,","28.9","3,0,02,+","","","64.2","3,0","150.4",",,,0","0",",,,0","16.06","3,0","22.88","3,,,0","9.25",",,,0"
"USC00044500","1969-11","37.9566","-122.5447","44.2","KENTFIELD, CA US","","","0.0",",0","3",",0","3",",0","1",",0","0",",0","0",",0","0",",0","1",",0","0",",0","10",",0","0",",0","","","19691117",",,0","19691130","+,,0","19691130","+,,0","","","19691105",",,0","19691102",",,0","-0.6",",0,17,","0",",,0,30,+","0",",,0,30,+","32.3",",,0,05,","27.2",",0,02,","","","160.1",",0","42.7",",,,0","0",",,,0","13.00",",0","19.98",",,,0","6.01",",,,0"
"USC00044500","1969-12","37.9566","-122.5447","44.2","KENTFIELD, CA US","","","0.0",",0","14",",0","13",",0","5",",0","0",",0","0",",0","0",",0","0",",0","0",",0","0",",0","0",",0","","","19691231","+,,0","19691231","+,,0","19691231","+,,0","","","19691220",",,0","19691204","+,,0","0.6",",0,31,+","0",",,0,31,+","0",",,0,31,+","118.1",",,0,20,","18.3",",0,04,+","","","218.4",",0","507.3",",,,0","0",",,,0","11.29",",0","15.42",",,,0","7.15",",,,0"
"USC00044500","1970-01","37.9566","-122.5447","44.2","KENTFIELD, CA US","0.0","0","0.0",",0","18",",0","18",",0","8",",0","0",",0","0",",0","0",",0","3",",0","0",",0","0",",0","0",",0","","","19700105",",,0","19700131","+,,0","19700131","+,,0","1","","19700121",",,0","19700114",",,0","-1.1",",0,05,","0",",,0,31,+","0",",,0,31,+","143.5",",,0,21,","16.1",",0,14,","","","246.1",",0","681.5",",,,0","0",",,,0","10.40",",0","13.80",",,,0","6.99",",,,0"
"USC00044500","1970-02","37.9566","-122.5447","44.2","KENTFIELD, CA US","0.0","0","0.0",",0","6",",0","6",",0","2",",0","0",",0","0",",0","0",",0","0",",0","0",",0","1",",0","0",",0","","","19700223","+,,0","19700228","+,,0","19700228","+,,0","","","19700213",",,0","19700226",",,0","2.8",",0,23,+","0",",,0,28,+","0",",,0,28,+","40.6",",,0,13,","21.1",",0,26,","","","182.3",",0","105.4",",,,0","0",",,,0","11.82",",0","17.06",",,,0","6.59",",,,0"
"USC00044500","1970-03","37.9566","-122.5447","44.2","KENTFIELD, CA US","0.0","0","0.0",",0","7",",0","5",",0","1",",0","0",",0","0",",0","0",",0","0",",0","0",",0","11",",0","0",",0","","","19700305",",,0","19700331","+,,0","19700331","+,,0","","","19700304",",,0","19700325",",,0","1.7",",0,05,","0",",,0,31,+","0",",,0,31,+","35.6",",,0,04,","27.8",",0,25,","","","155.5",",0","70.4",",,,0","0",",,,0","13.32",",0","19.80",",,,0","6.83",",,,0"
"USC00044500","1970-04","37.9566","-122.5447","44.2","KENTFIELD, CA US","0.0","0","0.0",",0","3",",0","1",",0","0",",0","0",",0","0",",0","0",",0","0",",0","0",",0","12",",0","0",",0","","","19700416",",,0","19700430","+,,0","19700430","+,,0","","","19700413",",,0","19700430","+,,0","2.2",",0,16,","0",",,0,30,+","0",",,0,30,+","3.0",",,0,13,","25.6",",0,30,+","","","163.6",",0","4.8",",,,0","0",",,,0","12.88",",0","20.33",",,,0","5.43",",,,0"
"USC00044500","1970-05","37.9566","-122.5447","44.2","KENTFIELD, CA US","32.7","0","32.7",",0","1",",0","1",",0","0",",0","0",",0","0",",0","0",",0","0",",0","0",",0","25",",0","5",",0","","","19700507",",,0","19700531","+,,0","19700531","+,,0","","","19700513",",,0","19700531",",,0","4.4",",0,07,","0",",,0,31,+","0",",,0,31,+","3.8",",,0,13,","35.6",",0,31,","","","60.6",",0","3.8",",,,0","0",",,,0","17.43",",0","26.11",",,,0","8.76",",,,0"
"USC00044500","1970-06","37.9566","-122.5447","44.2","KENTFIELD, CA US","50.5","0","17.8",",0","2",",0","1",",0","0",",0","0",",0","0",",0","0",",0","0",",0","0",",0","30",",0","0",",0","","","19700618","+,,0","19700630","+,,0","19700630","+,,0","","","19700609",",,0","19700601",",,0","7.2",",0,18,+","0",",,0,30,+","0",",,0,30,+","10.2",",,0,09,","31.7",",0,01,","","","22.0",",0","11.5",",,,0","0",",,,0","18.19",",0","25.98",",,,0","10.41",",,,0"
"USC00044500","1970-07","37.9566","-122.5447","44.2","KENTFIELD, CA US","95.2","0","44.7","1,0","0",",0","0",",0","0",",0","0",",0","0",",0","0","1,0","0","1,0","0",",0","31",",0","5",",0","","","19700730","+,1,0","19700731","+,,0","19700731","+,,0","","","19700731","+,,0","19700702",",,0","8.3","1,0,30,+","0",",,0,31,+","0",",,0,31,+","0.0",",,0,31,+","38.3",",0,02,","11.8","0","11.8",",0","0.0",",,,0","0",",,,0","19.43","1,0","28.38",",,,0","10.47","1,,,0"
"USC00044500","1970-08","37.9566","-122.5447","44.2","KENTFIELD, CA US","126.0","0","30.8",",0","0",",0","0",",0","0",",0","0",",0","0",",0","0",",0","0",",0","0",",0","31",",0","4",",0","","","19700819",",,0","19700831","+,,0","19700831","+,,0","","","19700831","+,,0","19700809",",,0","7.2",",0,19,","0",",,0,31,+","0",",,0,31,+","0.0",",,0,31,+","37.8",",0,09,","43.2","0","31.4",",0","0.0",",,,0","0",",,,0","18.31",",0","26.96",",,,0","9.67",",,,0"
"USC00044500","1970-09","37.9566","-122.5447","44.2","KENTFIELD, CA US","188.0","0","62.0",",0","0",",0","0",",0","0",",0","0",",0","0",",0","0",",0","0",",0","0",",0","30",",0","9",",0","","","19700914","+,,0","19700930","+,,0","19700930","+,,0","","","19700930","+,,0","19700909",",,0","5.0",",0,14,+","0",",,0,30,+","0",",,0,30,+","0.0",",,0,30,+","33.9",",0,09,","62.3","0","19.1",",0","0.0",",,,0","0",",,,0","19.76",",0","29.19",",,,0","10.33",",,,0"
"USC00044500","1970-10","37.9566","-122.5447","44.2","KENTFIELD, CA US","197.7","0","9.7",",0","6",",0","4",",0","2",",0","0",",0","0",",0","0",",0","0",",0","0",",0","14",",0","2",",0","","","19701027",",,0","19701031","+,,0","19701031","+,,0","","","19701022",",,0","19701001",",,0","3.9",",0,27,","0",",,0,31,+","0",",,0,31,+","43.2",",,0,22,","35.0",",0,01,","179.7","0","117.4",",0","100.0",",,,0","0",",,,0","14.86",",0","21.73",",,,0","7.99",",,,0"
"USC00044500","1970-11","37.9566","-122.5447","44.2","KENTFIELD, CA US","197.7","0","0.0",",0","17",",0","10",",0","6",",0","0",",0","0",",0","0",",0","0",",0","0",",0","2",",0","0",",0","","","19701113",",,0","19701130","+,,0","19701130","+,,0","","","19701128",",,0","19701101",",,0","3.9",",0,13,","0",",,0,30,+","0",",,0,30,+","66.5",",,0,28,","23.3",",0,01,","337.3","0","157.6",",0","300.1",",,,0","0",",,,0","13.08",",0","17.24",",,,0","8.92",",,,0"
"USC00044500","1970-12","37.9566","-122.5447","44.2","KENTFIELD, CA US","197.7","0","0.0","1,0","21",",0","18",",0","6",",0","0",",0","0",",0","0",",0","2",",0","0","1,0","0","1,0","0","1,0","","","19701225","+,,0","19701231","+,,0","19701231","+,,0","1","","19701204",",,0","19701204",",1,0","0.0",",0,25,+","0",",,0,31,+","0",",,0,31,+","114.3",",,0,04,","16.1","1,0,04,","629.9","0","292.6","1,0","448.5",",,,0","0",",,,0","8.49","1,0","11.85","1,,,0","5.13",",,,0"
"USC00044500","1971-01","37.9566","-122.5447","44.2","KENTFIELD, CA US","0.0","0","0.0",",0","10",",0","8",",0","1",",0","0",",0","0",",0","0",",0","3",",0","0",",0","0",",0","0",",0","","","19710104",",,0","19710131","+,,0","19710131","+,,0","","","19710111",",,0","19710127","+,,0","-1.7",",0,04,","0",",,0,31,+","0",",,0,31,+","43.2",",,0,11,","17.2",",0,27,+","936.7","0","306.8",",0","110.6",",,,0","0",",,,0","8.44",",0","12.64",",,,0","4.23",",,,0"
"USC00044500","1971-02","37.9566","-122.5447","44.2","KENTFIELD, CA US","0.0","0","0.0",",0","5",",0","2",",0","0",",0","0",",0","0",",0","0",",0","0",",0","0",",0","3",",0","0",",0","","","19710203",",,0","19710228","+,,0","19710228","+,,0","","","19710219",",,0","19710213",",,0","0.6",",0,03,","0",",,0,28,+","0",",,0,28,+","6.4",",,0,19,","22.8",",0,13,","1158.7","0","222.0",",0","13.8",",,,0","0",",,,0","10.41",",0","16.29",",,,0","4.52",",,,0"
"USC00044500","1971-03","37.9566","-122.5447","44.2","KENTFIELD, CA US","0.0","0","0.0",",0","7",",0","6",",0","3",",0","0",",0","0",",0","0",",0","2",",0","0",",0","6",",0","0",",0","","","19710302",",,0","19710331","+,,0","19710331","+,,0","","","19710312",",,0","19710329",",,0","-1.1",",0,02,","0",",,0,31,+","0",",,0,31,+","69.9",",,0,12,","23.9",",0,29,","1366.7","0","208.0",",0","189.8",",,,0","0",",,,0","11.62",",0","17.82",",,,0","5.43",",,,0"
"USC00044500","1971-04","37.9566","-122.5447","44.2","KENTFIELD, CA US","0.0","0","0.0",",0","5",",0","4",",0","0",",0","0",",0","0",",0","0",",0","0",",0","0",",0","15",",0","0",",0","","","19710421",",,0","19710430","+,,0","19710430","+,,0","","","19710410",",,0","19710404",",,0","2.2",",0,21,","0",",,0,30,+","0",",,0,30,+","19.1",",,0,10,","26.1",",0,04,","1523.4","0","156.7",",0","47.8",",,,0","0",",,,0","13.11",",0","20.44",",,,0","5.78",",,,0"
"USC00044500","1971-05","37.9566","-122.5447","44.2","KENTFIELD, CA US","0.3","0","0.3",",0","3",",0","1",",0","0",",0","0",",0","0",",0","0",",0","0",",0","0",",0","22",",0","0",",0","","","19710503",",,0","19710531","+,,0","19710531","+,,0","","","19710502",",,0","19710514",",,0","5.0",",0,03,","0",",,0,31,+","0",",,0,31,+","11.4",",,0,02,","28.9",",0,14,","1620.1","0","96.7",",0","15.0",",,,0","0",",,,0","15.22",",0","22.42",",,,0","8.02",",,,0"
"USC00044500","1971-06","37.9566","-122.5447","44.2","KENTFIELD, CA US","35.9","0","35.6",",0","0",",0","0",",0","0",",0","0",",0","0",",0","0",",0","0",",0","0",",0","28",",0","3",",0","","","19710602","+,,0","19710630","+,,0","19710630","+,,0","","","19710630","+,,0","19710617",",,0","5.6",",0,02,+","0",",,0,30,+","0",",,0,30,+","0.0",",,0,30,+","36.1",",0,17,","1649.3","0","29.2",",0","0.0",",,,0","0",",,,0","18.55",",0","27.78",",,,0","9.31",",,,0"
"USC00044500","1971-07","37.9566","-122.5447","44.2","KENTFIELD, CA US","85.5","0","49.6",",0","0",",0","0",",0","0",",0","0",",0","0",",0","0",",0","0",",0","0",",0","31",",0","6",",0","","","19710707",",,0","19710731","+,,0","19710731","+,,0","","","19710731","+,,0","19710713",",,0","7.8",",0,07,","0",",,0,31,+","0",",,0,31,+","0.0",",,0,31,+","36.1",",0,13,","5.0","0","5.0",",0","0.0",",,,0","0",",,,0","19.77",",0","29.15",",,,0","10.40",",,,0"
"USC00044500","1971-08","37.9566","-122.5447","44.2","KENTFIELD, CA US","169.4","0","83.9",",0","0",",0","0",",0","0",",0","0",",0","0",",0","0",",0","0",",0","0",",0","31",",0","8",",0","","","19710818",",,0","19710831","+,,0","19710831","+,,0","","","19710831","+,,0","19710808",",,0","9.4",",0,18,","0",",,0,31,+","0",",,0,31,+","0.0",",,0,31,+","37.2",",0,08,","5.6","0","0.6",",0","0.0",",,,0","0",",,,0","21.02",",0","30.29",",,,0","11.75",",,,0"
"USC00044500","1971-09","37.9566","-122.5447","44.2","KENTFIELD, CA US","255.9","0","86.5",",0","3",",0","1",",0","0",",0","0",",0","0",",0","0",",0","0",",0","0",",0","28",",0","10",",0","","","19710930","+,,0","19710930","+,,0","19710930","+,,0","","","19710930",",,0","19710914",",,0","7.8",",0,30,+","0",",,0,30,+","0",",,0,30,+","7.9",",,0,30,","41.1",",0,14,","25.2","0","19.6",",0","11.7",",,,0","0",",,,0","20.56",",0","29.90",",,,0","11.23",",,,0"
"USC00044500","1971-10","37.9566","-122.5447","44.2","KENTFIELD, CA US","266.1","0","10.2",",0","3",",0","1",",0","0",",0","0",",0","0",",0","0",",0","0",",0","0",",0","16",",0","2",",0","","","19711031",",,0","19711031","+,,0","19711031","+,,0","","","19711020",",,0","19711012","+,,0","1.1",",0,31,","0",",,0,31,+","0",",,0,31,+","3.0",",,0,20,","32.2",",0,12,+","153.7","0","128.5",",0","6.3",",,,0","0",",,,0","14.52",",0","22.62",",,,0","6.41",",,,0"
"USC00044500","1971-11","37.9566","-122.5447","44.2","KENTFIELD, CA US","266.1","0","0.0",",0","6",",0","5",",0","1",",0","0",",0","0",",0","0",",0","0",",0","0",",0","5",",0","0",",0","","","19711101",",,0","19711130","+,,0","19711130","+,,0","","","19711113",",,0","19711105","+,,0","1.7",",0,01,","0",",,0,30,+","0",",,0,30,+","41.9",",,0,13,","22.2",",0,05,+","364.9","0","211.2",",0","95.0",",,,0","0",",,,0","11.29",",0","16.79",",,,0","5.79",",,,0"
"USC00044500","1971-12","37.9566","-122.5447","44.2","KENTFIELD, CA US","266.1","0","0.0",",0","16",",0","11",",0","4",",0","0",",0","0",",0","0",",0","2",",0","0",",0","0",",0","0",",0","","","19711216",",,0","19711231","+,,0","19711231","+,,0","","","19711212",",,0","19711205",",,0","-1.1",",0,16,","0",",,0,31,+","0",",,0,31,+","105.4",",,0,12,","15.6",",0,05,","710.1","0","345.2",",0","259.9",",,,0","0",",,,0","7.20",",0","11.38",",,,0","3.01",",,,0"
"USC00044500","1972-01","37.9566","-122.5447","44.2","KENTFIELD, CA US","0.0","0","0.0",",0","9",",0","6",",0","2",",0","0",",0","0",",0","0",",0","11",",0","0",",0","0",",0","0",",0","","","19720105",",,0","19720131","+,,0","19720128",",,0","1","","19720128",",,0","19720116",",,0","-1.7",",0,05,","0",",,0,31,+","0",",T,0,28,","33.0",",,0,28,","15.0",",0,16,","1075.7","0","365.6",",0","100.3",",,,0","0",",T,,0","6.54",",0","11.27",",,,0","1.81",",,,0"
"USC00044500","1972-02","37.9566","-122.5447","44.2","KENTFIELD, CA US","0.0","0","0.0","1,0","9",",0","8",",0","1",",0","0",",0","0",",0","0",",0","1",",0","0","1,0","0","1,0","0","1,0","","","19720202",",,0","19720229","+,,0","19720229","+,,0","","","19720205",",,0","19720227","+,1,0","-2.2",",0,02,","0",",,0,29,+","0",",,0,29,+","55.4",",,0,05,","20.6","1,0,27,+","1284.0","0","208.3","1,0","101.4",",,,0","0",",,,0","10.88","1,0","15.70","1,,,0","6.07",",,,0"
"USC00044500","1972-03","37.9566","-122.5447","44.2","KENTFIELD, CA US","1.1","0","1.1",",0","3",",0","3",",0","0",",0","0",",0","0",",0","0",",0","0",",0","0",",0","15",",0","0",",0","","","19720326",",,0","19720331","+,,0","19720331","+,,0","","","19720322",",,0","19720316",",,0","1.7",",0,26,","0",",,0,31,+","0",",,0,31,+","14.7",",,0,22,","28.9",",0,16,","1407.6","0","123.6",",0","36.8",",,,0","0",",,,0","14.38",",0","21.47",",,,0","7.29",",,,0"
"USC00044500","1972-04","37.9566","-122.5447","44.2","KENTFIELD, CA US","1.1","0","0.0",",0","5",",0","5",",0","1",",0","0",",0","0",",0","0",",0","0",",0","0",",0","16",",0","0",",0","","","19720418",",,0","19720430","+,,0","19720430","+,,0","","","19720412",",,0","19720427",",,0","1.7",",0,18,","0",",,0,30,+","0",",,0,30,+","46.5",",,0,12,","28.3",",0,27,","1544.3","0","136.7",",0","110.3",",,,0","0",",,,0","13.78",",0","21.30",",,,0","6.26",",,,0"
"USC00044500","1972-05","37.9566","-122.5447","44.2","KENTFIELD, CA US","12.7","0","11.6",",0","1",",0","0",",0","0",",0","0",",0","0",",0","0",",0","0",",0","0",",0","24",",0","2",",0","","","19720519",",,0","19720531","+,,0","19720531","+,,0","","","19720507",",,0","19720513",",,0","4.4",",0,19,","0",",,0,31,+","0",",,0,31,+","0.8",",,0,07,","33.9",",0,13,","1619.1","0","74.8",",0","0.8",",,,0","0",",,,0","16.29",",0","24.83",",,,0","7.75",",,,0"
"USC00044500","1972-06","37.9566","-122.5447","44.2","KENTFIELD, CA US","40.8","0","28.1",",0","1",",0","1",",0","0",",0","0",",0","0",",0","0",",0","0",",0","0",",0","29",",0","4",",0","","","19720605",",,0","19720630","+,,0","19720630","+,,0","","","19720609",",,0","19720630",",,0","6.1",",0,05,","0",",,0,30,+","0",",,0,30,+","8.9",",,0,09,","41.1",",0,30,","1646.0","0","26.9",",0","8.9",",,,0","0",",,,0","18.37",",0","27.72",",,,0","9.02",",,,0"
"USC00044500","1972-07","37.9566","-122.5447","44.2","KENTFIELD, CA US","125.9","0","85.1",",0","0",",0","0",",0","0",",0","0",",0","0",",0","0",",0","0",",0","0",",0","31",",0","9",",0","","","19720707",",,0","19720731","+,,0","19720731","+,,0","","","19720731","+,,0","19720714",",,0","8.3",",0,07,","0",",,0,31,+","0",",,0,31,+","0.0",",,0,31,+","43.9",",0,14,","2.0","0","2.0",",0","0.0",",,,0","0",",,,0","21.01",",0","30.47",",,,0","11.56",",,,0"
"USC00044500","1972-08","37.9566","-122.5447","44.2","KENTFIELD, CA US","190.0","0","64.1",",0","0",",0","0",",0","0",",0","0",",0","0",",0","0",",0","0",",0","0",",0","31",",0","9",",0","","","19720817","+,,0","19720831","+,,0","19720831","+,,0","","","19720831","+,,0","19720822",",,0","8.9",",0,17,+","0",",,0,31,+","0",",,0,31,+","0.0",",,0,31,+","35.0",",0,22,","5.1","0","3.1",",0","0.0",",,,0","0",",,,0","20.30",",0","29.63",",,,0","10.97",",,,0"
"USC00044500","1972-09","37.9566","-122.5447","44.2","KENTFIELD, CA US","205.0","0","15.0",",0","2",",0","2",",0","0",",0","0",",0","0",",0","0",",0","0",",0","0",",0","29",",0","0",",0","","","19720925","+,,0","19720930","+,,0","19720930","+,,0","","","19720927",",,0","19720921",",,0","7.2",",0,25,+","0",",,0,30,+","0",",,0,30,+","19.1",",,0,27,","31.7",",0,21,","33.8","0","28.7",",0","23.7",",,,0","0",",,,0","17.88",",0","26.19",",,,0","9.57",",,,0"
"USC00044500","1972-10","37.9566","-122.5447","44.2","KENTFIELD, CA US","209.8","0","4.8",",0","13",",0","9",",0","3",",0","0",",0","0",",0","0",",0","0",",0","0",",0","12",",0","0",",0","","","19721031",",,0","19721031","+,,0","19721031","+,,0","","","19721017",",,0","19721006",",,0","4.4",",0,31,","0",",,0,31,+","0",",,0,31,+","59.7",",,0,17,","30.6",",0,06,","120.8","0","87.0",",0","216.9",",,,0","0",",,,0","15.68",",0","21.15",",,,0","10.21",",,,0"
"USC00044500","1972-11","37.9566","-122.5447","44.2","KENTFIELD, CA US","209.8","0","0.0",",0","12",",0","12",",0","5",",0","0",",0","0",",0","0",",0","0",",0","0",",0","0",",0","0",",0","","","19721128",",,0","19721130","+,,0","19721130","+,,0","","","19721113",",,0","19721102",",,0","1.1",",0,28,","0",",,0,30,+","0",",,0,30,+","71.1",",,0,13,","19.4",",0,02,","360.7","0","239.9",",0","315.1",",,,0","0",",,,0","10.34",",0","14.33",",,,0","6.35",",,,0"
"USC00044500","1972-12","37.9566","-122.5447","44.2","KENTFIELD, CA US","209.8","0","0.0","1,0","17",",0","10",",0","3",",0","0",",0","0",",0","0",",0","10",",0","0","1,0","0","1,0","0","1,0","","","19721209",",,0","19721231","+,,0","19721213",",,0","1","","19721217",",,0","19721225",",1,0","-7.2",",0,09,","0",",,0,31,+","0",",T,0,13,","59.7",",,0,17,","17.2","1,0,25,","719.0","0","358.3","1,0","207.7",",,,0","0",",T,,0","6.29","1,0","10.18","1,,,0","2.40",",,,0"
"USC00044500","1973-01","37.9566","-122.5447","44.2","KENTFIELD, CA US","0.0","0","0.0",",0","16",",0","13",",0","7",",0","0",",0","0",",0","0",",0","6",",0","0",",0","0",",0","0",",0","","","19730106",",,0","19730131","+,,0","19730131","+,,0","","","19730111",",,0","19730101",",,0","-2.2",",0,06,","0",",,0,31,+","0",",,0,31,+","83.8",",,0,11,","16.1",",0,01,","1037.0","0","318.0",",0","497.8",",,,0","0",",,,0","8.08",",0","12.06",",,,0","4.09",",,,0"
"USC00044500","1973-02","37.9566","-122.5447","44.2","KENTFIELD, CA US","0.0","0","0.0","1,0","17",",0","15",",0","5",",0","0",",0","0",",0","0","1,0","0","1,0","0","1,0","0","1,0","0","1,0","","","19730201",",1,0","19730228","+,,0","19730228","+,,0","","","19730206",",,0","19730221",",1,0","1.7","1,0,01,","0",",,0,28,+","0",",,0,28,+","50.8",",,0,06,","20.6","1,0,21,","1235.0","0","198.0","1,0","309.7",",,,0","0",",,,0","11.00","1,0","15.23","1,,,0","6.77","1,,,0"
"USC00044500","1973-03","37.9566","-122.5447","44.2","KENTFIELD, CA US","0.0","0","0.0",",0","13",",0","10",",0","1",",0","0",",0","0",",0","0",",0","0",",0","0",",0","0",",0","0",",0","","","19730323",",,0","19730331","+,,0","19730331","+,,0","","","19730319",",,0","19730323","+,,0","1.1",",0,23,","0",",,0,31,+","0",",,0,31,+","26.7",",,0,19,","20.6",",0,23,+","1463.8","0","228.8",",0","128.1",",,,0","0",",,,0","10.95",",0","17.13",",,,0","4.78",",,,0"
"USC00044500","1973-04","37.9566","-122.5447","44.2","KENTFIELD, CA US","1.1","0","1.1",",0","1",",0","0",",0","0",",0","0",",0","0",",0","0",",0","0",",0","0",",0","24",",0","0",",0","","","19730401",",,0","19730430","+,,0","19730430","+,,0","","","19730413",",,0","19730425",",,0","4.4",",0,01,","0",",,0,30,+","0",",,0,30,+","1.5",",,0,13,","28.9",",0,25,","1557.1","0","93.3",",0","1.5",",,,0","0",",,,0","15.26",",0","23.51",",,,0","7.00",",,,0"
"USC00044500","1973-05","37.9566","-122.5447","44.2","KENTFIELD, CA US","16.4","0","15.3",",0","1",",0","0",",0","0",",0","0",",0","0",",0","0",",0","0",",0","0",",0","29",",0","2",",0","","","19730505","+,,0","19730531","+,,0","19730531","+,,0","","","19730524",",,0","19730528",",,0","4.4",",0,05,+","0",",,0,31,+","0",",,0,31,+","0.5",",,0,24,","35.6",",0,28,","1609.9","0","52.8",",0","0.5",",,,0","0",",,,0","17.12",",0","26.02",",,,0","8.22",",,,0"
"USC00044500","1973-06","37.9566","-122.5447","44.2","KENTFIELD, CA US","86.4","0","70.0","2,0","0",",0","0",",0","0",",0","0",",0","0",",0","0",",0","0",",0","0","2,0","28","2,0","9","2,0","","","19730630","+,,0","19730630","+,,0","19730630","+,,0","","","19730630","+,,0","19730608",",2,0","7.2",",0,30,+","0",",,0,30,+","0",",,0,30,+","0.0",",,0,30,+","40.6","2,0,08,","1627.7","0","17.8","2,0","0.0",",,,0","0",",,,0","20.30","2,0","30.04","2,,,0","10.55",",,,0"
"USC00044500","1973-07","37.9566","-122.5447","44.2","KENTFIELD, CA US","134.6","0","48.2",",0","0",",0","0",",0","0",",0","0",",0","0",",0","0",",0","0",",0","0",",0","31",",0","6",",0","","","19730701",",,0","19730731","+,,0","19730731","+,,0","","","19730731","+,,0","19730726",",,0","7.2",",0,01,","0",",,0,31,+","0",",,0,31,+","0.0",",,0,31,+","39.4",",0,26,","7.6","0","7.6",",0","0.0",",,,0","0",",,,0","19.64",",0","29.17",",,,0","10.12",",,,0"
"USC00044500","1973-08","37.9566","-122.5447","44.2","KENTFIELD, CA US","147.6","0","13.0",",0","0",",0","0",",0","0",",0","0",",0","0",",0","0",",0","0",",0","0",",0","31",",0","2",",0","","","19730818",",,0","19730831","+,,0","19730831","+,,0","","","19730831","+,,0","19730816",",,0","5.6",",0,18,","0",",,0,31,+","0",",,0,31,+","0.0",",,0,31,+","34.4",",0,16,","28.5","0","20.9",",0","0.0",",,,0","0",",,,0","18.08",",0","27.38",",,,0","8.78",",,,0"
"USC00044500","1973-09","37.9566","-122.5447","44.2","KENTFIELD, CA US","176.6","0","29.0",",0","3",",0","2",",0","0",",0","0",",0","0",",0","0",",0","0",",0","0",",0","30",",0","4",",0","","","19730901",",,0","19730930","+,,0","19730930","+,,0","","","19730922",",,0","19730928","+,,0","7.2",",0,01,","0",",,0,30,+","0",",,0,30,+","12.7",",,0,22,","32.8",",0,28,+","47.2","0","18.7",",0","20.3",",,,0","0",",,,0","18.68",",0","26.82",",,,0","10.54",",,,0"
"USC00044500","1973-10","37.9566","-122.5447","44.2","KENTFIELD, CA US","176.9","0","0.3",",0","7",",0","6",",0","2",",0","0",",0","0",",0","0",",0","0",",0","0",",0","24",",0","0",",0","","","19731003","+,,0","19731031","+,,0","19731031","+,,0","","","19731007",",,0","19731004",",,0","5.6",",0,03,+","0",",,0,31,+","0",",,0,31,+","47.2",",,0,07,","27.8",",0,04,","124.9","0","77.7",",0","114.5",",,,0","0",",,,0","15.84",",0","22.96",",,,0","8.72",",,,0"
"USC00044500","1973-11","37.9566","-122.5447","44.2","KENTFIELD, CA US","176.9","0","0.0",",0","19",",0","16",",0","8",",0","0",",0","0",",0","0",",0","0",",0","0",",0","1",",0","0",",0","","","19731104",",,0","19731130","+,,0","19731130","+,,0","","","19731106",",,0","19731101",",,0","2.8",",0,04,","0",",,0,30,+","0",",,0,30,+","161.3",",,0,06,","22.8",",0,01,","327.1","0","202.2",",0","660.5",",,,0","0",",,,0","11.59",",0","15.27",",,,0","7.91",",,,0"
"USC00044500","1973-12","37.9566","-122.5447","44.2","KENTFIELD, CA US","176.9","0","0.0",",0","12",",0","10",",0","3",",0","0",",0","0",",0","0",",0","0",",0","0",",0","0",",0","0",",0","","","19731202",",,0","19731231","+,,0","19731231","+,,0","","","19731221",",,0","19731228",",,0","1.7",",0,02,","0",",,0,31,+","0",",,0,31,+","61.0",",,0,21,","16.7",",0,28,","595.1","0","268.0",",0","212.0",",,,0","0",",,,0","9.69",",0","13.38",",,,0","6.00",",,,0"
"USC00044500","1974-01","37.9566","-122.5447","44.2","KENTFIELD, CA US","0.0","0","0.0","1,0","15",",0","14",",0","5",",0","0",",0","0",",0","0",",0","4",",0","0","1,0","1","1,0","0","1,0","","","19740102",",,0","19740131","+,,0","19740131","+,,0","","","19740103",",,0","19740123",",1,0","-1.1",",0,02,","0",",,0,31,+","0",",,0,31,+","42.7",",,0,03,","21.1","1,0,23,","873.8","0","278.7","1,0","248.8",",,,0","0",",,,0","8.97","1,0","13.24","1,,,0","4.71",",,,0"
"USC00044500","1974-02","37.9566","-122.5447","44.2","KENTFIELD, CA US","0.0","0","0.0",",0","9",",0","7",",0","2",",0","0",",0","0",",0","0",",0","0",",0","0",",0","0",",0","0",",0","","","19740223",",,0","19740228","+,,0","19740228","+,,0","","","19740219",",,0","19740210",",,0","0.6",",0,23,","0",",,0,28,+","0",",,0,28,+","45.7",",,0,19,","20.6",",0,10,","1109.3","0","235.5",",0","118.1",",,,0","0",",,,0","9.92",",0","15.70",",,,0","4.15",",,,0"
"USC00044500","1974-03","37.9566","-122.5447","44.2","KENTFIELD, CA US","0.0","0","0.0",",0","12",",0","12",",0","4",",0","0",",0","0",",0","0",",0","0",",0","0",",0","6",",0","0",",0","","","19740309",",,0","19740331","+,,0","19740331","+,,0","","","19740301",",,0","19740319",",,0","1.1",",0,09,","0",",,0,31,+","0",",,0,31,+","45.7",",,0,01,","23.9",",0,19,","1305.7","0","196.4",",0","292.0",",,,0","0",",,,0","12.00",",0","16.72",",,,0","7.27",",,,0"
"USC00044500","1974-04","37.9566","-122.5447","44.2","KENTFIELD, CA US","0.8","0","0.8","1,0","7",",0","6",",0","1",",0","0",",0","0",",0","0","1,0","0","1,0","0","1,0","14","1,0","0","1,0","","","19740425",",1,0","19740430","+,,0","19740430","+,,0","","","19740401",",,0","19740429",",1,0","2.8","1,0,25,","0",",,0,30,+","0",",,0,30,+","85.1",",,0,01,","28.9","1,0,29,","1447.0","0","141.3","1,0","123.4",",,,0","0",",,,0","13.49","1,0","20.50","1,,,0","6.48","1,,,0"
"USC00044500","1974-05","37.9566","-122.5447","44.2","KENTFIELD, CA US","12.2","0","11.4",",0","1",",0","0",",0","0",",0","0",",0","0",",0","0",",0","0",",0","0",",0","25",",0","2",",0","","","19740518",",,0","19740531","+,,0","19740531","+,,0","","","19740517",",,0","19740526",",,0","2.8",",0,18,","0",",,0,31,+","0",",,0,31,+","2.3",",,0,17,","35.6",",0,26,","1536.2","0","89.2",",0","2.3",",,,0","0",",,,0","15.82",",0","24.41",",,,0","7.24",",,,0"
"USC00044500","1974-06","37.9566","-122.5447","44.2","KENTFIELD, CA US","54.2","0","42.0",",0","1",",0","1",",0","0",",0","0",",0","0",",0","0",",0","0",",0","0",",0","29",",0","3",",0","","","19740626","+,,0","19740630","+,,0","19740630","+,,0","","","19740618",",,0","19740628",",,0","7.2",",0,26,+","0",",,0,30,+","0",",,0,30,+","2.5",",,0,18,","37.2",",0,28,","1556.4","0","20.2",",0","2.5",",,,0","0",",,,0","19.06",",0","28.09",",,,0","10.03",",,,0"
"USC00044500","1974-07","37.9566","-122.5447","44.2","KENTFIELD, CA US","115.0","0","60.8",",0","2",",0","2",",0","1",",0","0",",0","0",",0","0",",0","0",",0","0",",0","31",",0","7",",0","","","19740707",",,0","19740731","+,,0","19740731","+,,0","","","19740708",",,0","19740724",",,0","7.2",",0,07,","0",",,0,31,+","0",",,0,31,+","62.2",",,0,08,","35.0",",0,24,","6.7","0","6.7",",0","83.8",",,,0","0",",,,0","20.08",",0","29.08",",,,0","11.07",",,,0"
"USC00044500","1974-08","37.9566","-122.5447","44.2","KENTFIELD, CA US","155.9","0","40.9","1,0","0",",0","0",",0","0",",0","0",",0","0",",0","0",",0","0",",0","0","1,0","30","1,0","6","1,0","","","19740814",",,0","19740831","+,,0","19740831","+,,0","","","19740831","+,,0","19740822","+,1,0","7.2",",0,14,","0",",,0,31,+","0",",,0,31,+","0.0",",,0,31,+","33.9","1,0,22,+","15.0","0","8.3","1,0","0.0",",,,0","0",",,,0","19.41","1,0","27.69","1,,,0","11.14",",,,0"
"USC00044500","1974-09","37.9566","-122.5447","44.2","KENTFIELD, CA US","188.4","0","32.5",",0","0",",0","0",",0","0",",0","0",",0","0",",0","0",",0","0",",0","0",",0","30",",0","5",",0","","","19740926","+,,0","19740930","+,,0","19740930","+,,0","","","19740930","+,,0","19740905",",,0","7.8",",0,26,+","0",",,0,30,+","0",",,0,30,+","0.0",",,0,30,+","35.0",",0,05,","48.2","0","33.2",",0","0.0",",,,0","0",",,,0","18.31",",0","26.83",",,,0","9.78",",,,0"
"USC00044500","1974-10","37.9566","-122.5447","44.2","KENTFIELD, CA US","214.8","0","26.4",",0","3",",0","2",",0","1",",0","0",",0","0",",0","0",",0","0",",0","0",",0","22",",0","1",",0","","","19741022","+,,0","19741031","+,,0","19741031","+,,0","","","19741028",",,0","19741017",",,0","5.6",",0,22,+","0",",,0,31,+","0",",,0,31,+","61.0",",,0,28,","32.2",",0,17,","109.6","0","61.4",",0","66.9",",,,0","0",",,,0","17.21",",0","24.61",",,,0","9.81",",,,0"
"USC00044500","1974-11","37.9566","-122.5447","44.2","KENTFIELD, CA US","214.8","0","0.0",",0","4",",0","3",",0","0",",0","0",",0","0",",0","0",",0","0",",0","0",",0","1",",0","0",",0","","","19741128","+,,0","19741130","+,,0","19741130","+,,0","","","19741121","+,,0","19741113",",,0","2.8",",0,28,+","0",",,0,30,+","0",",,0,30,+","16.5",",,0,21,+","21.7",",0,13,","307.5","0","197.9",",0","38.9",",,,0","0",",,,0","11.74",",0","16.84",",,,0","6.63",",,,0"
"USC00044500","1974-12","37.9566","-122.5447","44.2","KENTFIELD, CA US","214.8","0","0.0",",0","8",",0","5",",0","3",",0","0",",0","0",",0","0",",0","4",",0","0",",0","0",",0","0",",0","","","19741225","+,,0","19741231","+,,0","19741231","+,,0","","","19741203",",,0","19741217",",,0","-1.1",",0,25,+","0",",,0,31,+","0",",,0,31,+","34.3",",,0,03,","17.2",",0,17,","601.2","0","293.7",",0","132.5",",,,0","0",",,,0","8.86",",0","12.92",",,,0","4.80",",,,0"
"USC00044500","1975-01","37.9566","-122.5447","44.2","KENTFIELD, CA US","0.0","0","0.0",",0","7",",0","6",",0","1",",0","0",",0","0",",0","0",",0","4",",0","0",",0","0",",0","0",",0","","","19750130",",,0","19750131","+,,0","19750131","+,,0","","","19750131",",,0","19750124",",,0","-2.8",",0,30,","0",",,0,31,+","0",",,0,31,+","40.1",",,0,31,","18.3",",0,24,","910.5","0","309.3",",0","83.0",",,,0","0",",,,0","8.36",",0","13.53",",,,0","3.18",",,,0"
"USC00044500","1975-02","37.9566","-122.5447","44.2","KENTFIELD, CA US","0.0","0","0.0",",0","13",",0","13",",0","8",",0","0",",0","0",",0","0",",0","0",",0","0",",0","0",",0","0",",0","","","19750222",",,0","19750228","+,,0","19750228","+,,0","","","19750213",",,0","19750228","+,,0","0.6",",0,22,","0",",,0,28,+","0",",,0,28,+","96.5",",,0,13,","20.6",",0,28,+","1138.4","0","227.9",",0","406.2",",,,0","0",",,,0","10.19",",0","14.86",",,,0","5.53",",,,0"
"USC00044500","1975-03","37.9566","-122.5447","44.2","KENTFIELD, CA US","0.0","0","0.0",",0","18",",0","15",",0","5",",0","0",",0","0",",0","0",",0","0",",0","0",",0","3",",0","0",",0","","","19750329","+,,0","19750331","+,,0","19750331","+,,0","","","19750321",",,0","19750331","+,,0","1.7",",0,29,+","0",",,0,31,+","0",",,0,31,+","66.0",",,0,21,","21.1",",0,31,+","1351.7","0","213.3",",0","289.6",",,,0","0",",,,0","11.45",",0","16.87",",,,0","6.04",",,,0"
"USC00044500","1975-04","37.9566","-122.5447","44.2","KENTFIELD, CA US","0.0","0","0.0","1,0","11",",0","7",",0","2",",0","0",",0","0",",0","0",",0","0",",0","0","1,0","7","1,0","0","1,0","","","19750415",",,0","19750430","+,,0","19750430","+,,0","","","19750424","+,,0","19750429",",1,0","1.1",",0,15,","0",",,0,30,+","0",",,0,30,+","27.9",",,0,24,+","23.9","1,0,29,","1551.9","0","200.2","1,0","101.8",",,,0","0",",,,0","11.47","1,0","17.99","1,,,0","4.95",",,,0"
"USC00044500","1975-05","37.9566","-122.5447","44.2","KENTFIELD, CA US","31.9","0","31.9",",0","1",",0","0",",0","0",",0","0",",0","0",",0","0",",0","0",",0","0",",0","22",",0","4",",0","","","19750504",",,0","19750531","+,,0","19750531","+,,0","","","19750503",",,0","19750529",",,0","3.9",",0,04,","0",",,0,31,+","0",",,0,31,+","1.5",",,0,03,","36.7",",0,29,","1629.1","0","77.2",",0","1.5",",,,0","0",",,,0","16.87",",0","25.39",",,,0","8.35",",,,0"
"USC00044500","1975-06","37.9566","-122.5447","44.2","KENTFIELD, CA US","50.4","0","18.5",",0","1",",0","0",",0","0",",0","0",",0","0",",0","0",",0","0",",0","0",",0","30",",0","2",",0","","","19750625",",,0","19750630","+,,0","19750630","+,,0","","","19750624",",,0","19750609",",,0","6.1",",0,25,","0",",,0,30,+","0",",,0,30,+","1.0",",,0,24,","33.3",",0,09,","1665.2","0","36.1",",0","1.0",",,,0","0",",,,0","17.75",",0","26.13",",,,0","9.36",",,,0"
"USC00044500","1975-07","37.9566","-122.5447","44.2","KENTFIELD, CA US","95.4","0","45.0",",0","1",",0","1",",0","0",",0","0",",0","0",",0","0",",0","0",",0","0",",0","30",",0","6",",0","","","19750730","+,,0","19750731","+,,0","19750731","+,,0","","","19750715",",,0","19750725",",,0","8.3",",0,30,+","0",",,0,31,+","0",",,0,31,+","6.6",",,0,15,","39.4",",0,25,","9.5","0","9.5",",0","6.6",",,,0","0",",,,0","19.48",",0","28.45",",,,0","10.52",",,,0"
"USC00044500","1975-08","37.9566","-122.5447","44.2","KENTFIELD, CA US","146.4","0","51.0",",0","1",",0","0",",0","0",",0","0",",0","0",",0","0",",0","0",",0","0",",0","29",",0","8",",0","","","19750807",",,0","19750831","+,,0","19750831","+,,0","","","19750818",",,0","19750808",",,0","7.8",",0,07,","0",",,0,31,+","0",",,0,31,+","0.5",",,0,18,","37.8",",0,08,","28.1","0","18.6",",0","0.5",",,,0","0",",,,0","19.38",",0","28.14",",,,0","10.62",",,,0"
"USC00044500","1975-09","37.9566","-122.5447","44.2","KENTFIELD, CA US","175.0","0","28.6",",0","0",",0","0",",0","0",",0","0",",0","0",",0","0",",0","0",",0","0",",0","30",",0","7",",0","","","19750922",",,0","19750930","+,,0","19750930","+,,0","","","19750930","+,,0","19750924",",,0","5.0",",0,22,","0",",,0,30,+","0",",,0,30,+","0.0",",,0,30,+","35.6",",0,24,","66.4","0","38.3",",0","0.0",",,,0","0",",,,0","18.01",",0","26.43",",,,0","9.59",",,,0"
"USC00044500","1975-10","37.9566","-122.5447","44.2","KENTFIELD, CA US","176.1","0","1.1",",0","5",",0","4",",0","2",",0","0",",0","0",",0","0",",0","0",",0","0",",0","16",",0","0",",0","","","19751029",",,0","19751031","+,,0","19751031","+,,0","","","19751010",",,0","19751003",",,0","3.3",",0,29,","0",",,0,31,+","0",",,0,31,+","55.9",",,0,10,","27.8",",0,03,","176.4","0","110.0",",0","138.9",",,,0","0",",,,0","14.82",",0","21.16",",,,0","8.48",",,,0"
"USC00044500","1975-11","37.9566","-122.5447","44.2","KENTFIELD, CA US","176.1","0","0.0",",0","5",",0","3",",0","0",",0","0",",0","0",",0","0",",0","0",",0","0",",0","3",",0","0",",0","","","19751121","+,,0","19751130","+,,0","19751130","+,,0","","","19751110",",,0","19751125",",,0","1.7",",0,21,+","0",",,0,30,+","0",",,0,30,+","19.8",",,0,10,","23.9",",0,25,","401.4","0","225.0",",0","39.7",",,,0","0",",,,0","10.83",",0","16.28",",,,0","5.38",",,,0"
"USC00044500","1975-12","37.9566","-122.5447","44.2","KENTFIELD, CA US","176.1","0","0.0",",0","4",",0","4",",0","0",",0","0",",0","0",",0","0",",0","1",",0","0",",0","0",",0","0",",0","","","19751215",",,0","19751231","+,,0","19751231","+,,0","","","19751222",",,0","19751228",",,0","0.0",",0,15,","0",",,0,31,+","0",",,0,31,+","15.2",",,0,22,","20.6",",0,28,","674.6","0","273.2",",0","38.4",",,,0","0",",,,0","9.52",",0","14.25",",,,0","4.78",",,,0"
"USC00044500","1976-01","37.9566","-122.5447","44.2","KENTFIELD, CA US","0.0","0","0.0",",0","1",",0","1",",0","0",",0","0",",0","0",",0","0",",0","4",",0","0",",0","0",",0","0",",0","","","19760102",",,0","19760131","+,,0","19760131","+,,0","","","19760109",",,0","19760131",",,0","-2.8",",0,02,","0",",,0,31,+","0",",,0,31,+","8.4",",,0,09,","20.6",",0,31,","967.9","0","293.3",",0","8.4",",,,0","0",",,,0","8.87",",0","14.72",",,,0","3.03",",,,0"
"USC00044500","1976-02","37.9566","-122.5447","44.2","KENTFIELD, CA US","0.0","0","0.0","1,0","10",",0","5",",0","1",",0","0",",0","0",",0","0","1,0","1","1,0","0","1,0","1","1,0","0","1,0","","","19760205",",1,0","19760229","+,,0","19760229","+,,0","","","19760229",",,0","19760202",",1,0","0.0","1,0,05,","0",",,0,29,+","0",",,0,29,+","92.2",",,0,29,","21.7","1,0,02,","1192.3","0","224.4","1,0","145.8",",,,0","0",",,,0","10.32","1,0","15.70","1,,,0","4.94","1,,,0"
"USC00044500","1976-03","37.9566","-122.5447","44.2","KENTFIELD, CA US","0.0","0","0.0",",0","6",",0","4",",0","1",",0","0",",0","0",",0","0",",0","2",",0","0",",0","6",",0","0",",0","","","19760303",",,0","19760331","+,,0","19760331","+,,0","","","19760302",",,0","19760329",",,0","-1.1",",0,03,","0",",,0,31,+","0",",,0,31,+","50.0",",,0,02,","23.9",",0,29,","1418.6","0","226.3",",0","65.8",",,,0","0",",,,0","11.03",",0","18.03",",,,0","4.04",",,,0"
"USC00044500","1976-04","37.9566","-122.5447","44.2","KENTFIELD, CA US","0.0","0","0.0",",0","8",",0","6",",0","1",",0","0",",0","0",",0","0",",0","0",",0","0",",0","12",",0","0",",0","","","19760401",",,0","19760430","+,,0","19760430","+,,0","","","19760408",",,0","19760430",",,0","0.6",",0,01,","0",",,0,30,+","0",",,0,30,+","32.5",",,0,08,","28.9",",0,30,","1590.3","0","171.7",",0","68.3",",,,0","0",",,,0","12.61",",0","19.49",",,,0","5.73",",,,0"
"USC00044500","1976-05","37.9566","-122.5447","44.2","KENTFIELD, CA US","25.3","0","25.3",",0","0",",0","0",",0","0",",0","0",",0","0",",0","0",",0","0",",0","0",",0","31",",0","7",",0","","","19760522",",,0","19760531","+,,0","19760531","+,,0","","","19760531","+,,0","19760512",",,0","4.4",",0,22,","0",",,0,31,+","0",",,0,31,+","0.0",",,0,31,+","36.7",",0,12,","1645.3","0","55.0",",0","0.0",",,,0","0",",,,0","17.37",",0","26.77",",,,0","7.97",",,,0"
"USC00044500","1976-06","37.9566","-122.5447","44.2","KENTFIELD, CA US","111.4","0","86.1",",0","0",",0","0",",0","0",",0","0",",0","0",",0","0",",0","0",",0","0",",0","30",",0","12",",0","","","19760603",",,0","19760630","+,,0","19760630","+,,0","","","19760611",",,0","19760624",",,0","5.0",",0,03,","0",",,0,30,+","0",",,0,30,+","0.0",",T,0,11,","41.7",",0,24,","1675.2","0","29.9",",0","0.0",",T,,0","0",",,,0","20.21",",0","30.32",",,,0","10.09",",,,0"
"USC00044500","1976-07","37.9566","-122.5447","44.2","KENTFIELD, CA US","176.9","0","65.5",",0","0",",0","0",",0","0",",0","0",",0","0",",0","0",",0","0",",0","0",",0","31",",0","6",",0","","","19760714",",,0","19760731","+,,0","19760731","+,,0","","","19760731","+,,0","19760713",",,0","8.3",",0,14,","0",",,0,31,+","0",",,0,31,+","0.0",",,0,31,+","34.4",",0,13,","0.3","0","0.3",",0","0.0",",,,0","0",",,,0","20.43",",0","29.80",",,,0","11.07",",,,0"
"USC00044500","1976-08","37.9566","-122.5447","44.2","KENTFIELD, CA US","221.1","0","44.2",",0","5",",0","4",",0","1",",0","0",",0","0",",0","0",",0","0",",0","0",",0","29",",0","3",",0","","","19760803",",,0","19760831","+,,0","19760831","+,,0","","","19760815",",,0","19760827",",,0","7.8",",0,03,","0",",,0,31,+","0",",,0,31,+","27.7",",,0,15,","35.0",",0,27,","13.9","0","13.6",",0","44.2",",,,0","0",",,,0","19.32",",0","27.17",",,,0","11.47",",,,0"
"USC00044500","1976-09","37.9566","-122.5447","44.2","KENTFIELD, CA US","251.1","0","30.0",",0","4",",0","2",",0","0",",0","0",",0","0",",0","0",",0","0",",0","0",",0","28",",0","4",",0","","","19760924",",,0","19760930","+,,0","19760930","+,,0","","","19760928",",,0","19760909",",,0","7.2",",0,24,","0",",,0,30,+","0",",,0,30,+","16.5",",,0,28,","36.7",",0,09,","35.9","0","22.0",",0","23.1",",,,0","0",",,,0","18.60",",0","26.15",",,,0","11.05",",,,0"
"USC00044500","1976-10","37.9566","-122.5447","44.2","KENTFIELD, CA US","261.2","0","10.1",",0","2",",0","1",",0","0",",0","0",",0","0",",0","0",",0","0",",0","0",",0","25",",0","0",",0","","","19761028",",,0","19761031","+,,0","19761031","+,,0","","","19761001",",,0","19761012","+,,0","4.4",",0,28,","0",",,0,31,+","0",",,0,31,+","16.5",",,0,01,","30.6",",0,12,+","103.2","0","67.3",",0","17.8",",,,0","0",",,,0","16.49",",0","24.39",",,,0","8.58",",,,0"
"USC00044500","1976-11","37.9566","-122.5447","44.2","KENTFIELD, CA US","261.2","0","0.0",",0","4",",0","3",",0","2",",0","0",",0","0",",0","0",",0","1",",0","0",",0","10",",0","0",",0","","","19761128",",,0","19761130","+,,0","19761130","+,,0","","","19761114",",,0","19761105","+,,0","0.0",",0,28,","0",",,0,30,+","0",",,0,30,+","46.0",",,0,14,","25.6",",0,05,+","252.8","0","149.6",",0","79.8",",,,0","0",",,,0","13.35",",0","18.53",",,,0","8.16",",,,0"
"USC00044500","1976-12","37.9566","-122.5447","44.2","KENTFIELD, CA US","261.2","0","0.0",",0","2",",0","1",",0","1",",0","0",",0","0",",0","0",",0","2",",0","0",",0","0",",0","0",",0","","","19761227",",,0","19761231","+,,0","19761231","+,,0","","","19761230",",,0","19761205",",,0","-0.6",",0,27,","0",",,0,31,+","0",",,0,31,+","68.6",",,0,30,","18.3",",0,05,","553.6","0","300.8",",0","70.4",",,,0","0",",,,0","8.63",",0","14.46",",,,0","2.80",",,,0"
"USC00044500","1977-01","37.9566","-122.5447","44.2","KENTFIELD, CA US","0.0","0","0.0",",0","5",",0","4",",0","1",",0","0",",0","0",",0","0",",0","2",",0","0",",0","0",",0","0",",0","","","19770107",",,0","19770131","+,,0","19770131","+,,0","","","19770102",",,0","19770123",",,0","-1.1",",0,07,","0",",,0,31,+","0",",,0,31,+","88.9",",,0,02,","17.2",",0,23,","894.1","0","340.5",",0","113.8",",,,0","0",",,,0","7.35",",0","11.67",",,,0","3.02",",,,0"
"USC00044500","1977-02","37.9566","-122.5447","44.2","KENTFIELD, CA US","0.0","0","0.0",",0","5",",0","4",",0","2",",0","0",",0","0",",0","0",",0","0",",0","0",",0","7",",0","0",",0","","","19770204","+,,0","19770228","+,,0","19770228","+,,0","","","19770221",",,0","19770217","+,,0","2.2",",0,04,+","0",",,0,28,+","0",",,0,28,+","31.8",",,0,21,","22.8",",0,17,+","1086.1","0","192.0",",0","77.6",",,,0","0",",,,0","11.48",",0","17.43",",,,0","5.52",",,,0"
"USC00044500","1977-03","37.9566","-122.5447","44.2","KENTFIELD, CA US","0.0","0","0.0","1,0","5",",0","4",",0","1",",0","0",",0","0",",0","0",",0","1",",0","0","1,0","4","1,0","0","1,0","","","19770314",",,0","19770331","+,,0","19770331","+,,0","","","19770315",",,0","19770326",",1,0","0.0",",0,14,","0",",,0,31,+","0",",,0,31,+","47.5",",,0,15,","23.9","1,0,26,","1304.3","0","218.2","1,0","91.5",",,,0","0",",,,0","11.09","1,0","17.74","1,,,0","4.44",",,,0"
"USC00044500","1977-04","37.9566","-122.5447","44.2","KENTFIELD, CA US","0.0","0","0.0",",0","2",",0","2",",0","0",",0","0",",0","0",",0","0",",0","0",",0","0",",0","23",",0","0",",0","","","19770421",",,0","19770430","+,,0","19770430","+,,0","","","19770408",",,0","19770412",",,0","2.2",",0,21,","0",",,0,30,+","0",",,0,30,+","10.9",",,0,08,","27.8",",0,12,","1420.5","0","116.2",",0","18.3",",,,0","0",",,,0","14.46",",0","22.66",",,,0","6.26",",,,0"
"USC00044500","1977-05","37.9566","-122.5447","44.2","KENTFIELD, CA US","1.7","0","1.7","1,0","9",",0","3",",0","0",",0","0",",0","0",",0","0",",0","0",",0","0","1,0","16","1,0","0","1,0","","","19770507",",,0","19770531","+,,0","19770531","+,,0","","","19770526",",,0","19770531",",1,0","3.3",",0,07,","0",",,0,31,+","0",",,0,31,+","22.1",",,0,26,","30.0","1,0,31,","1534.1","0","113.6","1,0","47.9",",,,0","0",",,,0","14.63","1,0","21.54","1,,,0","7.72",",,,0"
"USC00044500","1977-06","37.9566","-122.5447","44.2","KENTFIELD, CA US","51.8","0","50.1",",0","1",",0","0",",0","0",",0","0",",0","0",",0","0",",0","0",",0","0",",0","29",",0","5",",0","","","19770603","+,,0","19770630","+,,0","19770630","+,,0","","","19770609",",,0","19770621",",,0","7.2",",0,03,+","0",",,0,30,+","0",",,0,30,+","1.8",",,0,09,","37.8",",0,21,","1557.9","0","23.8",",0","1.8",",,,0","0",",,,0","19.21",",0","27.63",",,,0","10.78",",,,0"
"USC00044500","1977-07","37.9566","-122.5447","44.2","KENTFIELD, CA US","121.3","0","69.5",",0","0",",0","0",",0","0",",0","0",",0","0",",0","0",",0","0",",0","0",",0","31",",0","10",",0","","","19770705",",,0","19770731","+,,0","19770731","+,,0","","","19770701",",,0","19770730",",,0","7.2",",0,05,","0",",,0,31,+","0",",,0,31,+","0.0",",T,0,01,","40.6",",0,30,","2.8","0","2.8",",0","0.0",",T,,0","0",",,,0","20.48",",0","30.81",",,,0","10.16",",,,0"
"USC00044500","1977-08","37.9566","-122.5447","44.2","KENTFIELD, CA US","193.4","0","72.1",",0","0",",0","0",",0","0",",0","0",",0","0",",0","0",",0","0",",0","0",",0","31",",0","4",",0","","","19770822",",,0","19770831","+,,0","19770831","+,,0","","","19770831","+,,0","19770829","+,,0","8.9",",0,22,","0",",,0,31,+","0",",,0,31,+","0.0",",,0,31,+","38.3",",0,29,+","3.4","0","0.6",",0","0.0",",,,0","0",",,,0","20.64",",0","28.95",",,,0","12.34",",,,0"
"USC00044500","1977-09","37.9566","-122.5447","44.2","KENTFIELD, CA US","213.5","0","20.1",",0","5",",0","5",",0","1",",0","0",",0","0",",0","0",",0","0",",0","0",",0","23",",0","4",",0","","","19770925",",,0","19770930","+,,0","19770930","+,,0","","","19770919",",,0","19770906",",,0","6.7",",0,25,","0",",,0,30,+","0",",,0,30,+","25.4",",,0,19,","33.9",",0,06,","39.0","0","35.6",",0","75.7",",,,0","0",",,,0","17.82",",0","24.46",",,,0","11.17",",,,0"
"USC00044500","1977-10","37.9566","-122.5447","44.2","KENTFIELD, CA US","216.5","0","3.0",",0","3",",0","2",",0","0",",0","0",",0","0",",0","0",",0","0",",0","0",",0","20",",0","0",",0","","","19771022",",,0","19771031","+,,0","19771031","+,,0","","","19771029",",,0","19771013",",,0","6.1",",0,22,","0",",,0,31,+","0",",,0,31,+","15.2",",,0,29,","28.3",",0,13,","113.3","0","74.3",",0","23.0",",,,0","0",",,,0","16.03",",0","23.01",",,,0","9.05",",,,0"
"USC00044500","1977-11","37.9566","-122.5447","44.2","KENTFIELD, CA US","216.5","0","0.0","3,0","5",",0","3",",0","3",",0","0",",0","0",",0","0","3,0","0","3,0","0","3,0","2","3,0","0","3,0","","","19771119",",3,0","19771130","+,,0","19771130","+,,0","","","19771121",",,0","19771107","+,3,0","0.6","3,0,19,","0",",,0,30,+","0",",,0,30,+","165.1",",,0,21,","21.7","3,0,07,+","276.1","0","162.8","3,0","290.8",",,,0","0",",,,0","12.30","3,0","17.86","3,,,0","6.74","3,,,0"
"USC00044500","1977-12","37.9566","-122.5447","44.2","KENTFIELD, CA US","216.5","0","0.0","2,0","14",",0","10",",0","4",",0","0",",0","0",",0","0","1,0","0","1,0","0","1,0","0","1,0","0","1,0","","","19771219",",1,0","19771231","+,,0","19771231","+,,0","","","19771215",",,0","19771201",",1,0","2.2","1,0,19,","0",",,0,31,+","0",",,0,31,+","77.0",",,0,15,","20.0","1,0,01,","499.8","0","223.7","1,0","300.1",",,,0","0",",,,0","10.61","2,0","14.20","1,,,0","7.02","1,,,0"
"USC00044500","1978-01","37.9566","-122.5447","44.2","KENTFIELD, CA US","0.0","0","0.0",",0","15",",0","13",",0","6",",0","0",",0","0",",0","0",",0","0",",0","0",",0","0",",0","0",",0","","","19780124",",,0","19780131","+,,0","19780131","+,,0","2","","19780114",",,0","19780114","+,,0","1.7",",0,24,","0",",,0,31,+","0",",,0,31,+","85.1",",,0,14,","15.6",",0,14,+","737.8","0","238.0",",0","367.2",",,,0","0",",,,0","10.66",",0","13.99",",,,0","7.32",",,,0"
"USC00044500","1978-02","37.9566","-122.5447","44.2","KENTFIELD, CA US","0.0","0","0.0",",0","12",",0","9",",0","3",",0","0",",0","0",",0","0",",0","0",",0","0",",0","1",",0","0",",0","","","19780227",",,0","19780228","+,,0","19780228","+,,0","1","","19780207",",,0","19780222",",,0","2.8",",0,27,","0",",,0,28,+","0",",,0,28,+","52.1",",,0,07,","21.1",",0,22,","935.2","0","197.4",",0","222.2",",,,0","0",",,,0","11.28",",0","15.38",",,,0","7.19",",,,0"
"USC00044500","1978-03","37.9566","-122.5447","44.2","KENTFIELD, CA US","0.0","0","0.0","2,0","12",",0","11",",0","4",",0","0",",0","0",",0","0","1,0","0","1,0","0","2,0","5","2,0","0","2,0","","","19780315",",1,0","19780331","+,,0","19780331","+,,0","","","19780304",",,0","19780318","+,2,0","4.4","1,0,15,","0",",,0,31,+","0",",,0,31,+","35.6",",,0,04,","23.3","2,0,18,+","1074.9","0","139.7","2,0","204.6",",,,0","0",",,,0","13.55","2,0","18.56","2,,,0","8.55","1,,,0"
"USC00044500","1978-04","37.9566","-122.5447","44.2","KENTFIELD, CA US","0.0","0","0.0",",0","12",",0","9",",0","2",",0","0",",0","0",",0","0",",0","0",",0","0",",0","7",",0","0",",0","","","19780422",",,0","19780430","+,,0","19780430","+,,0","","","19780415",",,0","19780409",",,0","3.3",",0,22,","0",",,0,30,+","0",",,0,30,+","45.2",",,0,15,","26.7",",0,09,","1240.5","0","165.6",",0","131.7",",,,0","0",",,,0","12.81",",0","18.83",",,,0","6.79",",,,0"
"USC00044500","1978-05","37.9566","-122.5447","44.2","KENTFIELD, CA US","29.5","0","29.5",",0","1",",0","1",",0","0",",0","0",",0","0",",0","0",",0","0",",0","0",",0","30",",0","3",",0","","","19780525","+,,0","19780531","+,,0","19780531","+,,0","","","19780515",",,0","19780530",",,0","7.2",",0,25,+","0",",,0,31,+","0",",,0,31,+","3.8",",,0,15,","33.9",",0,30,","1275.0","0","34.5",",0","3.8",",,,0","0",",,,0","18.17",",0","27.06",",,,0","9.28",",,,0"
"USC00044500","1978-06","37.9566","-122.5447","44.2","KENTFIELD, CA US","48.3","0","18.8",",0","0",",0","0",",0","0",",0","0",",0","0",",0","0",",0","0",",0","0",",0","30",",0","1",",0","","","19780601",",,0","19780630","+,,0","19780630","+,,0","","","19780630","+,,0","19780606",",,0","6.1",",0,01,","0",",,0,30,+","0",",,0,30,+","0.0",",,0,30,+","32.8",",0,06,","1289.2","0","14.2",",0","0.0",",,,0","0",",,,0","18.49",",0","27.08",",,,0","9.89",",,,0"
"USC00044500","1978-07","37.9566","-122.5447","44.2","KENTFIELD, CA US","103.1","0","54.8",",0","0",",0","0",",0","0",",0","0",",0","0",",0","0",",0","0",",0","0",",0","31",",0","5",",0","","","19780729","+,,0","19780731","+,,0","19780731","+,,0","","","19780731","+,,0","19780717",",,0","8.3",",0,29,+","0",",,0,31,+","0",",,0,31,+","0.0",",,0,31,+","37.8",",0,17,","6.2","0","6.2",",0","0.0",",,,0","0",",,,0","19.90",",0","29.39",",,,0","10.41",",,,0"
"USC00044500","1978-08","37.9566","-122.5447","44.2","KENTFIELD, CA US","165.6","0","62.5","2,0","0",",0","0",",0","0",",0","0",",0","0",",0","0","2,0","0","2,0","0","2,0","29","2,0","6","2,0","","","19780819","+,2,0","19780831","+,,0","19780831","+,,0","","","19780831","+,,0","19780805",",2,0","8.3","2,0,19,+","0",",,0,31,+","0",",,0,31,+","0.0",",,0,31,+","36.1","2,0,05,","7.9","0","1.7","2,0","0.0",",,,0","0",",,,0","20.43","2,0","29.79","2,,,0","11.07","2,,,0"
"USC00044500","1978-09","37.9566","-122.5447","44.2","KENTFIELD, CA US","219.3","0","53.7",",0","2",",0","2",",0","1",",0","0",",0","0",",0","0",",0","0",",0","0",",0","30",",0","5",",0","","","19780922","+,,0","19780930","+,,0","19780930","+,,0","","","19780909",",,0","19780924",",,0","7.8",",0,22,+","0",",,0,30,+","0",",,0,30,+","27.7",",,0,09,","34.4",",0,24,","12.6","0","4.7",",0","46.5",",,,0","0",",,,0","19.97",",0","28.20",",,,0","11.73",",,,0"
"USC00044500","1978-10","37.9566","-122.5447","44.2","KENTFIELD, CA US","240.7","0","21.4",",0","0",",0","0",",0","0",",0","0",",0","0",",0","0",",0","0",",0","0",",0","23",",0","2",",0","","","19781028",",,0","19781031","+,,0","19781031","+,,0","","","19781031","+,,0","19781013","+,,0","5.6",",0,28,","0",",,0,31,+","0",",,0,31,+","0.0",",,0,31,+","32.2",",0,13,+","71.5","0","58.9",",0","0.0",",,,0","0",",,,0","17.12",",0","24.75",",,,0","9.50",",,,0"
"USC00044500","1978-11","37.9566","-122.5447","44.2","KENTFIELD, CA US","240.7","0","0.0",",0","7",",0","6",",0","2",",0","0",",0","0",",0","0",",0","1",",0","0",",0","5",",0","0",",0","","","19781115",",,0","19781130","+,,0","19781130","+,,0","","","19781119",",,0","19781108",",,0","0.0",",0,15,","0",",,0,30,+","0",",,0,30,+","35.3",",,0,19,","24.4",",0,08,","304.9","0","233.4",",0","112.4",",,,0","0",",,,0","10.55",",0","15.95",",,,0","5.16",",,,0"
"USC00044500","1978-12","37.9566","-122.5447","44.2","KENTFIELD, CA US","240.7","0","0.0",",0","4",",0","3",",0","0",",0","0",",0","0",",0","0",",0","12",",0","0",",0","0",",0","0",",0","","","19781231",",,0","19781231","+,,0","19781231","+,,0","","","19781217",",,0","19781214","+,,0","-3.3",",0,31,","0",",,0,31,+","0",",,0,31,+","18.5",",,0,17,","15.6",",0,14,+","676.4","0","371.5",",0","30.7",",,,0","0",",,,0","6.35",",0","10.93",",,,0","1.77",",,,0"
"USC00044500","1979-01","37.9566","-122.5447","44.2","KENTFIELD, CA US","0.0","0","0.0","2,0","13",",0","10",",0","3",",0","0",",0","0",",0","0","1,0","2","1,0","0","2,0","0","2,0","0","2,0","","","19790129",",1,0","19790131","+,,0","19790131","+,,0","","","19790111",",,0","19790112","+,2,0","-2.8","1,0,29,","0",",,0,31,+","0",",,0,31,+","106.2",",,0,11,","15.0","2,0,12,+","964.4","0","288.0","2,0","358.2",",,,0","0",",,,0","8.39","2,0","12.53","2,,,0","4.24","1,,,0"
"USC00044500","1979-02","37.9566","-122.5447","44.2","KENTFIELD, CA US","0.0","0","0.0",",0","13",",0","11",",0","3",",0","0",",0","0",",0","0",",0","2",",0","0",",0","0",",0","0",",0","","","19790203","+,,0","19790228","+,,0","19790228","+,,0","","","19790213",",,0","19790206",",,0","-1.1",",0,03,+","0",",,0,28,+","0",",,0,28,+","79.5",",,0,13,","17.8",",0,06,","1205.8","0","241.4",",0","266.6",",,,0","0",",,,0","9.71",",0","14.43",",,,0","5.00",",,,0"
"USC00044500","1979-03","37.9566","-122.5447","44.2","KENTFIELD, CA US","0.0","0","0.0","1,0","8",",0","8",",0","1",",0","0",",0","0",",0","0",",0","0",",0","0","1,0","6","1,0","0","1,0","","","19790331","+,,0","19790331","+,,0","19790331","+,,0","","","19790327",",,0","19790308","+,1,0","4.4",",0,31,+","0",",,0,31,+","0",",,0,31,+","36.3",",,0,27,","23.3","1,0,08,+","1384.0","0","178.2","1,0","95.8",",,,0","0",",,,0","12.39","1,0","17.61","1,,,0","7.18",",,,0"
"USC00044500","1979-04","37.9566","-122.5447","44.2","KENTFIELD, CA US","0.0","0","0.0",",0","7",",0","5",",0","0",",0","0",",0","0",",0","0",",0","0",",0","0",",0","11",",0","0",",0","","","19790419",",,0","19790430","+,,0","19790430","+,,0","","","19790426",",,0","19790414",",,0","2.8",",0,19,","0",",,0,30,+","0",",,0,30,+","17.8",",,0,26,","22.8",",0,14,","1521.3","0","137.3",",0","48.3",",,,0","0",",,,0","13.76",",0","19.99",",,,0","7.52",",,,0"
"USC00044500","1979-05","37.9566","-122.5447","44.2","KENTFIELD, CA US","18.4","0","18.4",",0","3",",0","3",",0","1",",0","0",",0","0",",0","0",",0","0",",0","0",",0","25",",0","2",",0","","","19790508",",,0","19790531","+,,0","19790531","+,,0","","","19790505",",,0","19790531",",,0","6.1",",0,08,","0",",,0,31,+","0",",,0,31,+","38.9",",,0,05,","32.8",",0,31,","1576.3","0","55.0",",0","61.8",",,,0","0",",,,0","17.15",",0","25.10",",,,0","9.20",",,,0"
"USC00044500","1979-06","37.9566","-122.5447","44.2","KENTFIELD, CA US","52.9","0","34.5",",0","0",",0","0",",0","0",",0","0",",0","0",",0","0",",0","0",",0","0",",0","30",",0","7",",0","","","19790622","+,,0","19790630","+,,0","19790630","+,,0","","","19790630","+,,0","19790609","+,,0","6.7",",0,22,+","0",",,0,30,+","0",",,0,30,+","0.0",",,0,30,+","33.9",",0,09,+","1594.5","0","18.2",",0","0.0",",,,0","0",",,,0","18.88",",0","28.45",",,,0","9.30",",,,0"
"USC00044500","1979-07","37.9566","-122.5447","44.2","KENTFIELD, CA US","129.7","0","76.8",",0","0",",0","0",",0","0",",0","0",",0","0",",0","0",",0","0",",0","0",",0","31",",0","8",",0","","","19790704",",,0","19790731","+,,0","19790731","+,,0","","","19790731","+,,0","19790712",",,0","7.2",",0,04,","0",",,0,31,+","0",",,0,31,+","0.0",",,0,31,+","37.2",",0,12,","6.1","0","6.1",",0","0.0",",,,0","0",",,,0","20.61",",0","30.02",",,,0","11.21",",,,0"
"USC00044500","1979-08","37.9566","-122.5447","44.2","KENTFIELD, CA US","184.4","0","54.7",",0","0",",0","0",",0","0",",0","0",",0","0",",0","0",",0","0",",0","0",",0","31",",0","3",",0","","","19790808","+,,0","19790831","+,,0","19790831","+,,0","","","19790831","+,,0","19790801",",,0","7.8",",0,08,+","0",",,0,31,+","0",",,0,31,+","0.0",",,0,31,+","33.3",",0,01,","10.5","0","4.4",",0","0.0",",,,0","0",",,,0","19.95",",0","28.69",",,,0","11.22",",,,0"
"USC00044500","1979-09","37.9566","-122.5447","44.2","KENTFIELD, CA US","264.6","0","80.2",",0","1",",0","1",",0","0",",0","0",",0","0",",0","0",",0","0",",0","0",",0","29",",0","8",",0","","","19790928","+,,0","19790930","+,,0","19790930","+,,0","","","19790925",",,0","19790912",",,0","8.3",",0,28,+","0",",,0,30,+","0",",,0,30,+","2.5",",,0,25,","39.4",",0,12,","16.1","0","5.6",",0","2.5",",,,0","0",",,,0","20.82",",0","29.69",",,,0","11.96",",,,0"
"USC00044500","1979-10","37.9566","-122.5447","44.2","KENTFIELD, CA US","275.0","0","10.4","1,0","6",",0","3",",0","2",",0","0",",0","0",",0","0",",0","0",",0","0","1,0","21","1,0","0","1,0","","","19791021",",,0","19791031","+,,0","19791031","+,,0","","","19791025",",,0","19791002",",1,0","5.6",",0,21,","0",",,0,31,+","0",",,0,31,+","70.4",",,0,25,","30.0","1,0,02,","74.1","0","58.0","1,0","142.8",",,,0","0",",,,0","16.75","1,0","22.81","1,,,0","10.69",",,,0"
"USC00044500","1979-11","37.9566","-122.5447","44.2","KENTFIELD, CA US","275.0","0","0.0",",0","10",",0","8",",0","4",",0","0",",0","0",",0","0",",0","0",",0","0",",0","0",",0","0",",0","","","19791121",",,0","19791130","+,,0","19791130","+,,0","","","19791103",",,0","19791113",",,0","1.1",",0,21,","0",",,0,30,+","0",",,0,30,+","47.2",",,0,03,","18.3",",0,13,","279.4","0","205.3",",0","188.4",",,,0","0",",,,0","11.49",",0","16.04",",,,0","6.94",",,,0"
"USC00044500","1979-12","37.9566","-122.5447","44.2","KENTFIELD, CA US","275.0","0","0.0",",0","8",",0","8",",0","3",",0","0",",0","0",",0","0",",0","1",",0","0",",0","0",",0","0",",0","","","19791212",",,0","19791231","+,,0","19791231","+,,0","","","19791224",",,0","19791207",",,0","-0.6",",0,12,","0",",,0,31,+","0",",,0,31,+","86.4",",,0,24,","18.9",",0,07,","545.9","0","266.5",",0","264.5",",,,0","0",",,,0","9.74",",0","14.23",",,,0","5.25",",,,0"
"USC00044500","1980-01","37.9566","-122.5447","44.2","KENTFIELD, CA US","0.0","0","0.0",",0","8",",0","8",",0","5",",0","0",",0","0",",0","0",",0","2",",0","0",",0","0",",0","0",",0","","","19800130",",,0","19800131","+,,0","19800131","+,,0","","","19800112",",,0","19800123",",,0","-2.8",",0,30,","0",",,0,31,+","0",",,0,31,+","108.0",",,0,12,","17.2",",0,23,","817.2","0","271.3",",0","318.9",",,,0","0",",,,0","9.58",",0","13.39",",,,0","5.77",",,,0"
"USC00044500","1980-02","37.9566","-122.5447","44.2","KENTFIELD, CA US","0.0","0","0.0",",0","13",",0","13",",0","5",",0","0",",0","0",",0","0",",0","0",",0","0",",0","0",",0","0",",0","","","19800209",",,0","19800229","+,,0","19800229","+,,0","","","19800219",",,0","19800226","+,,0","2.2",",0,09,","0",",,0,29,+","0",",,0,29,+","84.6",",,0,19,","19.4",",0,26,+","997.9","0","180.7",",0","344.6",",,,0","0",",,,0","12.10",",0","16.18",",,,0","8.02",",,,0"
"USC00044500","1980-03","37.9566","-122.5447","44.2","KENTFIELD, CA US","0.0","0","0.0",",0","7",",0","6",",0","0",",0","0",",0","0",",0","0",",0","0",",0","0",",0","6",",0","0",",0","","","19800317",",,0","19800331","+,,0","19800331","+,,0","","","19800305",",,0","19800329","+,,0","2.2",",0,17,","0",",,0,31,+","0",",,0,31,+","23.4",",,0,05,","23.3",",0,29,+","1188.0","0","190.1",",0","60.2",",,,0","0",",,,0","12.20",",0","18.29",",,,0","6.11",",,,0"
"USC00044500","1980-04","37.9566","-122.5447","44.2","KENTFIELD, CA US","0.0","0","0.0",",0","5","1,0","4","1,0","1","1,0","0",",0","0",",0","0",",0","0",",0","0",",0","16",",0","0",",0","","","19800407",",,0","19800430","+,,0","19800430","+,,0","","","19800405",",1,0","19800412","+,,0","2.8",",0,07,","0",",,0,30,+","0",",,0,30,+","48.3","1,,0,05,","26.1",",0,12,+","1317.7","0","129.7",",0","93.8","1,,,0","0",",,,0","14.01",",0","21.03",",,,0","6.99",",,,0"
"USC00044500","1980-05","37.9566","-122.5447","44.2","KENTFIELD, CA US","2.2","0","2.2",",0","1",",0","1",",0","0",",0","0",",0","0",",0","0",",0","0",",0","0",",0","21",",0","0",",0","","","19800525",",,0","19800531","+,,0","19800531","+,,0","","","19800509",",,0","19800517",",,0","5.6",",0,25,","0",",,0,31,+","0",",,0,31,+","19.1",",,0,09,","30.0",",0,17,","1409.6","0","91.9",",0","19.1",",,,0","0",",,,0","15.44",",0","22.82",",,,0","8.06",",,,0"
"USC00044500","1980-06","37.9566","-122.5447","44.2","KENTFIELD, CA US","20.2","0","18.0","1,0","1",",0","1",",0","0",",0","0",",0","0",",0","0",",0","0",",0","0","1,0","28","1,0","2","1,0","","","19800610","+,,0","19800630","+,,0","19800630","+,,0","","","19800604",",,0","19800628",",1,0","6.7",",0,10,+","0",",,0,30,+","0",",,0,30,+","6.4",",,0,04,","35.6","1,0,28,","1442.0","0","32.4","1,0","6.4",",,,0","0",",,,0","17.85","1,0","26.43","1,,,0","9.27",",,,0"
"USC00044500","1980-07","37.9566","-122.5447","44.2","KENTFIELD, CA US","75.5","0","55.3",",0","1",",0","0",",0","0",",0","0",",0","0",",0","0",",0","0",",0","0",",0","31",",0","6",",0","","","19800712",",,0","19800731","+,,0","19800731","+,,0","","","19800702",",,0","19800728","+,,0","7.8",",0,12,","0",",,0,31,+","0",",,0,31,+","1.5",",,0,02,","35.0",",0,28,+","3.1","0","3.1",",0","1.5",",,,0","0",",,,0","20.02",",0","29.07",",,,0","10.96",",,,0"
"USC00044500","1980-08","37.9566","-122.5447","44.2","KENTFIELD, CA US","93.7","0","18.2","1,0","0",",0","0",",0","0",",0","0",",0","0",",0","0",",0","0",",0","0","1,0","29","1,0","2","1,0","","","19800830","+,,0","19800831","+,,0","19800831","+,,0","","","19800831","+,,0","19800801",",1,0","7.2",",0,30,+","0",",,0,31,+","0",",,0,31,+","0.0",",,0,31,+","38.3","1,0,01,","33.0","0","29.9","1,0","0.0",",,,0","0",",,,0","17.95","1,0","26.12","1,,,0","9.77",",,,0"
"USC00044500","1980-09","37.9566","-122.5447","44.2","KENTFIELD, CA US","111.0","0","17.3","1,0","0",",0","0",",0","0",",0","0",",0","0",",0","0",",0","0",",0","0","1,0","29","1,0","2","1,0","","","19800921","+,,0","19800930","+,,0","19800930","+,,0","","","19800930","+,,0","19800930",",1,0","7.8",",0,21,+","0",",,0,30,+","0",",,0,30,+","0.0",",,0,30,+","33.9","1,0,30,","50.8","0","17.8","1,0","0.0",",,,0","0",",,,0","18.31","1,0","26.44","1,,,0","10.19",",,,0"
"USC00044500","1980-10","37.9566","-122.5447","44.2","KENTFIELD, CA US","140.4","0","29.4",",0","2",",0","1",",0","0",",0","0",",0","0",",0","0",",0","0",",0","0",",0","24",",0","4",",0","","","19801018","+,,0","19801031","+,,0","19801031","+,,0","","","19801012",",,0","19801003","+,,0","5.0",",0,18,+","0",",,0,31,+","0",",,0,31,+","6.4",",,0,12,","36.7",",0,03,+","130.5","0","79.7",",0","7.2",",,,0","0",",,,0","16.71",",0","24.57",",,,0","8.85",",,,0"
"USC00044500","1980-11","37.9566","-122.5447","44.2","KENTFIELD, CA US","140.4","0","0.0",",0","3","1,0","1","1,0","0","1,0","0",",0","0",",0","0",",0","0",",0","0",",0","6",",0","0",",0","","","19801113",",,0","19801130","+,,0","19801130","+,,0","","","19801122",",1,0","19801104",",,0","2.2",",0,13,","0",",,0,30,+","0",",,0,30,+","6.9","1,,0,22,","25.0",",0,04,","294.7","0","164.2",",0","8.2","1,,,0","0",",,,0","12.86",",0","19.02",",,,0","6.70",",,,0"
"USC00044500","1980-12","37.9566","-122.5447","44.2","KENTFIELD, CA US","140.4","0","0.0",",0","5",",0","4",",0","1",",0","0",",0","0",",0","0",",0","0",",0","0",",0","0",",0","0",",0","","","19801212","+,,0","19801231","+,,0","19801231","+,,0","","","19801203",",,0","19801216","+,,0","0.6",",0,12,+","0",",,0,31,+","0",",,0,31,+","61.0",",,0,03,","19.4",",0,16,+","558.1","0","263.4",",0","103.7",",,,0","0",",,,0","9.84",",0","14.53",",,,0","5.14",",,,0"
"USC00044500","1981-01","37.9566","-122.5447","44.2","KENTFIELD, CA US","0.0","0","0.0",",0","12",",0","11",",0","4",",0","0",",0","0",",0","0",",0","0",",0","0",",0","0",",0","0",",0","","","19810131",",,0","19810131","+,,0","19810131","+,,0","","","19810127",",,0","19810122","+,,0","1.7",",0,31,","0",",,0,31,+","0",",,0,31,+","91.9",",,0,27,","17.2",",0,22,+","824.0","0","265.9",",0","290.9",",,,0","0",",,,0","9.76",",0","13.40",",,,0","6.11",",,,0"
"USC00044500","1981-02","37.9566","-122.5447","44.2","KENTFIELD, CA US","0.0","0","0.0",",0","9",",0","7",",0","0",",0","0",",0","0",",0","0",",0","0",",0","0",",0","4",",0","0",",0","","","19810203","+,,0","19810228","+,,0","19810228","+,,0","","","19810211",",,0","19810218","+,,0","2.2",",0,03,+","0",",,0,28,+","0",",,0,28,+","21.6",",,0,11,","21.7",",0,18,+","1011.3","0","187.3",",0","89.6",",,,0","0",",,,0","11.64",",0","16.79",",,,0","6.50",",,,0"
"USC00044500","1981-03","37.9566","-122.5447","44.2","KENTFIELD, CA US","0.0","0","0.0",",0","10",",0","10",",0","4",",0","0",",0","0",",0","0",",0","1",",0","0",",0","3",",0","0",",0","","","19810317",",,0","19810331","+,,0","19810331","+,,0","","","19810321",",,0","19810328",",,0","-1.7",",0,17,","0",",,0,31,+","0",",,0,31,+","72.4",",,0,21,","23.9",",0,28,","1220.5","0","209.2",",0","232.8",",,,0","0",",,,0","11.59",",0","17.17",",,,0","6.00",",,,0"
"USC00044500","1981-04","37.9566","-122.5447","44.2","KENTFIELD, CA US","11.7","0","11.7","1,0","1","1,0","1","1,0","0","1,0","0",",0","0",",0","0",",0","0",",0","0","1,0","17","1,0","3","1,0","","","19810414",",,0","19810430","+,,0","19810430","+,,0","","","19810425",",1,0","19810429","+,1,0","3.3",",0,14,","0",",,0,30,+","0",",,0,30,+","3.8","1,,0,25,","32.8","1,0,29,+","1332.9","0","112.4","1,0","3.8","1,,,0","0",",,,0","14.88","1,0","22.74","1,,,0","7.02",",,,0"
"USC00044500","1981-05","37.9566","-122.5447","44.2","KENTFIELD, CA US","21.7","0","10.0",",0","2",",0","1",",0","0",",0","0",",0","0",",0","0",",0","0",",0","0",",0","29",",0","0",",0","","","19810507","+,,0","19810531","+,,0","19810531","+,,0","","","19810518",",,0","19810531","+,,0","6.1",",0,07,+","0",",,0,31,+","0",",,0,31,+","11.4",",,0,18,","29.4",",0,31,+","1378.5","0","45.6",",0","12.7",",,,0","0",",,,0","17.19",",0","25.62",",,,0","8.75",",,,0"
"USC00044500","1981-06","37.9566","-122.5447","44.2","KENTFIELD, CA US","144.6","0","122.9",",0","0",",0","0",",0","0",",0","0",",0","0",",0","0",",0","0",",0","0",",0","30",",0","12",",0","","","19810601",",,0","19810630","+,,0","19810630","+,,0","","","19810630","+,,0","19810619",",,0","8.3",",0,01,","0",",,0,30,+","0",",,0,30,+","0.0",",,0,30,+","41.1",",0,19,","1380.1","0","1.6",",0","0.0",",,,0","0",",,,0","22.38",",0","32.19",",,,0","12.56",",,,0"
"USC00044500","1981-07","37.9566","-122.5447","44.2","KENTFIELD, CA US","183.8","0","39.2",",0","1",",0","0",",0","0",",0","0",",0","0",",0","0",",0","0",",0","0",",0","30",",0","8",",0","","","19810730","+,,0","19810731","+,,0","19810731","+,,0","","","19810705",",,0","19810714",",,0","7.2",",0,30,+","0",",,0,31,+","0",",,0,31,+","0.5",",,0,05,","37.2",",0,14,","13.8","0","13.8",",0","0.5",",,,0","0",",,,0","19.15",",0","29.06",",,,0","9.25",",,,0"
"USC00044500","1981-08","37.9566","-122.5447","44.2","KENTFIELD, CA US","219.7","0","35.9",",0","0",",0","0",",0","0",",0","0",",0","0",",0","0",",0","0",",0","0",",0","31",",0","4",",0","","","19810822",",,0","19810831","+,,0","19810831","+,,0","","","19810831","+,,0","19810828","+,,0","7.2",",0,22,","0",",,0,31,+","0",",,0,31,+","0.0",",,0,31,+","35.0",",0,28,+","23.0","0","9.2",",0","0.0",",,,0","0",",,,0","19.19",",0","28.25",",,,0","10.14",",,,0"
"USC00044500","1981-09","37.9566","-122.5447","44.2","KENTFIELD, CA US","231.8","0","12.1",",0","1",",0","1",",0","0",",0","0",",0","0",",0","0",",0","0",",0","0",",0","29",",0","0",",0","","","19810901",",,0","19810930","+,,0","19810930","+,,0","","","19810925",",,0","19810906","+,,0","7.2",",0,01,","0",",,0,30,+","0",",,0,30,+","10.9",",,0,25,","30.6",",0,06,+","38.0","0","15.0",",0","10.9",",,,0","0",",,,0","18.24",",0","26.36",",,,0","10.11",",,,0"
"USC00044500","1981-10","37.9566","-122.5447","44.2","KENTFIELD, CA US","235.7","0","3.9",",0","5",",0","5",",0","1",",0","0",",0","0",",0","0",",0","0",",0","0",",0","16",",0","0",",0","","","19811014",",,0","19811031","+,,0","19811031","+,,0","","","19811028",",,0","19811001",",,0","4.4",",0,14,","0",",,0,31,+","0",",,0,31,+","43.9",",,0,28,","30.0",",0,01,","153.1","0","115.1",",0","111.4",",,,0","0",",,,0","14.75",",0","21.57",",,,0","7.92",",,,0"
"USC00044500","1981-11","37.9566","-122.5447","44.2","KENTFIELD, CA US","235.7","0","0.0",",0","15",",0","14",",0","5",",0","0",",0","0",",0","0",",0","0",",0","0",",0","2",",0","0",",0","","","19811129",",,0","19811130","+,,0","19811130","+,,0","","","19811113",",,0","19811101",",,0","2.8",",0,29,","0",",,0,30,+","0",",,0,30,+","58.4",",,0,13,","22.8",",0,01,","318.8","0","165.7",",0","314.9",",,,0","0",",,,0","12.81",",0","16.88",",,,0","8.74",",,,0"
"USC00044500","1981-12","37.9566","-122.5447","44.2","KENTFIELD, CA US","235.7","0","0.0",",0","12","3,0","10","3,0","3","3,0","0",",0","0",",0","0",",0","0",",0","0",",0","0",",0","0",",0","","","19811222","+,,0","19811231","+,,0","19811231","+,,0","","","19811220","+,3,0","19811226",",,0","2.8",",0,22,+","0",",,0,31,+","0",",,0,31,+","101.6","3,,0,20,+","16.7",",0,26,","554.3","0","235.5",",0","410.3",",a,,0","0",",,,0","10.74",",0","14.22",",,,0","7.26",",,,0"
"USC00044500","1982-01","37.9566","-122.5447","44.2","KENTFIELD, CA US","0.0","0","0.0","3,0","10",",0","8",",0","6",",0","0",",0","0",",0","0",",0","6",",0","0","3,0","0","3,0","0","3,0","2","","19820107",",,0","19820131","+,,0","19820131","+,,0","","","19820104",",,0","19820131","+,3,0","-2.2",",0,07,","0",",,0,31,+","0",",,0,31,+","268.0",",,0,04,","15.6","3,0,31,+","875.9","0","321.6","3,0","502.7",",,,0","0",",,,0","6.87","3,0","11.51","3,,,0","2.22",",,,0"
"USC00044500","1982-02","37.9566","-122.5447","44.2","KENTFIELD, CA US","0.0","0","0.0","1,0","6",",0","5",",0","3",",0","0",",0","0",",0","0",",0","1",",0","0","1,0","1","1,0","0","1,0","","","19820205",",,0","19820228","+,,0","19820228","+,,0","","","19820215",",,0","19820220",",1,0","-1.1",",0,05,","0",",,0,28,+","0",",,0,28,+","58.4",",,0,15,","21.1","1,0,20,","1071.6","0","195.7","1,0","172.0",",,,0","0",",,,0","11.04","1,0","16.20","1,,,0","5.88",",,,0"
"USC00044500","1982-03","37.9566","-122.5447","44.2","KENTFIELD, CA US","0.0","0","0.0","4,0","15",",0","13",",0","3",",0","0",",0","0",",0","0",",0","0",",0","0","4,0","0","4,0","0","4,0","1","","19820318",",,0","19820331","+,,0","19820331","+,,0","","","19820331",",,0","19820323",",4,0","1.7",",0,18,","0",",,0,31,+","0",",,0,31,+","99.1",",,0,31,","19.4","4,0,23,","1282.2","0","210.6","4,0","317.9",",,,0","0",",,,0","10.57","4,0","15.61","4,,,0","5.52",",,,0"
"USC00044500","1982-04","37.9566","-122.5447","44.2","KENTFIELD, CA US","0.0","0","0.0","1,0","","","","","","","","","","","0",",0","0",",0","0","1,0","11","1,0","0","1,0","","","19820407","+,,0","","","","","","","","","19820422",",1,0","1.1",",0,07,+","","","","","","","26.7","1,0,22,","1443.1","0","160.9","1,0","","","","","12.76","1,0","19.12","1,,,0","6.40",",,,0"
"USC00044500","1982-05","37.9566","-122.5447","44.2","KENTFIELD, CA US","9.7","0","9.7","5,0","0",",0","0",",0","0",",0","0",",0","0",",0","0",",0","0",",0","0","5,0","22","5,0","2","5,0","11","","19820511",",,0","19820531","+,,0","19820531","+,,0","","","19820531","+,,0","19820524",",5,0","4.4",",0,11,","0",",,0,31,+","0",",,0,31,+","0.0",",,0,31,+","35.6","5,0,24,","1521.4","0","78.3","5,0","0.0",",,,0","0",",,,0","15.81","5,0","24.06","5,,,0","7.57",",,,0"
"USC00044500","1982-06","37.9566","-122.5447","44.2","KENTFIELD, CA US","16.7","0","7.0","4,0","1",",0","0",",0","0",",0","0",",0","0",",0","0",",0","0",",0","0","4,0","25","4,0","0","4,0","17","","19820607",",,0","19820630","+,,0","19820630","+,,0","","","19820629",",,0","19820615",",4,0","4.4",",0,07,","0",",,0,30,+","0",",,0,30,+","1.5",",,0,29,","28.9","4,0,15,","1570.4","0","49.0","4,0","1.5",",,,0","0",",,,0","16.81","4,0","23.93","4,,,0","9.68",",,,0"
"USC00044500","1982-07","37.9566","-122.5447","44.2","KENTFIELD, CA US","47.1","0","30.4","2,0","0",",0","0",",0","0",",0","0",",0","0",",0","0",",0","0",",0","0","2,0","28","2,0","5","2,0","","","19820729","+,,0","19820731","+,,0","19820731","+,,0","","","19820731","+,,0","19820714",",2,0","8.3",",0,29,+","0",",,0,31,+","0",",,0,31,+","0.0",",,0,31,+","34.4","2,0,14,","15.5","0","15.5","2,0","0.0",",,,0","0",",,,0","18.85","2,0","27.65","2,,,0","10.05",",,,0"
"USC00044500","1982-08","37.9566","-122.5447","44.2","KENTFIELD, CA US","","","","","0",",0","0",",0","0",",0","0",",0","0",",0","0","1,0","0","1,0","","","","","","","9","","19820831",",1,0","19820831","+,,0","19820831","+,,0","","","19820831","+,,0","","","7.8","1,0,31,","0",",,0,31,+","0",",,0,31,+","0.0",",,0,31,+","","","","","","","0.0",",,,0","0",",,,0","","","","","10.45","1,,,0"
"USC00044500","1982-09","37.9566","-122.5447","44.2","KENTFIELD, CA US","","","","","2",",0","2",",0","0",",0","0",",0","0",",0","0",",0","0",",0","","","","","","","","","19820901",",,0","19820930","+,,0","19820930","+,,0","","","19820924",",,0","","","7.8",",0,01,","0",",,0,30,+","0",",,0,30,+","12.7",",,0,24,","","","","","","","20.3",",,,0","0",",,,0","","","","","11.12",",,,0"
"USC00044500","1982-10","37.9566","-122.5447","44.2","KENTFIELD, CA US","","","1.9","5,0","5",",0","3",",0","3",",0","0",",0","0",",0","0",",0","0",",0","0","5,0","19","5,0","0","5,0","1","","19821028","+,,0","19821031","+,,0","19821031","+,,0","","","19821030",",,0","19821013",",5,0","5.6",",0,28,+","0",",,0,31,+","0",",,0,31,+","49.5",",,0,30,","28.3","5,0,13,","","","65.8","5,0","141.0",",,,0","0",",,,0","15.93","5,0","22.67","5,,,0","9.19",",,,0"
"USC00044500","1982-11","37.9566","-122.5447","44.2","KENTFIELD, CA US","","","0.0","1,0","12",",0","11",",0","6",",0","0",",0","0",",0","0",",0","0",",0","0","1,0","0","1,0","0","1,0","4","","19821113",",,0","19821130","+,,0","19821130","+,,0","","","19821118",",,0","19821106","+,1,0","2.2",",0,13,","0",",,0,30,+","0",",,0,30,+","154.9",",,0,18,","19.4","1,0,06,+","","","239.9","1,0","433.1",",,,0","0",",,,0","10.08","1,0","14.28","1,,,0","5.89",",,,0"
"USC00044500","1982-12","37.9566","-122.5447","44.2","KENTFIELD, CA US","","","0.0","3,0","10",",0","7",",0","3",",0","0",",0","0",",0","0",",0","4",",0","0","3,0","0","3,0","0","3,0","4","","19821231","+,,0","19821231","+,,0","19821231","+,,0","","","19821221",",,0","19821208",",3,0","-0.6",",0,31,+","0",",,0,31,+","0",",,0,31,+","72.4",",,0,21,","17.2","3,0,08,","","","257.5","3,0","183.8",",,,0","0",",,,0","9.11","3,0","13.48","3,,,0","4.75",",,,0"
"USC00044500","1983-01","37.9566","-122.5447","44.2","KENTFIELD, CA US","0.0","0","0.0","2,0","11",",0","8",",0","5",",0","0",",0","0",",0","0",",0","1",",0","0","2,0","0","2,0","0","2,0","5","","19830101",",,0","19830131","+,,0","19830131","+,,0","","","19830122",",,0","19830126","+,2,0","-0.6",",0,01,","0",",,0,31,+","0",",,0,31,+","69.1",",,0,22,","15.6","2,0,26,+","","","302.1","2,0","288.6",",,,0","0",",,,0","7.85","2,0","11.73","2,,,0","3.96",",,,0"
"USC00044500","1983-02","37.9566","-122.5447","44.2","KENTFIELD, CA US","0.0","0","0.0","1,0","17",",0","15",",0","8",",0","0",",0","0",",0","0",",0","0",",0","0","1,0","0","1,0","0","1,0","","","19830201",",,0","19830228","+,,0","19830228","+,,0","","","19830225",",,0","19830217",",1,0","3.3",",0,01,","0",",,0,28,+","0",",,0,28,+","108.0",",,0,25,","18.3","1,0,17,","","","189.7","1,0","463.7",",,,0","0",",,,0","11.32","1,0","15.17","1,,,0","7.48",",,,0"
"USC00044500","1983-03","37.9566","-122.5447","44.2","KENTFIELD, CA US","0.0","0","0.0","4,0","23",",0","20",",0","9",",0","0",",0","0",",0","0",",0","0",",0","0","4,0","0","4,0","0","4,0","","","19830321","+,,0","19830331","+,,0","19830331","+,,0","","","19830313",",,0","19830308",",4,0","3.9",",0,21,+","0",",,0,31,+","0",",,0,31,+","101.6",",,0,13,","20.0","4,0,08,","","","169.5","4,0","576.5",",,,0","0",",,,0","11.95","4,0","16.16","4,,,0","7.74",",,,0"
"USC00044500","1983-04","37.9566","-122.5447","44.2","KENTFIELD, CA US","0.0","0","0.0","2,0","10",",0","9",",0","2",",0","0",",0","0",",0","0",",0","0",",0","0","2,0","2","2,0","0","2,0","","","19830413",",,0","19830430","+,,0","19830430","+,,0","","","19830423",",,0","19830416",",2,0","3.3",",0,13,","0",",,0,30,+","0",",,0,30,+","38.6",",,0,23,","22.2","2,0,16,","","","175.4","2,0","136.0",",,,0","0",",,,0","12.10","2,0","17.69","2,,,0","6.52",",,,0"
"USC00044500","1983-05","37.9566","-122.5447","44.2","KENTFIELD, CA US","6.1","0","6.1","2,0","2",",0","1",",0","0",",0","0",",0","0",",0","0",",0","0",",0","0","2,0","22","2,0","1","2,0","8","","19830516",",,0","19830531","+,,0","19830531","+,,0","","","19830505",",,0","19830520",",2,0","4.4",",0,16,","0",",,0,31,+","0",",,0,31,+","10.2",",,0,05,","32.2","2,0,20,","","","89.5","2,0","11.0",",,,0","0",",,,0","15.45","2,0","23.26","2,,,0","7.65",",,,0"
"USC00044500","1983-06","37.9566","-122.5447","44.2","KENTFIELD, CA US","","","","","0",",0","0",",0","0",",0","0",",0","0",",0","0",",0","0",",0","","","","","","","","","19830622",",,0","19830630","+,,0","19830630","+,,0","","","19830630","+,,0","","","3.9",",0,22,","0",",,0,30,+","0",",,0,30,+","0.0",",,0,30,+","","","","","","","0.0",",,,0","0",",,,0","","","","","8.72",",,,0"
"USC00044500","1983-07","37.9566","-122.5447","44.2","KENTFIELD, CA US","","","","","0",",0","0",",0","0",",0","0",",0","0",",0","0",",0","0",",0","","","","","","","8","","19830720",",,0","19830731","+,,0","19830731","+,,0","","","19830731","+,,0","","","5.6",",0,20,","0",",,0,31,+","0",",,0,31,+","0.0",",,0,31,+","","","","","","","0.0",",,,0","0",",,,0","","","","","10.49",",,,0"
"USC00044500","1983-08","37.9566","-122.5447","44.2","KENTFIELD, CA US","","","","","2",",0","0",",0","0",",0","0",",0","0",",0","0",",0","0",",0","","","","","","","2","","19830803",",,0","19830831","+,,0","19830831","+,,0","","","19830830",",,0","","","6.7",",0,03,","0",",,0,31,+","0",",,0,31,+","1.3",",,0,30,","","","","","","","2.3",",,,0","0",",,,0","","","","","11.39",",,,0"
"USC00044500","1983-09","37.9566","-122.5447","44.2","KENTFIELD, CA US","","","","","2",",0","1",",0","0",",0","0",",0","0",",0","0",",0","0",",0","","","","","","","4","","19830928",",,0","19830930","+,,0","19830930","+,,0","","","19830930",",,0","","","6.7",",0,28,","0",",,0,30,+","0",",,0,30,+","15.7",",,0,30,","","","","","","","16.2",",,,0","0",",,,0","","","","","11.56",",,,0"
"USC00044500","1983-10","37.9566","-122.5447","44.2","KENTFIELD, CA US","","","2.8","4,0","4",",0","3",",0","0",",0","0",",0","0",",0","0",",0","0",",0","0","4,0","23","4,0","0","4,0","2","","19831019","+,,0","19831031","+,,0","19831031","+,,0","","","19831030",",,0","19831004",",4,0","6.7",",0,19,+","0",",,0,31,+","0",",,0,31,+","14.7",",,0,30,","26.7","4,0,04,","","","50.0","4,0","33.5",",,,0","0",",,,0","16.69","4,0","23.44","4,,,0","9.95",",,,0"
"USC00044500","1983-11","37.9566","-122.5447","44.2","KENTFIELD, CA US","","","0.0","3,0","17",",0","13",",0","5",",0","0",",0","0",",0","0",",0","0",",0","0","3,0","0","3,0","0","3,0","","","19831129","+,,0","19831130","+,,0","19831130","+,,0","","","19831124",",,0","19831102",",3,0","2.8",",0,29,+","0",",,0,30,+","0",",,0,30,+","94.5",",,0,24,","20.6","3,0,02,","","","185.5","3,0","379.3",",,,0","0",",,,0","11.43","3,0","15.77","3,,,0","7.09",",,,0"
"USC00044500","1983-12","37.9566","-122.5447","44.2","KENTFIELD, CA US","","","0.0","3,0","21",",0","14",",0","8",",0","0",",0","0",",0","0","1,0","0","1,0","0","2,0","0","2,0","0","2,0","","","19831221",",1,0","19831231","+,,0","19831231","+,,0","","","19831225",",,0","19831214",",2,0","1.7","1,0,21,","0",",,0,31,+","0",",,0,31,+","80.8",",,0,25,","18.9","2,0,14,","","","228.4","2,0","490.9",",,,0","0",",,,0","10.19","3,0","13.17","2,,,0","7.21","1,,,0"
"USC00044500","1984-01","37.9566","-122.5447","44.2","KENTFIELD, CA US","","","","","4",",0","3",",0","0",",0","0",",0","0",",0","0",",0","1",",0","","","","","","","3","","19840114",",,0","19840131","+,,0","19840131","+,,0","","","19840116",",,0","","","-0.6",",0,14,","0",",,0,31,+","0",",,0,31,+","12.2",",,0,16,","","","","","","","19.5",",,,0","0",",,,0","","","","","4.78",",,,0"
"USC00044500","1984-02","37.9566","-122.5447","44.2","KENTFIELD, CA US","","","0.0","3,0","11",",0","8",",0","2",",0","0",",0","0",",0","0",",0","0",",0","0","3,0","0","3,0","0","3,0","4","","19840223",",,0","19840229","+,,0","19840229","+,,0","","","19840213",",,0","19840204",",3,0","1.7",",0,23,","0",",,0,29,+","0",",,0,29,+","38.1",",,0,13,","18.3","3,0,04,","","","220.7","3,0","97.8",",,,0","0",",,,0","9.97","3,0","15.11","3,,,0","4.84",",,,0"
"USC00044500","1984-03","37.9566","-122.5447","44.2","KENTFIELD, CA US","","","","","6",",0","6",",0","2",",0","0",",0","0",",0","0",",0","0",",0","","","","","","","1","","19840319","+,,0","19840331","+,,0","19840331","+,,0","","","19840313",",,0","","","3.9",",0,19,+","0",",,0,31,+","0",",,0,31,+","32.3",",,0,13,","","","","","","","92.9",",,,0","0",",,,0","","","","","6.74",",,,0"
"USC00044500","1984-04","37.9566","-122.5447","44.2","KENTFIELD, CA US","","","","","3",",0","3",",0","0",",0","0",",0","0",",0","0",",0","0",",0","","","","","","","","","19840403",",,0","19840430","+,,0","19840430","+,,0","","","19840410",",,0","","","2.8",",0,03,","0",",,0,30,+","0",",,0,30,+","24.4",",,0,10,","","","","","","","49.1",",,,0","0",",,,0","","","","","5.98",",,,0"
"USC00044500","1984-05","37.9566","-122.5447","44.2","KENTFIELD, CA US","","","","","2",",0","1",",0","0",",0","0",",0","0",",0","0",",0","0",",0","","","","","","","1","","19840508","+,,0","19840531","+,,0","19840531","+,,0","","","19840502",",,0","","","5.0",",0,08,+","0",",,0,31,+","0",",,0,31,+","5.6",",,0,02,","","","","","","","7.6",",,,0","0",",,,0","","","","","8.33",",,,0"
"USC00044500","1984-06","37.9566","-122.5447","44.2","KENTFIELD, CA US","","","","","1",",0","1",",0","0",",0","0",",0","0",",0","0",",0","0",",0","","","","","","","","","19840604",",,0","19840630","+,,0","19840630","+,,0","","","19840606",",,0","","","5.0",",0,04,","0",",,0,30,+","0",",,0,30,+","10.9",",,0,06,","","","","","","","10.9",",,,0","0",",,,0","","","","","8.21",",,,0"
"USC00044500","1984-07","37.9566","-122.5447","44.2","KENTFIELD, CA US","","","","","0",",0","0",",0","0",",0","0",",0","0",",0","0",",0","0",",0","","","","","","","","","19840711",",,0","19840731","+,,0","19840731","+,,0","","","19840731","+,,0","","","6.1",",0,11,","0",",,0,31,+","0",",,0,31,+","0.0",",,0,31,+","","","","","","","0.0",",,,0","0",",,,0","","","","","10.45",",,,0"
"USC00044500","1984-08","37.9566","-122.5447","44.2","KENTFIELD, CA US","","","","","1",",0","1",",0","0",",0","0",",0","0",",0","0",",0","0",",0","","","","","","","2","","19840824",",,0","19840831","+,,0","19840831","+,,0","","","19840830",",,0","","","5.0",",0,24,","0",",,0,31,+","0",",,0,31,+","8.6",",,0,30,","","","","","","","8.6",",,,0","0",",,,0","","","","","9.73",",,,0"
"USC00044500","1984-09","37.9566","-122.5447","44.2","KENTFIELD, CA US","","","","","1",",0","0",",0","0",",0","0",",0","0",",0","0",",0","0",",0","","","","","","","1","","19840903",",,0","19840930","+,,0","19840930","+,,0","1","","19840919",",,0","","","6.1",",0,03,","0",",,0,30,+","0",",,0,30,+","1.3",",,0,19,","","","","","","","1.3",",,,0","0",",,,0","","","","","11.28",",,,0"
"USC00044500","1984-10","37.9566","-122.5447","44.2","KENTFIELD, CA US","","","3.3","4,0","4",",0","3",",0","2",",0","0",",0","0",",0","0",",0","0",",0","0","4,0","13","4,0","0","4,0","1","","19841031","+,,0","19841031","+,,0","19841031","+,,0","","","19841016",",,0","19841007",",4,0","6.1",",0,31,+","0",",,0,31,+","0",",,0,31,+","37.1",",,0,16,","27.2","4,0,07,","","","99.1","4,0","79.0",",,,0","0",",,,0","14.81","4,0","20.69","4,,,0","8.94",",,,0"
"USC00044500","1984-11","37.9566","-122.5447","44.2","KENTFIELD, CA US","","","0.0","5,0","15",",0","14",",0","9",",0","0",",0","0",",0","0",",0","0",",0","0","5,0","0","5,0","0","5,0","","","19841126",",,0","19841130","+,,0","19841130","+,,0","","","19841116",",,0","19841104",",5,0","1.7",",0,26,","0",",,0,30,+","0",",,0,30,+","77.7",",,0,16,","18.3","5,0,04,","","","197.5","5,0","484.4",",,,0","0",",,,0","10.58","5,0","14.85","5,,,0","6.31",",,,0"
"USC00044500","1984-12","37.9566","-122.5447","44.2","KENTFIELD, CA US","","","0.0","3,0","10",",0","7",",0","0",",0","0",",0","0",",0","0",",0","0",",0","0","3,0","0","3,0","0","3,0","2","","19841228","+,,0","19841231","+,,0","19841231","+,,0","","","19841210",",,0","19841207","+,3,0","0.6",",0,28,+","0",",,0,31,+","0",",,0,31,+","19.8",",,0,10,","16.7","3,0,07,+","","","304.8","3,0","96.7",",,,0","0",",,,0","7.55","3,0","11.37","3,,,0","3.73",",,,0"
"USC00044500","1985-01","37.9566","-122.5447","44.2","KENTFIELD, CA US","0.0","0","0.0",",0","4",",0","2",",0","1",",0","0",",0","0",",0","0",",0","1",",0","0",",0","0",",0","0",",0","13","","19850113",",,0","19850131","+,,0","19850131","+,,0","","","19850107",",,0","19850131",",,0","-0.6",",0,13,","0",",,0,31,+","0",",,0,31,+","28.7",",,0,07,","14.4",",0,31,","","","354.4",",0","38.9",",,,0","0",",,,0","6.90",",0","11.07",",,,0","2.73",",,,0"
"USC00044500","1985-02","37.9566","-122.5447","44.2","KENTFIELD, CA US","0.9","0","0.9","2,0","3",",0","2",",0","2",",0","0",",0","0",",0","0",",0","0",",0","0","2,0","4","2,0","0","2,0","8","","19850210",",,0","19850228","+,,0","19850228","+,,0","","","19850208",",,0","19850222",",2,0","0.6",",0,10,","0",",,0,28,+","0",",,0,28,+","152.4",",,0,08,","25.6","2,0,22,","","","191.5","2,0","222.8",",,,0","0",",,,0","10.97","2,0","16.98","2,,,0","4.95",",,,0"
"USC00044500","1985-03","37.9566","-122.5447","44.2","KENTFIELD, CA US","0.9","0","0.0","5,0","11",",0","9",",0","1",",0","0",",0","0",",0","0",",0","0",",0","0","5,0","2","5,0","0","5,0","2","","19850308",",,0","19850331","+,,0","19850331","+,,0","","","19850326",",,0","19850331",",5,0","1.1",",0,08,","0",",,0,31,+","0",",,0,31,+","81.3",",,0,26,","25.6","5,0,31,","","","196.4","5,0","210.0",",,,0","0",",,,0","10.76","5,0","16.78","5,,,0","4.75",",,,0"
"USC00044500","1985-04","37.9566","-122.5447","44.2","KENTFIELD, CA US","","","","","1",",0","1",",0","0",",0","0",",0","0",",0","0",",0","0",",0","","","","","","","","","19850430","+,,0","19850430","+,,0","19850430","+,,0","","","19850421",",,0","","","6.7",",0,30,+","0",",,0,30,+","0",",,0,30,+","9.4",",,0,21,","","","","","","","9.4",",,,0","0",",,,0","","","","","8.74",",,,0"
"USC00044500","1985-05","37.9566","-122.5447","44.2","KENTFIELD, CA US","","","6.1","4,0","0",",0","0",",0","0",",0","0",",0","0",",0","0",",0","0",",0","0","4,0","22","4,0","0","4,0","1","","19850513","+,,0","19850531","+,,0","19850531","+,,0","","","19850531","+,,0","19850522",",4,0","5.0",",0,13,+","0",",,0,31,+","0",",,0,31,+","0.0",",,0,31,+","30.6","4,0,22,","","","57.4","4,0","0.0",",,,0","0",",,,0","16.38","4,0","24.34","4,,,0","8.43",",,,0"
"USC00044500","1985-06","37.9566","-122.5447","44.2","KENTFIELD, CA US","","","74.9","5,0","1",",0","1",",0","0",",0","0",",0","0",",0","0","1,0","0","1,0","0","4,0","25","4,0","10","4,0","","","19850625","+,1,0","19850630","+,,0","19850630","+,,0","","","19850602",",,0","19850610",",4,0","8.3","1,0,25,+","0",",,0,30,+","0",",,0,30,+","4.1",",,0,02,","38.3","4,0,10,","","","6.3","4,0","4.1",",,,0","0",",,,0","21.06","5,0","30.55","4,,,0","11.57","1,,,0"
"USC00044500","1985-07","37.9566","-122.5447","44.2","KENTFIELD, CA US","","","113.9","2,0","1",",0","0",",0","0",",0","0",",0","0",",0","0",",0","0",",0","0","2,0","29","2,0","11","2,0","","","19850715",",,0","19850731","+,,0","19850731","+,,0","","","19850720",",,0","19850709",",2,0","9.4",",0,15,","0",",,0,31,+","0",",,0,31,+","0.5",",,0,20,","40.0","2,0,09,","0.0","0","0.0","2,0","0.5",",,,0","0",",,,0","22.28","2,0","31.93","2,,,0","12.62",",,,0"
"USC00044500","1985-08","37.9566","-122.5447","44.2","KENTFIELD, CA US","","","","","0",",0","0",",0","0",",0","0",",0","0",",0","0","1,0","0","1,0","","","","","","","","","19850828",",1,0","19850831","+,,0","19850831","+,,0","","","19850831","+,,0","","","6.7","1,0,28,","0",",,0,31,+","0",",,0,31,+","0.0",",,0,31,+","","","","","","","0.0",",,,0","0",",,,0","","","","","11.31","1,,,0"
"USC00044500","1985-09","37.9566","-122.5447","44.2","KENTFIELD, CA US","","","26.9","3,0","3",",0","2",",0","0",",0","0",",0","0",",0","0",",0","0",",0","0","3,0","27","3,0","4","3,0","","","19850914",",,0","19850930","+,,0","19850930","+,,0","","","19850909",",,0","19850924","+,3,0","2.8",",0,14,","0",",,0,30,+","0",",,0,30,+","6.6",",,0,09,","34.4","3,0,24,+","","","21.6","3,0","15.0",",,,0","0",",,,0","18.60","3,0","26.54","3,,,0","10.67",",,,0"
"USC00044500","1985-10","37.9566","-122.5447","44.2","KENTFIELD, CA US","","","","","3",",0","1",",0","1",",0","0",",0","0",",0","0",",0","0",",0","","","","","","","5","","19851015",",,0","19851031","+,,0","19851031","+,,0","1","","19851021",",,0","","","5.0",",0,15,","0",",,0,31,+","0",",,0,31,+","28.7",",,0,21,","","","","","","","32.7",",,,0","0",",,,0","","","","","9.10",",,,0"
"USC00044500","1985-11","37.9566","-122.5447","44.2","KENTFIELD, CA US","","","1.1","4,0","10",",0","7",",0","5",",0","0",",0","0",",0","0",",0","4",",0","0","4,0","6","4,0","0","4,0","2","","19851126","+,,0","19851130","+,,0","19851130","+,,0","","","19851124",",,0","19851101",",4,0","-0.6",",0,26,+","0",",,0,30,+","0",",,0,30,+","113.3",",,0,24,","28.3","4,0,01,","","","210.8","4,0","256.0",",,,0","0",",,,0","10.29","4,0","15.43","4,,,0","5.14",",,,0"
"USC00044500","1985-12","37.9566","-122.5447","44.2","KENTFIELD, CA US","","","0.0","1,0","8",",0","7",",0","2",",0","0",",0","0",",0","0",",0","6",",0","0","1,0","0","1,0","0","1,0","15","","19851214",",,0","19851231","+,,0","19851231","+,,0","","","19851202",",,0","19851206","+,1,0","-5.6",",0,14,","0",",,0,31,+","0",",,0,31,+","71.4",",,0,02,","17.2","1,0,06,+","","","328.6","1,0","147.9",",,,0","0",",,,0","7.28","1,0","11.88","1,,,0","2.67",",,,0"
"USC00044500","1986-01","37.9566","-122.5447","44.2","KENTFIELD, CA US","0.0","0","0.0","1,0","11",",0","10",",0","5",",0","0",",0","0",",0","0",",0","0",",0","0","1,0","0","1,0","0","1,0","16","","19860116",",,0","19860131","+,,0","19860131","+,,0","","","19860116",",,0","19860127","+,1,0","2.8",",0,16,","0",",,0,31,+","0",",,0,31,+","99.8",",,0,16,","18.3","1,0,27,+","","","219.0","1,0","361.2",",,,0","0",",,,0","11.03","1,0","15.03","1,,,0","7.03",",,,0"
"USC00044500","1986-02","37.9566","-122.5447","44.2","KENTFIELD, CA US","0.0","0","0.0","3,0","15",",0","12",",0","8",",0","0",",0","0",",0","0","2,0","0","2,0","0","3,0","6","3,0","0","3,0","","","19860209","+,2,0","19860228","+,,0","19860228","+,,0","2","","19860217",",,0","19860227","+,3,0","1.1","2,0,09,+","0",",,0,28,+","0",",,0,28,+","167.6",",,0,17,","24.4","3,0,27,+","","","137.1","3,0","684.7",",,,0","0",",,,0","12.78","3,0","17.69","3,,,0","7.87","2,,,0"
"USC00044500","1986-03","37.9566","-122.5447","44.2","KENTFIELD, CA US","0.3","0","0.3","2,0","9",",0","9",",0","6",",0","0",",0","0",",0","0",",0","0",",0","0","2,0","18","2,0","0","2,0","1","","19860314",",,0","19860331","+,,0","19860331","+,,0","","","19860310",",,0","19860328",",2,0","3.9",",0,14,","0",",,0,31,+","0",",,0,31,+","96.3",",,0,10,","27.8","2,0,28,","","","119.0","2,0","333.6",",,,0","0",",,,0","14.37","2,0","20.50","2,,,0","8.24",",,,0"
"USC00044500","1986-04","37.9566","-122.5447","44.2","KENTFIELD, CA US","2.2","0","1.9",",0","5",",0","4",",0","0",",0","0",",0","0",",0","0",",0","0",",0","0",",0","16",",0","0",",0","","","19860430",",,0","19860430","+,,0","19860430","+,,0","","","19860416",",,0","19860420",",,0","2.2",",0,30,","0",",,0,30,+","0",",,0,30,+","10.2",",,0,16,","29.4",",0,20,","","","122.2",",0","32.8",",,,0","0",",,,0","14.32",",0","21.74",",,,0","6.91",",,,0"
"USC00044500","1986-05","37.9566","-122.5447","44.2","KENTFIELD, CA US","19.1","0","16.9","3,0","4",",0","2",",0","0",",0","0",",0","0",",0","0",",0","0",",0","0","3,0","22","3,0","2","3,0","","","19860510",",,0","19860531","+,,0","19860531","+,,0","","","19860503","+,,0","19860517",",3,0","3.9",",0,10,","0",",,0,31,+","0",",,0,31,+","6.6",",,0,03,+","33.3","3,0,17,","","","47.4","3,0","15.5",",,,0","0",",,,0","17.15","3,0","25.16","3,,,0","9.14",",,,0"
"USC00044500","1986-06","37.9566","-122.5447","44.2","KENTFIELD, CA US","55.6","0","36.5","5,0","0",",0","0",",0","0",",0","0",",0","0",",0","0",",0","0",",0","0","5,0","24","5,0","5","5,0","","","19860613",",,0","19860630","+,,0","19860630","+,,0","","","19860630","+,,0","19860609",",5,0","5.0",",0,13,","0",",,0,30,+","0",",,0,30,+","0.0",",,0,30,+","37.2","5,0,09,","","","14.7","5,0","0.0",",,,0","0",",,,0","19.12","5,0","27.66","5,,,0","10.58",",,,0"
"USC00044500","1986-07","37.9566","-122.5447","44.2","KENTFIELD, CA US","","","","","1","1,0","0","1,0","0","1,0","0","1,0","0","1,0","0","1,0","0","1,0","","","","","","","","","19860724","+,1,0","19860731","+,1,0","19860731","+,1,0","","","19860723",",1,0","","","8.3","1,0,24,+","0","1,,0,31,+","0","1,,0,31,+","0.8","1,,0,23,","","","","","","","0.8","1,,,0","0","1,,,0","","","","","10.74","1,,,0"
"USC00044500","1986-08","37.9566","-122.5447","44.2","KENTFIELD, CA US","","","40.8","3,0","0",",0","0",",0","0",",0","0",",0","0",",0","0",",0","0",",0","0","3,0","28","3,0","2","3,0","","","19860824","+,,0","19860831","+,,0","19860831","+,,0","","","19860831","+,,0","19860819","+,3,0","9.4",",0,24,+","0",",,0,31,+","0",",,0,31,+","0.0",",,0,31,+","32.2","3,0,19,+","","","3.6","3,0","0.0",",,,0","0",",,,0","19.70","3,0","28.08","3,,,0","11.33",",,,0"
"USC00044500","1986-09","37.9566","-122.5447","44.2","KENTFIELD, CA US","","","10.3","5,0","7",",0","4",",0","0",",0","0",",0","0",",0","0",",0","0",",0","0","5,0","22","5,0","0","5,0","","","19860926","+,,0","19860930","+,,0","19860930","+,,0","","","19860924",",,0","19860910",",5,0","6.7",",0,26,+","0",",,0,30,+","0",",,0,30,+","15.7",",,0,24,","31.7","5,0,10,","","","34.5","5,0","47.2",",,,0","0",",,,0","17.41","5,0","25.01","5,,,0","9.81",",,,0"
"USC00044500","1986-10","37.9566","-122.5447","44.2","KENTFIELD, CA US","","","12.0","5,0","3",",0","0",",0","0",",0","0",",0","0",",0","0","1,0","0","1,0","0","4,0","24","4,0","0","4,0","2","","19861019",",1,0","19861031","+,,0","19861031","+,,0","","","19861024",",,0","19861005",",4,0","2.8","1,0,19,","0",",,0,31,+","0",",,0,31,+","1.3",",,0,24,","31.1","4,0,05,","","","33.2","4,0","2.6",",,,0","0",",,,0","17.34","5,0","24.55","4,,,0","10.12","1,,,0"
"USC00044500","1986-11","37.9566","-122.5447","44.2","KENTFIELD, CA US","","","0.0",",0","3",",0","0",",0","0",",0","0",",0","0",",0","0",",0","0",",0","0",",0","14",",0","0",",0","","","19861130",",,0","19861130","+,,0","19861130","+,,0","","","19861129",",,0","19861104","+,,0","1.7",",0,30,","0",",,0,30,+","0",",,0,30,+","1.8",",,0,29,","26.7",",0,04,+","","","123.6",",0","3.6",",,,0","0",",,,0","14.21",",0","21.05",",,,0","7.38",",,,0"
"USC00044500","1986-12","37.9566","-122.5447","44.2","KENTFIELD, CA US","","","0.0",",0","9",",0","8",",0","0",",0","0",",0","0",",0","0",",0","0",",0","0",",0","0",",0","0",",0","12","","19861220","+,,0","19861231","+,,0","19861231","+,,0","","","19861222",",,0","19861207",",,0","2.2",",0,20,+","0",",,0,31,+","0",",,0,31,+","18.5",",,0,22,","18.9",",0,07,","","","286.7",",0","70.4",",,,0","0",",,,0","9.08",",0","13.19",",,,0","4.97",",,,0"
"USC00044500","1987-01","37.9566","-122.5447","44.2","KENTFIELD, CA US","0.0","0","0.0","2,0","10",",0","9",",0","2",",0","0",",0","0",",0","0",",0","0",",0","0","2,0","0","2,0","0","2,0","2","","19870119",",,0","19870131","+,,0","19870131","+,,0","","","19870103",",,0","19870119",",2,0","0.6",",0,19,","0",",,0,31,+","0",",,0,31,+","65.3",",,0,03,","19.4","2,0,19,","","","265.0","2,0","224.7",",,,0","0",",,,0","9.22","2,0","13.54","2,,,0","4.90",",,,0"
"USC00044500","1987-02","37.9566","-122.5447","44.2","KENTFIELD, CA US","0.0","0","0.0",",0","6",",0","5",",0","3",",0","0",",0","0",",0","0",",0","0",",0","0",",0","2",",0","0",",0","","","19870225","+,,0","19870228","+,,0","19870228","+,,0","","","19870213",",,0","19870206",",,0","0.6",",0,25,+","0",",,0,28,+","0",",,0,28,+","128.8",",,0,13,","22.2",",0,06,","","","177.9",",0","251.0",",,,0","0",",,,0","11.98",",0","17.66",",,,0","6.30",",,,0"
"USC00044500","1987-03","37.9566","-122.5447","44.2","KENTFIELD, CA US","0.0","0","0.0","1,0","12",",0","9",",0","1",",0","0",",0","0",",0","0",",0","0",",0","0","1,0","7","1,0","0","1,0","","","19870322","+,,0","19870331","+,,0","19870331","+,,0","","","19870305",",,0","19870328",",1,0","1.7",",0,22,+","0",",,0,31,+","0",",,0,31,+","55.9",",,0,05,","25.6","1,0,28,","","","163.4","1,0","164.4",",,,0","0",",,,0","12.88","1,0","18.70","1,,,0","7.06",",,,0"
"USC00044500","1987-04","37.9566","-122.5447","44.2","KENTFIELD, CA US","","","","","2",",0","2",",0","0",",0","0",",0","0",",0","0","2,0","0","2,0","","","","","","","","","19870413",",2,0","19870430","+,,0","19870430","+,,0","","","19870430",",,0","","","5.6","2,0,13,","0",",,0,30,+","0",",,0,30,+","6.4",",,0,30,","","","","","","","10.7",",,,0","0",",,,0","","","","","8.08","2,,,0"
"USC00044500","1987-05","37.9566","-122.5447","44.2","KENTFIELD, CA US","","","40.6","5,0","0",",0","0",",0","0",",0","0",",0","0",",0","0",",0","0",",0","0","5,0","19","5,0","6","5,0","","","19870523",",,0","19870531","+,,0","19870531","+,,0","","","19870531","+,,0","19870507",",5,0","6.7",",0,23,","0",",,0,31,+","0",",,0,31,+","0.0",",,0,31,+","37.2","5,0,07,","","","42.0","5,0","0.0",",,,0","0",",,,0","18.36","5,0","26.45","5,,,0","10.26",",,,0"
"USC00044500","1987-06","37.9566","-122.5447","44.2","KENTFIELD, CA US","","","","","0",",0","0",",0","0",",0","0",",0","0",",0","0",",0","0",",0","","","","","","","","","19870612",",,0","19870630","+,,0","19870630","+,,0","","","19870630","+,,0","","","8.3",",0,12,","0",",,0,30,+","0",",,0,30,+","0.0",",,0,30,+","","","","","","","0.0",",,,0","0",",,,0","","","","","10.85",",,,0"
"USC00044500","1987-07","37.9566","-122.5447","44.2","KENTFIELD, CA US","","","","","0",",0","0",",0","0",",0","0",",0","0",",0","0",",0","0",",0","","","","","","","","","19870719",",,0","19870731","+,,0","19870731","+,,0","","","19870731","+,,0","","","9.4",",0,19,","0",",,0,31,+","0",",,0,31,+","0.0",",,0,31,+","","","","","","","0.0",",,,0","0",",,,0","","","","","11.57",",,,0"
"USC00044500","1987-08","37.9566","-122.5447","44.2","KENTFIELD, CA US","","","","","0",",0","0",",0","0",",0","0",",0","0",",0","0",",0","0",",0","","","","","","","","","19870820","+,,0","19870831","+,,0","19870831","+,,0","","","19870831","+,,0","","","10.0",",0,20,+","0",",,0,31,+","0",",,0,31,+","0.0",",,0,31,+","","","","","","","0.0",",,,0","0",",,,0","","","","","11.60",",,,0"
"USC00044500","1987-09","37.9566","-122.5447","44.2","KENTFIELD, CA US","","","","","0",",0","0",",0","0",",0","0",",0","0",",0","0",",0","0",",0","","","","","","","","","19870920","+,,0","19870930","+,,0","19870930","+,,0","","","19870930","+,,0","","","7.8",",0,20,+","0",",,0,30,+","0",",,0,30,+","0.0",",,0,30,+","","","","","","","0.0",",,,0","0",",,,0","","","","","10.84",",,,0"
"USC00044500","1987-10","37.9566","-122.5447","44.2","KENTFIELD, CA US","","","","","4",",0","4",",0","1",",0","0",",0","0",",0","0",",0","0",",0","","","","","","","","","19871020","+,,0","19871031","+,,0","19871031","+,,0","","","19871028",",,0","","","7.2",",0,20,+","0",",,0,31,+","0",",,0,31,+","28.4",",,0,28,","","","","","","","38.7",",,,0","0",",,,0","","","","","11.64",",,,0"
"USC00044500","1987-11","37.9566","-122.5447","44.2","KENTFIELD, CA US","","","0.0","2,0","6",",0","5",",0","2",",0","0",",0","0",",0","0",",0","0",",0","0","2,0","0","2,0","0","2,0","","","19871127",",,0","19871130","+,,0","19871130","+,,0","","","19871130",",,0","19871118","+,2,0","2.2",",0,27,","0",",,0,30,+","0",",,0,30,+","95.3",",,0,30,","20.6","2,0,18,+","","","149.4","2,0","185.4",",,,0","0",",,,0","13.09","2,0","17.73","2,,,0","8.45",",,,0"
"USC00044500","1987-12","37.9566","-122.5447","44.2","KENTFIELD, CA US","","","0.0","1,0","18",",0","15",",0","4",",0","0",",0","0",",0","0",",0","4",",0","0","1,0","0","1,0","0","1,0","","","19871230",",,0","19871231","+,,0","19871231","+,,0","","","19871209",",,0","19871210",",1,0","-0.6",",0,30,","0",",,0,31,+","0",",,0,31,+","76.2",",,0,09,","18.3","1,0,10,","","","275.1","1,0","365.8",",,,0","0",",,,0","9.16","1,0","12.38","1,,,0","5.93",",,,0"
"USC00044500","1988-01","37.9566","-122.5447","44.2","KENTFIELD, CA US","0.0","0","0.0",",0","12",",0","11",",0","4",",0","0",",0","0",",0","0",",0","1",",0","0",",0","0",",0","0",",0","","","19880101",",,0","19880131","+,,0","19880131","+,,0","","","19880104",",,0","19880126","+,,0","0.0",",0,01,","0",",,0,31,+","0",",,0,31,+","57.2",",,0,04,","18.9",",0,26,+","","","274.9",",0","225.7",",,,0","0",",,,0","9.46",",0","13.62",",,,0","5.31",",,,0"
"USC00044500","1988-02","37.9566","-122.5447","44.2","KENTFIELD, CA US","0.0","0","0.0","3,0","2",",0","2",",0","0",",0","0",",0","0",",0","0",",0","1",",0","0","3,0","8","3,0","0","3,0","","","19880203",",,0","19880229","+,,0","19880229","+,,0","","","19880228",",,0","19880210",",3,0","0.0",",0,03,","0",",,0,29,+","0",",,0,29,+","11.9",",,0,28,","25.0","3,0,10,","","","159.7","3,0","15.2",",,,0","0",",,,0","12.47","3,0","19.30","3,,,0","5.63",",,,0"
"USC00044500","1988-03","37.9566","-122.5447","44.2","KENTFIELD, CA US","0.5","0","0.5","2,0","2",",0","0",",0","0",",0","0",",0","0",",0","0",",0","0",",0","0","2,0","21","2,0","0","2,0","","","19880316","+,,0","19880331","+,,0","19880331","+,,0","","","19880323","+,,0","19880325",",2,0","2.8",",0,16,+","0",",,0,31,+","0",",,0,31,+","0.8",",,0,23,+","28.3","2,0,25,","","","112.5","2,0","1.6",",,,0","0",",,,0","14.48","2,0","22.08","2,,,0","6.89",",,,0"
"USC00044500","1988-04","37.9566","-122.5447","44.2","KENTFIELD, CA US","","","","","6",",0","4",",0","1",",0","0",",0","0",",0","0",",0","0",",0","","","","","","","","","19880424",",,0","19880430","+,,0","19880430","+,,0","","","19880419",",,0","","","4.4",",0,24,","0",",,0,30,+","0",",,0,30,+","46.5",",,0,19,","","","","","","","81.9",",,,0","0",",,,0","","","","","8.24",",,,0"
"USC00044500","1988-05","37.9566","-122.5447","44.2","KENTFIELD, CA US","","","","","3",",0","2",",0","1",",0","0",",0","0",",0","","","","","","","","","","","","","","","19880531","+,,0","19880531","+,,0","","","19880507",",,0","","","","","0",",,0,31,+","0",",,0,31,+","27.7",",,0,07,","","","","","","","36.8",",,,0","0",",,,0","","","","","",""
"USC00044500","1988-06","37.9566","-122.5447","44.2","KENTFIELD, CA US","","","","","2",",0","2",",0","0",",0","0",",0","0",",0","0",",0","0",",0","","","","","","","","","19880608","+,,0","19880630","+,,0","19880630","+,,0","","","19880607",",,0","","","6.7",",0,08,+","0",",,0,30,+","0",",,0,30,+","7.6",",,0,07,","","","","","","","10.1",",,,0","0",",,,0","","","","","10.83",",,,0"
"USC00044500","1988-07","37.9566","-122.5447","44.2","KENTFIELD, CA US","","","","","0",",0","0",",0","0",",0","0",",0","0",",0","0",",0","0",",0","","","","","","","","","19880706",",,0","19880731","+,,0","19880731","+,,0","","","19880731","+,,0","","","8.9",",0,06,","0",",,0,31,+","0",",,0,31,+","0.0",",,0,31,+","","","","","","","0.0",",,,0","0",",,,0","","","","","12.19",",,,0"
"USC00044500","1988-08","37.9566","-122.5447","44.2","KENTFIELD, CA US","","","","","1","1,0","0","1,0","0","1,0","0",",0","0",",0","0","1,0","0","1,0","","","","","","","","","19880809","+,1,0","19880831","+,,0","19880831","+,,0","1","","19880821",",1,0","","","9.4","1,0,09,+","0",",,0,31,+","0",",,0,31,+","0.8","1,,0,21,","","","","","","","0.8","1,,,0","0",",,,0","","","","","11.93","1,,,0"
"USC00044500","1988-09","37.9566","-122.5447","44.2","KENTFIELD, CA US","","","","","0",",0","0",",0","0",",0","0",",0","0",",0","0",",0","0",",0","","","","","","","","","19880923",",,0","19880930","+,,0","19880930","+,,0","","","19880930","+,,0","","","6.7",",0,23,","0",",,0,30,+","0",",,0,30,+","0.0",",,0,30,+","","","","","","","0.0",",,,0","0",",,,0","","","","","9.55",",,,0"
"USC00044500","1988-10","37.9566","-122.5447","44.2","KENTFIELD, CA US","","","17.2","1,0","2",",0","2",",0","0",",0","0",",0","0",",0","0",",0","0",",0","0","1,0","21","1,0","1","1,0","","","19881030",",,0","19881031","+,,0","19881031","+,,0","","","19881014",",,0","19881017",",1,0","7.2",",0,30,","0",",,0,31,+","0",",,0,31,+","16.8",",,0,14,","32.8","1,0,17,","","","55.4","1,0","20.1",",,,0","0",",,,0","17.03","1,0","23.86","1,,,0","10.19",",,,0"
"USC00044500","1988-11","37.9566","-122.5447","44.2","KENTFIELD, CA US","","","0.0","3,0","15",",0","11",",0","4",",0","0",",0","0",",0","0","1,0","0","1,0","0","2,0","4","2,0","0","2,0","","","19881127","+,1,0","19881130","+,,0","19881130","+,,0","","","19881122",",,0","19881105",",2,0","4.4","1,0,27,+","0",",,0,30,+","0",",,0,30,+","65.3",",,0,22,","22.8","2,0,05,","","","164.7","2,0","246.5",",,,0","0",",,,0","12.31","3,0","16.37","2,,,0","8.25","1,,,0"
"USC00044500","1988-12","37.9566","-122.5447","44.2","KENTFIELD, CA US","","","0.0","1,0","9",",0","9",",0","4",",0","0",",0","0",",0","0",",0","3",",0","0","1,0","2","1,0","0","1,0","","","19881226",",,0","19881231","+,,0","19881231","+,,0","","","19881222",",,0","19881208","+,1,0","-1.1",",0,26,","0",",,0,31,+","0",",,0,31,+","61.0",",,0,22,","21.7","1,0,08,+","","","260.0","1,0","220.6",",,,0","0",",,,0","9.72","1,0","14.43","1,,,0","5.01",",,,0"
"USC00044500","1989-01","37.9566","-122.5447","44.2","KENTFIELD, CA US","0.0","0","0.0","1,0","7",",0","4",",0","1",",0","0",",0","0",",0","0",",0","2",",0","0","1,0","0","1,0","0","1,0","","","19890113","+,,0","19890131","+,,0","19890131","+,,0","","","19890105",",,0","19890131","+,1,0","0.0",",0,13,+","0",",,0,31,+","0",",,0,31,+","28.7",",,0,05,","19.4","1,0,31,+","","","295.2","1,0","64.8",",,,0","0",",,,0","8.47","1,0","13.69","1,,,0","3.24",",,,0"
"USC00044500","1989-02","37.9566","-122.5447","44.2","KENTFIELD, CA US","0.0","0","0.0","2,0","8",",0","7",",0","1",",0","0",",0","0",",0","0",",0","4",",0","0","2,0","1","2,0","0","2,0","","","19890207",",,0","19890228","+,,0","19890228","+,,0","","","19890209",",,0","19890227",",2,0","-4.4",",0,07,","0",",,0,28,+","0",",,0,28,+","27.9",",,0,09,","22.8","2,0,27,","","","248.3","2,0","63.4",",,,0","0",",,,0","8.90","2,0","14.32","2,,,0","3.48",",,,0"
"USC00044500","1989-03","37.9566","-122.5447","44.2","KENTFIELD, CA US","0.0","0","0.0","1,0","17",",0","14",",0","5",",0","0",",0","0",",0","0",",0","0",",0","0","1,0","5","1,0","0","1,0","","","19890304","+,,0","19890331","+,,0","19890331","+,,0","","","19890302",",,0","19890331","+,1,0","2.8",",0,04,+","0",",,0,31,+","0",",,0,31,+","93.7",",,0,02,","22.8","1,0,31,+","","","164.9","1,0","377.7",",,,0","0",",,,0","12.81","1,0","17.69","1,,,0","7.92",",,,0"
"USC00044500","1989-04","37.9566","-122.5447","44.2","KENTFIELD, CA US","20.3","0","20.3","1,0","6",",0","5",",0","0",",0","0",",0","0",",0","0",",0","0",",0","0","1,0","21","1,0","4","1,0","","","19890424",",,0","19890430","+,,0","19890430","+,,0","","","19890424","+,,0","19890409",",1,0","3.9",",0,24,","0",",,0,30,+","0",",,0,30,+","6.1",",,0,24,+","33.3","1,0,09,","","","80.5","1,0","28.7",",,,0","0",",,,0","16.29","1,0","23.68","1,,,0","8.91",",,,0"
"USC00044500","1989-05","37.9566","-122.5447","44.2","KENTFIELD, CA US","29.8","0","9.5","1,0","1",",0","1",",0","0",",0","0",",0","0",",0","0","1,0","0","1,0","0",",0","27",",0","1",",0","","","19890519",",1,0","19890531","+,,0","19890531","+,,0","","","19890523",",,0","19890531",",,0","6.1","1,0,19,","0",",,0,31,+","0",",,0,31,+","2.5",",,0,23,","32.8",",0,31,","","","63.9",",0","2.5",",,,0","0",",,,0","16.61","1,0","24.21",",,,0","9.02","1,,,0"
"USC00044500","1989-06","37.9566","-122.5447","44.2","KENTFIELD, CA US","79.1","0","49.3","1,0","2","1,0","1","1,0","0","1,0","","","0","1,0","0",",0","0",",0","0","1,0","26","1,0","5","1,0","","","19890613",",,0","","","19890630","+,1,0","","","19890604",",1,0","19890622",",1,0","7.8",",0,13,","","","0","1,,0,30,+","10.9","1,,0,04,","38.9","1,0,22,","","","20.4","1,0","12.2","1,,,0","0","1,,,0","19.36","1,0","26.76","1,,,0","11.96",",,,0"
"USC00044500","1989-07","37.9566","-122.5447","44.2","KENTFIELD, CA US","154.6","0","75.5",",0","0",",0","0",",0","0",",0","0",",0","0",",0","0",",0","0",",0","0",",0","31",",0","9",",0","","","19890728","+,,0","19890731","+,,0","19890731","+,,0","","","19890731","+,,0","19890706",",,0","8.9",",0,28,+","0",",,0,31,+","0",",,0,31,+","0.0",",,0,31,+","39.4",",0,06,","2.0","0","2.0",",0","0.0",",,,0","0",",,,0","20.71",",0","30.50",",,,0","10.91",",,,0"
"USC00044500","1989-08","37.9566","-122.5447","44.2","KENTFIELD, CA US","214.3","0","59.7",",0","0",",0","0",",0","0",",0","0",",0","0",",0","0",",0","0",",0","0",",0","31",",0","4",",0","","","19890813","+,,0","19890831","+,,0","19890831","+,,0","","","19890831","+,,0","19890814",",,0","8.9",",0,13,+","0",",,0,31,+","0",",,0,31,+","0.0",",,0,31,+","36.7",",0,14,","2.8","0","0.8",",0","0.0",",,,0","0",",,,0","20.23",",0","29.15",",,,0","11.31",",,,0"
"USC00044500","1989-09","37.9566","-122.5447","44.2","KENTFIELD, CA US","246.4","0","32.1","1,0","4",",0","4",",0","0",",0","0",",0","0",",0","0",",0","0",",0","0","1,0","27","1,0","5","1,0","","","19890902",",,0","19890930","+,,0","19890930","+,,0","","","19890917",",,0","19890922",",1,0","7.8",",0,02,","0",",,0,30,+","0",",,0,30,+","24.4",",,0,17,","34.4","1,0,22,","18.1","0","15.3","1,0","53.8",",,,0","0",",,,0","18.89","1,0","27.09","1,,,0","10.69",",,,0"
"USC00044500","1989-10","37.9566","-122.5447","44.2","KENTFIELD, CA US","260.0","0","13.6",",0","3",",0","3",",0","1",",0","0",",0","0",",0","0",",0","0",",0","0",",0","21",",0","0",",0","","","19891031",",,0","19891031","+,,0","19891031","+,,0","","","19891023",",,0","19891009","+,,0","5.0",",0,31,","0",",,0,31,+","0",",,0,31,+","45.5",",,0,23,","31.7",",0,09,+","85.8","0","67.7",",0","59.2",",,,0","0",",,,0","16.59",",0","23.71",",,,0","9.46",",,,0"
"USC00044500","1989-11","37.9566","-122.5447","44.2","KENTFIELD, CA US","260.0","0","0.0",",0","3",",0","3",",0","1",",0","0",",0","0",",0","0",",0","0",",0","0",",0","14",",0","0",",0","","","19891127",",,0","19891130","+,,0","19891130","+,,0","","","19891125",",,0","19891120","+,,0","3.3",",0,27,","0",",,0,30,+","0",",,0,30,+","73.7",",,0,25,","23.3",",0,20,+","239.3","0","153.5",",0","90.9",",,,0","0",",,,0","13.22",",0","19.43",",,,0","7.00",",,,0"
"USC00044500","1989-12","37.9566","-122.5447","44.2","KENTFIELD, CA US","260.0","0","0.0",",0","0",",0","0",",0","0",",0","0",",0","0",",0","0",",0","1",",0","0",",0","0",",0","0",",0","20","","19891227",",,0","19891231","+,,0","19891231","+,,0","","","19891231","+,,0","19891229","+,,0","-0.6",",0,27,","0",",,0,31,+","0",",,0,31,+","0.0",",,0,31,+","20.0",",0,29,+","531.5","0","292.2",",0","0.0",",,,0","0",",,,0","8.91",",0","14.33",",,,0","3.48",",,,0"
"USC00044500","1990-01","37.9566","-122.5447","44.2","KENTFIELD, CA US","0.0","0","0.0","1,0","8",",0","7",",0","3",",0","0",",0","0",",0","0",",0","0",",0","0","1,0","0","1,0","0","1,0","","","19900120","+,,0","19900131","+,,0","19900131","+,,0","","","19900113",",,0","19900109",",1,0","0.6",",0,20,+","0",",,0,31,+","0",",,0,31,+","39.4",",,0,13,","17.2","1,0,09,","798.9","0","267.4","1,0","170.2",",,,0","0",",,,0","9.48","1,0","14.03","1,,,0","4.94",",,,0"
"USC00044500","1990-02","37.9566","-122.5447","44.2","KENTFIELD, CA US","0.0","0","0.0",",0","7",",0","7",",0","1",",0","0",",0","0",",0","0",",0","4",",0","0",",0","3",",0","0",",0","","","19900215",",,0","19900228","+,,0","19900228","+,,0","","","19900216",",,0","19900224",",,0","-1.7",",0,15,","0",",,0,28,+","0",",,0,28,+","58.9",",,0,16,","23.3",",0,24,","1045.0","0","246.1",",0","116.1",",,,0","0",",,,0","9.54",",0","15.11",",,,0","3.98",",,,0"
"USC00044500","1990-03","37.9566","-122.5447","44.2","KENTFIELD, CA US","0.0","0","0.0",",0","8",",0","5",",0","1",",0","0",",0","0",",0","0",",0","0",",0","0",",0","9",",0","0",",0","","","19900313",",,0","19900331","+,,0","19900331","+,,0","","","19900303",",,0","19900320",",,0","1.7",",0,13,","0",",,0,31,+","0",",,0,31,+","30.0",",,0,03,","25.0",",0,20,","1217.6","0","172.6",",0","97.7",",,,0","0",",,,0","12.77",",0","19.24",",,,0","6.30",",,,0"
"USC00044500","1990-04","37.9566","-122.5447","44.2","KENTFIELD, CA US","7.5","0","7.5",",0","1",",0","1",",0","0",",0","0",",0","0",",0","0",",0","0",",0","0",",0","19",",0","0",",0","","","19900402",",,0","19900430","+,,0","19900430","+,,0","","","19900423",",,0","19900413",",,0","4.4",",0,02,","0",",,0,30,+","0",",,0,30,+","5.1",",,0,23,","31.1",",0,13,","1290.4","0","72.8",",0","5.1",",,,0","0",",,,0","16.16",",0","22.91",",,,0","9.40",",,,0"
"USC00044500","1990-05","37.9566","-122.5447","44.2","KENTFIELD, CA US","25.3","0","17.8",",0","8",",0","8",",0","2",",0","0",",0","0",",0","0",",0","0",",0","0",",0","18",",0","3",",0","","","19900516",",,0","19900531","+,,0","19900531","+,,0","","","19900527",",,0","19900504",",,0","5.6",",0,16,","0",",,0,31,+","0",",,0,31,+","80.0",",,0,27,","34.4",",0,04,","1366.0","0","75.6",",0","204.1",",,,0","0",",,,0","16.47",",0","23.56",",,,0","9.38",",,,0"
"USC00044500","1990-06","37.9566","-122.5447","44.2","KENTFIELD, CA US","71.8","0","46.5",",0","0",",0","0",",0","0",",0","0",",0","0",",0","0",",0","0",",0","0",",0","29",",0","5",",0","","","19900626","+,,0","19900630","+,,0","19900630","+,,0","","","19900630","+,,0","19900620",",,0","8.9",",0,26,+","0",",,0,30,+","0",",,0,30,+","0.0",",,0,30,+","38.3",",0,20,","1373.5","0","7.5",",0","0.0",",,,0","0",",,,0","19.63",",0","27.87",",,,0","11.39",",,,0"
"USC00044500","1990-07","37.9566","-122.5447","44.2","KENTFIELD, CA US","154.4","0","82.6","1,0","0",",0","0",",0","0",",0","0",",0","0",",0","0",",0","0",",0","0","1,0","30","1,0","4","1,0","","","19900727","+,,0","19900731","+,,0","19900731","+,,0","","","19900731","+,,0","19900713","+,1,0","10.6",",0,27,+","0",",,0,31,+","0",",,0,31,+","0.0",",,0,31,+","37.8","1,0,13,+","0.0","0","0.0","1,0","0.0",",,,0","0",",,,0","21.06","1,0","29.68","1,,,0","12.43",",,,0"
"USC00044500","1990-08","37.9566","-122.5447","44.2","KENTFIELD, CA US","244.6","0","90.2",",0","0",",0","0",",0","0",",0","0",",0","0",",0","0",",0","0",",0","0",",0","31",",0","7",",0","","","19900824","+,,0","19900831","+,,0","19900831","+,,0","","","19900831","+,,0","19900806",",,0","11.1",",0,24,+","0",",,0,31,+","0",",,0,31,+","0.0",",,0,31,+","37.2",",0,06,","0.3","0","0.3",",0","0.0",",,,0","0",",,,0","21.23",",0","28.94",",,,0","13.53",",,,0"
"USC00044500","1990-09","37.9566","-122.5447","44.2","KENTFIELD, CA US","321.8","0","77.2","1,0","1",",0","0",",0","0",",0","0",",0","0",",0","0",",0","0",",0","0","1,0","29","1,0","6","1,0","","","19900910","+,,0","19900930","+,,0","19900930","+,,0","","","19900922",",,0","19900920",",1,0","10.0",",0,10,+","0",",,0,30,+","0",",,0,30,+","2.3",",,0,22,","37.2","1,0,20,","0.3","0","0.0","1,0","2.3",",,,0","0",",,,0","20.97","1,0","29.92","1,,,0","12.02",",,,0"
"USC00044500","1990-10","37.9566","-122.5447","44.2","KENTFIELD, CA US","347.4","0","25.6","1,0","1",",0","1",",0","0",",0","0",",0","0",",0","0",",0","0",",0","0","1,0","29","1,0","2","1,0","","","19901020",",,0","19901031","+,,0","19901031","+,,0","","","19901031",",,0","19901003",",1,0","7.2",",0,20,","0",",,0,31,+","0",",,0,31,+","9.4",",,0,31,","34.4","1,0,03,","25.8","0","25.5","1,0","9.4",",,,0","0",",,,0","18.37","1,0","26.69","1,,,0","10.05",",,,0"
"USC00044500","1990-11","37.9566","-122.5447","44.2","KENTFIELD, CA US","347.4","0","0.0","3,0","3",",0","2",",0","0",",0","0",",0","0",",0","0",",0","0",",0","0","3,0","9","3,0","0","3,0","","","19901128","+,,0","19901130","+,,0","19901130","+,,0","","","19901125",",,0","19901112",",3,0","2.2",",0,28,+","0",",,0,30,+","0",",,0,30,+","19.1",",,0,25,","24.4","3,0,12,","179.5","0","153.7","3,0","27.2",",,,0","0",",,,0","12.72","3,0","18.84","3,,,0","6.59",",,,0"
"USC00044500","1990-12","37.9566","-122.5447","44.2","KENTFIELD, CA US","347.4","0","0.0","1,0","5","1,0","5","1,0","1","1,0","0",",0","0",",0","0","1,0","7","1,0","0","1,0","0","1,0","0","1,0","","","19901222",",1,0","19901231","+,,0","19901231","+,,0","","","19901215",",1,0","19901208","+,1,0","-7.8","1,0,22,","0",",,0,31,+","0",",,0,31,+","26.7","1,,0,15,","17.8","1,0,08,+","520.2","0","340.7","1,0","58.4","1,,,0","0",",,,0","6.98","1,0","12.25","1,,,0","1.71","1,,,0"
"USC00044500","1991-01","37.9566","-122.5447","44.2","KENTFIELD, CA US","0.0","0","0.0",",0","3",",0","2",",0","1",",0","0",",0","0",",0","0",",0","3",",0","0",",0","0",",0","0",",0","","","19910130","+,,0","19910131","+,,0","19910131","+,,0","","","19910107",",,0","19910116",",,0","0.0",",0,30,+","0",",,0,31,+","0",",,0,31,+","27.9",",,0,07,","20.0",",0,16,","797.8","0","277.6",",0","41.4",",,,0","0",",,,0","9.38",",0","14.81",",,,0","3.95",",,,0"
"USC00044500","1991-02","37.9566","-122.5447","44.2","KENTFIELD, CA US","0.0","0","0.0","1,0","6",",0","6",",0","2",",0","0",",0","0",",0","0",",0","0",",0","0","1,0","8","1,0","0","1,0","6","","19910201",",,0","19910228","+,,0","19910228","+,,0","","","19910202",",,0","19910225",",1,0","2.2",",0,01,","0",",,0,28,+","0",",,0,28,+","88.9",",,0,02,","24.4","1,0,25,","943.6","0","145.8","1,0","162.5",",,,0","0",",,,0","12.94","1,0","18.66","1,,,0","7.23",",,,0"
"USC00044500","1991-03","37.9566","-122.5447","44.2","KENTFIELD, CA US","0.0","0","0.0",",0","18",",0","16",",0","8",",0","0",",0","0",",0","0",",0","0",",0","0",",0","2",",0","0",",0","","","19910327","+,,0","19910331","+,,0","19910331","+,,0","","","19910303",",,0","19910330","+,,0","2.8",",0,27,+","0",",,0,31,+","0",",,0,31,+","96.5",",,0,03,","21.7",",0,30,+","1181.3","0","237.7",",0","484.4",",,,0","0",",,,0","10.66",",0","15.34",",,,0","5.99",",,,0"
"USC00044500","1991-04","37.9566","-122.5447","44.2","KENTFIELD, CA US","0.5","0","0.5","1,0","5",",0","3",",0","0",",0","0",",0","0",",0","0",",0","0",",0","0","1,0","13","1,0","0","1,0","","","19910419","+,,0","19910430","+,,0","19910430","+,,0","","","19910420",",,0","19910429",",1,0","4.4",",0,19,+","0",",,0,30,+","0",",,0,30,+","24.1",",,0,20,","29.4","1,0,29,","1305.6","0","124.3","1,0","40.4",",,,0","0",",,,0","14.06","1,0","20.62","1,,,0","7.50",",,,0"
"USC00044500","1991-05","37.9566","-122.5447","44.2","KENTFIELD, CA US","7.0","0","6.5","2,0","2","1,0","1","1,0","0","1,0","0",",0","0",",0","0","1,0","0","1,0","0","2,0","20","2,0","0","2,0","","","19910519",",1,0","19910531","+,,0","19910531","+,,0","","","19910513",",1,0","19910524",",2,0","5.6","1,0,19,","0",",,0,31,+","0",",,0,31,+","3.0","1,,0,13,","31.7","2,0,24,","1395.4","0","89.8","2,0","3.5","1,,,0","0",",,,0","15.43","2,0","22.75","2,,,0","8.10","1,,,0"
"USC00044500","1991-06","37.9566","-122.5447","44.2","KENTFIELD, CA US","20.3","0","13.3",",0","2",",0","1",",0","0",",0","0",",0","0",",0","0",",0","0",",0","0",",0","26",",0","1",",0","","","19910604",",,0","19910630","+,,0","19910630","+,,0","","","19910628",",,0","19910630",",,0","6.1",",0,04,","0",",,0,30,+","0",",,0,30,+","7.1",",,0,28,","32.8",",0,30,","1430.3","0","34.9",",0","9.4",",,,0","0",",,,0","17.61",",0","26.01",",,,0","9.21",",,,0"
"USC00044500","1991-07","37.9566","-122.5447","44.2","KENTFIELD, CA US","86.1","0","65.8","2,0","0",",0","0",",0","0",",0","0",",0","0",",0","0",",0","0",",0","0","2,0","29","2,0","5","2,0","","","19910710",",,0","19910731","+,,0","19910731","+,,0","","","19910731","+,,0","19910702","+,2,0","7.8",",0,10,","0",",,0,31,+","0",",,0,31,+","0.0",",,0,31,+","38.3","2,0,02,+","1.6","0","1.6","2,0","0.0",",,,0","0",",,,0","20.58","2,0","29.23","2,,,0","11.94",",,,0"
"USC00044500","1991-08","37.9566","-122.5447","44.2","KENTFIELD, CA US","153.9","0","67.8",",0","0",",0","0",",0","0",",0","0",",0","0",",0","0",",0","0",",0","0",",0","31",",0","5",",0","","","19910826","+,,0","19910831","+,,0","19910831","+,,0","","","19910831","+,,0","19910831",",,0","10.0",",0,26,+","0",",,0,31,+","0",",,0,31,+","0.0",",,0,31,+","33.9",",0,31,","3.9","0","2.3",",0","0.0",",,,0","0",",,,0","20.45",",0","28.33",",,,0","12.56",",,,0"
"USC00044500","1991-09","37.9566","-122.5447","44.2","KENTFIELD, CA US","209.3","0","55.4","1,0","0",",0","0",",0","0",",0","0",",0","0",",0","0",",0","0",",0","0","1,0","29","1,0","6","1,0","","","19910924","+,,0","19910930","+,,0","19910930","+,,0","","","19910930","+,,0","19910903","+,1,0","9.4",",0,24,+","0",",,0,30,+","0",",,0,30,+","0.0",",,0,30,+","37.8","1,0,03,+","8.9","0","5.0","1,0","0.0",",,,0","0",",,,0","20.09","1,0","28.91","1,,,0","11.26",",,,0"
"USC00044500","1991-10","37.9566","-122.5447","44.2","KENTFIELD, CA US","264.7","0","55.4",",0","2",",0","2",",0","1",",0","0",",0","0",",0","0",",0","0",",0","0",",0","21",",0","6",",0","","","19911031",",,0","19911031","+,,0","19911031","+,,0","","","19911026",",,0","19911010",",,0","3.3",",0,31,","0",",,0,31,+","0",",,0,31,+","96.5",",,0,26,","37.8",",0,10,","54.5","0","45.6",",0","102.3",",,,0","0",",,,0","18.65",",0","26.60",",,,0","10.70",",,,0"
"USC00044500","1991-11","37.9566","-122.5447","44.2","KENTFIELD, CA US","265.8","0","1.1",",0","2",",0","2",",0","1",",0","0",",0","0",",0","0",",0","0",",0","0",",0","10",",0","0",",0","","","19911122","+,,0","19911130","+,,0","19911130","+,,0","","","19911117",",,0","19911106",",,0","2.8",",0,22,+","0",",,0,30,+","0",",,0,30,+","47.0",",,0,17,","26.1",",0,06,","202.1","0","147.6",",0","54.4",",,,0","0",",,,0","13.45",",0","19.28",",,,0","7.61",",,,0"
"USC00044500","1991-12","37.9566","-122.5447","44.2","KENTFIELD, CA US","265.8","0","0.0",",0","5",",0","5",",0","1",",0","0",",0","0",",0","0",",0","0",",0","0",",0","0",",0","0",",0","","","19911221","+,,0","19911231","+,,0","19911231","+,,0","","","19911229",",,0","19911201",",,0","1.7",",0,21,+","0",",,0,31,+","0",",,0,31,+","27.9",",,0,29,","17.8",",0,01,","483.7","0","281.6",",0","86.0",",,,0","0",",,,0","9.25",",0","13.70",",,,0","4.79",",,,0"
"USC00044500","1992-01","37.9566","-122.5447","44.2","KENTFIELD, CA US","0.0","0","0.0","1,0","5","1,0","5","1,0","1","1,0","0",",0","0",",0","0",",0","0",",0","0","1,0","0","1,0","0","1,0","","","19920112",",,0","19920131","+,,0","19920131","+,,0","","","19920107",",1,0","19920126",",1,0","0.6",",0,12,","0",",,0,31,+","0",",,0,31,+","27.9","1,,0,07,","20.6","1,0,26,","787.7","0","304.0","1,0","56.4","1,,,0","0",",,,0","8.19","1,0","12.32","1,,,0","4.05",",,,0"
"USC00044500","1992-02","37.9566","-122.5447","44.2","KENTFIELD, CA US","0.0","0","0.0","2,0","15",",0","13",",0","5",",0","0",",0","0",",0","0",",0","0",",0","0","2,0","6","2,0","0","2,0","","","19920203",",,0","19920229","+,,0","19920229","+,,0","","","19920219",",,0","19920225",",2,0","2.2",",0,03,","0",",,0,29,+","0",",,0,29,+","49.5",",,0,19,","24.4","2,0,25,","937.9","0","150.2","2,0","321.7",",,,0","0",",,,0","12.77","2,0","17.53","2,,,0","8.01",",,,0"
"USC00044500","1992-03","37.9566","-122.5447","44.2","KENTFIELD, CA US","0.0","0","0.0","3,0","9","1,0","9","1,0","1","1,0","0",",0","0",",0","0","2,0","0","2,0","0","2,0","5","2,0","0","2,0","","","19920312",",2,0","19920331","+,,0","19920331","+,,0","1","","19920305",",1,0","19920327",",2,0","4.4","2,0,12,","0",",,0,31,+","0",",,0,31,+","45.7","1,,0,05,","23.9","2,0,27,","1070.6","0","132.7","2,0","148.3","1,,,0","0",",,,0","13.57","3,0","18.64","2,,,0","8.51","2,,,0"
"USC00044500","1992-04","37.9566","-122.5447","44.2","KENTFIELD, CA US","5.8","0","5.8","2,0","3",",0","1",",0","1",",0","0",",0","0",",0","0","1,0","0","1,0","0","1,0","22","1,0","0","1,0","","","19920430",",1,0","19920430","+,,0","19920430","+,,0","","","19920412",",,0","19920428",",1,0","1.7","1,0,30,","0",",,0,30,+","0",",,0,30,+","42.4",",,0,12,","29.4","1,0,28,","1128.0","0","57.4","1,0","44.5",",,,0","0",",,,0","16.35","2,0","23.62","1,,,0","9.09","1,,,0"
"USC00044500","1992-05","37.9566","-122.5447","44.2","KENTFIELD, CA US","33.9","0","28.1","3,0","0",",0","0",",0","0",",0","0",",0","0",",0","0",",0","0",",0","0","3,0","28","3,0","2","3,0","","","19920514","+,,0","19920531","+,,0","19920531","+,,0","","","19920531","+,,0","19920525",",3,0","7.8",",0,14,+","0",",,0,31,+","0",",,0,31,+","0.0",",,0,31,+","33.3","3,0,25,","1140.3","0","12.3","3,0","0.0",",,,0","0",",,,0","18.93","3,0","27.27","3,,,0","10.60",",,,0"
"USC00044500","1992-06","37.9566","-122.5447","44.2","KENTFIELD, CA US","55.9","0","22.0","2,0","2",",0","2",",0","2",",0","0",",0","0",",0","0","1,0","0","1,0","0","2,0","28","2,0","0","2,0","","","19920609","+,1,0","19920630","+,,0","19920630","+,,0","","","19920630",",,0","19920620",",2,0","8.9","1,0,09,+","0",",,0,30,+","0",",,0,30,+","36.6",",,0,30,","30.0","2,0,20,","1153.0","0","12.7","2,0","62.0",",,,0","0",",,,0","18.65","2,0","25.58","2,,,0","11.73","1,,,0"
"USC00044500","1992-07","37.9566","-122.5447","44.2","KENTFIELD, CA US","142.7","0","86.8","2,0","0",",0","0",",0","0",",0","0",",0","0",",0","0",",0","0",",0","0","2,0","29","2,0","5","2,0","","","19920729",",,0","19920731","+,,0","19920731","+,,0","","","19920731","+,,0","19920708",",2,0","10.0",",0,29,","0",",,0,31,+","0",",,0,31,+","0.0",",,0,31,+","35.6","2,0,08,","0.0","0","0.0","2,0","0.0",",,,0","0",",,,0","21.25","2,0","29.60","2,,,0","12.89",",,,0"
"USC00044500","1992-08","37.9566","-122.5447","44.2","KENTFIELD, CA US","227.7","0","85.0","1,0","1",",0","0",",0","0",",0","0",",0","0",",0","0","1,0","0","1,0","0","1,0","30","1,0","8","1,0","","","19920828","+,1,0","19920831","+,,0","19920831","+,,0","","","19920829",",,0","19920809",",1,0","9.4","1,0,28,+","0",",,0,31,+","0",",,0,31,+","0.8",",,0,29,","35.6","1,0,09,","0.0","0","0.0","1,0","0.8",",,,0","0",",,,0","21.17","1,0","30.65","1,,,0","11.69","1,,,0"
"USC00044500","1992-09","37.9566","-122.5447","44.2","KENTFIELD, CA US","293.6","0","65.9","1,0","0",",0","0",",0","0",",0","0",",0","0",",0","0","1,0","0","1,0","0",",0","30",",0","8",",0","","","19920915",",1,0","19920930","+,,0","19920930","+,,0","","","19920930","+,,0","19920927","+,,0","7.2","1,0,15,","0",",,0,30,+","0",",,0,30,+","0.0",",,0,30,+","35.6",",0,27,+","2.8","0","2.8",",0","0.0",",,,0","0",",,,0","20.54","1,0","29.75",",,,0","11.34","1,,,0"
"USC00044500","1992-10","37.9566","-122.5447","44.2","KENTFIELD, CA US","332.5","0","38.9",",0","6",",0","3",",0","1",",0","0",",0","0",",0","0",",0","0",",0","0",",0","26",",0","6",",0","","","19921015",",,0","19921031","+,,0","19921031","+,,0","","","19921029",",,0","19921010",",,0","7.8",",0,15,","0",",,0,31,+","0",",,0,31,+","116.8",",,0,29,","34.4",",0,10,","23.9","0","21.1",",0","142.5",",,,0","0",",,,0","18.91",",0","26.27",",,,0","11.54",",,,0"
"USC00044500","1992-11","37.9566","-122.5447","44.2","KENTFIELD, CA US","334.7","0","2.2","1,0","2","1,0","0","1,0","0","1,0","0",",0","0",",0","0","1,0","0","1,0","0","1,0","7","1,0","0","1,0","","","19921111",",1,0","19921130","+,,0","19921130","+,,0","","","19921119",",1,0","19921103",",1,0","1.7","1,0,11,","0",",,0,30,+","0",",,0,30,+","2.0","1,,0,19,","25.0","1,0,03,","176.3","0","152.4","1,0","3.8","1,,,0","0",",,,0","13.16","1,0","18.67","1,,,0","7.64","1,,,0"
"USC00044500","1992-12","37.9566","-122.5447","44.2","KENTFIELD, CA US","334.7","0","0.0",",0","14",",0","14",",0","5",",0","0",",0","0",",0","0",",0","1",",0","0",",0","0",",0","0",",0","","","19921219",",,0","19921231","+,,0","19921231","+,,0","","","19921209",",,0","19921201",",,0","0.0",",0,19,","0",",,0,31,+","0",",,0,31,+","81.3",",,0,09,","17.8",",0,01,","485.5","0","309.2",",0","375.0",",,,0","0",",,,0","8.36",",0","12.02",",,,0","4.70",",,,0"
"USC00044500","1993-01","37.9566","-122.5447","44.2","KENTFIELD, CA US","0.0","","0.0",",0","16",",0","15",",0","8",",0","0",",0","0",",0","0",",0","3",",0","0",",0","0",",0","0",",0","","","19930104","+,,0","19930131","+,,0","19930131","+,,0","","","19930120",",,0","19930129",",,0","-1.7",",0,04,+","0",",,0,31,+","0",",,0,31,+","175.3",",,0,20,","17.8",",0,29,","803.1","","317.6",",0","594.5",",,,0","0",",,,0","8.09",",0","12.20",",,,0","3.97",",,,0"
"USC00044500","1993-02","37.9566","-122.5447","44.2","KENTFIELD, CA US","0.0","","0.0","1,0","14",",0","13",",0","4",",0","0",",0","0",",0","0","1,0","0","1,0","0","1,0","0","1,0","0","1,0","","","19930228","+,1,0","19930228","+,,0","19930228","+,,0","","","19930223","+,,0","19930228","+,1,0","2.2","1,0,28,+","0",",,0,28,+","0",",,0,28,+","44.5",",,0,23,+","17.2","1,0,28,+","1028.0","","224.9","1,0","284.8",",,,0","0",",,,0","10.00","1,0","14.43","1,,,0","5.58","1,,,0"
"USC00044500","1993-03","37.9566","-122.5447","44.2","KENTFIELD, CA US","0.0","","0.0","3,0","11",",0","8",",0","1",",0","0",",0","0",",0","0",",0","0",",0","0","3,0","14","3,0","0","3,0","","","19930302","+,,0","19930331","+,,0","19930331","+,,0","","","19930317",",,0","19930307",",3,0","5.0",",0,02,+","0",",,0,31,+","0",",,0,31,+","37.3",",,0,17,","24.4","3,0,07,","1136.8","","108.8","3,0","104.7",",,,0","0",",,,0","14.46","3,0","20.21","3,,,0","8.70",",,,0"
"USC00044500","1993-04","37.9566","-122.5447","44.2","KENTFIELD, CA US","0.8","","0.8","4,0","5",",0","4",",0","1",",0","0",",0","0",",0","0",",0","0",",0","0","4,0","12","4,0","0","4,0","","","19930413","+,,0","19930430","+,,0","19930430","+,,0","","","19930417",",,0","19930430",",4,0","6.1",",0,13,+","0",",,0,30,+","0",",,0,30,+","27.7",",,0,17,","28.9","4,0,30,","1232.6","","95.8","4,0","45.7",",,,0","0",",,,0","14.82","4,0","21.28","4,,,0","8.35",",,,0"
"USC00044500","1993-05","37.9566","-122.5447","44.2","KENTFIELD, CA US","","","","","9",",0","6",",0","0",",0","0",",0","0",",0","0","1,0","0","1,0","","","","","","","","","19930512",",1,0","19930531","+,,0","19930531","+,,0","","","19930524",",,0","","","5.6","1,0,12,","0",",,0,31,+","0",",,0,31,+","12.4",",,0,24,","","","","","","","51.7",",,,0","0",",,,0","","","","","10.79","1,,,0"
"USC00044500","1993-06","37.9566","-122.5447","44.2","KENTFIELD, CA US","","","","","2",",0","2",",0","1",",0","0",",0","0",",0","0",",0","0",",0","","","","","","","","","19930605",",,0","19930630","+,,0","19930630","+,,0","","","19930604",",,0","","","9.4",",0,05,","0",",,0,30,+","0",",,0,30,+","25.4",",,0,04,","","","","","","","29.2",",,,0","0",",,,0","","","","","12.05",",,,0"
"USC00044500","1993-07","37.9566","-122.5447","44.2","KENTFIELD, CA US","","","","","0",",0","0",",0","0",",0","0",",0","0",",0","0","1,0","0","1,0","","","","","","","","","19930712",",1,0","19930731","+,,0","19930731","+,,0","","","19930731","+,,0","","","8.9","1,0,12,","0",",,0,31,+","0",",,0,31,+","0.0",",,0,31,+","","","","","","","0.0",",,,0","0",",,,0","","","","","11.80","1,,,0"
"USC00044500","1993-08","37.9566","-122.5447","44.2","KENTFIELD, CA US","","","","","0",",0","0",",0","0",",0","0",",0","0",",0","0","1,0","0","1,0","","","","","","","","","19930816",",1,0","19930831","+,,0","19930831","+,,0","","","19930831","+,,0","","","10.0","1,0,16,","0",",,0,31,+","0",",,0,31,+","0.0",",,0,31,+","","","","","","","0.0",",,,0","0",",,,0","","","","","12.49","1,,,0"
"USC00044500","1993-09","37.9566","-122.5447","44.2","KENTFIELD, CA US","","","","","0",",0","0",",0","0",",0","0",",0","0",",0","0","2,0","0","2,0","","","","","","","","","19930925","+,2,0","19930930","+,,0","19930930","+,,0","","","19930930","+,,0","","","6.7","2,0,25,+","0",",,0,30,+","0",",,0,30,+","0.0",",,0,30,+","","","","","","","0.0",",,,0","0",",,,0","","","","","10.34","2,,,0"
"USC00044500","1993-10","37.9566","-122.5447","44.2","KENTFIELD, CA US","","","","","5",",0","2",",0","0",",0","0",",0","0",",0","0","2,0","0","2,0","","","","","","","","","19931017",",2,0","19931031","+,,0","19931031","+,,0","","","19931015",",,0","","","5.0","2,0,17,","0",",,0,31,+","0",",,0,31,+","12.4",",,0,15,","","","","","","","25.4",",,,0","0",",,,0","","","","","10.75","2,,,0"
"USC00044500","1994-01","37.9566","-122.5447","44.2","KENTFIELD, CA US","","","","","7","4,0","5","4,0","1","4,0","0","4,0","0","4,0","","","","","","","","","","","","","","","19940131","+,4,0","19940131","+,4,0","","","19940124",",4,0","","","","","0","4,,0,31,+","0","4,,0,31,+","42.2","4,,0,24,","","","","","","","99.8","4,,,0","0","4,,,0","","","","","",""
"USC00044500","1994-02","37.9566","-122.5447","44.2","KENTFIELD, CA US","","","0.0","5,0","13",",0","10",",0","3",",0","0",",0","0",",0","0","4,0","2","4,0","0","5,0","1","5,0","0","5,0","","","19940212",",4,0","19940228","+,,0","19940228","+,,0","","","19940207",",,0","19940228",",5,0","-0.6","4,0,12,","0",",,0,28,+","0",",,0,28,+","55.6",",,0,07,","22.2","5,0,28,","","","178.2","5,0","190.3",",,,0","0",",,,0","10.70","5,0","16.76","5,,,0","4.65","4,,,0"
"USC00044500","1994-03","37.9566","-122.5447","44.2","KENTFIELD, CA US","","","0.0","2,0","3",",0","2",",0","0",",0","0",",0","0",",0","0",",0","0",",0","0","2,0","18","2,0","0","2,0","","","19940323",",,0","19940331","+,,0","19940331","+,,0","","","19940325",",,0","19940313",",2,0","1.1",",0,23,","0",",,0,31,+","0",",,0,31,+","8.4",",,0,25,","27.8","2,0,13,","","","122.4","2,0","11.7",",,,0","0",",,,0","14.09","2,0","21.50","2,,,0","6.69",",,,0"
"USC00044500","1994-04","37.9566","-122.5447","44.2","KENTFIELD, CA US","","","","","","","","","","","","","","","0","5,0","0","5,0","","","","","","","","","19940406","+,5,0","","","","","","","","","","","5.0","5,0,06,+","","","","","","","","","","","","","","","","","","","","","7.80","5,,,0"
"USC00044500","1994-05","37.9566","-122.5447","44.2","KENTFIELD, CA US","","","","","3",",0","3",",0","1",",0","0",",0","0",",0","","","","","0","5,0","22","5,0","1","5,0","","","","","19940531","+,,0","19940531","+,,0","","","19940507",",,0","19940529",",5,0","","","0",",,0,31,+","0",",,0,31,+","33.0",",,0,07,","32.2","5,0,29,","","","","","56.1",",,,0","0",",,,0","","","23.85","5,,,0","",""
"USC00044500","1994-06","37.9566","-122.5447","44.2","KENTFIELD, CA US","","","","","0","3,0","0","3,0","0","3,0","0",",0","0",",0","0","4,0","0","4,0","","","","","","","","","19940622","+,4,0","19940630","+,,0","19940630","+,,0","","","19940630","+,3,0","","","8.3","4,0,22,+","0",",,0,30,+","0",",,0,30,+","0.0","3,,0,30,+","","","","","","","0.8",",a,,0","0",",,,0","","","","","10.40","4,,,0"
"USC00044500","1994-07","37.9566","-122.5447","44.2","KENTFIELD, CA US","","","24.2","1,0","0",",0","0",",0","0",",0","0",",0","0",",0","0","1,0","0","1,0","0","1,0","30","1,0","2","1,0","","","19940713","+,1,0","19940731","+,,0","19940731","+,,0","","","19940731","+,,0","19940726",",1,0","8.3","1,0,13,+","0",",,0,31,+","0",",,0,31,+","0.0",",,0,31,+","35.0","1,0,26,","7.8","0","7.8","1,0","0.0",",,,0","0",",,,0","18.88","1,0","26.84","1,,,0","10.92","1,,,0"
"USC00044500","1994-08","37.9566","-122.5447","44.2","KENTFIELD, CA US","","","56.9","3,0","0",",0","0",",0","0",",0","0",",0","0",",0","0","1,0","0","1,0","0","3,0","28","3,0","5","3,0","","","19940811",",1,0","19940831","+,,0","19940831","+,,0","","","19940831","+,,0","19940806",",3,0","8.9","1,0,11,","0",",,0,31,+","0",",,0,31,+","0.0",",,0,31,+","38.3","3,0,06,","9.0","0","1.2","3,0","0.0",",,,0","0",",,,0","20.36","3,0","29.86","3,,,0","10.87","1,,,0"
"USC00044500","1994-09","37.9566","-122.5447","44.2","KENTFIELD, CA US","","","45.2","3,0","0",",0","0",",0","0",",0","0",",0","0",",0","0","3,0","0","3,0","0","2,0","28","2,0","5","2,0","","","19940913",",3,0","19940930","+,,0","19940930","+,,0","","","19940930","+,,0","19940917",",2,0","8.3","3,0,13,","0",",,0,30,+","0",",,0,30,+","0.0",",,0,30,+","36.1","2,0,17,","15.4","0","6.4","2,0","0.0",",,,0","0",",,,0","19.76","3,0","27.97","2,,,0","11.56","3,,,0"
"USC00044500","1994-10","37.9566","-122.5447","44.2","KENTFIELD, CA US","","","10.3",",0","2",",0","2",",0","0",",0","0",",0","0",",0","0",",0","0",",0","0",",0","30",",0","0",",0","","","19941030","+,,0","19941031","+,,0","19941031","+,,0","","","19941005",",,0","19941010","+,,0","4.4",",0,30,+","0",",,0,31,+","0",",,0,31,+","5.1",",,0,05,","30.6",",0,10,+","70.7","0","55.3",",0","8.9",",,,0","0",",,,0","16.88",",0","25.03",",,,0","8.73",",,,0"
"USC00044500","1994-11","37.9566","-122.5447","44.2","KENTFIELD, CA US","","","0.0","2,0","11",",0","10",",0","5",",0","0",",0","0",",0","0",",0","2",",0","0","2,0","0","2,0","0","2,0","","","19941119",",,0","19941130","+,,0","19941130","+,,0","","","19941105",",,0","19941107",",2,0","-1.1",",0,19,","0",",,0,30,+","0",",,0,30,+","202.2",",,0,05,","18.3","2,0,07,","315.4","0","244.7","2,0","412.8",",,,0","0",",,,0","9.70","2,0","14.98","2,,,0","4.41",",,,0"
"USC00044500","1994-12","37.9566","-122.5447","44.2","KENTFIELD, CA US","","","0.0","1,0","12",",0","9",",0","2",",0","0",",0","0",",0","0","1,0","4","1,0","0","1,0","0","1,0","0","1,0","","","19941209",",1,0","19941231","+,,0","19941231","+,,0","","","19941203",",,0","19941225",",1,0","-1.1","1,0,09,","0",",,0,31,+","0",",,0,31,+","34.8",",,0,03,","16.7","1,0,25,","621.8","0","306.4","1,0","160.5",",,,0","0",",,,0","8.12","1,0","12.38","1,,,0","3.86","1,,,0"
"USC00044500","1995-01","37.9566","-122.5447","44.2","KENTFIELD, CA US","0.0","0","0.0","4,0","25",",0","23",",0","11",",0","0",",0","0",",0","0","3,0","0","3,0","0","1,0","1","1,0","0","1,0","","","19950117",",3,0","19950131","+,,0","19950131","+,,0","","","19950110",",,0","19950131",",1,0","1.7","3,0,17,","0",",,0,31,+","0",",,0,31,+","60.2",",,0,10,","21.7","1,0,31,","816.4","0","194.6","1,0","580.9",",,,0","0",",,,0","11.20","4,0","14.24","1,,,0","8.15","3,,,0"
"USC00044500","1995-02","37.9566","-122.5447","44.2","KENTFIELD, CA US","0.0","0","0.0","1,0","4",",0","1",",0","0",",0","0",",0","0",",0","0","1,0","1","1,0","0","1,0","4","1,0","0","1,0","","","19950215",",1,0","19950228","+,,0","19950228","+,,0","","","19950208",",,0","19950222","+,1,0","-1.1","1,0,15,","0",",,0,28,+","0",",,0,28,+","11.7",",,0,08,","25.0","1,0,22,+","959.8","0","143.4","1,0","15.8",",,,0","0",",,,0","13.02","1,0","18.47","1,,,0","7.58","1,,,0"
"USC00044500","1995-03","37.9566","-122.5447","44.2","KENTFIELD, CA US","0.0","0","0.0",",0","16",",0","15",",0","6",",0","0",",0","0",",0","0",",0","0",",0","0",",0","6",",0","0",",0","","","19950326","+,,0","19950331","+,,0","19950331","+,,0","","","19950309",",,0","19950331","+,,0","2.2",",0,26,+","0",",,0,31,+","0",",,0,31,+","66.5",",,0,09,","23.9",",0,31,+","1149.3","0","189.5",",0","384.9",",,,0","0",",,,0","12.22",",0","17.73",",,,0","6.71",",,,0"
"USC00044500","1995-04","37.9566","-122.5447","44.2","KENTFIELD, CA US","0.0","0","0.0","1,0","10",",0","8",",0","0",",0","0",",0","0",",0","0",",0","0",",0","0","1,0","10","1,0","0","1,0","","","19950421","+,,0","19950430","+,,0","19950430","+,,0","","","19950429",",,0","19950424","+,1,0","4.4",",0,21,+","0",",,0,30,+","0",",,0,30,+","21.8",",,0,29,","28.9","1,0,24,+","1269.3","0","120.0","1,0","74.2",",,,0","0",",,,0","14.15","1,0","20.31","1,,,0","7.98",",,,0"
"USC00044500","1995-05","37.9566","-122.5447","44.2","KENTFIELD, CA US","1.6","0","1.6","5,0","6",",0","4",",0","1",",0","0",",0","0",",0","0","5,0","0","5,0","0","4,0","18","4,0","0","4,0","","","19950508","+,5,0","19950531","+,,0","19950531","+,,0","","","19950501",",,0","19950531","+,4,0","6.7","5,0,08,+","0",",,0,31,+","0",",,0,31,+","47.2",",,0,01,","28.3","4,0,31,+","1334.7","0","65.4","4,0","74.6",",,,0","0",",,,0","15.83","5,0","22.46","4,,,0","9.21","5,,,0"
"USC00044500","1995-06","37.9566","-122.5447","44.2","KENTFIELD, CA US","49.1","0","47.5","1,0","3",",0","1",",0","0",",0","0",",0","0",",0","0","1,0","0","1,0","0","1,0","26","1,0","5","1,0","","","19950620","+,1,0","19950630","+,,0","19950630","+,,0","","","19950615",",,0","19950625","+,1,0","8.9","1,0,20,+","0",",,0,30,+","0",",,0,30,+","14.5",",,0,15,","40.0","1,0,25,+","1361.7","0","27.0","1,0","15.3",",,,0","0",",,,0","19.04","1,0","26.38","1,,,0","11.70","1,,,0"
"USC00044500","1995-07","37.9566","-122.5447","44.2","KENTFIELD, CA US","","","","","0",",0","0",",0","0",",0","0",",0","0",",0","0","4,0","0","4,0","0","3,0","28","3,0","9","3,0","","","19950710","+,4,0","19950731","+,,0","19950731","+,,0","","","19950731","+,,0","19950715",",3,0","11.7","4,0,10,+","0",",,0,31,+","0",",,0,31,+","0.0",",,0,31,+","40.0","3,0,15,","","","","","0.0",",,,0","0",",,,0","21.81","6,0","29.74","3,,,0","13.88","4,,,0"
"USC00044500","1995-08","37.9566","-122.5447","44.2","KENTFIELD, CA US","","","81.1","2,0","0",",0","0",",0","0",",0","0",",0","0",",0","0","1,0","0","1,0","0","2,0","29","2,0","9","2,0","","","19950826","+,1,0","19950831","+,,0","19950831","+,,0","","","19950831","+,,0","19950815","+,2,0","8.9","1,0,26,+","0",",,0,31,+","0",",,0,31,+","0.0",",,0,31,+","36.7","2,0,15,+","","","2.1","2,0","0.0",",,,0","0",",,,0","21.13","2,0","30.39","2,,,0","11.87","1,,,0"
"USC00044500","1995-09","37.9566","-122.5447","44.2","KENTFIELD, CA US","","","56.7",",0","0",",0","0",",0","0",",0","0",",0","0",",0","0",",0","0",",0","0",",0","30",",0","7",",0","","","19950902",",,0","19950930","+,,0","19950930","+,,0","","","19950930","+,,0","19950907","+,,0","8.9",",0,02,","0",",,0,30,+","0",",,0,30,+","0.0",",,0,30,+","36.1",",0,07,+","","","1.9",",0","0.0",",,,0","0",",,,0","20.16",",0","28.38",",,,0","11.93",",,,0"
"USC00044500","1995-10","37.9566","-122.5447","44.2","KENTFIELD, CA US","","","28.9",",0","1",",0","1",",0","0",",0","0",",0","0",",0","0",",0","0",",0","0",",0","29",",0","3",",0","","","19951024",",,0","19951031","+,,0","19951031","+,,0","","","19951031",",,0","19951004","+,,0","3.9",",0,24,","0",",,0,31,+","0",",,0,31,+","2.5",",,0,31,","33.9",",0,04,+","","","33.4",",0","2.5",",,,0","0",",,,0","18.19",",0","27.05",",,,0","9.33",",,,0"
"USC00044500","1995-11","37.9566","-122.5447","44.2","KENTFIELD, CA US","","","0.0","2,0","4",",0","2",",0","0",",0","0",",0","0",",0","0","2,0","0","2,0","0",",0","23",",0","0",",0","","","19951104",",2,0","19951130","+,,0","19951130","+,,0","","","19951121",",,0","19951113",",,0","3.9","2,0,04,","0",",,0,30,+","0",",,0,30,+","6.9",",,0,21,","27.8",",0,13,","","","86.3",",0","10.8",",,,0","0",",,,0","15.27","2,0","22.62",",,,0","7.92","2,,,0"
"USC00044500","1995-12","37.9566","-122.5447","44.2","KENTFIELD, CA US","","","0.0",",0","15",",0","9",",0","3",",0","0",",0","0",",0","0",",0","0",",0","0",",0","1",",0","0",",0","","","19951225",",,0","19951231","+,,0","19951231","+,,0","","","19951211",",,0","19951205",",,0","1.7",",0,25,","0",",,0,31,+","0",",,0,31,+","196.3",",,0,11,","21.1",",0,05,","","","207.1",",0","392.1",",,,0","0",",,,0","11.65",",0","16.09",",,,0","7.21",",,,0"
"USC00044500","1996-01","37.9566","-122.5447","44.2","KENTFIELD, CA US","0.0","0","0.0","2,0","16",",0","12",",0","5",",0","0",",0","0",",0","0",",0","0",",0","0","2,0","2","2,0","0","2,0","","","19960126","+,,0","19960131","+,,0","19960131","+,,0","","","19960116",",,0","19960101",",2,0","2.2",",0,26,+","0",",,0,31,+","0",",,0,31,+","80.3",",,0,16,","21.7","2,0,01,","","","225.1","2,0","382.4",",,,0","0",",,,0","10.53","2,0","15.15","2,,,0","5.91",",,,0"
"USC00044500","1996-02","37.9566","-122.5447","44.2","KENTFIELD, CA US","0.0","0","0.0",",0","18",",0","15",",0","4",",0","0",",0","0",",0","0",",0","2",",0","0",",0","5",",0","0",",0","","","19960226","+,,0","19960229","+,,0","19960229","+,,0","","","19960204",",,0","19960211",",,0","-0.6",",0,26,+","0",",,0,29,+","0",",,0,29,+","129.5",",,0,04,","26.1",",0,11,","","","163.5",",0","409.7",",,,0","0",",,,0","12.69",",0","17.43",",,,0","7.96",",,,0"
"USC00044500","1996-03","37.9566","-122.5447","44.2","KENTFIELD, CA US","0.3","0","0.3",",0","10",",0","5",",0","0",",0","0",",0","0",",0","0",",0","0",",0","0",",0","16",",0","0",",0","","","19960306",",,0","19960331","+,,0","19960331","+,,0","","","19960312",",,0","19960317",",,0","1.7",",0,06,","0",",,0,31,+","0",",,0,31,+","23.9",",,0,12,","29.4",",0,17,","","","132.3",",0","76.9",",,,0","0",",,,0","14.07",",0","21.12",",,,0","7.03",",,,0"
"USC00044500","1996-04","37.9566","-122.5447","44.2","KENTFIELD, CA US","15.1","0","14.8","1,0","9",",0","6",",0","1",",0","0",",0","0",",0","0",",0","0",",0","0","1,0","17","1,0","2","1,0","","","19960420","+,,0","19960430","+,,0","19960430","+,,0","","","19960401",",,0","19960430",",1,0","4.4",",0,20,+","0",",,0,30,+","0",",,0,30,+","84.1",",,0,01,","35.6","1,0,30,","","","84.8","1,0","117.6",",,,0","0",",,,0","15.86","1,0","23.31","1,,,0","8.41",",,,0"
"USC00044500","1996-05","37.9566","-122.5447","44.2","KENTFIELD, CA US","43.5","0","28.4","1,0","6",",0","5",",0","2",",0","0",",0","0",",0","0",",0","0",",0","0","1,0","25","1,0","3","1,0","","","19960504",",,0","19960531","+,,0","19960531","+,,0","","","19960516",",,0","19960501",",1,0","5.0",",0,04,","0",",,0,31,+","0",",,0,31,+","38.9",",,0,16,","33.9","1,0,01,","","","50.4","1,0","116.2",",,,0","0",",,,0","17.63","1,0","25.07","1,,,0","10.18",",,,0"
"USC00044500","1996-06","37.9566","-122.5447","44.2","KENTFIELD, CA US","","","","","1",",0","0",",0","0",",0","0",",0","0",",0","0","4,0","0","4,0","0","4,0","24","4,0","5","4,0","","","19960613",",4,0","19960630","+,,0","19960630","+,,0","","","19960627",",,0","19960630",",4,0","7.8","4,0,13,","0",",,0,30,+","0",",,0,30,+","0.5",",,0,27,","38.9","4,0,30,","","","","","0.5",",,,0","0",",,,0","19.35","6,0","28.09","4,,,0","10.60","4,,,0"
"USC00044500","1996-07","37.9566","-122.5447","44.2","KENTFIELD, CA US","","","97.3","2,0","0",",0","0",",0","0",",0","0",",0","0",",0","0",",0","0",",0","0","2,0","29","2,0","12","2,0","","","19960705",",,0","19960731","+,,0","19960731","+,,0","","","19960731","+,,0","19960701",",2,0","9.4",",0,05,","0",",,0,31,+","0",",,0,31,+","0.0",",,0,31,+","39.4","2,0,01,","0.8","0","0.8","2,0","0.0",",,,0","0",",,,0","21.66","2,0","31.21","2,,,0","12.12",",,,0"
"USC00044500","1996-08","37.9566","-122.5447","44.2","KENTFIELD, CA US","","","77.2","3,0","0",",0","0",",0","0",",0","0",",0","0",",0","0","1,0","0","1,0","0","2,0","29","2,0","14","2,0","","","19960820","+,1,0","19960831","+,,0","19960831","+,,0","","","19960831","+,,0","19960812",",2,0","8.9","1,0,20,+","0",",,0,31,+","0",",,0,31,+","0.0",",,0,31,+","36.1","2,0,12,","1.8","0","1.0","2,0","0.0",",,,0","0",",,,0","20.98","3,0","30.76","2,,,0","11.19","1,,,0"
"USC00044500","1996-09","37.9566","-122.5447","44.2","KENTFIELD, CA US","","","29.8",",0","1",",0","0",",0","0",",0","0",",0","0",",0","0",",0","0",",0","0",",0","29",",0","5",",0","","","19960906",",,0","19960930","+,,0","19960930","+,,0","","","19960915",",,0","19960908",",,0","5.6",",0,06,","0",",,0,30,+","0",",,0,30,+","0.8",",,0,15,","34.4",",0,08,","18.7","0","16.9",",0","0.8",",,,0","0",",,,0","18.76",",0","27.65",",,,0","9.87",",,,0"
"USC00044500","1996-10","37.9566","-122.5447","44.2","KENTFIELD, CA US","","","25.6","2,0","3",",0","1",",0","1",",0","0",",0","0",",0","0",",0","0",",0","0","2,0","23","2,0","4","2,0","","","19961022","+,,0","19961031","+,,0","19961031","+,,0","","","19961029",",,0","19961008",",2,0","3.9",",0,22,+","0",",,0,31,+","0",",,0,31,+","31.5",",,0,29,","38.3","2,0,08,","81.3","0","62.6","2,0","33.3",",,,0","0",",,,0","17.09","2,0","24.56","2,,,0","9.62",",,,0"
"USC00044500","1996-11","37.9566","-122.5447","44.2","KENTFIELD, CA US","","","0.0",",0","7",",0","7",",0","2",",0","0",",0","0",",0","0",",0","0",",0","0",",0","9",",0","0",",0","","","19961106",",,0","19961130","+,,0","19961130","+,,0","","","19961117",",,0","19961112","+,,0","2.8",",0,06,","0",",,0,30,+","0",",,0,30,+","62.5",",,0,17,","23.9",",0,12,+","227.6","0","146.3",",0","142.8",",,,0","0",",,,0","13.46",",0","18.73",",,,0","8.18",",,,0"
"USC00044500","1996-12","37.9566","-122.5447","44.2","KENTFIELD, CA US","","","0.0",",0","18",",0","15",",0","9",",0","0",",0","0",",0","0",",0","0",",0","0",",0","1",",0","0",",0","","","19961219",",,0","19961231","+,,0","19961231","+,,0","","","19961210",",,0","19961217",",,0","1.1",",0,19,","0",",,0,31,+","0",",,0,31,+","100.8",",,0,10,","21.7",",0,17,","431.8","0","204.2",",0","522.2",",,,0","0",",,,0","11.75",",0","15.88",",,,0","7.61",",,,0"
"USC00044500","1997-01","37.9566","-122.5447","44.2","KENTFIELD, CA US","0.0","0","0.0","1,0","16",",0","12",",0","4",",0","0",",0","0",",0","0","1,0","2","1,0","0",",0","0",",0","0",",0","","","19970114","+,1,0","19970131","+,,0","19970131","+,,0","","","19970122",",,0","19970129",",,0","-2.2","1,0,14,+","0",",,0,31,+","0",",,0,31,+","78.7",",,0,22,","20.0",",0,29,","680.9","0","249.1",",0","317.9",",,,0","0",",,,0","10.06","1,0","14.37",",,,0","5.74","1,,,0"
"USC00044500","1997-02","37.9566","-122.5447","44.2","KENTFIELD, CA US","0.0","0","0.0","1,0","4",",0","1",",0","0",",0","0",",0","0",",0","0",",0","0",",0","0","1,0","5","1,0","0","1,0","","","19970225","+,,0","19970228","+,,0","19970228","+,,0","","","19970217",",,0","19970225",",1,0","3.3",",0,25,+","0",",,0,28,+","0",",,0,28,+","5.8",",,0,17,","25.0","1,0,25,","837.4","0","156.5","1,0","8.4",",,,0","0",",,,0","12.53","1,0","18.94","1,,,0","6.11",",,,0"
"USC00044500","1997-03","37.9566","-122.5447","44.2","KENTFIELD, CA US","3.1","0","3.1",",0","6",",0","3",",0","0",",0","0",",0","0",",0","0",",0","0",",0","0",",0","20",",0","0",",0","","","19970305",",,0","19970331","+,,0","19970331","+,,0","","","19970317",",,0","19970325",",,0","1.1",",0,05,","0",",,0,31,+","0",",,0,31,+","9.7",",,0,17,","28.9",",0,25,","962.7","0","125.3",",0","26.0",",,,0","0",",,,0","14.39",",0","22.38",",,,0","6.40",",,,0"
"USC00044500","1997-04","37.9566","-122.5447","44.2","KENTFIELD, CA US","7.5","0","4.4","1,0","4",",0","1",",0","0",",0","0",",0","0",",0","0",",0","0",",0","0","1,0","24","1,0","0","1,0","","","19970406","+,,0","19970430","+,,0","19970430","+,,0","","","19970419",",,0","19970426","+,1,0","3.3",",0,06,+","0",",,0,30,+","0",",,0,30,+","13.0",",,0,19,","30.0","1,0,26,+","1035.7","0","73.0","1,0","15.3",",,,0","0",",,,0","15.95","1,0","23.22","1,,,0","8.68",",,,0"
"USC00044500","1997-05","37.9566","-122.5447","44.2","KENTFIELD, CA US","50.4","0","42.9","4,0","1",",0","1",",0","0",",0","0",",0","0",",0","0","1,0","0","1,0","0","3,0","28","3,0","2","3,0","","","19970501",",1,0","19970531","+,,0","19970531","+,,0","","","19970523",",,0","19970517",",3,0","6.7","1,0,01,","0",",,0,31,+","0",",,0,31,+","8.9",",,0,23,","38.3","3,0,17,","1053.2","0","17.5","3,0","8.9",",,,0","0",",,,0","19.50","4,0","27.76","3,,,0","11.23","1,,,0"
"USC00044500","1997-06","37.9566","-122.5447","44.2","KENTFIELD, CA US","86.1","0","35.7","1,0","2",",0","1",",0","0",",0","0",",0","0",",0","0",",0","0",",0","0","1,0","29","1,0","2","1,0","","","19970623",",,0","19970630","+,,0","19970630","+,,0","","","19970604",",,0","19970625",",1,0","8.9",",0,23,","0",",,0,30,+","0",",,0,30,+","6.9",",,0,04,","33.9","1,0,25,","1058.8","0","5.6","1,0","7.7",",,,0","0",",,,0","19.45","1,0","26.80","1,,,0","12.10",",,,0"
"USC00044500","1997-07","37.9566","-122.5447","44.2","KENTFIELD, CA US","164.4","0","78.3",",0","1",",0","0",",0","0",",0","0",",0","0",",0","0",",0","0",",0","0",",0","31",",0","6",",0","","","19970701",",,0","19970731","+,,0","19970731","+,,0","","","19970723",",,0","19970705","+,,0","10.0",",0,01,","0",",,0,31,+","0",",,0,31,+","0.3",",,0,23,","34.4",",0,05,+","0.0","0","0.0",",0","0.3",",,,0","0",",,,0","20.86",",0","29.84",",,,0","11.87",",,,0"
"USC00044500","1997-08","37.9566","-122.5447","44.2","KENTFIELD, CA US","245.8","0","81.4","2,0","2",",0","1",",0","1",",0","0",",0","0",",0","0",",0","0",",0","0","2,0","29","2,0","4","2,0","","","19970814",",,0","19970831","+,,0","19970831","+,,0","","","19970820",",,0","19970805",",2,0","10.0",",0,14,","0",",,0,31,+","0",",,0,31,+","31.2",",,0,20,","38.3","2,0,05,","0.3","0","0.3","2,0","31.5",",,,0","0",",,,0","21.12","2,0","28.54","2,,,0","13.69",",,,0"
"USC00044500","1997-09","37.9566","-122.5447","44.2","KENTFIELD, CA US","342.3","0","96.5","1,0","2",",0","1",",0","0",",0","0",",0","0",",0","0","1,0","0","1,0","0","1,0","29","1,0","8","1,0","","","19970922","+,1,0","19970930","+,,0","19970930","+,,0","","","19970915",",,0","19970924",",1,0","9.4","1,0,22,+","0",",,0,30,+","0",",,0,30,+","4.1",",,0,15,","36.7","1,0,24,","1.1","0","0.8","1,0","5.4",",,,0","0",",,,0","21.63","1,0","30.45","1,,,0","12.81","1,,,0"
"USC00044500","1997-10","37.9566","-122.5447","44.2","KENTFIELD, CA US","352.7","0","10.4","2,0","4",",0","3",",0","1",",0","0",",0","0",",0","0","1,0","0","1,0","0","2,0","24","2,0","0","2,0","","","19971028","+,1,0","19971031","+,,0","19971031","+,,0","","","19971009",",,0","19971017",",2,0","5.6","1,0,28,+","0",",,0,31,+","0",",,0,31,+","58.2",",,0,09,","31.1","2,0,17,","52.4","0","51.3","2,0","71.2",",,,0","0",",,,0","16.98","2,0","24.58","2,,,0","9.38","1,,,0"
"USC00044500","1997-11","37.9566","-122.5447","44.2","KENTFIELD, CA US","358.0","0","5.3",",0","18",",0","14",",0","7",",0","0",",0","0",",0","0",",0","0",",0","0",",0","5",",0","0",",0","","","19971128","+,,0","19971130","+,,0","19971130","+,,0","","","19971126",",,0","19971102","+,,0","5.0",",0,28,+","0",",,0,30,+","0",",,0,30,+","64.8",",,0,26,","28.3",",0,02,+","191.2","0","138.8",",0","327.1",",,,0","0",",,,0","13.88",",0","18.99",",,,0","8.77",",,,0"
"USC00044500","1997-12","37.9566","-122.5447","44.2","KENTFIELD, CA US","358.0","0","0.0","1,0","11",",0","6",",0","2",",0","0",",0","0",",0","0","1,0","3","1,0","0","1,0","0","1,0","0","1,0","","","19971227","+,1,0","19971231","+,,0","19971231","+,,0","","","19971207",",,0","19971219",",1,0","-1.1","1,0,27,+","0",",,0,31,+","0",",,0,31,+","47.0",",,0,07,","19.4","1,0,19,","450.7","0","259.5","1,0","131.4",",,,0","0",",,,0","9.68","1,0","14.65","1,,,0","4.72","1,,,0"
"USC00044500","1998-01","37.9566","-122.5447","44.2","KENTFIELD, CA US","0.0","0","0.0","2,0","23",",0","19",",0","7",",0","0",",0","0",",0","0",",0","0",",0","0","2,0","0","2,0","0","2,0","","","19980105",",,0","19980131","+,,0","19980131","+,,0","","","19980115",",,0","19980118",",2,0","0.6",",0,05,","0",",,0,31,+","0",",,0,31,+","72.4",",,0,15,","20.0","2,0,18,","659.3","0","208.6","2,0","437.0",",,,0","0",",,,0","11.07","2,0","14.57","2,,,0","7.57",",,,0"
"USC00044500","1998-02","37.9566","-122.5447","44.2","KENTFIELD, CA US","0.0","0","0.0","1,0","23",",0","20",",0","9",",0","0",",0","0",",0","0",",0","0",",0","0","1,0","0","1,0","0","1,0","","","19980220",",,0","19980228","+,,0","19980228","+,,0","","","19980203",",,0","19980228",",1,0","2.2",",0,20,","0",",,0,28,+","0",",,0,28,+","73.9",",,0,03,","18.3","1,0,28,","845.8","0","186.5","1,0","597.5",",,,0","0",",,,0","11.36","1,0","15.44","1,,,0","7.28",",,,0"
"USC00044500","1998-03","37.9566","-122.5447","44.2","KENTFIELD, CA US","0.0","0","0.0","3,0","13",",0","10",",0","1",",0","0",",0","0",",0","0","1,0","0","1,0","0","3,0","9","3,0","0","3,0","","","19980306",",1,0","19980331","+,,0","19980331","+,,0","","","19980323",",,0","19980318","+,3,0","1.7","1,0,06,","0",",,0,31,+","0",",,0,31,+","26.4",",,0,23,","24.4","3,0,18,+","996.8","0","151.0","3,0","80.1",",,,0","0",",,,0","13.00","3,0","19.15","3,,,0","6.85","1,,,0"
"USC00044500","1998-04","37.9566","-122.5447","44.2","KENTFIELD, CA US","0.8","0","0.8","2,0","10","2,0","7","2,0","0","2,0","0",",0","0",",0","0","2,0","0","2,0","0","2,0","11","2,0","0","2,0","","","19980415","+,2,0","19980430","+,,0","19980430","+,,0","","","19980403",",2,0","19980421",",2,0","2.8","2,0,15,+","0",",,0,30,+","0",",,0,30,+","19.1","2,,0,03,","28.9","2,0,21,","1132.3","0","135.5","2,0","76.5",",a,,0","0",",,,0","13.52","2,0","19.87","2,,,0","7.18","2,,,0"
"USC00044500","1998-05","37.9566","-122.5447","44.2","KENTFIELD, CA US","","","","","10","2,0","5","2,0","1","2,0","0",",0","0",",0","","","","","","","","","","","","","","","19980531","+,,0","19980531","+,,0","","","19980528",",2,0","","","","","0",",,0,31,+","0",",,0,31,+","33.3","2,,0,28,","","","","","","","110.3",",a,,0","0",",,,0","","","","","",""
"USC00044500","1998-06","37.9566","-122.5447","44.2","KENTFIELD, CA US","","","21.6","4,0","0",",0","0",",0","0",",0","0",",0","0",",0","0","4,0","0","4,0","0","4,0","25","4,0","2","4,0","","","19980620",",4,0","19980630","+,,0","19980630","+,,0","","","19980630","+,,0","19980616","+,4,0","7.8","4,0,20,","0",",,0,30,+","0",",,0,30,+","0.0",",,0,30,+","33.3","4,0,16,+","","","26.6","4,0","0.0",",,,0","0",",,,0","18.14","4,0","25.33","4,,,0","10.95","4,,,0"
"USC00044500","1998-07","37.9566","-122.5447","44.2","KENTFIELD, CA US","","","","","0",",0","0",",0","0",",0","0",",0","0",",0","0","5,0","0","5,0","","","","","","","","","19980705",",5,0","19980731","+,,0","19980731","+,,0","","","19980731","+,,0","","","10.0","5,0,05,","0",",,0,31,+","0",",,0,31,+","0.0",",,0,31,+","","","","","","","0.0",",,,0","0",",,,0","","","","","11.53","5,,,0"
"USC00044500","1998-08","37.9566","-122.5447","44.2","KENTFIELD, CA US","","","","","0",",0","0",",0","0",",0","0",",0","0",",0","0","3,0","0","3,0","","","","","","","","","19980821",",3,0","19980831","+,,0","19980831","+,,0","","","19980831","+,,0","","","8.9","3,0,21,","0",",,0,31,+","0",",,0,31,+","0.0",",,0,31,+","","","","","","","0.0",",,,0","0",",,,0","","","","","11.26","3,,,0"
"USC00044500","1998-09","37.9566","-122.5447","44.2","KENTFIELD, CA US","","","","","1",",0","0",",0","0",",0","0",",0","0",",0","0","1,0","0","1,0","","","","","","","","","19980921",",1,0","19980930","+,,0","19980930","+,,0","","","19980928",",,0","","","8.9","1,0,21,","0",",,0,30,+","0",",,0,30,+","0.3",",,0,28,","","","","","","","0.3",",,,0","0",",,,0","","","","","12.28","1,,,0"
"USC00044500","1998-10","37.9566","-122.5447","44.2","KENTFIELD, CA US","","","2.4","3,0","2","1,0","1","1,0","1","1,0","","","0",",0","0","2,0","0","2,0","0","3,0","19","3,0","0","3,0","","","19981031",",2,0","","","19981031","+,,0","","","19981024",",1,0","19981020","+,3,0","4.4","2,0,31,","","","0",",,0,31,+","30.0","1,,0,24,","29.4","3,0,20,+","","","75.3","3,0","30.5","1,,,0","0",",,,0","15.79","3,0","23.49","3,,,0","8.09","2,,,0"
"USC00044500","1998-11","37.9566","-122.5447","44.2","KENTFIELD, CA US","","","0.0","2,0","15","2,0","8","2,0","4","2,0","0",",0","0",",0","0","1,0","0","1,0","0","2,0","0","2,0","0","2,0","","","19981120","+,1,0","19981130","+,,0","19981130","+,,0","","","19981129",",2,0","19981102",",2,0","2.8","1,0,20,+","0",",,0,30,+","0",",,0,30,+","65.3","2,,0,29,","19.4","2,0,02,","","","176.7","2,0","278.6",",a,,0","0",",,,0","11.97","2,0","16.90","2,,,0","7.04","1,,,0"
"USC00044500","1998-12","37.9566","-122.5447","44.2","KENTFIELD, CA US","","","0.0","3,0","6",",0","3",",0","0",",0","0",",0","0",",0","0","1,0","11","1,0","0","3,0","0","3,0","0","3,0","","","19981220","+,1,0","19981231","+,,0","19981231","+,,0","","","19981206",",,0","19981217","+,3,0","-5.0","1,0,20,+","0",",,0,31,+","0",",,0,31,+","22.6",",,0,06,","19.4","3,0,17,+","","","290.7","3,0","48.5",",,,0","0",",,,0","7.73","3,0","14.17","3,,,0","1.28","1,,,0"
"USC00044500","1999-01","37.9566","-122.5447","44.2","KENTFIELD, CA US","0.0","0","0.0","4,0","9",",0","8",",0","3",",0","0",",0","0",",0","0","3,0","4","3,0","0","4,0","0","4,0","0","4,0","","","19990128","+,3,0","19990131","+,,0","19990131","+,,0","","","19990118",",,0","19990127",",4,0","0.0","3,0,28,+","0",",,0,31,+","0",",,0,31,+","51.1",",,0,18,","17.8","4,0,27,","","","261.0","4,0","141.1",",,,0","0",",,,0","8.82","4,0","13.73","4,,,0","3.91","3,,,0"
"USC00044500","1999-02","37.9566","-122.5447","44.2","KENTFIELD, CA US","0.0","0","0.0","2,0","14",",0","11",",0","5",",0","0",",0","0",",0","0",",0","3",",0","0","2,0","0","2,0","0","2,0","","","19990211",",,0","19990228","+,,0","19990228","+,,0","","","19990207",",,0","19990227",",2,0","-0.6",",0,11,","0",",,0,28,+","0",",,0,28,+","90.7",",,0,07,","19.4","2,0,27,","","","210.9","2,0","338.6",",,,0","0",",,,0","10.09","2,0","15.49","2,,,0","4.70",",,,0"
"USC00044500","1999-03","37.9566","-122.5447","44.2","KENTFIELD, CA US","0.0","0","0.0","1,0","15",",0","12",",0","1",",0","0",",0","0",",0","0",",0","0",",0","0","1,0","0","1,0","0","1,0","","","19990307","+,,0","19990331","+,,0","19990331","+,,0","","","19990308",",,0","19990325","+,1,0","1.7",",0,07,+","0",",,0,31,+","0",",,0,31,+","25.4",",,0,08,","18.9","1,0,25,+","","","233.3","1,0","129.4",",,,0","0",",,,0","10.53","1,0","16.11","1,,,0","4.95",",,,0"
"USC00044500","1999-04","37.9566","-122.5447","44.2","KENTFIELD, CA US","9.2","0","9.2","2,0","4",",0","4",",0","1",",0","0",",0","0",",0","0","1,0","0","1,0","0","2,0","13","2,0","0","2,0","","","19990409","+,1,0","19990430","+,,0","19990430","+,,0","","","19990411",",,0","19990417",",2,0","1.1","1,0,09,+","0",",,0,30,+","0",",,0,30,+","41.7",",,0,11,","31.7","2,0,17,","","","135.0","2,0","84.3",",,,0","0",",,,0","13.87","2,0","20.41","2,,,0","7.34","1,,,0"
"USC00044500","1999-05","37.9566","-122.5447","44.2","KENTFIELD, CA US","9.2","0","0.0","4,0","1",",0","0",",0","0",",0","0",",0","0",",0","0","4,0","0","4,0","0","1,0","18","1,0","0","1,0","","","19990515",",4,0","19990531","+,,0","19990531","+,,0","","","19990503",",,0","19990511",",1,0","5.0","4,0,15,","0",",,0,31,+","0",",,0,31,+","1.5",",,0,03,","31.1","1,0,11,","","","99.4","1,0","1.5",",,,0","0",",,,0","14.77","4,0","21.54","1,,,0","8.01","4,,,0"
"USC00044500","1999-06","37.9566","-122.5447","44.2","KENTFIELD, CA US","38.9","0","29.7","1,0","0",",0","0",",0","0",",0","0",",0","0",",0","0","1,0","0","1,0","0","1,0","25","1,0","4","1,0","","","19990610","+,1,0","19990630","+,,0","19990630","+,,0","","","19990630","+,,0","19990628",",1,0","6.7","1,0,10,+","0",",,0,30,+","0",",,0,30,+","0.0",",,0,30,+","35.6","1,0,28,","","","38.6","1,0","0.0",",,,0","0",",,,0","18.03","1,0","26.17","1,,,0","9.88","1,,,0"
"USC00044500","1999-07","37.9566","-122.5447","44.2","KENTFIELD, CA US","","","","","0",",0","0",",0","0",",0","0",",0","0",",0","0","2,0","0","2,0","","","","","","","","","19990705","+,2,0","19990731","+,,0","19990731","+,,0","","","19990731","+,,0","","","7.8","2,0,05,+","0",",,0,31,+","0",",,0,31,+","0.0",",,0,31,+","","","","","","","0.0",",,,0","0",",,,0","","","","","11.20","2,,,0"
"USC00044500","1999-08","37.9566","-122.5447","44.2","KENTFIELD, CA US","","","60.3","4,0","0",",0","0",",0","0",",0","0",",0","0",",0","0","1,0","0","1,0","0","4,0","27","4,0","4","4,0","","","19990816",",1,0","19990831","+,,0","19990831","+,,0","","","19990811",",,0","19990825",",4,0","10.0","1,0,16,","0",",,0,31,+","0",",,0,31,+","0.0",",T,0,11,","38.9","4,0,25,","","","0.6","4,0","0.0",",T,,0","0",",,,0","20.51","4,0","28.23","4,,,0","12.80","1,,,0"
"USC00044500","1999-09","37.9566","-122.5447","44.2","KENTFIELD, CA US","","","35.5","3,0","2",",0","0",",0","0",",0","0",",0","0",",0","0","1,0","0","1,0","0","3,0","27","3,0","4","3,0","","","19990905","+,1,0","19990930","+,,0","19990930","+,,0","","","19990921","+,,0","19990929","+,3,0","8.3","1,0,05,+","0",",,0,30,+","0",",,0,30,+","0.8",",,0,21,+","36.1","3,0,29,+","","","10.9","3,0","1.6",",,,0","0",",,,0","19.27","3,0","27.71","3,,,0","10.84","1,,,0"
"USC00044500","1999-10","37.9566","-122.5447","44.2","KENTFIELD, CA US","","","20.8","3,0","1",",0","0",",0","0",",0","0",",0","0",",0","0","2,0","0","2,0","0","3,0","26","3,0","7","3,0","","","19991027","+,2,0","19991031","+,,0","19991031","+,,0","","","19991006",",,0","19991014","+,3,0","5.0","2,0,27,+","0",",,0,31,+","0",",,0,31,+","0.3",",,0,06,","32.8","3,0,14,+","","","36.8","3,0","0.3",",,,0","0",",,,0","17.77","3,0","27.30","3,,,0","8.24","2,,,0"
"USC00044500","1999-11","37.9566","-122.5447","44.2","KENTFIELD, CA US","","","0.0","2,0","8",",0","5",",0","1",",0","0",",0","0",",0","0","2,0","0","2,0","0","1,0","8","1,0","0","1,0","","","19991122",",2,0","19991130","+,,0","19991130","+,,0","","","19991119",",,0","19991101",",1,0","2.8","2,0,22,","0",",,0,30,+","0",",,0,30,+","27.4",",,0,19,","27.2","1,0,01,","","","136.3","1,0","80.6",",,,0","0",",,,0","13.46","2,0","18.98","1,,,0","7.95","2,,,0"
"USC00044500","1999-12","37.9566","-122.5447","44.2","KENTFIELD, CA US","","","0.0","2,0","5",",0","2",",0","0",",0","0",",0","0",",0","0","1,0","2","1,0","0","1,0","2","1,0","0","1,0","","","19991224","+,1,0","19991231","+,,0","19991231","+,,0","","","19991209",",,0","19991220",",1,0","0.0","1,0,24,+","0",",,0,31,+","0",",,0,31,+","12.4",",,0,09,","22.8","1,0,20,","","","244.3","1,0","24.4",",,,0","0",",,,0","9.83","2,0","16.45","1,,,0","3.21","1,,,0"
"USC00044500","2000-01","37.9566","-122.5447","44.2","KENTFIELD, CA US","0.0","0","0.0","1,0","15","1,0","11","1,0","3","1,0","0",",0","0",",0","0","1,0","1","1,0","0","1,0","0","1,0","0","1,0","","","20000106",",1,0","20000131","+,,0","20000131","+,,0","","","20000124",",1,0","20000105",",1,0","0.0","1,0,06,","0",",,0,31,+","0",",,0,31,+","78.0","1,,0,24,","18.3","1,0,05,","","","231.8","1,0","272.7","1,,,0","0",",,,0","10.61","1,0","14.78","1,,,0","6.43","1,,,0"
"USC00044500","2000-02","37.9566","-122.5447","44.2","KENTFIELD, CA US","0.0","0","0.0",",0","20",",0","18",",0","6",",0","0",",0","0",",0","0",",0","0",",0","0",",0","0",",0","0",",0","","","20000224",",,0","20000229","+,,0","20000229","+,,0","","","20000213",",,0","20000208",",,0","1.7",",0,24,","0",",,0,29,+","0",",,0,29,+","98.8",",,0,13,","19.4",",0,08,","","","197.4",",0","424.3",",,,0","0",",,,0","11.53",",0","15.32",",,,0","7.73",",,,0"
"USC00044500","2000-03","37.9566","-122.5447","44.2","KENTFIELD, CA US","","","","","12",",0","5",",0","1",",0","0",",0","0",",0","","","","","0","1,0","7","1,0","0","1,0","","","","","20000331","+,,0","20000331","+,,0","","","20000308",",,0","20000331","+,1,0","","","0",",,0,31,+","0",",,0,31,+","28.4",",,0,08,","23.9","1,0,31,+","","","","","67.4",",,,0","0",",,,0","","","18.09","1,,,0","",""
"USC00044500","2000-04","37.9566","-122.5447","44.2","KENTFIELD, CA US","","","7.0","2,0","5",",0","4",",0","1",",0","0",",0","0",",0","0","1,0","0","1,0","0","2,0","15","2,0","0","2,0","","","20000419",",1,0","20000430","+,,0","20000430","+,,0","","","20000417",",,0","20000402",",2,0","4.4","1,0,19,","0",",,0,30,+","0",",,0,30,+","32.5",",,0,17,","31.7","2,0,02,","","","88.7","2,0","59.7",",,,0","0",",,,0","15.41","2,0","22.13","2,,,0","8.69","1,,,0"
"USC00044500","2000-05","37.9566","-122.5447","44.2","KENTFIELD, CA US","","","26.3","1,0","5",",0","4",",0","0",",0","0",",0","0",",0","0",",0","0",",0","0","1,0","21","1,0","3","1,0","","","20000512",",,0","20000531","+,,0","20000531","+,,0","","","20000514",",,0","20000521",",1,0","5.6",",0,12,","0",",,0,31,+","0",",,0,31,+","19.6",",,0,14,","37.2","1,0,21,","","","54.1","1,0","49.7",",,,0","0",",,,0","17.46","1,0","24.04","1,,,0","10.88",",,,0"
"USC00044500","2000-06","37.9566","-122.5447","44.2","KENTFIELD, CA US","","","47.9","3,0","1",",0","0",",0","0",",0","0",",0","0",",0","0","2,0","0","2,0","0","3,0","25","3,0","2","3,0","","","20000604",",2,0","20000630","+,,0","20000630","+,,0","","","20000608",",,0","20000614",",3,0","7.2","2,0,04,","0",",,0,30,+","0",",,0,30,+","1.3",",,0,08,","43.3","3,0,14,","","","18.8","3,0","1.3",",,,0","0",",,,0","19.53","3,0","27.42","3,,,0","11.63","2,,,0"
"USC00044500","2000-07","37.9566","-122.5447","44.2","KENTFIELD, CA US","","","35.7","2,0","0",",0","0",",0","0",",0","0",",0","0",",0","0","1,0","0","1,0","0","2,0","28","2,0","1","2,0","","","20000714","+,1,0","20000731","+,,0","20000731","+,,0","","","20000731","+,,0","20000731",",2,0","8.3","1,0,14,+","0",",,0,31,+","0",",,0,31,+","0.0",",,0,31,+","35.0","2,0,31,","10.6","0","10.6","2,0","0.0",",,,0","0",",,,0","19.26","2,0","27.59","2,,,0","10.93","1,,,0"
"USC00044500","2000-08","37.9566","-122.5447","44.2","KENTFIELD, CA US","","","72.4","3,0","0",",0","0",",0","0",",0","0",",0","0",",0","0","3,0","0","3,0","0","3,0","27","3,0","10","3,0","","","20000813",",3,0","20000831","+,,0","20000831","+,,0","","","20000831","+,,0","20000816","+,3,0","8.3","3,0,13,","0",",,0,31,+","0",",,0,31,+","0.0",",,0,31,+","36.7","3,0,16,+","14.2","0","3.6","3,0","0.0",",,,0","0",",,,0","20.79","3,0","30.03","3,,,0","11.55","3,,,0"
"USC00044500","2000-09","37.9566","-122.5447","44.2","KENTFIELD, CA US","","","62.6","3,0","1",",0","0",",0","0",",0","0",",0","0",",0","0","2,0","0","2,0","0","3,0","24","3,0","6","3,0","","","20000910","+,2,0","20000930","+,,0","20000930","+,,0","","","20000913",",,0","20000919",",3,0","7.8","2,0,10,+","0",",,0,30,+","0",",,0,30,+","0.3",",,0,13,","38.9","3,0,19,","25.1","0","10.9","3,0","0.3",",,,0","0",",,,0","20.22","3,0","28.75","3,,,0","11.69","2,,,0"
"USC00044500","2000-10","37.9566","-122.5447","44.2","KENTFIELD, CA US","","","5.9","5,0","9","1,0","6","1,0","1","1,0","0",",0","0",",0","0","4,0","0","4,0","0","5,0","20","5,0","1","5,0","","","20001031",",4,0","20001031","+,,0","20001031","+,,0","","","20001028",",1,0","20001001",",5,0","5.0","4,0,31,","0",",,0,31,+","0",",,0,31,+","43.4","1,,0,28,","33.9","5,0,01,","89.5","0","64.4","5,0","97.5","1,,,0","0",",,,0","16.13","5,0","23.27","5,,,0","9.00","4,,,0"
"USC00044500","2000-11","37.9566","-122.5447","44.2","KENTFIELD, CA US","","","0.0","4,0","4","2,0","4","2,0","1","2,0","0",",0","0",",0","0","3,0","1","3,0","0","4,0","6","4,0","0","4,0","","","20001113",",3,0","20001130","+,,0","20001130","+,,0","","","20001129",",2,0","20001107","+,4,0","-0.6","3,0,13,","0",",,0,30,+","0",",,0,30,+","31.0","2,,0,29,","24.4","4,0,07,+","274.7","0","185.2","4,0","48.3","2,,,0","0",",,,0","11.23","4,0","17.22","4,,,0","5.23","3,,,0"
"USC00044500","2000-12","37.9566","-122.5447","44.2","KENTFIELD, CA US","","","0.0","4,0","6",",0","4",",0","0",",0","0",",0","0",",0","0","2,0","0","2,0","0","4,0","0","4,0","0","4,0","","","20001218",",2,0","20001231","+,,0","20001231","+,,0","","","20001213",",,0","20001208",",4,0","0.6","2,0,18,","0",",,0,31,+","0",",,0,31,+","16.8",",,0,13,","19.4","4,0,08,","492.9","0","218.2","4,0","38.7",",,,0","0",",,,0","10.30","4,0","15.99","4,,,0","4.60","2,,,0"
"USC00044500","2001-01","37.9566","-122.5447","44.2","KENTFIELD, CA US","0.0","0","0.0","3,0","12","1,0","8","1,0","2","1,0","","","0","1,0","0","2,0","3","2,0","0","3,0","0","3,0","0","3,0","","","20010117",",2,0","","","20010131","+,1,0","","","20010110",",1,0","20010105",",3,0","-1.7","2,0,17,","","","0","1,,0,31,+","30.5","1,,0,10,","19.4","3,0,05,","751.4","0","258.5","3,0","148.2","1,,,0","0","1,,,0","9.15","3,0","15.10","3,,,0","3.21","2,,,0"
"USC00044500","2001-02","37.9566","-122.5447","44.2","KENTFIELD, CA US","0.0","0","0.0","1,0","13","1,0","12","1,0","4","1,0","0",",0","0",",0","0","1,0","2","1,0","0","1,0","5","1,0","0","1,0","","","20010201",",1,0","20010228","+,,0","20010228","+,,0","","","20010221",",1,0","20010205","+,1,0","-0.6","1,0,01,","0",",,0,28,+","0",",,0,28,+","31.2","1,,0,21,","23.9","1,0,05,+","956.7","0","205.3","1,0","219.8","1,,,0","0",",,,0","10.73","1,0","16.38","1,,,0","5.08","1,,,0"
"USC00044500","2001-03","37.9566","-122.5447","44.2","KENTFIELD, CA US","0.0","0","0.0","3,0","6",",0","4",",0","1",",0","0",",0","0",",0","0","3,0","0","3,0","0","1,0","13","1,0","0","1,0","","","20010301",",3,0","20010331","+,,0","20010331","+,,0","","","20010304",",,0","20010330",",1,0","1.7","3,0,01,","0",",,0,31,+","0",",,0,31,+","32.5",",,0,04,","28.3","1,0,30,","1083.2","0","126.5","1,0","51.6",",,,0","0",",,,0","14.04","3,0","21.06","1,,,0","7.02","3,,,0"
"USC00044500","2001-04","37.9566","-122.5447","44.2","KENTFIELD, CA US","2.3","0","2.3","1,0","5",",0","2",",0","0",",0","0",",0","0",",0","0","1,0","0","1,0","0","1,0","10","1,0","0","1,0","","","20010421",",1,0","20010430","+,,0","20010430","+,,0","","","20010406",",,0","20010424",",1,0","1.1","1,0,21,","0",",,0,30,+","0",",,0,30,+","12.4",",,0,06,","30.6","1,0,24,","1237.9","0","154.7","1,0","23.4",",,,0","0",",,,0","13.08","1,0","20.19","1,,,0","5.96","1,,,0"
"USC00044500","2001-05","37.9566","-122.5447","44.2","KENTFIELD, CA US","62.7","0","60.4","4,0","0",",0","0",",0","0",",0","0",",0","0",",0","0","3,0","0","3,0","0","4,0","26","4,0","7","4,0","","","20010506","+,3,0","20010531","+,,0","20010531","+,,0","","","20010531","+,,0","20010531",",4,0","7.8","3,0,06,+","0",",,0,31,+","0",",,0,31,+","0.0",",,0,31,+","38.9","4,0,31,","1248.7","0","10.8","4,0","0.0",",,,0","0",",,,0","20.17","4,0","29.45","4,,,0","10.88","3,,,0"
"USC00044500","2001-06","37.9566","-122.5447","44.2","KENTFIELD, CA US","113.0","0","50.3","5,0","4",",0","1",",0","0",",0","0",",0","0",",0","0",",0","0",",0","0","5,0","24","5,0","8","5,0","","","20010624","+,,0","20010630","+,,0","20010630","+,,0","","","20010627",",,0","20010620",",5,0","8.3",",0,24,+","0",",,0,30,+","0",",,0,30,+","10.2",",,0,27,","38.3","5,0,20,","1258.1","0","9.4","5,0","11.5",",,,0","0",",,,0","20.30","5,0","28.69","5,,,0","11.91",",,,0"
"USC00044500","2001-07","37.9566","-122.5447","44.2","KENTFIELD, CA US","162.2","0","49.2",",0","0",",0","0",",0","0",",0","0",",0","0",",0","0",",0","0",",0","0",",0","31",",0","3",",0","18","","20010718",",,0","20010731","+,,0","20010731","+,,0","","","20010731","+,,0","20010703",",,0","9.4",",0,18,","0",",,0,31,+","0",",,0,31,+","0.0",",,0,31,+","37.8",",0,03,","8.4","0","8.4",",0","0.0",",,,0","0",",,,0","19.65",",0","27.88",",,,0","11.42",",,,0"
"USC00044500","2001-08","37.9566","-122.5447","44.2","KENTFIELD, CA US","217.6","0","55.4",",0","0",",0","0",",0","0",",0","0",",0","0",",0","0",",0","0",",0","0",",0","31",",0","5",",0","15","","20010820",",,0","20010831","+,,0","20010831","+,,0","","","20010831","+,,0","20010828",",,0","8.3",",0,20,","0",",,0,31,+","0",",,0,31,+","0.0",",,0,31,+","33.3",",0,28,","15.9","0","7.5",",0","0.0",",,,0","0",",,,0","19.88",",0","28.02",",,,0","11.74",",,,0"
"USC00044500","2001-09","37.9566","-122.5447","44.2","KENTFIELD, CA US","237.3","0","19.7",",0","1",",0","1",",0","0",",0","0",",0","0",",0","0",",0","0",",0","0",",0","30",",0","2",",0","10","","20010922",",,0","20010930","+,,0","20010930","+,,0","1","","20010925",",,0","20010930",",,0","7.8",",0,22,","0",",,0,30,+","0",",,0,30,+","3.0",",,0,25,","32.8",",0,30,","34.6","0","18.7",",0","3.0",",,,0","0",",,,0","18.37",",0","26.22",",,,0","10.52",",,,0"
"USC00044500","2001-10","37.9566","-122.5447","44.2","KENTFIELD, CA US","266.1","0","28.8","1,0","2",",0","1",",0","1",",0","0",",0","0",",0","0",",0","0",",0","0","1,0","21","1,0","5","1,0","1","","20011022",",,0","20011031","+,,0","20011031","+,,0","","","20011030",",,0","20011001",",1,0","6.7",",0,22,","0",",,0,31,+","0",",,0,31,+","25.9",",,0,30,","35.0","1,0,01,","81.3","0","46.7","1,0","26.4",",,,0","0",",,,0","17.69","1,0","24.95","1,,,0","10.44",",,,0"
"USC00044500","2001-11","37.9566","-122.5447","44.2","KENTFIELD, CA US","266.1","0","0.0",",0","12",",0","7",",0","4",",0","0",",0","0",",0","0",",0","0",",0","0",",0","8",",0","0",",0","6","","20011127",",,0","20011130","+,,0","20011130","+,,0","","","20011129",",,0","20011104",",,0","1.7",",0,27,","0",",,0,30,+","0",",,0,30,+","87.4",",,0,29,","25.0",",0,04,","233.6","0","152.3",",0","256.1",",,,0","0",",,,0","13.26",",0","17.89",",,,0","8.62",",,,0"
"USC00044500","2001-12","37.9566","-122.5447","44.2","KENTFIELD, CA US","266.1","0","0.0","2,0","17",",0","15",",0","8",",0","0",",0","0",",0","0",",0","0",",0","0","2,0","0","2,0","0","2,0","","","20011218",",,0","20011231","+,,0","20011231","+,,0","","","20011201",",,0","20011207",",2,0","2.8",",0,18,","0",",,0,31,+","0",",,0,31,+","96.3",",,0,01,","16.1","2,0,07,","475.2","0","241.6","2,0","449.7",",,,0","0",",,,0","10.02","2,0","12.90","2,,,0","7.14",",,,0"
"USC00044500","2002-01","37.9566","-122.5447","44.2","KENTFIELD, CA US","0.0","0","0.0","1,0","8",",0","6",",0","1",",0","0",",0","0",",0","0",",0","6",",0","0","1,0","0","1,0","0","1,0","4","","20020130",",,0","20020131","+,,0","20020131","+,,0","","","20020102",",,0","20020109",",1,0","-1.7",",0,30,","0",",,0,31,+","0",",,0,31,+","74.2",",,0,02,","15.6","1,0,09,","769.1","0","293.9","1,0","128.5",",,,0","0",",,,0","8.57","1,0","12.85","1,,,0","4.28",",,,0"
"USC00044500","2002-02","37.9566","-122.5447","44.2","KENTFIELD, CA US","0.0","0","0.0","1,0","8",",0","5",",0","0",",0","0",",0","0",",0","0",",0","0",",0","0","1,0","5","1,0","0","1,0","2","","20020202",",,0","20020228","+,,0","20020228","+,,0","","","20020207",",,0","20020228",",1,0","0.6",",0,02,","0",",,0,28,+","0",",,0,28,+","20.3",",,0,07,","24.4","1,0,28,","957.7","0","188.6","1,0","67.1",",,,0","0",",,,0","11.41","1,0","17.32","1,,,0","5.50",",,,0"
"USC00044500","2002-03","37.9566","-122.5447","44.2","KENTFIELD, CA US","0.0","0","0.0",",0","7",",0","6",",0","2",",0","0",",0","0",",0","0",",0","0",",0","0",",0","6",",0","0",",0","1","","20020308",",,0","20020331","+,,0","20020331","+,,0","","","20020310",",,0","20020327",",,0","0.6",",0,08,","0",",,0,31,+","0",",,0,31,+","39.9",",,0,10,","23.9",",0,27,","1163.5","0","205.8",",0","117.0",",,,0","0",",,,0","11.69",",0","17.51",",,,0","5.88",",,,0"
"USC00044500","2002-04","37.9566","-122.5447","44.2","KENTFIELD, CA US","3.6","0","3.6",",0","4",",0","2",",0","0",",0","0",",0","0",",0","0",",0","0",",0","0",",0","10",",0","0",",0","5","","20020428",",,0","20020430","+,,0","20020430","+,,0","","","20020429",",,0","20020414","+,,0","3.3",",0,28,","0",",,0,30,+","0",",,0,30,+","7.4",",,0,29,","28.3",",0,14,+","1300.5","0","137.0",",0","13.8",",,,0","0",",,,0","13.89",",0","19.86",",,,0","7.91",",,,0"
"USC00044500","2002-05","37.9566","-122.5447","44.2","KENTFIELD, CA US","12.4","0","8.8",",0","3",",0","3",",0","0",",0","0",",0","0",",0","0",",0","0",",0","0",",0","23",",0","0",",0","1","","20020512","+,,0","20020531","+,,0","20020531","+,,0","1","","20020519",",,0","20020524",",,0","5.6",",0,12,+","0",",,0,31,+","0",",,0,31,+","13.7",",,0,19,","30.0",",0,24,","1391.6","0","91.1",",0","24.9",",,,0","0",",,,0","15.68",",0","23.13",",,,0","8.23",",,,0"
"USC00044500","2002-06","37.9566","-122.5447","44.2","KENTFIELD, CA US","47.2","0","34.8",",0","0",",0","0",",0","0",",0","0",",0","0",",0","0",",0","0",",0","0",",0","30",",0","3",",0","3","","20020615",",,0","20020630","+,,0","20020630","+,,0","","","20020630","+,,0","20020605",",,0","6.7",",0,15,","0",",,0,30,+","0",",,0,30,+","0.0",",,0,30,+","34.4",",0,05,","1413.3","0","21.7",",0","0.0",",,,0","0",",,,0","18.77",",0","26.76",",,,0","10.78",",,,0"
"USC00044500","2002-07","37.9566","-122.5447","44.2","KENTFIELD, CA US","110.0","0","62.8",",0","0",",0","0",",0","0",",0","0",",0","0",",0","0",",0","0",",0","0",",0","31",",0","8",",0","4","","20020715","+,,0","20020731","+,,0","20020731","+,,0","","","20020731","+,,0","20020710",",,0","9.4",",0,15,+","0",",,0,31,+","0",",,0,31,+","0.0",",,0,31,+","39.4",",0,10,","6.0","0","6.0",",0","0.0",",,,0","0",",,,0","20.16",",0","28.55",",,,0","11.78",",,,0"
"USC00044500","2002-08","37.9566","-122.5447","44.2","KENTFIELD, CA US","164.8","0","54.8",",0","0",",0","0",",0","0",",0","0",",0","0",",0","0",",0","0",",0","0",",0","30",",0","7",",0","12","","20020822","+,,0","20020831","+,,0","20020831","+,,0","","","20020831","+,,0","20020809",",,0","8.9",",0,22,+","0",",,0,31,+","0",",,0,31,+","0.0",",,0,31,+","38.3",",0,09,","22.4","0","16.4",",0","0.0",",,,0","0",",,,0","19.57",",0","27.92",",,,0","11.22",",,,0"
"USC00044500","2002-09","37.9566","-122.5447","44.2","KENTFIELD, CA US","225.3","0","60.5",",0","0",",0","0",",0","0",",0","0",",0","0",",0","0",",0","0",",0","0",",0","29",",0","12",",0","2","","20020908",",,0","20020930","+,,0","20020930","+,,0","","","20020930","+,,0","20020902",",,0","7.8",",0,08,","0",",,0,30,+","0",",,0,30,+","0.0",",,0,30,+","36.7",",0,02,","40.5","0","18.1",",0","0.0",",,,0","0",",,,0","19.75",",0","28.75",",,,0","10.74",",,,0"
"USC00044500","2002-10","37.9566","-122.5447","44.2","KENTFIELD, CA US","246.4","0","21.1",",0","0",",0","0",",0","0",",0","0",",0","0",",0","0",",0","0",",0","0",",0","21",",0","3",",0","2","","20021031",",,0","20021031","+,,0","20021031","+,,0","","","20021031","+,,0","20021008",",,0","2.8",",0,31,","0",",,0,31,+","0",",,0,31,+","0.0",",,0,31,+","33.3",",0,08,","121.2","0","80.7",",0","0.0",",,,0","0",",,,0","16.41",",0","23.72",",,,0","9.10",",,,0"
"USC00044500","2002-11","37.9566","-122.5447","44.2","KENTFIELD, CA US","246.4","0","0.0","1,0","5",",0","4",",0","2",",0","0",",0","0",",0","0",",0","0",",0","0","1,0","7","1,0","0","1,0","5","","20021102",",,0","20021130","+,,0","20021130","+,,0","","","20021108",",,0","20021104","+,1,0","3.3",",0,02,","0",",,0,30,+","0",",,0,30,+","50.3",",,0,08,","23.3","1,0,04,+","265.1","0","143.9","1,0","100.3",",,,0","0",",,,0","13.37","1,0","19.04","1,,,0","7.70",",,,0"
"USC00044500","2002-12","37.9566","-122.5447","44.2","KENTFIELD, CA US","246.4","0","0.0",",0","18",",0","16",",0","7",",0","0",",0","0",",0","0",",0","0",",0","0",",0","0",",0","0",",0","","","20021223","+,,0","20021231","+,,0","20021231","+,,0","3","","20021213",",,0","20021202",",,0","2.8",",0,23,+","0",",,0,31,+","0",",,0,31,+","139.7",",,0,13,","17.2",",0,02,","513.0","0","247.9",",0","612.2",",,,0","0",",,,0","10.34",",0","13.77",",,,0","6.90",",,,0"
"USC00044500","2003-01","37.9566","-122.5447","44.2","KENTFIELD, CA US","0.0","0","0.0",",0","9",",0","7",",0","2",",0","0",",0","0",",0","0",",0","0",",0","0",",0","0",",0","0",",0","14","","20030101",",,0","20030131","+,,0","20030131","+,,0","","","20030110",",,0","20030128","+,,0","4.4",",0,01,","0",",,0,31,+","0",",,0,31,+","50.8",",,0,10,","18.9",",0,28,+","718.3","0","205.3",",0","147.2",",,,0","0",",,,0","11.71",",0","15.08",",,,0","8.34",",,,0"
"USC00044500","2003-02","37.9566","-122.5447","44.2","KENTFIELD, CA US","0.0","0","0.0",",0","8",",0","4",",0","2",",0","0",",0","0",",0","0",",0","2",",0","0",",0","0",",0","0",",0","2","","20030209","+,,0","20030228","+,,0","20030228","+,,0","1","","20030216",",,0","20030223",",,0","0.0",",0,09,+","0",",,0,28,+","0",",,0,28,+","54.6",",,0,16,","20.6",",0,23,","924.9","0","206.6",",0","94.6",",,,0","0",",,,0","10.96",",0","16.29",",,,0","5.62",",,,0"
"USC00044500","2003-03","37.9566","-122.5447","44.2","KENTFIELD, CA US","0.0","0","0.0","1,0","7",",0","5",",0","0",",0","0",",0","0",",0","0",",0","0",",0","0","1,0","5","1,0","0","1,0","2","","20030306","+,,0","20030331","+,,0","20030331","+,,0","","","20030315",",,0","20030330",",1,0","3.3",",0,06,+","0",",,0,31,+","0",",,0,31,+","19.3",",,0,15,","25.6","1,0,30,","1071.8","0","146.9","1,0","46.2",",,,0","0",",,,0","13.46","1,0","19.10","1,,,0","7.83",",,,0"
"USC00044500","2003-04","37.9566","-122.5447","44.2","KENTFIELD, CA US","0.0","0","0.0",",0","13",",0","9",",0","1",",0","0",",0","0",",0","0",",0","0",",0","0",",0","5",",0","0",",0","","","20030403",",,0","20030430","+,,0","20030430","+,,0","1","","20030412",",,0","20030409",",,0","2.8",",0,03,","0",",,0,30,+","0",",,0,30,+","48.8",",,0,12,","23.3",",0,09,","1258.6","0","186.8",",0","128.6",",,,0","0",",,,0","12.11",",0","17.08",",,,0","7.13",",,,0"
"USC00044500","2003-05","37.9566","-122.5447","44.2","KENTFIELD, CA US","15.3","0","15.3",",0","5",",0","2",",0","1",",0","0",",0","0",",0","0",",0","0",",0","0",",0","21",",0","0",",0","","","20030511","+,,0","20030531","+,,0","20030531","+,,0","1","","20030503",",,0","20030529","+,,0","5.6",",0,11,+","0",",,0,31,+","0",",,0,31,+","48.0",",,0,03,","31.7",",0,29,+","1337.4","0","78.8",",0","59.5",",,,0","0",",,,0","16.29",",0","23.34",",,,0","9.24",",,,0"
"USC00044500","2003-06","37.9566","-122.5447","44.2","KENTFIELD, CA US","69.3","0","54.0",",0","0",",0","0",",0","0",",0","0",",0","0",",0","0",",0","0",",0","0",",0","26",",0","6",",0","","","20030622",",,0","20030630","+,,0","20030630","+,,0","","","20030630","+,,0","20030626",",,0","7.8",",0,22,","0",",,0,30,+","0",",,0,30,+","0.0",",,0,30,+","38.3",",0,26,","1362.9","0","25.5",",0","0.0",",,,0","0",",,,0","19.28",",0","26.89",",,,0","11.68",",,,0"
"USC00044500","2003-07","37.9566","-122.5447","44.2","KENTFIELD, CA US","153.5","0","84.2",",0","0",",0","0",",0","0",",0","0",",0","0",",0","0",",0","0",",0","0",",0","31",",0","8",",0","","","20030702",",,0","20030731","+,,0","20030731","+,,0","","","20030731","+,,0","20030718",",,0","7.8",",0,02,","0",",,0,31,+","0",",,0,31,+","0.0",",,0,31,+","37.2",",0,18,","5.8","0","5.8",",0","0.0",",,,0","0",",,,0","20.86",",0","30.02",",,,0","11.70",",,,0"
"USC00044500","2003-08","37.9566","-122.5447","44.2","KENTFIELD, CA US","220.8","0","67.3",",0","1",",0","0",",0","0",",0","0",",0","0",",0","0",",0","0",",0","0",",0","31",",0","4",",0","4","","20030831","+,,0","20030831","+,,0","20030831","+,,0","1","","20030801",",,0","20030826","+,,0","10.6",",0,31,+","0",",,0,31,+","0",",,0,31,+","0.8",",,0,01,","35.0",",0,26,+","6.4","0","0.6",",0","0.8",",,,0","0",",,,0","20.49",",0","28.06",",,,0","12.91",",,,0"
"USC00044500","2003-09","37.9566","-122.5447","44.2","KENTFIELD, CA US","300.2","0","79.4",",0","1",",0","0",",0","0",",0","0",",0","0",",0","0",",0","0",",0","0",",0","30",",0","10",",0","5","","20030916",",,0","20030930","+,,0","20030930","+,,0","1","","20030903",",,0","20030922",",,0","8.3",",0,16,","0",",,0,30,+","0",",,0,30,+","0.3",",,0,03,","37.8",",0,22,","12.5","0","6.1",",0","0.3",",,,0","0",",,,0","20.78",",0","28.92",",,,0","12.64",",,,0"
"USC00044500","2003-11","37.9566","-122.5447","44.2","KENTFIELD, CA US","","","0.0","1,0","12",",0","7",",0","0",",0","0","1,0","0",",0","0",",0","1",",0","0","1,0","0","1,0","0","1,0","3","","20031123",",,0","20031130","+,1,0","20031130","+,,0","","","20031109",",,0","20031113","+,1,0","0.0",",0,23,","0","1,,0,30,+","0",",,0,30,+","22.9",",,0,09,","20.6","1,0,13,+","","","209.3","1,0","76.9",",,,0","0",",,,0","11.16","1,0","15.37","1,,,0","6.95",",,,0"
"USC00044500","2003-12","37.9566","-122.5447","44.2","KENTFIELD, CA US","","","0.0",",0","20",",0","18",",0","3",",0","0",",0","0",",0","0",",0","1",",0","0",",0","0",",0","0",",0","4","","20031227",",,0","20031231","+,,0","20031231","+,,0","","","20031229",",,0","20031202",",,0","-0.6",",0,27,","0",",,0,31,+","0",",,0,31,+","129.5",",,0,29,","16.7",",0,02,","","","262.1",",0","419.1",",,,0","0",",,,0","9.88",",0","12.98",",,,0","6.78",",,,0"
"USC00044500","2004-01","37.9566","-122.5447","44.2","KENTFIELD, CA US","0.0","0","0.0",",0","10",",0","7",",0","2",",0","0",",0","0",",0","0",",0","1",",0","0",",0","0",",0","0",",0","12","","20040104",",,0","20040131","+,,0","20040131","+,,0","","","20040101",",,0","20040122","+,,0","-0.6",",0,04,","0",",,0,31,+","0",",,0,31,+","83.8",",,0,01,","15.6",",0,22,+","","","278.9",",0","162.9",",,,0","0",",,,0","9.34",",0","12.68",",,,0","5.99",",,,0"
"USC00044500","2004-02","37.9566","-122.5447","44.2","KENTFIELD, CA US","0.0","0","0.0",",0","17",",0","12",",0","3",",0","0",",0","0",",0","0",",0","0",",0","0",",0","0",",0","0",",0","3","","20040211","+,,0","20040229","+,,0","20040229","+,,0","2","","20040216",",,0","20040210",",,0","1.7",",0,11,+","0",",,0,29,+","0",",,0,29,+","84.6",",,0,16,","18.3",",0,10,","","","226.7",",0","284.8",",,,0","0",",,,0","10.52",",0","14.92",",,,0","6.11",",,,0"
"USC00044500","2004-03","37.9566","-122.5447","44.2","KENTFIELD, CA US","12.8","0","12.8",",0","6",",0","2",",0","1",",0","0",",0","0",",0","0",",0","0",",0","0",",0","18",",0","0",",0","","","20040326",",,0","20040331","+,,0","20040331","+,,0","","","20040325",",,0","20040316",",,0","5.0",",0,26,","0",",,0,31,+","0",",,0,31,+","33.3",",,0,25,","30.0",",0,16,","","","92.7",",0","52.5",",,,0","0",",,,0","15.75",",0","22.95",",,,0","8.55",",,,0"
"USC00044500","2004-04","37.9566","-122.5447","44.2","KENTFIELD, CA US","27.3","0","14.5",",0","5",",0","2",",0","1",",0","0",",0","0",",0","0",",0","0",",0","0",",0","17",",0","2",",0","2","","20040416",",,0","20040430","+,,0","20040430","+,,0","","","20040420",",,0","20040427",",,0","4.4",",0,16,","0",",,0,30,+","0",",,0,30,+","37.8",",,0,20,","33.3",",0,27,","","","107.8",",0","42.9",",,,0","0",",,,0","15.22",",0","22.00",",,,0","8.45",",,,0"
"USC00044500","2004-05","37.9566","-122.5447","44.2","KENTFIELD, CA US","35.1","0","7.8",",0","1",",0","1",",0","0",",0","0",",0","0",",0","0",",0","0",",0","0",",0","21",",0","1",",0","","","20040524","+,,0","20040531","+,,0","20040531","+,,0","","","20040528",",,0","20040503",",,0","7.8",",0,24,+","0",",,0,31,+","0",",,0,31,+","2.5",",,0,28,","32.2",",0,03,","","","61.8",",0","2.5",",,,0","0",",,,0","16.59",",0","23.01",",,,0","10.16",",,,0"
"USC00044500","2004-06","37.9566","-122.5447","44.2","KENTFIELD, CA US","63.0","0","27.9",",0","0",",0","0",",0","0",",0","0",",0","0",",0","0",",0","0",",0","0",",0","29",",0","5",",0","","","20040611","+,,0","20040630","+,,0","20040630","+,,0","","","20040630","+,,0","20040616",",,0","8.9",",0,11,+","0",",,0,30,+","0",",,0,30,+","0.0",",,0,30,+","35.6",",0,16,","","","19.8",",0","0.0",",,,0","0",",,,0","18.60",",0","25.83",",,,0","11.37",",,,0"
"USC00044500","2004-07","37.9566","-122.5447","44.2","KENTFIELD, CA US","112.5","0","49.5",",0","0",",0","0",",0","0",",0","0",",0","0",",0","0",",0","0",",0","0",",0","31",",0","0",",0","2","","20040712",",,0","20040731","+,,0","20040731","+,,0","","","20040731","+,,0","20040722",",,0","8.9",",0,12,","0",",,0,31,+","0",",,0,31,+","0.0",",,0,31,+","31.1",",0,22,","2.8","0","2.8",",0","0.0",",,,0","0",",,,0","19.84",",0","27.43",",,,0","12.25",",,,0"
"USC00044500","2004-08","37.9566","-122.5447","44.2","KENTFIELD, CA US","185.9","0","73.4",",0","0",",0","0",",0","0",",0","0",",0","0",",0","0",",0","0",",0","0",",0","31",",0","6",",0","","","20040803",",,0","20040831","+,,0","20040831","+,,0","","","20040831","+,,0","20040828",",,0","10.0",",0,03,","0",",,0,31,+","0",",,0,31,+","0.0",",,0,31,+","35.6",",0,28,","3.4","0","0.6",",0","0.0",",,,0","0",",,,0","20.68",",0","28.53",",,,0","12.83",",,,0"
"USC00044500","2004-09","37.9566","-122.5447","44.2","KENTFIELD, CA US","277.8","0","91.9",",0","1",",0","1",",0","0",",0","0",",0","0",",0","0",",0","0",",0","0",",0","26",",0","9",",0","","","20040926","+,,0","20040930","+,,0","20040930","+,,0","","","20040919",",,0","20040909","+,,0","8.3",",0,26,+","0",",,0,30,+","0",",,0,30,+","4.3",",,0,19,","36.7",",0,09,+","15.9","0","12.5",",0","4.3",",,,0","0",",,,0","20.98",",0","29.56",",,,0","12.39",",,,0"
"USC00044500","2004-10","37.9566","-122.5447","44.2","KENTFIELD, CA US","297.2","0","19.4",",0","7",",0","6",",0","2",",0","0",",0","0",",0","0",",0","0",",0","0",",0","15",",0","1",",0","","","20041028",",,0","20041031","+,,0","20041031","+,,0","1","","20041026",",,0","20041012",",,0","4.4",",0,28,","0",",,0,31,+","0",",,0,31,+","43.9",",,0,26,","32.2",",0,12,","115.4","0","99.5",",0","108.3",",,,0","0",",,,0","15.75",",0","21.77",",,,0","9.73",",,,0"
"USC00044500","2004-11","37.9566","-122.5447","44.2","KENTFIELD, CA US","297.2","0","0.0",",0","8",",0","5",",0","1",",0","0",",0","0",",0","0",",0","0",",0","0",",0","1",",0","0",",0","3","","20041130",",,0","20041130","+,,0","20041130","+,,0","1","","20041127",",,0","20041102",",,0","0.6",",0,30,","0",",,0,30,+","0",",,0,30,+","26.7",",,0,27,","21.1",",0,02,","311.1","0","195.7",",0","75.4",",,,0","0",",,,0","11.81",",0","16.55",",,,0","7.06",",,,0"
"USC00044500","2004-12","37.9566","-122.5447","44.2","KENTFIELD, CA US","297.2","0","0.0",",0","10",",0","10",",0","4",",0","0",",0","0",",0","0",",0","1",",0","0",",0","0",",0","0",",0","9","","20041204",",,0","20041231","+,,0","20041231","+,,0","","","20041227",",,0","20041223",",,0","-0.6",",0,04,","0",",,0,31,+","0",",,0,31,+","152.7",",,0,27,","17.8",",0,23,","576.5","0","265.4",",0","402.6",",,,0","0",",,,0","9.77",",0","13.83",",,,0","5.72",",,,0"
"USC00044500","2005-01","37.9566","-122.5447","44.2","KENTFIELD, CA US","0.0","0","0.0",",0","13",",0","10",",0","3",",0","0",",0","0",",0","0",",0","0",",0","0",",0","0",",0","0",",0","14","","20050114",",,0","20050131","+,,0","20050131","+,,0","","","20050107",",,0","20050131","+,,0","1.1",",0,14,","0",",,0,31,+","0",",,0,31,+","41.9",",,0,07,","16.1",",0,31,+","886.8","0","310.3",",0","178.4",",,,0","0",",,,0","8.32",",0","11.54",",,,0","5.11",",,,0"
"USC00044500","2005-02","37.9566","-122.5447","44.2","KENTFIELD, CA US","0.0","0","0.0",",0","12",",0","9",",0","3",",0","0",",0","0",",0","0",",0","0",",0","0",",0","2",",0","0",",0","1","","20050203",",,0","20050228","+,,0","20050228","+,,0","2","","20050215",",,0","20050202",",,0","3.9",",0,03,","0",",,0,28,+","0",",,0,28,+","36.8",",,0,15,","21.7",",0,02,","1065.1","0","178.3",",0","176.7",",,,0","0",",,,0","11.97",",0","16.20",",,,0","7.73",",,,0"
"USC00044500","2005-03","37.9566","-122.5447","44.2","KENTFIELD, CA US","2.0","0","2.0",",0","11",",0","11",",0","3",",0","0",",0","0",",0","0",",0","0",",0","0",",0","11",",0","0",",0","3","","20050331","+,,0","20050331","+,,0","20050331","+,,0","","","20050322",",,0","20050312",",,0","4.4",",0,31,+","0",",,0,31,+","0",",,0,31,+","65.3",",,0,22,","28.3",",0,12,","1218.4","0","153.3",",0","210.1",",,,0","0",",,,0","13.45",",0","19.07",",,,0","7.83",",,,0"
"USC00044500","2005-04","37.9566","-122.5447","44.2","KENTFIELD, CA US","2.0","0","0.0",",0","7",",0","6",",0","1",",0","0",",0","0",",0","0",",0","0",",0","0",",0","8",",0","0",",0","","","20050405",",,0","20050430","+,,0","20050430","+,,0","","","20050408",",,0","20050422",",,0","3.9",",0,05,","0",",,0,30,+","0",",,0,30,+","28.2",",,0,08,","23.9",",0,22,","1362.6","0","144.2",",0","84.2",",,,0","0",",,,0","13.53",",0","19.38",",,,0","7.68",",,,0"
"USC00044500","2005-05","37.9566","-122.5447","44.2","KENTFIELD, CA US","6.1","0","4.1",",0","7",",0","6",",0","3",",0","0",",0","0",",0","0",",0","0",",0","0",",0","19",",0","0",",0","1","","20050511",",,0","20050531","+,,0","20050531","+,,0","","","20050518",",,0","20050525",",,0","7.8",",0,11,","0",",,0,31,+","0",",,0,31,+","40.9",",,0,18,","30.0",",0,25,","1428.8","0","66.2",",0","128.8",",,,0","0",",,,0","16.33",",0","21.91",",,,0","10.75",",,,0"
"USC00044500","2005-06","37.9566","-122.5447","44.2","KENTFIELD, CA US","19.1","0","13.0",",0","4",",0","3",",0","0",",0","0",",0","0",",0","0",",0","0",",0","0",",0","25",",0","0",",0","1","","20050615",",,0","20050630","+,,0","20050630","+,,0","","","20050616",",,0","20050613",",,0","8.3",",0,15,","0",",,0,30,+","0",",,0,30,+","13.2",",,0,16,","31.7",",0,13,","1470.4","0","41.6",",0","25.6",",,,0","0",",,,0","17.38",",0","23.60",",,,0","11.16",",,,0"
"USC00044500","2005-07","37.9566","-122.5447","44.2","KENTFIELD, CA US","93.6","0","74.5",",0","0",",0","0",",0","0",",0","0",",0","0",",0","0",",0","0",",0","0",",0","31",",0","7",",0","1","","20050703",",,0","20050731","+,,0","20050731","+,,0","","","20050731","+,,0","20050724",",,0","9.4",",0,03,","0",",,0,31,+","0",",,0,31,+","0.0",",,0,31,+","38.3",",0,24,","2.0","0","2.0",",0","0.0",",,,0","0",",,,0","20.67",",0","29.16",",,,0","12.18",",,,0"
"USC00044500","2005-08","37.9566","-122.5447","44.2","KENTFIELD, CA US","132.9","0","39.3",",0","0",",0","0",",0","0",",0","0",",0","0",",0","0",",0","0",",0","0",",0","31",",0","3",",0","1","","20050826",",,0","20050831","+,,0","20050831","+,,0","","","20050831","+,,0","20050831",",,0","8.3",",0,26,","0",",,0,31,+","0",",,0,31,+","0.0",",,0,31,+","33.9",",0,31,","10.1","0","8.1",",0","0.0",",,,0","0",",,,0","19.34",",0","27.76",",,,0","10.92",",,,0"
"USC00044500","2005-09","37.9566","-122.5447","44.2","KENTFIELD, CA US","151.9","0","19.0",",0","2",",0","0",",0","0",",0","0",",0","0",",0","0",",0","0",",0","0",",0","26",",0","4",",0","1","","20050925",",,0","20050930","+,,0","20050930","+,,0","1","","20050921","+,,0","20050929",",,0","6.7",",0,25,","0",",,0,30,+","0",",,0,30,+","0.5",",,0,21,+","33.3",",0,29,","50.2","0","40.1",",0","1.0",",,,0","0",",,,0","17.63",",0","25.56",",,,0","9.71",",,,0"
"USC00044500","2005-10","37.9566","-122.5447","44.2","KENTFIELD, CA US","163.2","0","11.3",",0","3",",0","2",",0","0",",0","0",",0","0",",0","0",",0","0",",0","0",",0","22",",0","0",",0","6","","20051031",",,0","20051031","+,,0","20051031","+,,0","","","20051029",",,0","20051001",",,0","6.1",",0,31,","0",",,0,31,+","0",",,0,31,+","6.6",",,0,29,","31.1",",0,01,","111.7","0","61.5",",0","12.7",",,,0","0",",,,0","16.71",",0","23.72",",,,0","9.70",",,,0"
"USC00044500","2005-11","37.9566","-122.5447","44.2","KENTFIELD, CA US","163.7","0","0.5",",0","6",",0","4",",0","1",",0","0",",0","0",",0","0",",0","0",",0","0",",0","7",",0","0",",0","2","","20051127",",,0","20051130","+,,0","20051130","+,,0","","","20051129",",,0","20051115","+,,0","1.7",",0,27,","0",",,0,30,+","0",",,0,30,+","31.8",",,0,29,","23.3",",0,15,+","254.9","0","143.2",",0","73.5",",,,0","0",",,,0","13.58",",0","18.70",",,,0","8.45",",,,0"
"USC00044500","2005-12","37.9566","-122.5447","44.2","KENTFIELD, CA US","163.7","0","0.0",",0","18",",0","14",",0","9",",0","0",",0","0",",0","0",",0","1",",0","0",",0","0",",0","0",",0","7","","20051206",",,0","20051231","+,,0","20051231","+,,0","","","20051231",",,0","20051209",",,0","0.0",",0,06,","0",",,0,31,+","0",",,0,31,+","186.4",",,0,31,","17.8",",0,09,","490.1","0","235.2",",0","724.9",",,,0","0",",,,0","10.75",",0","14.02",",,,0","7.47",",,,0"
"USC00044500","2006-01","37.9566","-122.5447","44.2","KENTFIELD, CA US","0.0","0","0.0",",0","15",",0","10",",0","4",",0","0",",0","0",",0","0",",0","0",",0","0",",0","0",",0","0",",0","3","","20060120",",,0","20060131","+,,0","20060131","+,,0","","","20060104",",,0","20060123",",,0","1.7",",0,20,","0",",,0,31,+","0",",,0,31,+","39.6",",,0,04,","18.3",",0,23,","740.7","0","250.6",",0","197.6",",,,0","0",",,,0","10.25",",0","14.06",",,,0","6.44",",,,0"
"USC00044500","2006-02","37.9566","-122.5447","44.2","KENTFIELD, CA US","0.0","0","0.0","1,0","10",",0","7",",0","1",",0","0",",0","0",",0","0",",0","2",",0","0","1,0","8","1,0","0","1,0","1","","20060216",",,0","20060228","+,,0","20060228","+,,0","1","","20060227",",,0","20060213","+,1,0","-1.1",",0,16,","0",",,0,28,+","0",",,0,28,+","58.4",",,0,27,","22.8","1,0,13,+","937.0","0","196.3","1,0","106.5",",,,0","0",",,,0","11.08","1,0","17.01","1,,,0","5.15",",,,0"
"USC00044500","2006-03","37.9566","-122.5447","44.2","KENTFIELD, CA US","0.0","0","0.0","1,0","22",",0","20",",0","3",",0","0",",0","0",",0","0",",0","0",",0","0","1,0","0","1,0","0","1,0","1","","20060313",",,0","20060331","+,,0","20060331","+,,0","","","20060325",",,0","20060324","+,1,0","0.6",",0,13,","0",",,0,31,+","0",",,0,31,+","47.5",",,0,25,","17.8","1,0,24,+","1193.3","0","256.3","1,0","343.9",",,,0","0",",,,0","9.75","1,0","13.95","1,,,0","5.55",",,,0"
"USC00044500","2006-04","37.9566","-122.5447","44.2","KENTFIELD, CA US","0.0","0","0.0",",0","15",",0","10",",0","4",",0","0",",0","0",",0","0",",0","0",",0","0",",0","9",",0","0",",0","","","20060417",",,0","20060430","+,,0","20060430","+,,0","","","20060412",",,0","20060430",",,0","3.9",",0,17,","0",",,0,30,+","0",",,0,30,+","61.7",",,0,12,","27.8",",0,30,","1346.5","0","153.2",",0","212.6",",,,0","0",",,,0","13.23",",0","18.28",",,,0","8.17",",,,0"
"USC00044500","2006-05","37.9566","-122.5447","44.2","KENTFIELD, CA US","11.1","0","11.1",",0","6",",0","1",",0","0",",0","0",",0","0",",0","0",",0","0",",0","0",",0","23",",0","2",",0","","","20060529","+,,0","20060531","+,,0","20060531","+,,0","","","20060521",",,0","20060515",",,0","6.7",",0,29,+","0",",,0,31,+","0",",,0,31,+","4.3",",,0,21,","33.3",",0,15,","1408.7","0","62.2",",0","9.9",",,,0","0",",,,0","16.68",",0","24.02",",,,0","9.35",",,,0"
"USC00044500","2006-06","37.9566","-122.5447","44.2","KENTFIELD, CA US","75.1","0","64.0",",0","0",",0","0",",0","0",",0","0",",0","0",",0","0",",0","0",",0","0",",0","27",",0","6",",0","","","20060609",",,0","20060630","+,,0","20060630","+,,0","1","","20060628",",,0","20060623",",,0","8.9",",0,09,","0",",,0,30,+","0",",,0,30,+","0.0",",T,0,28,","37.2",",0,23,","1425.2","0","16.5",",0","0.0",",T,,0","0",",,,0","19.92",",0","27.77",",,,0","12.06",",,,0"
"USC00044500","2006-07","37.9566","-122.5447","44.2","KENTFIELD, CA US","201.5","0","126.4",",0","0",",0","0",",0","0",",0","0",",0","0",",0","0",",0","0",",0","0",",0","31",",0","16",",0","1","","20060707",",,0","20060731","+,,0","20060731","+,,0","","","20060731","+,,0","20060723",",,0","9.4",",0,07,","0",",,0,31,+","0",",,0,31,+","0.0",",,0,31,+","43.3",",0,23,","1.6","0","1.6",",0","0.0",",,,0","0",",,,0","22.36",",0","31.72",",,,0","13.00",",,,0"
"USC00044500","2006-08","37.9566","-122.5447","44.2","KENTFIELD, CA US","225.3","0","23.8",",0","0",",0","0",",0","0",",0","0",",0","0",",0","0",",0","0",",0","0",",0","31",",0","2",",0","","","20060830",",,0","20060831","+,,0","20060831","+,,0","","","20060831","+,,0","20060809",",,0","8.3",",0,30,","0",",,0,31,+","0",",,0,31,+","0.0",",,0,31,+","36.7",",0,09,","14.2","0","12.6",",0","0.0",",,,0","0",",,,0","18.69",",0","26.67",",,,0","10.72",",,,0"
"USC00044500","2006-09","37.9566","-122.5447","44.2","KENTFIELD, CA US","262.9","0","37.6",",0","0",",0","0",",0","0",",0","0",",0","0",",0","0",",0","0",",0","0",",0","27",",0","4",",0","1","","20060916","+,,0","20060930","+,,0","20060930","+,,0","","","20060930","+,,0","20060913",",,0","7.8",",0,16,+","0",",,0,30,+","0",",,0,30,+","0.0",",,0,30,+","35.6",",0,13,","40.5","0","26.3",",0","0.0",",,,0","0",",,,0","18.71",",0","27.25",",,,0","10.17",",,,0"
"USC00044500","2006-10","37.9566","-122.5447","44.2","KENTFIELD, CA US","265.4","0","2.5",",0","3",",0","1",",0","0",",0","0",",0","0",",0","0",",0","0",",0","0",",0","20",",0","0",",0","2","","20061030",",,0","20061031","+,,0","20061031","+,,0","","","20061005",",,0","20061022","+,,0","4.4",",0,30,","0",",,0,31,+","0",",,0,31,+","13.0",",,0,05,","28.3",",0,22,+","120.5","0","80.0",",0","14.3",",,,0","0",",,,0","15.83",",0","22.85",",,,0","8.82",",,,0"
"USC00044500","2006-11","37.9566","-122.5447","44.2","KENTFIELD, CA US","265.4","0","0.0",",0","9",",0","7",",0","2",",0","0",",0","0",",0","0",",0","1",",0","0",",0","3",",0","0",",0","7","","20061130",",,0","20061130","+,,0","20061130","+,,0","","","20061102",",,0","20061107","+,,0","0.0",",0,30,","0",",,0,30,+","0",",,0,30,+","45.7",",,0,02,","23.3",",0,07,+","295.8","0","175.3",",0","116.0",",,,0","0",",,,0","12.49",",0","16.91",",,,0","8.06",",,,0"
"USC00044500","2006-12","37.9566","-122.5447","44.2","KENTFIELD, CA US","265.4","0","0.0",",0","11",",0","8",",0","4",",0","0",",0","0",",0","0",",0","4",",0","0",",0","0",",0","0",",0","1","","20061219",",,0","20061231","+,,0","20061231","+,,0","","","20061210",",,0","20061214",",,0","-1.7",",0,19,","0",",,0,31,+","0",",,0,31,+","37.1",",,0,10,","17.2",",0,14,","571.2","0","275.4",",0","175.0",",,,0","0",",,,0","9.45",",0","13.85",",,,0","5.04",",,,0"
"USC00044500","2007-01","37.9566","-122.5447","44.2","KENTFIELD, CA US","0.0","0","0.0",",0","5",",0","2",",0","0",",0","0",",0","0",",0","0",",0","5",",0","0",",0","0",",0","0",",0","1","","20070115","+,,0","20070131","+,,0","20070131","+,,0","","","20070127",",,0","20070121",",,0","-2.2",",0,15,+","0",",,0,31,+","0",",,0,31,+","3.3",",,0,27,","18.9",",0,21,","875.0","0","303.8",",0","8.9",",,,0","0",",,,0","8.53",",0","13.86",",,,0","3.20",",,,0"
"USC00044500","2007-02","37.9566","-122.5447","44.2","KENTFIELD, CA US","0.0","0","0.0",",0","15",",0","14",",0","5",",0","0",",0","0",",0","0",",0","0",",0","0",",0","3",",0","0",",0","1","","20070227",",,0","20070228","+,,0","20070228","+,,0","2","","20070209",",,0","20070217",",,0","0.6",",0,27,","0",",,0,28,+","0",",,0,28,+","76.5",",,0,09,","24.4",",0,17,","1080.3","0","205.3",",0","294.9",",,,0","0",",,,0","11.00",",0","15.22",",,,0","6.79",",,,0"
"USC00044500","2007-03","37.9566","-122.5447","44.2","KENTFIELD, CA US","0.3","0","0.3",",0","4",",0","1",",0","0",",0","0",",0","0",",0","0",",0","0",",0","0",",0","15",",0","0",",0","","","20070301",",,0","20070331","+,,0","20070331","+,,0","","","20070326",",,0","20070317",",,0","2.8",",0,01,","0",",,0,31,+","0",",,0,31,+","8.4",",,0,26,","27.8",",0,17,","1215.0","0","134.7",",0","10.5",",,,0","0",",,,0","14.00",",0","21.07",",,,0","6.92",",,,0"
"USC00044500","2007-04","37.9566","-122.5447","44.2","KENTFIELD, CA US","2.2","0","1.9",",0","5",",0","4",",0","1",",0","0",",0","0",",0","0",",0","0",",0","0",",0","15",",0","0",",0","1","","20070403",",,0","20070430","+,,0","20070430","+,,0","","","20070422",",,0","20070428",",,0","4.4",",0,03,","0",",,0,30,+","0",",,0,30,+","50.0",",,0,22,","29.4",",0,28,","1338.2","0","123.2",",0","68.6",",,,0","0",",,,0","14.29",",0","20.80",",,,0","7.78",",,,0"
"USC00044500","2007-05","37.9566","-122.5447","44.2","KENTFIELD, CA US","21.4","0","19.2",",0","2",",0","2",",0","0",",0","0",",0","0",",0","0",",0","0",",0","0",",0","18",",0","1",",0","1","","20070513",",,0","20070531","+,,0","20070531","+,,0","","","20070504",",,0","20070508",",,0","5.0",",0,13,","0",",,0,31,+","0",",,0,31,+","16.8",",,0,04,","32.8",",0,08,","1418.8","0","80.6",",0","20.6",",,,0","0",",,,0","16.35",",0","23.27",",,,0","9.43",",,,0"
"USC00044500","2007-06","37.9566","-122.5447","44.2","KENTFIELD, CA US","56.3","0","34.9",",0","0",",0","0",",0","0",",0","0",",0","0",",0","0",",0","0",",0","0",",0","27",",0","5",",0","","","20070608",",,0","20070630","+,,0","20070630","+,,0","","","20070630","+,,0","20070615","+,,0","6.7",",0,08,","0",",,0,30,+","0",",,0,30,+","0.0",",,0,30,+","36.7",",0,15,+","1444.7","0","25.9",",0","0.0",",,,0","0",",,,0","18.63",",0","26.81",",,,0","10.45",",,,0"
"USC00044500","2007-07","37.9566","-122.5447","44.2","KENTFIELD, CA US","115.7","0","59.4",",0","0",",0","0",",0","0",",0","0",",0","0",",0","0",",0","0",",0","0",",0","31",",0","3",",0","4","","20070729","+,,0","20070731","+,,0","20070731","+,,0","","","20070711",",,0","20070705","+,,0","10.6",",0,29,+","0",",,0,31,+","0",",,0,31,+","0.0",",T,0,11,","35.0",",0,05,+","2.7","0","2.7",",0","0.0",",T,,0","0",",,,0","20.16",",0","27.69",",,,0","12.64",",,,0"
"USC00044500","2007-08","37.9566","-122.5447","44.2","KENTFIELD, CA US","175.8","0","60.1",",0","0",",0","0",",0","0",",0","0",",0","0",",0","0",",0","0",",0","0",",0","30",",0","4",",0","2","","20070814",",,0","20070831","+,,0","20070831","+,,0","","","20070831","+,,0","20070830",",,0","8.3",",0,14,","0",",,0,31,+","0",",,0,31,+","0.0",",,0,31,+","36.7",",0,30,","8.6","0","5.9",",0","0.0",",,,0","0",",,,0","20.08",",0","28.05",",,,0","12.11",",,,0"
"USC00044500","2007-09","37.9566","-122.5447","44.2","KENTFIELD, CA US","","","","","2",",0","0",",0","0",",0","0",",0","0",",0","0",",0","0",",0","","","","","","","","","20070930",",,0","20070930","+,,0","20070930","+,,0","1","","20070922",",,0","","","6.7",",0,30,","0",",,0,30,+","0",",,0,30,+","1.3",",,0,22,","","","","","","","2.1",",,,0","0",",,,0","","","","","11.94",",,,0"
"USC00044500","2007-10","37.9566","-122.5447","44.2","KENTFIELD, CA US","","","","","8",",0","4",",0","2",",0","0",",0","0",",0","0",",0","0",",0","","","","","","","5","","20071006",",,0","20071031","+,,0","20071031","+,,0","","","20071010",",,0","","","5.6",",0,06,","0",",,0,31,+","0",",,0,31,+","38.9",",,0,10,","","","","","","","88.0",",,,0","0",",,,0","","","","","9.45",",,,0"
"USC00044500","2007-11","37.9566","-122.5447","44.2","KENTFIELD, CA US","","","0.0","4,0","3",",0","2",",0","0",",0","0",",0","0",",0","0",",0","0",",0","0","4,0","5","4,0","0","4,0","5","","20071122",",,0","20071130","+,,0","20071130","+,,0","","","20071111",",,0","20071103",",4,0","1.7",",0,22,","0",",,0,30,+","0",",,0,30,+","14.7",",,0,11,","25.6","4,0,03,","","","146.7","4,0","20.6",",,,0","0",",,,0","12.65","4,0","18.36","4,,,0","6.93",",,,0"
"USC00044500","2007-12","37.9566","-122.5447","44.2","KENTFIELD, CA US","","","0.0","3,0","10",",0","9",",0","2",",0","0",",0","0",",0","0",",0","3",",0","0","3,0","0","3,0","0","3,0","2","","20071231","+,,0","20071231","+,,0","20071231","+,,0","","","20071218",",,0","20071205",",3,0","-0.6",",0,31,+","0",",,0,31,+","0",",,0,31,+","65.5",",,0,18,","17.2","3,0,05,","","","274.3","3,0","199.6",",,,0","0",",,,0","8.57","3,0","12.59","3,,,0","4.56",",,,0"
"USC00044500","2008-01","37.9566","-122.5447","44.2","KENTFIELD, CA US","0.0","0","0.0","2,0","20",",0","17",",0","6",",0","0",",0","0",",0","0",",0","0",",0","0","2,0","0","2,0","0","2,0","6","","20080129",",,0","20080131","+,,0","20080131","+,,0","1","","20080104",",,0","20080116",",2,0","0.6",",0,29,","0",",,0,31,+","0",",,0,31,+","95.8",",,0,04,","15.6","2,0,16,","","","299.8","2,0","444.3",",,,0","0",",,,0","7.96","2,0","11.23","2,,,0","4.69",",,,0"
"USC00044500","2008-02","37.9566","-122.5447","44.2","KENTFIELD, CA US","0.0","0","0.0","4,0","10",",0","9",",0","2",",0","0",",0","0",",0","0",",0","0",",0","0","4,0","2","4,0","0","4,0","5","","20080205",",,0","20080229","+,,0","20080229","+,,0","","","20080203",",,0","20080228",",4,0","2.2",",0,05,","0",",,0,29,+","0",",,0,29,+","58.4",",,0,03,","22.2","4,0,28,","","","200.2","4,0","145.2",",,,0","0",",,,0","10.33","4,0","15.52","4,,,0","5.14",",,,0"
"USC00044500","2008-03","37.9566","-122.5447","44.2","KENTFIELD, CA US","","","","","3",",0","1",",0","0",",0","0",",0","0",",0","0",",0","0",",0","","","","","","","","","20080331",",,0","20080331","+,,0","20080331","+,,0","1","","20080315",",,0","","","1.1",",0,31,","0",",,0,31,+","0",",,0,31,+","3.6",",,0,15,","","","","","","","6.4",",,,0","0",",,,0","","","","","5.78",",,,0"
"USC00044500","2008-04","37.9566","-122.5447","44.2","KENTFIELD, CA US","","","","","1",",0","1",",0","0",",0","0",",0","0",",0","0",",0","0",",0","","","","","","","1","","20080420",",,0","20080430","+,,0","20080430","+,,0","","","20080423",",,0","","","3.3",",0,20,","0",",,0,30,+","0",",,0,30,+","7.4",",,0,23,","","","","","","","7.4",",,,0","0",",,,0","","","","","6.32",",,,0"
"USC00044500","2008-05","37.9566","-122.5447","44.2","KENTFIELD, CA US","","","","","1",",0","0",",0","0",",0","0",",0","0",",0","0",",0","0",",0","","","","","","","1","","20080509","+,,0","20080531","+,,0","20080531","+,,0","","","20080524",",,0","","","5.6",",0,09,+","0",",,0,31,+","0",",,0,31,+","0.5",",,0,24,","","","","","","","0.5",",,,0","0",",,,0","","","","","9.26",",,,0"
"USC00044500","2008-06","37.9566","-122.5447","44.2","KENTFIELD, CA US","","","","","0",",0","0",",0","0",",0","0",",0","0",",0","0",",0","0",",0","","","","","","","","","20080617",",,0","20080630","+,,0","20080630","+,,0","","","20080630","+,,0","","","6.1",",0,17,","0",",,0,30,+","0",",,0,30,+","0.0",",,0,30,+","","","","","","","0.0",",,,0","0",",,,0","","","","","10.47",",,,0"
"USC00044500","2008-07","37.9566","-122.5447","44.2","KENTFIELD, CA US","","","","","0",",0","0",",0","0",",0","0",",0","0",",0","0",",0","0",",0","","","","","","","","","20080719",",,0","20080731","+,,0","20080731","+,,0","","","20080731","+,,0","","","8.3",",0,19,","0",",,0,31,+","0",",,0,31,+","0.0",",,0,31,+","","","","","","","0.0",",,,0","0",",,,0","","","","","11.71",",,,0"
"USC00044500","2008-08","37.9566","-122.5447","44.2","KENTFIELD, CA US","","","","","0",",0","0",",0","0",",0","0",",0","0",",0","0",",0","0",",0","","","","","","","","","20080809","+,,0","20080831","+,,0","20080831","+,,0","","","20080831","+,,0","","","8.9",",0,09,+","0",",,0,31,+","0",",,0,31,+","0.0",",,0,31,+","","","","","","","0.0",",,,0","0",",,,0","","","","","12.07",",,,0"
"USC00044500","2008-09","37.9566","-122.5447","44.2","KENTFIELD, CA US","","","","","0",",0","0",",0","0",",0","0",",0","0",",0","0",",0","0",",0","","","","","","","","","20080918",",,0","20080930","+,,0","20080930","+,,0","","","20080930","+,,0","","","7.8",",0,18,","0",",,0,30,+","0",",,0,30,+","0.0",",,0,30,+","","","","","","","0.0",",,,0","0",",,,0","","","","","10.79",",,,0"
"USC00044500","2008-10","37.9566","-122.5447","44.2","KENTFIELD, CA US","","","","","3",",0","2",",0","0",",0","0",",0","0",",0","0",",0","0",",0","","","","","","","4","","20081029",",,0","20081031","+,,0","20081031","+,,0","","","20081004",",,0","","","5.6",",0,29,","0",",,0,31,+","0",",,0,31,+","21.6",",,0,04,","","","","","","","43.4",",,,0","0",",,,0","","","","","10.07",",,,0"
"USC00044500","2008-11","37.9566","-122.5447","44.2","KENTFIELD, CA US","","","","","6",",0","5",",0","2",",0","0",",0","0",",0","0","1,0","0","1,0","0","5,0","4","5,0","0","5,0","6","","20081122","+,1,0","20081130","+,,0","20081130","+,,0","","","20081101",",,0","20081114",",5,0","4.4","1,0,22,+","0",",,0,30,+","0",",,0,30,+","56.1",",,0,01,","25.0","5,0,14,","","","","","117.5",",,,0","0",",,,0","13.34","6,0","17.82","5,,,0","8.86","1,,,0"
"USC00044500","2008-12","37.9566","-122.5447","44.2","KENTFIELD, CA US","","","","","9",",0","9",",0","1",",0","0",",0","0",",0","0",",0","2",",0","","","","","","","8","","20081220","+,,0","20081231","+,,0","20081231","+,,0","2","","20081225",",,0","","","-0.6",",0,20,+","0",",,0,31,+","0",",,0,31,+","29.7",",,0,25,","","","","","","","110.0",",,,0","0",",,,0","","","","","4.10",",,,0"
"USC00044500","2009-01","37.9566","-122.5447","44.2","KENTFIELD, CA US","","","","","7",",0","4",",0","0",",0","0",",0","0",",0","0",",0","2",",0","","","","","","","3","","20090104",",,0","20090131","+,,0","20090131","+,,0","","","20090122",",,0","","","-1.7",",0,04,","0",",,0,31,+","0",",,0,31,+","10.2",",,0,22,","","","","","","","19.4",",,,0","0",",,,0","","","","","5.16",",,,0"
"USC00044500","2009-02","37.9566","-122.5447","44.2","KENTFIELD, CA US","","","","","17",",0","13",",0","8",",0","0",",0","0",",0","0",",0","0",",0","","","","","","","","","20090210",",,0","20090228","+,,0","20090228","+,,0","","","20090222",",,0","","","1.1",",0,10,","0",",,0,28,+","0",",,0,28,+","59.2",",,0,22,","","","","","","","373.8",",,,0","0",",,,0","","","","","5.80",",,,0"
"USC00044500","2009-03","37.9566","-122.5447","44.2","KENTFIELD, CA US","","","","","8",",0","6",",0","2",",0","0",",0","0",",0","0",",0","1",",0","","","","","","","1","","20090310",",,0","20090331","+,,0","20090331","+,,0","2","","20090305",",,0","","","0.0",",0,10,","0",",,0,31,+","0",",,0,31,+","33.0",",,0,05,","","","","","","","100.3",",,,0","0",",,,0","","","","","6.44",",,,0"
"USC00044500","2009-04","37.9566","-122.5447","44.2","KENTFIELD, CA US","","","","","4",",0","2",",0","0",",0","0",",0","0",",0","0",",0","0",",0","","","","","","","","","20090405","+,,0","20090430","+,,0","20090430","+,,0","","","20090408",",,0","","","2.2",",0,05,+","0",",,0,30,+","0",",,0,30,+","8.9",",,0,08,","","","","","","","20.8",",,,0","0",",,,0","","","","","7.27",",,,0"
"USC00044500","2009-05","37.9566","-122.5447","44.2","KENTFIELD, CA US","","","","","5",",0","4",",0","1",",0","0",",0","0",",0","0",",0","0",",0","","","","","","","4","","20090521",",,0","20090531","+,,0","20090531","+,,0","","","20090502",",,0","","","6.1",",0,21,","0",",,0,31,+","0",",,0,31,+","32.8",",,0,02,","","","","","","","66.1",",,,0","0",",,,0","","","","","9.36",",,,0"
"USC00044500","2009-06","37.9566","-122.5447","44.2","KENTFIELD, CA US","","","","","1",",0","0",",0","0",",0","0",",0","0",",0","0",",0","0",",0","","","","","","","","","20090626",",,0","20090630","+,,0","20090630","+,,0","","","20090603",",,0","","","8.3",",0,26,","0",",,0,30,+","0",",,0,30,+","0.3",",,0,03,","","","","","","","0.3",",,,0","0",",,,0","","","","","11.13",",,,0"
"USC00044500","2009-07","37.9566","-122.5447","44.2","KENTFIELD, CA US","","","","","0",",0","0",",0","0",",0","0",",0","0",",0","0",",0","0",",0","","","","","","","","","20090716","+,,0","20090731","+,,0","20090731","+,,0","","","20090731","+,,0","","","8.9",",0,16,+","0",",,0,31,+","0",",,0,31,+","0.0",",,0,31,+","","","","","","","0.0",",,,0","0",",,,0","","","","","10.73",",,,0"
"USC00044500","2009-08","37.9566","-122.5447","44.2","KENTFIELD, CA US","","","","","0",",0","0",",0","0",",0","0",",0","0",",0","0",",0","0",",0","","","","","","","2","","20090824",",,0","20090831","+,,0","20090831","+,,0","","","20090831","+,,0","","","8.3",",0,24,","0",",,0,31,+","0",",,0,31,+","0.0",",,0,31,+","","","","","","","0.0",",,,0","0",",,,0","","","","","11.95",",,,0"
"USC00044500","2009-09","37.9566","-122.5447","44.2","KENTFIELD, CA US","","","","","3",",0","1",",0","0",",0","0",",0","0",",0","0",",0","0",",0","","","","","","","1","","20090930",",,0","20090930","+,,0","20090930","+,,0","1","","20090914",",,0","","","7.8",",0,30,","0",",,0,30,+","0",",,0,30,+","8.1",",,0,14,","","","","","","","9.4",",,,0","0",",,,0","","","","","12.09",",,,0"
"USC00044500","2009-10","37.9566","-122.5447","44.2","KENTFIELD, CA US","","","","","5",",0","4",",0","2",",0","0",",0","0",",0","0",",0","0",",0","","","","","","","4","","20091005",",,0","20091031","+,,0","20091031","+,,0","1","","20091013",",,0","","","5.6",",0,05,","0",",,0,31,+","0",",,0,31,+","156.0",",,0,13,","","","","","","","201.9",",,,0","0",",,,0","","","","","10.27",",,,0"
"USC00044500","2009-11","37.9566","-122.5447","44.2","KENTFIELD, CA US","","","0.0","4,0","5",",0","2",",0","0",",0","0",",0","0",",0","0",",0","0",",0","0","4,0","4","4,0","0","4,0","","","20091119",",,0","20091130","+,,0","20091130","+,,0","","","20091120",",,0","20091102",",4,0","2.2",",0,19,","0",",,0,30,+","0",",,0,30,+","19.3",",,0,20,","25.0","4,0,02,","","","150.6","4,0","26.2",",,,0","0",",,,0","12.51","4,0","18.03","4,,,0","6.99",",,,0"
"USC00044500","2009-12","37.9566","-122.5447","44.2","KENTFIELD, CA US","","","0.0","2,0","12",",0","8",",0","1",",0","0",",0","0",",0","0",",0","4",",0","0","2,0","0","2,0","0","2,0","7","","20091209","+,,0","20091231","+,,0","20091231","+,,0","1","","20091212",",,0","20091201",",2,0","-2.8",",0,09,+","0",",,0,31,+","0",",,0,31,+","39.4",",,0,12,","17.2","2,0,01,","","","287.9","2,0","145.6",",,,0","0",",,,0","8.31","2,0","12.12","2,,,0","4.49",",,,0"
"USC00044500","2010-01","37.9566","-122.5447","44.2","KENTFIELD, CA US","0.0","0","0.0","5,0","17",",0","12",",0","6",",0","0",",0","0","1,0","0",",0","0",",0","0","5,0","0","5,0","0","5,0","10","","20100123","+,,0","20100131","+,,0","20100131","+,1,0","3","","20100119",",,0","20100113",",5,0","3.9",",0,23,+","0",",,0,31,+","0","1,,0,31,+","56.4",",,0,19,","16.1","5,0,13,","","","229.0","5,0","337.5",",,,0","0","1,,,0","9.49","5,0","12.36","5,,,0","6.62",",,,0"
"USC00044500","2010-02","37.9566","-122.5447","44.2","KENTFIELD, CA US","","","","","12",",0","12",",0","3",",0","0",",0","0",",0","0",",0","0",",0","","","","","","","6","","20100210",",,0","20100228","+,,0","20100228","+,,0","","","20100224",",,0","","","3.3",",0,10,","0",",,0,28,+","0",",,0,28,+","68.3",",,0,24,","","","","","","","232.2",",,,0","0",",,,0","","","","","7.32",",,,0"
"USC00044500","2010-03","37.9566","-122.5447","44.2","KENTFIELD, CA US","","","","","13",",0","8",",0","2",",0","0",",0","0",",0","0",",0","0",",0","","","","","","","1","","20100304",",,0","20100331","+,,0","20100331","+,,0","","","20100302",",,0","","","2.2",",0,04,","0",",,0,31,+","0",",,0,31,+","41.7",",,0,02,","","","","","","","147.8",",,,0","0",",,,0","","","","","6.05",",,,0"
"USC00044500","2010-04","37.9566","-122.5447","44.2","KENTFIELD, CA US","","","","","11",",0","9",",0","2",",0","0",",0","0",",0","0",",0","0",",0","","","","","","","","","20100405",",,0","20100430","+,,0","20100430","+,,0","1","","20100411",",,0","","","2.8",",0,05,","0",",,0,30,+","0",",,0,30,+","38.4",",,0,11,","","","","","","","172.8",",,,0","0",",,,0","","","","","6.53",",,,0"
"USC00044500","2010-05","37.9566","-122.5447","44.2","KENTFIELD, CA US","","","","","7",",0","6",",0","0",",0","0",",0","0",",0","0",",0","0",",0","","","","","","","","","20100528","+,,0","20100531","+,,0","20100531","+,,0","","","20100527",",,0","","","6.7",",0,28,+","0",",,0,31,+","0",",,0,31,+","12.4",",,0,27,","","","","","","","43.4",",,,0","0",",,,0","","","","","8.76",",,,0"
"USC00044500","2010-06","37.9566","-122.5447","44.2","KENTFIELD, CA US","","","","","0",",0","0",",0","0",",0","0",",0","0",",0","0","1,0","0","1,0","","","","","","","","","20100618","+,1,0","20100630","+,,0","20100630","+,,0","","","20100630","+,,0","","","7.8","1,0,18,+","0",",,0,30,+","0",",,0,30,+","0.0",",,0,30,+","","","","","","","0.0",",,,0","0",",,,0","","","","","11.39","1,,,0"
"USC00044500","2010-07","37.9566","-122.5447","44.2","KENTFIELD, CA US","","","","","0",",0","0",",0","0",",0","0",",0","0",",0","0",",0","0",",0","","","","","","","","","20100721",",,0","20100731","+,,0","20100731","+,,0","","","20100731","+,,0","","","8.9",",0,21,","0",",,0,31,+","0",",,0,31,+","0.0",",,0,31,+","","","","","","","0.0",",,,0","0",",,,0","","","","","10.88",",,,0"
"USC00044500","2010-08","37.9566","-122.5447","44.2","KENTFIELD, CA US","","","","","0",",0","0",",0","0",",0","0",",0","0",",0","0",",0","0",",0","","","","","","","","","20100829",",,0","20100831","+,,0","20100831","+,,0","","","20100831","+,,0","","","8.3",",0,29,","0",",,0,31,+","0",",,0,31,+","0.0",",,0,31,+","","","","","","","0.0",",,,0","0",",,,0","","","","","11.16",",,,0"
"USC00044500","2010-09","37.9566","-122.5447","44.2","KENTFIELD, CA US","","","","","0",",0","0",",0","0",",0","0",",0","0",",0","0",",0","0",",0","","","","","","","2","","20100923","+,,0","20100930","+,,0","20100930","+,,0","","","20100930","+,,0","","","7.8",",0,23,+","0",",,0,30,+","0",",,0,30,+","0.0",",,0,30,+","","","","","","","0.0",",,,0","0",",,,0","","","","","11.35",",,,0"
"USC00044500","2010-10","37.9566","-122.5447","44.2","KENTFIELD, CA US","","","","","9",",0","6",",0","1",",0","0",",0","0",",0","0","2,0","0","2,0","","","","","","","2","","20101019",",2,0","20101031","+,,0","20101031","+,,0","","","20101024",",,0","","","7.8","2,0,19,","0",",,0,31,+","0",",,0,31,+","108.2",",,0,24,","","","","","","","150.0",",,,0","0",",,,0","","","","","10.77","2,,,0"
"USC00044500","2010-11","37.9566","-122.5447","44.2","KENTFIELD, CA US","","","","","8",",0","7",",0","2",",0","0",",0","0",",0","0",",0","2",",0","","","","","","","1","","20101125",",,0","20101130","+,,0","20101130","+,,0","1","","20101107",",,0","","","-0.6",",0,25,","0",",,0,30,+","0",",,0,30,+","39.4",",,0,07,","","","","","","","123.7",",,,0","0",",,,0","","","","","7.31",",,,0"
"USC00044500","2010-12","37.9566","-122.5447","44.2","KENTFIELD, CA US","","","0.0","3,0","21",",0","14",",0","5",",0","0",",0","0",",0","0",",0","0",",0","0","3,0","0","3,0","0","3,0","7","","20101216",",,0","20101231","+,,0","20101231","+,,0","1","","20101229",",,0","20101210",",3,0","1.1",",0,16,","0",",,0,31,+","0",",,0,31,+","65.5",",,0,29,","16.7","3,0,10,","","","223.5","3,0","316.6",",,,0","0",",,,0","10.23","3,0","13.00","3,,,0","7.46",",,,0"
"USC00044500","2011-01","37.9566","-122.5447","44.2","KENTFIELD, CA US","0.0","K","0.0","5,K","5",",K","4",",K","1",",K","","","","","0",",K","1",",K","0","5,K","0","5,K","0","5,K","7","","20110110",",,K","","","","","","","20110101",",,K","20110122",",5,K","-0.6",",K,10,","","","","","25.4",",,K,01,","19.4","5,K,22,","","","234.3","5,K","71.4",",,,K","","","9.21","5,K","13.32","5,,,K","5.11",",,,K"
"USC00044500","2011-02","37.9566","-122.5447","44.2","KENTFIELD, CA US","","","","","9",",K","7",",K","4",",K","","","","","0",",K","2",",K","","","","","","","3","","20110226",",,K","","","","","1","","20110225",",,K","","","-1.7",",K,26,","","","","","43.7",",,K,25,","","","","","","","185.7",",,,K","","","","","","","4.11",",,,K"
"USC00044500","2011-03","37.9566","-122.5447","44.2","KENTFIELD, CA US","","","2.2","5,K","18",",K","15",",K","7",",K","","","","","0",",K","0",",K","0","5,K","2","5,K","0","5,K","1","","20110301",",,K","","","","","1","","20110326",",,K","20110331",",5,K","1.1",",K,01,","","","","","57.2",",,K,26,","28.3","5,K,31,","","","182.9","5,K","363.7",",,,K","","","11.52","5,K","16.11","5,,,K","6.93",",,,K"
"USC00044500","2011-04","37.9566","-122.5447","44.2","KENTFIELD, CA US","","","","","6","2,K","4","2,K","0","2,K","","","","","0",",K","0",",K","","","","","","","","","20110408",",,K","","","","","","","20110421",",2,K","","","2.2",",K,08,","","","","","12.7","2,,K,21,","","","","","","","28.1","2,,,K","","","","","","","8.04",",,,K"
"USC00044500","2011-05","37.9566","-122.5447","44.2","KENTFIELD, CA US","","","","","8",",K","6",",K","0",",K","","","","","0",",K","0",",K","","","","","","","","","20110513",",,K","","","","","","","20110517",",,K","","","5.0",",K,13,","","","","","18.0",",,K,17,","","","","","","","48.7",",,,K","","","","","","","8.34",",,,K"
"USC00044500","2011-06","37.9566","-122.5447","44.2","KENTFIELD, CA US","","","","","4",",K","3",",K","1",",K","","","","","0",",K","0",",K","","","","","","","1","","20110603",",,K","","","","","","","20110604",",,K","","","7.2",",K,03,","","","","","41.4",",,K,04,","","","","","","","61.2",",,,K","","","","","","","10.19",",,,K"
"USC00044500","2011-07","37.9566","-122.5447","44.2","KENTFIELD, CA US","","","","","0",",K","0",",K","0",",K","","","","","0",",K","0",",K","","","","","","","","","20110710",",,K","","","","","","","20110731","+,,K","","","7.8",",K,10,","","","","","0.0",",,K,31,+","","","","","","","0.0",",,,K","","","","","","","11.64",",,,K"
"USC00044500","2011-08","37.9566","-122.5447","44.2","KENTFIELD, CA US","","","","","0",",K","0",",K","0",",K","","","","","0",",K","0",",K","","","","","","","20","","20110831","+,,K","","","","","","","20110831","+,,K","","","9.4",",K,31,+","","","","","0.0",",,K,31,+","","","","","","","0.0",",,,K","","","","","","","11.00",",,,K"
"USC00044500","2011-09","37.9566","-122.5447","44.2","KENTFIELD, CA US","","","","","0",",K","0",",K","0",",K","","","","","0",",K","0",",K","","","","","","","6","","20110917",",,K","","","","","","","20110930","+,,K","","","8.3",",K,17,","","","","","0.0",",,K,30,+","","","","","","","0.0",",,,K","","","","","","","11.16",",,,K"
"USC00044500","2011-10","37.9566","-122.5447","44.2","KENTFIELD, CA US","","","11.9","5,K","5",",K","4",",K","1",",K","","","","","0",",K","0",",K","0","5,K","20","5,K","0","5,K","3","","20111027",",,K","","","","","","","20111005",",,K","20111017","+,5,K","5.0",",K,27,","","","","","44.5",",,K,05,","29.4","5,K,17,+","","","52.8","5,K","64.5",",,,K","","","16.91","5,K","23.33","5,,,K","10.48",",,,K"
"USC00044500","2011-11","37.9566","-122.5447","44.2","KENTFIELD, CA US","","","0.0","5,K","9",",K","6",",K","1",",K","","","","","0",",K","0",",K","0","5,K","1","5,K","0","5,K","4","","20111108",",,K","","","","","1","","20111106",",,K","20111102",",5,K","2.8",",K,08,","","","","","35.6",",,K,06,","22.8","5,K,02,","","","187.7","5,K","89.2",",,,K","","","10.89","5,K","15.49","5,,,K","6.28",",,,K"
"USC00044500","2011-12","37.9566","-122.5447","44.2","KENTFIELD, CA US","","","","","2",",K","0",",K","0",",K","","","","","0",",K","2",",K","","","","","","","4","","20111224",",,K","","","","","","","20111215",",,K","","","-2.2",",K,24,","","","","","2.3",",,K,15,","","","","","","","3.1",",,,K","","","","","","","4.05",",,,K"
"USC00044500","2012-01","37.9566","-122.5447","44.2","KENTFIELD, CA US","0.0","7","0.0","3,K","5",",K","5",",K","3",",K","","","","","0",",K","2",",K","0","3,K","0","3,K","0","3,K","2","","20120117",",,K","","","","","","","20120121",",,K","20120107",",3,K","-1.7",",K,17,","","","","","79.2",",,K,21,","20.0","3,K,07,","","","229.7","3,K","210.3",",,,K","","","10.08","3,K","15.41","3,,,K","4.75",",,,K"
"USC00044500","2012-02","37.9566","-122.5447","44.2","KENTFIELD, CA US","0.0","7","0.0","5,K","6",",K","3",",K","1",",K","","","","","0",",K","1",",K","0","5,K","3","5,K","0","5,K","","","20120227",",,K","","","","","","","20120229",",,K","20120222",",5,K","0.0",",K,27,","","","","","37.6",",,K,29,","24.4","5,K,22,","","","175.0","5,K","58.9",",,,K","","","11.19","5,K","16.73","5,,,K","5.66",",,,K"
"USC00044500","2012-03","37.9566","-122.5447","44.2","KENTFIELD, CA US","","","","","14",",K","11",",K","6",",K","","","","","0",",K","0",",K","","","","","","","","","20120308",",,K","","","","","","","20120314",",,K","","","1.7",",K,08,","","","","","105.9",",,K,14,","","","","","","","412.5",",,,K","","","","","","","6.26",",,,K"
"USC00044500","2012-04","37.9566","-122.5447","44.2","KENTFIELD, CA US","","","","","7",",K","5",",K","0",",K","","","","","0",",K","0",",K","","","","","","","","","20120407",",,K","","","","","1","","20120413",",,K","","","1.7",",K,07,","","","","","22.4",",,K,13,","","","","","","","61.2",",,,K","","","","","","","8.14",",,,K"
"USC00044500","2012-05","37.9566","-122.5447","44.2","KENTFIELD, CA US","","","","","3",",K","1",",K","0",",K","","","","","0",",K","0",",K","","","","","","","","","20120519",",,K","","","","","","","20120503",",,K","","","6.7",",K,19,","","","","","4.6",",,K,03,","","","","","","","5.4",",,,K","","","","","","","9.08",",,,K"
"USC00044500","2012-06","37.9566","-122.5447","44.2","KENTFIELD, CA US","","","","","1",",K","0",",K","0",",K","","","","","0",",K","0",",K","","","","","","","","","20120624",",,K","","","","","","","20120604",",,K","","","7.8",",K,24,","","","","","1.0",",,K,04,","","","","","","","1.0",",,,K","","","","","","","10.72",",,,K"
"USC00044500","2012-07","37.9566","-122.5447","44.2","KENTFIELD, CA US","","","","","1",",K","0",",K","0",",K","","","","","0",",K","0",",K","","","","","","","3","","20120707",",,K","","","","","","","20120717",",,K","","","8.3",",K,07,","","","","","0.5",",,K,17,","","","","","","","0.5",",,,K","","","","","","","10.93",",,,K"
"USC00044500","2012-08","37.9566","-122.5447","44.2","KENTFIELD, CA US","","","41.5",",7","0",",7","0",",7","0",",7","","","","","0",",7","0",",7","0",",7","31",",7","4",",7","","","20120824",",,7","","","","","","","20120831","+,,7","20120810",",,7","8.3",",7,24,","","","","","0.0",",,7,31,+","33.3",",7,10,","","","7.4",",7","0.0",",,,7","","","19.43",",7","28.17",",,,7","10.69",",,,7"
"USC00044500","2012-09","37.9566","-122.5447","44.2","KENTFIELD, CA US","","","6.7",",7","0",",7","0",",7","0",",7","","","","","0",",7","0",",7","0",",7","29",",7","1",",7","","","20120916",",,7","","","","","","","20120930","+,,7","20120930",",,7","7.2",",7,16,","","","","","0.0",",,7,30,+","33.3",",7,30,","","","35.3",",7","0.0",",,,7","","","17.38",",7","25.98",",,,7","8.77",",,,7"
"USC00044500","2012-10","37.9566","-122.5447","44.2","KENTFIELD, CA US","","","36.2",",7","6",",7","4",",7","1",",7","","","","","0",",7","0",",7","0",",7","24",",7","3",",7","","","20121026",",,7","","","","","","","20121022",",,7","20121002",",,7","7.2",",7,26,","","","","","38.1",",,7,22,","37.8",",7,02,","","","60.6",",7","56.1",",,,7","","","17.55",",7","24.16",",,,7","10.93",",,,7"
"USC00044500","2012-11","37.9566","-122.5447","44.2","KENTFIELD, CA US","","","0.6",",7","11",",7","10",",7","3",",7","","","","","0",",7","0",",7","0",",7","5",",7","0",",7","","","20121111",",,7","","","","","","","20121130",",,7","20121106",",,7","2.2",",7,11,","","","","","84.6",",,7,30,","25.6",",7,06,","","","153.5",",7","251.8",",,,7","","","13.24",",7","17.88",",,,7","8.59",",,,7"
"USC00044500","2012-12","37.9566","-122.5447","44.2","KENTFIELD, CA US","","","0.0",",7","15",",7","12",",7","7",",7","","","","","0",",7","2",",7","0",",7","1",",7","0",",7","","","20121219",",,7","","","","","","","20121202",",,7","20121209",",,7","-0.6",",7,19,","","","","","92.5",",,7,02,","21.1",",7,09,","","","274.8",",7","402.7",",,,7","","","9.47",",7","13.26",",,,7","5.68",",,,7"
"USC00044500","2013-01","37.9566","-122.5447","44.2","KENTFIELD, CA US","0.0","7","0.0",",7","4",",7","3",",7","0",",7","","","","","0",",7","6",",7","0",",7","0",",7","0",",7","","","20130113",",,7","","","","","","","20130106",",,7","20130130","+,,7","-2.8",",7,13,","","","","","10.2",",,7,06,","18.3",",7,30,+","","","301.7",",7","25.2",",,,7","","","8.60",",7","13.55",",,,7","3.66",",,,7"
"USC00044500","2013-02","37.9566","-122.5447","44.2","KENTFIELD, CA US","0.0","7","0.0",",7","3",",7","2",",7","0",",7","","","","","0",",7","1",",7","0",",7","3",",7","0",",7","","","20130210",",,7","","","","","","","20130219",",,7","20130216",",,7","0.0",",7,10,","","","","","6.4",",,7,19,","21.7",",7,16,","","","213.6",",7","10.7",",,,7","","","10.70",",7","16.96",",,,7","4.44",",,,7"
"USC00044500","2013-03","37.9566","-122.5447","44.2","KENTFIELD, CA US","0.0","7","0.0",",7","4",",7","3",",7","0",",7","","","","","0",",7","0",",7","0",",7","10",",7","0",",7","","","20130305",",,7","","","","","","","20130306",",,7","20130330",",,7","1.7",",7,05,","","","","","11.9",",,7,06,","24.4",",7,30,","","","164.7",",7","21.4",",,,7","","","13.02",",7","19.50",",,,7","6.54",",,,7"
"USC00044500","2013-04","37.9566","-122.5447","44.2","KENTFIELD, CA US","12.6","7","12.6",",7","4",",7","2",",7","0",",7","","","","","0",",7","0",",7","0",",7","18",",7","0",",7","","","20130424",",,7","","","","","","","20130404",",,7","20130423","+,,7","5.6",",7,24,","","","","","24.6",",,7,04,","31.1",",7,23,+","","","83.9",",7","32.9",",,,7","","","15.96",",7","22.97",",,,7","8.94",",,,7"
"USC00044500","2013-05","37.9566","-122.5447","44.2","KENTFIELD, CA US","34.3","7","21.7",",7","1",",7","0",",7","0",",7","","","","","0",",7","0",",7","0",",7","25",",7","3",",7","","","20130524",",,7","","","","","","","20130528",",,7","20130503",",,7","7.2",",7,24,","","","","","1.3",",,7,28,","32.8",",7,03,","","","47.1",",7","1.3",",,,7","","","17.51",",7","24.70",",,,7","10.33",",,,7"
"USC00044500","2013-06","37.9566","-122.5447","44.2","KENTFIELD, CA US","84.2","7","49.9",",7","3",",7","1",",7","1",",7","","","","","0",",7","0",",7","0",",7","28",",7","4",",7","","","20130616","+,,7","","","","","","","20130625",",,7","20130630","+,,7","8.9",",7,16,+","","","","","35.1",",,7,25,","36.1",",7,30,+","","","15.8",",7","37.9",",,,7","","","19.47",",7","27.19",",,,7","11.75",",,,7"
"USC00044500","2013-07","37.9566","-122.5447","44.2","KENTFIELD, CA US","137.0","7","52.8",",7","0",",7","0",",7","0",",7","","","","","0",",7","0",",7","0",",7","31",",7","5",",7","","","20130713",",,7","","","","","","","20130731","+,,7","20130705",",,7","8.9",",7,13,","","","","","0.0",",,7,31,+","35.0",",7,05,","7.4","7","7.4",",7","0.0",",,,7","","","19.80",",7","27.62",",,,7","11.98",",,,7"
"USC00044500","2013-08","37.9566","-122.5447","44.2","KENTFIELD, CA US","194.6","7","57.6",",7","0",",7","0",",7","0",",7","","","","","0",",7","0",",7","0",",7","30",",7","4",",7","","","20130813",",,7","","","","","","","20130831","+,,7","20130819",",,7","9.4",",7,13,","","","","","0.0",",,7,31,+","33.9",",7,19,","11.3","7","3.9",",7","0.0",",,,7","","","20.06",",7","27.49",",,,7","12.63",",,,7"
"USC00044500","2013-09","37.9566","-122.5447","44.2","KENTFIELD, CA US","247.6","7","53.0",",7","2",",7","1",",7","0",",7","","","","","0",",7","0",",7","0",",7","30",",7","3",",7","","","20130928",",,7","","","","","","","20130921",",,7","20130908","+,,7","8.3",",7,28,","","","","","14.7",",,7,21,","35.0",",7,08,+","16.3","7","5.0",",7","15.0",",,,7","","","19.93",",7","27.00",",,,7","12.86",",,,7"
"USC00044500","2013-10","37.9566","-122.5447","44.2","KENTFIELD, CA US","254.3","7","6.7",",7","0",",7","0",",7","0",",7","","","","","0",",7","0",",7","0",",7","23",",7","0",",7","","","20131030",",,7","","","","","","","20131031","+,,7","20131008","+,,7","3.9",",7,30,","","","","","0.0",",,7,31,+","28.3",",7,08,+","97.1","7","80.8",",7","0.0",",,,7","","","15.94",",7","23.75",",,,7","8.13",",,,7"
"USC00044500","2013-11","37.9566","-122.5447","44.2","KENTFIELD, CA US","254.3","7","0.0",",7","2",",7","2",",7","1",",7","","","","","0",",7","1",",7","0",",7","11",",7","0",",7","","","20131116",",,7","","","","","","","20131120",",,7","20131113",",,7","0.0",",7,16,","","","","","26.2",",,7,20,","23.3",",7,13,","261.4","7","164.3",",7","32.6",",,,7","","","12.86",",7","19.18",",,,7","6.54",",,,7"
"USC00044500","2013-12","37.9566","-122.5447","44.2","KENTFIELD, CA US","254.3","7","0.0",",7","1",",7","1",",7","0",",7","","","","","0",",7","7",",7","0",",7","0",",7","0",",7","","","20131209",",,7","","","","","","","20131207",",,7","20131224",",,7","-3.9",",7,09,","","","","","21.3",",,7,07,","19.4",",7,24,","554.7","7","293.3",",7","21.3",",,,7","","","8.87",",7","14.71",",,,7","3.03",",,,7"
"USC00044500","2014-01","37.9566","-122.5447","44.2","KENTFIELD, CA US","0.0","7","0.0",",7","1",",7","0",",7","0",",7","","","","","0",",7","0",",7","0",",7","3",",7","0",",7","","","20140115",",,7","","","","","","","20140130",",,7","20140125",",,7","1.1",",7,15,","","","","","0.5",",,7,30,","22.2",",7,25,","752.5","7","197.8",",7","0.5",",,,7","","","11.95",",7","18.52",",,,7","5.39",",,,7"
"USC00044500","2014-02","37.9566","-122.5447","44.2","KENTFIELD, CA US","0.0","7","0.0",",7","12",",7","10",",7","5",",7","","","","","0",",7","0",",7","0",",7","5",",7","0",",7","","","20140217",",,7","","","","","","","20140208",",,7","20140224",",,7","1.7",",7,17,","","","","","181.1",",,7,08,","22.8",",7,24,","935.1","7","182.6",",7","416.9",",,,7","","","11.81",",7","16.69",",,,7","6.94",",,,7"
"USC00044500","2014-03","37.9566","-122.5447","44.2","KENTFIELD, CA US","0.0","7","0.0",",7","12",",7","10",",7","1",",7","","","","","0",",7","0",",7","0",",7","14",",7","0",",7","","","20140321",",,7","","","","","","","20140329",",,7","20140316",",,7","2.2",",7,21,","","","","","39.6",",,7,29,","26.1",",7,16,","1069.8","7","134.7",",7","114.0",",,,7","","","13.99",",7","20.16",",,,7","7.81",",,,7"
"USC00044500","2014-04","37.9566","-122.5447","44.2","KENTFIELD, CA US","5.6","7","5.6",",7","5",",7","4",",7","0",",7","","","","","0",",7","0",",7","0",",7","19",",7","0",",7","","","20140403",",,7","","","","","","","20140402",",,7","20140430",",,7","4.4",",7,03,","","","","","11.4",",,7,02,","31.1",",7,30,","1166.4","7","96.6",",7","41.4",",,,7","","","15.30",",7","22.36",",,,7","8.24",",,,7"
"USC00044500","2014-05","37.9566","-122.5447","44.2","KENTFIELD, CA US","30.0","7","24.4",",7","1",",7","0",",7","0",",7","","","","","0",",7","0",",7","0",",7","22",",7","4",",7","","","20140530",",,7","","","","","","","20140509",",,7","20140514",",,7","7.2",",7,30,","","","","","1.5",",,7,09,","34.4",",7,14,","1201.7","7","35.3",",7","1.5",",,,7","","","17.98",",7","25.18",",,,7","10.78",",,,7"
"USC00044500","2014-06","37.9566","-122.5447","44.2","KENTFIELD, CA US","69.8","7","39.8",",7","0",",7","0",",7","0",",7","","","","","0",",7","0",",7","0",",7","30",",7","4",",7","","","20140617","+,,7","","","","","","","20140630","+,,7","20140609",",,7","7.8",",7,17,+","","","","","0.0",",,7,30,+","36.7",",7,09,","1213.6","7","11.9",",7","0.0",",,,7","","","19.26",",7","27.80",",,,7","10.73",",,,7"
"USC00044500","2014-07","37.9566","-122.5447","44.2","KENTFIELD, CA US","148.9","7","79.1",",7","1",",7","0",",7","0",",7","","","","","0",",7","0",",7","0",",7","31",",7","6",",7","","","20140705",",,7","","","","","","","20140722",",,7","20140725",",,7","8.3",",7,05,","","","","","0.3",",,7,22,","38.3",",7,25,","1.3","7","1.3",",7","0.3",",,,7","","","20.84",",7","28.53",",,,7","13.16",",,,7"
"USC00044500","2014-08","37.9566","-122.5447","44.2","KENTFIELD, CA US","210.5","7","61.6",",7","0",",7","0",",7","0",",7","","","","","0",",7","0",",7","0",",7","31",",7","0",",7","","","20140817",",,7","","","","","","","20140831","+,,7","20140830",",,7","10.0",",7,17,","","","","","0.0",",,7,31,+","31.1",",7,30,","1.3","7","0.0",",7","0.0",",,,7","","","20.32",",7","27.74",",,,7","12.90",",,,7"
"USC00044500","2014-09","37.9566","-122.5447","44.2","KENTFIELD, CA US","266.2","7","55.7",",7","2",",7","2",",7","0",",7","","","","","0",",7","0",",7","0",",7","30",",7","4",",7","","","20140910",",,7","","","","","","","20140925",",,7","20140902",",,7","10.0",",7,10,","","","","","7.9",",,7,25,","35.6",",7,02,","3.4","7","2.1",",7","10.7",",,,7","","","20.12",",7","27.49",",,,7","12.75",",,,7"
"USC00044500","2014-10","37.9566","-122.5447","44.2","KENTFIELD, CA US","315.0","7","48.8",",7","4",",7","3",",7","0",",7","","","","","0",",7","0",",7","0",",7","26",",7","8",",7","","","20141028","+,,7","","","","","","","20141031",",,7","20141004",",,7","7.8",",7,28,+","","","","","8.9",",,7,31,","35.6",",7,04,","32.6","7","29.2",",7","24.2",",,,7","","","18.96",",7","26.58",",,,7","11.35",",,,7"
"USC00044500","2014-11","37.9566","-122.5447","44.2","KENTFIELD, CA US","315.0","7","0.0",",7","7",",7","7",",7","1",",7","","","","","0",",7","0",",7","0",",7","7",",7","0",",7","","","20141128","+,,7","","","","","","","20141119",",,7","20141108",",,7","4.4",",7,28,+","","","","","36.8",",,7,19,","25.0",",7,08,","168.3","7","135.7",",7","115.1",",,,7","","","13.81",",7","18.65",",,,7","8.97",",,,7"
"USC00044500","2014-12","37.9566","-122.5447","44.2","KENTFIELD, CA US","315.0","7","0.0",",7","14",",7","13",",7","8",",7","","","","","0",",7","0",",7","0",",7","0",",7","0",",7","","","20141227",",,7","","","","","","","20141211",",,7","20141223",",,7","1.1",",7,27,","","","","","91.4",",,7,11,","18.9",",7,23,","364.7","7","196.4",",7","503.1",",,,7","","","12.00",",7","14.89",",,,7","9.11",",,,7"
"USC00044500","2015-01","37.9566","-122.5447","44.2","KENTFIELD, CA US","0.0","7","0.0",",7","0",",7","0",",7","0",",7","","","","","0",",7","2",",7","0",",7","1",",7","0",",7","","","20150102","+,,7","","","","","","","20150118","+,,7","20150131",",,7","0.0",",7,02,+","","","","","0.0",",T,7,18,+","23.9",",7,31,","588.2","7","223.5",",7","0.0",",T,,7","","","11.12",",7","16.46",",,,7","5.79",",,,7"
"USC00044500","2015-02","37.9566","-122.5447","44.2","KENTFIELD, CA US","0.0","7","0.0",",7","4",",7","4",",7","1",",7","","","","","0",",7","0",",7","0",",7","8",",7","0",",7","","","20150224",",,7","","","","","","","20150208",",,7","20150201",",,7","3.3",",7,24,","","","","","42.4",",,7,08,","23.9",",7,01,","709.2","7","121.0",",7","87.4",",,,7","","","14.01",",7","19.39",",,,7","8.63",",,,7"
"USC00044500","2015-03","37.9566","-122.5447","44.2","KENTFIELD, CA US","1.7","7","1.7",",7","4",",7","1",",7","0",",7","","","","","0",",7","0",",7","0",",7","20",",7","0",",7","","","20150304",",,7","","","","","","","20150323",",,7","20150327",",,7","3.3",",7,04,","","","","","7.6",",,7,23,","28.3",",7,27,","803.7","7","94.5",",7","10.1",",,,7","","","15.34",",7","22.44",",,,7","8.24",",,,7"
"USC00044500","2015-04","37.9566","-122.5447","44.2","KENTFIELD, CA US","6.2","7","4.5",",7","4",",7","2",",7","1",",7","","","","","0",",7","0",",7","0",",7","18",",7","0",",7","","","20150406",",,7","","","","","","","20150407",",,7","20150430","+,,7","3.3",",7,06,","","","","","40.6",",,7,07,","30.0",",7,30,+","913.4","7","109.7",",7","55.6",",,,7","","","14.83",",7","21.70",",,,7","7.95",",,,7"
"USC00044500","2015-05","37.9566","-122.5447","44.2","KENTFIELD, CA US","9.6","7","3.4",",7","1",",7","0",",7","0",",7","","","","","0",",7","0",",7","0",",7","17",",7","0",",7","","","20150505",",,7","","","","","","","20150514",",,7","20150501",",,7","6.1",",7,05,","","","","","0.3",",,7,14,","31.7",",7,01,","1009.8","7","96.4",",7","0.3",",,,7","","","15.33",",7","20.92",",,,7","9.75",",,,7"
"USC00044500","2015-06","37.9566","-122.5447","44.2","KENTFIELD, CA US","60.2","7","50.6",",7","1",",7","1",",7","0",",7","","","","","0",",7","0",",7","0",",7","30",",7","6",",7","","","20150618","+,,7","","","","","","","20150610",",,7","20150609",",,7","8.3",",7,18,+","","","","","3.6",",,7,10,","37.8",",7,09,","1019.7","7","9.9",",7","3.6",",,,7","","","19.69",",7","28.20",",,,7","11.17",",,,7"
"USC00044500","2015-07","37.9566","-122.5447","44.2","KENTFIELD, CA US","154.9","7","94.7",",7","2",",7","0",",7","0",",7","","","","","0",",7","0",",7","0",",7","30",",7","7",",7","","","20150725",",,7","","","","","","","20150710",",,7","20150729",",,7","11.1",",7,25,","","","","","1.5",",,7,10,","37.2",",7,29,","2.0","7","2.0",",7","2.0",",,,7","","","21.32",",7","28.88",",,,7","13.77",",,,7"
"USC00044500","2015-08","37.9566","-122.5447","44.2","KENTFIELD, CA US","253.9","7","99.0",",7","0",",7","0",",7","0",",7","","","","","0",",7","0",",7","0",",7","31",",7","6",",7","","","20150812",",,7","","","","","","","20150831","+,,7","20150817",",,7","10.6",",7,12,","","","","","0.0",",,7,31,+","40.0",",7,17,","2.0","7","0.0",",7","0.0",",,,7","","","21.53",",7","29.17",",,,7","13.89",",,,7"
"USC00044500","2015-09","37.9566","-122.5447","44.2","KENTFIELD, CA US","346.6","7","92.7",",7","3",",7","1",",7","0",",7","","","","","0",",7","0",",7","0",",7","29",",7","13",",7","","","20150923","+,,7","","","","","","","20150917",",,7","20150910",",,7","8.9",",7,23,+","","","","","11.4",",,7,17,","38.3",",7,10,","11.6","7","9.6",",7","13.5",",,,7","","","21.10",",7","29.85",",,,7","12.36",",,,7"
"USC00044500","2015-10","37.9566","-122.5447","44.2","KENTFIELD, CA US","392.2","7","45.6",",7","1",",7","0",",7","0",",7","","","","","0",",7","0",",7","0",",7","31",",7","3",",7","","","20151024","+,,7","","","","","","","20151004",",,7","20151014","+,,7","9.4",",7,24,+","","","","","0.3",",,7,04,","33.3",",7,14,+","16.7","7","5.1",",7","0.3",",,,7","","","19.64",",7","27.04",",,,7","12.24",",,,7"
"USC00044500","2015-11","37.9566","-122.5447","44.2","KENTFIELD, CA US","393.9","7","1.7",",7","6",",7","4",",7","0",",7","","","","","0",",7","1",",7","0",",7","2",",7","0",",7","","","20151129",",,7","","","","","","","20151109",",,7","20151101",",,7","-0.6",",7,29,","","","","","11.4",",,7,09,","26.1",",7,01,","215.1","7","198.4",",7","35.9",",,,7","","","11.78",",7","17.14",",,,7","6.41",",,,7"
"USC00044500","2015-12","37.9566","-122.5447","44.2","KENTFIELD, CA US","393.9","7","0.0",",7","15",",7","11",",7","3",",7","","","","","0",",7","2",",7","0",",7","0",",7","0",",7","","","20151227",",,7","","","","","","","20151221",",,7","20151209",",,7","-1.1",",7,27,","","","","","36.6",",,7,21,","16.7",",7,09,","495.2","7","280.1",",7","185.8",",,,7","","","9.30",",7","13.27",",,,7","5.33",",,,7"
"USC00044500","2016-01","37.9566","-122.5447","44.2","KENTFIELD, CA US","0.0","7","0.0",",7","19",",7","14",",7","5",",7","","","","","0",",7","1",",7","0",",7","0",",7","0",",7","","","20160101",",,7","","","","","","","20160118",",,7","20160127",",,7","-1.1",",7,01,","","","","","63.8",",,7,18,","16.7",",7,27,","738.6","7","243.4",",7","356.8",",,,7","","","10.48",",7","13.06",",,,7","7.90",",,,7"
"USC00044500","2016-02","37.9566","-122.5447","44.2","KENTFIELD, CA US","0.0","7","0.0",",7","4",",7","3",",7","0",",7","","","","","0",",7","0",",7","0",",7","13",",7","0",",7","","","20160221",",,7","","","","","","","20160218",",,7","20160216","+,,7","3.3",",7,21,","","","","","17.3",",,7,18,","24.4",",7,16,+","881.2","7","142.6",",7","27.3",",,,7","","","13.42",",7","19.44",",,,7","7.39",",,,7"
"USC00044500","2016-03","37.9566","-122.5447","44.2","KENTFIELD, CA US","0.0","7","0.0",",7","13",",7","12",",7","5",",7","","","","","0",",7","0",",7","0",",7","6",",7","0",",7","","","20160330",",,7","","","","","","","20160307",",,7","20160318",",,7","4.4",",7,30,","","","","","48.8",",,7,07,","23.9",",7,18,","1041.7","7","160.5",",7","291.6",",,,7","","","13.16",",7","17.78",",,,7","8.53",",,,7"
"USC00044500","2016-04","37.9566","-122.5447","44.2","KENTFIELD, CA US","6.3","7","6.3",",7","5",",7","4",",7","0",",7","","","","","0",",7","0",",7","0",",7","11",",7","0",",7","","","20160420",",,7","","","","","","","20160409",",,7","20160407",",,7","6.1",",7,20,","","","","","15.5",",,7,09,","30.0",",7,07,","1124.0","7","82.3",",7","39.7",",,,7","","","15.80",",7","21.84",",,,7","9.76",",,,7"
"USC00044500","2016-05","37.9566","-122.5447","44.2","KENTFIELD, CA US","26.7","7","20.4",",7","3",",7","0",",7","0",",7","","","","","0",",7","0",",7","0",",7","20",",7","2",",7","","","20160527","+,,7","","","","","","","20160507",",,7","20160518",",,7","8.3",",7,27,+","","","","","2.3",",,7,07,","33.3",",7,18,","1181.6","7","57.6",",7","3.6",",,,7","","","17.13",",7","23.69",",,,7","10.57",",,,7"
"USC00044500","2016-06","37.9566","-122.5447","44.2","KENTFIELD, CA US","85.9","7","59.2",",7","0",",7","0",",7","0",",7","","","","","0",",7","0",",7","0",",7","29",",7","9",",7","","","20160611",",,7","","","","","","","20160630","+,,7","20160604",",,7","8.9",",7,11,","","","","","0.0",",,7,30,+","36.7",",7,04,","1187.8","7","6.2",",7","0.0",",,,7","","","20.10",",7","28.83",",,,7","11.37",",,,7"
"USC00044500","2016-07","37.9566","-122.5447","44.2","KENTFIELD, CA US","143.1","7","57.2",",7","0",",7","0",",7","0",",7","","","","","0",",7","0",",7","0",",7","31",",7","6",",7","","","20160706",",,7","","","","","","","20160731","+,,7","20160714",",,7","8.9",",7,06,","","","","","0.0",",,7,31,+","35.6",",7,14,","5.0","7","5.0",",7","0.0",",,,7","","","20.02",",7","28.78",",,,7","11.25",",,,7"
"USC00044500","2016-08","37.9566","-122.5447","44.2","KENTFIELD, CA US","170.6","7","27.5",",7","0",",7","0",",7","0",",7","","","","","0",",7","0",",7","0",",7","31",",7","0",",7","","","20160807",",,7","","","","","","","20160831","+,,7","20160814","+,,7","8.9",",7,07,","","","","","0.0",",,7,31,+","30.0",",7,14,+","9.0","7","4.0",",7","0.0",",,,7","","","19.09",",7","26.84",",,,7","11.34",",,,7"
"USC00044500","2016-09","37.9566","-122.5447","44.2","KENTFIELD, CA US","228.2","7","57.6",",7","0",",7","0",",7","0",",7","","","","","0",",7","0",",7","0",",7","30",",7","8",",7","","","20160930","+,,7","","","","","","","20160930","+,,7","20160927","+,,7","8.3",",7,30,+","","","","","0.0",",,7,30,+","37.2",",7,27,+","29.3","7","20.3",",7","0.0",",,,7","","","19.58",",7","28.30",",,,7","10.85",",,,7"
"USC00044500","2016-10","37.9566","-122.5447","44.2","KENTFIELD, CA US","235.0","7","6.8",",7","12",",7","7",",7","2",",7","","","","","0",",7","0",",7","0",",7","19",",7","0",",7","","","20161023",",,7","","","","","","","20161025",",,7","20161009",",,7","7.2",",7,23,","","","","","46.7",",,7,25,","31.1",",7,09,","90.6","7","61.3",",7","163.7",",,,7","","","16.57",",7","22.00",",,,7","11.15",",,,7"
"USC00044500","2016-11","37.9566","-122.5447","44.2","KENTFIELD, CA US","235.0","7","0.0",",7","9",",7","6",",7","1",",7","","","","","0",",7","0",",7","0",",7","9",",7","0",",7","","","20161124",",,7","","","","","","","20161119",",,7","20161110",",,7","2.8",",7,24,","","","","","68.6",",,7,19,","23.3",",7,10,","237.7","7","147.1",",7","139.7",",,,7","","","13.43",",7","17.88",",,,7","8.98",",,,7"
"USC00044500","2016-12","37.9566","-122.5447","44.2","KENTFIELD, CA US","235.0","7","0.0",",7","8",",7","7",",7","4",",7","","","","","0",",7","3",",7","0",",7","0",",7","0",",7","","","20161218",",,7","","","","","","","20161215",",,7","20161202",",,7","-1.7",",7,18,","","","","","97.8",",,7,15,","17.2",",7,02,","530.0","7","292.3",",7","267.8",",,,7","","","8.90",",7","13.24",",,,7","4.56",",,,7"
"USC00044500","2017-01","37.9566","-122.5447","44.2","KENTFIELD, CA US","0.0","7","0.0",",7","18",",7","15",",7","8",",7","","","","","0",",7","1",",7","0",",7","0",",7","0",",7","","","20170106",",,7","","","","","","","20170110",",,7","20170131","+,,7","-1.1",",7,06,","","","","","125.2",",,7,10,","15.6",",7,31,+","826.9","7","296.9",",7","584.1",",,,7","","","8.76",",7","12.37",",,,7","5.14",",,,7"
"USC00044500","2017-02","37.9566","-122.5447","44.2","KENTFIELD, CA US","0.0","7","0.0",",7","16",",7","13",",7","10",",7","","","","","0",",7","0",",7","0",",7","0",",7","0",",7","","","20170224",",,7","","","","","","","20170207",",,7","20170213","+,,7","0.6",",7,24,","","","","","150.6",",,7,07,","19.4",",7,13,+","1021.0","7","194.1",",7","568.1",",,,7","","","11.40",",7","14.98",",,,7","7.82",",,,7"
"USC00044500","2017-03","37.9566","-122.5447","44.2","KENTFIELD, CA US","0.0","7","0.0",",7","9",",7","7",",7","3",",7","","","","","0",",7","0",",7","0",",7","13",",7","0",",7","","","20170302","+,,7","","","","","","","20170321",",,7","20170314",",,7","2.2",",7,02,+","","","","","54.4",",,7,21,","26.1",",7,14,","1163.9","7","142.9",",7","170.1",",,,7","","","13.72",",7","19.53",",,,7","7.92",",,,7"
"USC00044500","2017-04","37.9566","-122.5447","44.2","KENTFIELD, CA US","0.0","7","0.0",",7","9",",7","7",",7","2",",7","","","","","0",",7","0",",7","0",",7","11",",7","0",",7","","","20170409",",,7","","","","","","","20170407",",,7","20170430",",,7","3.3",",7,09,","","","","","86.9",",,7,07,","26.7",",7,30,","1285.0","7","121.1",",7","145.3",",,,7","","","14.30",",7","19.92",",,,7","8.67",",,,7"
"USC00044500","2017-05","37.9566","-122.5447","44.2","KENTFIELD, CA US","23.6","7","23.6",",7","0",",7","0",",7","0",",7","","","","","0",",7","0",",7","0",",7","22",",7","1",",7","","","20170518",",,7","","","","","","","20170517",",,7","20170504",",,7","6.7",",7,18,","","","","","0.0",",T,7,17,","32.2",",7,04,","1344.1","7","59.1",",7","0.0",",T,,7","","","17.19",",7","24.46",",,,7","9.91",",,,7"
"USC00044500","2017-06","37.9566","-122.5447","44.2","KENTFIELD, CA US","80.8","7","57.2",",7","1",",7","1",",7","0",",7","","","","","0",",7","0",",7","0",",7","26",",7","6",",7","","","20170605",",,7","","","","","","","20170608",",,7","20170618",",,7","7.8",",7,05,","","","","","4.6",",,7,08,","39.4",",7,18,","1362.5","7","18.4",",7","4.6",",,,7","","","19.63",",7","27.20",",,,7","12.06",",,,7"
"USC00044500","2017-07","37.9566","-122.5447","44.2","KENTFIELD, CA US","149.4","7","68.6",",7","0",",7","0",",7","0",",7","","","","","0",",7","0",",7","0",",7","31",",7","8",",7","","","20170729",",,7","","","","","","","20170731","+,,7","20170707",",,7","9.4",",7,29,","","","","","0.0",",,7,31,+","37.2",",7,07,","1.1","7","1.1",",7","0.0",",,,7","","","20.51",",7","29.68",",,,7","11.35",",,,7"
"USC00044500","2017-08","37.9566","-122.5447","44.2","KENTFIELD, CA US","226.8","7","77.4",",7","0",",7","0",",7","0",",7","","","","","0",",7","0",",7","0",",7","31",",7","6",",7","","","20170825",",,7","","","","","","","20170805","+,,7","20170831",",,7","9.4",",7,25,","","","","","0.0",",T,7,05,+","36.1",",7,31,","2.5","7","1.4",",7","0.0",",T,,7","","","20.79",",7","28.58",",,,7","12.99",",,,7"
"USC00044500","2017-09","37.9566","-122.5447","44.2","KENTFIELD, CA US","338.1","7","111.3",",7","2",",7","1",",7","0",",7","","","","","0",",7","0",",7","0",",7","30",",7","8",",7","","","20170917",",,7","","","","","","","20170907",",,7","20170902",",,7","8.3",",7,17,","","","","","2.5",",,7,07,","42.2",",7,02,","8.9","7","6.4",",7","3.3",",,,7","","","21.83",",7","29.51",",,,7","14.15",",,,7"
"USC00044500","2017-10","37.9566","-122.5447","44.2","KENTFIELD, CA US","365.6","7","27.5",",7","1",",7","1",",7","0",",7","","","","","0",",7","0",",7","0",",7","27",",7","0",",7","","","20171018",",,7","","","","","","","20171020",",,7","20171025","+,,7","5.0",",7,18,","","","","","6.4",",,7,20,","31.1",",7,25,+","51.5","7","42.6",",7","6.4",",,,7","","","17.85",",7","25.92",",,,7","9.77",",,,7"
"USC00044500","2017-11","37.9566","-122.5447","44.2","KENTFIELD, CA US","365.6","7","0.0",",7","11",",7","7",",7","3",",7","","","","","0",",7","0",",7","0",",7","1",",7","0",",7","","","20171118",",,7","","","","","","","20171116",",,7","20171124",",,7","2.2",",7,18,","","","","","43.4",",,7,16,","21.1",",7,24,","216.3","7","164.8",",7","152.7",",,,7","","","12.84",",7","17.03",",,,7","8.65",",,,7"
"USC00044500","2017-12","37.9566","-122.5447","44.2","KENTFIELD, CA US","365.6","7","0.0",",7","2",",7","0",",7","0",",7","","","","","0",",7","1",",7","0",",7","0",",7","0",",7","","","20171222",",,7","","","","","","","20171220","+,,7","20171216","+,,7","0.0",",7,22,","","","","","0.3",",,7,20,+","17.8",",7,16,+","473.9","7","257.6",",7","0.6",",,,7","","","10.02",",7","15.46",",,,7","4.59",",,,7"
"USC00044500","2018-01","37.9566","-122.5447","44.2","KENTFIELD, CA US","0.0","7","0.0",",7","13",",7","8",",7","3",",7","","","","","0",",7","0",",7","0",",7","0",",7","0",",7","","","20180126","+,,7","","","","","","","20180108",",,7","20180130",",,7","2.2",",7,26,+","","","","","69.1",",,7,08,","19.4",",7,30,","710.5","7","236.6",",7","218.2",",,,7","","","10.70",",7","14.51",",,,7","6.90",",,,7"
"USC00044500","2018-02","37.9566","-122.5447","44.2","KENTFIELD, CA US","0.0","7","0.0",",7","3",",7","2",",7","0",",7","","","","","0",",7","3",",7","0",",7","11",",7","0",",7","","","20180224","+,,7","","","","","","","20180226",",,7","20180210","+,,7","-0.6",",7,24,+","","","","","4.3",",,7,26,","24.4",",7,10,+","893.7","7","183.2",",7","7.1",",,,7","","","11.79",",7","18.49",",,,7","5.09",",,,7"
"USC00044500","2018-03","37.9566","-122.5447","44.2","KENTFIELD, CA US","0.0","7","0.0",",7","17",",7","14",",7","3",",7","","","","","0",",7","0",",7","0",",7","5",",7","0",",7","","","20180305","+,,7","","","","","","","20180321",",,7","20180330",",,7","0.6",",7,05,+","","","","","83.1",",,7,21,","27.8",",7,30,","1104.0","7","210.3",",7","318.2",",,,7","","","11.55",",7","16.96",",,,7","6.13",",,,7"
"USC00044500","2018-04","37.9566","-122.5447","44.2","KENTFIELD, CA US","0.3","7","0.3",",7","5",",7","5",",7","2",",7","","","","","0",",7","0",",7","0",",7","14",",7","0",",7","","","20180417",",,7","","","","","","","20180406",",,7","20180423",",,7","3.3",",7,17,","","","","","64.3",",,7,06,","27.8",",7,23,","1233.1","7","129.1",",7","116.6",",,,7","","","14.04",",7","20.31",",,,7","7.77",",,,7"
"USC00044500","2018-05","37.9566","-122.5447","44.2","KENTFIELD, CA US","11.5","7","11.2",",7","0",",7","0",",7","0",",7","","","","","0",",7","0",",7","0",",7","21",",7","1",",7","","","20180501",",,7","","","","","","","20180531","+,,7","20180529",",,7","6.1",",7,01,","","","","","0.0",",,7,31,+","32.8",",7,29,","1305.6","7","72.5",",7","0.0",",,,7","","","16.35",",7","22.49",",,,7","10.21",",,,7"
"USC00044500","2018-06","37.9566","-122.5447","44.2","KENTFIELD, CA US","57.7","7","46.2",",7","0",",7","0",",7","0",",7","","","","","0",",7","0",",7","0",",7","30",",7","5",",7","","","20180601",",,7","","","","","","","20180630","+,,7","20180624",",,7","7.8",",7,01,","","","","","0.0",",,7,30,+","38.9",",7,24,","1326.8","7","21.2",",7","0.0",",,,7","","","19.17",",7","27.59",",,,7","10.74",",,,7"
"USC00044500","2018-07","37.9566","-122.5447","44.2","KENTFIELD, CA US","126.5","7","68.8",",7","0",",7","0",",7","0",",7","","","","","0",",7","0",",7","0",",7","31",",7","4",",7","","","20180705","+,,7","","","","","","","20180731","+,,7","20180726",",,7","9.4",",7,05,+","","","","","0.0",",,7,31,+","33.3",",7,26,","3.6","7","3.6",",7","0.0",",,,7","","","20.43",",7","28.79",",,,7","12.07",",,,7"
"USC00044500","2018-08","37.9566","-122.5447","44.2","KENTFIELD, CA US","167.8","7","41.3",",7","0",",7","0",",7","0",",7","","","","","0",",7","0",",7","0",",7","31",",7","4",",7","","","20180819","+,,7","","","","","","","20180831","+,,7","20180811",",,7","9.4",",7,19,+","","","","","0.0",",,7,31,+","34.4",",7,11,","10.3","7","6.7",",7","0.0",",,,7","","","19.45",",7","27.02",",,,7","11.88",",,,7"
"USC00044500","2018-09","37.9566","-122.5447","44.2","KENTFIELD, CA US","183.6","7","15.8",",7","0",",7","0",",7","0",",7","","","","","0",",7","0",",7","0",",7","29",",7","2",",7","","","20180924",",,7","","","","","","","20180930","+,,7","20180921","+,,7","6.7",",7,24,","","","","","0.0",",T,7,30,+","32.2",",7,21,+","26.7","7","16.4",",7","0.0",",T,,7","","","18.32",",7","26.37",",,,7","10.26",",,,7"
"USC00044500","2018-10","37.9566","-122.5447","44.2","KENTFIELD, CA US","200.7","7","17.1",",7","2",",7","2",",7","1",",7","","","","","0",",7","0",",7","0",",7","29",",7","0",",7","","","20181018","+,,7","","","","","","","20181002",",,7","20181008",",,7","6.7",",7,18,+","","","","","32.5",",,7,02,","28.9",",7,08,","69.2","7","42.5",",7","44.7",",,,7","","","17.51",",7","24.59",",,,7","10.44",",,,7"
"USC00044500","2018-11","37.9566","-122.5447","44.2","KENTFIELD, CA US","202.2","7","1.5",",7","7",",7","7",",7","3",",7","","","","","0",",7","0",",7","0",",7","9",",7","0",",7","","","20181117","+,,7","","","","","","","20181123",",,7","20181102",",,7","2.8",",7,17,+","","","","","68.3",",,7,23,","27.2",",7,02,","215.4","7","146.2",",7","165.3",",,,7","","","13.51",",7","19.49",",,,7","7.53",",,,7"
"USC00044500","2018-12","37.9566","-122.5447","44.2","KENTFIELD, CA US","202.2","7","0.0",",7","12",",7","8",",7","0",",7","","","","","0",",7","0",",7","0",",7","0",",7","0",",7","","","20181230","+,,7","","","","","","","20181217",",,7","20181213","+,,7","2.8",",7,30,+","","","","","18.5",",,7,17,","16.7",",7,13,+","458.0","7","242.6",",7","82.7",",,,7","","","10.51",",7","14.13",",,,7","6.89",",,,7"
"USC00044500","2019-01","37.9566","-122.5447","44.2","KENTFIELD, CA US","0.0","7","0.0",",7","16",",7","13",",7","4",",7","","","","","0",",7","1",",7","0",",7","0",",7","0",",7","","","20190102",",,7","","","","","","","20190106",",,7","20190128",",,7","-0.6",",7,02,","","","","","75.7",",,7,06,","18.9",",7,28,","692.0","7","234.0",",7","270.6",",,,7","","","10.79",",7","14.65",",,,7","6.93",",,,7"
"USC00044500","2019-02","37.9566","-122.5447","44.2","KENTFIELD, CA US","0.0","7","0.0",",7","17",",7","15",",7","6",",7","","","","","0",",7","2",",7","0",",7","0",",7","0",",7","","","20190222",",,7","","","","","","","20190226",",,7","20190201",",,7","-0.6",",7,22,","","","","","118.1",",,7,26,","15.0",",7,01,","954.2","7","262.2",",7","520.3",",,,7","","","8.97",",7","12.69",",,,7","5.25",",,,7"
"USC00044500","2019-03","37.9566","-122.5447","44.2","KENTFIELD, CA US","0.0","7","0.0",",7","16",",7","13",",7","3",",7","","","","","0",",7","0",",7","0",",7","5",",7","0",",7","","","20190315",",,7","","","","","","","20190306",",,7","20190319","+,,7","2.8",",7,15,","","","","","54.4",",,7,06,","23.9",",7,19,+","1145.9","7","191.7",",7","229.3",",,,7","","","12.15",",7","17.39",",,,7","6.91",",,,7"
"USC00044500","2019-04","37.9566","-122.5447","44.2","KENTFIELD, CA US","9.2","7","9.2",",7","7",",7","3",",7","0",",7","","","","","0",",7","0",",7","0",",7","17",",7","0",",7","","","20190429","+,,7","","","","","","","20190405",",,7","20190424",",,7","6.7",",7,29,+","","","","","18.3",",,7,05,","31.7",",7,24,","1234.2","7","88.3",",7","30.8",",,,7","","","15.70",",7","22.04",",,,7","9.36",",,,7"
"USC00044500","2019-05","37.9566","-122.5447","44.2","KENTFIELD, CA US","9.2","7","0.0",",7","7",",7","6",",7","2",",7","","","","","0",",7","0",",7","0",",7","18",",7","0",",7","","","20190504","+,,7","","","","","","","20190519",",,7","20190529",",,7","5.6",",7,04,+","","","","","51.6",",,7,19,","26.1",",7,29,","1329.5","7","95.3",",7","130.8",",,,7","","","15.26",",7","21.15",",,,7","9.37",",,,7"
"USC00044500","2019-06","37.9566","-122.5447","44.2","KENTFIELD, CA US","69.1","7","59.9",",7","0",",7","0",",7","0",",7","","","","","0",",7","0",",7","0",",7","29",",7","4",",7","","","20190629","+,,7","","","","","","","20190630","+,,7","20190611",",,7","9.4",",7,29,+","","","","","0.0",",,7,30,+","38.9",",7,11,","1342.9","7","13.4",",7","0.0",",,,7","","","19.88",",7","27.60",",,,7","12.17",",,,7"
"USC00044500","2019-07","37.9566","-122.5447","44.2","KENTFIELD, CA US","114.4","7","45.3",",7","0",",7","0",",7","0",",7","","","","","0",",7","0",",7","0",",7","31",",7","3",",7","","","20190708","+,,7","","","","","","","20190731","+,,7","20190725","+,,7","10.0",",7,08,+","","","","","0.0",",,7,31,+","33.3",",7,25,+","6.1","7","6.1",",7","0.0",",,,7","","","19.60",",7","27.45",",,,7","11.75",",,,7"
"USC00044500","2019-08","37.9566","-122.5447","44.2","KENTFIELD, CA US","213.1","7","98.7",",7","0",",7","0",",7","0",",7","","","","","0",",7","0",",7","0",",7","31",",7","8",",7","","","20190818","+,,7","","","","","","","20190809",",,7","20190815",",,7","11.1",",7,18,+","","","","","0.0",",T,7,09,","38.3",",7,15,","7.8","7","1.7",",7","0.0",",T,,7","","","21.46",",7","29.61",",,,7","13.32",",,,7"
"USC00044500","2019-09","37.9566","-122.5447","44.2","KENTFIELD, CA US","295.0","7","81.9",",7","0",",7","0",",7","0",",7","","","","","0",",7","0",",7","0",",7","27",",7","7",",7","","","20190930","+,,7","","","","","","","20190918",",,7","20190914",",,7","9.4",",7,30,+","","","","","0.0",",T,7,18,","36.1",",7,14,","19.5","7","11.7",",7","0.0",",T,,7","","","20.67",",7","28.00",",,,7","13.34",",,,7"
"USC00044500","2019-10","37.9566","-122.5447","44.2","KENTFIELD, CA US","317.0","7","22.0","3,7","0","2,7","0","2,7","0","2,7","","","","","0","3,7","0","3,7","0","2,7","25","2,7","0","2,7","","","20191014",",3,7","","","","","","","20191031","+,2,7","20191007",",2,7","3.9","3,7,14,","","","","","0.0","2,,7,31,+","31.7","2,7,07,","75.1","7","55.6","2,7","0.0","2,,,7","","","17.06","3,7","25.04","2,,,7","9.09","3,,,7"
"USC00044500","2019-11","37.9566","-122.5447","44.2","KENTFIELD, CA US","317.0","7","0.0",",7","4",",7","3",",7","1",",7","","","","","0",",7","0",",7","0",",7","12",",7","0",",7","","","20191129",",,7","","","","","","","20191127",",,7","20191103",",,7","1.1",",7,29,","","","","","33.8",",,7,27,","25.0",",7,03,","236.0","7","160.9",",7","55.9",",,,7","","","12.97",",7","19.23",",,,7","6.71",",,,7"
"USC00044500","2019-12","37.9566","-122.5447","44.2","KENTFIELD, CA US","317.0","7","0.0",",7","19",",7","14",",7","5",",7","","","","","0",",7","0",",7","0",",7","0",",7","0",",7","","","20191228","+,,7","","","","","","","20191202",",,7","20191231",",,7","1.7",",7,28,+","","","","","91.4",",,7,02,","16.7",",7,31,","481.7","7","245.7",",7","424.9",",,,7","","","10.41",",7","13.66",",,,7","7.15",",,,7"
"USC00044500","2020-01","37.9566","-122.5447","44.2","KENTFIELD, CA US","0.0","7","0.0",",7","10",",7","5",",7","2",",7","","","","","0",",7","0",",7","0",",7","0",",7","0",",7","","","20200115",",,7","","","","","","","20200116",",,7","20200131",",,7","1.1",",7,15,","","","","","32.0",",,7,16,","19.4",",7,31,","726.6","7","244.9",",7","85.0",",,,7","","","10.43",",7","14.40",",,,7","6.47",",,,7"
"USC00044500","2020-02","37.9566","-122.5447","44.2","KENTFIELD, CA US","0.0","7","0.0",",7","0",",7","0",",7","0",",7","","","","","0",",7","0",",7","0",",7","13",",7","0",",7","","","20200205",",,7","","","","","","","20200229","+,,7","20200225","+,,7","1.7",",7,05,","","","","","0.0",",,7,29,+","24.4",",7,25,+","882.4","7","155.8",",7","0.0",",,,7","","","12.96",",7","19.86",",,,7","6.07",",,,7"
"USC00044500","2020-03","37.9566","-122.5447","44.2","KENTFIELD, CA US","0.0","7","0.0",",7","10",",7","5",",7","0",",7","","","","","0",",7","0",",7","0",",7","8",",7","0",",7","","","20200326",",,7","","","","","","","20200324",",,7","20200305","+,,7","2.2",",7,26,","","","","","14.7",",,7,24,","24.4",",7,05,+","1085.6","7","203.2",",7","51.2",",,,7","","","11.78",",7","17.11",",,,7","6.45",",,,7"
"USC00044500","2020-04","37.9566","-122.5447","44.2","KENTFIELD, CA US","4.6","7","4.6",",7","3",",7","3",",7","1",",7","","","","","0",",7","0",",7","0",",7","14",",7","0",",7","","","20200407",",,7","","","","","","","20200404",",,7","20200425",",,7","2.8",",7,07,","","","","","30.5",",,7,04,","28.3",",7,25,","1197.0","7","111.4",",7","51.6",",,,7","","","14.78",",7","20.64",",,,7","8.91",",,,7"
"USC00044500","2020-05","37.9566","-122.5447","44.2","KENTFIELD, CA US","36.3","7","31.7",",7","7",",7","4",",7","0",",7","","","","","0",",7","0",",7","0",",7","22",",7","5",",7","","","20200504",",,7","","","","","","","20200517",",,7","20200527",",,7","6.1",",7,04,","","","","","8.6",",,7,17,","36.7",",7,27,","1246.7","7","49.7",",7","34.3",",,,7","","","17.75",",7","24.83",",,,7","10.68",",,,7"
"USC00044500","2020-06","37.9566","-122.5447","44.2","KENTFIELD, CA US","96.0","7","59.7",",7","0",",7","0",",7","0",",7","","","","","0",",7","0",",7","0",",7","28",",7","5",",7","","","20200629","+,,7","","","","","","","20200630","+,,7","20200604",",,7","10.0",",7,29,+","","","","","0.0",",,7,30,+","35.6",",7,04,","1255.8","7","9.1",",7","0.0",",,,7","","","20.02",",7","27.99",",,,7","12.05",",,,7"
"USC00044500","2020-07","37.9566","-122.5447","44.2","KENTFIELD, CA US","138.5","7","42.5",",7","0",",7","0",",7","0",",7","","","","","0",",7","0",",7","0",",7","31",",7","3",",7","","","20200704","+,,7","","","","","","","20200731","+,,7","20200712",",,7","9.4",",7,04,+","","","","","0.0",",,7,31,+","33.3",",7,12,","4.5","7","4.5",",7","0.0",",,,7","","","19.56",",7","27.61",",,,7","11.51",",,,7"
"USC00044500","2020-08","37.9566","-122.5447","44.2","KENTFIELD, CA US","260.4","7","121.9",",7","1",",7","0",",7","0",",7","","","","","0",",7","0",",7","0",",7","31",",7","10",",7","","","20200828",",,7","","","","","","","20200816",",,7","20200815",",,7","10.0",",7,28,","","","","","1.8",",,7,16,","40.0",",7,15,","7.0","7","2.5",",7","1.8",",,,7","","","22.18",",7","30.59",",,,7","13.78",",,,7"
"USC00044500","2020-09","37.9566","-122.5447","44.2","KENTFIELD, CA US","370.2","7","109.8",",7","0",",7","0",",7","0",",7","","","","","0",",7","0",",7","0",",7","29",",7","7",",7","","","20200912",",,7","","","","","","","20200930","+,,7","20200907","+,,7","10.6",",7,12,","","","","","0.0",",,7,30,+","42.2",",7,07,+","10.3","7","3.3",",7","0.0",",,,7","","","21.88",",7","29.98",",,,7","13.78",",,,7"
"USC00044500","2020-10","37.9566","-122.5447","44.2","KENTFIELD, CA US","438.1","7","67.9",",7","0",",7","0",",7","0",",7","","","","","0",",7","0",",7","0",",7","29",",7","7",",7","","","20201030",",,7","","","","","","","20201031","+,,7","20201003",",,7","6.1",",7,30,","","","","","0.0",",,7,31,+","36.1",",7,03,","38.0","7","27.7",",7","0.0",",,,7","","","19.63",",7","27.92",",,,7","11.34",",,,7"
"USC00044500","2020-11","37.9566","-122.5447","44.2","KENTFIELD, CA US","439.3","7","1.2",",7","5",",7","3",",7","2",",7","","","","","0",",7","0",",7","0",",7","6",",7","0",",7","","","20201110",",,7","","","","","","","20201118",",,7","20201106","+,,7","1.1",",7,10,","","","","","25.9",",,7,18,","26.7",",7,06,+","221.9","7","183.9",",7","60.3",",,,7","","","12.24",",7","18.29",",,,7","6.20",",,,7"
"USC00044500","2020-12","37.9566","-122.5447","44.2","KENTFIELD, CA US","439.3","7","0.0",",7","9",",7","5",",7","1",",7","","","","","0",",7","0",",7","0",",7","2",",7","0",",7","","","20201230",",,7","","","","","","","20201213",",,7","20201207",",,7","1.1",",7,30,","","","","","38.6",",,7,13,","22.2",",7,07,","465.3","7","243.4",",7","84.6",",,,7","","","10.48",",7","15.53",",,,7","5.43",",,,7"
"USC00044500","2021-01","37.9566","-122.5447","44.2","KENTFIELD, CA US","0.0","7","0.0",",7","11",",7","5",",7","2",",7","","","","","0",",7","0",",7","0",",7","4",",7","0",",7","","","20210126",",,7","","","","","","","20210127",",,7","20210118",",,7","0.6",",7,26,","","","","","47.5",",,7,27,","25.6",",7,18,","704.1","7","238.8",",7","113.3",",,,7","","","10.63",",7","15.32",",,,7","5.94",",,,7"
"USC00044500","2021-02","37.9566","-122.5447","44.2","KENTFIELD, CA US","0.0","7","0.0",",7","7",",7","2",",7","1",",7","","","","","0",",7","0",",7","0",",7","3",",7","0",",7","","","20210208","+,,7","","","","","","","20210202",",,7","20210223",",,7","2.2",",7,08,+","","","","","26.7",",,7,02,","26.1",",7,23,","884.0","7","179.9",",7","41.5",",,,7","","","11.91",",7","17.51",",,,7","6.31",",,,7"
"USC00044500","2021-03","37.9566","-122.5447","44.2","KENTFIELD, CA US","0.0","7","0.0",",7","7",",7","7",",7","0",",7","","","","","0",",7","0",",7","0",",7","6",",7","0",",7","","","20210317",",,7","","","","","","","20210318",",,7","20210331",",,7","1.7",",7,17,","","","","","15.7",",,7,18,","25.6",",7,31,","1094.2","7","210.2",",7","69.5",",,,7","","","11.55",",7","17.58",",,,7","5.53",",,,7"
"USC00044500","2021-04","37.9566","-122.5447","44.2","KENTFIELD, CA US","0.0","7","0.0",",7","1",",7","1",",7","0",",7","","","","","0",",7","0",",7","0",",7","15",",7","0",",7","","","20210415",",,7","","","","","","","20210425",",,7","20210419","+,,7","3.3",",7,15,","","","","","4.6",",,7,25,","28.9",",7,19,+","1222.5","7","128.3",",7","4.6",",,,7","","","14.06",",7","21.65",",,,7","6.46",",,,7"
"USC00044500","2021-05","37.9566","-122.5447","44.2","KENTFIELD, CA US","13.0","7","13.0",",7","0",",7","0",",7","0",",7","","","","","0",",7","0",",7","0",",7","24",",7","0",",7","","","20210522",",,7","","","","","","","20210522",",,7","20210510",",,7","6.7",",7,22,","","","","","0.0",",T,7,22,","31.1",",7,10,","1281.8","7","59.3",",7","0.0",",T,,7","","","16.84",",7","24.52",",,,7","9.16",",,,7"
"USC00044500","2021-06","37.9566","-122.5447","44.2","KENTFIELD, CA US","68.3","7","55.3",",7","0",",7","0",",7","0",",7","","","","","0",",7","0",",7","0",",7","28",",7","4",",7","","","20210605",",,7","","","","","","","20210622",",,7","20210618","+,,7","8.3",",7,05,","","","","","0.0",",T,7,22,","39.4",",7,18,+","1298.0","7","16.2",",7","0.0",",T,,7","","","19.64",",7","27.20",",,,7","12.07",",,,7"
"USC00044500","2021-07","37.9566","-122.5447","44.2","KENTFIELD, CA US","119.5","7","51.2",",7","0",",7","0",",7","0",",7","","","","","0",",7","0",",7","0",",7","31",",7","2",",7","","","20210723","+,,7","","","","","","","20210731","+,,7","20210709",",,7","9.4",",7,23,+","","","","","0.0",",,7,31,+","35.0",",7,09,","2.0","7","2.0",",7","0.0",",,,7","","","19.92",",7","28.15",",,,7","11.69",",,,7"
"USC00044500","2021-08","37.9566","-122.5447","44.2","KENTFIELD, CA US","186.6","7","67.1",",7","0",",7","0",",7","0",",7","","","","","0",",7","0",",7","0",",7","31",",7","6",",7","","","20210826","+,,7","","","","","","","20210812",",,7","20210828",",,7","8.9",",7,26,+","","","","","0.0",",T,7,12,","36.1",",7,28,","5.3","7","3.3",",7","0.0",",T,,7","","","20.39",",7","28.74",",,,7","12.04",",,,7"
"USC00044500","2021-09","37.9566","-122.5447","44.2","KENTFIELD, CA US","236.4","7","49.8",",7","0",",7","0",",7","0",",7","","","","","0",",7","0",",7","0",",7","30",",7","6",",7","","","20210905","+,,7","","","","","","","20210910",",,7","20210908","+,,7","8.3",",7,05,+","","","","","0.0",",T,7,10,","33.9",",7,08,+","14.2","7","8.9",",7","0.0",",T,,7","","","19.70",",7","27.87",",,,7","11.52",",,,7"
"USC00044500","2021-10","37.9566","-122.5447","44.2","KENTFIELD, CA US","252.5","7","16.1",",7","8",",7","5",",7","5",",7","","","","","0",",7","0",",7","0",",7","18",",7","2",",7","","","20211019",",,7","","","","","","","20211024",",,7","20211003","+,,7","6.1",",7,19,","","","","","281.7",",,7,24,","32.2",",7,03,+","87.7","7","73.5",",7","517.4",",,,7","","","16.48",",7","22.70",",,,7","10.27",",,,7"
"USC00044500","2021-11","37.9566","-122.5447","44.2","KENTFIELD, CA US","252.5","7","0.0",",7","5",",7","4",",7","1",",7","","","","","0",",7","0",",7","0",",7","2",",7","0",",7","","","20211124",",,7","","","","","","","20211109",",,7","20211104",",,7","3.9",",7,24,","","","","","72.6",",,7,09,","21.7",",7,04,","239.9","7","152.2",",7","107.9",",,,7","","","13.26",",7","18.06",",,,7","8.46",",,,7"
"USC00044500","2021-12","37.9566","-122.5447","44.2","KENTFIELD, CA US","252.5","7","0.0",",7","15",",7","12",",7","7",",7","","","","","0",",7","0",",7","0",",7","1",",7","0",",7","","","20211211",",,7","","","","","","","20211213",",,7","20211201",",,7","1.1",",7,11,","","","","","82.3",",,7,13,","21.1",",7,01,","528.3","7","288.4",",7","419.2",",,,7","","","9.03",",7","12.16",",,,7","5.90",",,,7"
"USC00044500","2022-01","37.9566","-122.5447","44.2","KENTFIELD, CA US","0.0","7","0.0",",7","3",",7","3",",7","2",",7","","","","","0",",7","1",",7","0",",7","0",",7","0",",7","","","20220102",",,7","","","","","","","20220104",",,7","20220122","+,,7","0.0",",7,02,","","","","","38.4",",,7,04,","20.6",",7,22,+","776.1","7","247.8",",7","75.5",",,,7","","","10.34",",7","15.42",",,,7","5.25",",,,7"
"USC00044500","2022-02","37.9566","-122.5447","44.2","KENTFIELD, CA US","0.0","7","0.0",",7","2",",7","0",",7","0",",7","","","","","0",",7","2",",7","0",",7","11",",7","0",",7","","","20220224",",,7","","","","","","","20220222",",,7","20220212","+,,7","-1.1",",7,24,","","","","","0.8",",,7,22,","24.4",",7,12,+","955.8","7","179.7",",7","1.3",",,,7","","","11.92",",7","18.91",",,,7","4.92",",,,7"
"USC00044500","2022-03","37.9566","-122.5447","44.2","KENTFIELD, CA US","2.2","7","2.2",",7","7",",7","2",",7","0",",7","","","","","0",",7","0",",7","0",",7","12",",7","0",",7","","","20220307",",,7","","","","","","","20220328",",,7","20220323","+,,7","1.7",",7,07,","","","","","16.5",",,7,28,","28.9",",7,23,+","1107.5","7","151.7",",7","24.7",",,,7","","","13.51",",7","20.33",",,,7","6.70",",,,7"
"USC00044500","2022-04","37.9566","-122.5447","44.2","KENTFIELD, CA US","6.1","7","3.9",",7","7",",7","4",",7","0",",7","","","","","0",",7","0",",7","0",",7","14",",7","0",",7","","","20220418","+,,7","","","","","","","20220416",",,7","20220408",",,7","3.3",",7,18,+","","","","","23.9",",,7,16,","30.0",",7,08,","1238.6","7","131.1",",7","58.8",",,,7","","","14.09",",7","20.44",",,,7","7.74",",,,7"
"USC00044500","2022-05","37.9566","-122.5447","44.2","KENTFIELD, CA US","28.3","7","22.2",",7","0",",7","0",",7","0",",7","","","","","0",",7","0",",7","0",",7","22",",7","2",",7","","","20220511",",,7","","","","","","","20220509","+,,7","20220525","+,,7","5.0",",7,11,","","","","","0.0",",T,7,09,+","36.1",",7,25,+","1297.0","7","58.4",",7","0.0",",T,,7","","","17.17",",7","24.45",",,,7","9.88",",,,7"
"USC00044500","2022-06","37.9566","-122.5447","44.2","KENTFIELD, CA US","95.0","7","66.7",",7","1",",7","1",",7","0",",7","","","","","0",",7","0",",7","0",",7","29",",7","6",",7","","","20220601",",,7","","","","","","","20220605",",,7","20220622",",,7","8.3",",7,01,","","","","","8.1",",,7,05,","39.4",",7,22,","1305.3","7","8.3",",7","8.1",",,,7","","","20.28",",7","28.36",",,,7","12.20",",,,7"
"USC00044500","2022-07","37.9566","-122.5447","44.2","KENTFIELD, CA US","142.5","7","47.5",",7","0",",7","0",",7","0",",7","","","","","0",",7","0",",7","0",",7","30",",7","2",",7","","","20220724","+,,7","","","","","","","20220731","+,,7","20220711",",,7","9.4",",7,24,+","","","","","0.0",",,7,31,+","34.4",",7,11,","5.3","7","5.3",",7","0.0",",,,7","","","19.70",",7","27.40",",,,7","11.99",",,,7"
"USC00044500","2022-08","37.9566","-122.5447","44.2","KENTFIELD, CA US","224.5","7","82.0",",7","0",",7","0",",7","0",",7","","","","","0",",7","0",",7","0",",7","31",",7","6",",7","","","20220814",",,7","","","","","","","20220801",",,7","20220817","+,,7","10.6",",7,14,","","","","","0.0",",T,7,01,","34.4",",7,17,+","5.3","7","0.0",",7","0.0",",T,,7","","","20.98",",7","29.16",",,,7","12.80",",,,7"
"USC00044500","2022-09","37.9566","-122.5447","44.2","KENTFIELD, CA US","327.8","7","103.3",",7","3",",7","2",",7","0",",7","","","","","0",",7","0",",7","0",",7","29",",7","9",",7","","","20220927",",,7","","","","","","","20220918",",,7","20220906",",,7","9.4",",7,27,","","","","","20.1",",,7,18,","43.3",",7,06,","13.3","7","8.0",",7","24.7",",,,7","","","21.51",",7","29.68",",,,7","13.34",",,,7"
"USC00044500","2022-10","37.9566","-122.5447","44.2","KENTFIELD, CA US","338.1","7","10.3",",7","0",",7","0",",7","0",",7","","","","","0",",7","0",",7","0",",7","29",",7","1",",7","","","20221027",",,7","","","","","","","20221031","+,,7","20221020",",,7","5.0",",7,27,","","","","","0.0",",,7,31,+","32.8",",7,20,","65.1","7","51.8",",7","0.0",",,,7","","","16.99",",7","24.22",",,,7","9.77",",,,7"
"USC00044500","2022-11","37.9566","-122.5447","44.2","KENTFIELD, CA US","338.1","7","0.0",",7","4",",7","4",",7","1",",7","","","","","0",",7","1",",7","0",",7","0",",7","0",",7","","","20221130",",,7","","","","","","","20221108",",,7","20221125","+,,7","-0.6",",7,30,","","","","","29.2",",,7,08,","19.4",",7,25,+","299.1","7","234.0",",7","51.6",",,,7","","","10.53",",7","16.40",",,,7","4.66",",,,7"
"USC00044500","2022-12","37.9566","-122.5447","44.2","KENTFIELD, CA US","338.1","7","0.0",",7","14",",7","13",",7","4",",7","","","","","0",",7","1",",7","0",",7","0",",7","0",",7","","","20221202",",,7","","","","","","","20221227",",,7","20221230",",,7","-0.6",",7,02,","","","","","119.6",",,7,27,","16.7",",7,30,","599.5","7","300.4",",7","412.0",",,,7","","","8.64",",7","12.49",",,,7","4.79",",,,7"
"USC00044500","2023-01","37.9566","-122.5447","44.2","KENTFIELD, CA US","0.0","7","0.0",",7","17",",7","16",",7","8",",7","","","","","0",",7","3",",7","0",",7","0",",7","0",",7","","","20230131",",,7","","","","","","","20230109",",,7","20230125",",,7","-1.7",",7,31,","","","","","74.9",",,7,09,","19.4",",7,25,","855.1","7","255.6",",7","444.0",",,,7","","","10.09",",7","14.19",",,,7","5.98",",,,7"
"USC00044500","2023-02","37.9566","-122.5447","44.2","KENTFIELD, CA US","0.0","7","0.0",",7","9",",7","8",",7","4",",7","","","","","0",",7","1",",7","0",",7","0",",7","0",",7","","","20230216",",,7","","","","","","","20230224",",,7","20230213","+,,7","0.0",",7,16,","","","","","42.4",",,7,24,","20.6",",7,13,+","1110.1","7","255.0",",7","185.7",",,,7","","","9.23",",7","14.74",",,,7","3.71",",,,7"
"USC00044500","2023-03","37.9566","-122.5447","44.2","KENTFIELD, CA US","0.0","7","0.0",",7","19",",7","15",",7","7",",7","","","","","0",",7","0",",7","0",",7","0",",7","0",",7","","","20230327",",,7","","","","","","","20230310",",,7","20230318","+,,7","0.6",",7,27,","","","","","98.3",",,7,10,","18.9",",7,18,+","1375.9","7","265.8",",7","410.9",",,,7","","","9.76",",7","14.19",",,,7","5.33",",,,7"
"USC00044500","2023-04","37.9566","-122.5447","44.2","KENTFIELD, CA US","2.8","7","2.8",",7","2",",7","2",",7","1",",7","","","","","0",",7","0",",7","0",",7","12",",7","0",",7","","","20230405","+,,7","","","","","","","20230407",",,7","20230428",",,7","2.8",",7,05,+","","","","","42.2",",,7,07,","31.1",",7,28,","1515.3","7","139.4",",7","44.7",",,,7","","","13.78",",7","20.61",",,,7","6.95",",,,7"
"USC00044500","2023-05","37.9566","-122.5447","44.2","KENTFIELD, CA US","7.0","7","4.2",",7","5",",7","4",",7","1",",7","","","","","0",",7","0",",7","0",",7","16",",7","0",",7","","","20230507",",,7","","","","","","","20230503",",,7","20230514",",,7","6.1",",7,07,","","","","","26.7",",,7,03,","31.7",",7,14,","1615.1","7","99.8",",7","39.8",",,,7","","","15.25",",7","21.12",",,,7","9.38",",,,7"
"USC00044500","2023-06","37.9566","-122.5447","44.2","KENTFIELD, CA US","10.5","7","3.5",",7","1",",7","0",",7","0",",7","","","","","0",",7","0",",7","0",",7","28",",7","0",",7","","","20230602",",,7","","","","","","","20230606",",,7","20230630",",,7","7.2",",7,02,","","","","","1.0",",,7,06,","30.6",",7,30,","1655.2","7","40.1",",7","1.0",",,,7","","","17.11",",7","23.68",",,,7","10.54",",,,7"
"USC00044500","2023-07","37.9566","-122.5447","44.2","KENTFIELD, CA US","74.2","7","63.7",",7","0",",7","0",",7","0",",7","","","","","0",",7","0",",7","0",",7","31",",7","6",",7","","","20230713","+,,7","","","","","","","20230731","+,,7","20230702","+,,7","10.0",",7,13,+","","","","","0.0",",,7,31,+","34.4",",7,02,+","5.7","7","5.7",",7","0.0",",,,7","","","20.20",",7","28.80",",,,7","11.61",",,,7"
"USC00044500","2023-08","37.9566","-122.5447","44.2","KENTFIELD, CA US","182.2","7","108.0",",7","0",",7","0",",7","0",",7","","","","","0",",7","0",",7","0",",7","31",",7","8",",7","","","20230827","+,,7","","","","","","","20230831","+,,7","20230830","+,,7","10.6",",7,27,+","","","","","0.0",",,7,31,+","35.0",",7,30,+","6.5","7","0.8",",7","0.0",",,,7","","","21.79",",7","30.02",",,,7","13.56",",,,7"
"USC00044500","2023-09","37.9566","-122.5447","44.2","KENTFIELD, CA US","199.6","7","17.4",",7","3",",7","1",",7","0",",7","","","","","0",",7","0",",7","0",",7","30",",7","0",",7","","","20230923",",,7","","","","","","","20230930",",,7","20230909","+,,7","7.8",",7,23,","","","","","3.8",",,7,30,","30.6",",7,09,+","19.3","7","12.8",",7","5.6",",,,7","","","18.49",",7","25.29",",,,7","11.69",",,,7"
"USC00044500","2023-10","37.9566","-122.5447","44.2","KENTFIELD, CA US","242.4","7","42.8",",7","1",",7","1",",7","0",",7","","","","","0",",7","0",",7","0",",7","27",",7","5",",7","","","20231027",",,7","","","","","","","20231022",",,7","20231007",",,7","3.9",",7,27,","","","","","19.3",",,7,22,","35.0",",7,07,","73.3","7","54.0",",7","19.3",",,,7","","","17.97",",7","25.64",",,,7","10.30",",,,7"
"USC00044500","2023-11","37.9566","-122.5447","44.2","KENTFIELD, CA US","243.3","7","0.9",",7","8",",7","4",",7","1",",7","","","","","0",",7","0",",7","0",",7","6",",7","0",",7","","","20231127",",,7","","","","","","","20231118",",,7","20231103",",,7","2.2",",7,27,","","","","","57.9",",,7,18,","25.6",",7,03,","219.9","7","146.6",",7","94.2",",,,7","","","13.47",",7","19.02",",,,7","7.93",",,,7"
"USC00044500","2023-12","37.9566","-122.5447","44.2","KENTFIELD, CA US","243.3","7","0.0",",7","12",",7","10",",7","6",",7","","","","","0",",7","0",",7","0",",7","0",",7","0",",7","","","20231209",",,7","","","","","","","20231220",",,7","20231222",",,7","2.2",",7,09,","","","","","45.2",",,7,20,","18.3",",7,22,","435.7","7","215.8",",7","256.4",",,,7","","","11.37",",7","15.16",",,,7","7.58",",,,7"
"USC00044500","2024-01","37.9566","-122.5447","44.2","KENTFIELD, CA US","0.0","","0.0",",7","16",",7","12",",7","2",",7","","","","","0",",7","0",",7","0",",7","2",",7","0",",7","","","20240108","+,,7","","","","","","","20240122",",,7","20240130","+,,7","2.8",",7,08,+","","","","","78.7",",,7,22,","21.1",",7,30,+","651.8","","216.1",",7","250.7",",,,7","","","11.36",",7","14.98",",,,7","7.75",",,,7"
"USC00044500","2024-02","37.9566","-122.5447","44.2","KENTFIELD, CA US","0.0","","0.0",",7","15",",7","13",",7","2",",7","","","","","0",",7","0",",7","0",",7","2",",7","0",",7","","","20240208",",,7","","","","","","","20240201",",,7","20240225","+,,7","2.2",",7,08,","","","","","79.0",",,7,01,","21.7",",7,25,+","854.4","","202.6",",7","270.3",",,,7","","","11.35",",7","15.96",",,,7","6.73",",,,7"
"USC00044500","2024-03","37.9566","-122.5447","44.2","KENTFIELD, CA US","0.9","","0.9",",7","14",",7","13",",7","3",",7","","","","","0",",7","0",",7","0",",7","5",",7","0",",7","","","20240303",",,7","","","","","","","20240328",",,7","20240316","+,,7","3.9",",7,03,","","","","","26.2",",,7,28,","22.8",",7,16,+","1040.5","","186.1",",7","168.1",",,,7","","","12.36",",7","16.95",",,,7","7.76",",,,7"
"USC00044500","2024-04","37.9566","-122.5447","44.2","KENTFIELD, CA US","1.5","","0.6",",7","4",",7","4",",7","0",",7","","","","","0",",7","0",",7","0",",7","15",",7","0",",7","","","20240406",",,7","","","","","","","20240413",",,7","20240422",",,7","2.8",",7,06,","","","","","15.5",",,7,13,","27.2",",7,22,","1166.5","","126.0",",7","34.6",",,,7","","","14.15",",7","20.44",",,,7","7.86",",,,7"
"USC00044500","2024-05","37.9566","-122.5447","44.2","KENTFIELD, CA US","14.3","","12.8",",7","1",",7","1",",7","1",",7","","","","","0",",7","0",",7","0",",7","26",",7","0",",7","","","20240526","+,,7","","","","","","","20240504",",,7","20240531",",,7","6.7",",7,26,+","","","","","36.3",",,7,04,","31.7",",7,31,","1230.0","","63.5",",7","36.3",",,,7","","","16.70",",7","24.00",",,,7","9.40",",,,7"
