"STATION","DATE","LATITUDE","LONGITUDE","ELEVATION","NAME","CDSD","CDSD_ATTRIBUTES","CLDD","CLDD_ATTRIBUTES","DP01","DP01_ATTRIBUTES","DP10","DP10_ATTRIBUTES","DP1X","DP1X_ATTRIBUTES","DSND","DSND_ATTRIBUTES","DSNW","DSNW_ATTRIBUTES","DT00","DT00_ATTRIBUTES","DT32","DT32_ATTRIBUTES","DX32","DX32_ATTRIBUTES","DX70","DX70_ATTRIBUTES","DX90","DX90_ATTRIBUTES","DYFG","DYFG_ATTRIBUTES","DYNT","DYNT_ATTRIBUTES","DYSD","DYSD_ATTRIBUTES","DYSN","DYSN_ATTRIBUTES","DYTS","DYTS_ATTRIBUTES","DYXP","DYXP_ATTRIBUTES","DYXT","DYXT_ATTRIBUTES","EMNT","EMNT_ATTRIBUTES","EMSD","EMSD_ATTRIBUTES","EMSN","EMSN_ATTRIBUTES","EMXP","EMXP_ATTRIBUTES","EMXT","EMXT_ATTRIBUTES","HDSD","HDSD_ATTRIBUTES","HTDD","HTDD_ATTRIBUTES","PRCP","PRCP_ATTRIBUTES","SNOW","SNOW_ATTRIBUTES","TAVG","TAVG_ATTRIBUTES","TMAX","TMAX_ATTRIBUTES","TMIN","TMIN_ATTRIBUTES"
"USC00441082","1950-09","37.0679","-78.9517","124.4","BROOKNEAL, VA US","","","","","11",",0","8",",0","1",",0","0",",0","0",",0","","","","","","","","","","","","","","","19500930","+,,0","19500930","+,,0","","","19500903",",,0","","","","","0",",,0,30,+","0",",,0,30,+","25.9",",,0,03,","","","","","","","118.1",",,,0","0",",,,0","","","","","",""
"USC00441082","1950-10","37.0679","-78.9517","124.4","BROOKNEAL, VA US","","","","","6",",0","6",",0","0",",0","0",",0","0","1,0","","","","","","","","","","","","","","","19501031","+,,0","19501031","+,1,0","","","19501024",",,0","","","","","0",",,0,31,+","0","1,,0,31,+","20.1",",,0,24,","","","","","","","70.9",",,,0","0","1,,,0","","","","","",""
"USC00441082","1950-11","37.0679","-78.9517","124.4","BROOKNEAL, VA US","","","","","5",",0","3",",0","0",",0","0","3,0","0","1,0","","","","","","","","","","","","","","","19501130","+,3,0","19501111",",1,0","1","","19501125",",,0","","","","","0","3,,0,30,+","0","1,T,0,11,","11.4",",,0,25,","","","","","","","27.9",",,,0","0","1,T,,0","","","","","",""
"USC00441082","1950-12","37.0679","-78.9517","124.4","BROOKNEAL, VA US","","","","","5",",0","5",",0","1",",0","1","4,0","1",",0","","","","","","","","","","","","","","","19501211",",4,0","19501211",",,0","","","19501204",",,0","","","","","127","4,,0,11,","127",",,0,11,","33.0",",,0,04,","","","","","","","72.6",",,,0","127",",,,0","","","","","",""
"USC00441082","1951-01","37.0679","-78.9517","124.4","BROOKNEAL, VA US","","","","","5",",0","5",",0","0",",0","0","1,0","0","1,0","","","","","","","","","","","4","","","","19510131","+,1,0","19510131","+,1,0","","","19510108",",,0","","","","","0","1,,0,31,+","0","1,,0,31,+","7.1",",,0,08,","","","","","","","24.1",",,,0","0","1,,,0","","","","","",""
"USC00441082","1951-02","37.0679","-78.9517","124.4","BROOKNEAL, VA US","","","","","7",",0","5",",0","0",",0","1",",0","0","1,0","","","","","","","","","","","6","","","","19510210",",,0","19510210",",1,0","","","19510217",",,0","","","","","25",",,0,10,","13","1,,0,10,","14.5",",,0,17,","","","","","","","32.0",",,,0","13","1,,,0","","","","","",""
"USC00441082","1951-03","37.0679","-78.9517","124.4","BROOKNEAL, VA US","","","","","13",",0","9",",0","0",",0","0",",0","0",",0","","","","","","","","","","","5","","","","19510331","+,,0","19510331","+,,0","","","19510314",",,0","","","","","0",",,0,31,+","0",",,0,31,+","24.9",",,0,14,","","","","","","","75.5",",,,0","0",",,,0","","","","","",""
"USC00441082","1951-04","37.0679","-78.9517","124.4","BROOKNEAL, VA US","","","","","9",",0","7",",0","1",",0","0",",0","0",",0","","","","","","","","","","","","","","","19510430","+,,0","19510430","+,,0","2","","19510403",",,0","","","","","0",",,0,30,+","0",",,0,30,+","36.1",",,0,03,","","","","","","","99.2",",,,0","0",",,,0","","","","","",""
"USC00441082","1951-05","37.0679","-78.9517","124.4","BROOKNEAL, VA US","","","","","6","1,0","5","1,0","0","1,0","0",",0","0",",0","","","","","","","","","","","","","","","19510531","+,,0","19510512",",,0","3","","19510511",",1,0","","","","","0",",,0,31,+","0",",T,0,12,","11.7","1,,0,11,","","","","","","","37.2","1,,,0","0",",T,,0","","","","","",""
"USC00441082","1951-06","37.0679","-78.9517","124.4","BROOKNEAL, VA US","","","","","10","1,0","9","1,0","0","1,0","0",",0","0",",0","","","","","","","","","","","","","","","19510630","+,,0","19510614",",,0","11","","19510610",",1,0","","","","","0",",,0,30,+","0",",T,0,14,","24.9","1,,0,10,","","","","","","","84.4","1,,,0","0",",T,,0","","","","","",""
"USC00441082","1951-07","37.0679","-78.9517","124.4","BROOKNEAL, VA US","","","","","6",",0","6",",0","0",",0","0",",0","0",",0","","","","","","","","","","","","","","","19510731","+,,0","19510731","+,,0","8","","19510720",",,0","","","","","0",",,0,31,+","0",",,0,31,+","17.0",",,0,20,","","","","","","","69.6",",,,0","0",",,,0","","","","","",""
"USC00441082","1951-08","37.0679","-78.9517","124.4","BROOKNEAL, VA US","","","","","9",",0","6",",0","1",",0","0",",0","0",",0","","","","","","","","","","","","","","","19510831","+,,0","19510831","+,,0","8","","19510808",",,0","","","","","0",",,0,31,+","0",",,0,31,+","27.4",",,0,08,","","","","","","","76.8",",,,0","0",",,,0","","","","","",""
"USC00441082","1951-09","37.0679","-78.9517","124.4","BROOKNEAL, VA US","","","","","3",",0","2",",0","1",",0","0",",0","0",",0","","","","","","","","","","","2","","","","19510930","+,,0","19510930","+,,0","2","","19510903",",,0","","","","","0",",,0,30,+","0",",,0,30,+","36.1",",,0,03,","","","","","","","58.2",",,,0","0",",,,0","","","","","",""
"USC00441082","1951-10","37.0679","-78.9517","124.4","BROOKNEAL, VA US","","","","","5",",0","5",",0","1",",0","0",",0","0",",0","","","","","","","","","","","3","","","","19511031","+,,0","19511031","+,,0","","","19511008",",,0","","","","","0",",,0,31,+","0",",,0,31,+","27.7",",,0,08,","","","","","","","52.1",",,,0","0",",,,0","","","","","",""
"USC00441082","1951-11","37.0679","-78.9517","124.4","BROOKNEAL, VA US","","","","","9",",0","7",",0","1",",0","0",",0","0",",0","","","","","","","","","","","2","","","","19511130","+,,0","19511130","+,,0","","","19511101",",,0","","","","","0",",,0,30,+","0",",,0,30,+","52.8",",,0,01,","","","","","","","126.0",",,,0","0",",,,0","","","","","",""
"USC00441082","1951-12","37.0679","-78.9517","124.4","BROOKNEAL, VA US","","","","","4",",0","4",",0","2",",0","0",",0","1",",0","","","","","","","","","","","5","","","","19511231","+,,0","19511221",",,0","","","19511221",",,0","","","","","0",",,0,31,+","25",",,0,21,","35.6",",,0,21,","","","","","","","82.9",",,,0","25",",,,0","","","","","",""
"USC00441082","1952-01","37.0679","-78.9517","124.4","BROOKNEAL, VA US","","","","","11",",0","8",",0","0",",0","0",",0","0",",0","","","","","","","","","","","4","","","","19520131","+,,0","19520107",",,0","","","19520129",",,0","","","","","0",",,0,31,+","13",",,0,07,","20.3",",,0,29,","","","","","","","97.0",",,,0","13",",,,0","","","","","",""
"USC00441082","1952-02","37.0679","-78.9517","124.4","BROOKNEAL, VA US","","","","","7",",0","6",",0","1",",0","2",",0","1","1,0","","","","","","","","","","","1","","","","19520224",",,0","19520224",",1,0","","","19520204",",,0","","","","","51",",,0,24,","61","1,,0,24,","32.5",",,0,04,","","","","","","","68.6",",,,0","61","1,,,0","","","","","",""
"USC00441082","1952-03","37.0679","-78.9517","124.4","BROOKNEAL, VA US","","","","","7",",0","7",",0","1",",0","0",",0","0",",0","","","","","","","","","","","2","","","","19520331","+,,0","19520331","+,,0","1","","19520311",",,0","","","","","0",",,0,31,+","0",",,0,31,+","27.9",",,0,11,","","","","","","","111.5",",,,0","0",",,,0","","","","","",""
"USC00441082","1952-04","37.0679","-78.9517","124.4","BROOKNEAL, VA US","","","","","7",",0","5",",0","2",",0","0",",0","0",",0","","","","","","","","","","","","","","","19520430","+,,0","19520414",",,0","1","","19520425",",,0","","","","","0",",,0,30,+","0",",T,0,14,","40.1",",,0,25,","","","","","","","113.5",",,,0","0",",T,,0","","","","","",""
"USC00441082","1952-05","37.0679","-78.9517","124.4","BROOKNEAL, VA US","","","","","9",",0","6",",0","1",",0","0",",0","0",",0","","","","","","","","","","","1","","","","19520531","+,,0","19520531","+,,0","4","","19520525",",,0","","","","","0",",,0,31,+","0",",,0,31,+","29.5",",,0,25,","","","","","","","87.2",",,,0","0",",,,0","","","","","",""
"USC00441082","1952-06","37.0679","-78.9517","124.4","BROOKNEAL, VA US","","","","","8",",0","6",",0","1",",0","0",",0","0",",0","","","","","","","","","","","1","","","","19520630","+,,0","19520630","+,,0","5","","19520618",",,0","","","","","0",",,0,30,+","0",",,0,30,+","30.0",",,0,18,","","","","","","","95.5",",,,0","0",",,,0","","","","","",""
"USC00441082","1952-07","37.0679","-78.9517","124.4","BROOKNEAL, VA US","","","","","9",",0","7",",0","0",",0","0",",0","0",",0","","","","","","","","","","","1","","","","19520731","+,,0","19520731","+,,0","6","","19520708",",,0","","","","","0",",,0,31,+","0",",,0,31,+","24.6",",,0,08,","","","","","","","111.6",",,,0","0",",,,0","","","","","",""
"USC00441082","1952-08","37.0679","-78.9517","124.4","BROOKNEAL, VA US","","","","","12",",0","9",",0","1",",0","0",",0","0",",0","","","","","","","","","","","2","","","","19520831","+,,0","19520831","+,,0","9","","19520810",",,0","","","","","0",",,0,31,+","0",",,0,31,+","29.5",",,0,10,","","","","","","","97.1",",,,0","0",",,,0","","","","","",""
"USC00441082","1952-09","37.0679","-78.9517","124.4","BROOKNEAL, VA US","","","","","5",",0","5",",0","1",",0","0",",0","0",",0","","","","","","","","","","","4","","","","19520930","+,,0","19520930","+,,0","","","19520901",",,0","","","","","0",",,0,30,+","0",",,0,30,+","74.7",",,0,01,","","","","","","","92.6",",,,0","0",",,,0","","","","","",""
"USC00441082","1952-10","37.0679","-78.9517","124.4","BROOKNEAL, VA US","","","","","4",",0","4",",0","0",",0","0",",0","0",",0","","","","","","","","","","","2","","","","19521031","+,,0","19521031","+,,0","","","19521010",",,0","","","","","0",",,0,31,+","0",",,0,31,+","13.7",",,0,10,","","","","","","","35.3",",,,0","0",",,,0","","","","","",""
"USC00441082","1952-11","37.0679","-78.9517","124.4","BROOKNEAL, VA US","","","","","10",",0","6",",0","2",",0","0",",0","0",",0","","","","","","","","","","","","","","","19521130","+,,0","19521130",",,0","","","19521120",",,0","","","","","0",",,0,30,+","13",",,0,30,","51.3",",,0,20,","","","","","","","119.4",",,,0","13",",,,0","","","","","",""
"USC00441082","1952-12","37.0679","-78.9517","124.4","BROOKNEAL, VA US","","","","","6",",0","4",",0","1",",0","0",",0","0",",0","","","","","","","","","","","","","","","19521231","+,,0","19521202",",,0","1","","19521211",",,0","","","","","0",",,0,31,+","13",",,0,02,","30.0",",,0,11,","","","","","","","71.9",",,,0","13",",,,0","","","","","",""
"USC00441082","1953-01","37.0679","-78.9517","124.4","BROOKNEAL, VA US","","","","","10",",0","7",",0","0",",0","0",",0","0",",0","","","","","","","","","","","3","","","","19530131","+,,0","19530131","+,,0","","","19530124",",,0","","","","","0",",,0,31,+","0",",,0,31,+","22.4",",,0,24,","","","","","","","88.4",",,,0","0",",,,0","","","","","",""
"USC00441082","1953-02","37.0679","-78.9517","124.4","BROOKNEAL, VA US","","","","","9",",0","5",",0","0",",0","0",",0","0",",0","","","","","","","","","","","3","","","","19530228","+,,0","19530228","+,,0","","","19530215","+,,0","","","","","0",",,0,28,+","0",",,0,28,+","19.8",",,0,15,+","","","","","","","83.4",",,,0","0",",,,0","","","","","",""
"USC00441082","1953-03","37.0679","-78.9517","124.4","BROOKNEAL, VA US","","","","","9","1,0","6","1,0","1","1,0","2",",0","1",",0","","","","","","","","","","","3","","","","19530303","+,,0","19530302",",,0","","","19530302",",1,0","","","","","102",",,0,03,+","102",",,0,02,","52.1","1,,0,02,","","","","","","","112.4","1,,,0","102",",,,0","","","","","",""
"USC00441082","1953-04","37.0679","-78.9517","124.4","BROOKNEAL, VA US","","","12.8",",0","5",",0","4",",0","1",",0","0",",0","0",",0","0",",0","1",",0","0",",0","15",",0","0",",0","1","","19530420",",,0","19530430","+,,0","19530430","+,,0","2","","19530413",",,0","19530410",",,0","0.0",",0,20,","0",",,0,30,+","0",",,0,30,+","35.1",",,0,13,","30.0",",0,10,","","","125.6",",0","66.1",",,,0","0",",,,0","14.58",",0","20.72",",,,0","8.43",",,,0"
"USC00441082","1953-05","37.0679","-78.9517","124.4","BROOKNEAL, VA US","","","","","8",",0","6",",0","1",",0","0",",0","0",",0","","","","","","","","","","","2","","","","19530531","+,,0","19530531","+,,0","5","","19530519",",,0","","","","","0",",,0,31,+","0",",,0,31,+","34.0",",,0,19,","","","","","","","70.1",",,,0","0",",,,0","","","","","",""
"USC00441082","1953-06","37.0679","-78.9517","124.4","BROOKNEAL, VA US","","","","","7",",0","5",",0","0",",0","0",",0","0",",0","","","","","","","","","","","","","","","19530630","+,,0","19530630","+,,0","6","","19530617",",,0","","","","","0",",,0,30,+","0",",,0,30,+","23.6",",,0,17,","","","","","","","65.7",",,,0","0",",,,0","","","","","",""
"USC00441082","1953-07","37.0679","-78.9517","124.4","BROOKNEAL, VA US","","","","","4",",0","4",",0","0",",0","0",",0","0",",0","","","","","","","","","","","","","","","19530731","+,,0","19530731","+,,0","4","","19530720",",,0","","","","","0",",,0,31,+","0",",,0,31,+","24.6",",,0,20,","","","","","","","93.2",",,,0","0",",,,0","","","","","",""
"USC00441082","1953-08","37.0679","-78.9517","124.4","BROOKNEAL, VA US","","","","","4",",0","4",",0","0",",0","0",",0","0",",0","","","","","","","","","","","1","","","","19530831","+,,0","19530831","+,,0","4","","19530802",",,0","","","","","0",",,0,31,+","0",",,0,31,+","23.1",",,0,02,","","","","","","","61.4",",,,0","0",",,,0","","","","","",""
"USC00441082","1953-09","37.0679","-78.9517","124.4","BROOKNEAL, VA US","","","","","6",",0","4",",0","1",",0","0",",0","0",",0","","","","","","","","","","","1","","","","19530930","+,,0","19530930","+,,0","3","","19530906",",,0","","","","","0",",,0,30,+","0",",,0,30,+","40.1",",,0,06,","","","","","","","60.2",",,,0","0",",,,0","","","","","",""
"USC00441082","1953-10","37.0679","-78.9517","124.4","BROOKNEAL, VA US","","","","","3",",0","3",",0","0",",0","0",",0","0",",0","","","","","","","","","","","3","","","","19531031","+,,0","19531028",",,0","3","","19531028",",,0","","","","","0",",,0,31,+","0",",T,0,28,","16.0",",,0,28,","","","","","","","38.3",",,,0","0",",T,,0","","","","","",""
"USC00441082","1953-11","37.0679","-78.9517","124.4","BROOKNEAL, VA US","","","","","4",",0","2",",0","0",",0","1",",0","0",",0","","","","","","","","","","","2","","","","19531107",",,0","19531107",",,0","1","","19531121",",,0","","","","","25",",,0,07,","13",",,0,07,","10.2",",,0,21,","","","","","","","18.1",",,,0","13",",,,0","","","","","",""
"USC00441082","1953-12","37.0679","-78.9517","124.4","BROOKNEAL, VA US","","","","","9",",0","6",",0","1",",0","0",",0","0",",0","","","","","","","","","","","5","","","","19531231","+,,0","19531231","+,,0","","","19531214",",,0","","","","","0",",,0,31,+","0",",,0,31,+","30.0",",,0,14,","","","","","","","76.6",",,,0","0",",,,0","","","","","",""
"USC00441082","1954-01","37.0679","-78.9517","124.4","BROOKNEAL, VA US","","","","","8",",0","6",",0","2",",0","2",",0","1",",0","","","","","","","","","","","2","","","","19540124","+,,0","19540123",",,0","1","","19540116",",,0","","","","","76",",,0,24,+","76",",,0,23,","35.6",",,0,16,","","","","","","","110.5",",,,0","89",",,,0","","","","","",""
"USC00441082","1954-02","37.0679","-78.9517","124.4","BROOKNEAL, VA US","","","","","3",",0","2",",0","1",",0","0",",0","0",",0","","","","","","","","","","","","","","","19540228","+,,0","19540205",",,0","1","","19540221",",,0","","","","","0",",,0,28,+","0",",T,0,05,","30.0",",,0,21,","","","","","","","41.7",",,,0","0",",T,,0","","","","","",""
"USC00441082","1954-03","37.0679","-78.9517","124.4","BROOKNEAL, VA US","","","","","10",",0","8",",0","0",",0","0",",0","0",",0","","","","","","","","","","","2","","","","19540331","+,,0","19540331","+,,0","1","","19540301",",,0","","","","","0",",,0,31,+","0",",,0,31,+","24.9",",,0,01,","","","","","","","87.1",",,,0","0",",,,0","","","","","",""
"USC00441082","1954-04","37.0679","-78.9517","124.4","BROOKNEAL, VA US","","","","","5",",0","5",",0","2",",0","0",",0","0",",0","","","","","","","","","","","3","","","","19540430","+,,0","19540409",",,0","2","","19540417",",,0","","","","","0",",,0,30,+","0",",T,0,09,","37.6",",,0,17,","","","","","","","89.4",",,,0","0",",T,,0","","","","","",""
"USC00441082","1954-05","37.0679","-78.9517","124.4","BROOKNEAL, VA US","","","","","11",",0","8",",0","1",",0","0",",0","0",",0","","","","","","","","","","","","","","","19540531","+,,0","19540531","+,,0","4","","19540515",",,0","","","","","0",",,0,31,+","0",",,0,31,+","28.4",",,0,15,","","","","","","","114.0",",,,0","0",",,,0","","","","","",""
"USC00441082","1954-06","37.0679","-78.9517","124.4","BROOKNEAL, VA US","","","","","6",",0","6",",0","0",",0","0",",0","0",",0","","","","","","","","","","","1","","","","19540630","+,,0","19540609",",,0","4","","19540609",",,0","","","","","0",",,0,30,+","0",",T,0,09,","13.2",",,0,09,","","","","","","","41.1",",,,0","0",",T,,0","","","","","",""
"USC00441082","1954-07","37.0679","-78.9517","124.4","BROOKNEAL, VA US","","","","","8",",0","7",",0","1",",0","0",",0","0",",0","","","","","","","","","","","","","","","19540731","+,,0","19540716","+,,0","7","","19540721",",,0","","","","","0",",,0,31,+","0",",T,0,16,+","40.1",",,0,21,","","","","","","","109.5",",,,0","0",",T,,0","","","","","",""
"USC00441082","1954-08","37.0679","-78.9517","124.4","BROOKNEAL, VA US","","","","","9",",0","7",",0","2",",0","0",",0","0",",0","","","","","","","","","","","2","","","","19540831","+,,0","19540831","+,,0","9","","19540828",",,0","","","","","0",",,0,31,+","0",",,0,31,+","38.6",",,0,28,","","","","","","","133.5",",,,0","0",",,,0","","","","","",""
"USC00441082","1954-09","37.0679","-78.9517","124.4","BROOKNEAL, VA US","","","","","3",",0","3",",0","0",",0","0",",0","0",",0","","","","","","","","","","","","","","","19540930","+,,0","19540930","+,,0","3","","19540920",",,0","","","","","0",",,0,30,+","0",",,0,30,+","16.8",",,0,20,","","","","","","","32.0",",,,0","0",",,,0","","","","","",""
"USC00441082","1954-10","37.0679","-78.9517","124.4","BROOKNEAL, VA US","","","","","6",",0","6",",0","2",",0","0",",0","0",",0","","","","","","","","","","","1","","","","19541031","+,,0","19541031","+,,0","2","","19541016",",,0","","","","","0",",,0,31,+","0",",,0,31,+","72.6",",,0,16,","","","","","","","122.3",",,,0","0",",,,0","","","","","",""
"USC00441082","1954-11","37.0679","-78.9517","124.4","BROOKNEAL, VA US","","","","","11",",0","10",",0","0",",0","0",",0","0",",0","","","","","","","","","","","2","","","","19541130","+,,0","19541124",",,0","1","","19541120",",,0","","","","","0",",,0,30,+","0",",T,0,24,","24.6",",,0,20,","","","","","","","105.1",",,,0","0",",T,,0","","","","","",""
"USC00441082","1954-12","37.0679","-78.9517","124.4","BROOKNEAL, VA US","","","","","8",",0","6",",0","0",",0","0",",0","0",",0","","","","","","","","","","","1","","","","19541206",",,0","19541206",",,0","","","19541214",",,0","","","","","0",",T,0,06,","8",",,0,06,","22.9",",,0,14,","","","","","","","57.9",",,,0","8",",,,0","","","","","",""
"USC00441082","1955-01","37.0679","-78.9517","124.4","BROOKNEAL, VA US","","","","","6",",0","0",",0","0",",0","4",",0","5",",0","","","","","","","","","","","","","","","19550112",",,0","19550119","+,,0","","","19550102",",,0","","","","","76",",,0,12,","51",",,0,19,+","2.0",",,0,02,","","","","","","","5.6",",,,0","177",",,,0","","","","","",""
"USC00441082","1955-02","37.0679","-78.9517","124.4","BROOKNEAL, VA US","","","","","9",",0","8",",0","1",",0","0",",0","0",",0","","","","","","","","","","","","","","","19550228","+,,0","19550228","+,,0","","","19550207",",,0","","","","","0",",,0,28,+","0",",,0,28,+","30.5",",,0,07,","","","","","","","102.3",",,,0","0",",,,0","","","","","",""
"USC00441082","1955-03","37.0679","-78.9517","124.4","BROOKNEAL, VA US","","","","","15",",0","15",",0","0",",0","0",",0","0",",0","","","","","","","","","","","1","","","","19550331","+,,0","19550320","+,,0","3","","19550306",",,0","","","","","0",",,0,31,+","0",",T,0,20,+","17.8",",,0,06,","","","","","","","103.0",",,,0","0",",T,,0","","","","","",""
"USC00441082","1955-04","37.0679","-78.9517","124.4","BROOKNEAL, VA US","","","","","7",",0","7",",0","1",",0","0",",0","0",",0","","","","","","","","","","","3","","","","19550430","+,,0","19550430","+,,0","4","","19550414",",,0","","","","","0",",,0,30,+","0",",,0,30,+","30.5",",,0,14,","","","","","","","100.8",",,,0","0",",,,0","","","","","",""
"USC00441082","1955-05","37.0679","-78.9517","124.4","BROOKNEAL, VA US","","","","","9",",0","9",",0","1",",0","0",",0","0",",0","","","","","","","","","","","","","","","19550531","+,,0","19550531","+,,0","6","","19550514",",,0","","","","","0",",,0,31,+","0",",,0,31,+","30.2",",,0,14,","","","","","","","102.8",",,,0","0",",,,0","","","","","",""
"USC00441082","1955-06","37.0679","-78.9517","124.4","BROOKNEAL, VA US","","","","","6",",0","5",",0","1",",0","0",",0","0",",0","","","","","","","","","","","","","","","19550630","+,,0","19550630","+,,0","3","","19550608",",,0","","","","","0",",,0,30,+","0",",,0,30,+","29.7",",,0,08,","","","","","","","100.3",",,,0","0",",,,0","","","","","",""
"USC00441082","1955-07","37.0679","-78.9517","124.4","BROOKNEAL, VA US","","","","","6",",0","6",",0","0",",0","0",",0","0",",0","","","","","","","","","","","","","","","19550731","+,,0","19550731","+,,0","7","","19550713",",,0","","","","","0",",,0,31,+","0",",,0,31,+","18.3",",,0,13,","","","","","","","69.6",",,,0","0",",,,0","","","","","",""
"USC00441082","1955-08","37.0679","-78.9517","124.4","BROOKNEAL, VA US","","","","","8",",0","8",",0","2",",0","0",",0","0",",0","","","","","","","","","","","","","","","19550831","+,,0","19550831","+,,0","3","","19550818",",,0","","","","","0",",,0,31,+","0",",,0,31,+","85.9",",,0,18,","","","","","","","203.2",",,,0","0",",,,0","","","","","",""
"USC00441082","1955-09","37.0679","-78.9517","124.4","BROOKNEAL, VA US","","","","","6",",0","6",",0","1",",0","0",",0","0",",0","","","","","","","","","","","4","","","","19550930","+,,0","19550930","+,,0","","","19550903",",,0","","","","","0",",,0,30,+","0",",,0,30,+","37.6",",,0,03,","","","","","","","61.7",",,,0","0",",,,0","","","","","",""
"USC00441082","1955-10","37.0679","-78.9517","124.4","BROOKNEAL, VA US","","","","","6",",0","6",",0","0",",0","0",",0","0",",0","","","","","","","","","","","1","","","","19551031","+,,0","19551031","+,,0","1","","19551008",",,0","","","","","0",",,0,31,+","0",",,0,31,+","14.7",",,0,08,","","","","","","","40.3",",,,0","0",",,,0","","","","","",""
"USC00441082","1955-11","37.0679","-78.9517","124.4","BROOKNEAL, VA US","","","","","4",",0","4",",0","0",",0","0",",0","0",",0","","","","","","","","","","","","","","","19551130","+,,0","19551130","+,,0","","","19551111",",,0","","","","","0",",,0,30,+","0",",,0,30,+","19.8",",,0,11,","","","","","","","43.7",",,,0","0",",,,0","","","","","",""
"USC00441082","1955-12","37.0679","-78.9517","124.4","BROOKNEAL, VA US","","","","","6",",0","4",",0","0",",0","0",",0","0",",0","","","","","","","","","","","","","","","19551231","+,,0","19551231","+,,0","","","19551210",",,0","","","","","0",",,0,31,+","0",",,0,31,+","5.1",",,0,10,","","","","","","","17.8",",,,0","0",",,,0","","","","","",""
"USC00441082","1956-01","37.0679","-78.9517","124.4","BROOKNEAL, VA US","","","","","7",",0","4",",0","0",",0","0",",0","0",",0","","","","","","","","","","","1","","","","19560126",",,0","19560126",",,0","","","19560111",",,0","","","","","0",",T,0,26,","0",",T,0,26,","8.6",",,0,11,","","","","","","","27.7",",,,0","0",",T,,0","","","","","",""
"USC00441082","1956-02","37.0679","-78.9517","124.4","BROOKNEAL, VA US","","","","","14",",0","10",",0","0",",0","0",",0","0",",0","","","","","","","","","","","1","","","","19560202",",,0","19560202",",,0","","","19560207",",,0","","","","","0",",T,0,02,","0",",T,0,02,","24.4",",,0,07,","","","","","","","95.3",",,,0","0",",T,,0","","","","","",""
"USC00441082","1956-03","37.0679","-78.9517","124.4","BROOKNEAL, VA US","","","","","13",",0","10",",0","0",",0","0",",0","0",",0","","","","","","","","","","","1","","","","19560331","+,,0","19560331","+,,0","1","","19560316",",,0","","","","","0",",,0,31,+","0",",,0,31,+","20.3",",,0,16,","","","","","","","86.2",",,,0","0",",,,0","","","","","",""
"USC00441082","1956-04","37.0679","-78.9517","124.4","BROOKNEAL, VA US","","","","","7",",0","6",",0","0",",0","0",",0","0",",0","","","","","","","","","","","1","","","","19560430","+,,0","19560430","+,,0","1","","19560416",",,0","","","","","0",",,0,30,+","0",",,0,30,+","22.9",",,0,16,","","","","","","","76.0",",,,0","0",",,,0","","","","","",""
"USC00441082","1956-05","37.0679","-78.9517","124.4","BROOKNEAL, VA US","","","","","9",",0","5",",0","0",",0","0",",0","0",",0","","","","","","","","","","","","","","","19560531","+,,0","19560531","+,,0","1","","19560516",",,0","","","","","0",",,0,31,+","0",",,0,31,+","13.5",",,0,16,","","","","","","","35.0",",,,0","0",",,,0","","","","","",""
"USC00441082","1956-06","37.0679","-78.9517","124.4","BROOKNEAL, VA US","","","","","6",",0","4",",0","0",",0","0",",0","0",",0","","","","","","","","","","","","","","","19560630","+,,0","19560630","+,,0","1","","19560602",",,0","","","","","0",",,0,30,+","0",",,0,30,+","16.0",",,0,02,","","","","","","","39.1",",,,0","0",",,,0","","","","","",""
"USC00441082","1956-07","37.0679","-78.9517","124.4","BROOKNEAL, VA US","","","","","11",",0","10",",0","0",",0","0",",0","0",",0","","","","","","","","","","","","","","","19560731","+,,0","19560731","+,,0","9","","19560725",",,0","","","","","0",",,0,31,+","0",",,0,31,+","17.5",",,0,25,","","","","","","","91.0",",,,0","0",",,,0","","","","","",""
"USC00441082","1956-08","37.0679","-78.9517","124.4","BROOKNEAL, VA US","","","","","4",",0","4",",0","0",",0","0",",0","0",",0","","","","","","","","","","","2","","","","19560831","+,,0","19560831","+,,0","2","","19560821",",,0","","","","","0",",,0,31,+","0",",,0,31,+","9.7",",,0,21,","","","","","","","24.3",",,,0","0",",,,0","","","","","",""
"USC00441082","1956-09","37.0679","-78.9517","124.4","BROOKNEAL, VA US","","","","","10",",0","7",",0","2",",0","0",",0","0",",0","","","","","","","","","","","3","","","","19560930","+,,0","19560930","+,,0","1","","19560927",",,0","","","","","0",",,0,30,+","0",",,0,30,+","55.4",",,0,27,","","","","","","","135.9",",,,0","0",",,,0","","","","","",""
"USC00441082","1956-10","37.0679","-78.9517","124.4","BROOKNEAL, VA US","","","","","10",",0","9",",0","1",",0","0",",0","0",",0","","","","","","","","","","","","","","","19561031","+,,0","19561031","+,,0","1","","19561022",",,0","","","","","0",",,0,31,+","0",",,0,31,+","33.0",",,0,22,","","","","","","","82.6",",,,0","0",",,,0","","","","","",""
"USC00441082","1956-11","37.0679","-78.9517","124.4","BROOKNEAL, VA US","","","","","6",",0","4",",0","0",",0","0","1,0","0",",0","","","","","","","","","","","2","","","","19561126","+,1,0","19561126","+,,0","","","19561118",",,0","","","","","0","1,T,0,26,+","0",",T,0,26,+","22.9",",,0,18,","","","","","","","52.6",",,,0","0",",T,,0","","","","","",""
"USC00441082","1956-12","37.0679","-78.9517","124.4","BROOKNEAL, VA US","","","","","7",",0","7",",0","0",",0","0",",0","0",",0","","","","","","","","","","","5","","","","19561231","+,,0","19561231","+,,0","","","19561216",",,0","","","","","0",",,0,31,+","0",",,0,31,+","13.7",",,0,16,","","","","","","","55.6",",,,0","0",",,,0","","","","","",""
"USC00441082","1957-01","37.0679","-78.9517","124.4","BROOKNEAL, VA US","","","","","14",",0","11",",0","0",",0","3",",0","2",",0","","","","","","","","","","","4","","","","19570116",",,0","19570116",",,0","","","19570131",",,0","","","","","51",",,0,16,","51",",,0,16,","10.7",",,0,31,","","","","","","","74.5",",,,0","76",",,,0","","","","","",""
"USC00441082","1957-02","37.0679","-78.9517","124.4","BROOKNEAL, VA US","","","","","11",",0","10",",0","0",",0","0",",0","0",",0","","","","","","","","","","","6","","","","19570216",",,0","19570216",",,0","","","19570226",",,0","","","","","0",",T,0,16,","0",",T,0,16,","20.3",",,0,26,","","","","","","","102.8",",,,0","0",",T,,0","","","","","",""
"USC00441082","1957-03","37.0679","-78.9517","124.4","BROOKNEAL, VA US","","","","","9",",0","6",",0","1",",0","0",",0","0",",0","","","","","","","","","","","","","","","19570331","+,,0","19570331","+,,0","","","19570301",",,0","","","","","0",",,0,31,+","0",",,0,31,+","34.3",",,0,01,","","","","","","","79.5",",,,0","0",",,,0","","","","","",""
"USC00441082","1957-04","37.0679","-78.9517","124.4","BROOKNEAL, VA US","","","","","7",",0","6",",0","2",",0","0",",0","0",",0","","","","","","","","","","","","","","","19570430","+,,0","19570430","+,,0","3","","19570409",",,0","","","","","0",",,0,30,+","0",",,0,30,+","43.7",",,0,09,","","","","","","","130.9",",,,0","0",",,,0","","","","","",""
"USC00441082","1957-05","37.0679","-78.9517","124.4","BROOKNEAL, VA US","","","","","5",",0","4",",0","0",",0","0",",0","0",",0","","","","","","","","","","","","","","","19570531","+,,0","19570531","+,,0","2","","19570520",",,0","","","","","0",",,0,31,+","0",",,0,31,+","23.4",",,0,20,","","","","","","","48.0",",,,0","0",",,,0","","","","","",""
"USC00441082","1957-06","37.0679","-78.9517","124.4","BROOKNEAL, VA US","","","","","6",",0","6",",0","1",",0","0",",0","0",",0","","","","","","","","","","","1","","","","19570630","+,,0","19570630","+,,0","3","","19570606",",,0","","","","","0",",,0,30,+","0",",,0,30,+","31.5",",,0,06,","","","","","","","105.2",",,,0","0",",,,0","","","","","",""
"USC00441082","1957-07","37.0679","-78.9517","124.4","BROOKNEAL, VA US","","","","","5",",0","2",",0","0",",0","0",",0","0",",0","","","","","","","","","","","","","","","19570731","+,,0","19570731","+,,0","2","","19570724",",,0","","","","","0",",,0,31,+","0",",,0,31,+","16.0",",,0,24,","","","","","","","35.6",",,,0","0",",,,0","","","","","",""
"USC00441082","1957-08","37.0679","-78.9517","124.4","BROOKNEAL, VA US","","","","","7",",0","6",",0","1",",0","0",",0","0",",0","","","","","","","","","","","","","","","19570831","+,,0","19570831","+,,0","2","","19570819",",,0","","","","","0",",,0,31,+","0",",,0,31,+","51.3",",,0,19,","","","","","","","108.3",",,,0","0",",,,0","","","","","",""
"USC00441082","1957-09","37.0679","-78.9517","124.4","BROOKNEAL, VA US","","","","","12",",0","12",",0","1",",0","0",",0","0",",0","","","","","","","","","","","6","","","","19570930","+,,0","19570930","+,,0","3","","19570917",",,0","","","","","0",",,0,30,+","0",",,0,30,+","36.8",",,0,17,","","","","","","","172.3",",,,0","0",",,,0","","","","","",""
"USC00441082","1957-10","37.0679","-78.9517","124.4","BROOKNEAL, VA US","","","","","8",",0","3",",0","0",",0","0",",0","0",",0","","","","","","","","","","","","","","","19571031","+,,0","19571031","+,,0","","","19571018",",,0","","","","","0",",,0,31,+","0",",,0,31,+","12.2",",,0,18,","","","","","","","24.4",",,,0","0",",,,0","","","","","",""
"USC00441082","1957-11","37.0679","-78.9517","124.4","BROOKNEAL, VA US","","","","","12",",0","10",",0","0",",0","0",",0","0",",0","","","","","","","","","","","","","","","19571130","+,,0","19571130","+,,0","4","","19571118",",,0","","","","","0",",,0,30,+","0",",,0,30,+","23.9",",,0,18,","","","","","","","147.0",",,,0","0",",,,0","","","","","",""
"USC00441082","1957-12","37.0679","-78.9517","124.4","BROOKNEAL, VA US","","","","","9",",0","8",",0","0",",0","0",",0","0","1,0","","","","","","","","","","","","","","","19571231","+,,0","19571231","+,1,0","","","19571208",",,0","","","","","0",",,0,31,+","0","1,,0,31,+","23.4",",,0,08,","","","","","","","85.2",",,,0","0","1,,,0","","","","","",""
"USC00441082","1958-01","37.0679","-78.9517","124.4","BROOKNEAL, VA US","","","","","7",",0","6",",0","1",",0","1",",0","1",",0","","","","","","","","","","","","","","","19580125",",,0","19580125",",,0","","","19580125",",,0","","","","","25",",,0,25,","64",",,0,25,","28.4",",,0,25,","","","","","","","90.1",",,,0","64",",,,0","","","","","",""
"USC00441082","1958-02","37.0679","-78.9517","124.4","BROOKNEAL, VA US","","","","","7",",0","7",",0","2",",0","9",",0","2",",0","","","","","","","","","","","","","","","19580216",",,0","19580216",",,0","","","19580216",",,0","","","","","279",",,0,16,","279",",,0,16,","35.6",",,0,16,","","","","","","","111.2",",,,0","304",",,,0","","","","","",""
"USC00441082","1958-03","37.0679","-78.9517","124.4","BROOKNEAL, VA US","","","","","9",",0","9",",0","1",",0","2",",0","2",",0","","","","","","","","","","","","","","","19580310",",,0","19580310",",,0","","","19580331",",,0","","","","","51",",,0,10,","51",",,0,10,","27.4",",,0,31,","","","","","","","104.9",",,,0","89",",,,0","","","","","",""
"USC00441082","1958-04","37.0679","-78.9517","124.4","BROOKNEAL, VA US","","","","","7",",0","7",",0","2",",0","0",",0","0",",0","","","","","","","","","","","","","","","19580430","+,,0","19580430","+,,0","1","","19580423",",,0","","","","","0",",,0,30,+","0",",,0,30,+","61.0",",,0,23,","","","","","","","149.3",",,,0","0",",,,0","","","","","",""
"USC00441082","1958-07","37.0679","-78.9517","124.4","BROOKNEAL, VA US","","","","","6","2,0","5","2,0","0","2,0","0",",0","0",",0","","","","","","","","","","","","","","","19580731","+,,0","19580731","+,,0","","","19580728","+,2,0","","","","","0",",,0,31,+","0",",,0,31,+","10.2","2,,0,28,+","","","","","","","53.3",",a,,0","0",",,,0","","","","","",""
"USC00441082","1958-08","37.0679","-78.9517","124.4","BROOKNEAL, VA US","","","","","8",",0","8",",0","3",",0","0",",0","0",",0","","","","","","","","","","","","","","","19580831","+,,0","19580831","+,,0","","","19580825",",,0","","","","","0",",,0,31,+","0",",,0,31,+","66.5",",,0,25,","","","","","","","168.1",",,,0","0",",,,0","","","","","",""
"USC00441082","1958-09","37.0679","-78.9517","124.4","BROOKNEAL, VA US","","","","","1",",0","1",",0","0",",0","0",",0","0",",0","","","","","","","","","","","","","","","19580930","+,,0","19580930","+,,0","","","19580921",",,0","","","","","0",",,0,30,+","0",",,0,30,+","20.3",",,0,21,","","","","","","","20.3",",,,0","0",",,,0","","","","","",""
"USC00441082","1958-10","37.0679","-78.9517","124.4","BROOKNEAL, VA US","","","","","4",",0","3",",0","1",",0","0",",0","0",",0","","","","","","","","","","","","","","","19581031","+,,0","19581031","+,,0","","","19581001",",,0","","","","","0",",,0,31,+","0",",,0,31,+","55.9",",,0,01,","","","","","","","86.6",",,,0","0",",,,0","","","","","",""
"USC00441082","1958-11","37.0679","-78.9517","124.4","BROOKNEAL, VA US","","","","","1","1,0","1","1,0","0","1,0","0",",0","0",",0","","","","","","","","","","","","","","","19581130","+,,0","19581130","+,,0","","","19581102",",1,0","","","","","0",",,0,30,+","0",",,0,30,+","16.0","1,,0,02,","","","","","","","16.0","1,,,0","0",",,,0","","","","","",""
"USC00441082","1958-12","37.0679","-78.9517","124.4","BROOKNEAL, VA US","","","","","3","2,0","3","2,0","1","2,0","0","5,0","0","1,0","","","","","","","","","","","","","","","19581231","+,5,0","19581231","+,1,0","","","19581204",",2,0","","","","","0","5,,0,31,+","0","1,,0,31,+","27.9","2,,0,04,","","","","","","","104.4",",a,,0","0","1,,,0","","","","","",""
"USC00441082","1959-01","37.0679","-78.9517","124.4","BROOKNEAL, VA US","","","","","4",",0","4",",0","0",",0","0","2,0","0","2,0","","","","","","","","","","","","","","","19590131","+,2,0","19590131","+,2,0","","","19590109",",,0","","","","","0","2,,0,31,+","0","2,,0,31,+","22.9",",,0,09,","","","","","","","48.8",",,,0","0","2,,,0","","","","","",""
"USC00441082","1959-02","37.0679","-78.9517","124.4","BROOKNEAL, VA US","","","","","4",",0","4",",0","0",",0","0",",0","0",",0","","","","","","","","","","","","","","","19590228","+,,0","19590228","+,,0","","","19590213",",,0","","","","","0",",,0,28,+","0",",,0,28,+","15.2",",,0,13,","","","","","","","48.2",",,,0","0",",,,0","","","","","",""
"USC00441082","1959-03","37.0679","-78.9517","124.4","BROOKNEAL, VA US","","","","","3",",0","3",",0","1",",0","0",",0","0",",0","","","","","","","","","","","","","","","19590331","+,,0","19590331","+,,0","","","19590327",",,0","","","","","0",",,0,31,+","0",",,0,31,+","26.7",",,0,27,","","","","","","","62.2",",,,0","0",",,,0","","","","","",""
"USC00441082","1959-04","37.0679","-78.9517","124.4","BROOKNEAL, VA US","","","","","9",",0","9",",0","0",",0","0",",0","0",",0","","","","","","","","","","","","","","","19590430","+,,0","19590430","+,,0","","","19590412",",,0","","","","","0",",,0,30,+","0",",,0,30,+","21.6",",,0,12,","","","","","","","99.2",",,,0","0",",,,0","","","","","",""
"USC00441082","1959-05","37.0679","-78.9517","124.4","BROOKNEAL, VA US","","","","","3",",0","3",",0","0",",0","0",",0","0",",0","","","","","","","","","","","","","","","19590531","+,,0","19590531","+,,0","","","19590514",",,0","","","","","0",",,0,31,+","0",",,0,31,+","10.2",",,0,14,","","","","","","","23.1",",,,0","0",",,,0","","","","","",""
"USC00441082","1959-06","37.0679","-78.9517","124.4","BROOKNEAL, VA US","","","","","3",",0","3",",0","2",",0","0",",0","0",",0","","","","","","","","","","","","","","","19590630","+,,0","19590630","+,,0","","","19590604",",,0","","","","","0",",,0,30,+","0",",,0,30,+","38.1",",,0,04,","","","","","","","86.3",",,,0","0",",,,0","","","","","",""
"USC00441082","1959-07","37.0679","-78.9517","124.4","BROOKNEAL, VA US","","","","","7",",0","7",",0","0",",0","0",",0","0",",0","","","","","","","","","","","","","","","19590731","+,,0","19590731","+,,0","","","19590710",",,0","","","","","0",",,0,31,+","0",",,0,31,+","11.4",",,0,10,","","","","","","","46.9",",,,0","0",",,,0","","","","","",""
"USC00441082","1959-08","37.0679","-78.9517","124.4","BROOKNEAL, VA US","","","","","4",",0","4",",0","1",",0","0",",0","0",",0","","","","","","","","","","","","","","","19590831","+,,0","19590831","+,,0","","","19590824",",,0","","","","","0",",,0,31,+","0",",,0,31,+","29.2",",,0,24,","","","","","","","49.5",",,,0","0",",,,0","","","","","",""
"USC00441082","1959-09","37.0679","-78.9517","124.4","BROOKNEAL, VA US","","","","","1","4,0","1","4,0","1","4,0","0",",0","0",",0","","","","","","","","","","","","","","","19590930","+,,0","19590930","+,,0","","","19590930",",4,0","","","","","0",",,0,30,+","0",",,0,30,+","50.8","4,,0,30,","","","","","","","50.8","4,,,0","0",",,,0","","","","","",""
"USC00441082","1959-10","37.0679","-78.9517","124.4","BROOKNEAL, VA US","","","","","9",",0","9",",0","2",",0","0",",0","0",",0","","","","","","","","","","","","","","","19591031","+,,0","19591031","+,,0","","","19591009",",,0","","","","","0",",,0,31,+","0",",,0,31,+","66.0",",,0,09,","","","","","","","183.5",",,,0","0",",,,0","","","","","",""
"USC00441082","1959-11","37.0679","-78.9517","124.4","BROOKNEAL, VA US","","","","","4",",0","3",",0","1",",0","0",",0","0",",0","","","","","","","","","","","","","","","19591130","+,,0","19591130","+,,0","","","19591125",",,0","","","","","0",",,0,30,+","0",",,0,30,+","30.5",",,0,25,","","","","","","","53.6",",,,0","0",",,,0","","","","","",""
"USC00441082","1959-12","37.0679","-78.9517","124.4","BROOKNEAL, VA US","","","","","4","2,0","4","2,0","1","2,0","0",",0","0",",0","","","","","","","","","","","","","","","19591231","+,,0","19591231","+,,0","","","19591219",",2,0","","","","","0",",,0,31,+","0",",,0,31,+","30.5","2,,0,19,","","","","","","","106.7",",a,,0","0",",,,0","","","","","",""
"USC00441082","1960-01","37.0679","-78.9517","124.4","BROOKNEAL, VA US","","","","","6",",0","6",",0","0",",0","","","","","","","","","","","","","","","","","","","","","","","","","19600103",",,0","","","","","","","","","19.1",",,0,03,","","","","","","","57.5",",,,0","","","","","","","",""
"USC00441082","1960-02","37.0679","-78.9517","124.4","BROOKNEAL, VA US","","","","","5",",0","5",",0","3",",0","","","","","","","","","","","","","","","","","","","","","","","","","19600206",",,0","","","","","","","","","34.3",",,0,06,","","","","","","","123.7",",,,0","","","","","","","",""
"USC00441082","1960-03","37.0679","-78.9517","124.4","BROOKNEAL, VA US","","","","","2","3,0","2","3,0","1","3,0","","","","","","","","","","","","","","","","","","","","","","","","","19600303",",3,0","","","","","","","","","40.6","3,,0,03,","","","","","","","60.9","1,a,,0","","","","","","","",""
"USC00441082","1960-04","37.0679","-78.9517","124.4","BROOKNEAL, VA US","","","","","6",",0","5",",0","1",",0","0",",0","0",",0","","","","","","","","","","","","","","","19600430","+,,0","19600430","+,,0","","","19600405",",,0","","","","","0",",,0,30,+","0",",,0,30,+","29.2",",,0,05,","","","","","","","84.0",",,,0","0",",,,0","","","","","",""
"USC00441082","1960-05","37.0679","-78.9517","124.4","BROOKNEAL, VA US","","","","","7",",0","7",",0","3",",0","0",",0","0",",0","","","","","","","","","","","","","","","19600531","+,,0","19600531","+,,0","","","19600508",",,0","","","","","0",",,0,31,+","0",",,0,31,+","72.4",",,0,08,","","","","","","","159.3",",,,0","0",",,,0","","","","","",""
"USC00441082","1960-06","37.0679","-78.9517","124.4","BROOKNEAL, VA US","","","","","4",",0","4",",0","0",",0","0",",0","0",",0","","","","","","","","","","","","","","","19600630","+,,0","19600630","+,,0","","","19600620",",,0","","","","","0",",,0,30,+","0",",,0,30,+","13.2",",,0,20,","","","","","","","36.5",",,,0","0",",,,0","","","","","",""
"USC00441082","1960-08","37.0679","-78.9517","124.4","BROOKNEAL, VA US","","","","","11",",0","11",",0","2",",0","0",",0","0",",0","","","","","","","","","","","","","","","19600831","+,,0","19600831","+,,0","","","19600822",",,0","","","","","0",",,0,31,+","0",",,0,31,+","57.2",",,0,22,","","","","","","","149.7",",,,0","0",",,,0","","","","","",""
"USC00441082","1960-09","37.0679","-78.9517","124.4","BROOKNEAL, VA US","","","","","8",",0","8",",0","2",",0","0",",0","0",",0","","","","","","","","","","","","","","","19600930","+,,0","19600930","+,,0","","","19600912",",,0","","","","","0",",,0,30,+","0",",,0,30,+","48.3",",,0,12,","","","","","","","147.9",",,,0","0",",,,0","","","","","",""
"USC00441082","1960-10","37.0679","-78.9517","124.4","BROOKNEAL, VA US","","","","","3",",0","3",",0","0",",0","0",",0","0",",0","","","","","","","","","","","","","","","19601031","+,,0","19601031","+,,0","","","19601020",",,0","","","","","0",",,0,31,+","0",",,0,31,+","16.5",",,0,20,","","","","","","","29.2",",,,0","0",",,,0","","","","","",""
"USC00441082","1960-11","37.0679","-78.9517","124.4","BROOKNEAL, VA US","","","","","2",",0","1",",0","0",",0","0",",0","0",",0","","","","","","","","","","","","","","","19601130","+,,0","19601130","+,,0","","","19601101",",,0","","","","","0",",,0,30,+","0",",,0,30,+","10.2",",,0,01,","","","","","","","10.5",",,,0","0",",,,0","","","","","",""
"USC00441082","1960-12","37.0679","-78.9517","124.4","BROOKNEAL, VA US","","","","","2",",0","2",",0","0",",0","","","","","","","","","","","","","","","","","","","","","","","","","19601212",",,0","","","","","","","","","20.3",",,0,12,","","","","","","","30.5",",,,0","","","","","","","",""
"USC00441082","1961-01","37.0679","-78.9517","124.4","BROOKNEAL, VA US","","","","","6",",0","6",",0","1",",0","","","","","","","","","","","","","","","","","","","","","","","","","19610101",",,0","","","","","","","","","34.3",",,0,01,","","","","","","","80.8",",,,0","","","","","","","",""
"USC00441082","1961-02","37.0679","-78.9517","124.4","BROOKNEAL, VA US","","","","","","","","","","","","","","","","","","","","","","","","","6","","","","","","","","","","","","","","","","","","","","","","","","","","","","","","","","","","","","",""
"USC00441082","1961-03","37.0679","-78.9517","124.4","BROOKNEAL, VA US","","","","","13",",0","11",",0","2",",0","0",",0","0",",0","","","","","","","","","","","6","","","","19610331","+,,0","19610331","+,,0","","","19610322",",,0","","","","","0",",,0,31,+","0",",,0,31,+","30.5",",,0,22,","","","","","","","116.9",",,,0","0",",,,0","","","","","",""
"USC00441082","1961-04","37.0679","-78.9517","124.4","BROOKNEAL, VA US","","","","","7",",0","5",",0","3",",0","0",",0","0",",0","","","","","","","","","","","","","","","19610430","+,,0","19610430","+,,0","","","19610410",",,0","","","","","0",",,0,30,+","0",",,0,30,+","44.2",",,0,10,","","","","","","","128.3",",,,0","0",",,,0","","","","","",""
"USC00441082","1961-05","37.0679","-78.9517","124.4","BROOKNEAL, VA US","","","","","10",",0","8",",0","0",",0","0",",0","0",",0","","","","","","","","","","","","","","","19610531","+,,0","19610531","+,,0","","","19610502",",,0","","","","","0",",,0,31,+","0",",,0,31,+","17.8",",,0,02,","","","","","","","74.9",",,,0","0",",,,0","","","","","",""
"USC00441082","1961-06","37.0679","-78.9517","124.4","BROOKNEAL, VA US","","","","","12",",0","10",",0","2",",0","0",",0","0",",0","","","","","","","","","","","","","","","19610630","+,,0","19610630","+,,0","","","19610621",",,0","","","","","0",",,0,30,+","0",",,0,30,+","28.4",",,0,21,","","","","","","","183.9",",,,0","0",",,,0","","","","","",""
"USC00441082","1961-07","37.0679","-78.9517","124.4","BROOKNEAL, VA US","","","","","10",",0","8",",0","0",",0","0",",0","0",",0","","","","","","","","","","","","","","","19610731","+,,0","19610731","+,,0","","","19610721",",,0","","","","","0",",,0,31,+","0",",,0,31,+","14.7",",,0,21,","","","","","","","72.1",",,,0","0",",,,0","","","","","",""
"USC00441082","1961-08","37.0679","-78.9517","124.4","BROOKNEAL, VA US","","","","","11",",0","10",",0","2",",0","0",",0","0",",0","","","","","","","","","","","","","","","19610831","+,,0","19610831","+,,0","","","19610821",",,0","","","","","0",",,0,31,+","0",",,0,31,+","41.1",",,0,21,","","","","","","","193.1",",,,0","0",",,,0","","","","","",""
"USC00441082","1961-09","37.0679","-78.9517","124.4","BROOKNEAL, VA US","","","","","5",",0","4",",0","0",",0","0",",0","0",",0","","","","","","","","","","","","","","","19610930","+,,0","19610930","+,,0","","","19610921",",,0","","","","","0",",,0,30,+","0",",,0,30,+","18.8",",,0,21,","","","","","","","44.8",",,,0","0",",,,0","","","","","",""
"USC00441082","1961-10","37.0679","-78.9517","124.4","BROOKNEAL, VA US","","","","","5",",0","4",",0","1",",0","0",",0","0",",0","","","","","","","","","","","","","","","19611031","+,,0","19611031","+,,0","","","19611021",",,0","","","","","0",",,0,31,+","0",",,0,31,+","36.1",",,0,21,","","","","","","","80.5",",,,0","0",",,,0","","","","","",""
"USC00441082","1961-11","37.0679","-78.9517","124.4","BROOKNEAL, VA US","","","","","8",",0","4",",0","1",",0","0",",0","0",",0","","","","","","","","","","","","","","","19611130","+,,0","19611120",",,0","","","19611107",",,0","","","","","0",",,0,30,+","0",",T,0,20,","31.8",",,0,07,","","","","","","","65.6",",,,0","0",",T,,0","","","","","",""
"USC00441082","1961-12","37.0679","-78.9517","124.4","BROOKNEAL, VA US","","","","","8",",0","6",",0","1",",0","0",",0","0",",0","","","","","","","","","","","","","","","19611228",",,0","19611228",",,0","","","19611212",",,0","","","","","0",",T,0,28,","3",",,0,28,","46.5",",,0,12,","","","","","","","124.9",",,,0","3",",,,0","","","","","",""
"USC00441082","1962-01","37.0679","-78.9517","124.4","BROOKNEAL, VA US","","","","","12",",0","10",",0","0",",0","12",",0","5",",0","","","","","","","","","","","","","","","19620129","+,,0","19620102",",,0","","","19620107",",,0","","","","","178",",,0,29,+","165",",,0,02,","23.1",",,0,07,","","","","","","","99.4",",,,0","432",",,,0","","","","","",""
"USC00441082","1962-02","37.0679","-78.9517","124.4","BROOKNEAL, VA US","","","","","7",",0","7",",0","0",",0","0",",0","0","1,0","","","","","","","","","","","","","","","19620223","+,,0","19620213","+,1,0","","","19620219",",,0","","","","","0",",T,0,23,+","0","1,T,0,13,+","23.9",",,0,19,","","","","","","","82.7",",,,0","0","1,T,,0","","","","","",""
"USC00441082","1962-03","37.0679","-78.9517","124.4","BROOKNEAL, VA US","","","","","8",",0","8",",0","2",",0","7",",0","4",",0","","","","","","","","","","","","","","","19620306",",,0","19620306",",,0","","","19620312",",,0","","","","","406",",,0,06,","279",",,0,06,","33.0",",,0,12,","","","","","","","116.9",",,,0","559",",,,0","","","","","",""
"USC00441082","1962-04","37.0679","-78.9517","124.4","BROOKNEAL, VA US","","","","","8",",0","8",",0","1",",0","0",",0","0",",0","","","","","","","","","","","","","","","19620430","+,,0","19620430","+,,0","","","19620408",",,0","","","","","0",",,0,30,+","0",",,0,30,+","29.0",",,0,08,","","","","","","","104.0",",,,0","0",",,,0","","","","","",""
"USC00441082","1962-05","37.0679","-78.9517","124.4","BROOKNEAL, VA US","","","","","10",",0","9",",0","1",",0","0",",0","0",",0","","","","","","","","","","","","","","","19620531","+,,0","19620531","+,,0","","","19620503",",,0","","","","","0",",,0,31,+","0",",,0,31,+","25.9",",,0,03,","","","","","","","86.6",",,,0","0",",,,0","","","","","",""
"USC00441082","1962-06","37.0679","-78.9517","124.4","BROOKNEAL, VA US","","","","","11",",0","9",",0","1",",0","0",",0","0",",0","","","","","","","","","","","","","","","19620630","+,,0","19620630","+,,0","","","19620613",",,0","","","","","0",",,0,30,+","0",",,0,30,+","50.3",",,0,13,","","","","","","","167.5",",,,0","0",",,,0","","","","","",""
"USC00441082","1962-07","37.0679","-78.9517","124.4","BROOKNEAL, VA US","","","","","7",",0","7",",0","1",",0","0",",0","0",",0","","","","","","","","","","","","","","","19620731","+,,0","19620731","+,,0","","","19620704",",,0","","","","","0",",,0,31,+","0",",,0,31,+","39.4",",,0,04,","","","","","","","104.7",",,,0","0",",,,0","","","","","",""
"USC00441082","1962-08","37.0679","-78.9517","124.4","BROOKNEAL, VA US","","","","","6",",0","6",",0","0",",0","0",",0","0",",0","","","","","","","","","","","","","","","19620831","+,,0","19620831","+,,0","","","19620804",",,0","","","","","0",",,0,31,+","0",",,0,31,+","17.8",",,0,04,","","","","","","","55.3",",,,0","0",",,,0","","","","","",""
"USC00441082","1962-09","37.0679","-78.9517","124.4","BROOKNEAL, VA US","","","","","8",",0","6",",0","2",",0","0",",0","0",",0","","","","","","","","","","","","","","","19620930","+,,0","19620930","+,,0","","","19620917",",,0","","","","","0",",,0,30,+","0",",,0,30,+","37.1",",,0,17,","","","","","","","100.5",",,,0","0",",,,0","","","","","",""
"USC00441082","1962-10","37.0679","-78.9517","124.4","BROOKNEAL, VA US","","","","","7",",0","4",",0","0",",0","0",",0","0",",0","","","","","","","","","","","1","","","","19621031","+,,0","19621031","+,,0","","","19621005",",,0","","","","","0",",,0,31,+","0",",,0,31,+","7.1",",,0,05,","","","","","","","20.3",",,,0","0",",,,0","","","","","",""
"USC00441082","1962-11","37.0679","-78.9517","124.4","BROOKNEAL, VA US","","","","","9",",0","9",",0","1",",0","0",",0","0",",0","","","","","","","","","","","","","","","19621126",",,0","19621126",",,0","","","19621110",",,0","","","","","0",",T,0,26,","0",",T,0,26,","52.8",",,0,10,","","","","","","","122.1",",,,0","0",",T,,0","","","","","",""
"USC00441082","1962-12","37.0679","-78.9517","124.4","BROOKNEAL, VA US","","","","","5",",0","5",",0","2",",0","5",",0","3",",0","","","","","","","","","","","","","","","19621226","+,,0","19621225",",,0","","","19621225",",,0","","","","","51",",,0,26,+","53",",,0,25,","52.1",",,0,25,","","","","","","","112.6",",,,0","103",",,,0","","","","","",""
"USC00441082","1963-01","37.0679","-78.9517","124.4","BROOKNEAL, VA US","","","","","4",",0","4",",0","1",",0","0",",0","0",",0","","","","","","","","","","","","","","","19630131","+,,0","19630108",",,0","","","19630120",",,0","","","","","0",",,0,31,+","0",",T,0,08,","31.2",",,0,20,","","","","","","","55.0",",,,0","0",",T,,0","","","","","",""
"USC00441082","1963-02","37.0679","-78.9517","124.4","BROOKNEAL, VA US","","","","","7",",0","4",",0","0",",0","2",",0","0","3,0","","","","","","","","","","","","","","","19630227",",,0","19630228","+,3,0","","","19630212",",,0","","","","","102",",,0,27,","0","3,,0,28,+","15.2",",,0,12,","","","","","","","32.3",",,,0","0","3,,,0","","","","","",""
"USC00441082","1963-03","37.0679","-78.9517","124.4","BROOKNEAL, VA US","","","","","7",",0","6",",0","3",",0","0",",0","0",",0","","","","","","","","","","","","","","","19630331","+,,0","19630331","+,,0","","","19630312",",,0","","","","","0",",,0,31,+","0",",,0,31,+","33.0",",,0,12,","","","","","","","124.0",",,,0","0",",,,0","","","","","",""
"USC00441082","1963-04","37.0679","-78.9517","124.4","BROOKNEAL, VA US","","","","","2",",0","1",",0","0",",0","0",",0","0",",0","","","","","","","","","","","","","","","19630430","+,,0","19630430","+,,0","","","19630430",",,0","","","","","0",",,0,30,+","0",",,0,30,+","23.4",",,0,30,","","","","","","","24.7",",,,0","0",",,,0","","","","","",""
"USC00441082","1963-05","37.0679","-78.9517","124.4","BROOKNEAL, VA US","","","","","10",",0","6",",0","0",",0","0",",0","0",",0","","","","","","","","","","","","","","","19630531","+,,0","19630531","+,,0","","","19630518",",,0","","","","","0",",,0,31,+","0",",,0,31,+","16.5",",,0,18,","","","","","","","41.9",",,,0","0",",,,0","","","","","",""
"USC00441082","1963-06","37.0679","-78.9517","124.4","BROOKNEAL, VA US","","","","","5",",0","4",",0","0",",0","0",",0","0",",0","","","","","","","","","","","","","","","19630630","+,,0","19630630","+,,0","","","19630621",",,0","","","","","0",",,0,30,+","0",",,0,30,+","11.9",",,0,21,","","","","","","","28.1",",,,0","0",",,,0","","","","","",""
"USC00441082","1963-07","37.0679","-78.9517","124.4","BROOKNEAL, VA US","","","","","8",",0","8",",0","1",",0","0",",0","0",",0","","","","","","","","","","","","","","","19630731","+,,0","19630731","+,,0","","","19630702",",,0","","","","","0",",,0,31,+","0",",,0,31,+","34.0",",,0,02,","","","","","","","117.9",",,,0","0",",,,0","","","","","",""
"USC00441082","1963-08","37.0679","-78.9517","124.4","BROOKNEAL, VA US","","","","","5",",0","4",",0","0",",0","0",",0","0",",0","","","","","","","","","","","","","","","19630831","+,,0","19630831","+,,0","","","19630821",",,0","","","","","0",",,0,31,+","0",",,0,31,+","13.2",",,0,21,","","","","","","","28.7",",,,0","0",",,,0","","","","","",""
"USC00441082","1963-09","37.0679","-78.9517","124.4","BROOKNEAL, VA US","","","","","7",",0","4",",0","1",",0","0",",0","0",",0","","","","","","","","","","","","","","","19630930","+,,0","19630930","+,,0","","","19630929",",,0","","","","","0",",,0,30,+","0",",,0,30,+","46.5",",,0,29,","","","","","","","73.7",",,,0","0",",,,0","","","","","",""
"USC00441082","1963-10","37.0679","-78.9517","124.4","BROOKNEAL, VA US","","","","","3",",0","2",",0","0",",0","0",",0","0",",0","","","","","","","","","","","","","","","19631031","+,,0","19631031","+,,0","","","19631029",",,0","","","","","0",",,0,31,+","0",",,0,31,+","6.1",",,0,29,","","","","","","","8.9",",,,0","0",",,,0","","","","","",""
"USC00441082","1963-11","37.0679","-78.9517","124.4","BROOKNEAL, VA US","","","","","6","2,0","5","2,0","2","2,0","0",",0","0",",0","","","","","","","","","","","","","","","19631130","+,,0","19631130","+,,0","","","19631107",",2,0","","","","","0",",,0,30,+","0",",,0,30,+","42.7","2,,0,07,","","","","","","","141.8",",a,,0","0",",,,0","","","","","",""
"USC00441082","1963-12","37.0679","-78.9517","124.4","BROOKNEAL, VA US","","","","","3",",0","3",",0","0",",0","0",",0","0",",0","","","","","","","","","","","","","","","19631231","+,,0","19631224",",,0","","","19631224",",,0","","","","","0",",,0,31,+","0",",T,0,24,","8.4",",,0,24,","","","","","","","19.3",",,,0","0",",T,,0","","","","","",""
"USC00441082","1964-01","37.0679","-78.9517","124.4","BROOKNEAL, VA US","","","","","11",",0","10",",0","0",",0","","","","","","","","","","","","","","","","","","","","","","","","","19640125",",,0","","","","","","","","","24.9",",,0,25,","","","","","","","132.4",",,,0","","","","","","","",""
"USC00441082","1964-02","37.0679","-78.9517","124.4","BROOKNEAL, VA US","","","","","13",",0","5",",0","2",",0","","","","","","","","","","","","","","","","","","","","","","","1","","19640206",",,0","","","","","","","","","31.0",",,0,06,","","","","","","","99.3",",,,0","","","","","","","",""
"USC00441082","1964-03","37.0679","-78.9517","124.4","BROOKNEAL, VA US","","","","","8",",0","5",",0","0",",0","0",",0","0","1,0","","","","","","","","","","","","","","","19640331","+,,0","19640331","+,1,0","","","19640315",",,0","","","","","0",",,0,31,+","0","1,,0,31,+","16.8",",,0,15,","","","","","","","57.1",",,,0","0","1,,,0","","","","","",""
"USC00441082","1964-04","37.0679","-78.9517","124.4","BROOKNEAL, VA US","","","","","11",",0","5",",0","0",",0","0",",0","0",",0","","","","","","","","","","","","","","","19640430","+,,0","19640430","+,,0","","","19640408",",,0","","","","","0",",,0,30,+","0",",,0,30,+","16.3",",,0,08,","","","","","","","52.3",",,,0","0",",,,0","","","","","",""
"USC00441082","1964-05","37.0679","-78.9517","124.4","BROOKNEAL, VA US","","","","","6",",0","3",",0","0",",0","0",",0","0",",0","","","","","","","","","","","","","","","19640531","+,,0","19640531","+,,0","","","19640529",",,0","","","","","0",",,0,31,+","0",",,0,31,+","23.4",",,0,29,","","","","","","","56.7",",,,0","0",",,,0","","","","","",""
"USC00441082","1964-06","37.0679","-78.9517","124.4","BROOKNEAL, VA US","","","","","5",",0","3",",0","0",",0","0",",0","0",",0","","","","","","","","","","","","","","","19640630","+,,0","19640630","+,,0","","","19640619",",,0","","","","","0",",,0,30,+","0",",,0,30,+","10.7",",,0,19,","","","","","","","25.5",",,,0","0",",,,0","","","","","",""
"USC00441082","1964-07","37.0679","-78.9517","124.4","BROOKNEAL, VA US","","","","","12",",0","6",",0","1",",0","0",",0","0",",0","","","","","","","","","","","","","","","19640731","+,,0","19640731","+,,0","","","19640713",",,0","","","","","0",",,0,31,+","0",",,0,31,+","39.6",",,0,13,","","","","","","","93.4",",,,0","0",",,,0","","","","","",""
"USC00441082","1964-08","37.0679","-78.9517","124.4","BROOKNEAL, VA US","","","","","8",",0","6",",0","0",",0","0",",0","0",",0","","","","","","","","","","","","","","","19640831","+,,0","19640831","+,,0","","","19640831",",,0","","","","","0",",,0,31,+","0",",,0,31,+","23.1",",,0,31,","","","","","","","68.6",",,,0","0",",,,0","","","","","",""
"USC00441082","1964-09","37.0679","-78.9517","124.4","BROOKNEAL, VA US","","","","","10",",0","4",",0","1",",0","0",",0","0",",0","","","","","","","","","","","","","","","19640930","+,,0","19640930","+,,0","","","19640901",",,0","","","","","0",",,0,30,+","0",",,0,30,+","38.6",",,0,01,","","","","","","","107.5",",,,0","0",",,,0","","","","","",""
"USC00441082","1964-10","37.0679","-78.9517","124.4","BROOKNEAL, VA US","","","","","8",",0","7",",0","0",",0","0",",0","0",",0","","","","","","","","","","","","","","","19641031","+,,0","19641031","+,,0","","","19641017",",,0","","","","","0",",,0,31,+","0",",,0,31,+","17.0",",,0,17,","","","","","","","71.2",",,,0","0",",,,0","","","","","",""
"USC00441082","1964-11","37.0679","-78.9517","124.4","BROOKNEAL, VA US","","","","","5",",0","4",",0","0",",0","0",",0","0",",0","","","","","","","","","","","","","","","19641130","+,,0","19641130","+,,0","","","19641126",",,0","","","","","0",",,0,30,+","0",",,0,30,+","24.6",",,0,26,","","","","","","","48.4",",,,0","0",",,,0","","","","","",""
"USC00441082","1964-12","37.0679","-78.9517","124.4","BROOKNEAL, VA US","","","","","12",",0","7",",0","0",",0","1",",0","0",",0","","","","","","","","","","","","","","","19641201",",,0","19641201",",,0","","","19641228",",,0","","","","","25",",,0,01,","13",",,0,01,","22.1",",,0,28,","","","","","","","90.3",",,,0","13",",,,0","","","","","",""
"USC00441082","1965-01","37.0679","-78.9517","124.4","BROOKNEAL, VA US","","","","","10",",0","6",",0","0",",0","","","","","","","","","","","","","","","","","","","","","","","","","19650117",",,0","","","","","","","","","15.7",",,0,17,","","","","","","","56.9",",,,0","","","","","","","",""
"USC00441082","1965-02","37.0679","-78.9517","124.4","BROOKNEAL, VA US","","","","","12",",0","9",",0","2",",0","","","","","","","","","","","","","","","","","","","","","","","","","19650208",",,0","","","","","","","","","34.3",",,0,08,","","","","","","","131.4",",,,0","","","","","","","",""
"USC00441082","1965-03","37.0679","-78.9517","124.4","BROOKNEAL, VA US","","","","","9",",0","8",",0","2",",0","","","","","","","","","","","","","","","","","","","","","","","","","19650305",",,0","","","","","","","","","38.1",",,0,05,","","","","","","","120.2",",,,0","","","","","","","",""
"USC00441082","1965-04","37.0679","-78.9517","124.4","BROOKNEAL, VA US","","","","","14",",0","11",",0","0",",0","0",",0","0",",0","","","","","","","","","","","","","","","19650430","+,,0","19650430","+,,0","","","19650427",",,0","","","","","0",",,0,30,+","0",",,0,30,+","17.8",",,0,27,","","","","","","","79.0",",,,0","0",",,,0","","","","","",""
"USC00441082","1965-05","37.0679","-78.9517","124.4","BROOKNEAL, VA US","","","","","6",",0","3",",0","0",",0","0",",0","0",",0","","","","","","","","","","","","","","","19650531","+,,0","19650531","+,,0","","","19650521",",,0","","","","","0",",,0,31,+","0",",,0,31,+","15.5",",,0,21,","","","","","","","36.6",",,,0","0",",,,0","","","","","",""
"USC00441082","1965-06","37.0679","-78.9517","124.4","BROOKNEAL, VA US","","","","","7",",0","4",",0","1",",0","0",",0","0",",0","","","","","","","","","","","","","","","19650630","+,,0","19650630","+,,0","","","19650616",",,0","","","","","0",",,0,30,+","0",",,0,30,+","55.9",",,0,16,","","","","","","","75.7",",,,0","0",",,,0","","","","","",""
"USC00441082","1965-07","37.0679","-78.9517","124.4","BROOKNEAL, VA US","","","","","10",",0","7",",0","1",",0","0",",0","0",",0","","","","","","","","","","","","","","","19650731","+,,0","19650731","+,,0","","","19650712",",,0","","","","","0",",,0,31,+","0",",,0,31,+","147.3",",,0,12,","","","","","","","187.8",",,,0","0",",,,0","","","","","",""
"USC00441082","1965-08","37.0679","-78.9517","124.4","BROOKNEAL, VA US","","","","","10",",0","8",",0","1",",0","0",",0","0",",0","","","","","","","","","","","","","","","19650831","+,,0","19650831","+,,0","","","19650801",",,0","","","","","0",",,0,31,+","0",",,0,31,+","39.6",",,0,01,","","","","","","","135.0",",,,0","0",",,,0","","","","","",""
"USC00441082","1965-09","37.0679","-78.9517","124.4","BROOKNEAL, VA US","","","","","8",",0","3",",0","0",",0","0",",0","0",",0","","","","","","","","","","","","","","","19650930","+,,0","19650930","+,,0","","","19650917",",,0","","","","","0",",,0,30,+","0",",,0,30,+","21.8",",,0,17,","","","","","","","66.8",",,,0","0",",,,0","","","","","",""
"USC00441082","1965-10","37.0679","-78.9517","124.4","BROOKNEAL, VA US","","","","","7",",0","4",",0","0",",0","0",",0","0",",0","","","","","","","","","","","","","","","19651031","+,,0","19651031","+,,0","","","19651008",",,0","","","","","0",",,0,31,+","0",",,0,31,+","24.9",",,0,08,","","","","","","","56.8",",,,0","0",",,,0","","","","","",""
"USC00441082","1965-11","37.0679","-78.9517","124.4","BROOKNEAL, VA US","","","","","7",",0","3",",0","0",",0","0",",0","0",",0","","","","","","","","","","","","","","","19651130","+,,0","19651130","+,,0","","","19651111",",,0","","","","","0",",,0,30,+","0",",,0,30,+","9.7",",,0,11,","","","","","","","21.6",",,,0","0",",,,0","","","","","",""
"USC00441082","1965-12","37.0679","-78.9517","124.4","BROOKNEAL, VA US","","","","","3",",0","1",",0","0",",0","0",",0","0",",0","","","","","","","","","","","","","","","19651231","+,,0","19651221",",,0","","","19651225",",,0","","","","","0",",,0,31,+","0",",T,0,21,","3.0",",,0,25,","","","","","","","5.8",",,,0","0",",T,,0","","","","","",""
"USC00441082","1966-01","37.0679","-78.9517","124.4","BROOKNEAL, VA US","","","","","11",",0","7",",0","1",",0","","","3","3,0","","","","","","","","","","","","","","","","","19660127",",3,0","","","19660123",",,0","","","","","","","305","3,,0,27,","34.0",",,0,23,","","","","","","","119.5",",,,0","688","3,,,0","","","","","",""
"USC00441082","1966-02","37.0679","-78.9517","124.4","BROOKNEAL, VA US","","","","","9",",0","8",",0","2",",0","","","","","","","","","","","","","","","","","","","","","","","","","19660214",",,0","","","","","","","","","29.2",",,0,14,","","","","","","","104.1",",,,0","","","","","","","",""
"USC00441082","1966-03","37.0679","-78.9517","124.4","BROOKNEAL, VA US","","","","","7",",0","5",",0","1",",0","0",",0","0",",0","","","","","","","","","","","","","","","19660331","+,,0","19660331","+,,0","","","19660301",",,0","","","","","0",",,0,31,+","0",",,0,31,+","38.9",",,0,01,","","","","","","","72.0",",,,0","0",",,,0","","","","","",""
"USC00441082","1966-04","37.0679","-78.9517","124.4","BROOKNEAL, VA US","","","","","9","2,0","3","2,0","0","2,0","0",",0","0",",0","","","","","","","","","","","","","","","19660430","+,,0","19660430","+,,0","","","19660413",",2,0","","","","","0",",,0,30,+","0",",,0,30,+","10.2","2,,0,13,","","","","","","","41.8",",a,,0","0",",,,0","","","","","",""
"USC00441082","1966-05","37.0679","-78.9517","124.4","BROOKNEAL, VA US","","","","","10",",0","7",",0","0",",0","0",",0","0",",0","","","","","","","","","","","","","","","19660531","+,,0","19660531","+,,0","","","19660502",",,0","","","","","0",",,0,31,+","0",",,0,31,+","23.4",",,0,02,","","","","","","","77.5",",,,0","0",",,,0","","","","","",""
"USC00441082","1966-06","37.0679","-78.9517","124.4","BROOKNEAL, VA US","","","","","7",",0","5",",0","2",",0","0",",0","0",",0","","","","","","","","","","","","","","","19660630","+,,0","19660630","+,,0","","","19660611",",,0","","","","","0",",,0,30,+","0",",,0,30,+","52.1",",,0,11,","","","","","","","120.1",",,,0","0",",,,0","","","","","",""
"USC00441082","1966-07","37.0679","-78.9517","124.4","BROOKNEAL, VA US","","","","","7",",0","4",",0","2",",0","0",",0","0",",0","","","","","","","","","","","","","","","19660731","+,,0","19660731","+,,0","","","19660730",",,0","","","","","0",",,0,31,+","0",",,0,31,+","83.1",",,0,30,","","","","","","","118.1",",,,0","0",",,,0","","","","","",""
"USC00441082","1966-08","37.0679","-78.9517","124.4","BROOKNEAL, VA US","","","","","8",",0","3",",0","0",",0","0",",0","0",",0","","","","","","","","","","","","","","","19660831","+,,0","19660831","+,,0","","","19660815","+,,0","","","","","0",",,0,31,+","0",",,0,31,+","20.8",",,0,15,+","","","","","","","56.1",",,,0","0",",,,0","","","","","",""
"USC00441082","1966-09","37.0679","-78.9517","124.4","BROOKNEAL, VA US","","","","","6",",0","4",",0","1",",0","0",",0","0",",0","","","","","","","","","","","","","","","19660930","+,,0","19660930","+,,0","","","19660920",",,0","","","","","0",",,0,30,+","0",",,0,30,+","68.3",",,0,20,","","","","","","","138.4",",,,0","0",",,,0","","","","","",""
"USC00441082","1966-10","37.0679","-78.9517","124.4","BROOKNEAL, VA US","","","","","5",",0","4",",0","2",",0","0",",0","0",",0","","","","","","","","","","","","","","","19661031","+,,0","19661031","+,,0","","","19661019",",,0","","","","","0",",,0,31,+","0",",,0,31,+","42.9",",,0,19,","","","","","","","82.3",",,,0","0",",,,0","","","","","",""
"USC00441082","1966-11","37.0679","-78.9517","124.4","BROOKNEAL, VA US","","","","","5",",0","4",",0","0",",0","0",",0","0",",0","","","","","","","","","","","","","","","19661130","+,,0","19661130","+,,0","","","19661103",",,0","","","","","0",",,0,30,+","0",",,0,30,+","16.8",",,0,03,","","","","","","","44.7",",,,0","0",",,,0","","","","","",""
"USC00441082","1966-12","37.0679","-78.9517","124.4","BROOKNEAL, VA US","","","","","6",",0","4",",0","2",",0","","","0","4,0","","","","","","","","","","","","","","","","","19661231","+,4,0","","","19661228",",,0","","","","","","","0","4,,0,31,+","38.1",",,0,28,","","","","","","","96.1",",,,0","0","4,,,0","","","","","",""
"USC00441082","1967-01","37.0679","-78.9517","124.4","BROOKNEAL, VA US","","","","","9",",0","8",",0","0",",0","0","2,0","1",",0","","","","","","","","","","","","","","","19670131","+,2,0","19670120",",,0","","","19670115","+,,0","","","","","0","2,,0,31,+","76",",,0,20,","21.6",",,0,15,+","","","","","","","102.3",",,,0","76",",,,0","","","","","",""
"USC00441082","1967-02","37.0679","-78.9517","124.4","BROOKNEAL, VA US","","","","","7",",0","6",",0","0",",0","3","2,0","3",",0","","","","","","","","","","","","","","","19670207",",2,0","19670207",",,0","","","19670218",",,0","","","","","127","2,,0,07,","127",",,0,07,","20.3",",,0,18,","","","","","","","79.5",",,,0","177",",,,0","","","","","",""
"USC00441082","1967-03","37.0679","-78.9517","124.4","BROOKNEAL, VA US","","","","","7",",0","6",",0","0",",0","0",",0","0",",0","","","","","","","","","","","","","","","19670331","+,,0","19670331","+,,0","","","19670321",",,0","","","","","0",",,0,31,+","0",",,0,31,+","16.5",",,0,21,","","","","","","","46.8",",,,0","0",",,,0","","","","","",""
"USC00441082","1967-04","37.0679","-78.9517","124.4","BROOKNEAL, VA US","","","","","9",",0","3",",0","0",",0","0",",0","0",",0","","","","","","","","","","","","","","","19670430","+,,0","19670430","+,,0","","","19670427",",,0","","","","","0",",,0,30,+","0",",,0,30,+","21.6",",,0,27,","","","","","","","37.7",",,,0","0",",,,0","","","","","",""
"USC00441082","1967-05","37.0679","-78.9517","124.4","BROOKNEAL, VA US","","","","","14",",0","10",",0","0",",0","0",",0","0",",0","","","","","","","","","","","","","","","19670531","+,,0","19670531","+,,0","","","19670507",",,0","","","","","0",",,0,31,+","0",",,0,31,+","22.9",",,0,07,","","","","","","","111.2",",,,0","0",",,,0","","","","","",""
"USC00441082","1967-06","37.0679","-78.9517","124.4","BROOKNEAL, VA US","","","","","8",",0","6",",0","1",",0","0",",0","0",",0","","","","","","","","","","","","","","","19670630","+,,0","19670630","+,,0","","","19670626",",,0","","","","","0",",,0,30,+","0",",,0,30,+","39.9",",,0,26,","","","","","","","69.3",",,,0","0",",,,0","","","","","",""
"USC00441082","1967-07","37.0679","-78.9517","124.4","BROOKNEAL, VA US","","","","","13",",0","6",",0","0",",0","0",",0","0",",0","","","","","","","","","","","","","","","19670731","+,,0","19670731","+,,0","","","19670703",",,0","","","","","0",",,0,31,+","0",",,0,31,+","21.3",",,0,03,","","","","","","","66.3",",,,0","0",",,,0","","","","","",""
"USC00441082","1967-08","37.0679","-78.9517","124.4","BROOKNEAL, VA US","","","","","14",",0","9",",0","4",",0","0",",0","0",",0","","","","","","","","","","","","","","","19670831","+,,0","19670831","+,,0","","","19670825",",,0","","","","","0",",,0,31,+","0",",,0,31,+","48.8",",,0,25,","","","","","","","198.3",",,,0","0",",,,0","","","","","",""
"USC00441082","1967-09","37.0679","-78.9517","124.4","BROOKNEAL, VA US","","","","","6",",0","5",",0","1",",0","0",",0","0",",0","","","","","","","","","","","","","","","19670930","+,,0","19670930","+,,0","","","19670910",",,0","","","","","0",",,0,30,+","0",",,0,30,+","28.4",",,0,10,","","","","","","","54.1",",,,0","0",",,,0","","","","","",""
"USC00441082","1967-10","37.0679","-78.9517","124.4","BROOKNEAL, VA US","","","","","7",",0","6",",0","0",",0","0",",0","0",",0","","","","","","","","","","","","","","","19671031","+,,0","19671031","+,,0","","","19671026",",,0","","","","","0",",,0,31,+","0",",,0,31,+","14.2",",,0,26,","","","","","","","49.7",",,,0","0",",,,0","","","","","",""
"USC00441082","1967-11","37.0679","-78.9517","124.4","BROOKNEAL, VA US","","","","","5",",0","3",",0","0",",0","0",",0","0",",0","","","","","","","","","","","","","","","19671130","+,,0","19671130","+,,0","","","19671125",",,0","","","","","0",",,0,30,+","0",",,0,30,+","13.5",",,0,25,","","","","","","","30.2",",,,0","0",",,,0","","","","","",""
"USC00441082","1967-12","37.0679","-78.9517","124.4","BROOKNEAL, VA US","","","","","9",",0","9",",0","4",",0","","","","","","","","","","","","","","","","","","","","","","","","","19671223",",,0","","","","","","","","","34.3",",,0,23,","","","","","","","173.6",",,,0","","","","","","","",""
"USC00441082","1968-01","37.0679","-78.9517","124.4","BROOKNEAL, VA US","","","","","11",",0","9",",0","1",",0","3",",","","","","","","","","","","","","","","","","","19680125",",,0","","","","","19680114",",,0","","","","","76",",,0,25,","","","32.0",",,0,14,","","","","","","","87.4",",,,0","","","","","","","",""
"USC00441082","1968-02","37.0679","-78.9517","124.4","BROOKNEAL, VA US","","","","","4",",0","2",",0","0",",0","0","1,0","0","1,0","","","","","","","","","","","","","","","19680229","+,1,0","19680229","+,1,0","","","19680203",",,0","","","","","0","1,,0,29,+","0","1,,0,29,+","8.9",",,0,03,","","","","","","","17.5",",,,0","0","1,,,0","","","","","",""
"USC00441082","1968-03","37.0679","-78.9517","124.4","BROOKNEAL, VA US","","","","","9",",0","8",",0","0",",0","1",",0","1",",0","","","","","","","","","","","","","","","19680301",",,0","19680301",",,0","","","19680313",",,0","","","","","51",",,0,01,","51",",,0,01,","20.8",",,0,13,","","","","","","","111.0",",,,0","51",",,,0","","","","","",""
"USC00441082","1968-04","37.0679","-78.9517","124.4","BROOKNEAL, VA US","","","","","10",",0","8",",0","0",",0","0",",0","0",",0","","","","","","","","","","","","","","","19680430","+,,0","19680430","+,,0","","","19680430",",,0","","","","","0",",,0,30,+","0",",,0,30,+","13.5",",,0,30,","","","","","","","61.9",",,,0","0",",,,0","","","","","",""
"USC00441082","1968-05","37.0679","-78.9517","124.4","BROOKNEAL, VA US","","","","","8",",0","5",",0","1",",0","0",",0","0",",0","","","","","","","","","","","","","","","19680531","+,,0","19680531","+,,0","","","19680527",",,0","","","","","0",",,0,31,+","0",",,0,31,+","49.0",",,0,27,","","","","","","","108.2",",,,0","0",",,,0","","","","","",""
"USC00441082","1968-06","37.0679","-78.9517","124.4","BROOKNEAL, VA US","","","","","8",",0","7",",0","0",",0","0",",0","0",",0","","","","","","","","","","","","","","","19680630","+,,0","19680630","+,,0","","","19680618",",,0","","","","","0",",,0,30,+","0",",,0,30,+","18.0",",,0,18,","","","","","","","65.4",",,,0","0",",,,0","","","","","",""
"USC00441082","1968-07","37.0679","-78.9517","124.4","BROOKNEAL, VA US","","","","","8",",0","4",",0","1",",0","0",",0","0",",0","","","","","","","","","","","","","","","19680731","+,,0","19680731","+,,0","","","19680718",",,0","","","","","0",",,0,31,+","0",",,0,31,+","43.2",",,0,18,","","","","","","","79.4",",,,0","0",",,,0","","","","","",""
"USC00441082","1968-08","37.0679","-78.9517","124.4","BROOKNEAL, VA US","","","","","8",",0","5",",0","1",",0","0",",0","0",",0","","","","","","","","","","","","","","","19680831","+,,0","19680831","+,,0","","","19680820",",,0","","","","","0",",,0,31,+","0",",,0,31,+","33.5",",,0,20,","","","","","","","57.8",",,,0","0",",,,0","","","","","",""
"USC00441082","1968-09","37.0679","-78.9517","124.4","BROOKNEAL, VA US","","","","","5",",0","2",",0","0",",0","0",",0","0",",0","","","","","","","","","","","","","","","19680930","+,,0","19680930","+,,0","","","19680911",",,0","","","","","0",",,0,30,+","0",",,0,30,+","5.6",",,0,11,","","","","","","","10.6",",,,0","0",",,,0","","","","","",""
"USC00441082","1968-10","37.0679","-78.9517","124.4","BROOKNEAL, VA US","","","","","10",",0","8",",0","1",",0","0",",0","0",",0","","","","","","","","","","","","","","","19681031","+,,0","19681031","+,,0","","","19681007",",,0","","","","","0",",,0,31,+","0",",,0,31,+","27.4",",,0,07,","","","","","","","108.6",",,,0","0",",,,0","","","","","",""
"USC00441082","1968-11","37.0679","-78.9517","124.4","BROOKNEAL, VA US","","","","","12",",0","9",",0","1",",0","0",",0","0",",0","","","","","","","","","","","","","","","19681130","+,,0","19681130","+,,0","","","19681112",",,0","","","","","0",",,0,30,+","0",",,0,30,+","26.9",",,0,12,","","","","","","","93.5",",,,0","0",",,,0","","","","","",""
"USC00441082","1968-12","37.0679","-78.9517","124.4","BROOKNEAL, VA US","","","","","9",",0","8",",0","0",",0","0",",0","0",",0","","","","","","","","","","","","","","","19681231","+,,0","19681231","+,,0","","","19681228",",,0","","","","","0",",,0,31,+","0",",,0,31,+","22.9",",,0,28,","","","","","","","88.7",",,,0","0",",,,0","","","","","",""
"USC00441082","1969-01","37.0679","-78.9517","124.4","BROOKNEAL, VA US","","","","","11",",0","5",",0","1",",0","1",",0","0",",0","","","","","","","","","","","","","","","19690107",",,0","19690107",",,0","","","19690121",",,0","","","","","25",",,0,07,","23",",,0,07,","39.1",",,0,21,","","","","","","","70.1",",,,0","33",",,,0","","","","","",""
"USC00441082","1969-02","37.0679","-78.9517","124.4","BROOKNEAL, VA US","","","","","7",",0","7",",0","0",",0","0",",0","0",",0","","","","","","","","","","","","","","","19690228","+,,0","19690228","+,,0","","","19690202",",,0","","","","","0",",,0,28,+","0",",,0,28,+","14.7",",,0,02,","","","","","","","66.1",",,,0","0",",,,0","","","","","",""
"USC00441082","1969-03","37.0679","-78.9517","124.4","BROOKNEAL, VA US","","","","","7",",0","7",",0","1",",0","","","3",",0","","","","","","","","","","","","","","","","","19690302",",,0","","","19690325",",,0","","","","","","","254",",,0,02,","25.9",",,0,25,","","","","","","","106.2",",,,0","381",",,,0","","","","","",""
"USC00441082","1969-04","37.0679","-78.9517","124.4","BROOKNEAL, VA US","","","","","10",",0","5",",0","0",",0","0",",0","0",",0","","","","","","","","","","","","","","","19690430","+,,0","19690430","+,,0","","","19690416",",,0","","","","","0",",,0,30,+","0",",,0,30,+","19.3",",,0,16,","","","","","","","51.4",",,,0","0",",,,0","","","","","",""
"USC00441082","1969-05","37.0679","-78.9517","124.4","BROOKNEAL, VA US","","","","","9",",0","6",",0","1",",0","0",",0","0",",0","","","","","","","","","","","","","","","19690531","+,,0","19690531","+,,0","","","19690520",",,0","","","","","0",",,0,31,+","0",",,0,31,+","35.8",",,0,20,","","","","","","","83.7",",,,0","0",",,,0","","","","","",""
"USC00441082","1969-06","37.0679","-78.9517","124.4","BROOKNEAL, VA US","","","","","12",",0","6",",0","1",",0","0",",0","0",",0","","","","","","","","","","","","","","","19690630","+,,0","19690630","+,,0","","","19690609",",,0","","","","","0",",,0,30,+","0",",,0,30,+","48.5",",,0,09,","","","","","","","101.5",",,,0","0",",,,0","","","","","",""
"USC00441082","1969-07","37.0679","-78.9517","124.4","BROOKNEAL, VA US","","","","","14",",0","5",",0","0",",0","0",",0","0",",0","","","","","","","","","","","","","","","19690731","+,,0","19690731","+,,0","","","19690730",",,0","","","","","0",",,0,31,+","0",",,0,31,+","9.9",",,0,30,","","","","","","","51.1",",,,0","0",",,,0","","","","","",""
"USC00441082","1969-08","37.0679","-78.9517","124.4","BROOKNEAL, VA US","","","","","14",",0","10",",0","1",",0","0",",0","0",",0","","","","","","","","","","","","","","","19690831","+,,0","19690831","+,,0","","","19690803",",,0","","","","","0",",,0,31,+","0",",,0,31,+","36.6",",,0,03,","","","","","","","105.7",",,,0","0",",,,0","","","","","",""
"USC00441082","1969-09","37.0679","-78.9517","124.4","BROOKNEAL, VA US","","","","","9",",0","5",",0","1",",0","0",",0","0",",0","","","","","","","","","","","","","","","19690930","+,,0","19690930","+,,0","","","19690908",",,0","","","","","0",",,0,30,+","0",",,0,30,+","32.8",",,0,08,","","","","","","","90.8",",,,0","0",",,,0","","","","","",""
"USC00441082","1969-10","37.0679","-78.9517","124.4","BROOKNEAL, VA US","","","","","6",",0","5",",0","0",",0","0",",0","0",",0","","","","","","","","","","","","","","","19691031","+,,0","19691031","+,,0","","","19691003",",,0","","","","","0",",,0,31,+","0",",,0,31,+","21.1",",,0,03,","","","","","","","60.2",",,,0","0",",,,0","","","","","",""
"USC00441082","1969-11","37.0679","-78.9517","124.4","BROOKNEAL, VA US","","","","","8",",0","3",",0","0",",0","0",",0","0",",0","","","","","","","","","","","","","","","19691130","+,,0","19691130","+,,0","","","19691120",",,0","","","","","0",",,0,30,+","0",",,0,30,+","19.6",",,0,20,","","","","","","","32.7",",,,0","0",",,,0","","","","","",""
"USC00441082","1969-12","37.0679","-78.9517","124.4","BROOKNEAL, VA US","","","","","12",",0","8",",0","3",",0","6",",0","1",",0","","","","","","","","","","","","","","","19691226",",,0","19691226",",,0","","","19691226",",,0","","","","","229",",,0,26,","229",",,0,26,","33.0",",,0,26,","","","","","","","133.3",",,,0","229",",,,0","","","","","",""
"USC00441082","1970-01","37.0679","-78.9517","124.4","BROOKNEAL, VA US","","","","","10",",0","4",",0","0",",0","7",",0","2",",0","","","","","","","","","","","","","","","19700112","+,,0","19700108","+,,0","","","19700130",",,0","","","","","76",",,0,12,+","41",",,0,08,+","13.0",",,0,30,","","","","","","","34.3",",,,0","108",",,,0","","","","","",""
"USC00441082","1970-02","37.0679","-78.9517","124.4","BROOKNEAL, VA US","","","","","7",",0","5",",0","1",",0","0",",0","0",",0","","","","","","","","","","","","","","","19700215","+,,0","19700215","+,,0","","","19700217",",,0","","","","","0",",T,0,15,+","0",",T,0,15,+","31.5",",,0,17,","","","","","","","70.2",",,,0","0",",T,,0","","","","","",""
"USC00441082","1970-03","37.0679","-78.9517","124.4","BROOKNEAL, VA US","","","","","16",",0","12",",0","0",",0","0",",0","0",",0","","","","","","","","","","","","","","","19700331","+,,0","19700331","+,,0","","","19700319",",,0","","","","","0",",,0,31,+","0",",,0,31,+","14.2",",,0,19,","","","","","","","68.7",",,,0","0",",,,0","","","","","",""
"USC00441082","1970-04","37.0679","-78.9517","124.4","BROOKNEAL, VA US","","","","","10",",0","8",",0","0",",0","0",",0","0",",0","","","","","","","","","","","","","","","19700430","+,,0","19700430","+,,0","","","19700402",",,0","","","","","0",",,0,30,+","0",",,0,30,+","19.3",",,0,02,","","","","","","","73.8",",,,0","0",",,,0","","","","","",""
"USC00441082","1970-05","37.0679","-78.9517","124.4","BROOKNEAL, VA US","","","","","8",",0","4",",0","0",",0","0",",0","0",",0","","","","","","","","","","","","","","","19700531","+,,0","19700531","+,,0","","","19700504",",,0","","","","","0",",,0,31,+","0",",,0,31,+","21.6",",,0,04,","","","","","","","61.6",",,,0","0",",,,0","","","","","",""
"USC00441082","1970-06","37.0679","-78.9517","124.4","BROOKNEAL, VA US","","","","","6",",0","3",",0","0",",0","0",",0","0",",0","","","","","","","","","","","","","","","19700630","+,,0","19700630","+,,0","","","19700622",",,0","","","","","0",",,0,30,+","0",",,0,30,+","23.6",",,0,22,","","","","","","","35.1",",,,0","0",",,,0","","","","","",""
"USC00441082","1970-07","37.0679","-78.9517","124.4","BROOKNEAL, VA US","","","","","14",",0","7",",0","2",",0","0",",0","0",",0","","","","","","","","","","","","","","","19700731","+,,0","19700731","+,,0","","","19700721",",,0","","","","","0",",,0,31,+","0",",,0,31,+","33.5",",,0,21,","","","","","","","124.8",",,,0","0",",,,0","","","","","",""
"USC00441082","1970-08","37.0679","-78.9517","124.4","BROOKNEAL, VA US","","","","","13",",0","8",",0","3",",0","0",",0","0",",0","","","","","","","","","","","","","","","19700831","+,,0","19700831","+,,0","","","19700810",",,0","","","","","0",",,0,31,+","0",",,0,31,+","51.6",",,0,10,","","","","","","","135.6",",,,0","0",",,,0","","","","","",""
"USC00441082","1970-09","37.0679","-78.9517","124.4","BROOKNEAL, VA US","","","","","5",",0","3",",0","0",",0","0",",0","0",",0","","","","","","","","","","","","","","","19700930","+,,0","19700930","+,,0","","","19700905",",,0","","","","","0",",,0,30,+","0",",,0,30,+","20.3",",,0,05,","","","","","","","33.0",",,,0","0",",,,0","","","","","",""
"USC00441082","1970-10","37.0679","-78.9517","124.4","BROOKNEAL, VA US","","","","","6",",0","6",",0","3",",0","0",",0","0",",0","","","","","","","","","","","","","","","19701031","+,,0","19701031","+,,0","","","19701031",",,0","","","","","0",",,0,31,+","0",",,0,31,+","35.6",",,0,31,","","","","","","","103.7",",,,0","0",",,,0","","","","","",""
"USC00441082","1970-11","37.0679","-78.9517","124.4","BROOKNEAL, VA US","","","","","9",",0","8",",0","1",",0","0",",0","0",",0","","","","","","","","","","","","","","","19701130","+,,0","19701105",",,0","","","19701111",",,0","","","","","0",",,0,30,+","0",",T,0,05,","37.1",",,0,11,","","","","","","","100.8",",,,0","0",",T,,0","","","","","",""
"USC00441082","1970-12","37.0679","-78.9517","124.4","BROOKNEAL, VA US","","","","","8",",0","3",",0","0",",0","0",",0","0",",0","","","","","","","","","","","","","","","19701216",",,0","19701226","+,,0","","","19701217",",,0","","","","","0",",T,0,16,","0",",T,0,26,+","18.5",",,0,17,","","","","","","","42.2",",,,0","0",",T,,0","","","","","",""
"USC00441082","1971-01","37.0679","-78.9517","124.4","BROOKNEAL, VA US","","","","","13",",0","6",",0","0",",0","4",",0","1",",0","","","","","","","","","","","","","","","19710101",",,0","19710101",",,0","","","19710101",",,0","","","","","127",",,0,01,","127",",,0,01,","18.3",",,0,01,","","","","","","","58.5",",,,0","135",",,,0","","","","","",""
"USC00441082","1971-02","37.0679","-78.9517","124.4","BROOKNEAL, VA US","","","","","11",",0","9",",0","0",",0","4",",0","1",",0","","","","","","","","","","","","","","","19710204",",,0","19710204",",,0","","","19710208",",,0","","","","","76",",,0,04,","64",",,0,04,","24.6",",,0,08,","","","","","","","113.5",",,,0","64",",,,0","","","","","",""
"USC00441082","1971-03","37.0679","-78.9517","124.4","BROOKNEAL, VA US","","","","","10",",0","8",",0","0",",0","2",",0","2",",0","","","","","","","","","","","","","","","19710327",",,0","19710327",",,0","","","19710304",",,0","","","","","178",",,0,27,","91",",,0,27,","15.2",",,0,04,","","","","","","","70.1",",,,0","167",",,,0","","","","","",""
"USC00441082","1971-05","37.0679","-78.9517","124.4","BROOKNEAL, VA US","","","","","16",",0","10",",0","4",",0","0",",0","0",",0","","","","","","","","","","","","","","","19710531","+,,0","19710531","+,,0","","","19710516",",,0","","","","","0",",,0,31,+","0",",,0,31,+","53.8",",,0,16,","","","","","","","254.8",",,,0","0",",,,0","","","","","",""
"USC00441082","1971-06","37.0679","-78.9517","124.4","BROOKNEAL, VA US","","","","","10",",0","4",",0","1",",0","0",",0","0",",0","","","","","","","","","","","","","","","19710630","+,,0","19710630","+,,0","","","19710616",",,0","","","","","0",",,0,30,+","0",",,0,30,+","36.1",",,0,16,","","","","","","","55.8",",,,0","0",",,,0","","","","","",""
"USC00441082","1971-07","37.0679","-78.9517","124.4","BROOKNEAL, VA US","","","","","12",",0","6",",0","1",",0","0",",0","0",",0","","","","","","","","","","","","","","","19710731","+,,0","19710731","+,,0","","","19710730",",,0","","","","","0",",,0,31,+","0",",,0,31,+","39.4",",,0,30,","","","","","","","82.7",",,,0","0",",,,0","","","","","",""
"USC00441082","1971-08","37.0679","-78.9517","124.4","BROOKNEAL, VA US","","","","","10",",0","9",",0","2",",0","0",",0","0",",0","","","","","","","","","","","","","","","19710831","+,,0","19710831","+,,0","","","19710828",",,0","","","","","0",",,0,31,+","0",",,0,31,+","75.4",",,0,28,","","","","","","","190.4",",,,0","0",",,,0","","","","","",""
"USC00441082","1971-09","37.0679","-78.9517","124.4","BROOKNEAL, VA US","","","","","10",",0","5",",0","2",",0","0",",0","0",",0","","","","","","","","","","","","","","","19710930","+,,0","19710930","+,,0","","","19710912",",,0","","","","","0",",,0,30,+","0",",,0,30,+","51.1",",,0,12,","","","","","","","105.4",",,,0","0",",,,0","","","","","",""
"USC00441082","1971-10","37.0679","-78.9517","124.4","BROOKNEAL, VA US","","","20.5",",0","17",",0","10",",0","3",",0","0",",0","0",",0","0",",0","0",",0","0",",0","19",",0","0",",0","","","19711009","+,,0","19711031","+,,0","19711031","+,,0","","","19711024",",,0","19711006",",,0","3.9",",0,09,+","0",",,0,31,+","0",",,0,31,+","69.3",",,0,24,","29.4",",0,06,","","","60.9",",0","224.8",",,,0","0",",,,0","17.03",",0","21.90",",,,0","12.16",",,,0"
"USC00441082","1971-11","37.0679","-78.9517","124.4","BROOKNEAL, VA US","","","12.8",",0","10",",0","4",",0","1",",0","2",",0","1",",0","0",",0","15",",0","1",",0","6",",0","0",",0","","","19711124","+,,0","19711125",",,0","19711125",",,0","","","19711125",",,0","19711103",",,0","-7.2",",0,24,+","76",",,0,25,","97",",,0,25,","52.1",",,0,25,","28.3",",0,03,","","","324.9",",0","77.0",",,,0","102",",,,0","7.93",",0","14.16",",,,0","1.69",",,,0"
"USC00441082","1971-12","37.0679","-78.9517","124.4","BROOKNEAL, VA US","","","","","9",",0","5",",0","0",",0","0",",0","0",",0","","","","","","","","","","","","","","","19711204",",,0","19711204",",,0","","","19711208",",,0","","","","","0",",T,0,04,","0",",T,0,04,","7.9",",,0,08,","","","","","","","22.7",",,,0","0",",T,,0","","","","","",""
"USC00441082","1972-01","37.0679","-78.9517","124.4","BROOKNEAL, VA US","","","","","17",",0","9",",0","0",",0","0",",0","0",",0","","","","","","","","","","","","","","","19720131","+,,0","19720128",",,0","","","19720114",",,0","","","","","0",",,0,31,+","0",",T,0,28,","22.6",",,0,14,","","","","","","","69.2",",,,0","0",",T,,0","","","","","",""
"USC00441082","1972-02","37.0679","-78.9517","124.4","BROOKNEAL, VA US","","","0.0",",0","13",",0","10",",0","1",",0","8",",0","3",",0","0",",0","25",",0","0",",0","1",",0","0",",0","","","19720209","+,,0","19720202",",,0","19720202",",,0","","","19720213",",,0","19720229",",,0","-10.6",",0,09,+","178",",,0,02,","165",",,0,02,","43.7",",,0,13,","21.7",",0,29,","","","475.1",",0","123.7",",,,0","323",",,,0","1.95",",0","7.94",",,,0","-4.04",",,,0"
"USC00441082","1972-03","37.0679","-78.9517","124.4","BROOKNEAL, VA US","","","","","13",",0","5",",0","0",",0","0",",0","0",",0","","","","","","","","","","","","","","","19720331","+,,0","19720326","+,,0","","","19720317",",,0","","","","","0",",,0,31,+","0",",T,0,26,+","16.5",",,0,17,","","","","","","","50.8",",,,0","0",",T,,0","","","","","",""
"USC00441082","1972-04","37.0679","-78.9517","124.4","BROOKNEAL, VA US","","","","","12",",0","6",",0","1",",0","0",",0","0",",0","","","","","","","","","","","","","","","19720430","+,,0","19720409",",,0","","","19720408",",,0","","","","","0",",,0,30,+","0",",T,0,09,","43.4",",,0,08,","","","","","","","84.4",",,,0","0",",T,,0","","","","","",""
"USC00441082","1972-05","37.0679","-78.9517","124.4","BROOKNEAL, VA US","","","","","12",",0","8",",0","3",",0","0",",0","0",",0","","","","","","","","","","","","","","","19720531","+,,0","19720531","+,,0","","","19720515",",,0","","","","","0",",,0,31,+","0",",,0,31,+","41.4",",,0,15,","","","","","","","164.1",",,,0","0",",,,0","","","","","",""
"USC00441082","1972-06","37.0679","-78.9517","124.4","BROOKNEAL, VA US","","","","","14",",0","7",",0","4",",0","0",",0","0",",0","","","","","","","","","","","","","","","19720630","+,,0","19720630","+,,0","","","19720622",",,0","","","","","0",",,0,30,+","0",",,0,30,+","119.4",",,0,22,","","","","","","","230.4",",,,0","0",",,,0","","","","","",""
"USC00441082","1972-07","37.0679","-78.9517","124.4","BROOKNEAL, VA US","","","","","9",",0","7",",0","1",",0","0",",0","0",",0","","","","","","","","","","","","","","","19720731","+,,0","19720731","+,,0","","","19720705",",,0","","","","","0",",,0,31,+","0",",,0,31,+","60.7",",,0,05,","","","","","","","135.6",",,,0","0",",,,0","","","","","",""
"USC00441082","1972-08","37.0679","-78.9517","124.4","BROOKNEAL, VA US","","","","","8",",0","3",",0","1",",0","0",",0","0",",0","","","","","","","","","","","","","","","19720831","+,,0","19720831","+,,0","","","19720801",",,0","","","","","0",",,0,31,+","0",",,0,31,+","44.5",",,0,01,","","","","","","","59.1",",,,0","0",",,,0","","","","","",""
"USC00441082","1972-09","37.0679","-78.9517","124.4","BROOKNEAL, VA US","","","","","7",",0","6",",0","1",",0","0",",0","0",",0","","","","","","","","","","","","","","","19720930","+,,0","19720930","+,,0","","","19720930",",,0","","","","","0",",,0,30,+","0",",,0,30,+","27.7",",,0,30,","","","","","","","82.7",",,,0","0",",,,0","","","","","",""
"USC00441082","1972-10","37.0679","-78.9517","124.4","BROOKNEAL, VA US","","","","","13",",0","8",",0","2",",0","0",",0","0",",0","","","","","","","","","","","","","","","19721031","+,,0","19721031","+,,0","","","19721006",",,0","","","","","0",",,0,31,+","0",",,0,31,+","95.5",",,0,06,","","","","","","","193.3",",,,0","0",",,,0","","","","","",""
"USC00441082","1972-11","37.0679","-78.9517","124.4","BROOKNEAL, VA US","","","","","16",",0","8",",0","4",",0","1",",0","1",",0","","","","","","","","","","","","","","","19721117",",,0","19721117",",,0","","","19721114",",,0","","","","","76",",,0,17,","76",",,0,17,","53.3",",,0,14,","","","","","","","171.0",",,,0","84",",,,0","","","","","",""
"USC00441082","1972-12","37.0679","-78.9517","124.4","BROOKNEAL, VA US","","","","","16",",0","9",",0","1",",0","0",",0","0",",0","","","","","","","","","","","","","","","19721231","+,,0","19721231","+,,0","","","19721222",",,0","","","","","0",",,0,31,+","0",",,0,31,+","30.5",",,0,22,","","","","","","","106.4",",,,0","0",",,,0","","","","","",""
"USC00441082","1973-01","37.0679","-78.9517","124.4","BROOKNEAL, VA US","","","","","12",",0","8",",0","0",",0","8",",0","2",",0","","","","","","","","","","","","","","","19730109",",,0","19730109",",,0","","","19730129",",,0","","","","","102",",,0,09,","71",",,0,09,","17.8",",,0,29,","","","","","","","79.3",",,,0","112",",,,0","","","","","",""
"USC00441082","1973-02","37.0679","-78.9517","124.4","BROOKNEAL, VA US","","","","","9",",0","7",",0","1",",0","1",",0","1",",0","","","","","","","","","","","","","","","19730228",",,0","19730228",",,0","","","19730202",",,0","","","","","25",",,0,28,","36",",,0,28,","32.0",",,0,02,","","","","","","","85.7",",,,0","36",",,,0","","","","","",""
"USC00441082","1973-03","37.0679","-78.9517","124.4","BROOKNEAL, VA US","","","","","19",",0","14",",0","0",",0","1",",0","1",",0","","","","","","","","","","","","","","","19730322",",,0","19730322",",,0","","","19730322",",,0","","","","","76",",,0,22,","91",",,0,22,","22.1",",,0,22,","","","","","","","122.9",",,,0","91",",,,0","","","","","",""
"USC00441082","1973-04","37.0679","-78.9517","124.4","BROOKNEAL, VA US","","","13.3",",0","11",",0","8",",0","3",",0","0",",0","0",",0","0",",0","8",",0","0",",0","13",",0","0",",0","","","19730412",",,0","19730430","+,,0","19730413",",,0","","","19730426",",,0","19730423",",,0","-3.9",",0,12,","0",",,0,30,+","0",",T,0,13,","36.6",",,0,26,","29.4",",0,23,","","","179.9",",0","157.9",",,,0","0",",T,,0","12.78",",0","19.52",",,,0","6.04",",,,0"
"USC00441082","1973-05","37.0679","-78.9517","124.4","BROOKNEAL, VA US","","","","","13",",0","6",",0","0",",0","0",",0","0",",0","","","","","","","","","","","","","","","19730531","+,,0","19730531","+,,0","","","19730528",",,0","","","","","0",",,0,31,+","0",",,0,31,+","19.8",",,0,28,","","","","","","","77.7",",,,0","0",",,,0","","","","","",""
"USC00441082","1973-06","37.0679","-78.9517","124.4","BROOKNEAL, VA US","","","","","8",",0","2",",0","0",",0","0",",0","0",",0","","","","","","","","","","","","","","","19730630","+,,0","19730630","+,,0","","","19730629",",,0","","","","","0",",,0,30,+","0",",,0,30,+","8.1",",,0,29,","","","","","","","16.2",",,,0","0",",,,0","","","","","",""
"USC00441082","1973-07","37.0679","-78.9517","124.4","BROOKNEAL, VA US","","","","","8",",0","4",",0","1",",0","0",",0","0",",0","","","","","","","","","","","","","","","19730731","+,,0","19730731","+,,0","","","19730723",",,0","","","","","0",",,0,31,+","0",",,0,31,+","63.5",",,0,23,","","","","","","","106.5",",,,0","0",",,,0","","","","","",""
"USC00441082","1973-08","37.0679","-78.9517","124.4","BROOKNEAL, VA US","","","","","11",",0","7",",0","1",",0","0",",0","0",",0","","","","","","","","","","","","","","","19730831","+,,0","19730831","+,,0","","","19730802",",,0","","","","","0",",,0,31,+","0",",,0,31,+","35.8",",,0,02,","","","","","","","95.6",",,,0","0",",,,0","","","","","",""
"USC00441082","1973-09","37.0679","-78.9517","124.4","BROOKNEAL, VA US","","","","","9",",0","5",",0","1",",0","0",",0","0",",0","","","","","","","","","","","","","","","19730930","+,,0","19730930","+,,0","","","19730914",",,0","","","","","0",",,0,30,+","0",",,0,30,+","25.7",",,0,14,","","","","","","","50.6",",,,0","0",",,,0","","","","","",""
"USC00441082","1973-10","37.0679","-78.9517","124.4","BROOKNEAL, VA US","","","","","8",",0","5",",0","0",",0","0",",0","0",",0","","","","","","","","","","","","","","","19731031","+,,0","19731031","+,,0","","","19731029",",,0","","","","","0",",,0,31,+","0",",,0,31,+","19.8",",,0,29,","","","","","","","57.9",",,,0","0",",,,0","","","","","",""
"USC00441082","1973-11","37.0679","-78.9517","124.4","BROOKNEAL, VA US","","","","","7",",0","6",",0","0",",0","0",",0","0",",0","","","","","","","","","","","","","","","19731130","+,,0","19731130","+,,0","","","19731101",",,0","","","","","0",",,0,30,+","0",",,0,30,+","8.1",",,0,01,","","","","","","","32.3",",,,0","0",",,,0","","","","","",""
"USC00441082","1973-12","37.0679","-78.9517","124.4","BROOKNEAL, VA US","","","","","14",",0","11",",0","2",",0","5",",0","2",",0","","","","","","","","","","","","","","","19731218",",,0","19731217",",,0","","","19731209",",,0","","","","","279",",,0,18,","241",",,0,17,","44.5",",,0,09,","","","","","","","156.9",",,,0","274",",,,0","","","","","",""
"USC00441082","1974-01","37.0679","-78.9517","124.4","BROOKNEAL, VA US","","","","","17",",0","11",",0","1",",0","0",",0","0",",0","","","","","","","","","","","","","","","19740131","+,,0","19740115",",,0","","","19740101",",,0","","","","","0",",,0,31,+","0",",T,0,15,","29.7",",,0,01,","","","","","","","115.5",",,,0","0",",T,,0","","","","","",""
"USC00441082","1974-02","37.0679","-78.9517","124.4","BROOKNEAL, VA US","","","","","10",",0","8",",0","0",",0","3",",0","1",",0","","","","","","","","","","","","","","","19740209",",,0","19740217",",,0","","","19740207",",,0","","","","","51",",,0,09,","38",",,0,17,","14.0",",,0,07,","","","","","","","76.6",",,,0","76",",,,0","","","","","",""
"USC00441082","1974-03","37.0679","-78.9517","124.4","BROOKNEAL, VA US","","","","","10",",0","9",",0","0",",0","0",",0","0",",0","","","","","","","","","","","","","","","19740331","+,,0","19740313",",,0","","","19740322",",,0","","","","","0",",,0,31,+","0",",T,0,13,","16.0",",,0,22,","","","","","","","85.3",",,,0","0",",T,,0","","","","","",""
"USC00441082","1974-04","37.0679","-78.9517","124.4","BROOKNEAL, VA US","","","","","9",",0","5",",0","0",",0","0",",0","0",",0","","","","","","","","","","","","","","","19740430","+,,0","19740430","+,,0","","","19740409",",,0","","","","","0",",,0,30,+","0",",,0,30,+","24.9",",,0,09,","","","","","","","72.4",",,,0","0",",,,0","","","","","",""
"USC00441082","1974-05","37.0679","-78.9517","124.4","BROOKNEAL, VA US","","","","","14",",0","9",",0","0",",0","0",",0","0",",0","","","","","","","","","","","","","","","19740531","+,,0","19740531","+,,0","","","19740506",",,0","","","","","0",",,0,31,+","0",",,0,31,+","19.8",",,0,06,","","","","","","","120.5",",,,0","0",",,,0","","","","","",""
"USC00441082","1974-06","37.0679","-78.9517","124.4","BROOKNEAL, VA US","","","","","12",",0","6",",0","1",",0","0",",0","0",",0","","","","","","","","","","","","","","","19740630","+,,0","19740630","+,,0","","","19740601",",,0","","","","","0",",,0,30,+","0",",,0,30,+","32.3",",,0,01,","","","","","","","81.6",",,,0","0",",,,0","","","","","",""
"USC00441082","1974-07","37.0679","-78.9517","124.4","BROOKNEAL, VA US","","","172.9",",0","10",",0","4",",0","2",",0","0",",0","0",",0","0",",0","0",",0","0",",0","31",",0","10",",0","","","19740723","+,,0","19740731","+,,0","19740731","+,,0","","","19740727",",,0","19740716",",,0","12.2",",0,23,+","0",",,0,31,+","0",",,0,31,+","122.4",",,0,27,","35.0",",0,16,","0.0","","0.0",",0","182.8",",,,0","0",",,,0","23.91",",0","30.63",",,,0","17.19",",,,0"
"USC00441082","1974-08","37.0679","-78.9517","124.4","BROOKNEAL, VA US","","","171.0",",0","17",",0","10",",0","3",",0","0",",0","0",",0","0",",0","0",",0","0",",0","31",",0","2",",0","","","19740812","+,,0","19740831","+,,0","19740831","+,,0","","","19740803",",,0","19740830",",,0","15.6",",0,12,+","0",",,0,31,+","0",",,0,31,+","36.8",",,0,03,","32.8",",0,30,","0.0","","0.0",",0","160.6",",,,0","0",",,,0","23.85",",0","29.21",",,,0","18.49",",,,0"
"USC00441082","1974-09","37.0679","-78.9517","124.4","BROOKNEAL, VA US","","","","","11",",0","6",",0","1",",0","0",",0","0",",0","","","","","","","","","","","","","","","19740930","+,,0","19740930","+,,0","","","19740907",",,0","","","","","0",",,0,30,+","0",",,0,30,+","88.9",",,0,07,","","","","","","","120.1",",,,0","0",",,,0","","","","","",""
"USC00441082","1974-10","37.0679","-78.9517","124.4","BROOKNEAL, VA US","","","","","3",",0","1",",0","0",",0","0",",0","0",",0","","","","","","","","","","","","","","","19741031","+,,0","19741031","+,,0","","","19741017",",,0","","","","","0",",,0,31,+","0",",,0,31,+","7.4",",,0,17,","","","","","","","9.2",",,,0","0",",,,0","","","","","",""
"USC00441082","1974-11","37.0679","-78.9517","124.4","BROOKNEAL, VA US","","","","","10",",0","5",",0","0",",0","0",",0","0",",0","","","","","","","","","","","","","","","19741130","+,,0","19741130","+,,0","","","19741112",",,0","","","","","0",",,0,30,+","0",",,0,30,+","21.8",",,0,12,","","","","","","","42.8",",,,0","0",",,,0","","","","","",""
"USC00441082","1974-12","37.0679","-78.9517","124.4","BROOKNEAL, VA US","","","","","11",",0","6",",0","2",",0","0",",0","0",",0","","","","","","","","","","","","","","","19741219",",,0","19741219","+,,0","","","19741208",",,0","","","","","0",",T,0,19,","0",",T,0,19,+","41.4",",,0,08,","","","","","","","106.4",",,,0","0",",T,,0","","","","","",""
"USC00441082","1975-01","37.0679","-78.9517","124.4","BROOKNEAL, VA US","","","","","13",",0","11",",0","0",",0","2",",0","1",",0","","","","","","","","","","","","","","","19750122","+,,0","19750121",",,0","","","19750111",",,0","","","","","51",",,0,22,+","51",",,0,21,","20.8",",,0,11,","","","","","","","111.1",",,,0","51",",,,0","","","","","",""
"USC00441082","1975-02","37.0679","-78.9517","124.4","BROOKNEAL, VA US","","","","","13",",0","8",",0","0",",0","2",",0","1",",0","","","","","","","","","","","","","","","19750205",",,0","19750205",",,0","","","19750205",",,0","","","","","51",",,0,05,","53",",,0,05,","23.6",",,0,05,","","","","","","","77.4",",,,0","53",",,,0","","","","","",""
"USC00441082","1975-03","37.0679","-78.9517","124.4","BROOKNEAL, VA US","","","","","15",",0","12",",0","4",",0","2",",0","2",",0","","","","","","","","","","","","","","","19750310",",,0","19750310",",,0","","","19750330",",,0","","","","","51",",,0,10,","46",",,0,10,","73.7",",,0,30,","","","","","","","297.9",",,,0","77",",,,0","","","","","",""
"USC00441082","1975-04","37.0679","-78.9517","124.4","BROOKNEAL, VA US","","","","","14",",0","5",",0","0",",0","0",",0","0",",0","","","","","","","","","","","","","","","19750430","+,,0","19750430","+,,0","","","19750415",",,0","","","","","0",",,0,30,+","0",",,0,30,+","13.5",",,0,15,","","","","","","","44.8",",,,0","0",",,,0","","","","","",""
"USC00441082","1975-05","37.0679","-78.9517","124.4","BROOKNEAL, VA US","","","","","10",",0","7",",0","0",",0","0",",0","0",",0","","","","","","","","","","","","","","","19750531","+,,0","19750531","+,,0","","","19750516",",,0","","","","","0",",,0,31,+","0",",,0,31,+","23.6",",,0,16,","","","","","","","58.6",",,,0","0",",,,0","","","","","",""
"USC00441082","1975-06","37.0679","-78.9517","124.4","BROOKNEAL, VA US","","","","","9",",0","5",",0","1",",0","0",",0","0",",0","","","","","","","","","","","","","","","19750630","+,,0","19750630","+,,0","","","19750601",",,0","","","","","0",",,0,30,+","0",",,0,30,+","34.0",",,0,01,","","","","","","","74.5",",,,0","0",",,,0","","","","","",""
"USC00441082","1975-07","37.0679","-78.9517","124.4","BROOKNEAL, VA US","","","158.9",",0","13",",0","10",",0","3",",0","0",",0","0",",0","0",",0","0",",0","0",",0","31",",0","5",",0","","","19750703","+,,0","19750731","+,,0","19750731","+,,0","","","19750714",",,0","19750704",",,0","10.0",",0,03,+","0",",,0,31,+","0",",,0,31,+","49.8",",,0,14,","33.9",",0,04,","0.0","0","0.0",",0","181.6",",,,0","0",",,,0","23.46",",0","28.95",",,,0","17.97",",,,0"
"USC00441082","1975-08","37.0679","-78.9517","124.4","BROOKNEAL, VA US","","","","","9",",0","6",",0","1",",0","0",",0","0",",0","","","","","","","","","","","","","","","19750831","+,,0","19750831","+,,0","","","19750821",",,0","","","","","0",",,0,31,+","0",",,0,31,+","47.0",",,0,21,","","","","","","","104.9",",,,0","0",",,,0","","","","","",""
"USC00441082","1975-09","37.0679","-78.9517","124.4","BROOKNEAL, VA US","","","","","10",",0","8",",0","3",",0","0",",0","0",",0","","","","","","","","","","","","","","","19750930","+,,0","19750930","+,,0","","","19750923",",,0","","","","","0",",,0,30,+","0",",,0,30,+","73.7",",,0,23,","","","","","","","243.4",",,,0","0",",,,0","","","","","",""
"USC00441082","1975-10","37.0679","-78.9517","124.4","BROOKNEAL, VA US","","","7.0",",0","5",",0","3",",0","1",",0","0",",0","0",",0","0",",0","1",",0","0",",0","23",",0","0",",0","","","19751031",",,0","19751031","+,,0","19751031","+,,0","","","19751018",",,0","19751015",",,0","-2.2",",0,31,","0",",,0,31,+","0",",,0,31,+","29.7",",,0,18,","29.4",",0,15,","","","90.2",",0","50.1",",,,0","0",",,,0","15.65",",0","22.71",",,,0","8.59",",,,0"
"USC00441082","1975-11","37.0679","-78.9517","124.4","BROOKNEAL, VA US","","","","","8",",0","3",",0","1",",0","0",",0","0",",0","","","","","","","","","","","","","","","19751130","+,,0","19751124",",,0","","","19751113",",,0","","","","","0",",,0,30,+","0",",T,0,24,","28.2",",,0,13,","","","","","","","38.8",",,,0","0",",T,,0","","","","","",""
"USC00441082","1975-12","37.0679","-78.9517","124.4","BROOKNEAL, VA US","","","0.0",",0","10",",0","5",",0","1",",0","0",",0","0",",0","0",",0","25",",0","2",",0","1",",0","0",",0","","","19751220","+,,0","19751221",",,0","19751222",",,0","","","19751226",",,0","19751207",",,0","-10.0",",0,20,+","0",",T,0,21,","3",",,0,22,","33.5",",,0,26,","21.1",",0,07,","","","467.9",",0","78.0",",,,0","3",",,,0","3.24",",0","8.83",",,,0","-2.35",",,,0"
"USC00441082","1976-01","37.0679","-78.9517","124.4","BROOKNEAL, VA US","0.0","0","0.0",",0","11",",0","6",",0","3",",0","0",",0","0",",0","0",",0","27",",0","3",",0","0",",0","0",",0","","","19760120","+,,0","19760117","+,,0","19760117","+,,0","","","19760101",",,0","19760125",",,0","-15.6",",0,20,+","0",",T,0,17,+","0",",T,0,17,+","36.8",",,0,01,","16.1",",0,25,","","","545.8",",0","126.4",",,,0","0",",T,,0","0.73",",0","6.74",",,,0","-5.29",",,,0"
"USC00441082","1976-02","37.0679","-78.9517","124.4","BROOKNEAL, VA US","1.1","0","1.1",",0","7",",0","4",",0","0",",0","0",",0","0",",0","0",",0","21",",0","1",",0","6",",0","0",",0","","","19760203",",,0","19760203",",,0","19760203",",,0","","","19760223",",,0","19760229",",,0","-8.3",",0,03,","0",",T,0,03,","0",",T,0,03,","16.3",",,0,23,","25.0",",0,29,","","","316.5",",0","41.7",",,,0","0",",T,,0","7.46",",0","15.43",",,,0","-0.52",",,,0"
"USC00441082","1976-03","37.0679","-78.9517","124.4","BROOKNEAL, VA US","3.1","0","2.0",",0","13",",0","5",",0","0",",0","0",",0","0",",0","0",",0","14",",0","0",",0","15",",0","0",",0","","","19760318",",,0","19760310",",,0","19760310",",,0","","","19760310",",,0","19760304",",,0","-6.7",",0,18,","0",",T,0,10,","15",",,0,10,","16.5",",,0,10,","28.9",",0,04,","","","244.2",",0","54.3",",,,0","15",",,,0","10.52",",0","19.02",",,,0","2.03",",,,0"
"USC00441082","1976-04","37.0679","-78.9517","124.4","BROOKNEAL, VA US","","","","","4",",0","3",",0","1",",0","0",",0","0",",0","","","","","","","","","","","","","","","19760430","+,,0","19760430","+,,0","","","19760401",",,0","","","","","0",",,0,30,+","0",",,0,30,+","45.7",",,0,01,","","","","","","","52.0",",,,0","0",",,,0","","","","","",""
"USC00441082","1976-05","37.0679","-78.9517","124.4","BROOKNEAL, VA US","","","31.9",",0","13",",0","8",",0","1",",0","0",",0","0",",0","0",",0","0",",0","0",",0","27",",0","0",",0","","","19760509",",,0","19760531","+,,0","19760531","+,,0","","","19760530",",,0","19760522",",,0","1.1",",0,09,","0",",,0,31,+","0",",,0,31,+","26.2",",,0,30,","31.1",",0,22,","","","62.2",",0","99.9",",,,0","0",",,,0","17.36",",0","24.42",",,,0","10.29",",,,0"
"USC00441082","1976-06","37.0679","-78.9517","124.4","BROOKNEAL, VA US","","","","","11",",0","6",",0","1",",0","0",",0","0",",0","","","","","","","","","","","","","","","19760630","+,,0","19760630","+,,0","","","19760621",",,0","","","","","0",",,0,30,+","0",",,0,30,+","32.5",",,0,21,","","","","","","","60.6",",,,0","0",",,,0","","","","","",""
"USC00441082","1976-07","37.0679","-78.9517","124.4","BROOKNEAL, VA US","","","192.6",",0","8",",0","6",",0","0",",0","0",",0","0",",0","0",",0","0",",0","0",",0","31",",0","15",",0","","","19760702",",,0","19760731","+,,0","19760731","+,,0","","","19760707",",,0","19760716",",,0","12.2",",0,02,","0",",,0,31,+","0",",,0,31,+","13.7",",,0,07,","37.2",",0,16,","0.0","0","0.0",",0","46.8",",,,0","0",",,,0","24.55",",0","31.99",",,,0","17.10",",,,0"
"USC00441082","1976-08","37.0679","-78.9517","124.4","BROOKNEAL, VA US","","","168.7",",0","6",",0","4",",0","0",",0","0",",0","0",",0","0",",0","0",",0","0",",0","31",",0","16",",0","","","19760831",",,0","19760831","+,,0","19760831","+,,0","","","19760808",",,0","19760814","+,,0","7.8",",0,31,","0",",,0,31,+","0",",,0,31,+","22.4",",,0,08,","35.6",",0,14,+","0.5","0","0.5",",0","51.2",",,,0","0",",,,0","23.76",",0","31.32",",,,0","16.19",",,,0"
"USC00441082","1976-09","37.0679","-78.9517","124.4","BROOKNEAL, VA US","","","","","9",",0","5",",0","1",",0","0",",0","0",",0","","","","","","","","","","","","","","","19760930","+,,0","19760930","+,,0","","","19760916",",,0","","","","","0",",,0,30,+","0",",,0,30,+","53.3",",,0,16,","","","","","","","82.2",",,,0","0",",,,0","","","","","",""
"USC00441082","1976-10","37.0679","-78.9517","124.4","BROOKNEAL, VA US","","","","","13",",0","12",",0","4",",0","0",",0","0",",0","","","","","","","","","","","","","","","19761031","+,,0","19761031","+,,0","","","19761009",",,0","","","","","0",",,0,31,+","0",",,0,31,+","53.3",",,0,09,","","","","","","","244.9",",,,0","0",",,,0","","","","","",""
"USC00441082","1976-11","37.0679","-78.9517","124.4","BROOKNEAL, VA US","","","0.0",",0","8",",0","3",",0","1",",0","0",",0","0",",0","0",",0","24",",0","0",",0","1",",0","0",",0","","","19761130",",,0","19761130","+,,0","19761123","+,,0","","","19761129",",,0","19761120",",,0","-7.8",",0,30,","0",",,0,30,+","0",",T,0,23,+","46.0",",,0,29,","22.2",",0,20,","","","396.6",",0","59.2",",,,0","0",",T,,0","5.11",",0","12.00",",,,0","-1.77",",,,0"
"USC00441082","1976-12","37.0679","-78.9517","124.4","BROOKNEAL, VA US","","","0.0",",0","9",",0","7",",0","1",",0","1",",0","1",",0","0",",0","27",",0","3",",0","0",",0","0",",0","","","19761202","+,,0","19761209",",,0","19761209",",,0","","","19761207",",,0","19761220",",,0","-11.1",",0,02,+","51",",,0,09,","58",",,0,09,","37.1",",,0,07,","17.2",",0,20,","","","540.2",",0","94.8",",,,0","63",",,,0","0.91",",0","7.28",",,,0","-5.46",",,,0"
"USC00441082","1977-01","37.0679","-78.9517","124.4","BROOKNEAL, VA US","0.0","0","0.0",",0","7",",0","3",",0","0",",0","23",",0","3",",0","2",",0","31",",0","9",",0","0",",0","0",",0","","","19770118",",,0","19770107",",,0","19770110",",,0","","","19770110",",,0","19770105",",,0","-18.3",",0,18,","127",",,0,07,","140",",,0,10,","23.6",",,0,10,","7.8",",0,05,","","","689.7",",0","52.1",",,,0","318",",,,0","-3.91",",0","1.51",",,,0","-9.34",",,,0"
"USC00441082","1977-02","37.0679","-78.9517","124.4","BROOKNEAL, VA US","0.0","0","0.0",",0","4",",0","3",",0","0",",0","1",",0","0",",0","0",",0","23",",0","1",",0","2",",0","0",",0","","","19770209",",,0","19770219",",,0","19770219",",,0","","","19770225",",,0","19770227",",,0","-12.2",",0,09,","25",",,0,19,","20",",,0,19,","14.7",",,0,25,","25.6",",0,27,","","","443.6",",0","24.9",",,,0","20",",,,0","2.49",",0","10.26",",,,0","-5.28",",,,0"
"USC00441082","1977-03","37.0679","-78.9517","124.4","BROOKNEAL, VA US","4.7","0","4.7",",0","12",",0","7",",0","0",",0","0",",0","0",",0","0",",0","13",",0","0",",0","9",",0","0",",0","","","19770302","+,,0","19770331","+,,0","19770302",",,0","","","19770320",",,0","19770330",",,0","-6.1",",0,02,+","0",",,0,31,+","0",",T,0,02,","24.9",",,0,20,","26.7",",0,30,","","","250.7",",0","81.2",",,,0","0",",T,,0","10.40",",0","18.04",",,,0","2.76",",,,0"
"USC00441082","1977-04","37.0679","-78.9517","124.4","BROOKNEAL, VA US","26.9","0","22.2",",0","9",",0","5",",0","0",",0","0",",0","0",",0","0",",0","5",",0","0",",0","21",",0","2",",0","","","19770407",",,0","19770430","+,,0","19770430","+,,0","","","19770405",",,0","19770414","+,,0","-3.3",",0,07,","0",",,0,30,+","0",",,0,30,+","20.6",",,0,05,","32.2",",0,14,+","","","127.2",",0","57.6",",,,0","0",",,,0","14.83",",0","23.39",",,,0","6.28",",,,0"
"USC00441082","1977-05","37.0679","-78.9517","124.4","BROOKNEAL, VA US","102.9","0","76.0",",0","10",",0","8",",0","0",",0","0",",0","0",",0","0",",0","0",",0","0",",0","29",",0","5",",0","","","19770501",",,0","19770531","+,,0","19770531","+,,0","","","19770526",",,0","19770518",",,0","1.7",",0,01,","0",",,0,31,+","0",",,0,31,+","15.2",",,0,26,","33.9",",0,18,","","","36.7",",0","61.3",",,,0","0",",,,0","19.60",",0","27.74",",,,0","11.46",",,,0"
"USC00441082","1977-06","37.0679","-78.9517","124.4","BROOKNEAL, VA US","213.1","0","110.2",",0","9",",0","7",",0","1",",0","0",",0","0",",0","0",",0","0",",0","0",",0","27",",0","9",",0","","","19770608",",,0","19770630","+,,0","19770630","+,,0","","","19770626",",,0","19770629",",,0","3.9",",0,08,","0",",,0,30,+","0",",,0,30,+","42.7",",,0,26,","33.9",",0,29,","","","10.5",",0","83.8",",,,0","0",",,,0","21.65",",0","28.47",",,,0","14.84",",,,0"
"USC00441082","1977-07","37.0679","-78.9517","124.4","BROOKNEAL, VA US","466.8","0","253.7",",0","7",",0","2",",0","0",",0","0",",0","0",",0","0",",0","0",",0","0",",0","31",",0","23",",0","","","19770729","+,,0","19770731","+,,0","19770731","+,,0","","","19770713",",,0","19770722","+,,0","11.1",",0,29,+","0",",,0,31,+","0",",,0,31,+","9.1",",,0,13,","39.4",",0,22,+","0.0","0","0.0",",0","16.6",",,,0","0",",,,0","26.52",",0","34.37",",,,0","18.66",",,,0"
"USC00441082","1977-08","37.0679","-78.9517","124.4","BROOKNEAL, VA US","704.0","0","237.2",",0","11",",0","7",",0","1",",0","0",",0","0",",0","0",",0","0",",0","0",",0","31",",0","20",",0","","","19770819",",,0","19770831","+,,0","19770831","+,,0","","","19770818",",,0","19770813","+,,0","15.0",",0,19,","0",",,0,31,+","0",",,0,31,+","32.8",",,0,18,","37.8",",0,13,+","0.0","0","0.0",",0","67.4",",,,0","0",",,,0","25.98",",0","32.93",",,,0","19.04",",,,0"
"USC00441082","1977-09","37.0679","-78.9517","124.4","BROOKNEAL, VA US","824.6","0","120.6",",0","8",",0","6",",0","1",",0","0",",0","0",",0","0",",0","0",",0","0",",0","28",",0","7",",0","","","19770930","+,,0","19770930","+,,0","19770930","+,,0","","","19770908",",,0","19770904","+,,0","7.2",",0,30,+","0",",,0,30,+","0",",,0,30,+","38.1",",,0,08,","36.1",",0,04,+","6.9","0","6.9",",0","74.4",",,,0","0",",,,0","22.12",",0","28.78",",,,0","15.46",",,,0"
"USC00441082","1977-10","37.0679","-78.9517","124.4","BROOKNEAL, VA US","828.4","0","3.8",",0","9",",0","8",",0","2",",0","0",",0","0",",0","0",",0","2",",0","0",",0","8",",0","0",",0","","","19771019","+,,0","19771031","+,,0","19771031","+,,0","","","19771026",",,0","19771003",",,0","-1.7",",0,19,+","0",",,0,31,+","0",",,0,31,+","39.4",",,0,26,","30.0",",0,03,","193.6","0","186.7",",0","167.4",",,,0","0",",,,0","12.43",",0","19.17",",,,0","5.69",",,,0"
"USC00441082","1977-11","37.0679","-78.9517","124.4","BROOKNEAL, VA US","833.3","0","4.9",",0","17",",0","7",",0","1",",0","0",",0","0",",0","0",",0","10",",0","0",",0","6",",0","0",",0","","","19771127","+,,0","19771130","+,,0","19771128",",,0","","","19771107",",,0","19771110","+,,0","-5.6",",0,27,+","0",",,0,30,+","0",",T,0,28,","39.6",",,0,07,","23.3",",0,10,+","465.0","0","271.4",",0","84.9",",,,0","0",",T,,0","9.45",",0","14.61",",,,0","4.29",",,,0"
"USC00441082","1977-12","37.0679","-78.9517","124.4","BROOKNEAL, VA US","833.3","0","0.0",",0","12",",0","8",",0","0",",0","0",",0","0",",0","0",",0","21",",0","3",",0","0",",0","0",",0","","","19771230","+,,0","19771228",",,0","19771231",",,0","","","19771206",",,0","19771215","+,,0","-12.2",",0,30,+","0",",T,0,28,","3",",,0,31,","16.8",",,0,06,","15.6",",0,15,+","967.8","0","502.8",",0","84.7",",,,0","3",",,,0","2.11",",0","7.64",",,,0","-3.41",",,,0"
"USC00441082","1978-01","37.0679","-78.9517","124.4","BROOKNEAL, VA US","0.0","0","0.0",",0","15",",0","9",",0","3",",0","12",",0","2",",0","0",",0","26",",0","6",",0","0",",0","0",",0","","","19780112","+,,0","19780115",",,0","19780120",",,0","","","19780126","+,,0","19780126","+,,0","-12.8",",0,12,+","51",",,0,15,","36",",,0,20,","59.9",",,0,26,+","15.6",",0,26,+","1577.1","0","609.3",",0","239.6",",,,0","84",",,,0","-1.32",",0","3.40",",,,0","-6.04",",,,0"
"USC00441082","1978-02","37.0679","-78.9517","124.4","BROOKNEAL, VA US","0.0","0","0.0",",0","8",",0","1",",0","0",",0","3",",0","3",",0","0",",0","28",",0","2",",0","0",",0","0",",0","","","19780212",",,0","19780222","+,,0","19780203",",,0","","","19780203",",,0","19780226",",,0","-11.7",",0,12,","25",",,0,22,+","46",",,0,03,","3.0",",,0,03,","19.4",",0,26,","2112.1","0","535.0",",0","10.6",",,,0","116",",,,0","-0.78",",0","5.04",",,,0","-6.59",",,,0"
"USC00441082","1978-03","37.0679","-78.9517","124.4","BROOKNEAL, VA US","0.0","0","0.0",",0","15",",0","9",",0","1",",0","4",",0","2",",0","0",",0","15",",0","1",",0","6",",0","0",",0","","","19780305",",,0","19780303",",,0","19780303",",,0","","","19780311",",,0","19780324",",,0","-10.0",",0,05,","127",",,0,03,","114",",,0,03,","35.3",",,0,11,","26.1",",0,24,","2494.3","0","382.2",",0","147.7",",,,0","183",",,,0","6.00",",0","12.37",",,,0","-0.36",",,,0"
"USC00441082","1978-04","37.0679","-78.9517","124.4","BROOKNEAL, VA US","3.6","0","3.6",",0","12",",0","6",",0","2",",0","0",",0","0",",0","0",",0","0",",0","0",",0","19",",0","0",",0","","","19780423",",,0","19780430","+,,0","19780430","+,,0","","","19780427",",,0","19780402",",,0","0.6",",0,23,","0",",,0,30,+","0",",,0,30,+","88.1",",,0,27,","31.1",",0,02,","2643.7","0","149.4",",0","177.2",",,,0","0",",,,0","13.48",",0","21.15",",,,0","5.80",",,,0"
"USC00441082","1978-05","37.0679","-78.9517","124.4","BROOKNEAL, VA US","44.5","0","40.9",",0","13",",0","7",",0","2",",0","0",",0","0",",0","0",",0","0",",0","0",",0","20",",0","2",",0","","","19780503","+,,0","19780531","+,,0","19780531","+,,0","","","19780505",",,0","19780531","+,,0","0.6",",0,03,+","0",",,0,31,+","0",",,0,31,+","56.9",",,0,05,","32.2",",0,31,+","2726.7","0","83.0",",0","140.2",",,,0","0",",,,0","16.97",",0","24.19",",,,0","9.75",",,,0"
"USC00441082","1978-06","37.0679","-78.9517","124.4","BROOKNEAL, VA US","186.5","0","142.0",",0","10",",0","5",",0","1",",0","0",",0","0",",0","0",",0","0",",0","0",",0","30",",0","9",",0","","","19780615","+,,0","19780630","+,,0","19780630","+,,0","","","19780627",",,0","19780629",",,0","8.3",",0,15,+","0",",,0,30,+","0",",,0,30,+","31.0",",,0,27,","35.6",",0,29,","2729.3","0","2.6",",0","86.8",",,,0","0",",,,0","22.98",",0","30.44",",,,0","15.52",",,,0"
"USC00441082","1978-07","37.0679","-78.9517","124.4","BROOKNEAL, VA US","360.2","0","173.7",",0","12",",0","9",",0","2",",0","0",",0","0",",0","0",",0","0",",0","0",",0","31",",0","10",",0","","","19780713",",,0","19780731","+,,0","19780731","+,,0","","","19780704",",,0","19780724",",,0","12.2",",0,13,","0",",,0,31,+","0",",,0,31,+","36.6",",,0,04,","36.1",",0,24,","0.0","0","0.0",",0","127.5",",,,0","0",",,,0","23.94",",0","30.22",",,,0","17.65",",,,0"
"USC00441082","1978-08","37.0679","-78.9517","124.4","BROOKNEAL, VA US","574.2","0","214.0",",0","16",",0","11",",0","3",",0","0",",0","0",",0","0",",0","0",",0","0",",0","31",",0","12",",0","","","19780823","+,,0","19780831","+,,0","19780831","+,,0","13","","19780830",",,0","19780830","+,,0","13.3",",0,23,+","0",",,0,31,+","0",",,0,31,+","28.7",",,0,30,","33.9",",0,30,+","0.0","0","0.0",",0","155.0",",,,0","0",",,,0","25.24",",0","31.24",",,,0","19.24",",,,0"
"USC00441082","1978-09","37.0679","-78.9517","124.4","BROOKNEAL, VA US","692.6","0","118.4",",0","4",",0","1",",0","0",",0","0",",0","0",",0","0",",0","0",",0","0",",0","27",",0","7",",0","","","19780928","+,,0","19780930","+,,0","19780930","+,,0","3","","19780901",",,0","19780910",",,0","7.2",",0,28,+","0",",,0,30,+","0",",,0,30,+","2.8",",,0,01,","35.0",",0,10,","13.1","0","13.1",",0","6.1",",,,0","0",",,,0","21.84",",0","27.88",",,,0","15.80",",,,0"
"USC00441082","1978-10","37.0679","-78.9517","124.4","BROOKNEAL, VA US","692.9","0","0.3",",0","7",",0","2",",0","0",",0","0",",0","0",",0","0",",0","6",",0","0",",0","16",",0","0",",0","","","19781026","+,,0","19781031","+,,0","19781031","+,,0","","","19781006",",,0","19781024",",,0","-1.7",",0,26,+","0",",,0,31,+","0",",,0,31,+","9.1",",,0,06,","27.8",",0,24,","189.3","0","176.2",",0","19.1",",,,0","0",",,,0","12.66",",0","20.86",",,,0","4.45",",,,0"
"USC00441082","1978-11","37.0679","-78.9517","124.4","BROOKNEAL, VA US","692.9","0","0.0",",0","10",",0","7",",0","1",",0","0",",0","0",",0","0",",0","4",",0","0",",0","7",",0","0",",0","","","19781121",",,0","19781130","+,,0","19781130","+,,0","","","19781117",",,0","19781107",",,0","-1.1",",0,21,","0",",,0,30,+","0",",,0,30,+","27.7",",,0,17,","25.0",",0,07,","443.9","0","254.6",",0","88.3",",,,0","0",",,,0","9.85",",0","16.13",",,,0","3.56",",,,0"
"USC00441082","1978-12","37.0679","-78.9517","124.4","BROOKNEAL, VA US","694.0","0","1.1",",0","9",",0","8",",0","2",",0","0",",0","0",",0","0",",0","27",",0","0",",0","2",",0","0",",0","","","19781230",",,0","19781231","+,,0","19781220","+,,0","","","19781210",",,0","19781209",",,0","-10.0",",0,30,","0",",,0,31,+","0",",T,0,20,+","35.6",",,0,10,","23.3",",0,09,","886.5","0","442.6",",0","111.7",",,,0","0",",T,,0","4.09",",0","10.91",",,,0","-2.73",",,,0"
"USC00441082","1979-01","37.0679","-78.9517","124.4","BROOKNEAL, VA US","0.0","0","0.0",",0","14",",0","13",",0","2",",0","1",",0","1",",0","0",",0","25",",0","4",",0","0",",0","0",",0","","","19790104",",,0","19790106",",,0","19790106",",,0","","","19790121",",,0","19790102",",,0","-12.8",",0,04,","25",",,0,06,","48",",,0,06,","49.5",",,0,21,","18.3",",0,02,","1426.8","0","540.3",",0","179.1",",,,0","66",",,,0","0.90",",0","6.01",",,,0","-4.20",",,,0"
"USC00441082","1979-02","37.0679","-78.9517","124.4","BROOKNEAL, VA US","0.0","0","0.0",",0","14",",0","7",",0","3",",0","17",",0","3",",0","1",",0","25",",0","7",",0","0",",0","0",",0","","","19790210",",,0","19790219",",,0","19790219",",,0","1","","19790225",",,0","19790223",",,0","-17.8",",0,10,","305",",,0,19,","244",",,0,19,","58.9",",,0,25,","16.7",",0,23,","1992.6","0","565.8",",0","164.8",",,,0","508",",,,0","-1.87",",0","3.43",",,,0","-7.18",",,,0"
"USC00441082","1979-03","37.0679","-78.9517","124.4","BROOKNEAL, VA US","2.8","0","2.8",",0","10",",0","6",",0","1",",0","0",",0","0",",0","0",",0","18",",0","0",",0","8",",0","0",",0","","","19790317","+,,0","19790331","+,,0","19790331","+,,0","2","","19790324",",,0","19790331",",,0","-6.7",",0,17,+","0",",,0,31,+","0",",,0,31,+","41.1",",,0,24,","27.8",",0,31,","2293.3","0","300.7",",0","82.6",",,,0","0",",,,0","8.72",",0","16.66",",,,0","0.78",",,,0"
"USC00441082","1979-04","37.0679","-78.9517","124.4","BROOKNEAL, VA US","14.1","0","11.3",",0","11",",0","8",",0","0",",0","0",",0","0",",0","0",",0","1",",0","0",",0","16",",0","0",",0","","","19790418",",,0","19790430","+,,0","19790430","+,,0","","","19790413",",,0","19790401",",,0","0.0",",0,18,","0",",,0,30,+","0",",,0,30,+","21.3",",,0,13,","29.4",",0,01,","2442.4","0","149.1",",0","87.9",",,,0","0",",,,0","13.74",",0","21.04",",,,0","6.44",",,,0"
"USC00441082","1979-05","37.0679","-78.9517","124.4","BROOKNEAL, VA US","43.9","0","29.8",",0","17",",0","10",",0","0",",0","0",",0","0",",0","0",",0","0",",0","0",",0","26",",0","0",",0","","","19790501",",,0","19790531","+,,0","19790531","+,,0","8","","19790512",",,0","19790512",",,0","2.8",",0,01,","0",",,0,31,+","0",",,0,31,+","18.8",",,0,12,","30.0",",0,12,","2491.9","0","49.5",",0","90.2",",,,0","0",",,,0","17.70",",0","24.60",",,,0","10.79",",,,0"
"USC00441082","1979-06","37.0679","-78.9517","124.4","BROOKNEAL, VA US","121.7","0","77.8",",0","10",",0","4",",0","2",",0","0",",0","0",",0","0",",0","0",",0","0",",0","27",",0","2",",0","","","19790626",",,0","19790630","+,,0","19790630","+,,0","6","","19790617",",,0","19790623","+,,0","7.8",",0,26,","0",",,0,30,+","0",",,0,30,+","34.8",",,0,17,","32.2",",0,23,+","2502.1","0","10.2",",0","80.9",",,,0","0",",,,0","20.59",",0","27.25",",,,0","13.92",",,,0"
"USC00441082","1979-07","37.0679","-78.9517","124.4","BROOKNEAL, VA US","290.9","0","169.2",",0","14",",0","7",",0","2",",0","0",",0","0",",0","0",",0","0",",0","0",",0","31",",0","4",",0","","","19790707","+,,0","19790731","+,,0","19790731","+,,0","4","","19790724",",,0","19790714",",,0","10.6",",0,07,+","0",",,0,31,+","0",",,0,31,+","55.9",",,0,24,","34.4",",0,14,","0.0","0","0.0",",0","111.3",",,,0","0",",,,0","23.79",",0","29.79",",,,0","17.79",",,,0"
"USC00441082","1979-08","37.0679","-78.9517","124.4","BROOKNEAL, VA US","477.7","0","186.8",",0","11",",0","7",",0","2",",0","0",",0","0",",0","0",",0","0",",0","0",",0","30",",0","13",",0","","","19790817","+,,0","19790831","+,,0","19790831","+,,0","9","","19790813",",,0","19790811","+,,0","10.0",",0,17,+","0",",,0,31,+","0",",,0,31,+","57.2",",,0,13,","36.1",",0,11,+","4.1","0","4.1",",0","122.3",",,,0","0",",,,0","24.23",",0","30.70",",,,0","17.75",",,,0"
"USC00441082","1979-09","37.0679","-78.9517","124.4","BROOKNEAL, VA US","549.9","0","72.2",",0","17",",0","9",",0","3",",0","0",",0","0",",0","0",",0","0",",0","0",",0","27",",0","0",",0","","","19790918",",,0","19790930","+,,0","19790930","+,,0","5","","19790922",",,0","19790908","+,,0","8.3",",0,18,","0",",,0,30,+","0",",,0,30,+","116.8",",,0,22,","31.1",",0,08,+","19.3","0","15.2",",0","267.3",",,,0","0",",,,0","20.23",",0","25.54",",,,0","14.93",",,,0"
"USC00441082","1979-10","37.0679","-78.9517","124.4","BROOKNEAL, VA US","559.3","0","9.4",",0","12",",0","7",",0","0",",0","0",",0","0",",0","0",",0","7",",0","0",",0","18",",0","0",",0","","","19791028",",,0","19791031","+,,0","19791011",",,0","2","","19791003",",,0","19791022",",,0","-2.8",",0,28,","0",",,0,31,+","0",",T,0,11,","24.1",",,0,03,","27.8",",0,22,","192.2","0","172.9",",0","104.9",",,,0","0",",T,,0","13.06",",0","20.41",",,,0","5.71",",,,0"
"USC00441082","1979-11","37.0679","-78.9517","124.4","BROOKNEAL, VA US","559.8","0","0.5",",0","11",",0","4",",0","2",",0","0",",0","0",",0","0",",0","12",",0","0",",0","8",",0","0",",0","","","19791130",",,0","19791130","+,,0","19791130","+,,0","","","19791112",",,0","19791121",",,0","-6.7",",0,30,","0",",,0,30,+","0",",,0,30,+","32.0",",,0,12,","22.8",",0,21,","441.7","0","249.5",",0","97.0",",,,0","0",",,,0","10.04",",0","16.88",",,,0","3.19",",,,0"
"USC00441082","1979-12","37.0679","-78.9517","124.4","BROOKNEAL, VA US","559.8","0","0.0",",0","4",",0","3",",0","0",",0","0",",0","0",",0","0",",0","23",",0","0",",0","1",",0","0",",0","","","19791204",",,0","19791231","+,,0","19791221",",,0","","","19791214",",,0","19791213",",,0","-8.3",",0,04,","0",",,0,31,+","0",",T,0,21,","21.6",",,0,14,","21.1",",0,13,","874.6","0","432.9",",0","35.1",",,,0","0",",T,,0","4.37",",0","10.66",",,,0","-1.92",",,,0"
"USC00441082","1980-01","37.0679","-78.9517","124.4","BROOKNEAL, VA US","0.0","0","0.0",",0","12",",0","8",",0","0",",0","7",",0","3",",0","0",",0","24",",0","0",",0","0",",0","0",",0","","","19800107",",,0","19800106",",,0","19800105",",,0","","","19800119",",,0","19800116",",,0","-8.3",",0,07,","203",",,0,06,","178",",,0,05,","24.4",",,0,19,","15.6",",0,16,","1360.3","0","485.7",",0","116.8",",,,0","384",",,,0","2.67",",0","7.66",",,,0","-2.33",",,,0"
"USC00441082","1980-02","37.0679","-78.9517","124.4","BROOKNEAL, VA US","0.0","0","0.0",",0","6",",0","4",",0","0",",0","9",",0","3",",0","0",",0","23",",0","2",",0","2",",0","0",",0","","","19800204","+,,0","19800226","+,,0","19800226",",,0","","","19800210",",,0","19800224",",,0","-14.4",",0,04,+","76",",,0,26,+","69",",,0,26,","8.9",",,0,10,","22.8",",0,24,","1872.4","0","512.1",",0","28.9",",,,0","170",",,,0","0.67",",0","7.57",",,,0","-6.22",",,,0"
"USC00441082","1980-03","37.0679","-78.9517","124.4","BROOKNEAL, VA US","0.0","0","0.0",",0","15",",0","11",",0","1",",0","6",",0","3",",0","0",",0","22",",0","2",",0","2",",0","0",",0","","","19800304","+,,0","19800303",",,0","19800302",",,0","","","19800321",",,0","19800330",",,0","-11.1",",0,04,+","229",",,0,03,","198",",,0,02,","37.3",",,0,21,","22.2",",0,30,","2258.5","0","386.1",",0","144.2",",,,0","263",",,,0","5.88",",0","12.41",",,,0","-0.66",",,,0"
"USC00441082","1980-04","37.0679","-78.9517","124.4","BROOKNEAL, VA US","7.2","0","7.2",",0","13",",0","8",",0","1",",0","0",",0","0",",0","0",",0","3",",0","0",",0","14",",0","1",",0","","","19800417",",,0","19800430","+,,0","19800416",",,0","6","","19800409",",,0","19800424",",,0","-1.7",",0,17,","0",",,0,30,+","0",",T,0,16,","45.0",",,0,09,","33.9",",0,24,","2408.8","0","150.3",",0","94.9",",,,0","0",",T,,0","13.56",",0","21.40",",,,0","5.73",",,,0"
"USC00441082","1980-05","37.0679","-78.9517","124.4","BROOKNEAL, VA US","58.6","0","51.4",",0","9",",0","5",",0","2",",0","0",",0","0",",0","0",",0","0",",0","0",",0","27",",0","1",",0","","","19800510",",,0","19800531","+,,0","19800531","+,,0","5","","19800521",",,0","19800513",",,0","0.6",",0,10,","0",",,0,31,+","0",",,0,31,+","41.9",",,0,21,","32.2",",0,13,","2459.1","0","50.3",",0","113.6",",,,0","0",",,,0","18.37",",0","26.04",",,,0","10.70",",,,0"
"USC00441082","1980-06","37.0679","-78.9517","124.4","BROOKNEAL, VA US","165.9","0","107.3",",0","7",",0","4",",0","0",",0","0",",0","0",",0","0",",0","0",",0","0",",0","30",",0","7",",0","","","19800613",",,0","19800630","+,,0","19800630","+,,0","4","","19800626",",,0","19800629",",,0","7.8",",0,13,","0",",,0,30,+","0",",,0,30,+","11.7",",,0,26,","35.6",",0,29,","2463.3","0","4.2",",0","30.0",",,,0","0",",,,0","21.77",",0","29.11",",,,0","14.43",",,,0"
"USC00441082","1980-07","37.0679","-78.9517","124.4","BROOKNEAL, VA US","396.4","0","230.5",",0","11",",0","8",",0","1",",0","0",",0","0",",0","0",",0","0",",0","0",",0","31",",0","15",",0","","","19800701",",,0","19800731","+,,0","19800731","+,,0","10","","19800723",",,0","19800717",",,0","13.3",",0,01,","0",",,0,31,+","0",",,0,31,+","31.2",",,0,23,","39.4",",0,17,","0.0","0","0.0",",0","125.6",",,,0","0",",,,0","25.77",",0","32.55",",,,0","18.99",",,,0"
"USC00441082","1980-08","37.0679","-78.9517","124.4","BROOKNEAL, VA US","641.3","0","244.9",",0","3",",0","2",",0","0",",0","0",",0","0",",0","0",",0","0",",0","0",",0","31",",0","25",",0","","","19800826","+,,0","19800831","+,,0","19800831","+,,0","2","","19800819","+,,0","19800815","+,,0","15.0",",0,26,+","0",",,0,31,+","0",",,0,31,+","3.0",",,0,19,+","37.2",",0,15,+","0.0","0","0.0",",0","6.3",",,,0","0",",,,0","26.23",",0","33.77",",,,0","18.70",",,,0"
"USC00441082","1980-09","37.0679","-78.9517","124.4","BROOKNEAL, VA US","791.5","0","150.2",",0","8",",0","5",",0","0",",0","0",",0","0",",0","0",",0","0",",0","0",",0","28",",0","14",",0","","","19800929","+,,0","19800930","+,,0","19800930","+,,0","9","","19800915",",,0","19800902",",,0","6.1",",0,29,+","0",",,0,30,+","0",",,0,30,+","11.4",",,0,15,","37.2",",0,02,","15.0","0","15.0",",0","37.3",",,,0","0",",,,0","22.84",",0","30.05",",,,0","15.63",",,,0"
"USC00441082","1980-10","37.0679","-78.9517","124.4","BROOKNEAL, VA US","797.9","0","6.4",",0","13",",0","8",",0","0",",0","0",",0","0",",0","0",",0","5",",0","0",",0","12",",0","0",",0","","","19801028","+,,0","19801031","+,,0","19801031","+,,0","1","","19801019",",,0","19801010",",,0","-1.1",",0,28,+","0",",,0,31,+","0",",,0,31,+","22.6",",,0,19,","28.3",",0,10,","202.7","0","187.7",",0","87.0",",,,0","0",",,,0","12.48",",0","19.27",",,,0","5.70",",,,0"
"USC00441082","1980-11","37.0679","-78.9517","124.4","BROOKNEAL, VA US","797.9","0","0.0",",0","9",",0","5",",0","0",",0","0",",0","0",",0","0",",0","18",",0","0",",0","5",",0","0",",0","","","19801122","+,,0","19801130","+,,0","19801128","+,,0","","","19801118",",,0","19801110","+,,0","-6.7",",0,22,+","0",",,0,30,+","0",",T,0,28,+","21.6",",,0,18,","24.4",",0,10,+","556.0","0","353.3",",0","62.8",",,,0","0",",T,,0","6.56",",0","13.59",",,,0","-0.48",",,,0"
"USC00441082","1980-12","37.0679","-78.9517","124.4","BROOKNEAL, VA US","797.9","0","0.0",",0","8",",0","1",",0","0",",0","0",",0","0",",0","0",",0","22",",0","4",",0","2",",0","0",",0","","","19801227","+,,0","19801228","+,,0","19801228",",,0","","","19801210",",,0","19801209","+,,0","-16.1",",0,27,+","0",",T,0,28,+","3",",,0,28,","3.6",",,0,10,","23.3",",0,09,+","1025.4","0","469.4",",0","9.2",",,,0","3",",,,0","3.19",",0","9.64",",,,0","-3.25",",,,0"
"USC00441082","1981-01","37.0679","-78.9517","124.4","BROOKNEAL, VA US","0.0","0","0.0",",0","3",",0","2",",0","0",",0","2",",0","2",",0","0",",0","29",",0","5",",0","0",",0","0",",0","","","19810113","+,,0","19810122",",,0","19810122",",,0","","","19810122",",,0","19810127",",,0","-15.6",",0,13,+","51",",,0,22,","46",",,0,22,","14.2",",,0,22,","16.7",",0,27,","1604.6","0","579.2",",0","18.3",",,,0","79",",,,0","-0.35",",0","5.85",",,,0","-6.55",",,,0"
"USC00441082","1981-02","37.0679","-78.9517","124.4","BROOKNEAL, VA US","0.0","0","0.0",",0","10",",0","8",",0","2",",0","0",",0","0",",0","0",",0","21",",0","2",",0","0",",0","0",",0","","","19810205","+,,0","19810228","+,,0","19810228","+,,0","","","19810211",",,0","19810219",",,0","-12.8",",0,05,+","0",",,0,28,+","0",",,0,28,+","37.6",",,0,11,","20.6",",0,19,","2007.3","0","402.7",",0","110.2",",,,0","0",",,,0","3.95",",0","11.44",",,,0","-3.54",",,,0"
"USC00441082","1981-03","37.0679","-78.9517","124.4","BROOKNEAL, VA US","0.0","0","0.0",",0","8",",0","3",",0","0",",0","1",",0","1",",0","0",",0","25",",0","0",",0","4",",0","0",",0","","","19810320","+,,0","19810323",",,0","19810323",",,0","","","19810323",",,0","19810301",",,0","-5.0",",0,20,+","76",",,0,23,","69",",,0,23,","17.3",",,0,23,","24.4",",0,01,","2381.3","0","374.0",",0","46.4",",,,0","69",",,,0","6.27",",0","14.17",",,,0","-1.64",",,,0"
"USC00441082","1981-04","37.0679","-78.9517","124.4","BROOKNEAL, VA US","15.8","0","15.8",",0","10",",0","8",",0","0",",0","0",",0","0",",0","0",",0","3",",0","0",",0","20",",0","2",",0","","","19810407",",,0","19810430","+,,0","19810430","+,,0","4","","19810406",",,0","19810429","+,,0","-2.8",",0,07,","0",",,0,30,+","0",",,0,30,+","23.1",",,0,06,","32.2",",0,29,+","2506.2","0","124.9",",0","85.9",",,,0","0",",,,0","14.70",",0","23.52",",,,0","5.87",",,,0"
"USC00441082","1981-05","37.0679","-78.9517","124.4","BROOKNEAL, VA US","47.2","0","31.4",",0","12",",0","6",",0","0",",0","0",",0","0",",0","0",",0","0",",0","0",",0","25",",0","1",",0","","","19810504","+,,0","19810531","+,,0","19810531","+,,0","4","","19810520",",,0","19810526",",,0","1.7",",0,04,+","0",",,0,31,+","0",",,0,31,+","11.7",",,0,20,","32.8",",0,26,","2582.6","0","76.4",",0","47.6",",,,0","0",",,,0","16.88",",0","24.69",",,,0","9.07",",,,0"
"USC00441082","1981-06","37.0679","-78.9517","124.4","BROOKNEAL, VA US","236.8","0","189.6",",0","8",",0","6",",0","1",",0","0",",0","0",",0","0",",0","0",",0","0",",0","29",",0","12",",0","","","19810628",",,0","19810630","+,,0","19810630","+,,0","6","","19810607",",,0","19810626",",,0","10.0",",0,28,","0",",,0,30,+","0",",,0,30,+","43.4",",,0,07,","37.2",",0,26,","2584.0","0","1.4",",0","100.8",",,,0","0",",,,0","24.61",",0","31.20",",,,0","18.01",",,,0"
"USC00441082","1981-07","37.0679","-78.9517","124.4","BROOKNEAL, VA US","440.9","0","204.1",",0","10",",0","6",",0","1",",0","0",",0","0",",0","0",",0","0",",0","0",",0","31",",0","15",",0","","","19810731",",,0","19810731","+,,0","19810731","+,,0","11","","19810704",",,0","19810710",",,0","12.8",",0,31,","0",",,0,31,+","0",",,0,31,+","98.8",",,0,04,","36.1",",0,10,","0.0","0","0.0",",0","152.7",",,,0","0",",,,0","24.92",",0","30.87",",,,0","18.96",",,,0"
"USC00441082","1981-08","37.0679","-78.9517","124.4","BROOKNEAL, VA US","571.3","0","130.4",",0","10",",0","7",",0","0",",0","0",",0","0",",0","0",",0","0",",0","0",",0","30",",0","7",",0","","","19810819","+,,0","19810831","+,,0","19810831","+,,0","7","","19810808",",,0","19810806",",,0","10.0",",0,19,+","0",",,0,31,+","0",",,0,31,+","21.3",",,0,08,","35.0",",0,06,","1.6","0","1.6",",0","58.3",",,,0","0",",,,0","22.49",",0","29.33",",,,0","15.64",",,,0"
"USC00441082","1981-09","37.0679","-78.9517","124.4","BROOKNEAL, VA US","638.7","0","67.4",",0","8",",0","6",",0","2",",0","0",",0","0",",0","0",",0","0",",0","0",",0","29",",0","0",",0","","","19810930","+,,0","19810930","+,,0","19810930","+,,0","5","","19810907",",,0","19810913",",,0","3.9",",0,30,+","0",",,0,30,+","0",",,0,30,+","50.0",",,0,07,","31.7",",0,13,","35.9","0","34.3",",0","123.7",",,,0","0",",,,0","19.44",",0","26.45",",,,0","12.42",",,,0"
"USC00441082","1981-10","37.0679","-78.9517","124.4","BROOKNEAL, VA US","644.9","0","6.2",",0","9",",0","5",",0","2",",0","0",",0","0",",0","0",",0","3",",0","0",",0","12",",0","0",",0","","","19811021","+,,0","19811031","+,,0","19811031","+,,0","3","","19811027",",,0","19811007",",,0","-3.3",",0,21,+","0",",,0,31,+","0",",,0,31,+","77.7",",,0,27,","30.0",",0,07,","243.8","0","207.9",",0","152.5",",,,0","0",",,,0","11.82",",0","19.50",",,,0","4.15",",,,0"
"USC00441082","1981-11","37.0679","-78.9517","124.4","BROOKNEAL, VA US","644.9","0","0.0",",0","4",",0","3",",0","0",",0","0",",0","0",",0","0",",0","16",",0","0",",0","4",",0","0",",0","","","19811124","+,,0","19811124",",,0","19811125","+,,0","1","","19811125",",,0","19811106",",,0","-8.3",",0,24,+","0",",T,0,24,","0",",T,0,25,+","10.4",",,0,25,","23.9",",0,06,","553.2","0","309.4",",0","25.1",",,,0","0",",T,,0","8.02",",0","15.21",",,,0","0.83",",,,0"
"USC00441082","1981-12","37.0679","-78.9517","124.4","BROOKNEAL, VA US","644.9","0","0.0",",0","12",",0","8",",0","1",",0","1",",0","0",",0","0",",0","24",",0","1",",0","0",",0","0",",0","","","19811222","+,,0","19811216",",,0","19811216",",,0","","","19811216",",,0","19811224",",,0","-13.3",",0,22,+","25",",,0,16,","15",",,0,16,","26.2",",,0,16,","16.1",",0,24,","1076.2","0","523.0",",0","99.5",",,,0","25",",,,0","1.46",",0","6.35",",,,0","-3.43",",,,0"
"USC00441082","1982-01","37.0679","-78.9517","124.4","BROOKNEAL, VA US","0.0","0","0.0",",0","15",",0","9",",0","1",",0","18",",0","2",",0","0",",0","29",",0","10",",0","0",",0","0",",0","5","","19820118",",,0","19820115",",,0","19820115",",,0","1","","19820104",",,0","19820108",",,0","-17.2",",0,18,","203",",,0,15,","109",",,0,15,","30.7",",,0,04,","20.0",",0,08,","1705.8","0","629.6",",0","125.3",",,,0","228",",,,0","-1.98",",0","3.12",",,,0","-7.07",",,,0"
"USC00441082","1982-02","37.0679","-78.9517","124.4","BROOKNEAL, VA US","0.0","0","0.0",",0","12",",0","10",",0","1",",0","3",",0","3",",0","0",",0","20",",0","2",",0","1",",0","0",",0","4","","19820209","+,,0","19820228",",,0","19820228",",,0","1","","19820203",",,0","19820225",",,0","-7.2",",0,09,+","229",",,0,28,","140",",,0,28,","32.3",",,0,03,","26.1",",0,25,","2096.7","0","390.9",",0","126.4",",,,0","288",",,,0","4.37",",0","10.20",",,,0","-1.45",",,,0"
"USC00441082","1982-03","37.0679","-78.9517","124.4","BROOKNEAL, VA US","0.0","0","0.0",",0","13",",0","7",",0","0",",0","2",",0","0",",0","0",",0","15",",0","0",",0","6",",0","0",",0","","","19820329",",,0","19820301",",,0","19820316","+,,0","4","","19820308",",,0","19820318",",,0","-6.7",",0,29,","127",",,0,01,","0",",T,0,16,+","22.4",",,0,08,","28.9",",0,18,","2428.6","0","331.9",",0","57.6",",,,0","0",",T,,0","7.63",",0","14.36",",,,0","0.89",",,,0"
"USC00441082","1982-04","37.0679","-78.9517","124.4","BROOKNEAL, VA US","0.3","0","0.3",",0","10",",0","7",",0","0",",0","0",",0","0",",0","0",",0","8",",0","0",",0","17",",0","0",",0","","","19820407",",,0","19820409",",,0","19820409",",,0","2","","19820418",",,0","19820417",",,0","-3.9",",0,07,","0",",T,0,09,","5",",,0,09,","18.3",",,0,18,","27.2",",0,17,","2622.3","0","193.7",",0","56.9",",,,0","5",",,,0","11.89",",0","20.07",",,,0","3.70",",,,0"
"USC00441082","1982-05","37.0679","-78.9517","124.4","BROOKNEAL, VA US","81.7","0","81.4",",0","15",",0","12",",0","1",",0","0",",0","0",",0","0",",0","0",",0","0",",0","31",",0","4",",0","4","","19820501",",,0","19820531","+,,0","19820531","+,,0","13","","19820523",",,0","19820514",",,0","2.8",",0,01,","0",",,0,31,+","0",",,0,31,+","28.4",",,0,23,","33.3",",0,14,","2647.5","0","25.2",",0","123.2",",,,0","0",",,,0","20.15",",0","28.28",",,,0","12.01",",,,0"
"USC00441082","1982-06","37.0679","-78.9517","124.4","BROOKNEAL, VA US","203.7","0","122.0",",0","14",",0","10",",0","2",",0","0",",0","0",",0","0",",0","0",",0","0",",0","29",",0","2",",0","5","","19820607",",,0","19820630","+,,0","19820630","+,,0","9","","19820605",",,0","19820601",",,0","12.8",",0,07,","0",",,0,30,+","0",",,0,30,+","59.4",",,0,05,","33.3",",0,01,","2648.0","0","0.5",",0","206.3",",,,0","0",",,,0","22.38",",0","27.94",",,,0","16.83",",,,0"
"USC00441082","1982-07","37.0679","-78.9517","124.4","BROOKNEAL, VA US","406.5","0","202.8",",0","11",",0","7",",0","2",",0","0",",0","0",",0","0",",0","0",",0","0",",0","31",",0","10",",0","1","","19820702",",,0","19820731","+,,0","19820731","+,,0","12","","19820712",",,0","19820720","+,,0","11.1",",0,02,","0",",,0,31,+","0",",,0,31,+","61.5",",,0,12,","33.9",",0,20,+","0.0","0","0.0",",0","133.4",",,,0","0",",,,0","24.88",",0","30.57",",,,0","19.18",",,,0"
"USC00441082","1982-08","37.0679","-78.9517","124.4","BROOKNEAL, VA US","559.1","0","152.6",",0","8",",0","5",",0","1",",0","0",",0","0",",0","0",",0","0",",0","0",",0","31",",0","5",",0","4","","19820831","+,,0","19820831","+,,0","19820831","+,,0","8","","19820818",",,0","19820807",",,0","8.3",",0,31,+","0",",,0,31,+","0",",,0,31,+","26.2",",,0,18,","32.8",",0,07,","3.7","0","3.7",",0","87.9",",,,0","0",",,,0","23.14",",0","29.45",",,,0","16.83",",,,0"
"USC00441082","1982-09","37.0679","-78.9517","124.4","BROOKNEAL, VA US","626.4","0","67.3",",0","7",",0","2",",0","1",",0","0",",0","0",",0","0",",0","0",",0","0",",0","29",",0","2",",0","4","","19820925","+,,0","19820930","+,,0","19820930","+,,0","1","","19820927",",,0","19820919","+,,0","5.0",",0,25,+","0",",,0,30,+","0",",,0,30,+","31.2",",,0,27,","32.2",",0,19,+","26.2","0","22.5",",0","47.4",",,,0","0",",,,0","19.82",",0","26.59",",,,0","13.06",",,,0"
"USC00441082","1982-10","37.0679","-78.9517","124.4","BROOKNEAL, VA US","644.8","0","18.4",",0","9",",0","5",",0","3",",0","0",",0","0",",0","0",",0","3",",0","0",",0","17",",0","0",",0","3","","19821019","+,,0","19821031","+,,0","19821031","+,,0","","","19821014",",,0","19821010",",,0","-1.1",",0,19,+","0",",,0,31,+","0",",,0,31,+","32.3",",,0,14,","28.9",",0,10,","182.0","0","155.8",",0","98.4",",,,0","0",",,,0","13.90",",0","20.38",",,,0","7.42",",,,0"
"USC00441082","1982-11","37.0679","-78.9517","124.4","BROOKNEAL, VA US","645.1","0","0.3",",0","11",",0","7",",0","1",",0","0",",0","0",",0","0",",0","11",",0","0",",0","8",",0","0",",0","","","19821117","+,,0","19821130","+,,0","19821130","+,,0","","","19821113",",,0","19821102",",,0","-5.6",",0,17,+","0",",,0,30,+","0",",,0,30,+","26.4",",,0,13,","26.1",",0,02,","459.9","0","277.9",",0","89.2",",,,0","0",",,,0","9.08",",0","15.92",",,,0","2.24",",,,0"
"USC00441082","1982-12","37.0679","-78.9517","124.4","BROOKNEAL, VA US","645.1","0","0.0",",0","14",",0","7",",0","1",",0","5",",0","2",",0","0",",0","20",",0","3",",0","4",",0","0",",0","6","","19821214",",,0","19821213","+,,0","19821212",",,0","","","19821212",",,0","19821227",",,0","-11.7",",0,14,","127",",,0,13,+","135",",,0,12,","26.9",",,0,12,","23.9",",0,27,","844.4","0","384.5",",0","81.6",",,,0","188",",,,0","5.93",",0","11.44",",,,0","0.42",",,,0"
"USC00441082","1983-01","37.0679","-78.9517","124.4","BROOKNEAL, VA US","0.0","0","0.0",",0","9",",0","4",",0","0",",0","0",",0","0",",0","0",",0","22",",0","1",",0","0",",0","0",",0","","","19830121","+,,0","19830122","+,,0","19830122",",,0","","","19830123",",,0","19830131",",,0","-13.3",",0,21,+","0",",T,0,22,+","3",",,0,22,","14.5",",,0,23,","16.1",",0,31,","1353.2","0","508.8",",0","34.9",",,,0","3",",,,0","1.92",",0","6.97",",,,0","-3.14",",,,0"
"USC00441082","1983-02","37.0679","-78.9517","124.4","BROOKNEAL, VA US","0.0","0","0.0",",0","12",",0","10",",0","1",",0","9",",0","4",",0","0",",0","26",",0","1",",0","0",",0","0",",0","3","","19830213","+,,0","19830212",",,0","19830211",",,0","","","19830211",",,0","19830223",",,0","-11.1",",0,13,+","305",",,0,12,","262",",,0,11,","28.2",",,0,11,","19.4",",0,23,","1789.0","0","435.8",",0","111.7",",,,0","457",",,,0","2.77",",0","9.00",",,,0","-3.46",",,,0"
"USC00441082","1983-03","37.0679","-78.9517","124.4","BROOKNEAL, VA US","0.0","0","0.0",",0","14",",0","12",",0","1",",0","0",",0","0",",0","0",",0","12",",0","0",",0","5",",0","0",",0","4","","19830327","+,,0","19830331","+,,0","19830331","+,,0","5","","19830328",",,0","19830316","+,,0","-6.1",",0,27,+","0",",,0,31,+","0",",,0,31,+","42.9",",,0,28,","26.1",",0,16,+","2099.3","0","310.3",",0","149.7",",,,0","0",",,,0","8.32",",0","14.53",",,,0","2.12",",,,0"
"USC00441082","1983-04","37.0679","-78.9517","124.4","BROOKNEAL, VA US","5.3","0","5.3",",0","12",",0","8",",0","4",",0","0",",0","0",",0","0",",0","6",",0","0",",0","7",",0","0",",0","5","","19830421","+,,0","19830430","+,,0","19830419","+,,0","3","","19830424",",,0","19830429",",,0","-1.7",",0,21,+","0",",,0,30,+","0",",T,0,19,+","50.5",",,0,24,","31.1",",0,29,","2312.7","0","213.4",",0","215.5",",,,0","0",",T,,0","11.39",",0","17.78",",,,0","5.01",",,,0"
"USC00441082","1983-05","37.0679","-78.9517","124.4","BROOKNEAL, VA US","43.3","0","38.0",",0","12",",0","6",",0","1",",0","0",",0","0",",0","0",",0","0",",0","0",",0","27",",0","0",",0","4","","19830511","+,,0","19830531","+,,0","19830531","+,,0","4","","19830523",",,0","19830516","+,,0","1.1",",0,11,+","0",",,0,31,+","0",",,0,31,+","67.3",",,0,23,","29.4",",0,16,+","2387.7","0","75.0",",0","131.9",",,,0","0",",,,0","17.14",",0","24.70",",,,0","9.58",",,,0"
"USC00441082","1983-06","37.0679","-78.9517","124.4","BROOKNEAL, VA US","172.5","0","129.2",",0","13",",0","7",",0","1",",0","0",",0","0",",0","0",",0","0",",0","0",",0","30",",0","7",",0","","","19830602",",,0","19830630","+,,0","19830630","+,,0","","","19830630",",,0","19830626",",,0","7.2",",0,02,","0",",,0,30,+","0",",,0,30,+","37.6",",,0,30,","33.3",",0,26,","2393.6","0","5.9",",0","94.2",",,,0","0",",,,0","22.45",",0","29.34",",,,0","15.55",",,,0"
"USC00441082","1983-07","37.0679","-78.9517","124.4","BROOKNEAL, VA US","386.4","0","213.9",",0","8",",0","4",",0","0",",0","0",",0","0",",0","0",",0","0",",0","0",",0","31",",0","19",",0","2","","19830708",",,0","19830731","+,,0","19830731","+,,0","8","","19830724",",,0","19830722",",,0","11.1",",0,08,","0",",,0,31,+","0",",,0,31,+","23.9",",,0,24,","38.3",",0,22,","0.0","0","0.0",",0","53.6",",,,0","0",",,,0","25.23",",0","32.41",",,,0","18.05",",,,0"
"USC00441082","1983-08","37.0679","-78.9517","124.4","BROOKNEAL, VA US","616.4","0","230.0",",0","9",",0","3",",0","1",",0","0",",0","0",",0","0",",0","0",",0","0",",0","31",",0","23",",0","2","","19830816","+,,0","19830831","+,,0","19830831","+,,0","10","","19830829",",,0","19830823","+,,0","10.6",",0,16,+","0",",,0,31,+","0",",,0,31,+","34.8",",,0,29,","40.0",",0,23,+","0.0","0","0.0",",0","57.3",",,,0","0",",,,0","25.75",",0","33.32",",,,0","18.19",",,,0"
"USC00441082","1983-09","37.0679","-78.9517","124.4","BROOKNEAL, VA US","729.5","0","113.1",",0","6",",0","4",",0","0",",0","0",",0","0",",0","0",",0","0",",0","0",",0","27",",0","11",",0","","","19830926","+,,0","19830930","+,,0","19830930","+,,0","1","","19830914",",,0","19830912",",,0","1.7",",0,26,+","0",",,0,30,+","0",",,0,30,+","19.1",",,0,14,","37.2",",0,12,","43.8","0","43.8",",0","34.7",",,,0","0",",,,0","20.64",",0","28.69",",,,0","12.59",",,,0"
"USC00441082","1983-10","37.0679","-78.9517","124.4","BROOKNEAL, VA US","737.8","0","8.3",",0","11",",0","7",",0","2",",0","0",",0","0",",0","0",",0","1",",0","0",",0","16",",0","0",",0","1","","19831028",",,0","19831031","+,,0","19831031","+,,0","1","","19831024","+,,0","19831005",",,0","0.0",",0,28,","0",",,0,31,+","0",",,0,31,+","27.7",",,0,24,+","29.4",",0,05,","187.4","0","143.6",",0","110.0",",,,0","0",",,,0","13.97",",0","20.34",",,,0","7.59",",,,0"
"USC00441082","1983-11","37.0679","-78.9517","124.4","BROOKNEAL, VA US","737.8","0","0.0",",0","10",",0","6",",0","2",",0","0",",0","0",",0","0",",0","12",",0","0",",0","3",",0","0",",0","","","19831115","+,,0","19831130","+,,0","19831130","+,,0","","","19831125",",,0","19831104",",,0","-2.8",",0,15,+","0",",,0,30,+","0",",,0,30,+","48.3",",,0,25,","23.9",",0,04,","491.4","0","304.0",",0","137.6",",,,0","0",",,,0","8.20",",0","15.15",",,,0","1.25",",,,0"
"USC00441082","1983-12","37.0679","-78.9517","124.4","BROOKNEAL, VA US","737.8","0","0.0",",0","12",",0","8",",0","1",",0","0",",0","0",",0","2",",0","24",",0","5",",0","0",",0","0",",0","2","","19831226","+,,0","19831228","+,,0","19831228","+,,0","","","19831204",",,0","19831214",",,0","-17.8",",0,26,+","0",",T,0,28,+","0",",T,0,28,+","37.8",",,0,04,","16.7",",0,14,","1000.0","0","508.6",",0","138.1",",,,0","0",",T,,0","1.93",",0","7.21",",,,0","-3.35",",,,0"
"USC00441082","1984-01","37.0679","-78.9517","124.4","BROOKNEAL, VA US","0.0","0","0.0",",0","7",",0","3",",0","1",",0","0",",0","0",",0","0",",0","29",",0","5",",0","0",",0","0",",0","2","","19840101",",,0","19840129","+,,0","19840119","+,,0","1","","19840111",",,0","19840128",",,0","-15.6",",0,01,","0",",T,0,29,+","3",",,0,19,+","48.5",",,0,11,","16.7",",0,28,","1564.1","0","564.1",",0","89.7",",,,0","6",",,,0","0.14",",0","5.82",",,,0","-5.55",",,,0"
"USC00441082","1984-02","37.0679","-78.9517","124.4","BROOKNEAL, VA US","0.0","0","0.0",",0","12",",0","7",",0","3",",0","0",",0","0",",0","0",",0","16",",0","0",",0","2",",0","0",",0","6","","19840209","+,,0","19840229","+,,0","19840207",",,0","1","","19840214",",,0","19840213",",,0","-8.3",",0,09,+","0",",,0,29,+","3",",,0,07,","46.0",",,0,14,","22.2",",0,13,","1919.5","0","355.4",",0","136.9",",,,0","3",",,,0","6.08",",0","12.84",",,,0","-0.68",",,,0"
"USC00441082","1984-03","37.0679","-78.9517","124.4","BROOKNEAL, VA US","0.0","0","0.0",",0","14",",0","9",",0","2",",0","0",",0","0",",0","0",",0","16",",0","0",",0","1",",0","0",",0","1","","19840311","+,,0","19840331","+,,0","19840331","+,,0","3","","19840329",",,0","19840317",",,0","-7.8",",0,11,+","0",",,0,31,+","0",",,0,31,+","40.9",",,0,29,","25.0",",0,17,","2298.4","0","378.9",",0","170.6",",,,0","0",",,,0","6.11",",0","12.24",",,,0","-0.02",",,,0"
"USC00441082","1984-04","37.0679","-78.9517","124.4","BROOKNEAL, VA US","7.7","0","7.7",",0","16",",0","8",",0","1",",0","0",",0","0",",0","0",",0","5",",0","0",",0","9",",0","0",",0","3","","19840402",",,0","19840430","+,,0","19840430","+,,0","4","","19840405",",,0","19840428",",,0","-1.7",",0,02,","0",",,0,30,+","0",",,0,30,+","43.4",",,0,05,","31.7",",0,28,","2500.2","0","201.8",",0","132.7",",,,0","0",",,,0","11.86",",0","18.44",",,,0","5.28",",,,0"
"USC00441082","1984-05","37.0679","-78.9517","124.4","BROOKNEAL, VA US","44.7","0","37.0",",0","14",",0","7",",0","0",",0","0",",0","0",",0","0",",0","0",",0","0",",0","26",",0","1",",0","","","19840517",",,0","19840531","+,,0","19840531","+,,0","6","","19840507",",,0","19840520",",,0","1.7",",0,17,","0",",,0,31,+","0",",,0,31,+","18.5",",,0,07,","32.2",",0,20,","2560.4","0","60.2",",0","73.5",",,,0","0",",,,0","17.58",",0","25.18",",,,0","9.98",",,,0"
"USC00441082","1984-06","37.0679","-78.9517","124.4","BROOKNEAL, VA US","216.0","0","171.3",",0","5",",0","3",",0","0",",0","0",",0","0","1,0","0",",0","0",",0","0",",0","30",",0","15",",0","","","19840601",",,0","19840630","+,,0","19840630","+,1,0","4","","19840629",",,0","19840620",",,0","5.0",",0,01,","0",",,0,30,+","0","1,,0,30,+","18.3",",,0,29,","35.6",",0,20,","2567.6","0","7.2",",0","33.8",",,,0","0","1,,,0","23.80",",0","30.91",",,,0","16.70",",,,0"
"USC00441082","1984-07","37.0679","-78.9517","124.4","BROOKNEAL, VA US","371.4","0","155.4",",0","17",",0","9",",0","1",",0","0",",0","0",",0","0",",0","0",",0","0",",0","31",",0","6",",0","3","","19840710","+,,0","19840731","+,,0","19840731","+,,0","11","","19840718",",,0","19840712",",,0","12.8",",0,10,+","0",",,0,31,+","0",",,0,31,+","47.5",",,0,18,","36.1",",0,12,","0.0","0","0.0",",0","133.7",",,,0","0",",,,0","23.35",",0","28.98",",,,0","17.71",",,,0"
"USC00441082","1984-08","37.0679","-78.9517","124.4","BROOKNEAL, VA US","554.9","0","183.5",",0","17",",0","10",",0","0",",0","0",",0","0",",0","0",",0","0",",0","0",",0","31",",0","6",",0","3","","19840826",",,0","19840831","+,,0","19840831","+,,0","7","","19840820",",,0","19840810","+,,0","12.8",",0,26,","0",",,0,31,+","0",",,0,31,+","24.9",",,0,20,","33.3",",0,10,+","0.0","0","0.0",",0","92.8",",,,0","0",",,,0","24.25",",0","29.94",",,,0","18.56",",,,0"
"USC00441082","1984-09","37.0679","-78.9517","124.4","BROOKNEAL, VA US","623.0","0","68.1",",0","6",",0","2",",0","0",",0","0",",0","0",",0","0",",0","0",",0","0",",0","27",",0","4",",0","1","","19840920","+,,0","19840930","+,,0","19840930","+,,0","1","","19840904",",,0","19840903",",,0","5.6",",0,20,+","0",",,0,30,+","0",",,0,30,+","20.6",",,0,04,","33.3",",0,03,","47.5","0","47.5",",0","27.2",",,,0","0",",,,0","19.02",",0","26.00",",,,0","12.04",",,,0"
"USC00441082","1984-10","37.0679","-78.9517","124.4","BROOKNEAL, VA US","661.2","0","38.2",",0","9",",0","6",",0","2",",0","0",",0","0",",0","0",",0","2",",0","0",",0","25",",0","0",",0","","","19841004","+,,0","19841031","+,,0","19841031","+,,0","5","","19841001",",,0","19841021",",,0","-0.6",",0,04,+","0",",,0,31,+","0",",,0,31,+","42.7",",,0,01,","31.1",",0,21,","103.4","0","55.9",",0","91.2",",,,0","0",",,,0","17.76",",0","24.72",",,,0","10.81",",,,0"
"USC00441082","1984-11","37.0679","-78.9517","124.4","BROOKNEAL, VA US","661.2","0","0.0",",0","7",",0","4",",0","1",",0","0",",0","0",",0","0",",0","22",",0","0",",0","2",",0","0",",0","","","19841124","+,,0","19841130","+,,0","19841119",",,0","","","19841129",",,0","19841101",",,0","-10.0",",0,24,+","0",",,0,30,+","0",",T,0,19,","25.7",",,0,29,","23.9",",0,01,","460.3","0","356.9",",0","59.8",",,,0","0",",T,,0","6.44",",0","15.09",",,,0","-2.22",",,,0"
"USC00441082","1984-12","37.0679","-78.9517","124.4","BROOKNEAL, VA US","661.2","0","0.0",",0","11",",0","5",",0","0",",0","0",",0","0",",0","0",",0","19",",0","0",",0","7",",0","0",",0","4","","19841227","+,,0","19841231","+,,0","19841206",",,0","","","19841206",",,0","19841219",",,0","-8.3",",0,27,+","0",",,0,31,+","0",",T,0,06,","22.9",",,0,06,","25.0",",0,19,","800.9","0","340.6",",0","57.1",",,,0","0",",T,,0","7.35",",0","15.46",",,,0","-0.77",",,,0"
"USC00441082","1985-01","37.0679","-78.9517","124.4","BROOKNEAL, VA US","0.0","0","0.0",",0","10",",0","6",",0","2",",0","3",",0","2",",0","2",",0","28",",0","3",",0","1",",0","0",",0","","","19850121",",,0","19850117",",,0","19850117",",,0","","","19850104",",,0","19850102",",,0","-21.7",",0,21,","76",",,0,17,","76",",,0,17,","35.8",",,0,04,","23.3",",0,02,","1366.8","0","565.9",",0","100.6",",,,0","124",",,,0","0.08",",0","5.72",",,,0","-5.56",",,,0"
"USC00441082","1985-02","37.0679","-78.9517","124.4","BROOKNEAL, VA US","0.0","0","0.0",",0","8",",0","5",",0","2",",0","0",",0","0",",0","0",",0","22",",0","1",",0","4",",0","0",",0","2","","19850209","+,,0","19850206",",,0","19850213",",,0","","","19850201",",,0","19850225",",,0","-11.7",",0,09,+","0",",T,0,06,","0",",T,0,13,","29.2",",,0,01,","26.7",",0,25,","1793.5","0","426.7",",0","92.8",",,,0","0",",T,,0","3.09",",0","10.58",",,,0","-4.39",",,,0"
"USC00441082","1985-03","37.0679","-78.9517","124.4","BROOKNEAL, VA US","6.7","0","6.7",",0","7",",0","3",",0","0",",0","0",",0","0",",0","0",",0","20",",0","0",",0","6",",0","0",",0","","","19850319",",,0","19850322",",,0","19850322",",,0","1","","19850323",",,0","19850330",",,0","-9.4",",0,19,","0",",T,0,22,","5",",,0,22,","9.1",",,0,23,","31.1",",0,30,","2104.6","0","311.1",",0","22.5",",,,0","5",",,,0","8.51",",0","17.92",",,,0","-0.89",",,,0"
"USC00441082","1985-04","37.0679","-78.9517","124.4","BROOKNEAL, VA US","31.9","0","25.2",",0","10",",0","3",",0","0",",0","0",",0","0",",0","0",",0","7",",0","0",",0","21",",0","5",",0","","","19850410",",,0","19850430","+,,0","19850430","+,,0","1","","19850425",",,0","19850423","+,,0","-9.4",",0,10,","0",",,0,30,+","0",",,0,30,+","8.6",",,0,25,","34.4",",0,23,+","2233.4","0","128.8",",0","25.0",",,,0","0",",,,0","14.88",",0","24.81",",,,0","4.95",",,,0"
"USC00441082","1985-05","37.0679","-78.9517","124.4","BROOKNEAL, VA US","72.0","0","40.1",",0","11",",0","8",",0","0",",0","0",",0","0",",0","0",",0","0",",0","0",",0","29",",0","1",",0","","","19850504",",,0","19850531","+,,0","19850531","+,,0","5","","19850503",",,0","19850515",",,0","1.1",",0,04,","0",",,0,31,+","0",",,0,31,+","24.4",",,0,03,","33.3",",0,15,","2275.7","0","42.3",",0","98.7",",,,0","0",",,,0","18.26",",0","26.88",",,,0","9.64",",,,0"
"USC00441082","1985-06","37.0679","-78.9517","124.4","BROOKNEAL, VA US","182.3","0","110.3",",0","8",",0","3",",0","0",",0","0",",0","0",",0","0",",0","0",",0","0",",0","30",",0","9",",0","2","","19850614",",,0","19850630","+,,0","19850630","+,,0","4","","19850611",",,0","19850611",",,0","3.3",",0,14,","0",",,0,30,+","0",",,0,30,+","16.0",",,0,11,","35.6",",0,11,","2283.7","0","8.0",",0","30.9",",,,0","0",",,,0","21.74",",0","30.15",",,,0","13.33",",,,0"
"USC00441082","1985-07","37.0679","-78.9517","124.4","BROOKNEAL, VA US","353.8","0","171.5",",0","15",",0","9",",0","1",",0","0",",0","0",",0","0",",0","0",",0","0",",0","30",",0","17",",0","2","","19850718","+,,0","19850731","+,,0","19850731","+,,0","5","","19850728",",,0","19850722",",,0","13.3",",0,18,+","0",",,0,31,+","0",",,0,31,+","25.7",",,0,28,","36.7",",0,22,","0.0","0","0.0",",0","91.9",",,,0","0",",,,0","23.87",",0","30.98",",,,0","16.75",",,,0"
"USC00441082","1985-08","37.0679","-78.9517","124.4","BROOKNEAL, VA US","493.9","0","140.1",",0","15",",0","13",",0","4",",0","0",",0","0","1,0","0",",0","0",",0","0",",0","31",",0","7",",0","4","","19850803",",,0","19850831","+,,0","19850831","+,1,0","7","","19850818",",,0","19850815",",,0","10.6",",0,03,","0",",,0,31,+","0","1,,0,31,+","97.3",",,0,18,","34.4",",0,15,","0.0","0","0.0",",0","319.5",",,,0","0","1,,,0","22.85",",0","29.65",",,,0","16.05",",,,0"
"USC00441082","1985-09","37.0679","-78.9517","124.4","BROOKNEAL, VA US","578.5","0","84.6",",0","3",",0","1",",0","0",",0","0",",0","0",",0","0",",0","0",",0","0",",0","28",",0","8",",0","1","","19850915","+,,0","19850930","+,,0","19850930","+,,0","","","19850923",",,0","19850909","+,,0","1.7",",0,15,+","0",",,0,30,+","0",",,0,30,+","2.5",",,0,23,","34.4",",0,09,+","44.0","0","44.0",",0","3.1",",,,0","0",",,,0","19.69",",0","27.79",",,,0","11.59",",,,0"
"USC00441082","1985-10","37.0679","-78.9517","124.4","BROOKNEAL, VA US","586.6","0","8.1",",0","11",",0","5",",0","1",",0","0",",0","0",",0","0",",0","2",",0","0",",0","21",",0","0",",0","3","","19851008","+,,0","19851031","+,,0","19851031","+,,0","1","","19851003",",,0","19851016",",,0","-0.6",",0,08,+","0",",,0,31,+","0",",,0,31,+","37.8",",,0,03,","31.1",",0,16,","146.5","0","102.5",",0","81.4",",,,0","0",",,,0","15.29",",0","22.88",",,,0","7.70",",,,0"
"USC00441082","1985-11","37.0679","-78.9517","124.4","BROOKNEAL, VA US","586.6","0","0.0",",0","17",",0","11",",0","4",",0","0",",0","0",",0","0",",0","7",",0","0",",0","13",",0","0",",0","3","","19851110","+,,0","19851130","+,,0","19851130","+,,0","1","","19851102",",,0","19851115",",,0","-2.2",",0,10,+","0",",,0,30,+","0",",,0,30,+","51.6",",,0,02,","27.2",",0,15,","319.2","0","172.7",",0","241.0",",,,0","0",",,,0","12.58",",0","19.13",",,,0","6.02",",,,0"
"USC00441082","1985-12","37.0679","-78.9517","124.4","BROOKNEAL, VA US","","","","","6",",0","3",",0","0",",0","0",",0","0",",0","","","","","","","","","","","","","","","19851221",",,0","19851221",",,0","","","19851214",",,0","","","","","0",",T,0,21,","13",",,0,21,","21.3",",,0,14,","","","","","","","45.7",",,,0","13",",,,0","","","","","",""
"USC00441082","1986-01","37.0679","-78.9517","124.4","BROOKNEAL, VA US","0.0","","0.0",",0","7",",0","5",",0","0",",0","1",",0","1",",0","0",",0","22",",0","2",",0","0",",0","0",",0","1","","19860129",",,0","19860130",",,0","19860130",",,0","","","19860126",",,0","19860123",",,0","-12.2",",0,29,","25",",,0,30,","30",",,0,30,","11.2",",,0,26,","18.9",",0,23,","","","478.7",",0","37.7",",,,0","30",",,,0","2.89",",0","8.52",",,,0","-2.74",",,,0"
"USC00441082","1986-02","37.0679","-78.9517","124.4","BROOKNEAL, VA US","0.0","","0.0",",0","13",",0","6",",0","0",",0","3",",0","2",",0","0",",0","12",",0","1",",0","0",",0","0",",0","4","","19860214",",,0","19860215",",,0","19860215",",,0","1","","19860207",",,0","19860218","+,,0","-8.9",",0,14,","127",",,0,15,","114",",,0,15,","16.5",",,0,07,","18.9",",0,18,+","","","378.3",",0","56.1",",,,0","153",",,,0","4.82",",0","8.91",",,,0","0.74",",,,0"
"USC00441082","1986-03","37.0679","-78.9517","124.4","BROOKNEAL, VA US","0.0","","0.0",",0","5",",0","3",",0","0",",0","0","3,0","0","3,0","0",",0","11",",0","0",",0","8",",0","0",",0","2","","19860309","+,,0","19860331","+,3,0","19860331","+,3,0","3","","19860315",",,0","19860331",",,0","-6.7",",0,09,+","0","3,,0,31,+","0","3,,0,31,+","14.0",",,0,15,","28.9",",0,31,","","","303.9",",0","33.9",",,,0","0","3,,,0","8.53",",0","15.37",",,,0","1.69",",,,0"
"USC00441082","1986-04","37.0679","-78.9517","124.4","BROOKNEAL, VA US","16.7","","16.7",",0","9",",0","3",",0","0",",0","0",",0","0",",0","0",",0","1",",0","0",",0","22",",0","0",",0","","","19860424",",,0","19860430","+,,0","19860430","+,,0","4","","19860416",",,0","19860401",",,0","0.0",",0,24,","0",",,0,30,+","0",",,0,30,+","8.1",",,0,16,","30.6",",0,01,","","","98.5",",0","22.3",",,,0","0",",,,0","15.61",",0","22.85",",,,0","8.36",",,,0"
"USC00441082","1986-05","37.0679","-78.9517","124.4","BROOKNEAL, VA US","66.4","","49.7",",0","11",",0","6",",0","1",",0","0",",0","0",",0","0",",0","0",",0","0",",0","26",",0","3",",0","2","","19860505","+,,0","19860531","+,,0","19860531","+,,0","3","","19860514",",,0","19860508",",,0","2.2",",0,05,+","0",",,0,31,+","0",",,0,31,+","50.0",",,0,14,","32.8",",0,08,","","","45.1",",0","87.7",",,,0","0",",,,0","18.48",",0","25.07",",,,0","11.90",",,,0"
"USC00441082","1986-06","37.0679","-78.9517","124.4","BROOKNEAL, VA US","240.7","","174.3",",0","7",",0","1",",0","0",",0","0",",0","0",",0","0",",0","0",",0","0",",0","30",",0","11",",0","","","19860620","+,,0","19860630","+,,0","19860630","+,,0","7","","19860603",",,0","19860629",",,0","12.8",",0,20,+","0",",,0,30,+","0",",,0,30,+","8.1",",,0,03,","36.7",",0,29,","","","0.3",",0","13.3",",,,0","0",",,,0","24.13",",0","31.10",",,,0","17.16",",,,0"
"USC00441082","1986-07","37.0679","-78.9517","124.4","BROOKNEAL, VA US","502.1","","261.4",",0","9",",0","6",",0","0",",0","0",",0","0",",0","0",",0","0",",0","0",",0","31",",0","20",",0","","","19860704",",,0","19860731","+,,0","19860731","+,,0","7","","19860712",",,0","19860720","+,,0","13.9",",0,04,","0",",,0,31,+","0",",,0,31,+","23.1",",,0,12,","37.8",",0,20,+","0.0","","0.0",",0","66.3",",,,0","0",",,,0","26.77",",0","33.14",",,,0","20.39",",,,0"
"USC00441082","1986-08","37.0679","-78.9517","124.4","BROOKNEAL, VA US","662.4","","160.3",",0","13",",0","6",",0","3",",0","0",",0","0",",0","0",",0","0",",0","0",",0","30",",0","8",",0","3","","19860831","+,,0","19860831","+,,0","19860831","+,,0","4","","19860821",",,0","19860803",",,0","8.3",",0,31,+","0",",,0,31,+","0",",,0,31,+","64.8",",,0,21,","35.6",",0,03,","9.7","","9.7",",0","157.3",",,,0","0",",,,0","23.19",",0","28.28",",,,0","18.10",",,,0"
"USC00441082","1986-09","37.0679","-78.9517","124.4","BROOKNEAL, VA US","735.6","","73.2",",0","10",",0","4",",0","0",",0","0",",0","0",",0","0",",0","0",",0","0",",0","26",",0","1",",0","1","","19860919","+,,0","19860930","+,,0","19860930","+,,0","1","","19860905",",,0","19860927",",,0","8.3",",0,19,+","0",",,0,30,+","0",",,0,30,+","13.2",",,0,05,","32.2",",0,27,","25.3","","15.6",",0","45.2",",,,0","0",",,,0","20.25",",0","25.19",",,,0","15.31",",,,0"
"USC00441082","1986-10","37.0679","-78.9517","124.4","BROOKNEAL, VA US","770.0","","34.4",",0","8",",0","2",",0","2",",0","0",",0","0",",0","0",",0","0",",0","0",",0","15",",0","1",",0","","","19861021","+,,0","19861031","+,,0","19861031","+,,0","","","19861014",",,0","19861005",",,0","1.7",",0,21,+","0",",,0,31,+","0",",,0,31,+","44.2",",,0,14,","32.2",",0,05,","143.9","","118.6",",0","81.0",",,,0","0",",,,0","15.62",",0","21.48",",,,0","9.75",",,,0"
"USC00441082","1995-11","37.0679","-78.9517","124.4","BROOKNEAL, VA US","","","0.0",",0","10",",0","6",",0","1",",0","0","1,0","0",",0","0",",0","23",",0","0",",0","2",",0","0",",0","","","19951123","+,,0","19951130","+,1,0","19951130","+,,0","","","19951112",",,0","19951104",",,0","-6.1",",0,23,+","0","1,,0,30,+","0",",,0,30,+","31.5",",,0,12,","23.3",",0,04,","","","380.7",",0","78.0",",,,0","0",",,,0","5.64",",0","12.69",",,,0","-1.40",",,,0"
"USC00441082","1995-12","37.0679","-78.9517","124.4","BROOKNEAL, VA US","","","0.0",",0","8",",0","4",",0","0",",0","2",",0","1",",0","0",",0","28",",0","1",",0","0",",0","0",",0","","","19951228","+,,0","19951207",",,0","19951207",",,0","","","19951219",",,0","19951216",",,0","-8.9",",0,28,+","51",",,0,07,","38",",,0,07,","13.2",",,0,19,","20.6",",0,16,","","","524.6",",0","39.9",",,,0","51",",,,0","1.41",",0","7.60",",,,0","-4.77",",,,0"
"USC00441082","1997-07","37.0679","-78.9517","124.4","BROOKNEAL, VA US","","","187.6","1,0","10",",0","7",",0","1",",0","0","1,0","0",",0","0","1,0","0","1,0","0","1,0","30","1,0","17","1,0","","","19970731",",1,0","19970731","+,1,0","19970731","+,,0","","","19970723",",,0","19970716",",1,0","8.9","1,0,31,","0","1,,0,31,+","0",",,0,31,+","39.4",",,0,23,","37.2","1,0,16,","3.3","0","3.3","1,0","96.7",",,,0","0",",,,0","24.48","1,0","32.15","1,,,0","16.80","1,,,0"
"USC00441082","1997-08","37.0679","-78.9517","124.4","BROOKNEAL, VA US","","","136.9",",0","7",",0","4",",0","1",",0","0","1,0","0",",0","0",",0","0",",0","0",",0","31",",0","14",",0","","","19970801",",,0","19970831","+,1,0","19970831","+,,0","","","19970821",",,0","19970818",",,0","8.9",",0,01,","0","1,,0,31,+","0",",,0,31,+","30.0",",,0,21,","38.3",",0,18,","3.6","0","0.3",",0","73.1",",,,0","0",",,,0","22.74",",0","31.27",",,,0","14.21",",,,0"
"USC00441082","1997-09","37.0679","-78.9517","124.4","BROOKNEAL, VA US","","","46.9",",0","12",",0","9",",0","2",",0","0",",0","0",",0","0",",0","0",",0","0",",0","28",",0","5",",0","","","19970906",",,0","19970930","+,,0","19970930","+,,0","","","19970910",",,0","19970921",",,0","3.9",",0,06,","0",",,0,30,+","0",",,0,30,+","55.9",",,0,10,","33.3",",0,21,","35.6","0","32.0",",0","132.4",",,,0","0",",,,0","18.83",",0","26.91",",,,0","10.75",",,,0"
"USC00441082","1997-10","37.0679","-78.9517","124.4","BROOKNEAL, VA US","","","9.0",",0","8",",0","7",",0","1",",0","0",",0","0",",0","0",",0","7",",0","0",",0","16",",0","0",",0","","","19971031",",,0","19971031","+,,0","19971031","+,,0","","","19971018",",,0","19971011","+,,0","-6.7",",0,31,","0",",,0,31,+","0",",,0,31,+","55.9",",,0,18,","30.6",",0,11,+","210.1","0","174.5",",0","116.1",",,,0","0",",,,0","13.00",",0","21.94",",,,0","4.05",",,,0"
"USC00441082","1997-11","37.0679","-78.9517","124.4","BROOKNEAL, VA US","","","0.0","1,0","10",",0","5",",0","0",",0","0",",0","0",",0","0","1,0","22","1,0","0",",0","1",",0","0",",0","","","19971118",",1,0","19971130","+,,0","19971130","+,,0","","","19971107",",,0","19971102",",,0","-8.9","1,0,18,","0",",,0,30,+","0",",,0,30,+","21.3",",,0,07,","21.7",",0,02,","575.1","0","365.0",",0","82.6",",,,0","0",",,,0","5.82","1,0","13.69",",,,0","-2.06","1,,,0"
"USC00441082","1997-12","37.0679","-78.9517","124.4","BROOKNEAL, VA US","","","0.0","3,0","11",",0","9",",0","0",",0","2",",0","1",",0","0","3,0","25","3,0","1",",0","0",",0","0",",0","","","19971216",",3,0","19971230",",,0","19971230",",,0","","","19971225",",,0","19971221",",,0","-10.0","3,0,16,","102",",,0,30,","109",",,0,30,","12.7",",,0,25,","18.9",",0,21,","1010.4","0","435.3",",0","80.8",",,,0","109",",,,0","2.83","3,0","10.11",",,,0","-4.45","3,,,0"
"USC00441082","1998-01","37.0679","-78.9517","124.4","BROOKNEAL, VA US","0.0","0","0.0",",0","14",",0","14",",0","3",",0","3",",0","0",",0","0",",0","26",",0","0",",0","1",",0","0",",0","","","19980101",",,0","19980103","+,,0","19980131","+,,0","","","19980128",",,0","19980106",",,0","-12.2",",0,01,","25",",,0,03,+","0",",,0,31,+","48.0",",,0,28,","21.1",",0,06,","1435.3","0","424.9",",0","178.7",",,,0","0",",,,0","4.63",",0","11.49",",,,0","-2.24",",,,0"
"USC00441082","1998-02","37.0679","-78.9517","124.4","BROOKNEAL, VA US","0.0","0","0.0",",0","10","1,0","10","1,0","2","1,0","0",",0","0",",0","0",",0","17",",0","0",",0","1",",0","0",",0","","","19980202","+,,0","19980228","+,,0","19980228","+,,0","","","19980217",",1,0","19980227",",,0","-7.8",",0,02,+","0",",,0,28,+","0",",,0,28,+","29.7","1,,0,17,","21.1",",0,27,","1806.3","0","371.0",",0","141.5","1,,,0","0",",,,0","5.08",",0","12.15",",,,0","-1.98",",,,0"
"USC00441082","1998-03","37.0679","-78.9517","124.4","BROOKNEAL, VA US","2.5","0","2.5",",0","10",",0","7",",0","3",",0","0",",0","0",",0","0",",0","17",",0","0",",0","7",",0","0",",0","","","19980314","+,,0","19980331","+,,0","19980331","+,,0","","","19980321",",,0","19980331",",,0","-10.6",",0,14,+","0",",,0,31,+","0",",,0,31,+","51.1",",,0,21,","31.1",",0,31,","2154.4","0","348.1",",0","156.0",",,,0","0",",,,0","7.19",",0","14.76",",,,0","-0.39",",,,0"
"USC00441082","1998-04","37.0679","-78.9517","124.4","BROOKNEAL, VA US","7.0","0","4.5",",0","13",",0","6",",0","1",",0","0",",0","0",",0","0",",0","9",",0","0",",0","14",",0","0",",0","","","19980407","+,,0","19980430","+,,0","19980430","+,,0","","","19980417",",,0","19980409",",,0","-2.2",",0,07,+","0",",,0,30,+","0",",,0,30,+","51.8",",,0,17,","29.4",",0,09,","2335.2","0","180.8",",0","123.4",",,,0","0",",,,0","12.46",",0","21.26",",,,0","3.65",",,,0"
"USC00441082","1998-05","37.0679","-78.9517","124.4","BROOKNEAL, VA US","54.8","0","47.8",",0","15",",0","10",",0","3",",0","0",",0","0",",0","0",",0","0",",0","0",",0","26",",0","3",",0","","","19980507","+,,0","19980531","+,,0","19980531","+,,0","","","19980508",",,0","19980531",",,0","6.7",",0,07,+","0",",,0,31,+","0",",,0,31,+","61.0",",,0,08,","33.9",",0,31,","2373.6","0","38.4",",0","209.9",",,,0","0",",,,0","18.64",",0","25.76",",,,0","11.51",",,,0"
"USC00441082","1998-06","37.0679","-78.9517","124.4","BROOKNEAL, VA US","196.9","0","142.1",",0","12",",0","7",",0","0",",0","0",",0","0",",0","0",",0","0",",0","0",",0","29",",0","16",",0","","","19980608",",,0","19980630","+,,0","19980630","+,,0","","","19980616",",,0","19980628","+,,0","5.0",",0,08,","0",",,0,30,+","0",",,0,30,+","24.4",",,0,16,","36.7",",0,28,+","2386.4","0","12.8",",0","67.6",",,,0","0",",,,0","22.64",",0","30.13",",,,0","15.16",",,,0"
"USC00441082","1998-07","37.0679","-78.9517","124.4","BROOKNEAL, VA US","388.3","0","191.4",",0","8",",0","3",",0","0",",0","0",",0","0",",0","0",",0","0",",0","0",",0","31",",0","16",",0","","","19980704","+,,0","19980731","+,,0","19980731","+,,0","","","19980705",",,0","19980723",",,0","13.9",",0,04,+","0",",,0,31,+","0",",,0,31,+","16.3",",,0,05,","38.3",",0,23,","0.0","0","0.0",",0","33.0",",,,0","0",",,,0","24.51",",0","32.55",",,,0","16.46",",,,0"
"USC00441082","1998-08","37.0679","-78.9517","124.4","BROOKNEAL, VA US","557.9","0","169.6",",0","6",",0","4",",0","0",",0","0",",0","0",",0","0",",0","0",",0","0",",0","31",",0","19",",0","","","19980820",",,0","19980831","+,,0","19980831","+,,0","","","19980809",",,0","19980830","+,,0","7.2",",0,20,","0",",,0,31,+","0",",,0,31,+","21.1",",,0,09,","37.2",",0,30,+","0.3","0","0.3",",0","43.5",",,,0","0",",,,0","23.79",",0","32.54",",,,0","15.05",",,,0"
"USC00441082","1998-09","37.0679","-78.9517","124.4","BROOKNEAL, VA US","684.0","0","126.1",",0","4",",0","3",",0","0",",0","0",",0","0",",0","0",",0","0",",0","0",",0","30",",0","17",",0","","","19980925","+,,0","19980930","+,,0","19980930","+,,0","","","19980904",",,0","19980908",",,0","2.8",",0,25,+","0",",,0,30,+","0",",,0,30,+","6.4",",,0,04,","37.2",",0,08,","16.1","0","15.8",",0","14.0",",,,0","0",",,,0","22.01",",0","32.04",",,,0","11.98",",,,0"
"USC00441082","1998-10","37.0679","-78.9517","124.4","BROOKNEAL, VA US","689.8","0","5.8",",0","7",",0","3",",0","0",",0","","","0",",0","0",",0","9",",0","0",",0","24",",0","1",",0","","","19981024",",,0","","","19981031","+,,0","","","19981009",",,0","19981001",",,0","-5.6",",0,24,","","","0",",,0,31,+","6.9",",,0,09,","32.8",",0,01,","172.4","0","156.3",",0","20.4",",,,0","0",",,,0","13.48",",0","23.65",",,,0","3.31",",,,0"
"USC00441082","1998-11","37.0679","-78.9517","124.4","BROOKNEAL, VA US","689.8","0","0.0",",0","5",",0","4",",0","0",",0","0",",0","0",",0","0",",0","23",",0","0",",0","4",",0","0",",0","","","19981123","+,,0","19981130","+,,0","19981130","+,,0","","","19981111",",,0","19981101",",,0","-7.2",",0,23,+","0",",,0,30,+","0",",,0,30,+","8.4",",,0,11,","25.6",",0,01,","515.8","0","343.4",",0","19.8",",,,0","0",",,,0","6.89",",0","15.51",",,,0","-1.74",",,,0"
"USC00441082","1998-12","37.0679","-78.9517","124.4","BROOKNEAL, VA US","689.8","0","0.0","1,0","9","1,0","5","1,0","2","1,0","1",",0","1",",0","0","1,0","23","1,0","4",",0","5",",0","0",",0","","","19981228","+,1,0","19981231",",,0","19981231",",,0","","","19981213",",1,0","19981208",",,0","-9.4","1,0,28,+","25",",,0,31,","25",",,0,31,","50.3","1,,0,13,","25.0",",0,08,","948.4","0","432.6",",0","121.3","1,,,0","25",",,,0","4.14","1,0","11.36",",,,0","-3.08","1,,,0"
"USC00441082","1999-01","37.0679","-78.9517","124.4","BROOKNEAL, VA US","0.0","0","0.0",",0","8",",0","6",",0","2",",0","0",",0","0",",0","0",",0","28",",0","4",",0","3",",0","0",",0","","","19990106",",,0","19990131","+,,0","19990131","+,,0","","","19990124",",,0","19990125","+,,0","-16.7",",0,06,","0",",,0,31,+","0",",,0,31,+","38.9",",,0,24,","22.2",",0,25,+","1450.4","0","502.0",",0","145.6",",,,0","0",",,,0","2.14",",0","9.04",",,,0","-4.76",",,,0"
"USC00441082","1999-02","37.0679","-78.9517","124.4","BROOKNEAL, VA US","0.0","0","0.0",",0","7",",0","6",",0","0",",0","0",",0","0",",0","0",",0","26",",0","1",",0","1",",0","0",",0","","","19990223","+,,0","19990224",",,0","19990224",",,0","","","19990218",",,0","19990213",",,0","-11.1",",0,23,+","0",",T,0,24,","8",",,0,24,","19.8",",,0,18,","22.2",",0,13,","1892.8","0","442.4",",0","57.2",",,,0","8",",,,0","2.53",",0","10.22",",,,0","-5.15",",,,0"
"USC00441082","1999-03","37.0679","-78.9517","124.4","BROOKNEAL, VA US","0.0","0","0.0",",0","8",",0","8",",0","1",",0","2",",0","0",",0","0",",0","28",",0","1",",0","2",",0","0",",0","","","19990309","+,,0","19990315","+,,0","19990315",",,0","","","19990315",",,0","19990318",",,0","-11.7",",0,09,+","25",",,0,15,+","13",",,0,15,","31.2",",,0,15,","24.4",",0,18,","2335.8","0","443.0",",0","74.7",",,,0","21",",,,0","4.04",",0","12.04",",,,0","-3.95",",,,0"
"USC00441082","1999-04","37.0679","-78.9517","124.4","BROOKNEAL, VA US","3.3","0","3.3",",0","11",",0","8",",0","1",",0","0",",0","0",",0","0",",0","8",",0","0",",0","9",",0","0",",0","","","19990401",",,0","19990430","+,,0","19990430","+,,0","","","19990412",",,0","19990423",",,0","-3.3",",0,01,","0",",,0,30,+","0",",,0,30,+","47.5",",,0,12,","30.6",",0,23,","2532.9","0","197.1",",0","104.1",",,,0","0",",,,0","11.87",",0","20.17",",,,0","3.57",",,,0"
"USC00441082","1999-05","37.0679","-78.9517","124.4","BROOKNEAL, VA US","9.2","0","5.9",",0","6",",0","2",",0","0",",0","0",",0","0",",0","0",",0","0",",0","0",",0","28",",0","0",",0","","","19990501",",,0","19990531","+,,0","19990531","+,,0","","","19990515",",,0","19990531","+,,0","1.1",",0,01,","0",",,0,31,+","0",",,0,31,+","21.6",",,0,15,","30.6",",0,31,+","2621.0","0","88.1",",0","31.6",",,,0","0",",,,0","15.68",",0","24.65",",,,0","6.71",",,,0"
"USC00441082","1999-06","37.0679","-78.9517","124.4","BROOKNEAL, VA US","84.8","0","75.6",",0","12",",0","3",",0","0",",0","0",",0","0",",0","0",",0","0",",0","0",",0","30",",0","6",",0","","","19990619",",,0","19990630","+,,0","19990630","+,,0","","","19990617",",,0","19990610",",,0","6.7",",0,19,","0",",,0,30,+","0",",,0,30,+","7.1",",,0,17,","35.6",",0,10,","2638.3","0","17.3",",0","20.0",",,,0","0",",,,0","20.28",",0","27.94",",,,0","12.61",",,,0"
"USC00441082","1999-07","37.0679","-78.9517","124.4","BROOKNEAL, VA US","275.8","0","191.0",",0","9",",0","7",",0","2",",0","0",",0","0",",0","0",",0","0",",0","0",",0","28",",0","17",",0","","","19990714","+,,0","19990731","+,,0","19990731","+,,0","","","19990729",",,0","19990731","+,,0","13.9",",0,14,+","0",",,0,31,+","0",",,0,31,+","29.7",",,0,29,","35.6",",0,31,+","5.2","0","5.2",",0","128.1",",,,0","0",",,,0","24.33",",0","30.77",",,,0","17.88",",,,0"
"USC00441082","1999-08","37.0679","-78.9517","124.4","BROOKNEAL, VA US","437.9","0","162.1",",0","8",",0","4",",0","1",",0","0",",0","0",",0","0",",0","0",",0","0",",0","31",",0","14",",0","","","19990831",",,0","19990831","+,,0","19990831","+,,0","","","19990826",",,0","19990802","+,,0","8.9",",0,31,","0",",,0,31,+","0",",,0,31,+","44.5",",,0,26,","36.1",",0,02,+","7.7","0","2.5",",0","70.5",",,,0","0",",,,0","23.48",",0","30.95",",,,0","16.02",",,,0"
"USC00441082","1999-09","37.0679","-78.9517","124.4","BROOKNEAL, VA US","464.9","0","27.0","1,0","12",",0","11",",0","5",",0","0",",0","0",",0","0","1,0","0","1,0","0",",0","26",",0","0",",0","","","19990924","+,1,0","19990930","+,,0","19990930","+,,0","","","19990916",",,0","19990909","+,,0","1.7","1,0,24,+","0",",,0,30,+","0",",,0,30,+","55.6",",,0,16,","30.0",",0,09,+","65.5","0","57.8",",0","268.4",",,,0","0",",,,0","17.33","1,0","24.34",",,,0","10.32","1,,,0"
"USC00441082","1999-10","37.0679","-78.9517","124.4","BROOKNEAL, VA US","464.9","0","0.0",",0","7",",0","6",",0","0",",0","0",",0","0",",0","0",",0","10",",0","0",",0","4",",0","0",",0","","","19991026","+,,0","19991031","+,,0","19991031","+,,0","","","19991021",",,0","19991004",",,0","-2.8",",0,26,+","0",",,0,31,+","0",",,0,31,+","16.5",",,0,21,","24.4",",0,04,","308.7","0","243.2",",0","42.7",",,,0","0",",,,0","10.49",",0","17.75",",,,0","3.22",",,,0"
"USC00441082","1999-11","37.0679","-78.9517","124.4","BROOKNEAL, VA US","464.9","0","0.0","2,0","6",",0","3",",0","1",",0","0",",0","0",",0","0","2,0","17","2,0","0",",0","6",",0","0",",0","","","19991118",",2,0","19991130","+,,0","19991130","+,,0","","","19991127",",,0","19991115","+,,0","-8.3","2,0,18,","0",",,0,30,+","0",",,0,30,+","38.4",",,0,27,","23.3",",0,15,+","596.6","0","287.9",",0","58.2",",,,0","0",",,,0","8.27","2,0","16.89",",,,0","-0.34","2,,,0"
"USC00441082","1999-12","37.0679","-78.9517","124.4","BROOKNEAL, VA US","464.9","0","0.0",",0","5",",0","5",",0","1",",0","0",",0","0",",0","0",",0","28",",0","2",",0","0",",0","0",",0","","","19991227","+,,0","19991231","+,,0","19991231","+,,0","","","19991214",",,0","19991205",",,0","-10.6",",0,27,+","0",",,0,31,+","0",",,0,31,+","34.3",",,0,14,","18.9",",0,05,","1100.3","0","503.7",",0","53.6",",,,0","0",",,,0","2.09",",0","9.50",",,,0","-5.33",",,,0"
"USC00441082","2000-01","37.0679","-78.9517","124.4","BROOKNEAL, VA US","0.0","0","0.0","1,0","10",",0","9",",0","2",",0","7","4,0","4","2,0","2","1,0","28","1,0","10",",0","0",",0","0",",0","","","20000128",",1,0","20000125",",4,0","20000125",",2,0","","","20000105",",,0","20000104",",,0","-20.0","1,0,28,","152","4,,0,25,","140","2,,0,25,","26.2",",,0,05,","19.4",",0,04,","1671.2","0","570.9",",0","118.4",",,,0","226","2,,,0","-0.90","1,0","6.21",",,,0","-8.02","1,,,0"
"USC00441082","2000-02","37.0679","-78.9517","124.4","BROOKNEAL, VA US","0.0","0","0.0","1,0","6",",0","6",",0","0",",0","5",",0","0",",0","0","1,0","25","1,0","2",",0","1",",0","0",",0","","","20000202","+,1,0","20000202","+,,0","20000229","+,,0","","","20000218",",,0","20000226",",,0","-12.2","1,0,02,+","51",",,0,02,+","0",",,0,29,+","14.0",",,0,18,","24.4",",0,26,","2116.9","0","445.7",",0","36.3",",,,0","0",",,,0","2.44","1,0","10.37",",,,0","-5.49","1,,,0"
"USC00441082","2000-03","37.0679","-78.9517","124.4","BROOKNEAL, VA US","0.0","0","0.0","1,0","7",",0","4",",0","1",",0","0",",0","0",",0","0","1,0","22","1,0","0",",0","7",",0","0",",0","","","20000314","+,1,0","20000331","+,,0","20000331","+,,0","","","20000317",",,0","20000309",",,0","-7.2","1,0,14,+","0",",,0,31,+","0",",,0,31,+","45.7",",,0,17,","27.2",",0,09,","2433.0","0","316.1",",0","90.7",",,,0","0",",,,0","7.78","1,0","16.85",",,,0","-1.30","1,,,0"
"USC00441082","2000-04","37.0679","-78.9517","124.4","BROOKNEAL, VA US","0.0","0","0.0","3,0","13",",0","10",",0","1",",0","0",",0","0",",0","0","3,0","6","3,0","0",",0","11",",0","0",",0","","","20000405","+,3,0","20000430","+,,0","20000430","+,,0","","","20000418",",,0","20000408",",,0","-2.8","3,0,05,+","0",",,0,30,+","0",",,0,30,+","39.1",",,0,18,","27.2",",0,08,","2642.0","0","209.0",",0","130.6",",,,0","0",",,,0","10.69","3,0","18.03",",,,0","3.34","3,,,0"
"USC00441082","2000-05","37.0679","-78.9517","124.4","BROOKNEAL, VA US","23.9","0","23.9","1,0","7",",0","6",",0","1",",0","0",",0","0",",0","0","1,0","0","1,0","0",",0","29",",0","0",",0","","","20000501",",1,0","20000531","+,,0","20000531","+,,0","","","20000529",",,0","20000514",",,0","1.7","1,0,01,","0",",,0,31,+","0",",,0,31,+","35.6",",,0,29,","31.7",",0,14,","2717.9","0","75.9",",0","95.0",",,,0","0",",,,0","16.66","1,0","25.14",",,,0","8.19","1,,,0"
"USC00441082","2000-06","37.0679","-78.9517","124.4","BROOKNEAL, VA US","116.1","0","92.2","2,0","7",",0","6",",0","1",",0","0",",0","0",",0","0","2,0","0","2,0","0",",0","30",",0","0",",0","","","20000601",",2,0","20000630","+,,0","20000630","+,,0","","","20000615",",,0","20000614","+,,0","3.9","2,0,01,","0",",,0,30,+","0",",,0,30,+","37.6",",,0,15,","31.7",",0,14,+","2732.3","0","14.4",",0","100.6",",,,0","0",",,,0","21.18","2,0","27.62",",,,0","14.75","2,,,0"
"USC00441082","2000-07","37.0679","-78.9517","124.4","BROOKNEAL, VA US","","","","","10",",0","8",",0","3",",0","0",",0","0",",0","","","","","0",",0","29",",0","1",",0","","","","","20000731","+,,0","20000731","+,,0","","","20000712",",,0","20000711",",,0","","","0",",,0,31,+","0",",,0,31,+","50.8",",,0,12,","32.8",",0,11,","","","","","144.8",",,,0","0",",,,0","","","27.45",",,,0","",""
"USC00441082","2000-08","37.0679","-78.9517","124.4","BROOKNEAL, VA US","","","92.7","3,0","10",",0","7",",0","1",",0","0",",0","0",",0","0","3,0","0","3,0","0",",0","31",",0","2",",0","","","20000823",",3,0","20000831","+,,0","20000831","+,,0","","","20000828",",,0","20000808",",,0","8.9","3,0,23,","0",",,0,31,+","0",",,0,31,+","32.5",",,0,28,","32.8",",0,08,","","","3.3",",0","81.5",",,,0","0",",,,0","21.45","3,0","27.27",",,,0","15.63","3,,,0"
"USC00441082","2000-09","37.0679","-78.9517","124.4","BROOKNEAL, VA US","","","37.3","3,0","13",",0","8",",0","0",",0","0",",0","0",",0","0","2,0","0","2,0","0","1,0","19","1,0","0","1,0","","","20000918","+,2,0","20000930","+,,0","20000930","+,,0","","","20000903",",,0","20000925",",1,0","2.2","2,0,18,+","0",",,0,30,+","0",",,0,30,+","19.8",",,0,03,","30.6","1,0,25,","","","71.2","1,0","83.4",",,,0","0",",,,0","17.02","3,0","23.32","1,,,0","10.71","2,,,0"
"USC00441082","2000-10","37.0679","-78.9517","124.4","BROOKNEAL, VA US","","","0.6","2,0","1",",0","1",",0","0",",0","0",",0","0",",0","0","2,0","9","2,0","0",",0","18",",0","0",",0","","","20001031","+,2,0","20001031","+,,0","20001031","+,,0","","","20001025",",,0","20001006","+,,0","-5.6","2,0,31,+","0",",,0,31,+","0",",,0,31,+","3.8",",,0,25,","26.7",",0,06,+","","","204.5",",0","3.8",",,,0","0",",,,0","11.41","2,0","20.72",",,,0","2.10","2,,,0"
"USC00441082","2000-11","37.0679","-78.9517","124.4","BROOKNEAL, VA US","","","","","9",",0","6",",0","0",",0","0",",0","0",",0","0","5,0","22","5,0","0","1,0","1","1,0","0","1,0","","","20001123","+,5,0","20001130","+,,0","20001130","+,,0","","","20001126",",,0","20001104",",1,0","-12.8","5,0,23,+","0",",,0,30,+","0",",,0,30,+","22.1",",,0,26,","21.1","1,0,04,","","","","","58.9",",,,0","0",",,,0","3.32","6,0","11.07","1,,,0","-4.44","5,,,0"
"USC00441082","2000-12","37.0679","-78.9517","124.4","BROOKNEAL, VA US","","","0.0","4,0","5","1,0","3","1,0","0","1,0","","","0",",0","0","4,0","27","4,0","11",",0","0",",0","0",",0","","","20001227","+,4,0","","","20001220",",,0","","","20001217",",1,0","20001210",",,0","-17.2","4,0,27,+","","","13",",,0,20,","17.3","1,,0,17,","12.8",",0,10,","","","575.3",",0","24.6","1,,,0","13",",,,0","-2.91","4,0","3.62",",,,0","-9.45","4,,,0"
"USC00441082","2001-01","37.0679","-78.9517","124.4","BROOKNEAL, VA US","0.0","0","0.0","4,0","7",",0","5",",0","1",",0","0",",0","0",",0","0","4,0","26","4,0","3",",0","0",",0","0",",0","","","20010103",",4,0","20010131","+,,0","20010131","+,,0","","","20010120",",,0","20010131",",,0","-16.7","4,0,03,","0",",,0,31,+","0",",,0,31,+","27.4",",,0,20,","15.6",",0,31,","","","538.2",",0","62.5",",,,0","0",",,,0","-1.47","4,0","5.70",",,,0","-8.64","4,,,0"
"USC00441082","2001-02","37.0679","-78.9517","124.4","BROOKNEAL, VA US","0.0","0","0.0",",0","9",",0","5",",0","0",",0","1",",0","1",",0","0",",0","25",",0","2",",0","0",",0","0",",0","","","20010224","+,,0","20010223",",,0","20010223",",,0","","","20010217",",,0","20010221","+,,0","-12.8",",0,24,+","51",",,0,23,","81",",,0,23,","19.1",",,0,17,","17.8",",0,21,+","","","444.9",",0","48.1",",,,0","81",",,,0","2.44",",0","10.51",",,,0","-5.63",",,,0"
"USC00441082","2001-03","37.0679","-78.9517","124.4","BROOKNEAL, VA US","","","","","11",",0","8",",0","2",",0","0",",0","0",",0","","","","","0",",0","0",",0","0",",0","","","","","20010331","+,,0","20010331","+,,0","","","20010330",",,0","20010325",",,0","","","0",",,0,31,+","0",",,0,31,+","50.5",",,0,30,","20.0",",0,25,","","","","","144.3",",,,0","0",",,,0","","","10.88",",,,0","",""
"USC00441082","2001-04","37.0679","-78.9517","124.4","BROOKNEAL, VA US","","","4.1","5,0","9",",0","5",",0","0",",0","0",",0","0",",0","0","5,0","10","5,0","0",",0","16",",0","0",",0","","","20010420","+,5,0","20010430","+,,0","20010430","+,,0","","","20010425",",,0","20010410",",,0","-5.6","5,0,20,+","0",",,0,30,+","0",",,0,30,+","15.0",",,0,25,","30.0",",0,10,","","","182.3",",0","41.0",",,,0","0",",,,0","11.70","5,0","20.69",",,,0","2.71","5,,,0"
"USC00441082","2001-05","37.0679","-78.9517","124.4","BROOKNEAL, VA US","","","3.3","3,0","15",",0","12",",0","2",",0","0",",0","0",",0","0","3,0","0","3,0","0",",0","21",",0","0",",0","","","20010514",",3,0","20010531","+,,0","20010531","+,,0","","","20010526",",,0","20010514","+,,0","1.1","3,0,14,","0",",,0,31,+","0",",,0,31,+","30.5",",,0,26,","28.3",",0,14,+","","","80.0",",0","123.2",",,,0","0",",,,0","15.44","3,0","22.94",",,,0","7.94","3,,,0"
"USC00441082","2001-06","37.0679","-78.9517","124.4","BROOKNEAL, VA US","","","68.6","3,0","9",",0","7",",0","0",",0","0",",0","0",",0","0","3,0","0","3,0","0",",0","28",",0","0",",0","","","20010601",",3,0","20010630","+,,0","20010630","+,,0","","","20010602",",,0","20010630",",,0","6.7","3,0,01,","0",",,0,30,+","0",",,0,30,+","17.8",",,0,02,","31.7",",0,30,","","","11.1",",0","72.9",",,,0","0",",,,0","20.45","3,0","27.06",",,,0","13.83","3,,,0"
"USC00441082","2001-07","37.0679","-78.9517","124.4","BROOKNEAL, VA US","","","","","7",",0","6",",0","0",",0","0",",0","0","1,0","","","","","0","1,0","29","1,0","0","1,0","","","","","20010731","+,,0","20010731","+,1,0","","","20010705",",,0","20010718","+,1,0","","","0",",,0,31,+","0","1,,0,31,+","19.6",",,0,05,","31.7","1,0,18,+","","","","","73.4",",,,0","0","1,,,0","","","26.97","1,,,0","",""
"USC00441082","2001-08","37.0679","-78.9517","124.4","BROOKNEAL, VA US","","","96.4","5,0","9",",0","5",",0","1",",0","0",",0","0",",0","0","5,0","0","5,0","0",",0","31",",0","4",",0","","","20010821","+,5,0","20010831","+,,0","20010831","+,,0","","","20010824",",,0","20010810",",,0","11.1","5,0,21,+","0",",,0,31,+","0",",,0,31,+","32.0",",,0,24,","34.4",",0,10,","","","0.0",",0","59.5",",,,0","0",",,,0","22.13","5,0","28.86",",,,0","15.40","5,,,0"
"USC00441082","2001-09","37.0679","-78.9517","124.4","BROOKNEAL, VA US","","","10.6","1,0","11",",0","8",",0","0",",0","0",",0","0",",0","0","1,0","0","1,0","0",",0","23",",0","0",",0","","","20010927","+,1,0","20010930","+,,0","20010930","+,,0","","","20010925",",,0","20010901",",,0","0.6","1,0,27,+","0",",,0,30,+","0",",,0,30,+","20.8",",,0,25,","27.2",",0,01,","","","82.5",",0","79.8",",,,0","0",",,,0","15.89","1,0","23.13",",,,0","8.64","1,,,0"
"USC00441082","2001-10","37.0679","-78.9517","124.4","BROOKNEAL, VA US","","","0.0","4,0","4",",0","2",",0","0",",0","0",",0","0",",0","0","4,0","18","4,0","0",",0","10",",0","0",",0","","","20011030","+,4,0","20011031","+,,0","20011031","+,,0","","","20011015",",,0","20011025",",,0","-7.2","4,0,30,+","0",",,0,31,+","0",",,0,31,+","14.7",",,0,15,","25.6",",0,25,","","","262.7",",0","19.4",",,,0","0",",,,0","8.77","4,0","18.28",",,,0","-0.74","4,,,0"
"USC00441082","2001-11","37.0679","-78.9517","124.4","BROOKNEAL, VA US","","","","","3",",0","2",",0","0",",0","0",",0","0",",0","","","","","0",",0","2",",0","0",",0","","","","","20011130","+,,0","20011130","+,,0","","","20011126",",,0","20011104",",,0","","","0",",,0,30,+","0",",,0,30,+","8.1",",,0,26,","22.2",",0,04,","","","","","15.2",",,,0","0",",,,0","","","15.94",",,,0","",""
"USC00441082","2001-12","37.0679","-78.9517","124.4","BROOKNEAL, VA US","","","","","7",",0","5",",0","1",",0","0",",0","0",",0","","","","","1","1,0","1","1,0","0","1,0","","","","","20011231","+,,0","20011231","+,,0","","","20011211",",,0","20011206",",1,0","","","0",",,0,31,+","0",",,0,31,+","36.1",",,0,11,","21.1","1,0,06,","","","","","70.1",",,,0","0",",,,0","","","10.50","1,,,0","",""
"USC00441082","2002-01","37.0679","-78.9517","124.4","BROOKNEAL, VA US","","","","","9",",0","7",",0","0",",0","5",",0","2",",0","","","","","5","1,0","2","1,0","0","1,0","","","","","20020104",",,0","20020103",",,0","","","20020107",",,0","20020131",",1,0","","","203",",,0,04,","178",",,0,03,","19.1",",,0,07,","22.8","1,0,31,","","","","","74.2",",,,0","203",",,,0","","","7.49","1,,,0","",""
"USC00441082","2002-02","37.0679","-78.9517","124.4","BROOKNEAL, VA US","","","0.0","3,0","2",",0","1",",0","0",",0","0",",0","0",",0","0","3,0","23","3,0","1",",0","0",",0","0",",0","","","20020228",",3,0","20020228","+,,0","20020228","+,,0","","","20020207",",,0","20020202",",,0","-11.7","3,0,28,","0",",,0,28,+","0",",,0,28,+","23.9",",,0,07,","20.6",",0,02,","","","427.8",",0","25.7",",,,0","0",",,,0","1.48","3,0","9.92",",,,0","-6.96","3,,,0"
"USC00441082","2002-03","37.0679","-78.9517","124.4","BROOKNEAL, VA US","","","0.0","4,0","11",",0","7",",0","1",",0","0",",0","0",",0","0","3,0","17","3,0","1","1,0","4","1,0","0","1,0","","","20020301",",3,0","20020331","+,,0","20020331","+,,0","","","20020318",",,0","20020316",",1,0","-13.3","3,0,01,","0",",,0,31,+","0",",,0,31,+","43.2",",,0,18,","22.8","1,0,16,","","","382.1","1,0","102.3",",,,0","0",",,,0","4.23","4,0","11.63","1,,,0","-3.17","3,,,0"
"USC00441082","2002-04","37.0679","-78.9517","124.4","BROOKNEAL, VA US","","","6.6","4,0","9",",0","4",",0","0",",0","0",",0","0",",0","0","4,0","12","4,0","0",",0","13",",0","0",",0","","","20020407",",4,0","20020430","+,,0","20020430","+,,0","","","20020422",",,0","20020418","+,,0","-8.3","4,0,07,","0",",,0,30,+","0",",,0,30,+","5.1",",,0,22,","31.1",",0,18,+","","","180.8",",0","22.6",",,,0","0",",,,0","11.64","4,0","20.42",",,,0","2.87","4,,,0"
"USC00441082","2002-05","37.0679","-78.9517","124.4","BROOKNEAL, VA US","","","7.3","2,0","8",",0","6",",0","2",",0","0",",0","0",",0","0","2,0","6","2,0","0",",0","21",",0","0",",0","","","20020522",",2,0","20020531","+,,0","20020531","+,,0","","","20020503",",,0","20020510",",,0","-2.2","2,0,22,","0",",,0,31,+","0",",,0,31,+","39.6",",,0,03,","28.3",",0,10,","","","132.1",",0","118.4",",,,0","0",",,,0","14.04","2,0","22.05",",,,0","6.04","2,,,0"
"USC00441082","2002-06","37.0679","-78.9517","124.4","BROOKNEAL, VA US","","","73.6",",0","3",",0","2",",0","0",",0","0",",0","0",",0","0",",0","0",",0","0",",0","30",",0","2",",0","","","20020609",",,0","20020630","+,,0","20020630","+,,0","","","20020628",",,0","20020626","+,,0","5.0",",0,09,","0",",,0,30,+","0",",,0,30,+","23.1",",,0,28,","32.8",",0,26,+","","","15.8",",0","31.0",",,,0","0",",,,0","20.26",",0","28.62",",,,0","11.91",",,,0"
"USC00441082","2002-07","37.0679","-78.9517","124.4","BROOKNEAL, VA US","","","116.8","1,0","7",",0","7",",0","1",",0","0",",0","0",",0","0","1,0","0","1,0","0",",0","30",",0","2",",0","","","20020712",",1,0","20020731","+,,0","20020731","+,,0","","","20020715",",,0","20020705",",,0","7.2","1,0,12,","0",",,0,31,+","0",",,0,31,+","56.9",",,0,15,","33.3",",0,05,","5.3","0","5.3",",0","109.7",",,,0","0",",,,0","22.09","1,0","28.73",",,,0","15.45","1,,,0"
"USC00441082","2002-08","37.0679","-78.9517","124.4","BROOKNEAL, VA US","","","126.5",",0","12",",0","9",",0","2",",0","0",",0","0",",0","0",",0","0",",0","0",",0","29",",0","8",",0","","","20020809",",,0","20020831","+,,0","20020831","+,,0","","","20020828",",,0","20020824",",,0","3.3",",0,09,","0",",,0,31,+","0",",,0,31,+","39.1",",,0,28,","35.0",",0,24,","15.1","0","9.8",",0","113.0",",,,0","0",",,,0","22.10",",0","29.59",",,,0","14.60",",,,0"
"USC00441082","2002-09","37.0679","-78.9517","124.4","BROOKNEAL, VA US","","","29.9","3,0","7",",0","5",",0","0",",0","0",",0","0",",0","0","3,0","0","3,0","0",",0","27",",0","0",",0","","","20020913",",3,0","20020930","+,,0","20020930","+,,0","","","20020927",",,0","20020908","+,,0","4.4","3,0,13,","0",",,0,30,+","0",",,0,30,+","17.0",",,0,27,","30.6",",0,08,+","37.1","0","22.0",",0","40.5",",,,0","0",",,,0","18.49","3,0","25.12",",,,0","11.85","3,,,0"
"USC00441082","2002-10","37.0679","-78.9517","124.4","BROOKNEAL, VA US","","","8.4","1,0","14",",0","9",",0","1",",0","0",",0","0",",0","0","1,0","3","1,0","0",",0","10",",0","0",",0","","","20021018",",1,0","20021031","+,,0","20021031","+,,0","","","20021011",",,0","20021005","+,,0","-2.8","1,0,18,","0",",,0,31,+","0",",,0,31,+","31.0",",,0,11,","27.8",",0,05,+","239.0","0","201.9",",0","170.7",",,,0","0",",,,0","11.85","1,0","16.85",",,,0","6.85","1,,,0"
"USC00441082","2002-11","37.0679","-78.9517","124.4","BROOKNEAL, VA US","","","0.0","2,0","9",",0","7",",0","3",",0","0",",0","0",",0","0","2,0","22","2,0","0",",0","0",",0","0",",0","","","20021129",",2,0","20021130","+,,0","20021130","+,,0","","","20021112",",,0","20021110",",,0","-11.1","2,0,29,","0",",,0,30,+","0",",,0,30,+","35.3",",,0,12,","20.6",",0,10,","630.8","0","391.8",",0","132.4",",,,0","0",",,,0","4.33","2,0","11.10",",,,0","-2.45","2,,,0"
"USC00441082","2002-12","37.0679","-78.9517","124.4","BROOKNEAL, VA US","","","0.0","2,0","8",",0","7",",0","3",",0","8",",0","1",",0","0","2,0","28","2,0","5",",0","0",",0","0",",0","","","20021208",",2,0","20021205",",,0","20021205",",,0","","","20021225",",,0","20021223",",,0","-15.6","2,0,08,","127",",,0,05,","127",",,0,05,","37.1",",,0,25,","12.8",",0,23,","1188.7","0","557.9",",0","123.1",",,,0","127",",,,0","-1.06","2,0","5.30",",,,0","-7.42","2,,,0"
"USC00441082","2003-01","37.0679","-78.9517","124.4","BROOKNEAL, VA US","0.0","0","0.0",",0","11",",0","6",",0","0",",0","10",",0","3",",0","2",",0","29",",0","10",",0","0",",0","0",",0","","","20030125","+,,0","20030123",",,0","20030123",",,0","","","20030102",",,0","20030110",",,0","-17.8",",0,25,+","127",",,0,23,","127",",,0,23,","15.5",",,0,02,","16.1",",0,10,","1855.4","0","666.7",",0","62.6",",,,0","198",",,,0","-3.17",",0","2.98",",,,0","-9.33",",,,0"
"USC00441082","2003-02","37.0679","-78.9517","124.4","BROOKNEAL, VA US","0.0","0","0.0",",0","16",",0","10",",0","1",",0","13",",0","3",",0","0",",0","27",",0","6",",0","0",",0","0",",0","","","20030209",",,0","20030207",",,0","20030207",",,0","","","20030223",",,0","20030225",",,0","-12.8",",0,09,","127",",,0,07,","127",",,0,07,","36.1",",,0,23,","13.9",",0,25,","2394.0","0","538.6",",0","147.4",",,,0","198",",,,0","-0.90",",0","4.42",",,,0","-6.23",",,,0"
"USC00441082","2003-03","37.0679","-78.9517","124.4","BROOKNEAL, VA US","0.0","0","0.0",",0","14",",0","9",",0","2",",0","0",",0","0",",0","0",",0","21",",0","1",",0","4",",0","0",",0","","","20030308",",,0","20030331","+,,0","20030331","+,,0","","","20030320",",,0","20030330",",,0","-7.8",",0,08,","0",",,0,31,+","0",",,0,31,+","51.1",",,0,20,","23.9",",0,30,","2772.6","0","378.6",",0","138.0",",,,0","0",",,,0","6.12",",0","14.13",",,,0","-1.89",",,,0"
"USC00441082","2003-04","37.0679","-78.9517","124.4","BROOKNEAL, VA US","0.0","0","0.0","1,0","9",",0","8",",0","2",",0","0",",0","0",",0","0","1,0","7","1,0","0",",0","11",",0","0",",0","","","20030401",",1,0","20030430","+,,0","20030430","+,,0","","","20030411","+,,0","20030417","+,,0","-5.0","1,0,01,","0",",,0,30,+","0",",,0,30,+","31.8",",,0,11,+","26.1",",0,17,+","3024.3","0","251.7",",0","120.0",",,,0","0",",,,0","9.66","1,0","16.63",",,,0","2.68","1,,,0"
"USC00441082","2003-05","37.0679","-78.9517","124.4","BROOKNEAL, VA US","3.4","0","3.4",",0","20",",0","12",",0","5",",0","0",",0","0",",0","0",",0","0",",0","0",",0","15",",0","0",",0","","","20030514",",,0","20030531","+,,0","20030531","+,,0","","","20030519",",,0","20030510",",,0","2.8",",0,14,","0",",,0,31,+","0",",,0,31,+","47.5",",,0,19,","27.8",",0,10,","3156.4","0","132.1",",0","274.4",",,,0","0",",,,0","14.18",",0","19.84",",,,0","8.52",",,,0"
"USC00441082","2003-06","37.0679","-78.9517","124.4","BROOKNEAL, VA US","33.2","0","29.8","3,0","16",",0","12",",0","1",",0","0",",0","0",",0","0","3,0","0","3,0","0","1,0","21","1,0","0","1,0","","","20030603","+,3,0","20030630","+,,0","20030630","+,,0","","","20030612",",,0","20030626",",1,0","2.8","3,0,03,+","0",",,0,30,+","0",",,0,30,+","35.8",",,0,12,","30.6","1,0,26,","3198.1","0","41.7","1,0","161.1",",,,0","0",",,,0","17.93","3,0","23.91","1,,,0","11.96","3,,,0"
"USC00441082","2003-07","37.0679","-78.9517","124.4","BROOKNEAL, VA US","120.2","0","87.0",",0","16",",0","12",",0","3",",0","0",",0","0",",0","0",",0","0",",0","0",",0","28",",0","0",",0","","","20030726","+,,0","20030731","+,,0","20030731","+,,0","","","20030730",",,0","20030709","+,,0","11.7",",0,26,+","0",",,0,31,+","0",",,0,31,+","42.9",",,0,30,","30.6",",0,09,+","4.7","0","4.7",",0","201.6",",,,0","0",",,,0","20.99",",0","26.81",",,,0","15.16",",,,0"
"USC00441082","2003-08","37.0679","-78.9517","124.4","BROOKNEAL, VA US","220.7","0","100.5",",0","14",",0","8",",0","0",",0","0",",0","0",",0","0",",0","0",",0","0",",0","31",",0","0",",0","","","20030826",",,0","20030831","+,,0","20030831","+,,0","","","20030804",",,0","20030829","+,,0","10.0",",0,26,","0",",,0,31,+","0",",,0,31,+","16.8",",,0,04,","30.6",",0,29,+","4.7","0","0.0",",0","75.4",",,,0","0",",,,0","21.58",",0","27.15",",,,0","16.00",",,,0"
"USC00441082","2003-09","37.0679","-78.9517","124.4","BROOKNEAL, VA US","233.3","0","12.6","3,0","9",",0","7",",0","3",",0","0",",0","0",",0","0","2,0","0","2,0","0","1,0","24","1,0","0","1,0","","","20030930",",2,0","20030930","+,,0","20030930","+,,0","","","20030919",",,0","20030903",",1,0","0.6","2,0,30,","0",",,0,30,+","0",",,0,30,+","95.3",",,0,19,","28.3","1,0,03,","70.1","0","65.4","1,0","242.0",",,,0","0",",,,0","16.32","3,0","22.73","1,,,0","9.91","2,,,0"
"USC00441082","2003-10","37.0679","-78.9517","124.4","BROOKNEAL, VA US","233.3","0","0.0","3,0","10",",0","5",",0","0",",0","0",",0","0",",0","0","3,0","8","3,0","0",",0","2",",0","0",",0","","","20031024","+,3,0","20031031","+,,0","20031031","+,,0","","","20031011",",,0","20031013",",,0","-3.3","3,0,24,+","0",",,0,31,+","0",",,0,31,+","17.5",",,0,11,","22.2",",0,13,","296.7","0","226.6",",0","70.3",",,,0","0",",,,0","10.10","3,0","16.59",",,,0","3.62","3,,,0"
"USC00441082","2003-11","37.0679","-78.9517","124.4","BROOKNEAL, VA US","233.3","0","0.0","1,0","11",",0","6",",0","1",",0","0",",0","0",",0","0","1,0","16","1,0","0",",0","7",",0","0",",0","","","20031130","+,1,0","20031130","+,,0","20031130","+,,0","","","20031107",",,0","20031106","+,,0","-6.1","1,0,30,+","0",",,0,30,+","0",",,0,30,+","41.1",",,0,07,","23.3",",0,06,+","608.7","0","312.0",",0","104.7",",,,0","0",",,,0","7.70","1,0","15.07",",,,0","0.32","1,,,0"
"USC00441082","2003-12","37.0679","-78.9517","124.4","BROOKNEAL, VA US","233.3","0","0.0","1,0","8",",0","5",",0","2",",0","2",",0","1",",0","0","1,0","30","1,0","3",",0","0",",0","0",",0","","","20031221",",1,0","20031214","+,,0","20031214",",,0","","","20031211",",,0","20031230","+,,0","-10.0","1,0,21,","25",",,0,14,+","25",",,0,14,","34.5",",,0,11,","13.3",",0,30,+","1164.3","0","555.6",",0","100.1",",,,0","38",",,,0","-0.20","1,0","6.43",",,,0","-6.83","1,,,0"
"USC00441082","2004-01","37.0679","-78.9517","124.4","BROOKNEAL, VA US","0.0","0","0.0","1,0","11",",0","8",",0","0",",0","10",",0","3",",0","2","1,0","29","1,0","14",",0","0",",0","0",",0","","","20040112",",1,0","20040129","+,,0","20040126",",,0","","","20040106",",,0","20040105",",,0","-19.4","1,0,12,","76",",,0,29,+","84",",,0,26,","11.4",",,0,06,","20.0",",0,05,","1790.7","0","626.4",",0","49.1",",,,0","173",",,,0","-2.43","1,0","4.01",",,,0","-8.87","1,,,0"
"USC00441082","2004-02","37.0679","-78.9517","124.4","BROOKNEAL, VA US","0.0","0","0.0","2,0","4",",0","3",",0","1",",0","6",",0","1",",0","0","2,0","27","2,0","2",",0","0",",0","0",",0","","","20040203","+,2,0","20040216",",,0","20040216",",,0","","","20040207",",,0","20040221",",,0","-13.3","2,0,03,+","102",",,0,16,","99",",,0,16,","29.7",",,0,07,","17.2",",0,21,","2321.0","0","530.3",",0","59.5",",,,0","99",",,,0","-1.16","2,0","5.69",",,,0","-8.00","2,,,0"
"USC00441082","2004-03","37.0679","-78.9517","124.4","BROOKNEAL, VA US","0.0","0","0.0",",0","8",",0","5",",0","0",",0","0",",0","0",",0","0",",0","23",",0","0",",0","3",",0","0",",0","","","20040324","+,,0","20040331","+,,0","20040331","+,,0","","","20040316",",,0","20040305",",,0","-11.1",",0,24,+","0",",,0,31,+","0",",,0,31,+","19.8",",,0,16,","23.3",",0,05,","2706.5","0","385.5",",0","49.9",",,,0","0",",,,0","5.90",",0","14.05",",,,0","-2.25",",,,0"
"USC00441082","2004-04","37.0679","-78.9517","124.4","BROOKNEAL, VA US","0.3","0","0.3","1,0","10",",0","8",",0","1",",0","0",",0","0",",0","0","1,0","10","1,0","0",",0","11",",0","0",",0","","","20040407","+,1,0","20040430","+,,0","20040430","+,,0","","","20040413",",,0","20040420","+,,0","-6.7","1,0,07,+","0",",,0,30,+","0",",,0,30,+","34.3",",,0,13,","27.8",",0,20,+","2949.0","0","242.5",",0","94.8",",,,0","0",",,,0","10.05","1,0","17.87",",,,0","2.23","1,,,0"
"USC00441082","2004-05","37.0679","-78.9517","124.4","BROOKNEAL, VA US","35.1","0","34.8",",0","13",",0","6",",0","2",",0","0",",0","0",",0","0",",0","2",",0","0",",0","27",",0","0",",0","","","20040505","+,,0","20040531","+,,0","20040531","+,,0","","","20040527",",,0","20040522",",,0","-1.1",",0,05,+","0",",,0,31,+","0",",,0,31,+","31.2",",,0,27,","29.4",",0,22,","2996.9","0","47.9",",0","114.9",",,,0","0",",,,0","17.91",",0","24.74",",,,0","11.09",",,,0"
"USC00441082","2004-06","37.0679","-78.9517","124.4","BROOKNEAL, VA US","86.2","0","51.1",",0","12",",0","8",",0","1",",0","0",",0","0",",0","0",",0","0",",0","0",",0","29",",0","0",",0","","","20040621",",,0","20040630","+,,0","20040630","+,,0","","","20040626",",,0","20040618",",,0","8.9",",0,21,","0",",,0,30,+","0",",,0,30,+","61.5",",,0,26,","30.0",",0,18,","3009.2","0","12.3",",0","133.0",",,,0","0",",,,0","19.63",",0","25.76",",,,0","13.49",",,,0"
"USC00441082","2004-07","37.0679","-78.9517","124.4","BROOKNEAL, VA US","184.0","0","97.8",",0","15",",0","10",",0","1",",0","0",",0","0",",0","0",",0","0",",0","0",",0","30",",0","0",",0","","","20040716",",,0","20040731","+,,0","20040731","+,,0","","","20040724",",,0","20040706",",,0","10.6",",0,16,","0",",,0,31,+","0",",,0,31,+","27.4",",,0,24,","30.6",",0,06,","0.0","0","0.0",",0","137.1",",,,0","0",",,,0","21.49",",0","27.45",",,,0","15.52",",,,0"
"USC00441082","2004-08","37.0679","-78.9517","124.4","BROOKNEAL, VA US","235.2","0","51.2","1,0","13",",0","7",",0","2",",0","0",",0","0",",0","0","1,0","0","1,0","0",",0","29",",0","0",",0","","","20040808",",1,0","20040831","+,,0","20040831","+,,0","","","20040813",",,0","20040805",",,0","7.2","1,0,08,","0",",,0,31,+","0",",,0,31,+","46.5",",,0,13,","29.4",",0,05,","17.3","0","17.3",",0","139.4",",,,0","0",",,,0","19.48","1,0","25.30",",,,0","13.65","1,,,0"
"USC00441082","2004-09","37.0679","-78.9517","124.4","BROOKNEAL, VA US","250.2","0","15.0","2,0","8",",0","7",",0","1",",0","0",",0","0",",0","0","2,0","0","2,0","0",",0","25",",0","0",",0","","","20040922",",2,0","20040930","+,,0","20040930","+,,0","","","20040918",",,0","20040901",",,0","3.3","2,0,22,","0",",,0,30,+","0",",,0,30,+","28.2",",,0,18,","26.7",",0,01,","58.0","0","40.7",",0","100.5",",,,0","0",",,,0","17.45","2,0","23.22",",,,0","11.68","2,,,0"
"USC00441082","2004-10","37.0679","-78.9517","124.4","BROOKNEAL, VA US","250.2","0","0.0","2,0","11",",0","5",",0","0",",0","0",",0","0",",0","0","2,0","2","2,0","0",",0","6",",0","0",",0","","","20041019","+,2,0","20041031","+,,0","20041031","+,,0","","","20041013",",,0","20041003",",,0","-1.1","2,0,19,+","0",",,0,31,+","0",",,0,31,+","17.3",",,0,13,","23.3",",0,03,","259.4","0","201.4",",0","47.4",",,,0","0",",,,0","11.35","2,0","17.23",",,,0","5.47","2,,,0"
"USC00441082","2004-11","37.0679","-78.9517","124.4","BROOKNEAL, VA US","250.2","0","0.0","1,0","10",",0","8",",0","2",",0","0",",0","0",",0","0","1,0","16","1,0","0",",0","3",",0","0",",0","","","20041115","+,1,0","20041130","+,,0","20041130","+,,0","","","20041113",",,0","20041103","+,,0","-7.2","1,0,15,+","0",",,0,30,+","0",",,0,30,+","35.3",",,0,13,","23.3",",0,03,+","595.2","0","335.8",",0","139.8",",,,0","0",",,,0","6.84","1,0","13.65",",,,0","0.04","1,,,0"
"USC00441082","2004-12","37.0679","-78.9517","124.4","BROOKNEAL, VA US","250.2","0","0.0","2,0","8",",0","4",",0","1",",0","0",",0","0",",0","0","1,0","26","1,0","6","1,0","0","1,0","0","1,0","","","20041221","+,1,0","20041231","+,,0","20041231","+,,0","","","20041210",",,0","20041208",",1,0","-13.9","1,0,21,+","0",",,0,31,+","0",",,0,31,+","27.4",",,0,10,","16.7","1,0,08,","1128.7","0","533.5","1,0","56.5",",,,0","0",",,,0","0.02","2,0","6.77","1,,,0","-6.72","1,,,0"
"USC00441082","2005-01","37.0679","-78.9517","124.4","BROOKNEAL, VA US","0.0","","0.0",",0","7",",0","4",",0","1",",0","6",",0","1",",0","0",",0","23",",0","10",",0","0",",0","0",",0","","","20050124",",,0","20050122","+,,0","20050121",",,0","","","20050114",",,0","20050105",",,0","-16.7",",0,24,","51",",,0,22,+","51",",,0,21,","61.0",",,0,14,","20.6",",0,05,","1684.2","","555.5",",0","86.5",",,,0","74",",,,0","0.41",",0","6.63",",,,0","-5.80",",,,0"
"USC00441082","2005-02","37.0679","-78.9517","124.4","BROOKNEAL, VA US","0.0","","0.0","2,0","11",",0","6",",0","0",",0","1",",0","2",",0","0","2,0","25","2,0","2",",0","0",",0","0",",0","","","20050203","+,2,0","20050228",",,0","20050228",",,0","","","20050228",",,0","20050209",",,0","-11.1","2,0,03,+","102",",,0,28,","102",",,0,28,","14.0",",,0,28,","17.8",",0,09,","2133.8","","449.6",",0","47.5",",,,0","132",",,,0","0.99","2,0","7.76",",,,0","-5.79","2,,,0"
"USC00441082","2005-03","37.0679","-78.9517","124.4","BROOKNEAL, VA US","0.0","","0.0",",0","16",",0","11",",0","1",",0","4",",0","1",",0","0",",0","22",",0","1",",0","1",",0","0",",0","","","20050305","+,,0","20050302","+,,0","20050301",",,0","","","20050324",",,0","20050330",",,0","-11.1",",0,05,+","51",",,0,02,+","51",",,0,01,","26.2",",,0,24,","21.1",",0,30,","2616.3","","482.5",",0","111.3",",,,0","51",",,,0","2.77",",0","9.21",",,,0","-3.67",",,,0"
"USC00441082","2005-04","37.0679","-78.9517","124.4","BROOKNEAL, VA US","0.0","","0.0",",0","12",",0","7",",0","0",",0","0",",0","0",",0","0",",0","11",",0","0",",0","8",",0","0",",0","","","20050418","+,,0","20050430","+,,0","20050430","+,,0","","","20050408",",,0","20050421",",,0","-4.4",",0,18,+","0",",,0,30,+","0",",,0,30,+","16.5",",,0,08,","27.2",",0,21,","2864.1","","247.8",",0","56.4",",,,0","0",",,,0","10.07",",0","18.28",",,,0","1.87",",,,0"
"USC00441082","2005-05","37.0679","-78.9517","124.4","BROOKNEAL, VA US","","","","","12",",0","7",",0","0",",0","0",",0","0",",0","","","","","","","","","","","","","","","20050531","+,,0","20050531","+,,0","","","20050520",",,0","","","","","0",",,0,31,+","0",",,0,31,+","14.2",",,0,20,","","","","","","","62.9",",,,0","0",",,,0","","","","","",""
"USC00441082","2005-06","37.0679","-78.9517","124.4","BROOKNEAL, VA US","","","","","10",",0","6",",0","1",",0","0",",0","0",",0","","","","","","","","","","","","","","","20050630","+,,0","20050630","+,,0","","","20050610",",,0","","","","","0",",,0,30,+","0",",,0,30,+","32.3",",,0,10,","","","","","","","94.4",",,,0","0",",,,0","","","","","",""
"USC00441082","2005-07","37.0679","-78.9517","124.4","BROOKNEAL, VA US","","","","","12",",0","6",",0","1",",0","0",",0","0",",0","","","","","","","","","","","","","","","20050731","+,,0","20050731","+,,0","","","20050708",",,0","","","","","0",",,0,31,+","0",",,0,31,+","57.4",",,0,08,","","","","","","","97.4",",,,0","0",",,,0","","","","","",""
"USC00441082","2005-08","37.0679","-78.9517","124.4","BROOKNEAL, VA US","","","","","10",",0","5",",0","0",",0","0",",0","0",",0","","","","","","","","","","","","","","","20050831","+,,0","20050831","+,,0","","","20050817",",,0","","","","","0",",,0,31,+","0",",,0,31,+","11.2",",,0,17,","","","","","","","41.7",",,,0","0",",,,0","","","","","",""
"USC00441082","2005-09","37.0679","-78.9517","124.4","BROOKNEAL, VA US","","","","","4",",0","2",",0","0",",0","0",",0","0",",0","","","","","","","","","","","","","","","20050930","+,,0","20050930","+,,0","","","20050917",",,0","","","","","0",",,0,30,+","0",",,0,30,+","13.0",",,0,17,","","","","","","","27.0",",,,0","0",",,,0","","","","","",""
"USC00441082","2005-10","37.0679","-78.9517","124.4","BROOKNEAL, VA US","","","","","12",",0","8",",0","3",",0","0",",0","0",",0","","","","","","","","","","","","","","","20051031","+,,0","20051031","+,,0","","","20051008",",,0","","","","","0",",,0,31,+","0",",,0,31,+","48.5",",,0,08,","","","","","","","150.4",",,,0","0",",,,0","","","","","",""
"USC00441082","2005-11","37.0679","-78.9517","124.4","BROOKNEAL, VA US","","","","","10",",0","5",",0","2",",0","0",",0","0",",0","","","","","","","","","","","","","","","20051130","+,,0","20051130","+,,0","","","20051122",",,0","","","","","0",",,0,30,+","0",",,0,30,+","30.7",",,0,22,","","","","","","","92.9",",,,0","0",",,,0","","","","","",""
"USC00441082","2005-12","37.0679","-78.9517","124.4","BROOKNEAL, VA US","","","","","9",",0","6",",0","1",",0","2",",0","1",",0","","","","","","","","","","","","","","","20051207","+,,0","20051206",",,0","","","20051216",",,0","","","","","25",",,0,07,+","30",",,0,06,","39.1",",,0,16,","","","","","","","97.2",",,,0","40",",,,0","","","","","",""
"USC00441082","2006-01","37.0679","-78.9517","124.4","BROOKNEAL, VA US","","","","","11",",0","6",",0","0",",0","0",",0","0",",0","","","","","","","","","","","","","","","20060131","+,,0","20060131","+,,0","","","20060103",",,0","","","","","0",",,0,31,+","0",",,0,31,+","22.6",",,0,03,","","","","","","","62.6",",,,0","0",",,,0","","","","","",""
"USC00441082","2006-02","37.0679","-78.9517","124.4","BROOKNEAL, VA US","","","","","10",",0","4",",0","0",",0","3",",0","1",",0","","","","","","","","","","","","","","","20060212",",,0","20060212",",,0","","","20060212",",,0","","","","","51",",,0,12,","51",",,0,12,","14.7",",,0,12,","","","","","","","37.4",",,,0","64",",,,0","","","","","",""
"USC00441082","2006-03","37.0679","-78.9517","124.4","BROOKNEAL, VA US","","","","","3",",0","1",",0","0",",0","0",",0","0",",0","","","","","","","","","","","","","","","20060331","+,,0","20060331","+,,0","","","20060322",",,0","","","","","0",",,0,31,+","0",",,0,31,+","2.5",",,0,22,","","","","","","","5.1",",,,0","0",",,,0","","","","","",""
"USC00441082","2006-04","37.0679","-78.9517","124.4","BROOKNEAL, VA US","","","","","10",",0","6",",0","0",",0","0",",0","0",",0","","","","","","","","","","","","","","","20060430","+,,0","20060430","+,,0","","","20060423",",,0","","","","","0",",,0,30,+","0",",,0,30,+","15.5",",,0,23,","","","","","","","38.9",",,,0","0",",,,0","","","","","",""
"USC00441082","2006-05","37.0679","-78.9517","124.4","BROOKNEAL, VA US","","","","","9",",0","7",",0","0",",0","0",",0","0",",0","","","","","","","","","","","","","","","20060531","+,,0","20060531","+,,0","","","20060508",",,0","","","","","0",",,0,31,+","0",",,0,31,+","21.1",",,0,08,","","","","","","","53.6",",,,0","0",",,,0","","","","","",""
"USC00441082","2006-06","37.0679","-78.9517","124.4","BROOKNEAL, VA US","","","","","13",",0","6",",0","0",",0","0",",0","0",",0","","","","","","","","","","","","","","","20060630","+,,0","20060630","+,,0","","","20060628",",,0","","","","","0",",,0,30,+","0",",,0,30,+","18.0",",,0,28,","","","","","","","69.8",",,,0","0",",,,0","","","","","",""
"USC00441082","2006-07","37.0679","-78.9517","124.4","BROOKNEAL, VA US","","","","","10",",0","5",",0","1",",0","0",",0","0",",0","","","","","","","","","","","","","","","20060731","+,,0","20060731","+,,0","","","20060706",",,0","","","","","0",",,0,31,+","0",",,0,31,+","38.1",",,0,06,","","","","","","","94.8",",,,0","0",",,,0","","","","","",""
"USC00441082","2006-08","37.0679","-78.9517","124.4","BROOKNEAL, VA US","","","137.7",",0","7",",0","3",",0","2",",0","0",",0","0",",0","0",",0","0",",0","0",",0","31",",0","7",",0","","","20060813",",,0","20060831","+,,0","20060831","+,,0","","","20060831",",,0","20060803",",,0","10.0",",0,13,","0",",,0,31,+","0",",,0,31,+","35.6",",,0,31,","35.0",",0,03,","","","1.9",",0","77.3",",,,0","0",",,,0","22.71",",0","29.89",",,,0","15.54",",,,0"
"USC00441082","2006-09","37.0679","-78.9517","124.4","BROOKNEAL, VA US","","","13.8","4,0","11",",0","9",",0","3",",0","0",",0","0",",0","0","4,0","1","4,0","0","1,0","20","1,0","0","1,0","","","20060922",",4,0","20060930","+,,0","20060930","+,,0","","","20060914",",,0","20060905","+,1,0","-0.6","4,0,22,","0",",,0,30,+","0",",,0,30,+","49.5",",,0,14,","26.7","1,0,05,+","","","78.3","1,0","189.2",",,,0","0",",,,0","16.02","4,0","22.71","1,,,0","9.32","4,,,0"
"USC00441082","2006-10","37.0679","-78.9517","124.4","BROOKNEAL, VA US","","","","","11",",0","7",",0","3",",0","0",",0","0",",0","","","","","0",",0","5",",0","0",",0","","","","","20061031","+,,0","20061031","+,,0","","","20061007",",,0","20061005",",,0","","","0",",,0,31,+","0",",,0,31,+","53.6",",,0,07,","25.0",",0,05,","","","","","161.9",",,,0","0",",,,0","","","15.79",",,,0","",""
"USC00441082","2006-11","37.0679","-78.9517","124.4","BROOKNEAL, VA US","","","0.0",",0","9",",0","7",",0","2",",0","0",",0","0",",0","0",",0","14",",0","0",",0","6",",0","0",",0","","","20061105","+,,0","20061130","+,,0","20061130","+,,0","","","20061108",",,0","20061113","+,,0","-5.6",",0,05,+","0",",,0,30,+","0",",,0,30,+","46.0",",,0,08,","26.1",",0,13,+","","","283.3",",0","149.7",",,,0","0",",,,0","8.89",",0","16.63",",,,0","1.15",",,,0"
"USC00441082","2006-12","37.0679","-78.9517","124.4","BROOKNEAL, VA US","","","0.0","1,0","7",",0","2",",0","0",",0","0",",0","0",",0","0","1,0","23","1,0","0",",0","3",",0","0",",0","","","20061209",",1,0","20061231","+,,0","20061231","+,,0","","","20061226",",,0","20061202",",,0","-10.0","1,0,09,","0",",,0,31,+","0",",,0,31,+","17.3",",,0,26,","24.4",",0,02,","","","379.5",",0","34.9",",,,0","0",",,,0","5.69","1,0","13.81",",,,0","-2.42","1,,,0"
"USC00441082","2007-01","37.0679","-78.9517","124.4","BROOKNEAL, VA US","0.0","0","0.0",",0","7",",0","6",",0","3",",0","0",",0","0",",0","0",",0","22",",0","0",",0","2",",0","0",",0","","","20070131","+,,0","20070131","+,,0","20070122",",,0","","","20070101",",,0","20070115",",,0","-8.3",",0,31,+","0",",,0,31,+","3",",,0,22,","53.6",",,0,01,","21.7",",0,15,","","","420.3",",0","133.7",",,,0","3",",,,0","4.77",",0","11.33",",,,0","-1.78",",,,0"
"USC00441082","2007-02","37.0679","-78.9517","124.4","BROOKNEAL, VA US","0.0","0","0.0","3,0","4",",0","3",",0","1",",0","0",",0","0",",0","0","2,0","23","2,0","2","1,0","0","1,0","0","1,0","","","20070207",",2,0","20070228","+,,0","20070202",",,0","","","20070214",",,0","20070223","+,1,0","-14.4","2,0,07,","0",",,0,28,+","3",",,0,02,","43.4",",,0,14,","19.4","1,0,23,+","","","461.1","1,0","56.6",",,,0","3",",,,0","0.01","3,0","6.75","1,,,0","-6.73","2,,,0"
"USC00441082","2007-03","37.0679","-78.9517","124.4","BROOKNEAL, VA US","2.0","0","2.0","2,0","4",",0","4",",0","1",",0","0",",0","0",",0","0","2,0","18","2,0","0",",0","12",",0","0",",0","","","20070320","+,2,0","20070331","+,,0","20070331","+,,0","","","20070317",",,0","20070328",",,0","-6.1","2,0,20,+","0",",,0,31,+","0",",,0,31,+","27.4",",,0,17,","30.0",",0,28,","","","253.9",",0","83.0",",,,0","0",",,,0","9.80","2,0","19.12",",,,0","0.48","2,,,0"
"USC00441082","2007-04","37.0679","-78.9517","124.4","BROOKNEAL, VA US","12.6","0","10.6","2,0","8",",0","5",",0","2",",0","0",",0","0",",0","0","2,0","5","2,0","0",",0","16",",0","0",",0","","","20070409","+,2,0","20070430","+,,0","20070430","+,,0","","","20070416",",,0","20070427","+,,0","-4.4","2,0,09,+","0",",,0,30,+","0",",,0,30,+","36.6",",,0,16,","31.1",",0,27,+","","","158.4",",0","86.0",",,,0","0",",,,0","12.82","2,0","20.70",",,,0","4.93","2,,,0"
"USC00441082","2007-05","37.0679","-78.9517","124.4","BROOKNEAL, VA US","73.6","0","61.0","3,0","7",",0","5",",0","1",",0","0",",0","0",",0","0","3,0","0","3,0","0",",0","26",",0","4",",0","","","20070507",",3,0","20070531","+,,0","20070531","+,,0","","","20070504",",,0","20070502",",,0","0.6","3,0,07,","0",",,0,31,+","0",",,0,31,+","26.4",",,0,04,","33.3",",0,02,","","","51.1",",0","62.7",",,,0","0",",,,0","18.95","3,0","26.76",",,,0","11.14","3,,,0"
"USC00441082","2007-06","37.0679","-78.9517","124.4","BROOKNEAL, VA US","222.2","0","148.6",",0","11",",0","8",",0","0",",0","0",",0","0",",0","0",",0","0",",0","0",",0","28",",0","7",",0","","","20070607",",,0","20070630","+,,0","20070630","+,,0","","","20070629",",,0","20070620",",,0","11.7",",0,07,","0",",,0,30,+","0",",,0,30,+","19.3",",,0,29,","35.0",",0,20,","","","2.8",",0","78.8",",,,0","0",",,,0","23.19",",0","30.27",",,,0","16.11",",,,0"
"USC00441082","2007-07","37.0679","-78.9517","124.4","BROOKNEAL, VA US","401.7","0","179.5","1,0","9",",0","7",",0","1",",0","0",",0","0",",0","0","1,0","0","1,0","0",",0","31",",0","12",",0","","","20070722",",1,0","20070731","+,,0","20070731","+,,0","","","20070725",",,0","20070720",",,0","11.1","1,0,22,","0",",,0,31,+","0",",,0,31,+","28.7",",,0,25,","37.2",",0,20,","0.0","0","0.0",",0","79.8",",,,0","0",",,,0","24.31","1,0","31.19",",,,0","17.42","1,,,0"
"USC00441082","2007-08","37.0679","-78.9517","124.4","BROOKNEAL, VA US","669.3","0","267.6",",0","6",",0","3",",0","0",",0","0",",0","0",",0","0",",0","0",",0","0",",0","31",",0","27",",0","","","20070816","+,,0","20070831","+,,0","20070831","+,,0","","","20070822",",,0","20070810",",,0","13.3",",0,16,+","0",",,0,31,+","0",",,0,31,+","10.2",",,0,22,","40.6",",0,10,","0.0","0","0.0",",0","26.2",",,,0","0",",,,0","26.96",",0","34.55",",,,0","19.38",",,,0"
"USC00441082","2007-09","37.0679","-78.9517","124.4","BROOKNEAL, VA US","781.9","0","112.6","1,0","3",",0","2",",0","1",",0","0",",0","0",",0","0","1,0","0","1,0","0",",0","30",",0","16",",0","","","20070930",",1,0","20070930","+,,0","20070930","+,,0","","","20070915",",,0","20070913","+,,0","5.0","1,0,30,","0",",,0,30,+","0",",,0,30,+","26.9",",,0,15,","35.0",",0,13,+","13.8","0","13.8",",0","31.5",",,,0","0",",,,0","21.78","1,0","30.46",",,,0","13.10","1,,,0"
"USC00441082","2007-10","37.0679","-78.9517","124.4","BROOKNEAL, VA US","814.4","0","32.5","2,0","6",",0","3",",0","2",",0","0",",0","0",",0","0","2,0","3","2,0","0",",0","25",",0","3",",0","","","20071031","+,2,0","20071031","+,,0","20071031","+,,0","","","20071025",",,0","20071010",",,0","-1.7","2,0,31,+","0",",,0,31,+","0",",,0,31,+","97.8",",,0,25,","33.3",",0,10,","96.9","0","83.1",",0","183.4",",,,0","0",",,,0","16.72","2,0","24.75",",,,0","8.69","2,,,0"
"USC00441082","2007-11","37.0679","-78.9517","124.4","BROOKNEAL, VA US","814.4","0","0.0","5,0","9",",0","4",",0","1",",0","0",",0","0",",0","0","5,0","16","5,0","0",",0","6",",0","0",",0","","","20071124",",5,0","20071130","+,,0","20071130","+,,0","","","20071126",",,0","20071122",",,0","-7.2","5,0,24,","0",",,0,30,+","0",",,0,30,+","27.9",",,0,26,","23.3",",0,22,","360.0","0","263.1",",0","42.4",",,,0","0",",,,0","7.81","5,0","15.71",",,,0","-0.10","5,,,0"
"USC00441082","2007-12","37.0679","-78.9517","124.4","BROOKNEAL, VA US","814.4","0","0.0","2,0","11",",0","5",",0","0",",0","0",",0","0",",0","0","1,0","21","1,0","0","1,0","2","1,0","0","1,0","","","20071219","+,1,0","20071231","+,,0","20071231","+,,0","","","20071231",",,0","20071211",",1,0","-8.9","1,0,19,+","0",",,0,31,+","0",",,0,31,+","22.9",",,0,31,","25.0","1,0,11,","743.8","0","383.8","1,0","77.4",",,,0","0",",,,0","5.09","2,0","11.33","1,,,0","-1.16","1,,,0"
"USC00441082","2008-01","37.0679","-78.9517","124.4","BROOKNEAL, VA US","","","","","6",",0","4",",0","0",",0","0",",0","0",",0","","","","","","","","","","","","","","","20080131","+,,0","20080117",",,0","","","20080118",",,0","","","","","0",",,0,31,+","0",",T,0,17,","12.7",",,0,18,","","","","","","","26.7",",,,0","0",",T,,0","","","","","",""
"USC00441082","2008-02","37.0679","-78.9517","124.4","BROOKNEAL, VA US","","","","","10",",0","7",",0","0",",0","0",",0","1",",0","","","","","","","","","","","","","","","20080229","+,,0","20080214",",,0","","","20080201",",,0","","","","","0",",,0,29,+","25",",,0,14,","16.0",",,0,01,","","","","","","","56.0",",,,0","25",",,,0","","","","","",""
"USC00441082","2008-03","37.0679","-78.9517","124.4","BROOKNEAL, VA US","","","","","11",",0","8",",0","1",",0","0",",0","0",",0","","","","","","","","","","","","","","","20080331","+,,0","20080331","+,,0","","","20080305",",,0","","","","","0",",,0,31,+","0",",,0,31,+","29.2",",,0,05,","","","","","","","97.0",",,,0","0",",,,0","","","","","",""
"USC00441082","2008-04","37.0679","-78.9517","124.4","BROOKNEAL, VA US","","","","","15",",0","11",",0","1",",0","0",",0","0",",0","","","","","","","","","","","","","","","20080430","+,,0","20080430","+,,0","","","20080401",",,0","","","","","0",",,0,30,+","0",",,0,30,+","27.4",",,0,01,","","","","","","","169.7",",,,0","0",",,,0","","","","","",""
"USC00441082","2008-05","37.0679","-78.9517","124.4","BROOKNEAL, VA US","","","","","9",",0","8",",0","1",",0","0",",0","0",",0","","","","","","","","","","","","","","","20080531","+,,0","20080531","+,,0","","","20080509",",,0","","","","","0",",,0,31,+","0",",,0,31,+","94.0",",,0,09,","","","","","","","144.0",",,,0","0",",,,0","","","","","",""
"USC00441082","2008-06","37.0679","-78.9517","124.4","BROOKNEAL, VA US","","","","","10",",0","8",",0","1",",0","0",",0","0",",0","","","","","","","","","","","","","","","20080630","+,,0","20080630","+,,0","","","20080622",",,0","","","","","0",",,0,30,+","0",",,0,30,+","27.9",",,0,22,","","","","","","","76.9",",,,0","0",",,,0","","","","","",""
"USC00441082","2008-07","37.0679","-78.9517","124.4","BROOKNEAL, VA US","","","","","11",",0","8",",0","2",",0","0",",0","0",",0","","","","","","","","","","","","","","","20080731","+,,0","20080731","+,,0","5","","20080714",",,0","","","","","0",",,0,31,+","0",",,0,31,+","36.3",",,0,14,","","","","","","","90.4",",,,0","0",",,,0","","","","","",""
"USC00441082","2008-08","37.0679","-78.9517","124.4","BROOKNEAL, VA US","","","","","4",",0","2",",0","1",",0","0",",0","0",",0","","","","","","","","","","","","","","","20080831","+,,0","20080831","+,,0","","","20080828",",,0","","","","","0",",,0,31,+","0",",,0,31,+","52.6",",,0,28,","","","","","","","76.2",",,,0","0",",,,0","","","","","",""
"USC00441082","2008-09","37.0679","-78.9517","124.4","BROOKNEAL, VA US","","","","","9",",0","6",",0","2",",0","0",",0","0",",0","","","","","","","","","","","2","","","","20080930","+,,0","20080930","+,,0","1","","20080906",",,0","","","","","0",",,0,30,+","0",",,0,30,+","83.8",",,0,06,","","","","","","","154.4",",,,0","0",",,,0","","","","","",""
"USC00441082","2008-10","37.0679","-78.9517","124.4","BROOKNEAL, VA US","","","","","6",",0","5",",0","0",",0","0",",0","0",",0","","","","","","","","","","","1","","","","20081031","+,,0","20081031","+,,0","","","20081018",",,0","","","","","0",",,0,31,+","0",",,0,31,+","22.4",",,0,18,","","","","","","","45.1",",,,0","0",",,,0","","","","","",""
"USC00441082","2008-11","37.0679","-78.9517","124.4","BROOKNEAL, VA US","","","","","8",",0","6",",0","0",",0","0",",0","0",",0","","","","","","","","","","","","","","","20081130","+,,0","20081130","+,,0","","","20081115",",,0","","","","","0",",,0,30,+","0",",,0,30,+","22.4",",,0,15,","","","","","","","78.0",",,,0","0",",,,0","","","","","",""
"USC00441082","2008-12","37.0679","-78.9517","124.4","BROOKNEAL, VA US","","","","","14",",0","6",",0","1",",0","0",",0","0",",0","","","","","","","","","","","","","","","20081231","+,,0","20081231","+,,0","","","20081212",",,0","","","","","0",",,0,31,+","0",",,0,31,+","47.8",",,0,12,","","","","","","","112.1",",,,0","0",",,,0","","","","","",""
"USC00441082","2009-01","37.0679","-78.9517","124.4","BROOKNEAL, VA US","","","","","8",",0","7",",0","0",",0","0",",0","0",",0","","","","","","","","","","","2","","","","20090131","+,,0","20090120",",,0","","","20090107",",,0","","","","","0",",,0,31,+","8",",,0,20,","24.6",",,0,07,","","","","","","","83.0",",,,0","8",",,,0","","","","","",""
"USC00441082","2009-02","37.0679","-78.9517","124.4","BROOKNEAL, VA US","","","","","6",",0","3",",0","0",",0","0",",0","0",",0","","","","","","","","","","","","","","","20090228","+,,0","20090203",",,0","","","20090219",",,0","","","","","0",",,0,28,+","8",",,0,03,","6.6",",,0,19,","","","","","","","21.1",",,,0","8",",,,0","","","","","",""
"USC00441082","2009-03","37.0679","-78.9517","124.4","BROOKNEAL, VA US","","","","","13",",0","11",",0","0",",0","4","1,0","1",",0","","","","","","","","","","","","","","","20090302",",1,0","20090302",",,0","","","20090301",",,0","","","","","152","1,,0,02,","160",",,0,02,","21.6",",,0,01,","","","","","","","98.1",",,,0","160",",,,0","","","","","",""
"USC00441082","2009-04","37.0679","-78.9517","124.4","BROOKNEAL, VA US","","","","","11",",0","7",",0","0",",0","0",",0","0",",0","","","","","","","","","","","","","","","20090430","+,,0","20090430","+,,0","","","20090403",",,0","","","","","0",",,0,30,+","0",",,0,30,+","18.3",",,0,03,","","","","","","","72.0",",,,0","0",",,,0","","","","","",""
"USC00441082","2009-05","37.0679","-78.9517","124.4","BROOKNEAL, VA US","","","","","19",",0","12",",0","1",",0","0",",0","0",",0","","","","","","","","","","","","","","","20090531","+,,0","20090531","+,,0","","","20090515",",,0","","","","","0",",,0,31,+","0",",,0,31,+","40.6",",,0,15,","","","","","","","151.9",",,,0","0",",,,0","","","","","",""
"USC00441082","2009-06","37.0679","-78.9517","124.4","BROOKNEAL, VA US","","","","","10",",0","7",",0","1",",0","0",",0","0",",0","","","","","","","","","","","","","","","20090630","+,,0","20090630","+,,0","","","20090605",",,0","","","","","0",",,0,30,+","0",",,0,30,+","52.1",",,0,05,","","","","","","","108.5",",,,0","0",",,,0","","","","","",""
"USC00441082","2009-07","37.0679","-78.9517","124.4","BROOKNEAL, VA US","","","","","9",",0","3",",0","2",",0","0",",0","0",",0","","","","","","","","","","","","","","","20090731","+,,0","20090731","+,,0","","","20090718",",,0","","","","","0",",,0,31,+","0",",,0,31,+","50.8",",,0,18,","","","","","","","101.4",",,,0","0",",,,0","","","","","",""
"USC00441082","2009-08","37.0679","-78.9517","124.4","BROOKNEAL, VA US","","","","","13",",0","7",",0","3",",0","0",",0","0",",0","","","","","","","","","","","","","","","20090831","+,,0","20090831","+,,0","","","20090806",",,0","","","","","0",",,0,31,+","0",",,0,31,+","88.9",",,0,06,","","","","","","","224.5",",,,0","0",",,,0","","","","","",""
"USC00441082","2009-09","37.0679","-78.9517","124.4","BROOKNEAL, VA US","","","","","10",",0","5",",0","1",",0","0",",0","0",",0","","","","","","","","","","","","","","","20090930","+,,0","20090930","+,,0","","","20090927",",,0","","","","","0",",,0,30,+","0",",,0,30,+","42.9",",,0,27,","","","","","","","87.6",",,,0","0",",,,0","","","","","",""
"USC00441082","2009-10","37.0679","-78.9517","124.4","BROOKNEAL, VA US","","","","","11",",0","5",",0","1",",0","0",",0","0",",0","","","","","","","","","","","1","","","","20091031","+,,0","20091031","+,,0","","","20091028",",,0","","","","","0",",,0,31,+","0",",,0,31,+","36.8",",,0,28,","","","","","","","68.7",",,,0","0",",,,0","","","","","",""
"USC00441082","2009-11","37.0679","-78.9517","124.4","BROOKNEAL, VA US","","","","","13",",0","11",",0","3",",0","0",",0","0",",0","","","","","","","","","","","3","","","","20091130","+,,0","20091130","+,,0","","","20091112",",,0","","","","","0",",,0,30,+","0",",,0,30,+","62.2",",,0,12,","","","","","","","233.2",",,,0","0",",,,0","","","","","",""
"USC00441082","2009-12","37.0679","-78.9517","124.4","BROOKNEAL, VA US","","","","","13",",0","11",",0","2",",0","6","2,0","1","2,0","","","","","","","","","","","2","","","","20091219",",2,0","20091219",",2,0","","","20091209",",,0","","","","","203","2,,0,19,","198","2,,0,19,","45.7",",,0,09,","","","","","","","184.7",",,,0","198","2,,,0","","","","","",""
"USC00441082","2010-01","37.0679","-78.9517","124.4","BROOKNEAL, VA US","","","","","11",",0","8",",0","1",",0","2",",0","2",",0","","","","","","","","","","","","","","","20100131",",,0","20100131",",,0","","","20100125",",,0","","","","","203",",,0,31,","203",",,0,31,","36.8",",,0,25,","","","","","","","124.2",",,,0","305",",,,0","","","","","",""
"USC00441082","2010-02","37.0679","-78.9517","124.4","BROOKNEAL, VA US","","","","","10",",0","8",",0","1",",0","1",",0","1",",0","","","","","","","","","","","1","","","","20100206",",,0","20100206",",,0","","","20100206",",,0","","","","","102",",,0,06,","104",",,0,06,","34.3",",,0,06,","","","","","","","84.7",",,,0","104",",,,0","","","","","",""
"USC00441082","2010-03","37.0679","-78.9517","124.4","BROOKNEAL, VA US","","","","","12",",0","9",",0","1",",0","1",",0","0",",0","","","","","","","","","","","1","","","","20100303",",,0","20100303",",,0","1","","20100329",",,0","","","","","25",",,0,03,","13",",,0,03,","50.8",",,0,29,","","","","","","","131.1",",,,0","13",",,,0","","","","","",""
"USC00441082","2010-04","37.0679","-78.9517","124.4","BROOKNEAL, VA US","","","","","7",",0","4",",0","1",",0","0",",0","0",",0","","","","","","","","","","","","","","","20100430","+,,0","20100430","+,,0","","","20100409",",,0","","","","","0",",,0,30,+","0",",,0,30,+","25.4",",,0,09,","","","","","","","44.5",",,,0","0",",,,0","","","","","",""
"USC00441082","2010-05","37.0679","-78.9517","124.4","BROOKNEAL, VA US","","","","","15",",0","7",",0","2",",0","0",",0","0",",0","","","","","","","","","","","","","","","20100531","+,,0","20100531","+,,0","1","","20100529",",,0","","","","","0",",,0,31,+","0",",,0,31,+","38.1",",,0,29,","","","","","","","144.1",",,,0","0",",,,0","","","","","",""
"USC00441082","2010-06","37.0679","-78.9517","124.4","BROOKNEAL, VA US","","","","","6",",0","4",",0","2",",0","0",",0","0",",0","","","","","","","","","","","","","","","20100630","+,,0","20100630","+,,0","","","20100605",",,0","","","","","0",",,0,30,+","0",",,0,30,+","34.8",",,0,05,","","","","","","","95.3",",,,0","0",",,,0","","","","","",""
"USC00441082","2010-07","37.0679","-78.9517","124.4","BROOKNEAL, VA US","","","","","9",",0","3",",0","1",",0","0",",0","0",",0","","","","","","","","","","","","","","","20100731","+,,0","20100731","+,,0","","","20100718",",,0","","","","","0",",,0,31,+","0",",,0,31,+","34.3",",,0,18,","","","","","","","57.8",",,,0","0",",,,0","","","","","",""
"USC00441082","2010-08","37.0679","-78.9517","124.4","BROOKNEAL, VA US","","","","","13",",0","9",",0","3",",0","0",",0","0",",0","","","","","","","","","","","2","","","","20100831","+,,0","20100831","+,,0","1","","20100818",",,0","","","","","0",",,0,31,+","0",",,0,31,+","51.3",",,0,18,","","","","","","","207.7",",,,0","0",",,,0","","","","","",""
"USC00441082","2010-09","37.0679","-78.9517","124.4","BROOKNEAL, VA US","","","","","7",",0","5",",0","3",",0","0",",0","0",",0","","","","","","","","","","","","","","","20100930","+,,0","20100930","+,,0","","","20100930",",,0","","","","","0",",,0,30,+","0",",,0,30,+","53.3",",,0,30,","","","","","","","115.1",",,,0","0",",,,0","","","","","",""
"USC00441082","2010-10","37.0679","-78.9517","124.4","BROOKNEAL, VA US","","","","","11",",0","5",",0","2",",0","0",",0","0",",0","","","","","","","","","","","2","","","","20101031","+,,0","20101031","+,,0","","","20101028",",,0","","","","","0",",,0,31,+","0",",,0,31,+","36.1",",,0,28,","","","","","","","110.5",",,,0","0",",,,0","","","","","",""
"USC00441082","2010-11","37.0679","-78.9517","124.4","BROOKNEAL, VA US","","","","","8",",0","4",",0","1",",0","0",",0","0",",0","","","","","","","","","","","1","","","","20101130","+,,0","20101130","+,,0","","","20101117",",,0","","","","","0",",,0,30,+","0",",,0,30,+","29.2",",,0,17,","","","","","","","63.0",",,,0","0",",,,0","","","","","",""
"USC00441082","2010-12","37.0679","-78.9517","124.4","BROOKNEAL, VA US","","","","","12",",0","10",",0","0",",0","7",",0","2",",0","","","","","","","","","","","","","","","20101226",",,0","20101226",",,0","","","20101227",",,0","","","","","76",",,0,26,","71",",,0,26,","19.1",",,0,27,","","","","","","","91.4",",,,0","137",",,,0","","","","","",""
"USC00441082","2011-01","37.0679","-78.9517","124.4","BROOKNEAL, VA US","","","","","9",",7","5",",7","0",",7","5",",7","1",",7","","","","","","","","","","","","","","","20110127","+,,7","20110127",",,7","","","20110127",",,7","","","","","25",",,7,27,+","25",",,7,27,","11.7",",,7,27,","","","","","","","31.0",",,,7","51",",,,7","","","","","",""
"USC00441082","2011-02","37.0679","-78.9517","124.4","BROOKNEAL, VA US","","","","","6",",7","4",",7","0",",7","0",",7","0",",7","","","","","","","","","","","","","","","20110210",",,7","20110210",",,7","","","20110225",",,7","","","","","0",",T,7,10,","3",",,7,10,","12.7",",,7,25,","","","","","","","25.2",",,,7","3",",,,7","","","","","",""
"USC00441082","2011-03","37.0679","-78.9517","124.4","BROOKNEAL, VA US","","","","","13",",7","9",",7","1",",7","0",",7","0",",7","","","","","","","","","","","","","","","20110331","+,,7","20110331","+,,7","","","20110307",",,7","","","","","0",",,7,31,+","0",",,7,31,+","30.7",",,7,07,","","","","","","","110.6",",,,7","0",",,,7","","","","","",""
"USC00441082","2011-04","37.0679","-78.9517","124.4","BROOKNEAL, VA US","","","","","12",",7","8",",7","0",",7","0",",7","0",",7","","","","","","","","","","","","","","","20110430","+,,7","20110430","+,,7","","","20110405",",,7","","","","","0",",,7,30,+","0",",,7,30,+","15.2",",,7,05,","","","","","","","83.1",",,,7","0",",,,7","","","","","",""
"USC00441082","2011-05","37.0679","-78.9517","124.4","BROOKNEAL, VA US","","","54.9",",7","14",",7","9",",7","1",",7","0",",7","0",",7","0",",7","0",",7","0",",7","29",",7","3",",7","3","","20110510","+,,7","20110531","+,,7","20110531","+,,7","","","20110504",",,7","20110531",",,7","2.8",",7,10,+","0",",,7,31,+","0",",,7,31,+","33.5",",,7,04,","34.4",",7,31,","","","43.6",",7","107.6",",,,7","0",",,,7","18.70",",7","26.41",",,,7","10.98",",,,7"
"USC00441082","2011-06","37.0679","-78.9517","124.4","BROOKNEAL, VA US","","","175.0",",7","9",",7","4",",7","1",",7","0",",7","0",",7","0",",7","0",",7","0",",7","30",",7","11",",7","1","","20110612","+,,7","20110630","+,,7","20110630","+,,7","","","20110613",",,7","20110610",",,7","12.8",",7,12,+","0",",,7,30,+","0",",,7,30,+","36.3",",,7,13,","36.7",",7,10,","","","0.0",",7","50.3",",,,7","0",",,,7","24.17",",7","31.50",",,,7","16.83",",,,7"
"USC00441082","2011-07","37.0679","-78.9517","124.4","BROOKNEAL, VA US","","","250.2",",7","10",",7","5",",7","2",",7","0",",7","0",",7","0",",7","0",",7","0",",7","31",",7","25",",7","4","","20110715",",,7","20110731","+,,7","20110731","+,,7","","","20110726",",,7","20110730","+,,7","13.9",",7,15,","0",",,7,31,+","0",",,7,31,+","51.1",",,7,26,","36.7",",7,30,+","0.0","","0.0",",7","106.1",",,,7","0",",,,7","26.40",",7","33.60",",,,7","19.21",",,,7"
"USC00441082","2011-08","37.0679","-78.9517","124.4","BROOKNEAL, VA US","","","211.2",",7","11",",7","4",",7","1",",7","0",",7","0",",7","0",",7","0",",7","0",",7","31",",7","15",",7","3","","20110825","+,,7","20110831","+,,7","20110831","+,,7","","","20110826",",,7","20110809","+,,7","12.8",",7,25,+","0",",,7,31,+","0",",,7,31,+","75.4",",,7,26,","35.0",",7,09,+","0.0","","0.0",",7","114.4",",,,7","0",",,,7","25.15",",7","31.77",",,,7","18.52",",,,7"
"USC00441082","2011-09","37.0679","-78.9517","124.4","BROOKNEAL, VA US","","","79.9",",7","10",",7","5",",7","3",",7","0",",7","0",",7","0",",7","0",",7","0",",7","27",",7","1",",7","11","","20110916",",,7","20110930","+,,7","20110930","+,,7","2","","20110907",",,7","20110905",",,7","8.3",",7,16,","0",",,7,30,+","0",",,7,30,+","67.1",",,7,07,","32.8",",7,05,","13.3","","13.3",",7","179.4",",,,7","0",",,,7","20.55",",7","26.03",",,,7","15.07",",,,7"
"USC00441082","2011-10","37.0679","-78.9517","124.4","BROOKNEAL, VA US","","","3.4",",7","10",",7","6",",7","1",",7","0",",7","0",",7","0",",7","2",",7","0",",7","18",",7","0",",7","1","","20111031","+,,7","20111031","+,,7","20111031","+,,7","","","20111029",",,7","20111019",",,7","-2.8",",7,31,+","0",",,7,31,+","0",",,7,31,+","31.0",",,7,29,","27.2",",7,19,","174.0","","160.7",",7","88.8",",,,7","0",",,,7","13.26",",7","20.42",",,,7","6.10",",,,7"
"USC00441082","2011-11","37.0679","-78.9517","124.4","BROOKNEAL, VA US","","","0.3",",7","11",",7","9",",7","2",",7","0",",7","0",",7","0",",7","18",",7","0",",7","7",",7","0",",7","","","20111120","+,,7","20111130","+,,7","20111130","+,,7","1","","20111117",",,7","20111116",",,7","-5.0",",7,20,+","0",",,7,30,+","0",",,7,30,+","27.4",",,7,17,","23.9",",7,16,","454.9","","280.9",",7","120.1",",,,7","0",",,,7","8.98",",7","17.19",",,,7","0.77",",,,7"
"USC00441082","2011-12","37.0679","-78.9517","124.4","BROOKNEAL, VA US","","","0.0",",7","9",",7","6",",7","0",",7","0",",7","0",",7","0",",7","23",",7","0",",7","0",",7","0",",7","2","","20111211",",,7","20111231","+,,7","20111231","+,,7","","","20111208",",,7","20111216",",,7","-6.7",",7,11,","0",",,7,31,+","0",",,7,31,+","23.6",",,7,08,","20.0",",7,16,","844.7","","389.8",",7","69.3",",,,7","0",",,,7","5.76",",7","12.69",",,,7","-1.17",",,,7"
"USC00441082","2012-01","37.0679","-78.9517","124.4","BROOKNEAL, VA US","0.0","7","0.0",",7","12",",7","3",",7","1",",7","0",",7","0",",7","0",",7","26",",7","1",",7","0",",7","0",",7","2","","20120104",",,7","20120115",",,7","20120115",",,7","","","20120112",",,7","20120108",",,7","-9.4",",7,04,","0",",T,7,15,","3",",,7,15,","31.7",",,7,12,","20.6",",7,08,","1294.0","7","449.3",",7","52.8",",,,7","3",",,,7","3.84",",7","10.78",",,,7","-3.10",",,,7"
"USC00441082","2012-02","37.0679","-78.9517","124.4","BROOKNEAL, VA US","0.0","7","0.0",",7","10",",7","6",",7","0",",7","1",",7","1",",7","0",",7","20",",7","0",",7","2",",7","0",",7","2","","20120213","+,,7","20120220",",,7","20120220",",,7","","","20120205",",,7","20120225",",,7","-8.3",",7,13,+","51",",,7,20,","51",",,7,20,","16.5",",,7,05,","21.7",",7,25,","1668.2","7","374.2",",7","57.1",",,,7","51",",,,7","5.43",",7","12.70",",,,7","-1.84",",,,7"
"USC00441082","2012-03","37.0679","-78.9517","124.4","BROOKNEAL, VA US","4.8","7","4.8",",7","12",",7","9",",7","2",",7","0",",7","0",",7","0",",7","7",",7","0",",7","18",",7","0",",7","4","","20120306",",,7","20120331","+,,7","20120331","+,,7","","","20120325",",,7","20120324",",,7","-5.0",",7,06,","0",",,7,31,+","0",",,7,31,+","45.7",",,7,25,","30.0",",7,24,","1841.3","7","173.1",",7","141.6",",,,7","0",",,,7","12.90",",7","20.99",",,,7","4.82",",,,7"
"USC00441082","2012-04","37.0679","-78.9517","124.4","BROOKNEAL, VA US","15.1","7","10.3",",7","8",",7","6",",7","0",",7","0",",7","0",",7","0",",7","5",",7","0",",7","18",",7","0",",7","","","20120412",",,7","20120430","+,,7","20120430","+,,7","1","","20120423",",,7","20120417",",,7","-1.7",",7,12,","0",",,7,30,+","0",",,7,30,+","16.0",",,7,23,","30.6",",7,17,","1994.5","7","153.2",",7","49.8",",,,7","0",",,,7","13.57",",7","21.37",",,,7","5.76",",,,7"
"USC00441082","2012-05","37.0679","-78.9517","124.4","BROOKNEAL, VA US","95.5","7","80.4",",7","10",",7","7",",7","0",",7","0",",7","0",",7","0",",7","0",",7","0",",7","30",",7","1",",7","6","","20120513","+,,7","20120531","+,,7","20120531","+,,7","","","20120523",",,7","20120503",",,7","4.4",",7,13,+","0",",,7,31,+","0",",,7,31,+","18.5",",,7,23,","32.2",",7,03,","2015.0","7","20.5",",7","54.9",",,,7","0",",,,7","20.27",",7","27.15",",,,7","13.38",",,,7"
"USC00441082","2012-06","37.0679","-78.9517","124.4","BROOKNEAL, VA US","208.6","7","113.1",",7","11",",7","5",",7","1",",7","0",",7","0",",7","0",",7","0",",7","0",",7","30",",7","9",",7","3","","20120604","+,,7","20120630","+,,7","20120630","+,,7","1","","20120613",",,7","20120630",",,7","8.3",",7,04,+","0",",,7,30,+","0",",,7,30,+","34.5",",,7,13,","39.4",",7,30,","2021.1","7","6.1",",7","72.0",",,,7","0",",,,7","21.90",",7","29.97",",,,7","13.83",",,,7"
"USC00441082","2012-07","37.0679","-78.9517","124.4","BROOKNEAL, VA US","489.5","7","280.9",",7","12",",7","6",",7","0",",7","0",",7","0",",7","0",",7","0",",7","0",",7","31",",7","24",",7","4","","20120731","+,,7","20120731","+,,7","20120731","+,,7","1","","20120704",",,7","20120709",",,7","17.8",",7,31,+","0",",,7,31,+","0",",,7,31,+","22.9",",,7,04,","39.4",",7,09,","0.0","7","0.0",",7","71.6",",,,7","0",",,,7","27.40",",7","34.43",",,,7","20.36",",,,7"
"USC00441082","2012-08","37.0679","-78.9517","124.4","BROOKNEAL, VA US","678.5","7","189.0",",7","11",",7","6",",7","1",",7","0",",7","0",",7","0",",7","0",",7","0",",7","31",",7","11",",7","4","","20120818","+,,7","20120831","+,,7","20120831","+,,7","","","20120801",",,7","20120806","+,,7","15.6",",7,18,+","0",",,7,31,+","0",",,7,31,+","31.8",",,7,01,","33.9",",7,06,+","0.0","7","0.0",",7","97.9",",,,7","0",",,,7","24.43",",7","30.74",",,,7","18.12",",,,7"
"USC00441082","2012-09","37.0679","-78.9517","124.4","BROOKNEAL, VA US","758.3","7","79.8",",7","8",",7","5",",7","2",",7","0",",7","0",",7","0",",7","0",",7","0",",7","28",",7","3",",7","2","","20120926","+,,7","20120930","+,,7","20120930","+,,7","","","20120903",",,7","20120901",",,7","5.0",",7,26,+","0",",,7,30,+","0",",,7,30,+","31.5",",,7,03,","35.6",",7,01,","22.6","7","22.6",",7","77.9",",,,7","0",",,,7","20.24",",7","27.30",",,,7","13.18",",,,7"
"USC00441082","2012-10","37.0679","-78.9517","124.4","BROOKNEAL, VA US","765.5","7","7.2",",7","12",",7","8",",7","0",",7","0",",7","0",",7","0",",7","0",",7","0",",7","17",",7","0",",7","5","","20121023","+,,7","20121031","+,,7","20121031","+,,7","","","20121002",",,7","20121004",",,7","1.1",",7,23,+","0",",,7,31,+","0",",,7,31,+","16.0",",,7,02,","28.3",",7,04,","167.6","7","145.0",",7","73.4",",,,7","0",",,,7","13.89",",7","20.66",",,,7","7.11",",,,7"
"USC00441082","2012-11","37.0679","-78.9517","124.4","BROOKNEAL, VA US","765.5","7","0.0",",7","5",",7","1",",7","0",",7","0",",7","0",",7","0",",7","26",",7","0",",7","2",",7","0",",7","","","20121125",",,7","20121130","+,,7","20121130","+,,7","","","20121113",",,7","20121112",",,7","-8.3",",7,25,","0",",,7,30,+","0",",,7,30,+","6.9",",,7,13,","22.8",",7,12,","554.2","7","386.6",",7","15.3",",,,7","0",",,,7","5.45",",7","13.19",",,,7","-2.30",",,,7"
"USC00441082","2012-12","37.0679","-78.9517","124.4","BROOKNEAL, VA US","765.5","7","0.0",",7","11",",7","7",",7","0",",7","0",",7","0",",7","0",",7","17",",7","0",",7","2",",7","0",",7","4","","20121223","+,,7","20121231","+,,7","20121231","+,,7","","","20121227",",,7","20121205",",,7","-6.7",",7,23,+","0",",,7,31,+","0",",,7,31,+","22.1",",,7,27,","22.8",",7,05,","935.4","7","381.2",",7","81.3",",,,7","0",",,,7","6.04",",7","12.21",",,,7","-0.14",",,,7"
"USC00441082","2013-01","37.0679","-78.9517","124.4","BROOKNEAL, VA US","0.0","7","0.0",",7","13",",7","9",",7","4",",7","2",",7","0",",7","0",",7","19",",7","3",",7","3",",7","0",",7","4","","20130124","+,,7","20130126","+,,7","20130126",",,7","","","20130116",",,7","20130114",",,7","-11.1",",7,24,+","25",",,7,26,+","23",",,7,26,","59.7",",,7,16,","23.3",",7,14,","1381.5","7","446.1",",7","215.8",",,,7","41",",,,7","3.94",",7","10.03",",,,7","-2.15",",,,7"
"USC00441082","2013-02","37.0679","-78.9517","124.4","BROOKNEAL, VA US","0.0","7","0.0",",7","13",",7","5",",7","0",",7","2",",7","0",",7","0",",7","23",",7","1",",7","0",",7","0",",7","1","","20130218",",,7","20130218","+,,7","20130217",",,7","","","20130227",",,7","20130216",",,7","-10.6",",7,18,","25",",,7,18,+","13",",,7,17,","22.9",",,7,27,","16.1",",7,16,","1823.4","7","441.9",",7","60.8",",,,7","21",",,,7","2.55",",7","8.65",",,,7","-3.55",",,,7"
"USC00441082","2013-03","37.0679","-78.9517","124.4","BROOKNEAL, VA US","0.0","7","0.0",",7","9",",7","7",",7","0",",7","1",",7","0",",7","0",",7","25",",7","0",",7","1",",7","0",",7","1","","20130304",",,7","20130325",",,7","20130325",",,7","","","20130325",",,7","20130317",",,7","-7.2",",7,04,","25",",,7,25,","13",",,7,25,","20.3",",,7,25,","26.1",",7,17,","2248.2","7","424.8",",7","77.3",",,,7","18",",,,7","4.63",",7","11.64",",,,7","-2.38",",,,7"
"USC00441082","2013-04","37.0679","-78.9517","124.4","BROOKNEAL, VA US","13.1","7","13.1",",7","8",",7","5",",7","1",",7","0",",7","0",",7","0",",7","5",",7","0",",7","16",",7","1",",7","","","20130403",",,7","20130430","+,,7","20130405",",,7","","","20130405",",,7","20130411",",,7","-4.4",",7,03,","0",",,7,30,+","0",",T,7,05,","34.8",",,7,05,","32.2",",7,11,","2404.3","7","156.1",",7","81.4",",,,7","0",",T,,7","13.57",",7","21.84",",,,7","5.29",",,,7"
"USC00441082","2013-05","37.0679","-78.9517","124.4","BROOKNEAL, VA US","60.6","7","47.5",",7","11",",7","9",",7","1",",7","0",",7","0",",7","0",",7","0",",7","0",",7","20",",7","0",",7","2","","20130515","+,,7","20130531","+,,7","20130531","+,,7","","","20130507",",,7","20130516",",,7","1.1",",7,15,+","0",",,7,31,+","0",",,7,31,+","73.7",",,7,07,","31.7",",7,16,","2487.5","7","83.2",",7","149.3",",,,7","0",",,,7","17.18",",7","24.08",",,,7","10.29",",,,7"
"USC00441082","2013-06","37.0679","-78.9517","124.4","BROOKNEAL, VA US","206.9","7","146.3",",7","14",",7","11",",7","0",",7","0",",7","0",",7","0",",7","0",",7","0",",7","30",",7","6",",7","1","","20130605",",,7","20130630","+,,7","20130630","+,,7","1","","20130603",",,7","20130614",",,7","12.2",",7,05,","0",",,7,30,+","0",",,7,30,+","17.5",",,7,03,","33.9",",7,14,","2487.5","7","0.0",",7","115.5",",,,7","0",",,,7","23.21",",7","29.53",",,,7","16.88",",,,7"
"USC00441082","2013-07","37.0679","-78.9517","124.4","BROOKNEAL, VA US","421.3","7","214.4",",7","18",",7","12",",7","2",",7","0",",7","0",",7","0",",7","0",",7","0",",7","31",",7","8",",7","2","","20130731","+,,7","20130731","+,,7","20130731","+,,7","1","","20130712",",,7","20130719","+,,7","13.9",",7,31,+","0",",,7,31,+","0",",,7,31,+","37.3",",,7,12,","34.4",",7,19,+","0.0","7","0.0",",7","154.0",",,,7","0",",,,7","25.25",",7","30.30",",,,7","20.20",",,,7"
"USC00441082","2013-08","37.0679","-78.9517","124.4","BROOKNEAL, VA US","559.0","7","137.7",",7","15",",7","8",",7","0",",7","0",",7","0",",7","0",",7","0",",7","0",",7","30",",7","3",",7","7","","20130816",",,7","20130831","+,,7","20130831","+,,7","","","20130818",",,7","20130811",",,7","11.1",",7,16,","0",",,7,31,+","0",",,7,31,+","19.1",",,7,18,","33.3",",7,11,","0.3","7","0.3",",7","70.3",",,,7","0",",,,7","22.77",",7","28.44",",,,7","17.10",",,,7"
"USC00441082","2013-09","37.0679","-78.9517","124.4","BROOKNEAL, VA US","625.9","7","66.9",",7","5",",7","2",",7","0",",7","0",",7","0",",7","0",",7","0",",7","0",",7","29",",7","3",",7","8","","20130918",",,7","20130930","+,,7","20130930","+,,7","","","20130922",",,7","20130913","+,,7","5.6",",7,18,","0",",,7,30,+","0",",,7,30,+","12.2",",,7,22,","32.8",",7,13,+","32.4","7","32.1",",7","23.6",",,,7","0",",,,7","19.49",",7","26.65",",,,7","12.33",",,,7"
"USC00441082","2013-10","37.0679","-78.9517","124.4","BROOKNEAL, VA US","640.6","7","14.7","3,7","14",",7","6",",7","0",",7","0",",7","0",",7","0","3,7","5","3,7","0","1,7","15","1,7","0","1,7","6","","20131027","+,3,7","20131031","+,,7","20131031","+,,7","","","20131010",",,7","20131006",",1,7","-3.9","3,7,27,+","0",",,7,31,+","0",",,7,31,+","17.8",",,7,10,","31.1","1,7,06,","153.6","7","121.2","1,7","57.5",",,,7","0",",,,7","14.49","3,7","21.07","1,,,7","7.91","3,,,7"
"USC00441082","2013-11","37.0679","-78.9517","124.4","BROOKNEAL, VA US","640.6","7","0.0","3,7","6",",7","4",",7","1",",7","0",",7","0",",7","0","1,7","20","1,7","0","2,7","3","2,7","0","2,7","4","","20131126","+,1,7","20131130","+,,7","20131130","+,,7","","","20131127",",,7","20131102","+,2,7","-9.4","1,7,26,+","0",",,7,30,+","0",",,7,30,+","78.0",",,7,27,","22.8","2,7,02,+","474.7","7","321.1","2,7","93.3",",,,7","0",",,,7","6.45","3,7","13.79","2,,,7","-0.88","1,,,7"
"USC00441082","2013-12","37.0679","-78.9517","124.4","BROOKNEAL, VA US","640.6","7","0.0","1,7","14",",7","11",",7","1",",7","0",",7","0",",7","0",",7","26",",7","0","1,7","3","1,7","0","1,7","1","","20131226","+,,7","20131231","+,,7","20131208",",,7","","","20131223",",,7","20131207",",1,7","-8.3",",7,26,+","0",",,7,31,+","0",",T,7,08,","27.4",",,7,23,","25.0","1,7,07,","886.2","7","411.5","1,7","149.2",",,,7","0",",T,,7","4.65","1,7","11.32","1,,,7","-2.02",",,,7"
"USC00441082","2014-01","37.0679","-78.9517","124.4","BROOKNEAL, VA US","0.0","7","0.0","3,7","11",",7","8",",7","1",",7","4",",7","2",",7","2","2,7","28","2,7","7","2,7","0","2,7","0","2,7","3","","20140131","+,2,7","20140129",",,7","20140129",",,7","","","20140111",",,7","20140121",",2,7","-18.9","2,7,31,+","51",",,7,29,","46",",,7,29,","31.0",",,7,11,","16.1","2,7,21,","1436.8","7","550.6","2,7","99.0",",,,7","79",",,,7","-1.38","3,7","5.48","2,,,7","-8.23","2,,,7"
"USC00441082","2014-02","37.0679","-78.9517","124.4","BROOKNEAL, VA US","0.0","7","0.0","1,7","9",",7","6",",7","1",",7","7",",7","1",",7","0","1,7","25","1,7","0","1,7","0","1,7","0","1,7","1","","20140201",",1,7","20140214","+,,7","20140213",",,7","","","20140213",",,7","20140224",",1,7","-12.2","1,7,01,","203",",,7,14,+","191",",,7,13,","36.8",",,7,13,","20.6","1,7,24,","1840.5","7","403.7","1,7","88.2",",,,7","209",",,,7","3.38","1,7","10.46","1,,,7","-3.70","1,,,7"
"USC00441082","2014-03","37.0679","-78.9517","124.4","BROOKNEAL, VA US","0.0","7","0.0",",7","14",",7","10",",7","0",",7","3",",7","1","1,7","0",",7","26",",7","1",",7","5",",7","0",",7","1","","20140304",",,7","20140308","+,,7","20140307",",1,7","","","20140317",",,7","20140312",",,7","-12.2",",7,04,","25",",,7,08,+","30","1,,7,07,","13.7",",,7,17,","25.0",",7,12,","2275.2","7","434.7",",7","74.4",",,,7","53","1,,,7","4.31",",7","11.92",",,,7","-3.30",",,,7"
"USC00441082","2014-04","37.0679","-78.9517","124.4","BROOKNEAL, VA US","1.1","7","1.1",",7","9",",7","7",",7","1",",7","0",",7","0",",7","0",",7","7",",7","0",",7","18",",7","0",",7","","","20140418","+,,7","20140430","+,,7","20140430","+,,7","","","20140430",",,7","20140403",",,7","-2.2",",7,18,+","0",",,7,30,+","0",",,7,30,+","39.4",",,7,30,","30.6",",7,03,","2440.4","7","165.2",",7","133.4",",,,7","0",",,,7","12.86",",7","21.76",",,,7","3.96",",,,7"
"USC00441082","2014-05","37.0679","-78.9517","124.4","BROOKNEAL, VA US","57.7","7","56.6","1,7","8",",7","4",",7","2",",7","0",",7","0",",7","0","1,7","0","1,7","0","1,7","28","1,7","5","1,7","3","","20140519",",1,7","20140531","+,,7","20140531","+,,7","","","20140516",",,7","20140514",",1,7","5.6","1,7,19,","0",",,7,31,+","0",",,7,31,+","84.3",",,7,16,","33.9","1,7,14,","2472.4","7","32.0","1,7","126.4",",,,7","0",",,,7","19.15","1,7","26.79","1,,,7","11.51","1,,,7"
"USC00441082","2014-06","37.0679","-78.9517","124.4","BROOKNEAL, VA US","212.5","7","154.8",",7","8",",7","6",",7","1",",7","0",",7","0",",7","0",",7","0",",7","0",",7","30",",7","6",",7","3","","20140602",",,7","20140630","+,,7","20140630","+,,7","","","20140626",",,7","20140619",",,7","10.0",",7,02,","0",",,7,30,+","0",",,7,30,+","27.2",",,7,26,","35.6",",7,19,","2473.2","7","0.8",",7","81.0",",,,7","0",",,,7","23.47",",7","30.21",",,,7","16.72",",,,7"
"USC00441082","2014-07","37.0679","-78.9517","124.4","BROOKNEAL, VA US","384.5","7","172.0",",7","14",",7","9",",7","2",",7","0",",7","0",",7","0",",7","0",",7","0",",7","31",",7","7",",7","3","","20140707","+,,7","20140731","+,,7","20140731","+,,7","","","20140716",",,7","20140703",",,7","11.1",",7,07,+","0",",,7,31,+","0",",,7,31,+","46.2",",,7,16,","35.6",",7,03,","0.0","7","0.0",",7","141.9",",,,7","0",",,,7","23.88",",7","30.09",",,,7","17.67",",,,7"
"USC00441082","2014-08","37.0679","-78.9517","124.4","BROOKNEAL, VA US","518.0","7","133.5",",7","11",",7","8",",7","0",",7","0",",7","0",",7","0",",7","0",",7","0",",7","30",",7","1",",7","5","","20140814",",,7","20140831","+,,7","20140831","+,,7","","","20140809",",,7","20140829",",,7","12.2",",7,14,","0",",,7,31,+","0",",,7,31,+","19.8",",,7,09,","32.2",",7,29,","0.0","7","0.0",",7","93.7",",,,7","0",",,,7","22.64",",7","27.82",",,,7","17.46",",,,7"
"USC00441082","2014-09","37.0679","-78.9517","124.4","BROOKNEAL, VA US","607.9","7","89.9",",7","9",",7","3",",7","0",",7","0",",7","0",",7","0",",7","0",",7","0",",7","26",",7","3",",7","1","","20140928",",,7","20140930","+,,7","20140930","+,,7","","","20140925",",,7","20140903",",,7","8.9",",7,28,","0",",,7,30,+","0",",,7,30,+","20.8",",,7,25,","33.9",",7,03,","11.1","7","11.1",",7","43.2",",,,7","0",",,,7","20.96",",7","26.12",",,,7","15.80",",,,7"
"USC00441082","2014-10","37.0679","-78.9517","124.4","BROOKNEAL, VA US","618.7","7","10.8",",7","9",",7","8",",7","1",",7","0",",7","0",",7","0",",7","0",",7","0",",7","18",",7","0",",7","6","","20141028","+,,7","20141031","+,,7","20141031","+,,7","","","20141015",",,7","20141029",",,7","0.6",",7,28,+","0",",,7,31,+","0",",,7,31,+","33.5",",,7,15,","28.3",",7,29,","143.7","7","132.6",",7","104.1",",,,7","0",",,,7","14.40",",7","21.53",",,,7","7.28",",,,7"
"USC00441082","2014-11","37.0679","-78.9517","124.4","BROOKNEAL, VA US","618.7","7","0.0",",7","9",",7","4",",7","0",",7","0",",7","0",",7","0",",7","18",",7","0",",7","5",",7","0",",7","1","","20141120","+,,7","20141130","+,,7","20141130","+,,7","","","20141126",",,7","20141125",",,7","-10.0",",7,20,+","0",",,7,30,+","0",",,7,30,+","20.6",",,7,26,","22.8",",7,25,","526.8","7","383.1",",7","65.1",",,,7","0",",,,7","5.56",",7","12.64",",,,7","-1.51",",,,7"
"USC00441082","2014-12","37.0679","-78.9517","124.4","BROOKNEAL, VA US","618.7","7","0.0",",7","15",",7","9",",7","0",",7","0",",7","0",",7","0",",7","18",",7","0",",7","1",",7","0",",7","1","","20141231","+,,7","20141231","+,,7","20141231","+,,7","","","20141224",",,7","20141202",",,7","-4.4",",7,31,+","0",",,7,31,+","0",",,7,31,+","21.6",",,7,24,","23.3",",7,02,","937.8","7","411.0",",7","89.5",",,,7","0",",,,7","5.08",",7","10.40",",,,7","-0.25",",,,7"
"USC00441082","2015-01","37.0679","-78.9517","124.4","BROOKNEAL, VA US","0.0","7","0.0",",7","10",",7","3",",7","0",",7","0",",7","0",",7","0",",7","29",",7","1",",7","0",",7","0",",7","","","20150112","+,,7","20150131","+,,7","20150131","+,,7","","","20150124",",,7","20150105",",,7","-13.3",",7,12,+","0",",,7,31,+","0",",,7,31,+","24.9",",,7,24,","17.8",",7,05,","1461.3","7","523.5",",7","46.8",",,,7","0",",,,7","1.45",",7","7.59",",,,7","-4.70",",,,7"
"USC00441082","2015-02","37.0679","-78.9517","124.4","BROOKNEAL, VA US","0.0","7","0.0",",7","7",",7","5",",7","0",",7","9",",7","2",",7","2",",7","27",",7","6",",7","1",",7","0",",7","","","20150220",",,7","20150226",",,7","20150226",",,7","","","20150222","+,,7","20150209",",,7","-22.8",",7,20,","152",",,7,26,","152",",,7,26,","12.2",",,7,22,+","21.1",",7,09,","2012.0","7","550.7",",7","43.0",",,,7","279",",,,7","-1.34",",7","5.99",",,,7","-8.66",",,,7"
"USC00441082","2015-03","37.0679","-78.9517","124.4","BROOKNEAL, VA US","0.0","7","0.0",",7","14",",7","10",",7","0",",7","0",",7","0",",7","0",",7","14",",7","0",",7","4",",7","0",",7","1","","20150308",",,7","20150302","+,,7","20150306",",,7","","","20150320",",,7","20150317",",,7","-9.4",",7,08,","0",",T,7,02,+","0",",T,7,06,","13.2",",,7,20,","25.6",",7,17,","2358.3","7","346.3",",7","81.9",",,,7","0",",T,,7","7.16",",7","14.13",",,,7","0.20",",,,7"
"USC00441082","2015-04","37.0679","-78.9517","124.4","BROOKNEAL, VA US","3.7","7","3.7",",7","12",",7","7",",7","2",",7","0",",7","0",",7","0",",7","7",",7","0",",7","18",",7","0",",7","1","","20150406","+,,7","20150430","+,,7","20150430","+,,7","","","20150420",",,7","20150419",",,7","-2.8",",7,06,+","0",",,7,30,+","0",",,7,30,+","27.4",",,7,20,","28.3",",7,19,","2507.6","7","149.3",",7","100.2",",,,7","0",",,,7","13.48",",7","21.52",",,,7","5.44",",,,7"
"USC00441082","2015-05","37.0679","-78.9517","124.4","BROOKNEAL, VA US","89.8","7","86.1",",7","9",",7","4",",7","0",",7","0",",7","0",",7","0",",7","0",",7","0",",7","29",",7","2",",7","","","20150504",",,7","20150531","+,,7","20150531","+,,7","","","20150529",",,7","20150529","+,,7","5.6",",7,04,","0",",,7,31,+","0",",,7,31,+","11.9",",,7,29,","32.8",",7,29,+","2540.6","7","33.0",",7","36.1",",,,7","0",",,,7","20.05",",7","27.74",",,,7","12.36",",,,7"
"USC00441082","2015-06","37.0679","-78.9517","124.4","BROOKNEAL, VA US","273.0","7","183.2",",7","15",",7","10",",7","1",",7","0",",7","0",",7","0",",7","0",",7","0",",7","28",",7","14",",7","","","20150629",",,7","20150630","+,,7","20150630","+,,7","","","20150605",",,7","20150617",",,7","12.8",",7,29,","0",",,7,30,+","0",",,7,30,+","28.2",",,7,05,","35.0",",7,17,","2545.6","7","5.0",",7","135.9",",,,7","0",",,,7","24.27",",7","30.28",",,,7","18.26",",,,7"
"USC00441082","2015-07","37.0679","-78.9517","124.4","BROOKNEAL, VA US","483.4","7","210.4",",7","12",",7","8",",7","0",",7","0",",7","0",",7","0",",7","0",",7","0",",7","31",",7","7",",7","","","20150717",",,7","20150731","+,,7","20150731","+,,7","","","20150707",",,7","20150720","+,,7","16.7",",7,17,","0",",,7,31,+","0",",,7,31,+","25.1",",,7,07,","33.9",",7,20,+","0.0","7","0.0",",7","92.5",",,,7","0",",,,7","25.12",",7","30.66",",,,7","19.58",",,,7"
"USC00441082","2015-08","37.0679","-78.9517","124.4","BROOKNEAL, VA US","648.5","7","165.1",",7","10",",7","6",",7","0",",7","0",",7","0",",7","0",",7","0",",7","0",",7","31",",7","8",",7","","","20150829","+,,7","20150831","+,,7","20150831","+,,7","","","20150807",",,7","20150805",",,7","13.3",",7,29,+","0",",,7,31,+","0",",,7,31,+","20.3",",,7,07,","35.0",",7,05,","0.0","7","0.0",",7","73.0",",,,7","0",",,,7","23.66",",7","30.15",",,,7","17.17",",,,7"
"USC00441082","2015-09","37.0679","-78.9517","124.4","BROOKNEAL, VA US","744.9","7","96.4",",7","14",",7","8",",7","2",",7","0",",7","0",",7","0",",7","0",",7","0",",7","26",",7","5",",7","2","","20150915","+,,7","20150930","+,,7","20150930","+,,7","","","20150927",",,7","20150904",",,7","6.1",",7,15,+","0",",,7,30,+","0",",,7,30,+","32.3",",,7,27,","33.9",",7,04,","11.3","7","11.3",",7","129.8",",,,7","0",",,,7","21.17",",7","27.56",",,,7","14.78",",,,7"
"USC00441082","2015-10","37.0679","-78.9517","124.4","BROOKNEAL, VA US","750.2","7","5.3",",7","10",",7","5",",7","1",",7","0",",7","0",",7","0",",7","5",",7","0",",7","15",",7","0",",7","1","","20151019",",,7","20151031","+,,7","20151031","+,,7","","","20151003",",,7","20151001",",,7","-2.8",",7,19,","0",",,7,31,+","0",",,7,31,+","26.4",",,7,03,","27.8",",7,01,","167.1","7","155.8",",7","80.6",",,,7","0",",,,7","13.48",",7","20.33",",,,7","6.63",",,,7"
"USC00441082","2015-11","37.0679","-78.9517","124.4","BROOKNEAL, VA US","752.1","7","1.9",",7","11",",7","7",",7","1",",7","0",",7","0",",7","0",",7","9",",7","0",",7","5",",7","0",",7","","","20151124","+,,7","20151130","+,,7","20151130","+,,7","","","20151110",",,7","20151106",",,7","-5.6",",7,24,+","0",",,7,30,+","0",",,7,30,+","77.0",",,7,10,","25.0",",7,06,","406.8","7","239.7",",7","136.9",",,,7","0",",,,7","10.41",",7","17.33",",,,7","3.48",",,,7"
"USC00441082","2015-12","37.0679","-78.9517","124.4","BROOKNEAL, VA US","752.1","7","0.0",",7","17",",7","12",",7","3",",7","0",",7","0",",7","0",",7","12",",7","0",",7","6",",7","0",",7","3","","20151220",",,7","20151231","+,,7","20151231","+,,7","","","20151224",",,7","20151213",",,7","-5.6",",7,20,","0",",,7,31,+","0",",,7,31,+","46.5",",,7,24,","24.4",",7,13,","686.3","7","279.5",",7","186.0",",,,7","0",",,,7","9.32",",7","15.18",",,,7","3.46",",,,7"
"USC00441082","2016-01","37.0679","-78.9517","124.4","BROOKNEAL, VA US","0.0","7","0.0",",7","11",",7","6",",7","1",",7","7",",7","2",",7","0",",7","27",",7","3",",7","0",",7","0",",7","","","20160120",",,7","20160123",",,7","20160123",",,7","","","20160123",",,7","20160101",",,7","-11.7",",7,20,","203",",,7,23,","185",",,7,23,","46.7",",,7,23,","15.6",",7,01,","1224.4","7","538.1",",7","95.8",",,,7","236",",,,7","0.97",",7","6.97",",,,7","-5.03",",,,7"
"USC00441082","2016-02","37.0679","-78.9517","124.4","BROOKNEAL, VA US","0.0","7","0.0",",7","12",",7","7",",7","2",",7","2",",7","1",",7","0",",7","20",",7","2",",7","1",",7","0",",7","","","20160214",",,7","20160215",",,7","20160215",",,7","","","20160216",",,7","20160225",",,7","-13.3",",7,14,","76",",,7,15,","81",",,7,15,","47.0",",,7,16,","21.1",",7,25,","1646.5","7","422.1",",7","142.5",",,,7","81",",,,7","3.78",",7","9.79",",,,7","-2.23",",,,7"
"USC00441082","2016-03","37.0679","-78.9517","124.4","BROOKNEAL, VA US","2.8","7","2.8","2,7","8",",7","4",",7","0",",7","0",",7","0",",7","0","1,7","11","1,7","0","2,7","15","2,7","0","2,7","","","20160303",",1,7","20160331","+,,7","20160331","+,,7","","","20160314",",,7","20160317",",2,7","-5.0","1,7,03,","0",",,7,31,+","0",",,7,31,+","24.9",",,7,14,","30.0","2,7,17,","1854.3","7","207.8","2,7","79.3",",,,7","0",",,,7","11.26","2,7","19.20","2,,,7","3.33","1,,,7"
"USC00441082","2016-04","37.0679","-78.9517","124.4","BROOKNEAL, VA US","16.9","7","14.1",",7","11",",7","5",",7","0",",7","0",",7","0",",7","0",",7","5",",7","0",",7","18",",7","0",",7","","","20160406",",,7","20160430","+,,7","20160430","+,,7","","","20160407",",,7","20160420","+,,7","-4.4",",7,06,","0",",,7,30,+","0",",,7,30,+","13.0",",,7,07,","31.1",",7,20,+","2001.8","7","147.5",",7","39.5",",,,7","0",",,,7","13.89",",7","22.09",",,,7","5.68",",,,7"
"USC00441082","2016-05","37.0679","-78.9517","124.4","BROOKNEAL, VA US","54.3","7","37.4",",7","21",",7","14",",7","3",",7","0",",7","0",",7","0",",7","0",",7","0",",7","22",",7","0",",7","","","20160516",",,7","20160531","+,,7","20160531","+,,7","","","20160506",",,7","20160528",",,7","3.9",",7,16,","0",",,7,31,+","0",",,7,31,+","36.1",",,7,06,","31.1",",7,28,","2053.7","7","51.9",",7","178.3",",,,7","0",",,,7","17.86",",7","23.54",",,,7","12.19",",,,7"
"USC00441082","2016-06","37.0679","-78.9517","124.4","BROOKNEAL, VA US","187.2","7","132.9",",7","11",",7","10",",7","2",",7","0",",7","0",",7","0",",7","0",",7","0",",7","30",",7","3",",7","1","","20160609",",,7","20160630","+,,7","20160630","+,,7","","","20160624",",,7","20160613","+,,7","7.8",",7,09,","0",",,7,30,+","0",",,7,30,+","61.5",",,7,24,","34.4",",7,13,+","2055.1","7","1.4",",7","212.9",",,,7","0",",,,7","22.72",",7","29.77",",,,7","15.67",",,,7"
"USC00441082","2016-07","37.0679","-78.9517","124.4","BROOKNEAL, VA US","430.9","7","243.7",",7","16",",7","10",",7","1",",7","0",",7","0",",7","0",",7","0",",7","0",",7","31",",7","17",",7","1","","20160701",",,7","20160731","+,,7","20160731","+,,7","","","20160727",",,7","20160727","+,,7","17.2",",7,01,","0",",,7,31,+","0",",,7,31,+","57.4",",,7,27,","35.6",",7,27,+","0.0","7","0.0",",7","159.0",",,,7","0",",,,7","26.19",",7","32.14",",,,7","20.25",",,,7"
"USC00441082","2016-08","37.0679","-78.9517","124.4","BROOKNEAL, VA US","665.2","7","234.3",",7","8",",7","8",",7","1",",7","0",",7","0",",7","0",",7","0",",7","0",",7","31",",7","14",",7","","","20160823",",,7","20160831","+,,7","20160831","+,,7","","","20160807",",,7","20160815",",,7","15.6",",7,23,","0",",,7,31,+","0",",,7,31,+","31.0",",,7,07,","35.0",",7,15,","0.0","7","0.0",",7","103.1",",,,7","0",",,,7","25.89",",7","31.30",",,,7","20.48",",,,7"
"USC00441082","2016-09","37.0679","-78.9517","124.4","BROOKNEAL, VA US","819.4","7","154.2",",7","11",",7","4",",7","1",",7","0",",7","0",",7","0",",7","0",",7","0",",7","30",",7","7",",7","","","20160905",",,7","20160930","+,,7","20160930","+,,7","1","","20160920",",,7","20160909",",,7","12.8",",7,05,","0",",,7,30,+","0",",,7,30,+","53.1",",,7,20,","35.6",",7,09,","0.0","7","0.0",",7","67.9",",,,7","0",",,,7","23.47",",7","28.95",",,,7","17.99",",,,7"
"USC00441082","2016-10","37.0679","-78.9517","124.4","BROOKNEAL, VA US","833.8","7","14.4",",7","4",",7","4",",7","2",",7","0",",7","0",",7","0",",7","0",",7","0",",7","20",",7","0",",7","3","","20161024","+,,7","20161031","+,,7","20161031","+,,7","","","20161009",",,7","20161020",",,7","1.1",",7,24,+","0",",,7,31,+","0",",,7,31,+","89.9",",,7,09,","28.9",",7,20,","101.1","7","101.1",",7","138.9",",,,7","0",",,,7","15.54",",7","22.38",",,,7","8.69",",,,7"
"USC00441082","2016-11","37.0679","-78.9517","124.4","BROOKNEAL, VA US","834.4","7","0.6",",7","5",",7","2",",7","0",",7","0",",7","0",",7","0",",7","21",",7","0",",7","5",",7","0",",7","","","20161113",",,7","20161130","+,,7","20161130","+,,7","","","20161130",",,7","20161104",",,7","-6.1",",7,13,","0",",,7,30,+","0",",,7,30,+","5.1",",,7,30,","27.2",",7,04,","382.5","7","281.4",",7","9.2",",,,7","0",",,,7","8.97",",7","17.17",",,,7","0.78",",,,7"
"USC00441082","2016-12","37.0679","-78.9517","124.4","BROOKNEAL, VA US","834.4","7","0.0","1,7","11",",7","7",",7","0",",7","0",",7","0",",7","0",",7","25",",7","2","1,7","1","1,7","0","1,7","","","20161216","+,,7","20161231","+,,7","20161231","+,,7","","","20161207",",,7","20161201",",1,7","-8.9",",7,16,+","0",",,7,31,+","0",",,7,31,+","21.6",",,7,07,","22.2","1,7,01,","811.9","7","429.4","1,7","76.0",",,,7","0",",,,7","3.99","1,7","10.30","1,,,7","-2.32",",,,7"
"USC00441082","2017-01","37.0679","-78.9517","124.4","BROOKNEAL, VA US","0.0","7","0.0","1,7","17",",7","10",",7","1",",7","5",",7","1",",7","1",",7","18",",7","3","1,7","0","1,7","0","1,7","1","","20170109",",,7","20170109","+,,7","20170107",",,7","","","20170123",",,7","20170126",",1,7","-17.8",",7,09,","152",",,7,09,+","142",",,7,07,","28.2",",,7,23,","20.6","1,7,26,","1235.9","7","424.0","1,7","114.2",",,,7","162",",,,7","4.27","1,7","9.84","1,,,7","-1.31",",,,7"
"USC00441082","2017-02","37.0679","-78.9517","124.4","BROOKNEAL, VA US","0.0","7","0.0",",7","5",",7","3",",7","0",",7","0",",7","0",",7","0",",7","17",",7","0",",7","9",",7","0",",7","1","","20170204",",,7","20170228","+,,7","20170228","+,,7","","","20170215",",,7","20170213",",,7","-7.2",",7,04,","0",",,7,28,+","0",",,7,28,+","7.6",",,7,15,","27.8",",7,13,","1528.8","7","292.9",",7","15.0",",,,7","0",",,,7","7.87",",7","15.96",",,,7","-0.21",",,,7"
"USC00441082","2017-03","37.0679","-78.9517","124.4","BROOKNEAL, VA US","0.3","7","0.3",",7","10",",7","7",",7","0",",7","0",",7","0",",7","0",",7","18",",7","0",",7","10",",7","0",",7","","","20170316",",,7","20170331","+,,7","20170314",",,7","","","20170331",",,7","20170328",",,7","-7.8",",7,16,","0",",,7,31,+","0",",T,7,14,","17.3",",,7,31,","26.1",",7,28,","1847.8","7","319.0",",7","66.6",",,,7","0",",T,,7","8.05",",7","16.26",",,,7","-0.15",",,,7"
"USC00441082","2017-04","37.0679","-78.9517","124.4","BROOKNEAL, VA US","29.2","7","28.9",",7","17",",7","12",",7","2",",7","0",",7","0",",7","0",",7","3",",7","0",",7","21",",7","0",",7","","","20170409","+,,7","20170430","+,,7","20170430","+,,7","","","20170425",",,7","20170430",",,7","-2.2",",7,09,+","0",",,7,30,+","0",",,7,30,+","33.3",",,7,25,","31.1",",7,30,","1933.9","7","86.1",",7","134.3",",,,7","0",",,,7","16.43",",7","24.02",",,,7","8.84",",,,7"
"USC00441082","2017-05","37.0679","-78.9517","124.4","BROOKNEAL, VA US","","","","","14",",7","8",",7","2",",7","0",",7","0",",7","","","","","","","","","","","1","","","","20170531","+,,7","20170531","+,,7","","","20170505",",,7","","","","","0",",,7,31,+","0",",,7,31,+","50.3",",,7,05,","","","","","","","191.6",",,,7","0",",,,7","","","","","",""
"USC00441082","2017-06","37.0679","-78.9517","124.4","BROOKNEAL, VA US","","","118.0","1,7","10",",7","7",",7","0",",7","0",",7","0",",7","0",",7","0",",7","0","1,7","29","1,7","2","1,7","1","","20170609",",,7","20170630","+,,7","20170630","+,,7","","","20170614",",,7","20170614",",1,7","8.9",",7,09,","0",",,7,30,+","0",",,7,30,+","15.7",",,7,14,","32.8","1,7,14,","","","3.6","1,7","69.1",",,,7","0",",,,7","22.20","1,7","28.93","1,,,7","15.46",",,,7"
"USC00441082","2017-07","37.0679","-78.9517","124.4","BROOKNEAL, VA US","","","221.0",",7","10",",7","5",",7","0",",7","0",",7","0",",7","0",",7","0",",7","0",",7","31",",7","18",",7","","","20170731","+,,7","20170731","+,,7","20170731","+,,7","","","20170719",",,7","20170724","+,,7","11.7",",7,31,+","0",",,7,31,+","0",",,7,31,+","20.6",",,7,19,","35.0",",7,24,+","0.0","7","0.0",",7","46.3",",,,7","0",",,,7","25.46",",7","32.06",",,,7","18.87",",,,7"
"USC00441082","2017-08","37.0679","-78.9517","124.4","BROOKNEAL, VA US","","","158.4","2,7","11",",7","6",",7","0",",7","0",",7","0",",7","0","1,7","0","1,7","0","2,7","28","2,7","9","2,7","","","20170828","+,1,7","20170831","+,,7","20170831","+,,7","","","20170808",",,7","20170821","+,2,7","12.2","1,7,28,+","0",",,7,31,+","0",",,7,31,+","16.8",",,7,08,","35.0","2,7,21,+","1.9","7","1.9","2,7","57.9",",,,7","0",",,,7","23.64","2,7","30.25","2,,,7","17.04","1,,,7"
"USC00441082","2017-09","37.0679","-78.9517","124.4","BROOKNEAL, VA US","","","82.5",",7","5",",7","4",",7","0",",7","0",",7","0",",7","0",",7","0",",7","0",",7","25",",7","3",",7","","","20170908",",,7","20170930","+,,7","20170930","+,,7","","","20170907",",,7","20170929","+,,7","6.7",",7,08,","0",",,7,30,+","0",",,7,30,+","23.9",",,7,07,","32.8",",7,29,+","25.2","7","23.3",",7","52.6",",,,7","0",",,,7","20.31",",7","26.98",",,,7","13.63",",,,7"
"USC00441082","2017-10","37.0679","-78.9517","124.4","BROOKNEAL, VA US","","","30.2","3,7","11",",7","8",",7","1",",7","0",",7","0",",7","0","1,7","1","1,7","0","3,7","24","3,7","0","3,7","2","","20171027",",1,7","20171031","+,,7","20171031","+,,7","","","20171024",",,7","20171007",",3,7","-0.6","1,7,27,","0",",,7,31,+","0",",,7,31,+","31.8",",,7,24,","29.4","3,7,07,","114.0","7","88.8","3,7","88.7",",,,7","0",",,,7","15.99","3,7","24.05","3,,,7","7.93","1,,,7"
"USC00441082","2017-11","37.0679","-78.9517","124.4","BROOKNEAL, VA US","","","0.0","2,7","8",",7","6",",7","0",",7","0",",7","0",",7","0","1,7","17","1,7","0","2,7","2","2,7","0","2,7","","","20171124",",1,7","20171130","+,,7","20171130","+,,7","","","20171113",",,7","20171104",",2,7","-6.1","1,7,24,","0",",,7,30,+","0",",,7,30,+","14.0",",,7,13,","27.2","2,7,04,","412.1","7","298.1","2,7","42.2",",,,7","0",",,,7","7.59","2,7","14.84","2,,,7","0.34","1,,,7"
"USC00441082","2017-12","37.0679","-78.9517","124.4","BROOKNEAL, VA US","","","0.0",",7","5",",7","3",",7","0",",7","2",",7","1",",7","0",",7","30",",7","1",",7","0",",7","0",",7","","","20171229","+,,7","20171210",",,7","20171210",",,7","","","20171209",",,7","20171202","+,,7","-11.7",",7,29,+","51",",,7,10,","41",",,7,10,","15.2",",,7,09,","20.6",",7,02,+","879.0","7","466.9",",7","25.4",",,,7","41",",,,7","3.27",",7","10.18",",,,7","-3.64",",,,7"
"USC00441082","2018-01","37.0679","-78.9517","124.4","BROOKNEAL, VA US","0.0","7","0.0",",7","9",",7","7",",7","0",",7","4",",7","2",",7","3",",7","28",",7","10",",7","2",",7","0",",7","1","","20180107",",,7","20180118",",,7","20180118",",,7","","","20180113",",,7","20180113",",,7","-20.0",",7,07,","127",",,7,18,","102",",,7,18,","16.0",",,7,13,","22.8",",7,13,","1470.2","7","591.2",",7","61.3",",,,7","127",",,,7","-0.74",",7","7.06",",,,7","-8.54",",,,7"
"USC00441082","2018-02","37.0679","-78.9517","124.4","BROOKNEAL, VA US","0.0","7","0.0",",7","18",",7","5",",7","1",",7","0",",7","0",",7","0",",7","12",",7","0",",7","6",",7","0",",7","1","","20180203",",,7","20180228","+,,7","20180205",",,7","","","20180211",",,7","20180222",",,7","-11.1",",7,03,","0",",,7,28,+","0",",T,7,05,","34.5",",,7,11,","26.1",",7,22,","1781.9","7","311.7",",7","82.9",",,,7","0",",T,,7","7.20",",7","13.15",",,,7","1.25",",,,7"
"USC00441082","2018-03","37.0679","-78.9517","124.4","BROOKNEAL, VA US","0.0","7","0.0","2,7","10","2,7","7","2,7","0","2,7","2","2,7","2","2,7","0","2,7","22","2,7","0","2,7","1","2,7","0","2,7","2","","20180324",",2,7","20180321",",2,7","20180321",",2,7","","","20180320",",2,7","20180331",",2,7","-6.1","2,7,24,","76","2,,7,21,","64","2,,7,21,","21.6","2,,7,20,","26.7","2,7,31,","2170.9","7","389.0","2,7","82.9","2,,,7","89","2,,,7","4.92","2,7","11.70","2,,,7","-1.86","2,,,7"
"USC00441082","2018-04","37.0679","-78.9517","124.4","BROOKNEAL, VA US","2.5","7","2.5",",7","9",",7","6",",7","2",",7","0",",7","0",",7","0",",7","11",",7","0",",7","12",",7","0",",7","","","20180405",",,7","20180430","+,,7","20180408",",,7","","","20180416",",,7","20180419","+,,7","-2.8",",7,05,","0",",,7,30,+","0",",T,7,08,","38.9",",,7,16,","27.8",",7,19,+","2368.8","7","197.9",",7","122.2",",,,7","0",",T,,7","11.82",",7","19.91",",,,7","3.74",",,,7"
"USC00441082","2018-05","37.0679","-78.9517","124.4","BROOKNEAL, VA US","106.5","7","104.0",",7","12",",7","9",",7","2",",7","0",",7","0",",7","0",",7","1",",7","0",",7","31",",7","3",",7","","","20180501",",,7","20180531","+,,7","20180531","+,,7","","","20180519",",,7","20180515","+,,7","-0.6",",7,01,","0",",,7,31,+","0",",,7,31,+","79.2",",,7,19,","33.3",",7,15,+","2382.4","7","13.6",",7","175.8",",,,7","0",",,,7","21.25",",7","28.23",",,,7","14.27",",,,7"
"USC00441082","2018-06","37.0679","-78.9517","124.4","BROOKNEAL, VA US","258.1","7","151.6",",7","12",",7","5",",7","1",",7","0",",7","0",",7","0",",7","0",",7","0",",7","30",",7","6",",7","","","20180605",",,7","20180630","+,,7","20180630","+,,7","","","20180623",",,7","20180620",",,7","11.7",",7,05,","0",",,7,30,+","0",",,7,30,+","30.7",",,7,23,","35.0",",7,20,","2382.4","7","0.0",",7","83.4",",,,7","0",",,,7","23.39",",7","29.44",",,,7","17.33",",,,7"
"USC00441082","2018-07","37.0679","-78.9517","124.4","BROOKNEAL, VA US","442.7","7","184.6",",7","10",",7","7",",7","3",",7","0",",7","0",",7","0",",7","0",",7","0",",7","31",",7","10",",7","1","","20180710","+,,7","20180731","+,,7","20180731","+,,7","","","20180731",",,7","20180702",",,7","11.1",",7,10,+","0",",,7,31,+","0",",,7,31,+","59.9",",,7,31,","33.9",",7,02,","0.0","7","0.0",",7","186.4",",,,7","0",",,,7","24.29",",7","30.55",",,,7","18.03",",,,7"
"USC00441082","2018-08","37.0679","-78.9517","124.4","BROOKNEAL, VA US","627.5","7","184.8",",7","14",",7","8",",7","2",",7","0",",7","0",",7","0",",7","0",",7","0",",7","31",",7","9",",7","","","20180824",",,7","20180831","+,,7","20180831","+,,7","","","20180802",",,7","20180830","+,,7","10.6",",7,24,","0",",,7,31,+","0",",,7,31,+","64.8",",,7,02,","33.3",",7,30,+","0.0","7","0.0",",7","181.2",",,,7","0",",,,7","24.29",",7","30.17",",,,7","18.42",",,,7"
"USC00441082","2018-09","37.0679","-78.9517","124.4","BROOKNEAL, VA US","770.0","7","142.5",",7","15",",7","11",",7","2",",7","0",",7","0",",7","0",",7","0",",7","0",",7","27",",7","3",",7","1","","20180929",",,7","20180930","+,,7","20180930","+,,7","","","20180917",",,7","20180907",",,7","12.8",",7,29,","0",",,7,30,+","0",",,7,30,+","54.4",",,7,17,","32.8",",7,07,","3.1","7","3.1",",7","193.0",",,,7","0",",,,7","22.98",",7","27.77",",,,7","18.19",",,,7"
"USC00441082","2018-10","37.0679","-78.9517","124.4","BROOKNEAL, VA US","816.2","7","46.2",",7","10",",7","6",",7","2",",7","0",",7","0",",7","0",",7","5",",7","0",",7","16",",7","0",",7","3","","20181023","+,,7","20181031","+,,7","20181031","+,,7","","","20181012",",,7","20181005",",,7","-1.7",",7,23,+","0",",,7,31,+","0",",,7,31,+","124.5",",,7,12,","31.1",",7,05,","149.2","7","146.1",",7","183.7",",,,7","0",",,,7","15.11",",7","21.44",",,,7","8.78",",,,7"
"USC00441082","2018-11","37.0679","-78.9517","124.4","BROOKNEAL, VA US","816.2","7","0.0",",7","14",",7","10",",7","3",",7","0",",7","0",",7","0",",7","18",",7","0",",7","4",",7","0",",7","2","","20181112","+,,7","20181130","+,,7","20181130","+,,7","","","20181113",",,7","20181102","+,,7","-6.1",",7,12,+","0",",,7,30,+","0",",,7,30,+","62.7",",,7,13,","21.7",",7,02,+","508.7","7","359.5",",7","205.9",",,,7","0",",,,7","6.35",",7","12.39",",,,7","0.31",",,,7"
"USC00441082","2018-12","37.0679","-78.9517","124.4","BROOKNEAL, VA US","816.2","7","0.0",",7","12",",7","8",",7","3",",7","7",",7","2",",7","0",",7","21",",7","1",",7","0",",7","0",",7","1","","20181211",",,7","20181210",",,7","20181210",",,7","","","20181221",",,7","20181222",",,7","-10.6",",7,11,","254",",,7,10,","267",",,7,10,","40.1",",,7,21,","17.8",",7,22,","958.5","7","449.8",",7","161.0",",,,7","308",",,,7","3.82",",7","9.60",",,,7","-1.96",",,,7"
"USC00441082","2019-01","37.0679","-78.9517","124.4","BROOKNEAL, VA US","0.0","7","0.0",",7","11",",7","8",",7","0",",7","0",",7","0",",7","0",",7","21",",7","2",",7","0",",7","0",",7","1","","20190122",",,7","20190114","+,,7","20190113",",,7","","","20190113",",,7","20190109","+,,7","-12.8",",7,22,","0",",T,7,14,+","8",",,7,13,","22.6",",,7,13,","17.8",",7,09,+","1437.3","7","478.8",",7","85.4",",,,7","8",",,,7","2.89",",7","9.06",",,,7","-3.28",",,,7"
"USC00441082","2019-02","37.0679","-78.9517","124.4","BROOKNEAL, VA US","0.0","7","0.0","2,7","12",",7","10",",7","0",",7","0",",7","0",",7","0",",7","19",",7","1","2,7","2","2,7","0","2,7","1","","20190201",",,7","20190221","+,,7","20190220",",,7","","","20190224",",,7","20190208","+,2,7","-8.9",",7,01,","0",",T,7,21,+","0",",T,7,20,","19.6",",,7,24,","23.9","2,7,08,+","1767.3","7","330.0","2,7","117.5",",,,7","0",",T,,7","5.58","2,7","12.31","2,,,7","-1.15",",,,7"
"USC00441082","2019-03","37.0679","-78.9517","124.4","BROOKNEAL, VA US","0.0","7","0.0",",7","11",",7","5",",7","1",",7","0",",7","0",",7","0",",7","21",",7","0",",7","4",",7","0",",7","","","20190307",",,7","20190331","+,,7","20190331","+,,7","","","20190321",",,7","20190331","+,,7","-7.8",",7,07,","0",",,7,31,+","0",",,7,31,+","27.7",",,7,21,","24.4",",7,31,+","2130.8","7","363.5",",7","76.1",",,,7","0",",,,7","6.61",",7","14.41",",,,7","-1.19",",,,7"
"USC00441082","2019-04","37.0679","-78.9517","124.4","BROOKNEAL, VA US","5.5","7","5.5","5,7","10",",7","7",",7","1",",7","0",",7","0",",7","0","5,7","4","5,7","0","5,7","17","5,7","0","5,7","1","","20190403","+,5,7","20190430","+,,7","20190430","+,,7","","","20190420",",,7","20190426","+,5,7","-3.3","5,7,03,+","0",",,7,30,+","0",",,7,30,+","32.3",",,7,20,","28.9","5,7,26,+","2259.9","7","129.1","5,7","77.8",",,,7","0",",,,7","13.39","5,7","21.53","5,,,7","5.24","5,,,7"
"USC00441082","2019-05","37.0679","-78.9517","124.4","BROOKNEAL, VA US","102.9","7","97.4",",7","13",",7","8",",7","4",",7","0",",7","0",",7","0",",7","0",",7","0",",7","30",",7","6",",7","","","20190515",",,7","20190531","+,,7","20190531","+,,7","2","","20190513",",,7","20190529",",,7","3.3",",7,15,","0",",,7,31,+","0",",,7,31,+","51.3",",,7,13,","33.3",",7,29,","2278.5","7","18.6",",7","162.5",",,,7","0",",,,7","20.88",",7","28.25",",,,7","13.51",",,,7"
"USC00441082","2019-06","37.0679","-78.9517","124.4","BROOKNEAL, VA US","198.9","7","96.0","1,7","14",",7","12",",7","4",",7","0",",7","0",",7","0","1,7","0","1,7","0","1,7","29","1,7","4","1,7","","","20190605",",1,7","20190630","+,,7","20190630","+,,7","","","20190613",",,7","20190630",",1,7","7.8","1,7,05,","0",",,7,30,+","0",",,7,30,+","67.3",",,7,13,","32.8","1,7,30,","2281.3","7","2.8","1,7","234.7",",,,7","0",",,,7","21.55","1,7","28.28","1,,,7","14.82","1,,,7"
"USC00441082","2019-07","37.0679","-78.9517","124.4","BROOKNEAL, VA US","386.7","7","187.8","3,7","7",",7","4",",7","0",",7","0",",7","0",",7","0","3,7","0","3,7","0","3,7","27","3,7","17","3,7","1","","20190729","+,3,7","20190731","+,,7","20190731","+,,7","","","20190724",",,7","20190722","+,3,7","14.4","3,7,29,+","0",",,7,31,+","0",",,7,31,+","16.3",",,7,24,","36.7","3,7,22,+","1.4","7","1.4","3,7","39.7",",,,7","0",",,,7","24.99","3,7","31.97","3,,,7","18.01","3,,,7"
"USC00441082","2019-08","37.0679","-78.9517","124.4","BROOKNEAL, VA US","567.4","7","180.7","1,7","8",",7","4",",7","1",",7","0",",7","0",",7","0",",7","0",",7","0","1,7","30","1,7","17","1,7","","","20190830",",,7","20190831","+,,7","20190831","+,,7","","","20190816",",,7","20190823","+,1,7","10.6",",7,30,","0",",,7,31,+","0",",,7,31,+","30.5",",,7,16,","34.4","1,7,23,+","1.4","7","0.0","1,7","52.6",",,,7","0",",,,7","24.33","1,7","31.21","1,,,7","17.45",",,,7"
"USC00441082","2019-09","37.0679","-78.9517","124.4","BROOKNEAL, VA US","699.1","7","131.7",",7","4",",7","1",",7","0",",7","0",",7","0",",7","0",",7","0",",7","0",",7","30",",7","12",",7","1","","20190921",",,7","20190930","+,,7","20190930","+,,7","","","20190912",",,7","20190912",",,7","6.1",",7,21,","0",",,7,30,+","0",",,7,30,+","17.3",",,7,12,","35.0",",7,12,","8.0","7","6.6",",7","20.4",",,,7","0",",,,7","22.50",",7","30.40",",,,7","14.60",",,,7"
"USC00441082","2019-10","37.0679","-78.9517","124.4","BROOKNEAL, VA US","731.4","7","32.3",",7","13",",7","9",",7","3",",7","0",",7","0",",7","0",",7","1",",7","0",",7","15",",7","3",",7","1","","20191020",",,7","20191031","+,,7","20191031","+,,7","","","20191020",",,7","20191004",",,7","0.0",",7,20,","0",",,7,31,+","0",",,7,31,+","41.4",",,7,20,","36.1",",7,04,","125.9","7","117.9",",7","165.4",",,,7","0",",,,7","15.57",",7","22.78",",,,7","8.36",",,,7"
"USC00441082","2019-11","37.0679","-78.9517","124.4","BROOKNEAL, VA US","731.4","7","0.0","3,7","8","1,7","6","1,7","0","1,7","0",",7","0",",7","0","3,7","17","3,7","0","3,7","1","3,7","0","3,7","","","20191114","+,3,7","20191130","+,,7","20191113",",,7","","","20191101",",1,7","20191101",",3,7","-8.3","3,7,14,+","0",",,7,30,+","0",",T,7,13,","19.6","1,,7,01,","26.7","3,7,01,","451.8","7","325.9","3,7","61.5","1,,,7","0",",T,,7","6.26","3,7","13.72","3,,,7","-1.19","3,,,7"
"USC00441082","2019-12","37.0679","-78.9517","124.4","BROOKNEAL, VA US","731.4","7","0.0",",7","10",",7","8",",7","0",",7","0",",7","0",",7","0",",7","24",",7","0",",7","0",",7","0",",7","","","20191223","+,,7","20191231","+,,7","20191231","+,,7","","","20191214",",,7","20191231","+,,7","-7.8",",7,23,+","0",",,7,31,+","0",",,7,31,+","21.3",",,7,14,","20.6",",7,31,+","879.0","7","427.2",",7","76.0",",,,7","0",",,,7","4.55",",7","11.55",",,,7","-2.44",",,,7"
"USC00441082","2020-02","37.0679","-78.9517","124.4","BROOKNEAL, VA US","","","0.0",",7","12",",7","7",",7","2",",7","0",",7","0",",7","0",",7","19",",7","0",",7","0",",7","0",",7","1","","20200222",",,7","20200229","+,,7","20200229","+,,7","","","20200207",",,7","20200205","+,,7","-8.3",",7,22,","0",",,7,29,+","0",",,7,29,+","77.7",",,7,07,","20.6",",7,05,+","","","367.5",",7","157.6",",,,7","0",",,,7","5.66",",7","12.38",",,,7","-1.06",",,,7"
"USC00441082","2020-03","37.0679","-78.9517","124.4","BROOKNEAL, VA US","","","8.3",",7","13",",7","8",",7","0",",7","0",",7","0",",7","0",",7","6",",7","0",",7","9",",7","0",",7","","","20200301",",,7","20200331","+,,7","20200304",",,7","","","20200325",",,7","20200330",",,7","-7.8",",7,01,","0",",,7,31,+","0",",T,7,04,","19.1",",,7,25,","31.1",",7,30,","","","234.4",",7","58.0",",,,7","0",",T,,7","11.04",",7","17.99",",,,7","4.09",",,,7"
"USC00441082","2020-05","37.0679","-78.9517","124.4","BROOKNEAL, VA US","","","","","10",",7","7",",7","1",",7","0",",7","0",",7","","","","","","","","","","","1","","","","20200531","+,,7","20200531","+,,7","","","20200520",",,7","","","","","0",",,7,31,+","0",",,7,31,+","51.8",",,7,20,","","","","","","","117.3",",,,7","0",",,,7","","","","","",""
"USC00441082","2020-06","37.0679","-78.9517","124.4","BROOKNEAL, VA US","","","121.8",",7","8",",7","6",",7","2",",7","0",",7","0",",7","0",",7","0",",7","0",",7","27",",7","3",",7","1","","20200602","+,,7","20200630","+,,7","20200630","+,,7","","","20200617",",,7","20200604",",,7","9.4",",7,02,+","0",",,7,30,+","0",",,7,30,+","50.8",",,7,17,","33.3",",7,04,","","","9.5",",7","133.6",",,,7","0",",,,7","22.08",",7","28.24",",,,7","15.92",",,,7"
"USC00441082","2020-07","37.0679","-78.9517","124.4","BROOKNEAL, VA US","","","235.0",",7","9",",7","7",",7","0",",7","0",",7","0",",7","0",",7","0",",7","0",",7","31",",7","19",",7","1","","20200712",",,7","20200731","+,,7","20200731","+,,7","","","20200723",",,7","20200721",",,7","15.0",",7,12,","0",",,7,31,+","0",",,7,31,+","19.1",",,7,23,","35.6",",7,21,","0.0","7","0.0",",7","72.5",",,,7","0",",,,7","25.91",",7","32.44",",,,7","19.38",",,,7"
"USC00441082","2020-08","37.0679","-78.9517","124.4","BROOKNEAL, VA US","","","200.7",",7","15",",7","7",",7","2",",7","0",",7","0",",7","0",",7","0",",7","0",",7","31",",7","8",",7","","","20200819",",,7","20200831","+,,7","20200831","+,,7","","","20200803",",,7","20200803",",,7","16.1",",7,19,","0",",,7,31,+","0",",,7,31,+","49.3",",,7,03,","33.3",",7,03,","0.0","7","0.0",",7","172.9",",,,7","0",",,,7","24.81",",7","30.19",",,,7","19.42",",,,7"
"USC00441082","2020-09","37.0679","-78.9517","124.4","BROOKNEAL, VA US","","","63.4",",7","9",",7","7",",7","3",",7","0",",7","0",",7","0",",7","0",",7","0",",7","22",",7","2",",7","3","","20200922",",,7","20200930","+,,7","20200930","+,,7","","","20200918",",,7","20200905","+,,7","3.3",",7,22,","0",",,7,30,+","0",",,7,30,+","88.9",",,7,18,","32.8",",7,05,+","37.8","7","37.8",",7","224.6",",,,7","0",",,,7","19.19",",7","24.63",",,,7","13.74",",,,7"
"USC00441082","2020-10","37.0679","-78.9517","124.4","BROOKNEAL, VA US","","","1.4",",7","11",",7","9",",7","2",",7","0",",7","0",",7","0",",7","0",",7","0",",7","16",",7","0",",7","2","","20201018",",,7","20201031","+,,7","20201031","+,,7","","","20201025",",,7","20201025","+,,7","1.1",",7,18,","0",",,7,31,+","0",",,7,31,+","97.8",",,7,25,","27.2",",7,25,+","138.0","7","100.2",",7","214.8",",,,7","0",",,,7","15.15",",7","21.70",",,,7","8.59",",,,7"
"USC00441082","2020-11","37.0679","-78.9517","124.4","BROOKNEAL, VA US","","","1.1",",7","8",",7","7",",7","2",",7","0",",7","0",",7","0",",7","11",",7","0",",7","12",",7","0",",7","","","20201120",",,7","20201130","+,,7","20201130","+,,7","","","20201112",",,7","20201111","+,,7","-4.4",",7,20,","0",",,7,30,+","0",",,7,30,+","74.9",",,7,12,","24.4",",7,11,+","357.1","7","219.1",",7","180.9",",,,7","0",",,,7","11.07",",7","19.05",",,,7","3.08",",,,7"
"USC00441082","2020-12","37.0679","-78.9517","124.4","BROOKNEAL, VA US","","","0.0","1,7","14",",7","6",",7","3",",7","0",",7","0",",7","0",",7","25",",7","1","1,7","0","1,7","0","1,7","","","20201226",",,7","20201231","+,,7","20201231","+,,7","","","20201225",",,7","20201215","+,1,7","-8.3",",7,26,","0",",,7,31,+","0",",,7,31,+","38.6",",,7,25,","20.0","1,7,15,+","787.7","7","430.6","1,7","141.4",",,,7","0",",,,7","3.96","1,7","10.59","1,,,7","-2.67",",,,7"
"USC00441082","2021-01","37.0679","-78.9517","124.4","BROOKNEAL, VA US","0.0","7","0.0",",7","12",",7","6",",7","1",",7","2",",7","2",",7","0",",7","26",",7","0",",7","0",",7","0",",7","","","20210131","+,,7","20210131",",,7","20210131",",,7","","","20210126",",,7","20210103",",,7","-9.4",",7,31,+","76",",,7,31,","76",",,7,31,","41.7",",,7,26,","17.8",",7,03,","1261.2","7","473.5",",7","89.9",",,,7","127",",,,7","3.06",",7","9.50",",,,7","-3.38",",,,7"
"USC00441082","2021-02","37.0679","-78.9517","124.4","BROOKNEAL, VA US","0.0","7","0.0",",7","13",",7","13",",7","1",",7","0",",7","0",",7","0",",7","26",",7","1",",7","1",",7","0",",7","","","20210221","+,,7","20210218","+,,7","20210207",",,7","","","20210216",",,7","20210225",",,7","-9.4",",7,21,+","0",",T,7,18,+","8",",,7,07,","25.9",",,7,16,","21.1",",7,25,","1703.7","7","442.5",",7","143.4",",,,7","8",",,,7","2.53",",7","8.22",",,,7","-3.16",",,,7"
"USC00441082","2021-03","37.0679","-78.9517","124.4","BROOKNEAL, VA US","0.0","7","0.0",",7","12",",7","10",",7","0",",7","0",",7","0",",7","0",",7","18",",7","0",",7","8",",7","0",",7","4","","20210309","+,,7","20210331","+,,7","20210331","+,,7","","","20210319",",,7","20210327",",,7","-6.7",",7,09,+","0",",,7,31,+","0",",,7,31,+","17.8",",,7,19,","28.3",",7,27,","2022.3","7","318.6",",7","75.7",",,,7","0",",,,7","8.05",",7","16.38",",,,7","-0.27",",,,7"
"USC00441082","2021-04","37.0679","-78.9517","124.4","BROOKNEAL, VA US","9.1","7","9.1","1,7","11",",7","6",",7","0",",7","0",",7","0",",7","0","1,7","7","1,7","0",",7","17",",7","0",",7","1","","20210404","+,1,7","20210430","+,,7","20210430","+,,7","","","20210401",",,7","20210429",",,7","-5.6","1,7,04,+","0",",,7,30,+","0",",,7,30,+","17.8",",,7,01,","30.0",",7,29,","2206.1","7","183.8",",7","64.2",",,,7","0",",,,7","12.43","1,7","21.32",",,,7","3.54","1,,,7"
"USC00441082","2021-05","37.0679","-78.9517","124.4","BROOKNEAL, VA US","45.7","7","36.6",",7","12",",7","6",",7","0",",7","0",",7","0",",7","0",",7","0",",7","0",",7","24",",7","2",",7","2","","20210514",",,7","20210531","+,,7","20210531","+,,7","1","","20210529",",,7","20210527","+,,7","1.1",",7,14,","0",",,7,31,+","0",",,7,31,+","18.3",",,7,29,","32.2",",7,27,+","2294.1","7","88.0",",7","47.8",",,,7","0",",,,7","16.68",",7","24.41",",,,7","8.95",",,,7"
"USC00441082","2021-06","37.0679","-78.9517","124.4","BROOKNEAL, VA US","161.4","7","115.7",",7","7",",7","5",",7","1",",7","0",",7","0",",7","0",",7","0",",7","0",",7","30",",7","4",",7","2","","20210602","+,,7","20210630","+,,7","20210630","+,,7","","","20210610",",,7","20210622",",,7","8.3",",7,02,+","0",",,7,30,+","0",",,7,30,+","25.4",",,7,10,","34.4",",7,22,","2300.8","7","6.7",",7","51.8",",,,7","0",",,,7","21.97",",7","28.81",",,,7","15.12",",,,7"
"USC00441082","2021-07","37.0679","-78.9517","124.4","BROOKNEAL, VA US","346.5","7","185.1",",7","9",",7","8",",7","3",",7","0",",7","0",",7","0",",7","0",",7","0",",7","31",",7","10",",7","","","20210704",",,7","20210731","+,,7","20210731","+,,7","","","20210702",",,7","20210701",",,7","11.7",",7,04,","0",",,7,31,+","0",",,7,31,+","67.6",",,7,02,","34.4",",7,01,","0.0","7","0.0",",7","145.3",",,,7","0",",,,7","24.30",",7","30.82",",,,7","17.78",",,,7"
"USC00441082","2021-08","37.0679","-78.9517","124.4","BROOKNEAL, VA US","536.0","7","189.5",",7","15",",7","12",",7","2",",7","0",",7","0",",7","0",",7","0",",7","0",",7","31",",7","10",",7","3","","20210805",",,7","20210831","+,,7","20210831","+,,7","","","20210820",",,7","20210815","+,,7","13.3",",7,05,","0",",,7,31,+","0",",,7,31,+","30.5",",,7,20,","34.4",",7,15,+","0.0","7","0.0",",7","121.0",",,,7","0",",,,7","24.45",",7","30.70",",,,7","18.19",",,,7"
"USC00441082","2021-09","37.0679","-78.9517","124.4","BROOKNEAL, VA US","606.9","7","70.9",",7","7",",7","4",",7","1",",7","0",",7","0",",7","0",",7","0",",7","0",",7","30",",7","2",",7","5","","20210925","+,,7","20210930","+,,7","20210930","+,,7","1","","20210923",",,7","20210915","+,,7","5.6",",7,25,+","0",",,7,30,+","0",",,7,30,+","27.4",",,7,23,","32.2",",7,15,+","19.9","7","19.9",",7","64.1",",,,7","0",",,,7","20.03",",7","27.21",",,,7","12.86",",,,7"
"USC00441082","2021-10","37.0679","-78.9517","124.4","BROOKNEAL, VA US","623.6","7","16.7",",7","10",",7","3",",7","1",",7","0",",7","0",",7","0",",7","0",",7","0",",7","27",",7","0",",7","2","","20211020",",,7","20211031","+,,7","20211031","+,,7","","","20211026",",,7","20211016",",,7","1.1",",7,20,","0",",,7,31,+","0",",,7,31,+","38.1",",,7,26,","30.0",",7,16,","91.6","7","71.7",",7","61.2",",,,7","0",",,,7","16.56",",7","23.63",",,,7","9.48",",,,7"
"USC00441082","2021-11","37.0679","-78.9517","124.4","BROOKNEAL, VA US","623.6","7","0.0",",7","5",",7","1",",7","0",",7","0",",7","0",",7","0",",7","20",",7","0",",7","7",",7","0",",7","1","","20211125","+,,7","20211130","+,,7","20211130","+,,7","","","20211112",",,7","20211110",",,7","-7.2",",7,25,+","0",",,7,30,+","0",",,7,30,+","8.4",",,7,12,","27.2",",7,10,","428.0","7","336.4",",7","11.3",",,,7","0",",,,7","7.12",",7","15.41",",,,7","-1.17",",,,7"
"USC00441082","2021-12","37.0679","-78.9517","124.4","BROOKNEAL, VA US","623.6","7","0.0",",7","5",",7","4",",7","0",",7","0",",7","0",",7","0",",7","16",",7","0",",7","7",",7","0",",7","4","","20211223",",,7","20211231","+,,7","20211231","+,,7","","","20211230","+,,7","20211207",",,7","-6.7",",7,23,","0",",,7,31,+","0",",,7,31,+","7.6",",,7,30,+","22.2",",7,07,","731.2","7","303.2",",7","27.2",",,,7","0",",,,7","8.55",",7","15.88",",,,7","1.22",",,,7"
"USC00441082","2022-01","37.0679","-78.9517","124.4","BROOKNEAL, VA US","0.9","7","0.9",",7","11",",7","8",",7","1",",7","4","2,7","2","1,7","0",",7","28",",7","1",",7","1",",7","0",",7","","","20220122",",,7","20220118","+,2,7","20220117",",1,7","","","20220103",",,7","20220102",",,7","-11.7",",7,22,","76","2,,7,18,+","74","1,,7,17,","38.4",",,7,03,","25.6",",7,02,","1259.2","7","528.0",",7","107.0",",,,7","117","1,,,7","1.33",",7","7.42",",,,7","-4.76",",,,7"
"USC00441082","2022-02","37.0679","-78.9517","124.4","BROOKNEAL, VA US","0.9","7","0.0",",7","10",",7","9",",7","0",",7","0",",7","0",",7","0",",7","22",",7","0",",7","2",",7","0",",7","1","","20220215",",,7","20220228","+,,7","20220214","+,,7","","","20220204",",,7","20220223",",,7","-8.9",",7,15,","0",",,7,28,+","0",",T,7,14,+","14.0",",,7,04,","22.2",",7,23,","1620.0","7","360.8",",7","66.7",",,,7","0",",T,,7","5.45",",7","13.76",",,,7","-2.87",",,,7"
"USC00441082","2022-03","37.0679","-78.9517","124.4","BROOKNEAL, VA US","3.4","7","2.5",",7","9",",7","8",",7","2",",7","0",",7","0",",7","0",",7","13",",7","0",",7","9",",7","0",",7","","","20220313",",,7","20220331","+,,7","20220331","+,,7","","","20220317",",,7","20220320","+,,7","-6.7",",7,13,","0",",,7,31,+","0",",,7,31,+","33.0",",,7,17,","27.2",",7,20,+","1888.8","7","268.8",",7","118.4",",,,7","0",",,,7","9.74",",7","17.51",",,,7","1.97",",,,7"
"USC00441082","2022-04","37.0679","-78.9517","124.4","BROOKNEAL, VA US","16.0","7","12.6",",7","6",",7","4",",7","1",",7","0",",7","0",",7","0",",7","6",",7","0",",7","17",",7","0",",7","","","20220420","+,,7","20220430","+,,7","20220430","+,,7","","","20220419",",,7","20220426","+,,7","-2.2",",7,20,+","0",",,7,30,+","0",",,7,30,+","25.7",",,7,19,","31.1",",7,26,+","2042.4","7","153.6",",7","44.1",",,,7","0",",,,7","13.63",",7","22.00",",,,7","5.26",",,,7"
"USC00441082","2022-05","37.0679","-78.9517","124.4","BROOKNEAL, VA US","66.3","7","50.3",",7","12",",7","9",",7","1",",7","0",",7","0",",7","0",",7","0",",7","0",",7","24",",7","3",",7","1","","20220510","+,,7","20220531","+,,7","20220531","+,,7","","","20220524",",,7","20220521",",,7","3.9",",7,10,+","0",",,7,31,+","0",",,7,31,+","43.7",",,7,24,","33.9",",7,21,","2091.9","7","49.5",",7","110.2",",,,7","0",",,,7","18.36",",7","24.84",",,,7","11.88",",,,7"
"USC00441082","2022-06","37.0679","-78.9517","124.4","BROOKNEAL, VA US","195.5","7","129.2",",7","7",",7","5",",7","1",",7","0",",7","0",",7","0",",7","0",",7","0",",7","30",",7","9",",7","","","20220619",",,7","20220630","+,,7","20220630","+,,7","1","","20220617",",,7","20220623","+,,7","8.9",",7,19,","0",",,7,30,+","0",",,7,30,+","25.4",",,7,17,","33.9",",7,23,+","2091.9","7","0.0",",7","47.4",",,,7","0",",,,7","22.64",",7","30.25",",,,7","15.02",",,,7"
"USC00441082","2022-07","37.0679","-78.9517","124.4","BROOKNEAL, VA US","419.6","7","224.1",",7","11",",7","10",",7","3",",7","0",",7","0",",7","0",",7","0",",7","0",",7","31",",7","19",",7","","","20220711",",,7","20220731","+,,7","20220731","+,,7","","","20220719",",,7","20220725",",,7","13.3",",7,11,","0",",,7,31,+","0",",,7,31,+","27.9",",,7,19,","36.1",",7,25,","0.6","7","0.6",",7","161.2",",,,7","0",",,,7","25.54",",7","31.95",",,,7","19.13",",,,7"
"USC00441082","2022-08","37.0679","-78.9517","124.4","BROOKNEAL, VA US","592.8","7","173.2",",7","8",",7","7",",7","1",",7","0",",7","0",",7","0",",7","0",",7","0",",7","31",",7","9",",7","","","20220813",",,7","20220831","+,,7","20220831","+,,7","","","20220816",",,7","20220829","+,,7","12.2",",7,13,","0",",,7,31,+","0",",,7,31,+","25.9",",,7,16,","33.3",",7,29,+","0.6","7","0.0",",7","73.3",",,,7","0",",,,7","23.92",",7","30.18",",,,7","17.66",",,,7"
"USC00441082","2022-09","37.0679","-78.9517","124.4","BROOKNEAL, VA US","670.5","7","77.7",",7","5",",7","3",",7","0",",7","0",",7","0",",7","0",",7","0",",7","0",",7","28",",7","0",",7","2","","20220928",",,7","20220930","+,,7","20220930","+,,7","","","20220911",",,7","20220923","+,,7","2.8",",7,28,","0",",,7,30,+","0",",,7,30,+","16.3",",,7,11,","31.7",",7,23,+","23.3","7","22.7",",7","35.9",",,,7","0",",,,7","20.17",",7","27.80",",,,7","12.53",",,,7"
"USC00441082","2022-10","37.0679","-78.9517","124.4","BROOKNEAL, VA US","670.5","7","0.0",",7","6",",7","5",",7","1",",7","0",",7","0",",7","0",",7","5",",7","0",",7","16",",7","0",",7","1","","20221022","+,,7","20221031","+,,7","20221031","+,,7","","","20221001",",,7","20221008",",,7","-2.8",",7,22,+","0",",,7,31,+","0",",,7,31,+","25.9",",,7,01,","27.2",",7,08,","213.9","7","190.6",",7","56.3",",,,7","0",",,,7","12.18",",7","20.50",",,,7","3.87",",,,7"
"USC00441082","2022-11","37.0679","-78.9517","124.4","BROOKNEAL, VA US","674.2","7","3.7",",7","11",",7","7",",7","0",",7","0",",7","0",",7","0",",7","17",",7","0",",7","8",",7","0",",7","1","","20221122","+,,7","20221130","+,,7","20221130","+,,7","","","20221128",",,7","20221108",",,7","-8.3",",7,22,+","0",",,7,30,+","0",",,7,30,+","17.3",",,7,28,","27.8",",7,08,","493.8","7","279.9",",7","89.4",",,,7","0",",,,7","9.12",",7","17.08",",,,7","1.16",",,,7"
"USC00441082","2022-12","37.0679","-78.9517","124.4","BROOKNEAL, VA US","674.2","7","0.0",",7","11",",7","9",",7","1",",7","0",",7","0",",7","0",",7","25",",7","1",",7","0",",7","0",",7","2","","20221225","+,,7","20221231","+,,7","20221231","+,,7","","","20221223",",,7","20221231",",,7","-15.0",",7,25,+","0",",,7,31,+","0",",,7,31,+","26.4",",,7,23,","19.4",",7,31,","983.7","7","489.9",",7","104.9",",,,7","0",",,,7","2.53",",7","9.93",",,,7","-4.87",",,,7"
"USC00441082","2023-01","37.0679","-78.9517","124.4","BROOKNEAL, VA US","0.0","7","0.0",",7","11",",7","8",",7","0",",7","0",",7","0",",7","0",",7","23",",7","0",",7","0",",7","0",",7","4","","20230116",",,7","20230131","+,,7","20230131","+,,7","","","20230126",",,7","20230105","+,,7","-7.8",",7,16,","0",",,7,31,+","0",",,7,31,+","18.5",",,7,26,","19.4",",7,05,+","1396.7","7","413.0",",7","94.7",",,,7","0",",,,7","5.01",",7","12.10",",,,7","-2.08",",,,7"
"USC00441082","2023-02","37.0679","-78.9517","124.4","BROOKNEAL, VA US","0.0","7","0.0",",7","9",",7","6",",7","1",",7","0",",7","0",",7","0",",7","12",",7","0",",7","5",",7","0",",7","","","20230204",",,7","20230228","+,,7","20230203","+,,7","","","20230213",",,7","20230228",",,7","-10.0",",7,04,","0",",,7,28,+","0",",T,7,03,+","27.9",",,7,13,","24.4",",7,28,","1692.8","7","296.1",",7","72.4",",,,7","0",",T,,7","7.76",",7","15.27",",,,7","0.25",",,,7"
"USC00441082","2023-03","37.0679","-78.9517","124.4","BROOKNEAL, VA US","0.8","7","0.8",",7","10",",7","6",",7","0",",7","0",",7","0",",7","0",",7","18",",7","0",",7","6",",7","0",",7","","","20230320",",,7","20230331","+,,7","20230313",",,7","","","20230304",",,7","20230325",",,7","-8.3",",7,20,","0",",,7,31,+","3",",,7,13,","10.9",",,7,04,","28.9",",7,25,","2013.1","7","320.3",",7","39.2",",,,7","3",",,,7","8.03",",7","16.01",",,,7","0.05",",,,7"
"USC00441082","2023-04","37.0679","-78.9517","124.4","BROOKNEAL, VA US","6.9","7","6.1",",7","9",",7","9",",7","1",",7","0",",7","0",",7","0",",7","5",",7","0",",7","17",",7","0",",7","","","20230410",",,7","20230430","+,,7","20230430","+,,7","1","","20230428",",,7","20230421",",,7","-2.2",",7,10,","0",",,7,30,+","0",",,7,30,+","49.8",",,7,28,","31.1",",7,21,","2164.2","7","151.1",",7","153.1",",,,7","0",",,,7","13.50",",7","22.38",",,,7","4.62",",,,7"
"USC00441082","2023-05","37.0679","-78.9517","124.4","BROOKNEAL, VA US","24.8","7","17.9",",7","11",",7","8",",7","0",",7","0",",7","0",",7","0",",7","0",",7","0",",7","20",",7","0",",7","1","","20230503",",,7","20230531","+,,7","20230531","+,,7","","","20230529",",,7","20230513",",,7","2.2",",7,03,","0",",,7,31,+","0",",,7,31,+","11.9",",,7,29,","28.9",",7,13,","2246.5","7","82.3",",7","50.7",",,,7","0",",,,7","16.26",",7","23.11",",,,7","9.40",",,,7"
"USC00441082","2023-06","37.0679","-78.9517","124.4","BROOKNEAL, VA US","75.1","7","50.3",",7","9",",7","7",",7","2",",7","0",",7","0",",7","0",",7","0",",7","0",",7","27",",7","0",",7","1","","20230609",",,7","20230630","+,,7","20230630","+,,7","1","","20230623",",,7","20230627",",,7","7.2",",7,09,","0",",,7,30,+","0",",,7,30,+","40.9",",,7,23,","31.1",",7,27,","2260.9","7","14.4",",7","100.0",",,,7","0",",,,7","19.53",",7","26.65",",,,7","12.41",",,,7"
"USC00441082","2023-07","37.0679","-78.9517","124.4","BROOKNEAL, VA US","264.7","7","189.6",",7","11",",7","10",",7","2",",7","0",",7","0",",7","0",",7","0",",7","0",",7","31",",7","5",",7","2","","20230713","+,,7","20230731","+,,7","20230731","+,,7","3","","20230710",",,7","20230730","+,,7","15.6",",7,13,+","0",",,7,31,+","0",",,7,31,+","29.7",",,7,10,","33.9",",7,30,+","0.0","7","0.0",",7","144.2",",,,7","0",",,,7","24.45",",7","30.50",",,,7","18.40",",,,7"
"USC00441082","2023-08","37.0679","-78.9517","124.4","BROOKNEAL, VA US","405.5","7","140.8",",7","8",",7","8",",7","0",",7","0",",7","0",",7","0",",7","0",",7","0",",7","30",",7","3",",7","","","20230819",",,7","20230831","+,,7","20230831","+,,7","","","20230804",",,7","20230826",",,7","11.7",",7,19,","0",",,7,31,+","0",",,7,31,+","22.4",",,7,04,","32.8",",7,26,","0.0","7","0.0",",7","83.9",",,,7","0",",,,7","22.88",",7","28.99",",,,7","16.76",",,,7"
"USC00441082","2023-09","37.0679","-78.9517","124.4","BROOKNEAL, VA US","464.8","7","59.3",",7","8",",7","6",",7","0",",7","0",",7","0",",7","0",",7","0",",7","0",",7","25",",7","4",",7","","","20230916",",,7","20230930","+,,7","20230930","+,,7","","","20230924",",,7","20230907",",,7","7.8",",7,16,","0",",,7,30,+","0",",,7,30,+","22.9",",,7,24,","33.3",",7,07,","22.5","7","22.5",",7","93.8",",,,7","0",",,,7","19.56",",7","25.72",",,,7","13.39",",,,7"
"USC00441082","2023-10","37.0679","-78.9517","124.4","BROOKNEAL, VA US","469.9","7","5.1",",7","6",",7","6",",7","0",",7","0",",7","0",",7","0",",7","3",",7","0",",7","17",",7","0",",7","1","","20231025","+,,7","20231031","+,,7","20231031","+,,7","","","20231015",",,7","20231030","+,,7","-1.1",",7,25,+","0",",,7,31,+","0",",,7,31,+","23.9",",,7,15,","28.9",",7,30,+","155.8","7","133.3",",7","41.0",",,,7","0",",,,7","14.20",",7","22.25",",,,7","6.15",",,,7"
"USC00441082","2023-11","37.0679","-78.9517","124.4","BROOKNEAL, VA US","469.9","7","0.0",",7","2",",7","2",",7","1",",7","0",",7","0",",7","0",",7","23",",7","0",",7","8",",7","0",",7","","","20231130","+,,7","20231130","+,,7","20231130","+,,7","","","20231122",",,7","20231101",",,7","-8.9",",7,30,+","0",",,7,30,+","0",",,7,30,+","53.3",",,7,22,","28.3",",7,01,","490.6","7","334.8",",7","55.8",",,,7","0",",,,7","7.17",",7","16.35",",,,7","-2.01",",,,7"
"USC00441082","2023-12","37.0679","-78.9517","124.4","BROOKNEAL, VA US","469.9","7","0.0",",7","10",",7","8",",7","3",",7","0",",7","0",",7","0",",7","28",",7","0",",7","0",",7","0",",7","2","","20231201",",,7","20231231","+,,7","20231231","+,,7","","","20231211",",,7","20231204",",,7","-9.4",",7,01,","0",",,7,31,+","0",",,7,31,+","52.6",",,7,11,","20.0",",7,04,","911.6","7","421.0",",7","145.1",",,,7","0",",,,7","4.75",",7","12.91",",,,7","-3.40",",,,7"
"USC00441082","2024-01","37.0679","-78.9517","124.4","BROOKNEAL, VA US","0.0","","0.0",",7","9",",7","8",",7","2",",7","1",",7","1",",7","0",",7","25",",7","2",",7","1",",7","0",",7","","","20240123","+,,7","20240116",",,7","20240116",",,7","","","20240110",",,7","20240127",",,7","-11.7",",7,23,+","25",",,7,16,","30",",,7,16,","59.7",",,7,10,","24.4",",7,27,","1399.6","","488.0",",7","163.4",",,,7","30",",,,7","2.59",",7","9.56",",,,7","-4.38",",,,7"
"USC00441082","2024-02","37.0679","-78.9517","124.4","BROOKNEAL, VA US","0.0","","0.0",",7","9",",7","6",",7","1",",7","0",",7","0",",7","0",",7","24",",7","0",",7","0",",7","0",",7","","","20240207",",,7","20240229","+,,7","20240229","+,,7","","","20240229",",,7","20240223",",,7","-7.2",",7,07,","0",",,7,29,+","0",",,7,29,+","25.4",",,7,29,","18.9",",7,23,","1780.4","","380.8",",7","79.1",",,,7","0",",,,7","5.20",",7","13.04",",,,7","-2.64",",,,7"
"USC00441082","2024-03","37.0679","-78.9517","124.4","BROOKNEAL, VA US","0.0","","0.0",",7","9",",7","8",",7","4",",7","0",",7","0",",7","0",",7","17",",7","0",",7","10",",7","0",",7","","","20240302","+,,7","20240331","+,,7","20240331","+,,7","","","20240323",",,7","20240315",",,7","-5.0",",7,02,+","0",",,7,31,+","0",",,7,31,+","38.1",",,7,23,","25.6",",7,15,","2059.3","","278.9",",7","143.2",",,,7","0",",,,7","9.34",",7","17.39",",,,7","1.28",",,,7"
"USC00441082","2024-04","37.0679","-78.9517","124.4","BROOKNEAL, VA US","9.7","","9.7",",7","5",",7","5",",7","0",",7","0",",7","0",",7","0",",7","5",",7","0",",7","18",",7","0",",7","","","20240408",",,7","20240430","+,,7","20240430","+,,7","","","20240412",",,7","20240416",",,7","-2.8",",7,08,","0",",,7,30,+","0",",,7,30,+","20.3",",,7,12,","31.1",",7,16,","2193.8","","134.5",",7","41.6",",,,7","0",",,,7","14.18",",7","22.03",",,,7","6.32",",,,7"
"USC00441082","2024-05","37.0679","-78.9517","124.4","BROOKNEAL, VA US","51.4","","41.7","1,H","14","1,H","10","1,H","2","1,H","0","1,H","0","1,H","0","1,H","0","1,H","0","1,H","27","1,H","0","1,H","","","20240513",",1,H","20240531","+,1,H","20240531","+,1,H","","","20240515",",1,H","20240504","+,1,H","5.0","1,H,13,","0","1,,H,31,+","0","1,,H,31,+","38.9","1,,H,15,","31.1","1,H,04,+","2217.5","","23.7","1,H","113.4","1,,,H","0","1,,,H","18.93","1,H","25.65","1,,,H","12.22","1,,,H"
