"STATION","DATE","LATITUDE","LONGITUDE","ELEVATION","NAME","CDSD","CDSD_ATTRIBUTES","CLDD","CLDD_ATTRIBUTES","DP01","DP01_ATTRIBUTES","DP10","DP10_ATTRIBUTES","DP1X","DP1X_ATTRIBUTES","DSND","DSND_ATTRIBUTES","DSNW","DSNW_ATTRIBUTES","DT00","DT00_ATTRIBUTES","DT32","DT32_ATTRIBUTES","DX32","DX32_ATTRIBUTES","DX70","DX70_ATTRIBUTES","DX90","DX90_ATTRIBUTES","DYFG","DYFG_ATTRIBUTES","DYNT","DYNT_ATTRIBUTES","DYSD","DYSD_ATTRIBUTES","DYSN","DYSN_ATTRIBUTES","DYTS","DYTS_ATTRIBUTES","DYXP","DYXP_ATTRIBUTES","DYXT","DYXT_ATTRIBUTES","EMNT","EMNT_ATTRIBUTES","EMSD","EMSD_ATTRIBUTES","EMSN","EMSN_ATTRIBUTES","EMXP","EMXP_ATTRIBUTES","EMXT","EMXT_ATTRIBUTES","HDSD","HDSD_ATTRIBUTES","HTDD","HTDD_ATTRIBUTES","PRCP","PRCP_ATTRIBUTES","SNOW","SNOW_ATTRIBUTES","TAVG","TAVG_ATTRIBUTES","TMAX","TMAX_ATTRIBUTES","TMIN","TMIN_ATTRIBUTES"
"USC00101671","1948-08","43.97775","-113.82913","1908.0","CHILLY BARTON FLAT, ID US","","","0.0",",0","4",",0","4",",0","0",",0","0",",0","0",",0","0",",0","17",",0","0",",0","28",",0","0",",0","","","19480820",",,0","19480831","+,,0","19480831","+,,0","","","19480809","+,,0","19480828",",,0","-4.4",",0,20,","0",",,0,31,+","0",",,0,31,+","3.8",",,0,09,+","30.0",",0,28,","","","177.3",",0","13.4",",,,0","0",",,,0","12.61",",0","25.20",",,,0","0.03",",,,0"
"USC00101671","1948-09","43.97775","-113.82913","1908.0","CHILLY BARTON FLAT, ID US","","","0.0","1,0","5",",0","4",",0","0",",0","0",",0","1",",0","0","1,0","23","1,0","0",",0","16",",0","0",",0","","","19480929","+,1,0","19480930","+,,0","19480925",",,0","","","19480925",",,0","19480901",",,0","-6.1","1,0,29,+","0",",,0,30,+","51",",,0,25,","16.3",",,0,25,","29.4",",0,01,","","","261.7",",0","44.3",",,,0","51",",,,0","9.27","1,0","21.14",",,,0","-2.59","1,,,0"
"USC00101671","1948-10","43.97775","-113.82913","1908.0","CHILLY BARTON FLAT, ID US","","","0.0","1,0","2",",0","1",",0","0",",0","0",",0","0",",0","0","1,0","27","1,0","0",",0","4",",0","0",",0","","","19481026","+,1,0","19481031","+,,0","19481031","+,,0","","","19481004",",,0","19481012",",,0","-13.3","1,0,26,+","0",",,0,31,+","0",",,0,31,+","7.6",",,0,04,","22.8",",0,12,","","","420.2",",0","9.1",",,,0","0",",,,0","4.25","1,0","15.05",",,,0","-6.55","1,,,0"
"USC00101671","1948-11","43.97775","-113.82913","1908.0","CHILLY BARTON FLAT, ID US","","","0.0",",0","8",",0","4",",0","0",",0","4",",0","4",",0","5",",0","30",",0","12",",0","0",",0","0",",0","","","19481107",",,0","19481106",",,0","19481106",",,0","","","19481102",",,0","19481113","+,,0","-24.4",",0,07,","76",",,0,06,","76",",,0,06,","3.8",",,0,02,","11.1",",0,13,+","","","708.0",",0","17.0",",,,0","177",",,,0","-5.27",",0","1.74",",,,0","-12.28",",,,0"
"USC00101671","1948-12","43.97775","-113.82913","1908.0","CHILLY BARTON FLAT, ID US","","","0.0",",0","5",",0","3",",0","0",",0","","","5",",0","25",",0","31",",0","27",",0","0",",0","0",",0","","","19481226","+,,0","","","19481214","+,,0","","","19481202",",,0","19481203",",,0","-33.9",",0,26,+","","","102",",,0,14,+","3.8",",,0,02,","4.4",",0,03,","","","1017.1",",0","11.4",",,,0","305",",,,0","-14.48",",0","-5.43",",,,0","-23.53",",,,0"
"USC00101671","1949-01","43.97775","-113.82913","1908.0","CHILLY BARTON FLAT, ID US","0.0","0","0.0",",0","7",",0","3",",0","0",",0","","","7",",0","31",",0","31",",0","31",",0","0",",0","0",",0","2","","19490125",",,0","","","19490115",",,0","","","19490115","+,,0","19490113",",,0","-41.1",",0,25,","","","102",",,0,15,","3.8",",,0,15,+","-0.6",",0,13,","","","1157.9",",0","15.3",",,,0","304",",,,0","-19.02",",0","-10.11",",,,0","-27.93",",,,0"
"USC00101671","1949-02","43.97775","-113.82913","1908.0","CHILLY BARTON FLAT, ID US","0.0","0","0.0",",0","3","1,0","1","1,0","0","1,0","","","3",",0","20",",0","28",",0","15",",0","0",",0","0",",0","4","","19490202",",,0","","","19490215","+,,0","","","19490215",",1,0","19490223",",,0","-37.2",",0,02,","","","25",",,0,15,+","2.5","1,,0,15,","6.7",",0,23,","","","855.8",",0","5.1","1,,,0","75",",,,0","-12.23",",0","-2.92",",,,0","-21.55",",,,0"
"USC00101671","1949-03","43.97775","-113.82913","1908.0","CHILLY BARTON FLAT, ID US","0.0","0","0.0",",0","3",",0","1",",0","0",",0","","","1",",0","1",",0","31",",0","1",",0","0",",0","0",",0","","","19490301",",,0","","","19490313",",,0","","","19490313",",,0","19490318",",,0","-20.6",",0,01,","","","25",",,0,13,","2.5",",,0,13,","11.1",",0,18,","","","634.6",",0","5.1",",,,0","51",",,,0","-2.14",",0","5.40",",,,0","-9.68",",,,0"
"USC00101671","1949-04","43.97775","-113.82913","1908.0","CHILLY BARTON FLAT, ID US","0.0","0","0.0",",0","3",",0","2",",0","0",",0","0",",0","0",",0","1",",0","28",",0","0",",0","5",",0","0",",0","","","19490414",",,0","19490430","+,,0","19490430","+,,0","","","19490429",",,0","19490423",",,0","-18.9",",0,14,","0",",,0,30,+","0",",,0,30,+","3.8",",,0,29,","22.8",",0,23,","","","440.3",",0","7.6",",,,0","0",",,,0","3.66",",0","16.04",",,,0","-8.73",",,,0"
"USC00101671","1949-05","43.97775","-113.82913","1908.0","CHILLY BARTON FLAT, ID US","","","","","13",",0","13",",0","0",",0","0",",0","0",",0","","","","","0",",0","10",",0","0",",0","","","","","19490531","+,,0","19490520","+,,0","","","19490517",",,0","19490512",",,0","","","0",",,0,31,+","0",",T,0,20,+","20.3",",,0,17,","25.0",",0,12,","","","","","114.2",",,,0","0",",T,,0","","","17.66",",,,0","",""
"USC00101671","1949-06","43.97775","-113.82913","1908.0","CHILLY BARTON FLAT, ID US","","","0.0",",0","4",",0","3",",0","0",",0","0",",0","0",",0","0",",0","9",",0","0",",0","18",",0","0",",0","","","19490627",",,0","19490630","+,,0","19490630","+,,0","3","","19490619","+,,0","19490610",",,0","-4.4",",0,27,","0",",,0,30,+","0",",,0,30,+","3.8",",,0,19,+","26.7",",0,10,","","","206.4",",0","11.6",",,,0","0",",,,0","11.45",",0","20.76",",,,0","2.14",",,,0"
"USC00101671","1949-07","43.97775","-113.82913","1908.0","CHILLY BARTON FLAT, ID US","","","0.0",",0","3",",0","3",",0","0",",0","0",",0","0",",0","0",",0","3",",0","0",",0","30",",0","0",",0","","","19490721",",,0","19490731","+,,0","19490731","+,,0","4","","19490705",",,0","19490731",",,0","-2.2",",0,21,","0",",,0,31,+","0",",,0,31,+","6.4",",,0,05,","31.1",",0,31,","114.1","0","114.1",",0","14.3",",,,0","0",",,,0","14.65",",0","25.86",",,,0","3.45",",,,0"
"USC00101671","1949-08","43.97775","-113.82913","1908.0","CHILLY BARTON FLAT, ID US","","","6.5",",0","2",",0","2",",0","0",",0","0",",0","0",",0","0",",0","6",",0","0",",0","31",",0","0",",0","","","19490825",",,0","19490831","+,,0","19490831","+,,0","2","","19490810",",,0","19490806","+,,0","-1.7",",0,25,","0",",,0,31,+","0",",,0,31,+","7.6",",,0,10,","30.6",",0,06,+","229.6","0","115.5",",0","10.1",",,,0","0",",,,0","14.82",",0","26.07",",,,0","3.56",",,,0"
"USC00101671","1949-09","43.97775","-113.82913","1908.0","CHILLY BARTON FLAT, ID US","","","0.0",",0","3",",0","3",",0","0",",0","0",",0","0",",0","0",",0","19",",0","0",",0","22",",0","0",",0","","","19490927","+,,0","19490930","+,,0","19490930","+,,0","1","","19490916",",,0","19490923",",,0","-6.7",",0,27,+","0",",,0,30,+","0",",,0,30,+","7.6",",,0,16,","27.8",",0,23,","473.0","0","243.4",",0","13.9",",,,0","0",",,,0","10.22",",0","22.07",",,,0","-1.63",",,,0"
"USC00101671","1949-10","43.97775","-113.82913","1908.0","CHILLY BARTON FLAT, ID US","","","0.0",",0","5",",0","3",",0","0",",0","2","2,0","3",",0","0",",0","28",",0","0",",0","0",",0","0",",0","","","19491017",",,0","19491007",",2,0","19491007",",,0","","","19491001",",,0","19491004",",,0","-12.2",",0,17,","152","2,,0,07,","152",",,0,07,","20.3",",,0,01,","19.4",",0,04,","971.1","0","498.1",",0","35.6",",,,0","202",",,,0","2.26",",0","10.90",",,,0","-6.37",",,,0"
"USC00101671","1949-11","43.97775","-113.82913","1908.0","CHILLY BARTON FLAT, ID US","","","0.0",",0","3",",0","3",",0","0",",0","1","1,0","1",",0","0",",0","29",",0","0",",0","0",",0","0",",0","","","19491121","+,,0","19491110",",1,0","19491110",",,0","","","19491123",",,0","19491104",",,0","-13.3",",0,21,+","25","1,,0,10,","25",",,0,10,","3.8",",,0,23,","18.9",",0,04,","1497.6","0","526.5",",0","8.8",",,,0","25",",,,0","0.78",",0","10.55",",,,0","-8.99",",,,0"
"USC00101671","1949-12","43.97775","-113.82913","1908.0","CHILLY BARTON FLAT, ID US","","","0.0",",0","1",",0","1",",0","0",",0","0","3,0","1",",0","11",",0","31",",0","16",",0","0",",0","0",",0","","","19491219",",,0","19491231","+,3,0","19491224",",,0","","","19491224",",,0","19491203","+,,0","-23.9",",0,19,","0","3,,0,31,+","51",",,0,24,","2.5",",,0,24,","6.7",",0,03,+","2314.1","0","816.5",",0","2.5",",,,0","51",",,,0","-8.01",",0","-0.71",",,,0","-15.30",",,,0"
"USC00101671","1950-01","43.97775","-113.82913","1908.0","CHILLY BARTON FLAT, ID US","0.0","0","0.0",",0","4",",0","4",",0","0",",0","","","4",",0","19",",0","31",",0","24",",0","0",",0","0",",0","","","19500130",",,0","","","19500123","+,,0","","","19500118",",,0","19500121",",,0","-37.2",",0,30,","","","51",",,0,23,+","3.8",",,0,18,","7.2",",0,21,","3286.8","0","972.7",",0","11.3",",,,0","152",",,,0","-13.05",",0","-5.81",",,,0","-20.28",",,,0"
"USC00101671","1950-02","43.97775","-113.82913","1908.0","CHILLY BARTON FLAT, ID US","","","","","0",",0","0",",0","0",",0","0",",0","0",",0","","","","","10",",0","0",",0","0",",0","","","","","19500228","+,,0","19500228","+,,0","","","19500222",",,0","19500225",",,0","","","0",",,0,28,+","0",",,0,28,+","0.0",",T,0,22,","9.4",",0,25,","","","","","0.0",",T,,0","0",",,,0","","","1.37",",,,0","",""
"USC00101671","1950-03","43.97775","-113.82913","1908.0","CHILLY BARTON FLAT, ID US","","","0.0",",0","6",",0","6",",0","0",",0","","","1","4,0","2",",0","31",",0","5",",0","0",",0","0",",0","","","19500313",",,0","","","19500305",",4,0","","","19500305",",,0","19500331",",,0","-23.3",",0,13,","","","152","4,,0,05,","12.7",",,0,05,","12.2",",0,31,","","","657.0",",0","31.4",",,,0","152","4,,,0","-2.86",",0","3.29",",,,0","-9.02",",,,0"
"USC00101671","1950-04","43.97775","-113.82913","1908.0","CHILLY BARTON FLAT, ID US","","","0.0",",0","2",",0","2",",0","0",",0","0",",0","2",",0","0",",0","27",",0","0",",0","1",",0","0",",0","","","19500404",",,0","19500430","+,,0","19500428",",,0","","","19500408",",,0","19500420",",,0","-10.6",",0,04,","0",",,0,30,+","51",",,0,28,","6.4",",,0,08,","21.1",",0,20,","","","451.6",",0","10.2",",,,0","76",",,,0","3.28",",0","10.74",",,,0","-4.18",",,,0"
"USC00101671","1950-05","43.97775","-113.82913","1908.0","CHILLY BARTON FLAT, ID US","","","0.0",",0","0",",0","0",",0","0",",0","0",",0","0",",0","0",",0","26",",0","0",",0","7",",0","0",",0","","","19500520",",,0","19500531","+,,0","19500531","+,,0","","","19500531","+,,0","19500527",",,0","-11.7",",0,20,","0",",,0,31,+","0",",,0,31,+","0.0",",,0,31,+","24.4",",0,27,","","","376.7",",0","0.0",",,,0","0",",,,0","6.18",",0","16.03",",,,0","-3.67",",,,0"
"USC00101671","1950-06","43.97775","-113.82913","1908.0","CHILLY BARTON FLAT, ID US","","","0.0",",0","6",",0","5",",0","0",",0","0",",0","0",",0","0",",0","12",",0","0",",0","12",",0","0",",0","","","19500603",",,0","19500630","+,,0","19500630","+,,0","","","19500607",",,0","19500630",",,0","-5.6",",0,03,","0",",,0,30,+","0",",,0,30,+","14.0",",,0,07,","27.8",",0,30,","","","233.5",",0","35.5",",,,0","0",",,,0","10.55",",0","20.13",",,,0","0.96",",,,0"
"USC00101671","1950-07","43.97775","-113.82913","1908.0","CHILLY BARTON FLAT, ID US","","","0.0",",0","7",",0","5",",0","1",",0","0",",0","0",",0","0",",0","0",",0","0",",0","29",",0","0",",0","","","19500721","+,,0","19500731","+,,0","19500731","+,,0","1","","19500707",",,0","19500701",",,0","1.7",",0,21,+","0",",,0,31,+","0",",,0,31,+","25.4",",,0,07,","28.3",",0,01,","117.5","0","117.5",",0","49.5",",,,0","0",",,,0","14.54",",0","24.52",",,,0","4.57",",,,0"
"USC00101671","1950-08","43.97775","-113.82913","1908.0","CHILLY BARTON FLAT, ID US","","","0.0",",0","4",",0","3",",0","0",",0","0",",0","0",",0","0",",0","5",",0","0",",0","28",",0","0",",0","","","19500807",",,0","19500831","+,,0","19500831","+,,0","","","19500805",",,0","19500818",",,0","-1.7",",0,07,","0",",,0,31,+","0",",,0,31,+","6.4",",,0,05,","28.9",",0,18,","275.0","0","157.5",",0","15.8",",,,0","0",",,,0","13.25",",0","24.63",",,,0","1.88",",,,0"
"USC00101671","1950-09","43.97775","-113.82913","1908.0","CHILLY BARTON FLAT, ID US","","","0.0",",0","12",",0","9",",0","0",",0","2",",0","0","2,0","0",",0","12",",0","0",",0","7",",0","1",",0","","","19500928",",,0","19500930",",,0","19500930","+,2,0","","","19500909",",,0","19500903",",,0","-8.3",",0,28,","51",",,0,30,","0","2,,0,30,+","19.1",",,0,09,","32.2",",0,03,","555.8","0","280.8",",0","66.8",",,,0","0","2,,,0","8.97",",0","17.78",",,,0","0.16",",,,0"
"USC00101671","1950-10","43.97775","-113.82913","1908.0","CHILLY BARTON FLAT, ID US","","","0.0",",0","6","2,0","5","2,0","0","2,0","2",",0","2",",0","0",",0","27",",0","0",",0","4",",0","0",",0","","","19501002",",,0","19501031","+,,0","19501031","+,,0","","","19501031","+,2,0","19501014","+,,0","-9.4",",0,02,","25",",,0,31,+","25",",,0,31,+","5.1","2,,0,31,+","23.3",",0,14,+","941.3","0","385.5",",0","22.8",",a,,0","50",",,,0","5.90",",0","14.66",",,,0","-2.87",",,,0"
"USC00101671","1950-11","43.97775","-113.82913","1908.0","CHILLY BARTON FLAT, ID US","","","0.0",",0","4",",0","4",",0","0",",0","2","4,0","2",",0","1",",0","30",",0","6",",0","0",",0","0",",0","","","19501110",",,0","19501116",",4,0","19501116",",,0","","","19501120","+,,0","19501103",",,0","-17.8",",0,10,","51","4,,0,16,","51",",,0,16,","2.5",",,0,20,+","13.3",",0,03,","1548.8","0","607.5",",0","10.0",",,,0","76",",,,0","-1.92",",0","4.79",",,,0","-8.63",",,,0"
"USC00101671","1950-12","43.97775","-113.82913","1908.0","CHILLY BARTON FLAT, ID US","","","0.0",",0","4",",0","2",",0","0",",0","","","4",",0","11",",0","31",",0","17",",0","0",",0","0",",0","1","","19501209",",,0","","","19501207",",,0","","","19501206",",,0","19501225",",,0","-22.2",",0,09,","","","102",",,0,07,","7.6",",,0,06,","5.6",",0,25,","2355.6","0","806.8",",0","12.7",",,,0","203",",,,0","-7.69",",0","0.19",",,,0","-15.57",",,,0"
"USC00101671","1951-01","43.97775","-113.82913","1908.0","CHILLY BARTON FLAT, ID US","0.0","0","0.0",",0","2",",0","1",",0","0",",0","","","2",",0","20",",0","31",",0","25",",0","0",",0","0",",0","","","19510130",",,0","","","19510118",",,0","","","19510118",",,0","19510118",",,0","-35.6",",0,30,","","","51",",,0,18,","2.5",",,0,18,","3.9",",0,18,","3305.9","0","950.3",",0","3.8",",,,0","76",",,,0","-12.32",",0","-4.42",",,,0","-20.22",",,,0"
"USC00101671","1951-02","43.97775","-113.82913","1908.0","CHILLY BARTON FLAT, ID US","0.0","0","0.0",",0","6",",0","4",",0","0",",0","","","4",",0","11",",0","28",",0","16",",0","0",",0","0",",0","","","19510201",",,0","","","19510225","+,,0","","","19510207",",,0","19510211","+,,0","-36.7",",0,01,","","","25",",,0,25,+","8.1",",,0,07,","6.7",",0,11,+","4059.0","0","753.1",",0","18.2",",,,0","100",",,,0","-8.56",",0","-0.75",",,,0","-16.37",",,,0"
"USC00101671","1951-03","43.97775","-113.82913","1908.0","CHILLY BARTON FLAT, ID US","0.0","0","0.0",",0","4",",0","4",",0","0",",0","","","4",",0","12",",0","31",",0","12",",0","0",",0","0",",0","","","19510311",",,0","","","19510305",",,0","","","19510305",",,0","19510331","+,,0","-30.6",",0,11,","","","102",",,0,05,","8.6",",,0,05,","7.8",",0,31,+","4829.7","0","770.7",",0","16.1",",,,0","229",",,,0","-6.53",",0","1.37",",,,0","-14.43",",,,0"
"USC00101671","1951-04","43.97775","-113.82913","1908.0","CHILLY BARTON FLAT, ID US","0.0","0","0.0",",0","3",",0","3",",0","0",",0","0",",0","0",",0","0",",0","25",",0","0",",0","0",",0","0",",0","","","19510422","+,,0","19510430","+,,0","19510421",",,0","","","19510428",",,0","19510413",",,0","-10.0",",0,22,+","0",",,0,30,+","0",",T,0,21,","10.2",",,0,28,","19.4",",0,13,","5255.0","0","425.3",",0","25.5",",,,0","0",",T,,0","4.16",",0","12.81",",,,0","-4.50",",,,0"
"USC00101671","1951-05","43.97775","-113.82913","1908.0","CHILLY BARTON FLAT, ID US","0.0","0","0.0",",0","7",",0","7",",0","0",",0","0","2,0","2",",0","0",",0","19",",0","0",",0","4",",0","0",",0","","","19510503",",,0","19510531","+,2,0","19510513",",,0","2","","19510507",",,0","19510527",",,0","-7.8",",0,03,","0","2,,0,31,+","102",",,0,13,","8.9",",,0,07,","26.1",",0,27,","5563.8","0","308.8",",0","35.6",",,,0","153",",,,0","8.37",",0","17.12",",,,0","-0.37",",,,0"
"USC00101671","1951-06","43.97775","-113.82913","1908.0","CHILLY BARTON FLAT, ID US","0.0","0","0.0",",0","3",",0","3",",0","0",",0","0","1,0","0","1,0","0",",0","13",",0","0",",0","11",",0","0",",0","","","19510603",",,0","19510630","+,1,0","19510630","+,1,0","","","19510612",",,0","19510615",",,0","-6.7",",0,03,","0","1,,0,30,+","0","1,,0,30,+","6.6",",,0,12,","26.7",",0,15,","5825.6","0","261.8",",0","14.2",",,,0","0","1,,,0","9.61",",0","18.49",",,,0","0.72",",,,0"
"USC00101671","1951-07","43.97775","-113.82913","1908.0","CHILLY BARTON FLAT, ID US","2.0","0","2.0",",0","4","2,0","4","2,0","0","2,0","0",",0","0",",0","0",",0","5",",0","0",",0","30",",0","0",",0","","","19510706",",,0","19510731","+,,0","19510731","+,,0","","","19510728",",2,0","19510718",",,0","-1.7",",0,06,","0",",,0,31,+","0",",,0,31,+","14.5","2,,0,28,","31.7",",0,18,","115.8","0","115.8",",0","57.6",",a,,0","0",",,,0","14.66",",0","25.89",",,,0","3.43",",,,0"
"USC00101671","1951-08","43.97775","-113.82913","1908.0","CHILLY BARTON FLAT, ID US","2.0","0","0.0",",0","9","2,0","8","2,0","0","2,0","0",",0","0",",0","0",",0","10",",0","0",",0","20",",0","0",",0","","","19510831",",,0","19510831","+,,0","19510831","+,,0","10","","19510805",",2,0","19510818","+,,0","-5.0",",0,31,","0",",,0,31,+","0",",,0,31,+","12.7","2,,0,05,","28.9",",0,18,+","295.8","0","180.0",",0","80.6",",a,,0","0",",,,0","12.53",",0","22.54",",,,0","2.52",",,,0"
"USC00101671","1951-09","43.97775","-113.82913","1908.0","CHILLY BARTON FLAT, ID US","2.0","0","0.0",",0","0",",0","0",",0","0",",0","0",",0","0",",0","0",",0","24",",0","0",",0","14",",0","0",",0","","","19510927",",,0","19510930","+,,0","19510930","+,,0","1","","19510930","+,,0","19510916",",,0","-9.4",",0,27,","0",",,0,30,+","0",",,0,30,+","0.0",",,0,30,+","27.2",",0,16,","562.4","0","266.6",",0","0.0",",,,0","0",",,,0","9.45",",0","20.76",",,,0","-1.87",",,,0"
"USC00101671","1951-10","43.97775","-113.82913","1908.0","CHILLY BARTON FLAT, ID US","2.0","0","0.0",",0","12",",0","9",",0","0",",0","","","0","3,0","0",",0","27",",0","0",",0","1",",0","0",",0","","","19511031",",,0","","","19511031","+,3,0","","","19511011","+,,0","19511009",",,0","-13.9",",0,31,","","","0","3,,0,31,+","7.6",",,0,11,+","21.1",",0,09,","1050.0","0","487.6",",0","48.5",",,,0","0","3,,,0","2.60",",0","10.57",",,,0","-5.36",",,,0"
"USC00101671","1951-11","43.97775","-113.82913","1908.0","CHILLY BARTON FLAT, ID US","2.0","0","0.0",",0","3",",0","3",",0","0",",0","","","3",",0","4",",0","30",",0","6",",0","0",",0","0",",0","","","19511118",",,0","","","19511126","+,,0","","","19511126",",,0","19511108",",,0","-21.1",",0,18,","","","51",",,0,26,+","5.1",",,0,26,","10.6",",0,08,","1723.2","0","673.2",",0","10.1",",,,0","127",",,,0","-4.11",",0","3.73",",,,0","-11.94",",,,0"
"USC00101671","1951-12","43.97775","-113.82913","1908.0","CHILLY BARTON FLAT, ID US","2.0","0","0.0",",0","6","2,0","3","2,0","0","2,0","","","5","1,0","18",",0","31",",0","25",",0","0",",0","0",",0","1","","19511225",",,0","","","19511230","+,1,0","","","19511230",",2,0","19511201",",,0","-34.4",",0,25,","","","51","1,,0,30,+","6.4","2,,0,30,","3.9",",0,01,","2622.7","0","899.5",",0","20.4",",a,,0","216","1,,,0","-10.68",",0","-3.92",",,,0","-17.44",",,,0"
"USC00101671","1952-01","43.97775","-113.82913","1908.0","CHILLY BARTON FLAT, ID US","0.0","0","0.0","1,0","4","2,0","4","2,0","0","2,0","","","6",",0","24","1,0","30","1,0","30",",0","0",",0","0",",0","1","","19520118",",1,0","","","19520115",",,0","","","19520115",",2,0","19520127",",,0","-37.2","1,0,18,","","","305",",,0,15,","11.4","2,,0,15,","0.6",",0,27,","3642.7","0","1020.0",",0","25.4","2,,,0","660",",,,0","-15.62","1,0","-6.96",",,,0","-24.27","1,,,0"
"USC00101671","1952-02","43.97775","-113.82913","1908.0","CHILLY BARTON FLAT, ID US","0.0","0","0.0",",0","1","3,0","1","3,0","0","3,0","","","4",",0","24",",0","29",",0","27",",0","0",",0","0",",0","","","19520222","+,,0","","","19520212",",,0","","","19520212",",3,0","19520204",",,0","-34.4",",0,22,+","","","102",",,0,12,","5.1","3,,0,12,","4.4",",0,04,","4590.7","0","948.0",",0","5.1","3,,,0","177",",,,0","-14.36",",0","-5.04",",,,0","-23.67",",,,0"
"USC00101671","1952-03","43.97775","-113.82913","1908.0","CHILLY BARTON FLAT, ID US","0.0","0","0.0",",0","3","3,0","3","3,0","0","3,0","","","6",",0","11",",0","31",",0","18",",0","0",",0","0",",0","","","19520303",",,0","","","19520331",",,0","","","19520331",",3,0","19520329",",,0","-30.0",",0,03,","","","203",",,0,31,","17.8","3,,0,31,","6.1",",0,29,","5412.4","0","821.7",",0","28.0","3,,,0","380",",,,0","-8.17",",0","-0.81",",,,0","-15.54",",,,0"
"USC00101671","1952-04","43.97775","-113.82913","1908.0","CHILLY BARTON FLAT, ID US","0.0","0","0.0",",0","2","2,0","1","2,0","0","2,0","0",",0","1",",0","0",",0","28",",0","0",",0","2",",0","0",",0","","","19520422","+,,0","19520430","+,,0","19520407",",,0","","","19520428",",2,0","19520427",",,0","-11.7",",0,22,+","0",",,0,30,+","25",",,0,07,","6.1","2,,0,28,","21.7",",0,27,","5855.3","0","442.9",",0","11.9",",a,,0","25",",,,0","3.57",",0","12.51",",,,0","-5.37",",,,0"
"USC00101671","1952-05","43.97775","-113.82913","1908.0","CHILLY BARTON FLAT, ID US","0.0","0","0.0",",0","10",",0","10",",0","0",",0","0",",0","1",",0","0",",0","17",",0","0",",0","4",",0","0",",0","","","19520517",",,0","19520531","+,,0","19520515",",,0","","","19520520","+,,0","19520531","+,,0","-5.6",",0,17,","0",",,0,31,+","51",",,0,15,","8.9",",,0,20,+","21.1",",0,31,+","6168.3","0","313.0",",0","53.4",",,,0","51",",,,0","8.24",",0","16.70",",,,0","-0.23",",,,0"
"USC00101671","1952-06","43.97775","-113.82913","1908.0","CHILLY BARTON FLAT, ID US","0.0","0","0.0",",0","7",",0","5",",0","0",",0","0",",0","0",",0","0",",0","7",",0","0",",0","16",",0","0",",0","","","19520613",",,0","19520630","+,,0","19520630","+,,0","","","19520624",",,0","19520605",",,0","-5.6",",0,13,","0",",,0,30,+","0",",,0,30,+","12.7",",,0,24,","29.4",",0,05,","6368.9","0","200.6",",0","45.8",",,,0","0",",,,0","11.65",",0","20.98",",,,0","2.31",",,,0"
"USC00101671","1952-07","43.97775","-113.82913","1908.0","CHILLY BARTON FLAT, ID US","1.1","0","1.1",",0","3",",0","3",",0","0",",0","0",",0","0",",0","0",",0","4",",0","0",",0","28",",0","0",",0","","","19520707",",,0","19520731","+,,0","19520731","+,,0","","","19520711",",,0","19520723",",,0","-1.1",",0,07,","0",",,0,31,+","0",",,0,31,+","21.6",",,0,11,","31.1",",0,23,","121.0","0","121.0",",0","33.0",",,,0","0",",,,0","14.46",",0","25.61",",,,0","3.32",",,,0"
"USC00101671","1952-08","43.97775","-113.82913","1908.0","CHILLY BARTON FLAT, ID US","1.1","0","0.0",",0","3",",0","3",",0","0",",0","0",",0","0",",0","0",",0","11",",0","0",",0","30",",0","0",",0","","","19520829","+,,0","19520831","+,,0","19520831","+,,0","","","19520801",",,0","19520822",",,0","-2.8",",0,29,+","0",",,0,31,+","0",",,0,31,+","6.4",",,0,01,","28.9",",0,22,","266.1","0","145.1",",0","11.4",",,,0","0",",,,0","13.65",",0","25.60",",,,0","1.71",",,,0"
"USC00101671","1952-09","43.97775","-113.82913","1908.0","CHILLY BARTON FLAT, ID US","1.1","0","0.0",",0","2",",0","2",",0","0",",0","0",",0","0",",0","0",",0","27",",0","0",",0","25",",0","0",",0","","","19520914",",,0","19520930","+,,0","19520930","+,,0","","","19520911",",,0","19520923",",,0","-8.3",",0,14,","0",",,0,30,+","0",",,0,30,+","11.4",",,0,11,","28.9",",0,23,","492.5","0","226.4",",0","13.9",",,,0","0",",,,0","10.79",",0","23.32",",,,0","-1.74",",,,0"
"USC00101671","1952-10","43.97775","-113.82913","1908.0","CHILLY BARTON FLAT, ID US","1.1","0","0.0",",0","0",",0","0",",0","0",",0","0",",0","0",",0","0",",0","31",",0","0",",0","9",",0","0",",0","","","19521029","+,,0","19521031","+,,0","19521031","+,,0","","","19521031","+,,0","19521002",",,0","-9.4",",0,29,+","0",",,0,31,+","0",",,0,31,+","0.0",",,0,31,+","23.3",",0,02,","856.9","0","364.4",",0","0.0",",,,0","0",",,,0","6.58",",0","18.71",",,,0","-5.56",",,,0"
"USC00101671","1952-11","43.97775","-113.82913","1908.0","CHILLY BARTON FLAT, ID US","1.1","0","0.0",",0","3",",0","2",",0","0",",0","","","0","3,0","7",",0","30",",0","9",",0","0",",0","0",",0","1","","19521130","+,,0","","","19521130","+,3,0","","","19521115","+,,0","19521106","+,,0","-27.2",",0,30,+","","","0","3,,0,30,+","2.5",",,0,15,+","11.7",",0,06,+","1572.4","0","715.5",",0","7.3",",,,0","0","3,,,0","-5.52",",0","2.87",",,,0","-13.91",",,,0"
"USC00101671","1952-12","43.97775","-113.82913","1908.0","CHILLY BARTON FLAT, ID US","1.1","0","0.0",",0","4",",0","3",",0","0",",0","","","4",",0","13",",0","31",",0","21",",0","0",",0","0",",0","1","","19521225",",,0","","","19521218","+,,0","","","19521207",",,0","19521213",",,0","-33.9",",0,25,","","","127",",,0,18,+","12.7",",,0,07,","5.6",",0,13,","2424.2","0","851.8",",0","27.9",",,,0","304",",,,0","-9.14",",0","-2.31",",,,0","-15.98",",,,0"
"USC00101671","1953-01","43.97775","-113.82913","1908.0","CHILLY BARTON FLAT, ID US","0.0","0","0.0",",0","3",",0","0",",0","0",",0","","","0","1,0","3",",0","31",",0","9",",0","0",",0","0",",0","","","19530104","+,,0","","","19530119","+,1,0","","","19530121","+,,0","19530123",",,0","-19.4",",0,04,+","","","0","1,T,0,19,+","1.3",",,0,21,+","8.3",",0,23,","3081.6","0","657.4",",0","3.9",",,,0","0","1,T,,0","-2.87",",0","2.51",",,,0","-8.26",",,,0"
"USC00101671","1953-02","43.97775","-113.82913","1908.0","CHILLY BARTON FLAT, ID US","0.0","0","0.0",",0","5",",0","3",",0","0",",0","","","4",",0","8",",0","28",",0","13",",0","0",",0","0",",0","","","19530210",",,0","","","19530208",",,0","","","19530208",",,0","19530226",",,0","-22.8",",0,10,","","","203",",,0,08,","6.4",",,0,08,","8.9",",0,26,","3737.1","0","655.5",",0","14.0",",,,0","304",",,,0","-5.08",",0","1.61",",,,0","-11.77",",,,0"
"USC00101671","1953-03","43.97775","-113.82913","1908.0","CHILLY BARTON FLAT, ID US","0.0","0","0.0",",0","2",",0","2",",0","0",",0","","","4",",0","0",",0","30",",0","2",",0","0",",0","0",",0","","","19530302",",,0","","","19530320",",,0","","","19530320","+,,0","19530328","+,,0","-14.4",",0,02,","","","51",",,0,20,","2.5",",,0,20,+","13.9",",0,28,+","4315.9","0","578.8",",0","5.0",",,,0","126",",,,0","-0.34",",0","6.47",",,,0","-7.15",",,,0"
"USC00101671","1953-04","43.97775","-113.82913","1908.0","CHILLY BARTON FLAT, ID US","0.0","0","0.0",",0","6",",0","5",",0","0",",0","","","3","1,0","0",",0","26",",0","1",",0","1",",0","0",",0","","","19530408",",,0","","","19530407",",1,0","","","19530407",",,0","19530426",",,0","-15.6",",0,08,","","","127","1,,0,07,","12.7",",,0,07,","21.1",",0,26,","4798.8","0","482.9",",0","40.6",",,,0","203","1,,,0","2.24",",0","9.60",",,,0","-5.13",",,,0"
"USC00101671","1953-05","43.97775","-113.82913","1908.0","CHILLY BARTON FLAT, ID US","0.0","0","0.0",",0","7",",0","6",",0","0",",0","","","0",",0","0",",0","23",",0","0",",0","2",",0","0",",0","","","19530504",",,0","","","19530528","+,,0","2","","19530528",",,0","19530505",",,0","-8.3",",0,04,","","","0",",T,0,28,+","15.2",",,0,28,","21.7",",0,05,","5193.0","0","394.2",",0","40.6",",,,0","0",",T,,0","5.62",",0","13.39",",,,0","-2.15",",,,0"
"USC00101671","1953-06","43.97775","-113.82913","1908.0","CHILLY BARTON FLAT, ID US","0.0","0","0.0",",0","6",",0","5",",0","1",",0","","","0",",0","0",",0","7",",0","0",",0","14",",0","0",",0","","","19530608",",,0","","","19530630","+,,0","1","","19530602",",,0","19530612",",,0","-1.7",",0,08,","","","0",",,0,30,+","29.2",",,0,02,","26.1",",0,12,","5417.2","0","224.2",",0","60.9",",,,0","0",",,,0","10.86",",0","19.72",",,,0","2.00",",,,0"
"USC00101671","1953-07","43.97775","-113.82913","1908.0","CHILLY BARTON FLAT, ID US","1.4","0","1.4",",0","1",",0","1",",0","0",",0","0","1,0","0",",0","0",",0","0",",0","0",",0","31",",0","0",",0","","","19530726","+,,0","19530731","+,1,0","19530731","+,,0","2","","19530713",",,0","19530730",",,0","1.1",",0,26,+","0","1,,0,31,+","0",",,0,31,+","2.5",",,0,13,","30.6",",0,30,","77.6","0","77.6",",0","2.5",",,,0","0",",,,0","15.88",",0","27.40",",,,0","4.35",",,,0"
"USC00101671","1953-08","43.97775","-113.82913","1908.0","CHILLY BARTON FLAT, ID US","1.7","0","0.3",",0","3",",0","2",",0","0",",0","0",",0","0",",0","0",",0","4",",0","0",",0","29",",0","0",",0","","","19530825",",,0","19530831","+,,0","19530831","+,,0","1","","19530802",",,0","19530814",",,0","-2.2",",0,25,","0",",,0,31,+","0",",,0,31,+","5.3",",,0,02,","28.9",",0,14,","208.5","0","130.9",",0","9.1",",,,0","0",",,,0","14.12",",0","25.12",",,,0","3.12",",,,0"
"USC00101671","1953-09","43.97775","-113.82913","1908.0","CHILLY BARTON FLAT, ID US","1.7","0","0.0",",0","2",",0","2",",0","0",",0","0",",0","0",",0","0",",0","22",",0","0",",0","24",",0","0",",0","","","19530923",",,0","19530930","+,,0","19530930","+,,0","2","","19530901",",,0","19530912",",,0","-6.1",",0,23,","0",",,0,30,+","0",",,0,30,+","5.1",",,0,01,","28.3",",0,12,","427.4","0","218.9",",0","7.6",",,,0","0",",,,0","11.04",",0","22.81",",,,0","-0.74",",,,0"
"USC00101671","1953-10","43.97775","-113.82913","1908.0","CHILLY BARTON FLAT, ID US","1.7","0","0.0",",0","1",",0","1",",0","0",",0","0",",0","0",",0","0",",0","27",",0","0",",0","6",",0","0",",0","1","","19531023",",,0","19531031","+,,0","19531021",",,0","","","19531015",",,0","19531008",",,0","-10.6",",0,23,","0",",,0,31,+","0",",T,0,21,","2.5",",,0,15,","23.9",",0,08,","819.7","0","392.3",",0","2.5",",,,0","0",",T,,0","5.68",",0","15.89",",,,0","-4.53",",,,0"
"USC00101671","1953-11","43.97775","-113.82913","1908.0","CHILLY BARTON FLAT, ID US","1.7","0","0.0",",0","2",",0","1",",0","0",",0","0",",0","0",",0","1",",0","26",",0","0",",0","0",",0","0",",0","","","19531119",",,0","19531130","+,,0","19531123","+,,0","","","19531123",",,0","19531111",",,0","-18.9",",0,19,","0",",,0,30,+","0",",T,0,23,+","2.5",",,0,23,","13.9",",0,11,","1348.5","0","528.8",",0","3.8",",,,0","0",",T,,0","0.71",",0","8.08",",,,0","-6.67",",,,0"
"USC00101671","1953-12","43.97775","-113.82913","1908.0","CHILLY BARTON FLAT, ID US","1.7","0","0.0",",0","5",",0","2",",0","0",",0","","","5",",0","8",",0","31",",0","18",",0","0",",0","0",",0","2","","19531224","+,,0","","","19531207",",,0","","","19531201",",,0","19531217","+,,0","-22.8",",0,24,+","","","51",",,0,07,","5.1",",,0,01,","5.6",",0,17,+","2129.3","0","780.8",",0","11.5",",,,0","164",",,,0","-6.85",",0","-0.10",",,,0","-13.60",",,,0"
"USC00101671","1954-01","43.97775","-113.82913","1908.0","CHILLY BARTON FLAT, ID US","0.0","0","0.0",",0","3",",0","2",",0","0",",0","","","2",",0","11",",0","31",",0","19",",0","0",",0","0",",0","","","19540125",",,0","","","19540123",",,0","","","19540123",",,0","19540130",",,0","-28.3",",0,25,","","","51",",,0,23,","6.4",",,0,23,","6.7",",0,30,","2928.0","0","798.7",",0","11.2",",,,0","76",",,,0","-7.43",",0","-0.44",",,,0","-14.43",",,,0"
"USC00101671","1954-02","43.97775","-113.82913","1908.0","CHILLY BARTON FLAT, ID US","0.0","0","0.0",",0","3",",0","2",",0","0",",0","","","3",",0","1",",0","28",",0","1",",0","0",",0","0",",0","","","19540219",",,0","","","19540218",",,0","","","19540213",",,0","19540223",",,0","-20.6",",0,19,","","","76",",,0,18,","7.6",",,0,13,","11.1",",0,23,","3503.6","0","575.6",",0","14.0",",,,0","152",",,,0","-2.23",",0","5.75",",,,0","-10.20",",,,0"
"USC00101671","1954-03","43.97775","-113.82913","1908.0","CHILLY BARTON FLAT, ID US","0.0","0","0.0",",0","5",",0","3",",0","0",",0","","","2","1,0","0",",0","30",",0","4",",0","0",",0","0",",0","","","19540305","+,,0","","","19540324",",1,0","","","19540324",",,0","19540308",",,0","-17.2",",0,05,+","","","89","1,,0,24,","8.9",",,0,24,","12.2",",0,08,","4143.0","0","639.4",",0","17.2",",,,0","140","1,,,0","-2.29",",0","4.01",",,,0","-8.60",",,,0"
"USC00101671","1954-04","43.97775","-113.82913","1908.0","CHILLY BARTON FLAT, ID US","0.0","0","0.0",",0","1",",0","1",",0","0",",0","1",",0","0","1,0","0",",0","24",",0","0",",0","0",",0","0",",0","","","19540411","+,,0","19540430",",,0","19540404",",1,0","","","19540430",",,0","19540424",",,0","-11.1",",0,11,+","25",",,0,30,","0","1,T,0,04,","6.4",",,0,30,","20.6",",0,24,","4538.8","0","395.8",",0","6.4",",,,0","0","1,T,,0","5.14",",0","13.33",",,,0","-3.05",",,,0"
"USC00101671","1954-05","43.97775","-113.82913","1908.0","CHILLY BARTON FLAT, ID US","0.0","0","0.0",",0","2",",0","2",",0","0",",0","0",",0","0",",0","0",",0","15",",0","0",",0","15",",0","0",",0","","","19540502",",,0","19540531","+,,0","19540531","+,,0","5","","19540522",",,0","19540519",",,0","-11.7",",0,02,","0",",,0,31,+","0",",,0,31,+","4.3",",,0,22,","28.9",",0,19,","4806.0","0","267.2",",0","8.1",",,,0","0",",,,0","9.71",",0","19.38",",,,0","0.05",",,,0"
"USC00101671","1954-06","43.97775","-113.82913","1908.0","CHILLY BARTON FLAT, ID US","0.6","0","0.6",",0","10",",0","9",",0","0",",0","0",",0","0",",0","0",",0","13",",0","0",",0","9",",0","0",",0","","","19540618","+,,0","19540630","+,,0","19540617","+,,0","1","","19540626",",,0","19540622",",,0","-4.4",",0,18,+","0",",,0,30,+","0",",T,0,17,+","12.7",",,0,26,","31.7",",0,22,","5054.1","0","248.1",",0","54.7",",,,0","0",",T,,0","10.08",",0","18.54",",,,0","1.63",",,,0"
"USC00101671","1954-07","43.97775","-113.82913","1908.0","CHILLY BARTON FLAT, ID US","5.3","0","4.7",",0","6",",0","4",",0","0",",0","0",",0","0",",0","0",",0","2",",0","0",",0","31",",0","1",",0","","","19540723","+,,0","19540731","+,,0","19540731","+,,0","6","","19540715",",,0","19540712",",,0","0.0",",0,23,+","0",",,0,31,+","0",",,0,31,+","7.6",",,0,15,","32.2",",0,12,","67.8","0","67.8",",0","20.8",",,,0","0",",,,0","16.30",",0","27.31",",,,0","5.29",",,,0"
"USC00101671","1954-08","43.97775","-113.82913","1908.0","CHILLY BARTON FLAT, ID US","5.3","0","0.0",",0","4",",0","4",",0","0",",0","0",",0","0",",0","0",",0","5",",0","0",",0","28",",0","1",",0","","","19540827",",,0","19540831","+,,0","19540831","+,,0","1","","19540820","+,,0","19540802",",,0","-4.4",",0,27,","0",",,0,31,+","0",",,0,31,+","5.1",",,0,20,+","32.2",",0,02,","213.9","0","146.1",",0","17.5",",,,0","0",",,,0","13.62",",0","24.51",",,,0","2.73",",,,0"
"USC00101671","1954-09","43.97775","-113.82913","1908.0","CHILLY BARTON FLAT, ID US","5.3","0","0.0",",0","1",",0","1",",0","0",",0","0",",0","1",",0","0",",0","21",",0","0",",0","18",",0","0",",0","","","19540930",",,0","19540930","+,,0","19540929",",,0","","","19540929",",,0","19540901",",,0","-10.0",",0,30,","0",",,0,30,+","25",",,0,29,","2.5",",,0,29,","26.7",",0,01,","460.8","0","246.9",",0","2.5",",,,0","25",",,,0","10.10",",0","21.03",",,,0","-0.82",",,,0"
"USC00101671","1954-10","43.97775","-113.82913","1908.0","CHILLY BARTON FLAT, ID US","5.3","0","0.0",",0","0",",0","0",",0","0",",0","0",",0","0",",0","0",",0","31",",0","0",",0","2",",0","0",",0","","","19541014",",,0","19541031","+,,0","19541023","+,,0","","","19541023","+,,0","19541006",",,0","-12.8",",0,14,","0",",,0,31,+","0",",T,0,23,+","0.0",",T,0,23,+","22.2",",0,06,","924.5","0","463.7",",0","0.0",",T,,0","0",",T,,0","3.37",",0","14.44",",,,0","-7.69",",,,0"
"USC00101671","1954-11","43.97775","-113.82913","1908.0","CHILLY BARTON FLAT, ID US","5.3","0","0.0",",0","1","2,0","0","2,0","0","2,0","0",",0","0",",0","2",",0","28",",0","3",",0","0",",0","0",",0","","","19541130",",,0","19541130","+,,0","19541130","+,,0","","","19541112",",2,0","19541102",",,0","-22.2",",0,30,","0",",,0,30,+","0",",,0,30,+","1.0","2,,0,12,","15.6",",0,02,","1461.7","0","537.2",",0","6.6",",a,,0","0",",,,0","0.43",",0","9.22",",,,0","-8.37",",,,0"
"USC00101671","1954-12","43.97775","-113.82913","1908.0","CHILLY BARTON FLAT, ID US","5.3","0","0.0",",0","1",",0","1",",0","0",",0","","","1",",0","21",",0","31",",0","19",",0","0",",0","0",",0","","","19541228",",,0","","","19541207",",,0","","","19541207",",,0","19541204",",,0","-28.9",",0,28,","","","76",",,0,07,","3.3",",,0,07,","5.0",",0,04,","2348.0","0","886.3",",0","3.3",",,,0","76",",,,0","-10.26",",0","-1.58",",,,0","-18.94",",,,0"
"USC00101671","1955-01","43.97775","-113.82913","1908.0","CHILLY BARTON FLAT, ID US","0.0","0","0.0",",0","4",",0","1",",0","0",",0","","","","","23",",0","31",",0","28",",0","0",",0","0",",0","","","19550105",",,0","","","","","","","19550102",",,0","19550124",",,0","-35.6",",0,05,","","","","","8.1",",,0,02,","5.0",",0,24,","3296.6","0","948.6",",0","12.4",",,,0","","","-12.27",",0","-4.36",",,,0","-20.17",",,,0"
"USC00101671","1955-02","43.97775","-113.82913","1908.0","CHILLY BARTON FLAT, ID US","0.0","0","0.0",",0","4",",0","3",",0","0",",0","","","3",",0","16",",0","28",",0","24",",0","0",",0","0",",0","","","19550211",",,0","","","19550225",",,0","","","19550222",",,0","19550208",",,0","-27.8",",0,11,","","","64",",,0,25,","6.4",",,0,22,","2.2",",0,08,","4106.5","0","809.9",",0","15.0",",,,0","153",",,,0","-10.59",",0","-2.70",",,,0","-18.49",",,,0"
"USC00101671","1955-03","43.97775","-113.82913","1908.0","CHILLY BARTON FLAT, ID US","0.0","0","0.0",",0","2",",0","1",",0","0",",0","","","","","11",",0","31",",0","7",",0","0",",0","0",",0","","","19550305",",,0","","","","","","","19550330",",,0","19550329",",,0","-27.2",",0,05,","","","","","6.9",",,0,30,","12.2",",0,29,","4835.7","0","729.2",",0","8.2",",,,0","","","-5.19",",0","3.17",",,,0","-13.55",",,,0"
"USC00101671","1955-04","43.97775","-113.82913","1908.0","CHILLY BARTON FLAT, ID US","0.0","0","0.0",",0","5",",0","5",",0","0",",0","","","1","4,0","0",",0","28",",0","2",",0","0",",0","0",",0","","","19550415",",,0","","","19550418",",4,0","","","19550426",",,0","19550430",",,0","-11.1",",0,15,","","","152","4,,0,18,","16.5",",,0,26,","17.2",",0,30,","5350.5","0","514.8",",0","40.6",",,,0","152","4,,,0","1.17",",0","7.85",",,,0","-5.50",",,,0"
"USC00101671","1955-05","43.97775","-113.82913","1908.0","CHILLY BARTON FLAT, ID US","0.0","0","0.0",",0","9",",0","7",",0","0",",0","","","","","0",",0","22",",0","0",",0","5",",0","0",",0","","","19550517","+,,0","","","","","","","19550514",",,0","19550520",",,0","-6.7",",0,17,+","","","","","7.1",",,0,14,","23.9",",0,20,","5683.4","0","332.9",",0","41.6",",,,0","","","7.60",",0","16.27",",,,0","-1.08",",,,0"
"USC00101671","1955-06","43.97775","-113.82913","1908.0","CHILLY BARTON FLAT, ID US","0.0","0","0.0",",0","7",",0","5",",0","0",",0","0",",0","0",",0","0",",0","7",",0","0",",0","14",",0","0",",0","","","19550630",",,0","19550630","+,,0","19550630","+,,0","","","19550629",",,0","19550621",",,0","-1.1",",0,30,","0",",,0,30,+","0",",,0,30,+","18.5",",,0,29,","29.4",",0,21,","5881.7","0","198.3",",0","41.2",",,,0","0",",,,0","11.72",",0","21.07",",,,0","2.37",",,,0"
"USC00101671","1955-07","43.97775","-113.82913","1908.0","CHILLY BARTON FLAT, ID US","7.8","0","7.8","1,0","7",",0","6",",0","0",",0","0",",0","0",",0","0",",0","3",",0","0","1,0","23","1,0","0","1,0","","","19550702",",,0","19550731","+,,0","19550731","+,,0","7","","19550710",",,0","19550718","+,1,0","-2.2",",0,02,","0",",,0,31,+","0",",,0,31,+","21.8",",,0,10,","31.7","1,0,18,+","109.5","0","109.5","1,0","56.3",",,,0","0",",,,0","15.07","1,0","24.63","1,,,0","5.50",",,,0"
"USC00101671","1955-08","43.97775","-113.82913","1908.0","CHILLY BARTON FLAT, ID US","16.7","0","8.9",",0","3",",0","1",",0","0",",0","0",",0","0",",0","0",",0","6",",0","0",",0","31",",0","2",",0","","","19550828",",,0","19550831","+,,0","19550831","+,,0","3","","19550813",",,0","19550812",",,0","-2.2",",0,28,","0",",,0,31,+","0",",,0,31,+","5.8",",,0,13,","33.3",",0,12,","207.4","0","97.9",",0","7.8",",,,0","0",",,,0","15.46",",0","28.03",",,,0","2.90",",,,0"
"USC00101671","1955-09","43.97775","-113.82913","1908.0","CHILLY BARTON FLAT, ID US","16.7","0","0.0",",0","2",",0","1",",0","0",",0","0",",0","0",",0","0",",0","19",",0","0",",0","15",",0","0",",0","","","19550930",",,0","19550930","+,,0","19550930","+,,0","1","","19550924",",,0","19550907","+,,0","-10.6",",0,30,","0",",,0,30,+","0",",,0,30,+","5.6",",,0,24,","30.0",",0,07,+","479.6","0","272.2",",0","7.9",",,,0","0",",,,0","9.26",",0","20.54",",,,0","-2.02",",,,0"
"USC00101671","1955-10","43.97775","-113.82913","1908.0","CHILLY BARTON FLAT, ID US","16.7","0","0.0",",0","4",",0","4",",0","0",",0","","","","","0",",0","27",",0","1",",0","7",",0","0",",0","","","19551030",",,0","","","","","","","19551020",",,0","19551018","+,,0","-13.3",",0,30,","","","","","7.6",",,0,20,","22.8",",0,18,+","915.4","0","435.8",",0","18.0",",,,0","","","4.28",",0","14.43",",,,0","-5.88",",,,0"
"USC00101671","1955-11","43.97775","-113.82913","1908.0","CHILLY BARTON FLAT, ID US","16.7","0","0.0",",0","9",",0","5",",0","0",",0","","","","","6",",0","28",",0","12",",0","0",",0","0",",0","","","19551116",",,0","","","","","","","19551121",",,0","19551110","+,,0","-28.3",",0,16,","","","","","5.6",",,0,21,","11.7",",0,10,+","1601.0","0","685.6",",0","24.5",",,,0","","","-4.52",",0","1.98",",,,0","-11.02",",,,0"
"USC00101671","1955-12","43.97775","-113.82913","1908.0","CHILLY BARTON FLAT, ID US","16.7","0","0.0",",0","8",",0","4",",0","0",",0","","","3","1,0","6",",0","30",",0","16",",0","0",",0","0",",0","","","19551214",",,0","","","19551224",",1,0","","","19551223",",,0","19551212",",,0","-27.2",",0,14,","","","38","1,,0,24,","15.0",",,0,23,","6.1",",0,12,","2365.8","0","764.8",",0","30.4",",,,0","88","1,,,0","-6.34",",0","-0.33",",,,0","-12.35",",,,0"
"USC00101671","1956-01","43.97775","-113.82913","1908.0","CHILLY BARTON FLAT, ID US","0.0","0","0.0",",0","6",",0","4",",0","0",",0","","","4",",0","10",",0","31",",0","18",",0","0",",0","0",",0","","","19560131",",,0","","","19560115",",,0","","","19560115",",,0","19560111","+,,0","-35.6",",0,31,","","","64",",,0,15,","5.6",",,0,15,","6.1",",0,11,+","3200.4","0","834.6",",0","19.2",",,,0","256",",,,0","-8.59",",0","-1.57",",,,0","-15.61",",,,0"
"USC00101671","1956-02","43.97775","-113.82913","1908.0","CHILLY BARTON FLAT, ID US","0.0","0","0.0",",0","2",",0","0",",0","0",",0","","","1",",0","19",",0","29",",0","23",",0","0",",0","0",",0","","","19560201",",,0","","","19560205",",,0","","","19560205",",,0","19560222",",,0","-37.8",",0,01,","","","25",",,0,05,","1.0",",,0,05,","4.4",",0,22,","4069.6","0","869.2",",0","1.5",",,,0","38",",,,0","-11.64",",0","-3.49",",,,0","-19.79",",,,0"
"USC00101671","1956-03","43.97775","-113.82913","1908.0","CHILLY BARTON FLAT, ID US","0.0","0","0.0","1,0","2",",0","1",",0","0",",0","","","1",",0","7",",0","31",",0","9","1,0","0","1,0","0","1,0","","","19560315",",,0","","","19560313",",,0","","","19560313",",,0","19560325",",1,0","-27.2",",0,15,","","","127",",,0,13,","5.6",",,0,13,","15.0","1,0,25,","4727.6","0","658.0","1,0","6.6",",,,0","140",",,,0","-3.49","1,0","4.10","1,,,0","-11.08",",,,0"
"USC00101671","1956-04","43.97775","-113.82913","1908.0","CHILLY BARTON FLAT, ID US","0.0","0","0.0",",0","3",",0","1",",0","0",",0","","","0",",0","0",",0","26",",0","0",",0","0",",0","0",",0","","","19560406",",,0","","","19560430","+,,0","","","19560426",",,0","19560421","+,,0","-13.3",",0,06,","","","0",",,0,30,+","11.4",",,0,26,","20.0",",0,21,+","5149.4","0","421.8",",0","13.9",",,,0","0",",,,0","4.27",",0","12.56",",,,0","-4.01",",,,0"
"USC00101671","1956-05","43.97775","-113.82913","1908.0","CHILLY BARTON FLAT, ID US","0.0","0","0.0","1,0","12",",0","7",",0","0",",0","0",",0","0",",0","0","1,0","13","1,0","0","1,0","7","1,0","0","1,0","","","19560501",",1,0","19560531","+,,0","19560531","+,,0","","","19560524",",,0","19560522",",1,0","-7.2","1,0,01,","0",",,0,31,+","0",",,0,31,+","13.5",",,0,24,","26.1","1,0,22,","5415.4","0","266.0","1,0","60.6",",,,0","0",",,,0","9.47","1,0","17.30","1,,,0","1.63","1,,,0"
"USC00101671","1956-06","43.97775","-113.82913","1908.0","CHILLY BARTON FLAT, ID US","0.0","0","0.0",",0","5",",0","3",",0","0",",0","0",",0","0",",0","0",",0","3",",0","0",",0","23",",0","0",",0","","","19560618",",,0","19560630","+,,0","19560630","+,,0","","","19560617",",,0","19560628",",,0","-0.6",",0,18,","0",",,0,30,+","0",",,0,30,+","5.6",",,0,17,","27.8",",0,28,","5587.1","0","171.7",",0","18.8",",,,0","0",",,,0","12.61",",0","22.59",",,,0","2.62",",,,0"
"USC00101671","1956-07","43.97775","-113.82913","1908.0","CHILLY BARTON FLAT, ID US","0.0","0","0.0",",0","5",",0","3",",0","0",",0","0",",0","0",",0","0",",0","0",",0","0",",0","29",",0","0",",0","","","19560701",",,0","19560731","+,,0","19560731","+,,0","6","","19560731",",,0","19560719",",,0","0.6",",0,01,","0",",,0,31,+","0",",,0,31,+","4.1",",,0,31,","30.0",",0,19,","85.6","0","85.6",",0","12.7",",,,0","0",",,,0","15.57",",0","25.93",",,,0","5.22",",,,0"
"USC00101671","1956-08","43.97775","-113.82913","1908.0","CHILLY BARTON FLAT, ID US","0.0","0","0.0",",0","5",",0","2",",0","0",",0","0",",0","0",",0","0",",0","9",",0","0",",0","26",",0","0",",0","","","19560831","+,,0","19560831","+,,0","19560831","+,,0","3","","19560820",",,0","19560823","+,,0","-2.8",",0,31,+","0",",,0,31,+","0",",,0,31,+","6.9",",,0,20,","30.0",",0,23,+","259.0","0","173.4",",0","17.5",",,,0","0",",,,0","12.74",",0","23.75",",,,0","1.73",",,,0"
"USC00101671","1956-09","43.97775","-113.82913","1908.0","CHILLY BARTON FLAT, ID US","0.0","0","0.0",",0","4",",0","0",",0","0",",0","0",",0","0",",0","0",",0","22",",0","0",",0","20",",0","0",",0","1","","19560922",",,0","19560930","+,,0","19560930","+,,0","","","19560912",",,0","19560910",",,0","-8.9",",0,22,","0",",,0,30,+","0",",,0,30,+","1.8",",,0,12,","28.3",",0,10,","498.0","0","239.0",",0","4.8",",,,0","0",",,,0","10.37",",0","22.69",",,,0","-1.95",",,,0"
"USC00101671","1956-10","43.97775","-113.82913","1908.0","CHILLY BARTON FLAT, ID US","0.0","0","0.0",",0","8",",0","5",",0","0",",0","1",",0","2",",0","0",",0","28",",0","3",",0","4",",0","0",",0","","","19561029","+,,0","19561031",",,0","19561030",",,0","","","19561009",",,0","19561006","+,,0","-15.0",",0,29,+","25",",,0,31,","51",",,0,30,","8.9",",,0,09,","22.2",",0,06,+","964.7","0","466.7",",0","29.8",",,,0","76",",,,0","3.28",",0","11.87",",,,0","-5.32",",,,0"
"USC00101671","1956-11","43.97775","-113.82913","1908.0","CHILLY BARTON FLAT, ID US","0.0","0","0.0",",0","0",",0","0",",0","0",",0","0","4,0","0",",0","5",",0","29",",0","6",",0","0",",0","0",",0","","","19561102",",,0","19561130","+,4,0","19561130","+,,0","","","19561130","+,,0","19561112",",,0","-20.0",",0,02,","0","4,,0,30,+","0",",,0,30,+","0.0",",,0,30,+","14.4",",0,12,","1622.9","0","658.2",",0","0.0",",,,0","0",",,,0","-3.61",",0","5.76",",,,0","-12.97",",,,0"
"USC00101671","1956-12","43.97775","-113.82913","1908.0","CHILLY BARTON FLAT, ID US","0.0","0","0.0",",0","4",",0","3",",0","0",",0","","","4",",0","14",",0","31",",0","15",",0","0",",0","0",",0","1","","19561208",",,0","","","19561211","+,,0","","","19561211",",,0","19561228",",,0","-29.4",",0,08,","","","51",",,0,11,+","5.6",",,0,11,","7.2",",0,28,","2453.4","0","830.5",",0","11.6",",,,0","152",",,,0","-8.46",",0","-0.44",",,,0","-16.47",",,,0"
"USC00101671","1957-01","43.97775","-113.82913","1908.0","CHILLY BARTON FLAT, ID US","0.0","0","0.0",",0","4",",0","0",",0","0",",0","21","3,0","4",",0","25",",0","31",",0","27",",0","0",",0","0",",0","","","19570127",",,0","19570131",",3,0","19570109",",,0","","","19570131",",,0","19570101",",,0","-36.1",",0,27,","152","3,,0,31,","38",",,0,09,","1.8",",,0,31,","2.8",",0,01,","3494.4","0","1041.0",",0","4.1",",,,0","113",",,,0","-15.25",",0","-5.77",",,,0","-24.72",",,,0"
"USC00101671","1957-02","43.97775","-113.82913","1908.0","CHILLY BARTON FLAT, ID US","0.0","0","0.0",",0","2",",0","0",",0","0",",0","","","1",",0","14",",0","27",",0","10",",0","0",",0","0",",0","","","19570207",",,0","","","19570220",",,0","","","19570223",",,0","19570217",",,0","-26.7",",0,07,","","","25",",,0,20,","2.3",",,0,23,","7.2",",0,17,","4198.3","0","703.9",",0","4.1",",,,0","38",",,,0","-6.81",",0","1.73",",,,0","-15.34",",,,0"
"USC00101671","1957-03","43.97775","-113.82913","1908.0","CHILLY BARTON FLAT, ID US","0.0","0","0.0",",0","2",",0","1",",0","0",",0","","","1",",0","0",",0","30",",0","2",",0","0",",0","0",",0","","","19570314",",,0","","","19570321",",,0","","","19570321",",,0","19570330","+,,0","-13.9",",0,14,","","","51",",,0,21,","2.5",",,0,21,","10.6",",0,30,+","4780.5","0","582.2",",0","4.0",",,,0","64",",,,0","-0.45",",0","5.96",",,,0","-6.86",",,,0"
"USC00101671","1957-04","43.97775","-113.82913","1908.0","CHILLY BARTON FLAT, ID US","0.0","0","0.0",",0","6",",0","3",",0","0",",0","0",",0","","","0",",0","29",",0","0",",0","0",",0","0",",0","","","19570416",",,0","19570417","+,,0","","","","","19570419",",,0","19570429",",,0","-10.0",",0,16,","0",",T,0,17,+","","","6.6",",,0,19,","20.0",",0,29,","5249.6","0","469.1",",0","17.8",",,,0","","","2.70",",0","9.98",",,,0","-4.59",",,,0"
"USC00101671","1957-05","43.97775","-113.82913","1908.0","CHILLY BARTON FLAT, ID US","0.0","0","0.0",",0","15",",0","10",",0","0",",0","0",",","","","0",",0","6",",0","0",",0","3",",0","0",",0","","","19570501",",,0","19570531","+,,0","","","","","19570519",",,0","19570528","+,,0","-3.9",",0,01,","0",",,0,31,+","","","19.6",",,0,19,","21.7",",0,28,+","5534.8","0","285.2",",0","76.6",",,,0","","","9.13",",0","16.12",",,,0","2.15",",,,0"
"USC00101671","1957-06","43.97775","-113.82913","1908.0","CHILLY BARTON FLAT, ID US","0.3","0","0.3",",0","4",",0","4",",0","0",",0","0",",0","0","1,0","0",",0","5",",0","0",",0","17",",0","0",",0","","","19570616",",,0","19570630","+,,0","19570630","+,1,0","","","19570610",",,0","19570630",",,0","-0.6",",0,16,","0",",,0,30,+","0","1,,0,30,+","8.1",",,0,10,","30.0",",0,30,","5715.7","0","180.9",",0","24.3",",,,0","0","1,,,0","12.31",",0","21.15",",,,0","3.48",",,,0"
"USC00101671","1957-07","43.97775","-113.82913","1908.0","CHILLY BARTON FLAT, ID US","0.6","0","0.3","1,0","0",",0","0",",0","0",",0","0",",0","0",",0","0",",0","2",",0","0","1,0","30","1,0","0","1,0","","","19570703",",,0","19570731","+,,0","19570731","+,,0","4","","19570719",",,0","19570709",",1,0","-1.1",",0,03,","0",",,0,31,+","0",",,0,31,+","0.0",",T,0,19,","29.4","1,0,09,","100.9","0","100.9","1,0","0.0",",T,,0","0",",,,0","14.91","1,0","26.44","1,,,0","3.37",",,,0"
"USC00101671","1957-08","43.97775","-113.82913","1908.0","CHILLY BARTON FLAT, ID US","0.6","0","0.0",",0","4",",0","4",",0","0",",0","0",",0","0",",0","0",",0","10",",0","0",",0","27",",0","0",",0","","","19570820",",,0","19570831","+,,0","19570831","+,,0","2","","19570821",",,0","19570817",",,0","-3.3",",0,20,","0",",,0,31,+","0",",,0,31,+","21.6",",,0,21,","29.4",",0,17,","244.0","0","143.1",",0","52.4",",,,0","0",",,,0","13.72",",0","26.29",",,,0","1.15",",,,0"
"USC00101671","1957-09","43.97775","-113.82913","1908.0","CHILLY BARTON FLAT, ID US","0.6","0","0.0",",0","0","2,0","0","2,0","0","2,0","0",",0","0",",0","0",",0","20",",0","0",",0","26",",0","0",",0","","","19570926","+,,0","19570930","+,,0","19570930","+,,0","","","19570901",",2,0","19570907",",,0","-5.6",",0,26,+","0",",,0,30,+","0",",,0,30,+","0.0","2,T,0,01,","28.3",",0,07,","471.3","0","227.3",",0","5.6",",a,,0","0",",,,0","10.76",",0","22.82",",,,0","-1.31",",,,0"
"USC00101671","1957-10","43.97775","-113.82913","1908.0","CHILLY BARTON FLAT, ID US","","","","","","","","","","","0",",0","","","","","","","","","","","","","","","","","19571031","+,,0","","","","","","","","","","","0",",,0,31,+","","","","","","","","","","","","","","","","","","","",""
"USC00101671","1957-11","43.97775","-113.82913","1908.0","CHILLY BARTON FLAT, ID US","","","0.0",",0","2",",0","1",",0","0",",0","","","","","7",",0","30",",0","10",",0","0",",0","0",",0","","","19571120",",,0","","","","","","","19571115",",,0","19571106",",,0","-22.8",",0,20,","","","","","5.1",",,0,15,","10.0",",0,06,","","","692.0",",0","5.9",",,,0","","","-4.74",",0","2.79",",,,0","-12.26",",,,0"
"USC00101671","1957-12","43.97775","-113.82913","1908.0","CHILLY BARTON FLAT, ID US","","","0.0",",0","3",",0","0",",0","0",",0","","","","","9",",0","31",",0","23",",0","0",",0","0",",0","","","19571231",",,0","","","","","","","19571228",",,0","19571220",",,0","-28.9",",0,31,","","","","","1.8",",,0,28,","2.2",",0,20,","","","818.8",",0","3.6",",,,0","","","-8.08",",0","-1.96",",,,0","-14.20",",,,0"
"USC00101671","1958-01","43.97775","-113.82913","1908.0","CHILLY BARTON FLAT, ID US","0.0","0","0.0","3,0","2",",0","1",",0","0",",0","","","2",",0","19",",0","31",",0","26","3,0","0","3,0","0","3,0","2","","19580101",",,0","","","19580118",",,0","","","19580118",",,0","19580106",",3,0","-29.4",",0,01,","","","51",",,0,18,","2.5",",,0,18,","2.2","3,0,06,","","","802.7","3,0","3.8",",,,0","97",",,,0","-10.20","3,0","-2.38","3,,,0","-18.02",",,,0"
"USC00101671","1958-02","43.97775","-113.82913","1908.0","CHILLY BARTON FLAT, ID US","0.0","0","0.0","1,0","2",",0","1",",0","0",",0","0",",0","2",",0","5",",0","28",",0","12","1,0","0","1,0","0","1,0","","","19580202",",,0","19580226","+,,0","19580225",",,0","","","19580225",",,0","19580224","+,1,0","-23.9",",0,02,","0",",T,0,26,+","64",",,0,25,","4.6",",,0,25,","8.3","1,0,24,+","","","637.5","1,0","5.9",",,,0","118",",,,0","-5.18","1,0","1.91","1,,,0","-12.27",",,,0"
"USC00101671","1958-03","43.97775","-113.82913","1908.0","CHILLY BARTON FLAT, ID US","0.0","0","0.0","3,0","2",",0","2",",0","0",",0","0","1,0","2",",0","0","1,0","30","1,0","15","2,0","0","2,0","0","2,0","","","19580311","+,1,0","19580306","+,1,0","19580330",",,0","","","19580330",",,0","19580330",",2,0","-15.6","1,0,11,+","0","1,T,0,06,+","76",",,0,30,","7.6",",,0,30,","9.4","2,0,30,","","","622.8","2,0","10.9",",,,0","114",",,,0","-3.80","3,0","1.48","2,,,0","-9.08","1,,,0"
"USC00101671","1958-04","43.97775","-113.82913","1908.0","CHILLY BARTON FLAT, ID US","0.0","0","0.0",",0","5",",0","5",",0","0",",0","","","4",",0","0",",0","29",",0","0",",0","0",",0","0",",0","","","19580425","+,,0","","","19580425",",,0","","","19580404","+,,0","19580415",",,0","-10.0",",0,25,+","","","89",",,0,25,","8.1",",,0,04,+","14.4",",0,15,","","","506.8",",0","29.0",",,,0","280",",,,0","1.44",",0","7.60",",,,0","-4.72",",,,0"
"USC00101671","1958-05","43.97775","-113.82913","1908.0","CHILLY BARTON FLAT, ID US","0.0","0","0.0","1,0","4",",0","4",",0","0",",0","0",",0","0",",0","0",",0","8",",0","0","1,0","14","1,0","0","1,0","","","19580503",",,0","19580531","+,,0","19580531","+,,0","","","19580507",",,0","19580527",",1,0","-4.4",",0,03,","0",",,0,31,+","0",",,0,31,+","20.8",",,0,07,","27.8","1,0,27,","","","225.0","1,0","33.7",",,,0","0",",,,0","10.94","1,0","20.23","1,,,0","1.66",",,,0"
"USC00101671","1958-06","43.97775","-113.82913","1908.0","CHILLY BARTON FLAT, ID US","0.0","0","0.0",",0","7",",0","5",",0","0",",0","","","","","0",",0","4",",0","0",",0","17",",0","0",",0","","","19580610",",,0","","","","","","","19580603",",,0","19580623",",,0","-0.6",",0,10,","","","","","11.2",",,0,03,","27.8",",0,23,","","","171.7",",0","35.1",",,,0","","","12.61",",0","21.00",",,,0","4.22",",,,0"
"USC00101671","1958-07","43.97775","-113.82913","1908.0","CHILLY BARTON FLAT, ID US","2.8","0","2.8","2,0","6",",0","5",",0","0",",0","0",",0","0",",0","0",",0","1",",0","0","2,0","25","2,0","1","2,0","","","19580703",",,0","19580731","+,,0","19580703",",,0","","","19580701",",,0","19580728",",2,0","0.0",",0,03,","0",",,0,31,+","0",",T,0,03,","8.6",",,0,01,","32.2","2,0,28,","103.0","0","103.0","2,0","28.1",",,,0","0",",T,,0","14.82","2,0","24.70","2,,,0","4.95",",,,0"
"USC00101671","1958-08","43.97775","-113.82913","1908.0","CHILLY BARTON FLAT, ID US","18.4","0","15.6","2,0","3",",0","2",",0","0",",0","0",",0","0",",0","0",",0","1",",0","0","2,0","29","2,0","5","2,0","","","19580830",",,0","19580831","+,,0","19580831","+,,0","1","","19580819",",,0","19580815",",2,0","-0.6",",0,30,","0",",,0,31,+","0",",,0,31,+","5.6",",,0,19,","35.6","2,0,15,","151.0","0","48.0","2,0","9.4",",,,0","0",",,,0","17.34","2,0","28.24","2,,,0","6.44",",,,0"
"USC00101671","1958-09","43.97775","-113.82913","1908.0","CHILLY BARTON FLAT, ID US","18.4","0","0.0",",0","4",",0","2",",0","0",",0","0",",0","0",",0","0",",0","14",",0","0",",0","18",",0","0",",0","","","19580919",",,0","19580930","+,,0","19580923","+,,0","","","19580909",",,0","19580901",",,0","-6.1",",0,19,","0",",,0,30,+","0",",T,0,23,+","9.1",",,0,09,","29.4",",0,01,","362.1","0","211.1",",0","16.5",",,,0","0",",T,,0","11.30",",0","21.77",",,,0","0.83",",,,0"
"USC00101671","1958-10","43.97775","-113.82913","1908.0","CHILLY BARTON FLAT, ID US","18.4","0","0.0",",0","0",",0","0",",0","0",",0","0",",0","0",",0","0",",0","27",",0","0",",0","13",",0","0",",0","","","19581030","+,,0","19581019",",,0","19581019",",,0","","","19581019",",,0","19581005",",,0","-13.3",",0,30,+","0",",T,0,19,","0",",T,0,19,","0.0",",T,0,19,","25.0",",0,05,","731.8","0","369.7",",0","0.0",",T,,0","0",",T,,0","6.41",",0","17.68",",,,0","-4.87",",,,0"
"USC00101671","1958-11","43.97775","-113.82913","1908.0","CHILLY BARTON FLAT, ID US","18.4","0","0.0","3,0","1",",0","0",",0","0",",0","0",",0","0",",0","3","1,0","25","1,0","4","2,0","0","2,0","0","2,0","","","19581125",",1,0","19581130","+,,0","19581114","+,,0","","","19581107",",,0","19581108",",2,0","-20.6","1,0,25,","0",",,0,30,+","0",",T,0,14,+","1.8",",,0,07,","17.8","2,0,08,","1261.6","0","529.8","2,0","1.8",",,,0","0",",T,,0","-1.31","3,0","6.77","2,,,0","-9.40","1,,,0"
"USC00101671","1958-12","43.97775","-113.82913","1908.0","CHILLY BARTON FLAT, ID US","18.4","0","0.0","1,0","2",",0","2",",0","0",",0","0","3,0","1",",0","1","1,0","29","1,0","4",",0","0",",0","0",",0","","","19581229",",1,0","19581225","+,3,0","19581212",",,0","","","19581212",",,0","19581202",",,0","-18.3","1,0,29,","0","3,T,0,25,+","76",",,0,12,","4.8",",,0,12,","12.8",",0,02,","1887.2","0","625.6",",0","8.6",",,,0","84",",,,0","-2.54","1,0","4.36",",,,0","-9.44","1,,,0"
"USC00101671","1959-01","43.97775","-113.82913","1908.0","CHILLY BARTON FLAT, ID US","0.0","0","0.0",",0","2",",0","1",",0","0",",0","2",",0","2",",0","6",",0","31",",0","13",",0","0",",0","0",",0","","","19590104",",,0","19590116",",,0","19590116",",,0","","","19590116",",,0","19590125","+,,0","-31.7",",0,04,","76",",,0,16,","102",",,0,16,","3.6",",,0,16,","6.1",",0,25,+","2654.4","0","767.2",",0","5.6",",,,0","140",",,,0","-6.42",",0","0.52",",,,0","-13.35",",,,0"
"USC00101671","1959-02","43.97775","-113.82913","1908.0","CHILLY BARTON FLAT, ID US","0.0","0","0.0",",0","2",",0","0",",0","0",",0","0",",0","1",",0","6",",0","28",",0","10",",0","0",",0","0",",0","","","19590209",",,0","19590206",",,0","19590204",",,0","","","19590211","+,,0","19590228",",,0","-23.9",",0,09,","0",",T,0,06,","51",",,0,04,","1.3",",,0,11,+","8.9",",0,28,","3320.5","0","666.1",",0","2.6",",,,0","51",",,,0","-5.46",",0","1.41",",,,0","-12.32",",,,0"
"USC00101671","1959-03","43.97775","-113.82913","1908.0","CHILLY BARTON FLAT, ID US","0.0","0","0.0",",0","0",",0","0",",0","0",",0","0",",0","0",",0","0",",0","31",",0","0",",0","0",",0","0",",0","","","19590320","+,,0","19590302","+,,0","19590331","+,,0","","","19590331","+,,0","19590316",",,0","-15.0",",0,20,+","0",",T,0,02,+","0",",T,0,31,+","0.0",",T,0,31,+","13.3",",0,16,","3923.6","0","603.1",",0","0.0",",T,,0","0",",T,,0","-1.12",",0","7.29",",,,0","-9.53",",,,0"
"USC00101671","1959-04","43.97775","-113.82913","1908.0","CHILLY BARTON FLAT, ID US","0.0","0","0.0",",0","1",",0","0",",0","0",",0","0",",0","1",",0","0",",0","25",",0","0",",0","1",",0","0",",0","","","19590407",",,0","19590430","+,,0","19590416",",,0","","","19590416",",,0","19590429",",,0","-11.1",",0,07,","0",",T,0,30,+","51",",,0,16,","2.3",",,0,16,","21.1",",0,29,","4318.7","0","395.1",",0","2.3",",,,0","51",",,,0","5.16",",0","14.58",",,,0","-4.25",",,,0"
"USC00101671","1959-05","43.97775","-113.82913","1908.0","CHILLY BARTON FLAT, ID US","0.0","0","0.0","1,0","9",",0","3",",0","0",",0","0",",0","2",",0","0","1,0","21","1,0","0",",0","4",",0","0",",0","","","19590508",",1,0","19590523","+,,0","19590501",",,0","","","19590501",",,0","19590513",",,0","-7.2","1,0,08,","0",",T,0,23,+","64",",,0,01,","15.0",",,0,01,","26.7",",0,13,","4646.0","0","327.3",",0","34.1",",,,0","115",",,,0","7.39","1,0","15.77",",,,0","-0.99","1,,,0"
"USC00101671","1959-06","43.97775","-113.82913","1908.0","CHILLY BARTON FLAT, ID US","4.7","0","4.7",",0","5",",0","3",",0","0",",0","0",",0","0",",0","0",",0","5",",0","0",",0","23",",0","0",",0","","","19590610",",,0","19590630","+,,0","19590630","+,,0","","","19590607",",,0","19590618",",,0","-2.8",",0,10,","0",",,0,30,+","0",",,0,30,+","4.1",",,0,07,","31.7",",0,18,","4754.8","0","108.8",",0","13.8",",,,0","0",",,,0","14.86",",0","25.23",",,,0","4.50",",,,0"
"USC00101671","1959-07","43.97775","-113.82913","1908.0","CHILLY BARTON FLAT, ID US","30.0","0","25.3",",0","2",",0","2",",0","0",",0","0",",0","0",",0","0",",0","1",",0","0",",0","31",",0","12",",0","","","19590708",",,0","19590731","+,,0","19590731","+,,0","","","19590714",",,0","19590723",",,0","-2.8",",0,08,","0",",,0,31,+","0",",,0,31,+","3.3",",,0,14,","35.0",",0,23,","48.0","0","48.0",",0","6.1",",,,0","0",",,,0","17.60",",0","29.72",",,,0","5.49",",,,0"
"USC00101671","1959-08","43.97775","-113.82913","1908.0","CHILLY BARTON FLAT, ID US","30.3","0","0.3",",0","4",",0","2",",0","0",",0","0",",0","0",",0","0",",0","3",",0","0",",0","30",",0","0",",0","","","19590821",",,0","19590831","+,,0","19590831","+,,0","1","","19590820","+,,0","19590810",",,0","-0.6",",0,21,","0",",,0,31,+","0",",,0,31,+","9.1",",,0,20,+","31.7",",0,10,","146.6","0","98.6",",0","19.2",",,,0","0",",,,0","15.16",",0","26.92",",,,0","3.41",",,,0"
"USC00101671","1959-09","43.97775","-113.82913","1908.0","CHILLY BARTON FLAT, ID US","30.3","0","0.0",",0","5",",0","4",",0","0",",0","0",",0","0",",0","0",",0","14",",0","0",",0","12",",0","0",",0","","","19590909",",,0","19590930","+,,0","19590927","+,,0","","","19590914",",,0","19590911","+,,0","-3.9",",0,09,","0",",,0,30,+","0",",T,0,27,+","16.5",",,0,14,","29.4",",0,11,+","389.7","0","243.1",",0","33.5",",,,0","0",",T,,0","10.23",",0","18.53",",,,0","1.93",",,,0"
"USC00101671","1959-10","43.97775","-113.82913","1908.0","CHILLY BARTON FLAT, ID US","30.3","0","0.0",",0","2",",0","0",",0","0",",0","0",",0","0",",0","0",",0","27",",0","0",",0","0",",0","0",",0","","","19591031",",,0","19591031","+,,0","19591007",",,0","","","19591022",",,0","19591014","+,,0","-11.7",",0,31,","0",",,0,31,+","0",",T,0,07,","1.8",",,0,22,","20.6",",0,14,+","775.9","0","386.2",",0","2.6",",,,0","0",",T,,0","5.87",",0","15.14",",,,0","-3.39",",,,0"
"USC00101671","1959-11","43.97775","-113.82913","1908.0","CHILLY BARTON FLAT, ID US","30.3","0","0.0",",0","0",",0","0",",0","0",",0","0",",0","0",",0","1",",0","30",",0","0",",0","0",",0","0",",0","","","19591117",",,0","19591122",",,0","19591122","+,,0","","","19591122","+,,0","19591102","+,,0","-17.8",",0,17,","0",",T,0,22,","0",",T,0,22,+","0.0",",T,0,22,+","15.6",",0,02,+","1344.3","0","568.4",",0","0.0",",T,,0","0",",T,,0","-0.61",",0","8.77",",,,0","-10.00",",,,0"
"USC00101671","1959-12","43.97775","-113.82913","1908.0","CHILLY BARTON FLAT, ID US","30.3","0","0.0",",0","2",",0","2",",0","0",",0","2","5,0","1",",0","8",",0","31",",0","7",",0","0",",0","0",",0","","","19591231",",,0","19591225",",5,0","19591225",",,0","","","19591231","+,,0","19591201",",,0","-26.1",",0,31,","51","5,,0,25,","51",",,0,25,","3.0",",,0,31,+","11.1",",0,01,","2103.6","0","759.3",",0","6.0",",,,0","51",",,,0","-6.16",",0","2.70",",,,0","-15.03",",,,0"
"USC00101671","1960-01","43.97775","-113.82913","1908.0","CHILLY BARTON FLAT, ID US","0.0","0","0.0",",0","1",",0","1",",0","0",",0","0",",0","1",",0","16",",0","31",",0","21",",0","0",",0","0",",0","","","19600119",",,0","19600114","+,,0","19600108",",,0","","","19600108",",,0","19600131","+,,0","-35.0",",0,19,","0",",T,0,14,+","38",",,0,08,","2.5",",,0,08,","3.9",",0,31,+","3017.4","0","913.8",",0","2.5",",,,0","38",",,,0","-11.14",",0","-2.80",",,,0","-19.49",",,,0"
"USC00101671","1960-02","43.97775","-113.82913","1908.0","CHILLY BARTON FLAT, ID US","0.0","0","0.0",",0","3",",0","1",",0","0",",0","4",",0","3",",0","18",",0","29",",0","20",",0","0",",0","0",",0","","","19600229",",,0","19600208",",,0","19600208",",,0","","","19600208",",,0","19600210","+,,0","-37.2",",0,29,","102",",,0,08,","165",",,0,08,","5.8",",,0,08,","2.8",",0,10,+","3843.7","0","826.3",",0","9.1",",,,0","292",",,,0","-10.16",",0","-1.47",",,,0","-18.86",",,,0"
"USC00101671","1960-03","43.97775","-113.82913","1908.0","CHILLY BARTON FLAT, ID US","0.0","0","0.0",",0","0",",0","0",",0","0",",0","0",",0","0",",0","6",",0","31",",0","7",",0","0",",0","0",",0","1","","19600301",",,0","19600331","+,,0","19600331","+,,0","","","19600331","+,,0","19600325",",,0","-36.7",",0,01,","0",",T,0,31,+","0",",T,0,31,+","0.0",",T,0,31,+","18.3",",0,25,","4496.6","0","652.9",",0","0.0",",T,,0","0",",T,,0","-2.73",",0","5.95",",,,0","-11.41",",,,0"
"USC00101671","1960-04","43.97775","-113.82913","1908.0","CHILLY BARTON FLAT, ID US","0.0","0","0.0",",0","5",",0","2",",0","0",",0","0",",0","1",",0","0",",0","26",",0","0",",0","3",",0","0",",0","","","19600425","+,,0","19600428","+,,0","19600422",",,0","","","19600422",",,0","19600405",",,0","-10.6",",0,25,+","0",",T,0,28,+","89",",,0,22,","4.6",",,0,22,","22.8",",0,05,","4905.7","0","409.1",",0","13.1",",,,0","89",",,,0","4.70",",0","13.12",",,,0","-3.73",",,,0"
"USC00101671","1960-05","43.97775","-113.82913","1908.0","CHILLY BARTON FLAT, ID US","0.0","0","0.0","1,0","2",",0","0",",0","0",",0","0",",0","0",",0","0",",0","23",",0","0","1,0","7","1,0","0","1,0","","","19600518",",,0","19600527","+,,0","19600527","+,,0","","","19600521",",,0","19600511",",1,0","-9.4",",0,18,","0",",T,0,27,+","0",",T,0,27,+","2.3",",,0,21,","30.0","1,0,11,","5215.0","0","309.3","1,0","4.3",",,,0","0",",T,,0","8.05","1,0","17.44","1,,,0","-1.35",",,,0"
"USC00101671","1960-06","43.97775","-113.82913","1908.0","CHILLY BARTON FLAT, ID US","1.7","0","1.7",",0","3",",0","2",",0","0",",0","0",",0","0",",0","0",",0","4",",0","0",",0","27",",0","0",",0","","","19600621","+,,0","19600630","+,,0","19600630","+,,0","","","19600610",",,0","19600613",",,0","-2.8",",0,21,+","0",",,0,30,+","0",",,0,30,+","7.9",",,0,10,","29.4",",0,13,","5325.2","0","110.2",",0","13.7",",,,0","0",",,,0","14.72",",0","25.23",",,,0","4.20",",,,0"
"USC00101671","1960-07","43.97775","-113.82913","1908.0","CHILLY BARTON FLAT, ID US","35.9","0","34.2","1,0","4",",0","3",",0","0",",0","0",",0","0",",0","0","1,0","0","1,0","0","1,0","30","1,0","9","1,0","","","19600702",",1,0","19600731","+,,0","19600731","+,,0","","","19600727",",,0","19600721","+,1,0","2.2","1,0,02,","0",",,0,31,+","0",",,0,31,+","11.9",",,0,27,","35.6","1,0,21,+","19.6","0","19.6","1,0","21.0",",,,0","0",",,,0","18.82","1,0","30.53","1,,,0","7.11","1,,,0"
"USC00101671","1960-08","43.97775","-113.82913","1908.0","CHILLY BARTON FLAT, ID US","43.7","0","7.8",",0","3",",0","2",",0","0",",0","0",",0","0",",0","0",",0","6",",0","0",",0","25",",0","2",",0","","","19600828","+,,0","19600831","+,,0","19600831","+,,0","","","19600801",",,0","19600811",",,0","-4.4",",0,28,+","0",",,0,31,+","0",",,0,31,+","5.1",",,0,01,","32.8",",0,11,","125.4","0","105.8",",0","11.0",",,,0","0",",,,0","15.17",",0","26.63",",,,0","3.71",",,,0"
"USC00101671","1960-09","43.97775","-113.82913","1908.0","CHILLY BARTON FLAT, ID US","43.7","0","0.0","1,0","4",",0","3",",0","0",",0","0",",0","0",",0","0","1,0","18","1,0","0","1,0","26","1,0","0","1,0","","","19600909",",1,0","19600930","+,,0","19600930","+,,0","1","","19600913",",,0","19600911",",1,0","-5.6","1,0,09,","0",",,0,30,+","0",",,0,30,+","5.1",",,0,13,","27.2","1,0,11,","299.6","0","174.2","1,0","13.7",",,,0","0",",,,0","12.33","1,0","23.89","1,,,0","0.76","1,,,0"
"USC00101671","1960-10","43.97775","-113.82913","1908.0","CHILLY BARTON FLAT, ID US","43.7","0","0.0",",0","1",",0","0",",0","0",",0","0",",0","0",",0","0",",0","28",",0","0",",0","7",",0","0",",0","","","19601030",",,0","19601028","+,,0","19601028","+,,0","","","19601007",",,0","19601005",",,0","-14.4",",0,30,","0",",T,0,28,+","0",",T,0,28,+","1.3",",,0,07,","25.0",",0,05,","693.0","0","393.4",",0","1.3",",,,0","0",",T,,0","5.64",",0","15.72",",,,0","-4.43",",,,0"
"USC00101671","1960-11","43.97775","-113.82913","1908.0","CHILLY BARTON FLAT, ID US","43.7","0","0.0",",0","3",",0","1",",0","0",",0","0",",0","1",",0","1",",0","27",",0","1",",0","0",",0","0",",0","2","","19601128",",,0","19601118","+,,0","19601113",",,0","","","19601113",",,0","19601106",",,0","-17.8",",0,28,","0",",T,0,18,+","76",",,0,13,","3.8",",,0,13,","12.8",",0,06,","1294.4","0","601.4",",0","5.4",",,,0","76",",,,0","-1.71",",0","4.91",",,,0","-8.33",",,,0"
"USC00101671","1960-12","43.97775","-113.82913","1908.0","CHILLY BARTON FLAT, ID US","43.7","0","0.0",",0","2",",0","0",",0","0",",0","0",",0","1",",0","10",",0","31",",0","11",",0","0",",0","0",",0","3","","19601206",",,0","19601226","+,,0","19601221",",,0","","","19601221",",,0","19601214",",,0","-23.3",",0,06,","0",",T,0,26,+","76",",,0,21,","2.3",",,0,21,","8.3",",0,14,","2038.1","0","743.7",",0","3.3",",,,0","76",",,,0","-5.66",",0","2.52",",,,0","-13.84",",,,0"
"USC00101671","1961-01","43.97775","-113.82913","1908.0","CHILLY BARTON FLAT, ID US","0.0","0","0.0",",0","0",",0","0",",0","0",",0","0",",0","0",",0","11",",0","31",",0","9",",0","0",",0","0",",0","1","","19610103",",,0","19610131",",,0","19610131",",,0","","","19610131",",,0","19610121",",,0","-24.4",",0,03,","0",",T,0,31,","0",",T,0,31,","0.0",",T,0,31,","10.0",",0,21,","2814.3","0","776.2",",0","0.0",",T,,0","0",",T,,0","-6.71",",0","3.08",",,,0","-16.50",",,,0"
"USC00101671","1961-02","43.97775","-113.82913","1908.0","CHILLY BARTON FLAT, ID US","0.0","0","0.0",",0","6",",0","1",",0","0",",0","3",",0","3",",0","0",",0","27",",0","3",",0","0",",0","0",",0","4","","19610226",",,0","19610203",",,0","19610203",",,0","","","19610203",",,0","19610211",",,0","-15.0",",0,26,","102",",,0,03,","102",",,0,03,","7.1",",,0,03,","7.8",",0,11,","3379.5","0","565.2",",0","12.2",",,,0","186",",,,0","-1.85",",0","3.69",",,,0","-7.39",",,,0"
"USC00101671","1961-03","43.97775","-113.82913","1908.0","CHILLY BARTON FLAT, ID US","0.0","0","0.0",",0","1",",0","0",",0","0",",0","0",",0","0",",0","0",",0","31",",0","1",",0","0",",0","0",",0","1","","19610308",",,0","19610327",",,0","19610327",",,0","","","19610327",",,0","19610330",",,0","-16.1",",0,08,","0",",T,0,27,","3",",,0,27,","0.5",",,0,27,","14.4",",0,30,","3945.5","0","566.0",",0","0.5",",,,0","3",",,,0","0.08",",0","7.89",",,,0","-7.74",",,,0"
"USC00101671","1961-04","43.97775","-113.82913","1908.0","CHILLY BARTON FLAT, ID US","0.0","0","0.0","1,0","2",",0","2",",0","0",",0","0",",0","0",",0","0",",0","24",",0","0","1,0","0","1,0","0","1,0","","","19610405",",,0","19610423","+,,0","19610423",",,0","","","19610423",",,0","19610416","+,1,0","-13.3",",0,05,","0",",T,0,23,+","13",",,0,23,","4.6",",,0,23,","20.0","1,0,16,+","4357.3","0","411.8","1,0","8.7",",,,0","13",",,,0","3.98","1,0","12.54","1,,,0","-4.57",",,,0"
"USC00101671","1961-05","43.97775","-113.82913","1908.0","CHILLY BARTON FLAT, ID US","0.0","0","0.0",",0","5",",0","3",",0","0",",0","0",",0","1",",0","0",",0","19",",0","0",",0","13",",0","0",",0","","","19610506","+,,0","19610515","+,,0","19610505",",,0","","","19610515",",,0","19610527","+,,0","-6.7",",0,06,+","0",",T,0,15,+","38",",,0,05,","4.6",",,0,15,","26.1",",0,27,+","4645.3","0","288.0",",0","13.5",",,,0","38",",,,0","9.04",",0","18.66",",,,0","-0.58",",,,0"
"USC00101671","1961-06","43.97775","-113.82913","1908.0","CHILLY BARTON FLAT, ID US","10.8","0","10.8",",0","3","2,0","2","2,0","0","2,0","0",",0","0",",0","0",",0","1",",0","0",",0","27",",0","6",",0","","","19610601",",,0","19610630","+,,0","19610630","+,,0","5","","19610601",",2,0","19610624","+,,0","-0.6",",0,01,","0",",,0,30,+","0",",,0,30,+","15.5","2,,0,01,","32.8",",0,24,+","4710.9","0","65.6",",0","32.5",",a,,0","0",",,,0","16.51",",0","27.50",",,,0","5.51",",,,0"
"USC00101671","1961-07","43.97775","-113.82913","1908.0","CHILLY BARTON FLAT, ID US","17.5","0","6.7",",0","4",",0","4",",0","0",",0","0",",0","0",",0","0",",0","0",",0","0",",0","31",",0","5",",0","","","19610704","+,,0","19610731","+,,0","19610731","+,,0","2","","19610727",",,0","19610731","+,,0","2.2",",0,04,+","0",",,0,31,+","0",",,0,31,+","11.2",",,0,27,","32.2",",0,31,+","29.5","0","29.5",",0","21.9",",,,0","0",",,,0","17.60",",0","29.65",",,,0","5.54",",,,0"
"USC00101671","1961-08","43.97775","-113.82913","1908.0","CHILLY BARTON FLAT, ID US","39.7","0","22.2",",0","9",",0","4",",0","0",",0","0",",0","0",",0","0",",0","1",",0","0",",0","31",",0","7",",0","","","19610831",",,0","19610831","+,,0","19610831","+,,0","4","","19610825",",,0","19610804",",,0","0.0",",0,31,","0",",,0,31,+","0",",,0,31,+","4.3",",,0,25,","35.0",",0,04,","77.3","0","47.8",",0","21.2",",,,0","0",",,,0","17.50",",0","28.80",",,,0","6.21",",,,0"
"USC00101671","1961-09","43.97775","-113.82913","1908.0","CHILLY BARTON FLAT, ID US","39.7","0","0.0",",0","10",",0","5",",0","0",",0","0",",0","2",",0","0",",0","19",",0","0",",0","8",",0","0",",0","","","19610924",",,0","19610923","+,,0","19610917",",,0","1","","19610909",",,0","19610905",",,0","-8.3",",0,24,","0",",T,0,23,+","140",",,0,17,","12.4",",,0,09,","26.1",",0,05,","376.1","0","298.8",",0","40.9",",,,0","257",",,,0","8.37",",0","17.37",",,,0","-0.63",",,,0"
"USC00101671","1961-10","43.97775","-113.82913","1908.0","CHILLY BARTON FLAT, ID US","39.7","0","0.0",",0","4",",0","2",",0","0",",0","0",",0","0",",0","0",",0","28",",0","0",",0","7",",0","0",",0","","","19611030",",,0","19611028","+,,0","19611028","+,,0","","","19611011",",,0","19611005",",,0","-12.8",",0,30,","0",",T,0,28,+","0",",T,0,28,+","3.6",",,0,11,","23.3",",0,05,","810.6","0","434.5",",0","9.0",",,,0","0",",T,,0","4.32",",0","14.21",",,,0","-5.57",",,,0"
"USC00101671","1961-11","43.97775","-113.82913","1908.0","CHILLY BARTON FLAT, ID US","39.7","0","0.0",",0","3",",0","0",",0","0",",0","0","1,0","0","1,0","6",",0","30",",0","0",",0","0",",0","0",",0","","","19611119",",,0","19611126","+,1,0","19611103",",1,0","","","19611123","+,,0","19611108","+,,0","-19.4",",0,19,","0","1,T,0,26,+","3","1,,0,03,","1.0",",,0,23,+","13.3",",0,08,+","1429.4","0","618.8",",0","2.8",",,,0","3","1,,,0","-2.29",",0","6.35",",,,0","-10.94",",,,0"
"USC00101671","1961-12","43.97775","-113.82913","1908.0","CHILLY BARTON FLAT, ID US","39.7","0","0.0","1,0","3",",0","2",",0","0",",0","2","2,0","2","1,0","19","1,0","30","1,0","21",",0","0",",0","0",",0","","","19611211",",1,0","19611212","+,2,0","19611211",",1,0","","","19611221",",,0","19611220","+,,0","-33.3","1,0,11,","51","2,,0,12,+","51","1,,0,11,","6.6",",,0,21,","4.4",",0,20,+","2279.0","0","849.6",",0","12.7",",,,0","89","1,,,0","-10.17","1,0","-1.84",",,,0","-18.50","1,,,0"
"USC00101671","1962-01","43.97775","-113.82913","1908.0","CHILLY BARTON FLAT, ID US","0.0","0","0.0",",0","1",",0","0",",0","0",",0","2","2,0","1",",0","24",",0","31",",0","20",",0","0",",0","0",",0","2","","19620122",",,0","19620115","+,2,0","19620119",",,0","","","19620119",",,0","19620131","+,,0","-36.7",",0,22,","25","2,,0,15,+","76",",,0,19,","1.8",",,0,19,","6.7",",0,31,+","3206.3","0","927.3",",0","1.8",",,,0","76",",,,0","-11.58",",0","-2.60",",,,0","-20.56",",,,0"
"USC00101671","1962-02","43.97775","-113.82913","1908.0","CHILLY BARTON FLAT, ID US","0.0","0","0.0",",0","3",",0","3",",0","0",",0","1",",0","1",",0","5",",0","28",",0","6",",0","0",",0","0",",0","1","","19620227",",,0","19620210",",,0","19620210",",,0","","","19620211",",,0","19620201",",,0","-28.9",",0,27,","25",",,0,10,","25",",,0,10,","5.8",",,0,11,","7.8",",0,01,","3865.3","0","659.0",",0","14.1",",,,0","33",",,,0","-5.20",",0","1.16",",,,0","-11.56",",,,0"
"USC00101671","1962-03","43.97775","-113.82913","1908.0","CHILLY BARTON FLAT, ID US","0.0","0","0.0","1,0","4",",0","0",",0","0",",0","1",",0","3",",0","7",",0","31",",0","8","1,0","0","1,0","0","1,0","","","19620313",",,0","19620310",",,0","19620310",",,0","","","19620310",",,0","19620331",",1,0","-23.9",",0,13,","51",",,0,10,","51",",,0,10,","1.8",",,0,10,","13.3","1,0,31,","4549.3","0","684.0","1,0","5.6",",,,0","134",",,,0","-4.39","1,0","3.66","1,,,0","-12.45",",,,0"
"USC00101671","1962-04","43.97775","-113.82913","1908.0","CHILLY BARTON FLAT, ID US","0.0","0","0.0",",0","2",",0","0",",0","0",",0","0",",0","0",",0","0",",0","26",",0","0",",0","6",",0","0",",0","","","19620430","+,,0","19620430","+,,0","19620428",",,0","","","19620428",",,0","19620419",",,0","-11.1",",0,30,+","0",",,0,30,+","0",",T,0,28,","2.3",",,0,28,","23.9",",0,19,","4952.4","0","403.1",",0","4.3",",,,0","0",",T,,0","4.90",",0","14.74",",,,0","-4.94",",,,0"
"USC00101671","1962-05","43.97775","-113.82913","1908.0","CHILLY BARTON FLAT, ID US","0.0","0","0.0",",0","8",",0","4",",0","0",",0","1",",0","2",",0","0",",0","23",",0","0",",0","5",",0","0",",0","","","19620512",",,0","19620519",",,0","19620519",",,0","2","","19620524",",,0","19620506",",,0","-6.1",",0,12,","152",",,0,19,","152",",,0,19,","13.2",",,0,24,","22.8",",0,06,","5293.7","0","341.3",",0","41.0",",,,0","228",",,,0","7.32",",0","15.97",",,,0","-1.33",",,,0"
"USC00101671","1962-06","43.97775","-113.82913","1908.0","CHILLY BARTON FLAT, ID US","0.0","0","0.0",",0","9",",0","4",",0","0",",0","0",",0","0",",0","0",",0","6",",0","0",",0","22",",0","0",",0","","","19620607",",,0","19620630","+,,0","19620630","+,,0","1","","19620605",",,0","19620625",",,0","-4.4",",0,07,","0",",,0,30,+","0",",,0,30,+","4.8",",,0,05,","30.0",",0,25,","5470.7","0","177.0",",0","21.3",",,,0","0",",,,0","12.43",",0","23.08",",,,0","1.78",",,,0"
"USC00101671","1962-07","43.97775","-113.82913","1908.0","CHILLY BARTON FLAT, ID US","2.3","0","2.3",",0","7",",0","4",",0","0",",0","0",",0","0",",0","0",",0","4",",0","0",",0","30",",0","1",",0","","","19620719",",,0","19620731","+,,0","19620731","+,,0","","","19620726",",,0","19620723",",,0","-2.8",",0,19,","0",",,0,31,+","0",",,0,31,+","9.9",",,0,26,","32.2",",0,23,","87.1","0","87.1",",0","26.9",",,,0","0",",,,0","15.60",",0","27.18",",,,0","4.01",",,,0"
"USC00101671","1962-08","43.97775","-113.82913","1908.0","CHILLY BARTON FLAT, ID US","3.2","0","0.9",",0","5",",0","2",",0","0",",0","0",",0","0",",0","0",",0","8",",0","0",",0","27",",0","1",",0","","","19620831",",,0","19620831","+,,0","19620831","+,,0","2","","19620801",",,0","19620815",",,0","-5.0",",0,31,","0",",,0,31,+","0",",,0,31,+","4.8",",,0,01,","32.2",",0,15,","220.9","0","133.8",",0","12.7",",,,0","0",",,,0","14.05",",0","26.40",",,,0","1.69",",,,0"
"USC00101671","1962-09","43.97775","-113.82913","1908.0","CHILLY BARTON FLAT, ID US","3.2","0","0.0",",0","6",",0","4",",0","0",",0","0",",0","0",",0","0",",0","25",",0","0",",0","23",",0","0",",0","","","19620909",",,0","19620930","+,,0","19620930","+,,0","1","","19620928",",,0","19620918","+,,0","-8.3",",0,09,","0",",,0,30,+","0",",,0,30,+","5.6",",,0,28,","28.9",",0,18,+","445.5","0","224.6",",0","16.5",",,,0","0",",,,0","10.85",",0","23.72",",,,0","-2.03",",,,0"
"USC00101671","1962-10","43.97775","-113.82913","1908.0","CHILLY BARTON FLAT, ID US","","","","","2",",0","1",",0","0",",0","1",",0","1",",0","0","3,0","19","3,0","0","3,0","8","3,0","0","3,0","","","19621026",",3,0","19621011",",,0","19621011",",,0","","","19621011",",,0","19621025",",3,0","-10.0","3,0,26,","51",",,0,11,","51",",,0,11,","5.6",",,0,11,","24.4","3,0,25,","","","","","6.1",",,,0","51",",,,0","7.95","4,0","18.52","3,,,0","-2.62","3,,,0"
"USC00101671","1962-11","43.97775","-113.82913","1908.0","CHILLY BARTON FLAT, ID US","","","0.0",",0","5",",0","2",",0","0",",0","0",",0","0",",0","7",",0","30",",0","2",",0","0",",0","0",",0","","","19621108",",,0","19621129","+,,0","19621129",",,0","","","19621110",",,0","19621104",",,0","-21.7",",0,08,","0",",T,0,29,+","13",",,0,29,","2.8",",,0,10,","19.4",",0,04,","","","564.1",",0","10.1",",,,0","13",",,,0","-0.47",",0","9.02",",,,0","-9.96",",,,0"
"USC00101671","1962-12","43.97775","-113.82913","1908.0","CHILLY BARTON FLAT, ID US","","","0.0",",0","1",",0","1",",0","0",",0","0",",0","0",",0","10",",0","31",",0","7",",0","0",",0","0",",0","","","19621225",",,0","19621203",",,0","19621203",",,0","","","19621203",",,0","19621208","+,,0","-27.2",",0,25,","0",",T,0,03,","0",",T,0,03,","2.5",",,0,03,","9.4",",0,08,+","","","744.9",",0","2.5",",,,0","0",",T,,0","-5.70",",0","3.35",",,,0","-14.74",",,,0"
"USC00101671","1963-01","43.97775","-113.82913","1908.0","CHILLY BARTON FLAT, ID US","0.0","0","0.0",",0","3",",0","0",",0","0",",0","2","2,0","1","1,0","16",",0","31",",0","18",",0","0",",0","0",",0","","","19630112",",,0","19630129","+,2,0","19630129",",1,0","","","19630129",",,0","19630106",",,0","-33.3",",0,12,","25","2,,0,29,+","25","1,,0,29,","1.8",",,0,29,","8.3",",0,06,","","","864.7",",0","3.8",",,,0","38","1,,,0","-9.56",",0","-0.59",",,,0","-18.53",",,,0"
"USC00101671","1963-02","43.97775","-113.82913","1908.0","CHILLY BARTON FLAT, ID US","0.0","0","0.0","1,0","3",",0","3",",0","0",",0","0",",0","1",",0","1","1,0","27","1,0","0",",0","0",",0","0",",0","","","19630213",",1,0","19630226","+,,0","19630217",",,0","","","19630201",",,0","19630208","+,,0","-17.8","1,0,13,","0",",T,0,26,+","51",",,0,17,","11.2",",,0,01,","12.8",",0,08,+","","","501.3",",0","17.2",",,,0","64",",,,0","-0.30","1,0","7.20",",,,0","-7.79","1,,,0"
"USC00101671","1963-03","43.97775","-113.82913","1908.0","CHILLY BARTON FLAT, ID US","0.0","0","0.0",",0","2",",0","2",",0","0",",0","0",",0","1",",0","6",",0","30",",0","3",",0","0",",0","0",",0","","","19630306","+,,0","19630328","+,,0","19630301",",,0","","","19630301",",,0","19630322",",,0","-21.1",",0,06,+","0",",T,0,28,+","89",",,0,01,","6.1",",,0,01,","15.0",",0,22,","","","634.7",",0","11.2",",,,0","89",",,,0","-2.14",",0","6.15",",,,0","-10.43",",,,0"
"USC00101671","1963-04","43.97775","-113.82913","1908.0","CHILLY BARTON FLAT, ID US","","","","","5","2,0","1","2,0","0","2,0","0",",0","1",",0","","","","","","","","","","","","","","","19630427","+,,0","19630418",",,0","","","19630427",",2,0","","","","","0",",T,0,27,+","38",",,0,18,","9.4","2,,0,27,","","","","","","","14.8","2,,,0","38",",,,0","","","","","",""
"USC00101671","1963-05","43.97775","-113.82913","1908.0","CHILLY BARTON FLAT, ID US","","","0.0",",0","9",",0","3",",0","0",",0","0",",0","1",",0","0",",0","19",",0","0",",0","15",",0","0",",0","","","19630517","+,,0","19630530","+,,0","19630511",",,0","","","19630511",",,0","19630528","+,,0","-3.3",",0,17,+","0",",T,0,30,+","38",",,0,11,","8.4",",,0,11,","24.4",",0,28,+","","","267.2",",0","23.4",",,,0","38",",,,0","9.71",",0","19.06",",,,0","0.37",",,,0"
"USC00101671","1963-06","43.97775","-113.82913","1908.0","CHILLY BARTON FLAT, ID US","","","0.0","1,0","14",",0","8",",0","2",",0","0",",0","0",",0","0",",0","4",",0","0","1,0","11","1,0","0","1,0","","","19630630",",,0","19630624","+,,0","19630624","+,,0","1","","19630614",",,0","19630618","+,1,0","-4.4",",0,30,","0",",T,0,24,+","0",",T,0,24,+","36.8",",,0,14,","26.1","1,0,18,+","","","201.1","1,0","100.2",",,,0","0",",T,,0","11.42","1,0","19.65","1,,,0","3.19",",,,0"
"USC00101671","1963-07","43.97775","-113.82913","1908.0","CHILLY BARTON FLAT, ID US","","","0.8",",0","1",",0","1",",0","0",",0","0",",0","0",",0","0",",0","2",",0","0",",0","31",",0","0",",0","","","19630701",",,0","19630731","+,,0","19630731","+,,0","1","","19630714",",,0","19630721",",,0","-1.7",",0,01,","0",",,0,31,+","0",",,0,31,+","9.7",",,0,14,","31.7",",0,21,","87.2","0","87.2",",0","9.7",",,,0","0",",,,0","15.55",",0","28.29",",,,0","2.81",",,,0"
"USC00101671","1963-08","43.97775","-113.82913","1908.0","CHILLY BARTON FLAT, ID US","","","1.6",",0","5",",0","3",",0","0",",0","0",",0","0",",0","0",",0","9",",0","0",",0","31",",0","1",",0","","","19630826",",,0","19630831","+,,0","19630831","+,,0","3","","19630808",",,0","19630806",",,0","-5.6",",0,26,","0",",,0,31,+","0",",,0,31,+","25.1",",,0,08,","32.2",",0,06,","187.6","0","100.4",",0","45.0",",,,0","0",",,,0","15.15",",0","27.99",",,,0","2.30",",,,0"
"USC00101671","1963-09","43.97775","-113.82913","1908.0","CHILLY BARTON FLAT, ID US","","","0.0",",0","10",",0","5",",0","0",",0","0",",0","0",",0","0",",0","8",",0","0",",0","18",",0","0",",0","","","19630926",",,0","19630917","+,,0","19630917","+,,0","1","","19630917",",,0","19630905",",,0","-2.8",",0,26,","0",",T,0,17,+","0",",T,0,17,+","7.4",",,0,17,","28.9",",0,05,","360.7","0","173.1",",0","33.6",",,,0","0",",T,,0","12.56",",0","22.94",",,,0","2.19",",,,0"
"USC00101671","1963-10","43.97775","-113.82913","1908.0","CHILLY BARTON FLAT, ID US","","","0.0",",0","2",",0","1",",0","0",",0","0",",0","0",",0","0",",0","23",",0","0",",0","9",",0","0",",0","","","19631027",",,0","19631004",",,0","19631004",",,0","","","19631023",",,0","19631003","+,,0","-15.0",",0,27,","0",",T,0,04,","0",",T,0,04,","4.1",",,0,23,","25.6",",0,03,+","709.3","0","348.6",",0","5.4",",,,0","0",",T,,0","7.09",",0","17.85",",,,0","-3.67",",,,0"
"USC00101671","1963-11","43.97775","-113.82913","1908.0","CHILLY BARTON FLAT, ID US","","","0.0",",0","7",",0","2",",0","0",",0","1",",0","1",",0","2",",0","30",",0","3",",0","0",",0","0",",0","","","19631130","+,,0","19631123",",,0","19631123",",,0","","","19631123",",,0","19631114",",,0","-17.8",",0,30,+","25",",,0,23,","25",",,0,23,","11.2",",,0,23,","11.7",",0,14,","1313.1","0","603.8",",0","22.7",",,,0","25",",,,0","-1.80",",0","5.47",",,,0","-9.06",",,,0"
"USC00101671","1963-12","43.97775","-113.82913","1908.0","CHILLY BARTON FLAT, ID US","","","0.0",",0","5",",0","3",",0","0",",0","","","2","1,0","19",",0","31",",0","18",",0","0",",0","0",",0","","","19631211",",,0","","","19631212","+,1,0","","","19631212",",,0","19631203",",,0","-30.6",",0,11,","","","102","1,,0,12,+","3.6",",,0,12,","7.2",",0,03,","2185.4","0","872.3",",0","10.9",",,,0","204","1,,,0","-9.81",",0","-0.25",",,,0","-19.36",",,,0"
"USC00101671","1964-01","43.97775","-113.82913","1908.0","CHILLY BARTON FLAT, ID US","0.0","0","0.0","1,0","4",",0","2",",0","0",",0","","","1",",0","25",",0","31",",0","26","1,0","0","1,0","0","1,0","","","19640113",",,0","","","19640121",",,0","","","19640121",",,0","19640101",",1,0","-32.8",",0,13,","","","76",",,0,21,","4.8",",,0,21,","3.3","1,0,01,","3134.4","0","949.0","1,0","9.4",",,,0","89",",,,0","-13.39","1,0","-3.14","1,,,0","-23.64",",,,0"
"USC00101671","1964-02","43.97775","-113.82913","1908.0","CHILLY BARTON FLAT, ID US","0.0","0","0.0","1,0","0",",0","0",",0","0",",0","","","0",",0","17","1,0","28","1,0","15","1,0","0","1,0","0","1,0","","","19640228","+,1,0","","","19640223","+,,0","","","19640223","+,,0","19640203",",1,0","-28.3","1,0,28,+","","","0",",T,0,23,+","0.0",",T,0,23,+","6.1","1,0,03,","3904.4","0","770.0","1,0","0.0",",T,,0","0",",T,,0","-9.17","1,0","0.43","1,,,0","-18.76","1,,,0"
"USC00101671","1964-03","43.97775","-113.82913","1908.0","CHILLY BARTON FLAT, ID US","0.0","0","0.0","1,0","4",",0","0",",0","0",",0","1",",0","1",",0","15",",0","31",",0","14","1,0","0","1,0","0","1,0","","","19640306",",,0","19640312",",,0","19640312",",,0","","","19640306",",,0","19640331",",1,0","-26.7",",0,06,","51",",,0,12,","38",",,0,12,","1.0",",,0,06,","12.8","1,0,31,","4681.1","0","776.7","1,0","2.8",",,,0","38",",,,0","-7.48","1,0","1.17","1,,,0","-16.14",",,,0"
"USC00101671","1964-04","43.97775","-113.82913","1908.0","CHILLY BARTON FLAT, ID US","0.0","0","0.0","1,0","4",",0","3",",0","0",",0","0",",0","1",",0","0","1,0","29","1,0","0",",0","0",",0","0",",0","","","19640417",",1,0","19640423","+,,0","19640423",",,0","","","19640409",",,0","19640429",",,0","-13.3","1,0,17,","0",",T,0,23,+","51",",,0,23,","11.4",",,0,09,","18.9",",0,29,","5139.1","0","458.0",",0","26.4",",,,0","51",",,,0","2.54","1,0","11.40",",,,0","-6.33","1,,,0"
"USC00101671","1964-05","43.97775","-113.82913","1908.0","CHILLY BARTON FLAT, ID US","0.0","0","0.0","1,0","6",",0","5",",0","0",",0","0",",0","1",",0","0","1,0","23","1,0","0",",0","8",",0","0",",0","","","19640505",",1,0","19640531","+,,0","19640505",",,0","","","19640505",",,0","19640519",",,0","-8.3","1,0,05,","0",",T,0,31,+","97",",,0,05,","11.7",",,0,05,","25.6",",0,19,","5452.3","0","313.2",",0","36.9",",,,0","97",",,,0","7.84","1,0","17.40",",,,0","-1.72","1,,,0"
"USC00101671","1964-06","43.97775","-113.82913","1908.0","CHILLY BARTON FLAT, ID US","0.0","0","0.0",",0","11",",0","9",",0","0",",0","0",",0","0",",0","0",",0","9",",0","0",",0","9",",0","0",",0","","","19640622",",,0","19640621","+,,0","19640621","+,,0","1","","19640602",",,0","19640630",",,0","-2.8",",0,22,","0",",T,0,21,+","0",",T,0,21,+","7.6",",,0,02,","30.0",",0,30,","5680.1","0","227.8",",0","41.5",",,,0","0",",T,,0","10.74",",0","19.26",",,,0","2.22",",,,0"
"USC00101671","1964-07","43.97775","-113.82913","1908.0","CHILLY BARTON FLAT, ID US","5.6","0","5.6",",0","3",",0","1",",0","0",",0","0",",0","0",",0","0",",0","3",",0","0",",0","31",",0","7",",0","","","19640706",",,0","19640731","+,,0","19640731","+,,0","1","","19640730",",,0","19640726",",,0","-1.1",",0,06,","0",",,0,31,+","0",",,0,31,+","6.9",",,0,30,","33.9",",0,26,","53.5","0","53.5",",0","9.7",",,,0","0",",,,0","16.79",",0","29.82",",,,0","3.75",",,,0"
"USC00101671","1964-08","43.97775","-113.82913","1908.0","CHILLY BARTON FLAT, ID US","10.1","0","4.5",",0","2",",0","1",",0","0",",0","0",",0","0",",0","0",",0","10",",0","0",",0","25",",0","0",",0","","","19640830","+,,0","19640831","+,,0","19640831","+,,0","","","19640828",",,0","19640805",",,0","-2.8",",0,30,+","0",",,0,31,+","0",",,0,31,+","15.0",",,0,28,","31.7",",0,05,","183.7","0","130.2",",0","15.5",",,,0","0",",,,0","14.28",",0","26.43",",,,0","2.12",",,,0"
"USC00101671","1964-09","43.97775","-113.82913","1908.0","CHILLY BARTON FLAT, ID US","10.1","0","0.0",",0","1",",0","1",",0","0",",0","0",",0","0",",0","0",",0","26",",0","0",",0","20",",0","0",",0","","","19640928",",,0","19640930","+,,0","19640930","+,,0","","","19640921",",,0","19640924","+,,0","-8.3",",0,28,","0",",,0,30,+","0",",,0,30,+","2.5",",,0,21,","26.1",",0,24,+","454.1","0","270.4",",0","2.5",",,,0","0",",,,0","9.32",",0","21.40",",,,0","-2.76",",,,0"
"USC00101671","1964-10","43.97775","-113.82913","1908.0","CHILLY BARTON FLAT, ID US","10.1","0","0.0","1,0","3",",0","2",",0","0",",0","0",",0","0",",0","0","1,0","28","1,0","0","1,0","9","1,0","0","1,0","","","19641025","+,1,0","19641031","+,,0","19641031","+,,0","","","19641030",",,0","19641007","+,1,0","-12.8","1,0,25,+","0",",,0,31,+","0",",,0,31,+","4.3",",,0,30,","25.6","1,0,07,+","833.1","0","379.0","1,0","9.3",",,,0","0",",,,0","5.70","1,0","17.49","1,,,0","-6.09","1,,,0"
"USC00101671","1964-11","43.97775","-113.82913","1908.0","CHILLY BARTON FLAT, ID US","10.1","0","0.0",",0","3",",0","1",",0","0",",0","","","1",",0","6",",0","30",",0","4",",0","0",",0","0",",0","","","19641116",",,0","","","19641117",",,0","","","19641117",",,0","19641105",",,0","-21.1",",0,16,","","","89",",,0,17,","5.8",",,0,17,","14.4",",0,05,","1496.6","0","663.5",",0","8.1",",,,0","102",",,,0","-3.79",",0","4.32",",,,0","-11.89",",,,0"
"USC00101671","1964-12","43.97775","-113.82913","1908.0","CHILLY BARTON FLAT, ID US","10.1","0","0.0",",0","10",",0","4",",0","0",",0","5","5,0","6",",0","14",",0","31",",0","18",",0","0",",0","0",",0","","","19641217",",,0","19641221","+,5,0","19641220",",,0","","","19641223",",,0","19641202",",,0","-36.1",",0,17,","76","5,,0,21,+","76",",,0,20,","15.2",",,0,23,","7.8",",0,02,","2331.4","0","834.8",",0","29.8",",,,0","266",",,,0","-8.60",",0","-1.51",",,,0","-15.68",",,,0"
"USC00101671","1965-01","43.97775","-113.82913","1908.0","CHILLY BARTON FLAT, ID US","0.0","","0.0",",0","3","1,0","2","1,0","0","1,0","","","1","2,0","12",",0","31",",0","15",",0","0",",0","0",",0","","","19650101",",,0","","","19650106",",2,0","","","19650107",",1,0","19650115","+,,0","-28.9",",0,01,","","","152","2,,0,06,","7.1","1,,0,07,","6.7",",0,15,+","3131.8","","800.4",",0","11.5","1,,,0","152","2,,,0","-7.49",",0","0.17",",,,0","-15.14",",,,0"
"USC00101671","1965-02","43.97775","-113.82913","1908.0","CHILLY BARTON FLAT, ID US","0.0","","0.0",",0","1",",0","0",",0","0",",0","0","1,0","0","1,0","8",",0","28",",0","12",",0","0",",0","0",",0","","","19650211",",,0","19650222","+,1,0","19650222","+,1,0","","","19650227",",,0","19650217",",,0","-23.9",",0,11,","0","1,T,0,22,+","0","1,T,0,22,+","0.5",",,0,27,","7.8",",0,17,","3842.3","","710.5",",0","0.5",",,,0","0","1,T,,0","-7.04",",0","0.79",",,,0","-14.88",",,,0"
"USC00101671","1965-03","43.97775","-113.82913","1908.0","CHILLY BARTON FLAT, ID US","0.0","","0.0",",0","1",",0","0",",0","0",",0","0","1,0","0","1,0","9",",0","31",",0","7",",0","0",",0","0",",0","","","19650318",",,0","19650322",",1,0","19650322",",1,0","","","19650327",",,0","19650331",",,0","-22.2",",0,18,","0","1,T,0,22,","0","1,T,0,22,","0.8",",,0,27,","15.0",",0,31,","4580.2","","737.9",",0","0.8",",,,0","0","1,T,,0","-5.47",",0","3.46",",,,0","-14.40",",,,0"
"USC00101671","1965-04","43.97775","-113.82913","1908.0","CHILLY BARTON FLAT, ID US","0.0","","0.0",",0","8",",0","2",",0","0",",0","0",",0","0",",0","0",",0","28",",0","0",",0","0",",0","0",",0","","","19650418",",,0","19650430","+,,0","19650430","+,,0","","","19650423",",,0","19650429",",,0","-10.6",",0,18,","0",",,0,30,+","0",",,0,30,+","3.6",",,0,23,","19.4",",0,29,","5006.8","","426.6",",0","15.1",",,,0","0",",,,0","4.11",",0","12.14",",,,0","-3.91",",,,0"
"USC00101671","1965-05","43.97775","-113.82913","1908.0","CHILLY BARTON FLAT, ID US","0.0","","0.0","2,0","6",",0","2",",0","0",",0","0",",0","0",",0","0","1,0","25","1,0","0","2,0","4","2,0","0","2,0","","","19650503",",1,0","19650531","+,,0","19650531","+,,0","","","19650522",",,0","19650529",",2,0","-10.0","1,0,03,","0",",,0,31,+","0",",,0,31,+","12.2",",,0,22,","23.9","2,0,29,","5353.8","","347.0","2,0","20.9",",,,0","0",",,,0","6.31","2,0","16.24","2,,,0","-3.63","1,,,0"
"USC00101671","1965-06","43.97775","-113.82913","1908.0","CHILLY BARTON FLAT, ID US","0.0","","0.0","1,0","5",",0","2",",0","1",",0","0",",0","0",",0","0","1,0","8","1,0","0","1,0","19","1,0","0","1,0","","","19650605",",1,0","19650630","+,,0","19650630","+,,0","","","19650626",",,0","19650622","+,1,0","-1.7","1,0,05,","0",",,0,30,+","0",",,0,30,+","34.5",",,0,26,","28.3","1,0,22,+","5536.0","","182.2","1,0","49.8",",,,0","0",",,,0","12.05","1,0","22.42","1,,,0","1.69","1,,,0"
"USC00101671","1965-07","43.97775","-113.82913","1908.0","CHILLY BARTON FLAT, ID US","0.0","","0.0",",0","8",",0","3",",0","0",",0","0",",0","0",",0","0",",0","5",",0","0",",0","29",",0","0",",0","","","19650713",",,0","19650731","+,,0","19650731","+,,0","","","19650701",",,0","19650715",",,0","-1.7",",0,13,","0",",,0,31,+","0",",,0,31,+","8.9",",,0,01,","31.7",",0,15,","105.8","","105.8",",0","28.0",",,,0","0",",,,0","14.92",",0","26.15",",,,0","3.68",",,,0"
"USC00101671","1965-08","43.97775","-113.82913","1908.0","CHILLY BARTON FLAT, ID US","0.0","","0.0",",0","11",",0","5",",0","0",",0","0",",0","0",",0","0",",0","6",",0","0",",0","26",",0","0",",0","","","19650831",",,0","19650831","+,,0","19650831","+,,0","","","19650822",",,0","19650808",",,0","-5.0",",0,31,","0",",,0,31,+","0",",,0,31,+","10.7",",,0,22,","31.1",",0,08,","243.6","","137.8",",0","38.7",",,,0","0",",,,0","13.89",",0","24.48",",,,0","3.30",",,,0"
"USC00101671","1965-09","43.97775","-113.82913","1908.0","CHILLY BARTON FLAT, ID US","0.0","","0.0","3,0","4",",0","2",",0","0",",0","0",",0","0",",0","0","3,0","24","3,0","0","3,0","6","3,0","0","3,0","","","19650918","+,3,0","19650930","+,,0","19650930","+,,0","","","19650915",",,0","19650901",",3,0","-11.7","3,0,18,+","0",",,0,30,+","0",",,0,30,+","4.3",",,0,15,","25.6","3,0,01,","569.0","","325.4","3,0","9.8",",,,0","0",",,,0","6.28","3,0","16.91","3,,,0","-4.34","3,,,0"
"USC00101671","1965-10","43.97775","-113.82913","1908.0","CHILLY BARTON FLAT, ID US","0.0","","0.0","1,0","0",",0","0",",0","0",",0","0",",0","0",",0","0","1,0","29","1,0","0","1,0","12","1,0","0","1,0","","","19651025","+,1,0","19651031","+,,0","19651031","+,,0","","","19651031","+,,0","19651009","+,1,0","-11.1","1,0,25,+","0",",,0,31,+","0",",,0,31,+","0.0",",,0,31,+","24.4","1,0,09,+","937.5","","368.5","1,0","0.0",",,,0","0",",,,0","6.05","1,0","19.31","1,,,0","-7.22","1,,,0"
"USC00101671","1965-11","43.97775","-113.82913","1908.0","CHILLY BARTON FLAT, ID US","0.0","","0.0",",0","4",",0","1",",0","0",",0","1","2,0","0","3,0","3",",0","30",",0","3",",0","0",",0","0",",0","","","19651130",",,0","19651124",",2,0","19651123","+,3,0","","","19651119",",,0","19651102","+,,0","-23.9",",0,30,","51","2,,0,24,","0","3,T,0,23,+","4.8",",,0,19,","17.8",",0,02,+","1508.4","","570.9",",0","9.7",",,,0","0","3,T,,0","-0.70",",0","7.84",",,,0","-9.24",",,,0"
"USC00101671","1966-07","43.97775","-113.82913","1908.0","CHILLY BARTON FLAT, ID US","","","4.8","2,0","1",",0","1",",0","0",",0","0",",0","0",",0","0","2,0","3","2,0","0","2,0","29","2,0","9","2,0","","","19660704","+,2,0","19660731","+,,0","19660731","+,,0","1","","19660731",",,0","19660730","+,2,0","-2.8","2,0,04,+","0",",,0,31,+","0",",,0,31,+","2.5",",,0,31,","33.3","2,0,30,+","50.4","0","50.4","2,0","2.5",",,,0","0",",,,0","16.76","2,0","29.68","2,,,0","3.83","2,,,0"
"USC00101671","1966-08","43.97775","-113.82913","1908.0","CHILLY BARTON FLAT, ID US","","","6.9","1,0","0",",0","0",",0","0",",0","0",",0","0",",0","0","1,0","3","1,0","0","1,0","30","1,0","2","1,0","","","19660822",",1,0","19660831","+,,0","19660831","+,,0","","","19660831","+,,0","19660802",",1,0","-3.3","1,0,22,","0",",,0,31,+","0",",,0,31,+","0.0",",,0,31,+","34.4","1,0,02,","136.2","0","85.8","1,0","0.0",",,,0","0",",,,0","15.70","1,0","28.03","1,,,0","3.37","1,,,0"
"USC00101671","1966-09","43.97775","-113.82913","1908.0","CHILLY BARTON FLAT, ID US","","","0.0",",0","4",",0","3",",0","0",",0","0",",0","0",",0","0",",0","5",",0","0",",0","24",",0","0",",0","","","19660913",",,0","19660930","+,,0","19660930","+,,0","1","","19660915",",,0","19660909","+,,0","-3.3",",0,13,","0",",,0,30,+","0",",,0,30,+","15.2",",,0,15,","28.9",",0,09,+","307.3","0","171.1",",0","26.7",",,,0","0",",,,0","12.63",",0","23.47",",,,0","1.79",",,,0"
"USC00101671","1966-10","43.97775","-113.82913","1908.0","CHILLY BARTON FLAT, ID US","","","0.0","2,0","1",",0","1",",0","0",",0","0",",0","1",",0","0","2,0","26","2,0","0","2,0","0","2,0","0","2,0","","","19661015",",2,0","19661021",",,0","19661022",",,0","","","19661022",",,0","19661005",",2,0","-12.8","2,0,15,","0",",T,0,21,","51",",,0,22,","5.1",",,0,22,","19.4","2,0,05,","738.3","0","431.0","2,0","5.1",",,,0","51",",,,0","3.47","2,0","13.78","2,,,0","-6.83","2,,,0"
"USC00101671","1966-11","43.97775","-113.82913","1908.0","CHILLY BARTON FLAT, ID US","","","0.0",",0","3",",0","1",",0","0",",0","0",",0","0",",0","0",",0","29",",0","2",",0","0",",0","0",",0","","","19661124",",,0","19661130","+,,0","19661125",",,0","","","19661116",",,0","19661102",",,0","-15.6",",0,24,","0",",,0,30,+","8",",,0,25,","2.5",",,0,16,","17.2",",0,02,","1312.1","0","573.8",",0","4.6",",,,0","8",",,,0","-0.79",",0","6.61",",,,0","-8.20",",,,0"
"USC00101671","1966-12","43.97775","-113.82913","1908.0","CHILLY BARTON FLAT, ID US","","","0.0",",0","4",",0","2",",0","0",",0","","","2",",0","19",",0","31",",0","25",",0","0",",0","0",",0","","","19661209",",,0","","","19661205",",,0","","","19661205",",,0","19661214",",,0","-30.0",",0,09,","","","102",",,0,05,","10.2",",,0,05,","5.6",",0,14,","2200.3","0","888.2",",0","17.4",",,,0","174",",,,0","-10.32",",0","-2.74",",,,0","-17.90",",,,0"
"USC00101671","1967-01","43.97775","-113.82913","1908.0","CHILLY BARTON FLAT, ID US","0.0","0","0.0",",0","5",",0","1",",0","0",",0","","","1",",0","9",",0","31",",0","17",",0","0",",0","0",",0","","","19670124",",,0","","","19670122",",,0","","","19670122",",,0","19670113",",,0","-31.7",",0,24,","","","25",",,0,22,","2.5",",,0,22,","5.0",",0,13,","2984.7","0","784.4",",0","6.7",",,,0","67",",,,0","-6.97",",0","-0.39",",,,0","-13.55",",,,0"
"USC00101671","1967-02","43.97775","-113.82913","1908.0","CHILLY BARTON FLAT, ID US","0.0","0","0.0",",0","3",",0","2",",0","0",",0","","","2",",0","10",",0","28",",0","8",",0","0",",0","0",",0","","","19670220",",,0","","","19670213",",,0","","","19670213",",,0","19670203",",,0","-25.6",",0,20,","","","51",",,0,13,","5.1",",,0,13,","7.2",",0,03,","3708.5","0","723.8",",0","8.4",",,,0","84",",,,0","-7.52",",0","1.18",",,,0","-16.21",",,,0"
"USC00101671","1967-03","43.97775","-113.82913","1908.0","CHILLY BARTON FLAT, ID US","0.0","0","0.0",",0","2","4,0","2","4,0","0","4,0","","","1",",0","1",",0","31",",0","4",",0","0",",0","0",",0","","","19670304",",,0","","","19670326",",,0","","","19670326",",4,0","19670323",",,0","-19.4",",0,04,","","","152",",,0,26,","15.2","4,,0,26,","10.6",",0,23,","4354.8","0","646.3",",0","35.5",",a,,0","330",",a,,0","-2.52",",0","4.37",",,,0","-9.41",",,,0"
"USC00101671","1967-04","43.97775","-113.82913","1908.0","CHILLY BARTON FLAT, ID US","0.0","0","0.0",",0","2","2,0","1","2,0","0","2,0","","","1",",0","0",",0","30",",0","0",",0","0",",0","0",",0","","","19670402",",,0","","","19670402",",,0","","","19670411",",2,0","19670412",",,0","-15.0",",0,02,","","","152",",,0,02,","5.1","2,,0,11,","11.1",",0,12,","4886.5","0","531.7",",0","22.1",",a,,0","152",",,,0","0.61",",0","7.35",",,,0","-6.13",",,,0"
"USC00101671","1967-06","43.97775","-113.82913","1908.0","CHILLY BARTON FLAT, ID US","","","","","","","","","","","0",",0","0",",0","","","","","","","","","","","","","","","19670630","+,,0","19670630","+,,0","3","","","","","","","","0",",,0,30,+","0",",,0,30,+","","","","","","","","","","","0",",,,0","","","","","",""
"USC00101671","1967-07","43.97775","-113.82913","1908.0","CHILLY BARTON FLAT, ID US","","","11.0",",0","9",",0","6",",0","0",",0","0",",0","0",",0","0",",0","0",",0","0",",0","31",",0","0",",0","","","19670728","+,,0","19670731","+,,0","19670731","+,,0","9","","19670730",",,0","19670712",",,0","4.4",",0,28,+","0",",,0,31,+","0",",,0,31,+","20.3",",,0,30,","31.7",",0,12,","28.2","0","28.2",",0","56.6",",,,0","0",",,,0","17.78",",0","28.32",",,,0","7.24",",,,0"
"USC00101671","1967-08","43.97775","-113.82913","1908.0","CHILLY BARTON FLAT, ID US","","","5.9",",0","3",",0","1",",0","0",",0","0",",0","0",",0","0",",0","0",",0","0",",0","31",",0","1",",0","","","19670822","+,,0","19670831","+,,0","19670831","+,,0","3","","19670811",",,0","19670823",",,0","3.3",",0,22,+","0",",,0,31,+","0",",,0,31,+","2.8",",,0,11,","32.2",",0,23,","60.9","0","32.7",",0","5.6",",,,0","0",",,,0","17.47",",0","29.08",",,,0","5.86",",,,0"
"USC00101671","1967-09","43.97775","-113.82913","1908.0","CHILLY BARTON FLAT, ID US","","","0.3",",0","4",",0","1",",0","0",",0","0",",0","0",",0","0",",0","8",",0","0",",0","29",",0","0",",0","","","19670912",",,0","19670930","+,,0","19670911",",,0","","","19670930",",,0","19670902",",,0","-5.6",",0,12,","0",",,0,30,+","0",",T,0,11,","4.6",",,0,30,","30.6",",0,02,","212.2","0","151.3",",0","5.5",",,,0","0",",T,,0","13.30",",0","24.70",",,,0","1.90",",,,0"
"USC00101671","1967-10","43.97775","-113.82913","1908.0","CHILLY BARTON FLAT, ID US","","","0.0",",0","8",",0","3",",0","0",",0","0",",0","0",",0","0",",0","28",",0","0",",0","1",",0","0",",0","","","19671024",",,0","19671031","+,,0","19671028","+,,0","","","19671003",",,0","19671013",",,0","-10.0",",0,24,","0",",,0,31,+","0",",T,0,28,+","11.4",",,0,03,","21.1",",0,13,","613.7","0","401.5",",0","28.7",",,,0","0",",T,,0","5.38",",0","14.71",",,,0","-3.94",",,,0"
"USC00101671","1967-11","43.97775","-113.82913","1908.0","CHILLY BARTON FLAT, ID US","","","0.0",",0","2",",0","1",",0","0",",0","2",",0","1",",0","1",",0","28",",0","5",",0","0",",0","0",",0","","","19671127",",,0","19671119",",,0","19671119",",,0","","","19671119",",,0","19671101",",,0","-23.3",",0,27,","76",",,0,19,","64",",,0,19,","21.6",",,0,19,","15.0",",0,01,","1200.5","0","586.8",",0","22.4",",,,0","77",",,,0","-1.23",",0","6.09",",,,0","-8.54",",,,0"
"USC00101671","1967-12","43.97775","-113.82913","1908.0","CHILLY BARTON FLAT, ID US","","","0.0",",0","4",",0","1",",0","0",",0","","","2",",0","15",",0","31",",0","26",",0","0",",0","0",",0","","","19671214",",,0","","","19671205",",,0","","","19671205",",,0","19671225",",,0","-26.1",",0,14,","","","64",",,0,05,","2.8",",,0,05,","5.6",",0,25,","2067.8","0","867.3",",0","4.9",",,,0","128",",,,0","-9.64",",0","-2.73",",,,0","-16.56",",,,0"
"USC00101671","1968-01","43.97775","-113.82913","1908.0","CHILLY BARTON FLAT, ID US","0.0","0","0.0",",0","3",",0","2",",0","0",",0","3","5,0","3",",0","17",",0","31",",0","23",",0","0",",0","0",",0","","","19680112",",,0","19680110",",5,0","19680127",",,0","","","19680127",",,0","19680121",",,0","-30.0",",0,12,","51","5,,0,10,","64",",,0,27,","3.8",",,0,27,","6.7",",0,21,","2945.7","0","877.9",",0","7.9",",,,0","140",",,,0","-9.99",",0","-1.96",",,,0","-18.01",",,,0"
"USC00101671","1968-02","43.97775","-113.82913","1908.0","CHILLY BARTON FLAT, ID US","0.0","0","0.0","1,0","2",",0","0",",0","0",",0","2","2,0","1",",0","8",",0","29",",0","6","1,0","0","1,0","0","1,0","","","19680215","+,,0","19680223",",2,0","19680223",",,0","","","19680223",",,0","19680228",",1,0","-23.9",",0,15,+","51","2,,0,23,","51",",,0,23,","1.5",",,0,23,","9.4","1,0,28,","3599.1","0","653.4","1,0","2.8",",,,0","71",",,,0","-4.97","1,0","2.97","1,,,0","-12.91",",,,0"
"USC00101671","1968-03","43.97775","-113.82913","1908.0","CHILLY BARTON FLAT, ID US","0.0","0","0.0",",0","1",",0","1",",0","0",",0","2",",0","1",",0","0",",0","29",",0","0",",0","0",",0","0",",0","","","19680320",",,0","19680317",",,0","19680317",",,0","","","19680317",",,0","19680329",",,0","-12.2",",0,20,","76",",,0,17,","76",",,0,17,","5.3",",,0,17,","16.1",",0,29,","4150.7","0","551.6",",0","5.3",",,,0","89",",,,0","0.54",",0","7.95",",,,0","-6.87",",,,0"
"USC00101671","1968-04","43.97775","-113.82913","1908.0","CHILLY BARTON FLAT, ID US","0.0","0","0.0",",0","4",",0","1",",0","0",",0","0",",0","1",",0","0",",0","29",",0","0",",0","0",",0","0",",0","","","19680423","+,,0","19680430","+,,0","19680417",",,0","","","19680402",",,0","19680430","+,,0","-12.2",",0,23,+","0",",,0,30,+","38",",,0,17,","5.8",",,0,02,","20.0",",0,30,+","4649.4","0","498.7",",0","8.6",",,,0","38",",,,0","1.71",",0","9.85",",,,0","-6.43",",,,0"
"USC00101671","1968-05","43.97775","-113.82913","1908.0","CHILLY BARTON FLAT, ID US","0.0","0","0.0",",0","9",",0","4",",0","0",",0","0",",0","0",",0","0",",0","23",",0","0",",0","4",",0","0",",0","","","19680506",",,0","19680506",",,0","19680506",",,0","","","19680511",",,0","19680529","+,,0","-9.4",",0,06,","0",",T,0,06,","0",",T,0,06,","13.7",",,0,11,","23.9",",0,29,+","4990.5","0","341.1",",0","28.5",",,,0","0",",T,,0","7.33",",0","15.70",",,,0","-1.04",",,,0"
"USC00101671","1968-06","43.97775","-113.82913","1908.0","CHILLY BARTON FLAT, ID US","0.3","0","0.3",",0","7",",0","4",",0","0",",0","0",",0","0",",0","0",",0","3",",0","0",",0","19",",0","0",",0","","","19680630","+,,0","19680630","+,,0","19680630","+,,0","","","19680606",",,0","19680627","+,,0","-2.8",",0,30,+","0",",,0,30,+","0",",,0,30,+","16.8",",,0,06,","30.0",",0,27,+","5147.6","0","157.1",",0","35.6",",,,0","0",",,,0","13.11",",0","22.27",",,,0","3.94",",,,0"
"USC00101671","1968-07","43.97775","-113.82913","1908.0","CHILLY BARTON FLAT, ID US","12.3","0","12.0",",0","5",",0","1",",0","0",",0","0",",0","0",",0","0",",0","1",",0","0",",0","31",",0","2",",0","","","19680701",",,0","19680731","+,,0","19680731","+,,0","","","19680710",",,0","19680730",",,0","-0.6",",0,01,","0",",,0,31,+","0",",,0,31,+","4.8",",,0,10,","32.8",",0,30,","32.5","0","32.5",",0","7.4",",,,0","0",",,,0","17.67",",0","29.00",",,,0","6.34",",,,0"
"USC00101671","1968-08","43.97775","-113.82913","1908.0","CHILLY BARTON FLAT, ID US","15.6","0","3.3",",0","14",",0","10",",0","0",",0","0",",0","0",",0","0",",0","3",",0","0",",0","20",",0","0",",0","","","19680823",",,0","19680831","+,,0","19680831","+,,0","4","","19680809",",,0","19680808","+,,0","-1.1",",0,23,","0",",,0,31,+","0",",,0,31,+","21.6",",,0,09,","30.6",",0,08,+","183.2","0","150.7",",0","86.3",",,,0","0",",,,0","13.58",",0","22.25",",,,0","4.91",",,,0"
"USC00101671","1968-09","43.97775","-113.82913","1908.0","CHILLY BARTON FLAT, ID US","15.6","0","0.0",",0","3",",0","2",",0","0",",0","0",",0","0",",0","0",",0","11",",0","0",",0","17",",0","0",",0","","","19680922",",,0","19680930","+,,0","19680930","+,,0","","","19680921",",,0","19680912",",,0","-4.4",",0,22,","0",",,0,30,+","0",",,0,30,+","14.2",",,0,21,","28.9",",0,12,","417.1","0","233.9",",0","19.1",",,,0","0",",,,0","10.54",",0","20.57",",,,0","0.50",",,,0"
"USC00101671","1968-10","43.97775","-113.82913","1908.0","CHILLY BARTON FLAT, ID US","15.6","0","0.0",",0","3",",0","0",",0","0",",0","0",",0","0",",0","0",",0","27",",0","0",",0","1",",0","0",",0","","","19681016",",,0","19681031","+,,0","19681031","+,,0","","","19681014",",,0","19681004",",,0","-10.0",",0,16,","0",",,0,31,+","0",",,0,31,+","1.8",",,0,14,","21.7",",0,04,","834.1","0","417.0",",0","3.6",",,,0","0",",,,0","4.88",",0","14.02",",,,0","-4.25",",,,0"
"USC00101671","1968-11","43.97775","-113.82913","1908.0","CHILLY BARTON FLAT, ID US","15.6","0","0.0",",0","7",",0","4",",0","0",",0","4",",0","1","2,0","1",",0","30",",0","9",",0","0",",0","0",",0","","","19681129",",,0","19681125","+,,0","19681125",",2,0","","","19681104",",,0","19681101",",,0","-18.9",",0,29,","25",",,0,25,+","25","2,,0,25,","6.9",",,0,04,","7.8",",0,01,","1465.9","0","631.8",",0","23.9",",,,0","64","2,,,0","-2.73",",0","2.87",",,,0","-8.32",",,,0"
"USC00101671","1968-12","43.97775","-113.82913","1908.0","CHILLY BARTON FLAT, ID US","15.6","0","0.0",",0","4",",0","1",",0","0",",0","","","0","5,0","8",",0","31",",0","23",",0","0",",0","0",",0","","","19681231",",,0","","","19681224","+,5,0","","","19681226",",,0","19681211","+,,0","-28.3",",0,31,","","","0","5,T,0,24,+","3.8",",,0,26,","5.6",",0,11,+","2305.4","0","839.5",",0","8.9",",,,0","0","5,T,,0","-8.75",",0","-2.42",",,,0","-15.08",",,,0"
"USC00101671","1969-01","43.97775","-113.82913","1908.0","CHILLY BARTON FLAT, ID US","0.0","0","0.0",",0","4",",0","2",",0","0",",0","","","1",",0","11",",0","31",",0","16",",0","0",",0","0",",0","","","19690130",",,0","","","19690127",",,0","","","19690121",",,0","19690106",",,0","-26.1",",0,30,","","","51",",,0,27,","6.1",",,0,21,","8.9",",0,06,","3117.0","0","811.6",",0","14.2",",,,0","122",",a,,0","-7.85",",0","-1.37",",,,0","-14.32",",,,0"
"USC00101671","1969-02","43.97775","-113.82913","1908.0","CHILLY BARTON FLAT, ID US","0.0","0","0.0",",0","0","2,0","0","2,0","0","2,0","","","0","2,0","12",",0","28",",0","21",",0","0",",0","0",",0","","","19690204",",,0","","","19690213",",2,0","","","19690221","+,2,0","19690225","+,,0","-28.3",",0,04,","","","13","2,,0,13,","0.0","2,T,0,21,+","3.3",",0,25,+","3899.3","0","782.3",",0","0.0","2,T,,0","13","2,,,0","-9.61",",0","-2.09",",,,0","-17.12",",,,0"
"USC00101671","1969-03","43.97775","-113.82913","1908.0","CHILLY BARTON FLAT, ID US","0.0","0","0.0",",0","2",",0","1",",0","0",",0","","","1",",0","12",",0","31",",0","9",",0","0",",0","0",",0","","","19690310",",,0","","","19690306",",,0","","","19690306",",,0","19690331","+,,0","-25.6",",0,10,","","","51",",,0,06,","14.5",",,0,06,","10.6",",0,31,+","4659.6","0","760.3",",0","15.0",",,,0","51",",,,0","-6.19",",0","2.49",",,,0","-14.87",",,,0"
"USC00101671","1969-04","43.97775","-113.82913","1908.0","CHILLY BARTON FLAT, ID US","0.0","0","0.0",",0","5",",0","1",",0","0",",0","0",",0","0",",0","0",",0","25",",0","0",",0","1",",0","0",",0","","","19690419","+,,0","19690430","+,,0","19690430","+,,0","","","19690406",",,0","19690422",",,0","-6.7",",0,19,+","0",",,0,30,+","0",",,0,30,+","6.4",",,0,06,","21.7",",0,22,","5065.4","0","405.8",",0","11.0",",,,0","0",",,,0","4.81",",0","11.98",",,,0","-2.37",",,,0"
"USC00101671","1969-05","43.97775","-113.82913","1908.0","CHILLY BARTON FLAT, ID US","0.0","0","0.0",",0","3",",0","0",",0","0",",0","0",",0","0",",0","0",",0","12",",0","0",",0","18",",0","0",",0","","","19690503",",,0","19690531","+,,0","19690531","+,,0","","","19690518",",,0","19690524","+,,0","-5.6",",0,03,","0",",,0,31,+","0",",,0,31,+","1.0",",,0,18,","25.6",",0,24,+","5295.1","0","229.7",",0","1.8",",,,0","0",",,,0","10.92",",0","20.69",",,,0","1.16",",,,0"
"USC00101671","1969-06","43.97775","-113.82913","1908.0","CHILLY BARTON FLAT, ID US","0.0","0","0.0",",0","10",",0","8",",0","0",",0","0",",0","0",",0","0",",0","5",",0","0",",0","16",",0","0",",0","","","19690629","+,,0","19690630","+,,0","19690630","+,,0","","","19690624",",,0","19690605",",,0","-2.8",",0,29,+","0",",,0,30,+","0",",,0,30,+","17.5",",,0,24,","29.4",",0,05,","5477.3","0","182.2",",0","44.6",",,,0","0",",,,0","12.26",",0","20.68",",,,0","3.83",",,,0"
"USC00101671","1969-07","43.97775","-113.82913","1908.0","CHILLY BARTON FLAT, ID US","19.5","0","19.5",",0","4",",0","4",",0","0",",0","0",",0","0",",0","0",",0","0",",0","0",",0","26",",0","0",",0","","","19690708",",,0","19690731","+,,0","19690731","+,,0","","","19690707",",,0","19690728","+,,0","1.1",",0,08,","0",",,0,31,+","0",",,0,31,+","13.2",",,0,07,","31.7",",0,28,+","56.7","0","56.7",",0","32.0",",,,0","0",",,,0","17.13",",0","27.21",",,,0","7.06",",,,0"
"USC00101671","1969-08","43.97775","-113.82913","1908.0","CHILLY BARTON FLAT, ID US","42.3","0","22.8",",0","0",",0","0",",0","0",",0","0",",0","0",",0","0",",0","2",",0","0",",0","31",",0","5",",0","","","19690831","+,,0","19690831","+,,0","19690831","+,,0","","","19690831","+,,0","19690810","+,,0","-0.6",",0,31,+","0",",,0,31,+","0",",,0,31,+","0.0",",,0,31,+","33.3",",0,10,+","96.2","0","39.5",",0","0.0",",,,0","0",",,,0","17.80",",0","29.49",",,,0","6.10",",,,0"
"USC00101671","1969-09","43.97775","-113.82913","1908.0","CHILLY BARTON FLAT, ID US","42.3","0","0.0",",0","3",",0","3",",0","0",",0","0",",0","0",",0","0",",0","8",",0","0",",0","20",",0","0",",0","","","19690915",",,0","19690930","+,,0","19690930","+,,0","","","19690920",",,0","19690902",",,0","-3.9",",0,15,","0",",,0,30,+","0",",,0,30,+","11.4",",,0,20,","30.0",",0,02,","264.9","0","168.7",",0","19.3",",,,0","0",",,,0","12.71",",0","22.48",",,,0","2.94",",,,0"
"USC00101671","1969-10","43.97775","-113.82913","1908.0","CHILLY BARTON FLAT, ID US","42.3","0","0.0",",0","4",",0","1",",0","0",",0","0",",0","0",",0","0",",0","27",",0","0",",0","0",",0","0",",0","","","19691013",",,0","19691031","+,,0","19691031","+,,0","","","19691003",",,0","19691022",",,0","-15.0",",0,13,","0",",,0,31,+","0",",,0,31,+","3.8",",,0,03,","19.4",",0,22,","740.7","0","475.8",",0","7.6",",,,0","0",",,,0","2.98",",0","10.54",",,,0","-4.57",",,,0"
"USC00101671","1969-11","43.97775","-113.82913","1908.0","CHILLY BARTON FLAT, ID US","42.3","0","0.0",",0","3",",0","2",",0","0",",0","0",",0","0",",0","0",",0","26",",0","1",",0","0",",0","0",",0","","","19691128",",,0","19691130","+,,0","19691130","+,,0","","","19691107",",,0","19691103","+,,0","-17.2",",0,28,","0",",,0,30,+","0",",,0,30,+","6.4",",,0,07,","13.3",",0,03,+","1289.2","0","548.5",",0","9.2",",,,0","0",",,,0","0.05",",0","7.54",",,,0","-7.44",",,,0"
"USC00101671","1969-12","43.97775","-113.82913","1908.0","CHILLY BARTON FLAT, ID US","42.3","0","0.0",",0","4",",0","1",",0","0",",0","4",",0","1",",0","4",",0","31",",0","17",",0","0",",0","0",",0","","","19691229",",,0","19691209",",,0","19691209",",,0","","","19691223",",,0","19691201",",,0","-21.7",",0,29,","51",",,0,09,","38",",,0,09,","3.6",",,0,23,","10.6",",0,01,","2026.0","0","736.8",",0","6.9",",,,0","91",",,,0","-5.44",",0","1.00",",,,0","-11.87",",,,0"
"USC00101671","1970-01","43.97775","-113.82913","1908.0","CHILLY BARTON FLAT, ID US","0.0","0","0.0",",0","5",",0","0",",0","0",",0","1",",0","0",",0","10",",0","31",",0","15",",0","0",",0","0",",0","","","19700107","+,,0","19700116",",,0","19700116",",,0","","","19700122",",,0","19700124",",,0","-25.6",",0,07,+","25",",,0,16,","13",",,0,16,","2.0",",,0,22,","6.7",",0,24,","2789.6","0","763.6",",0","4.8",",,,0","13",",,,0","-6.30",",0","-0.90",",,,0","-11.70",",,,0"
"USC00101671","1970-02","43.97775","-113.82913","1908.0","CHILLY BARTON FLAT, ID US","0.0","0","0.0",",0","2",",0","0",",0","0",",0","2",",0","0",",0","0",",0","28",",0","4",",0","0",",0","0",",0","","","19700219",",,0","19700217","+,,0","19700217","+,,0","","","19700217",",,0","19700216",",,0","-13.9",",0,19,","25",",,0,17,+","13",",,0,17,+","0.8",",,0,17,","9.4",",0,16,","3368.0","0","578.4",",0","1.1",",,,0","26",",,,0","-2.32",",0","5.08",",,,0","-9.72",",,,0"
"USC00101671","1970-03","43.97775","-113.82913","1908.0","CHILLY BARTON FLAT, ID US","0.0","0","0.0",",0","3",",0","1",",0","0",",0","2",",0","0",",0","0",",0","31",",0","5",",0","0",",0","0",",0","","","19700310",",,0","19700309","+,,0","19700309","+,,0","","","19700308",",,0","19700323",",,0","-15.6",",0,10,","25",",,0,09,+","13",",,0,09,+","3.8",",,0,08,","11.1",",0,23,","3989.3","0","621.3",",0","5.6",",,,0","26",",,,0","-1.71",",0","4.30",",,,0","-7.72",",,,0"
"USC00101671","1970-04","43.97775","-113.82913","1908.0","CHILLY BARTON FLAT, ID US","0.0","0","0.0",",0","4",",0","3",",0","0",",0","4",",0","2",",0","0",",0","29",",0","0",",0","0",",0","0",",0","","","19700416",",,0","19700414",",,0","19700414",",,0","","","19700414",",,0","19700406",",,0","-15.6",",0,16,","127",",,0,14,","127",",,0,14,","14.5",",,0,14,","16.1",",0,06,","4522.0","0","532.7",",0","21.0",",,,0","178",",,,0","0.58",",0","7.15",",,,0","-5.99",",,,0"
"USC00101671","1970-05","43.97775","-113.82913","1908.0","CHILLY BARTON FLAT, ID US","0.0","0","0.0",",0","6",",0","3",",0","0",",0","0",",0","0",",0","0",",0","15",",0","0",",0","8",",0","0",",0","","","19700511",",,0","19700531","+,,0","19700531","+,,0","","","19700527",",,0","19700526","+,,0","-7.8",",0,11,","0",",,0,31,+","0",",,0,31,+","6.6",",,0,27,","25.6",",0,26,+","4826.2","0","304.2",",0","15.5",",,,0","0",",,,0","8.52",",0","17.39",",,,0","-0.35",",,,0"
"USC00101671","1970-06","43.97775","-113.82913","1908.0","CHILLY BARTON FLAT, ID US","8.8","0","8.8","1,0","11",",0","6",",0","0",",0","0",",0","0",",0","0",",0","4",",0","0","1,0","18","1,0","1","1,0","","","19700611",",,0","19700630","+,,0","19700630","+,,0","","","19700613",",,0","19700626",",1,0","-0.6",",0,11,","0",",,0,30,+","0",",,0,30,+","16.5",",,0,13,","32.2","1,0,26,","4969.1","0","142.9","1,0","52.3",",,,0","0",",,,0","13.77","1,0","22.55","1,,,0","4.98",",,,0"
"USC00101671","1970-07","43.97775","-113.82913","1908.0","CHILLY BARTON FLAT, ID US","23.5","0","14.7",",0","8",",0","6",",0","0",",0","0",",0","0",",0","0",",0","0",",0","0",",0","31",",0","0",",0","","","19700731","+,,0","19700731","+,,0","19700731","+,,0","","","19700722",",,0","19700720","+,,0","2.8",",0,31,+","0",",,0,31,+","0",",,0,31,+","10.9",",,0,22,","31.1",",0,20,+","45.6","0","45.6",",0","42.2",",,,0","0",",,,0","17.34",",0","27.24",",,,0","7.44",",,,0"
"USC00101671","1970-08","43.97775","-113.82913","1908.0","CHILLY BARTON FLAT, ID US","31.9","0","8.4",",0","4",",0","3",",0","0",",0","0",",0","0",",0","0",",0","0",",0","0",",0","31",",0","0",",0","","","19700809","+,,0","19700831","+,,0","19700831","+,,0","","","19700805",",,0","19700816","+,,0","2.8",",0,09,+","0",",,0,31,+","0",",,0,31,+","24.6",",,0,05,","31.7",",0,16,+","79.7","0","34.1",",0","32.8",",,,0","0",",,,0","17.50",",0","29.08",",,,0","5.93",",,,0"
"USC00101671","1970-09","43.97775","-113.82913","1908.0","CHILLY BARTON FLAT, ID US","31.9","0","0.0",",0","7",",0","3",",0","0",",0","0",",0","0",",0","0",",0","20",",0","0",",0","14",",0","0",",0","","","19700926","+,,0","19700930","+,,0","19700930","+,,0","","","19700921",",,0","19700930",",,0","-7.8",",0,26,+","0",",,0,30,+","0",",,0,30,+","3.8",",,0,21,","25.6",",0,30,","358.4","0","278.7",",0","15.6",",,,0","0",",,,0","9.04",",0","19.15",",,,0","-1.07",",,,0"
"USC00101671","1970-10","43.97775","-113.82913","1908.0","CHILLY BARTON FLAT, ID US","31.9","0","0.0",",0","4",",0","0",",0","0",",0","0",",0","0",",0","0",",0","25",",0","1",",0","5",",0","0",",0","","","19701027",",,0","19701005",",,0","19701005",",,0","","","19701024",",,0","19701003",",,0","-14.4",",0,27,","0",",T,0,05,","0",",T,0,05,","1.0",",,0,24,","25.0",",0,03,","819.3","0","460.9",",0","3.1",",,,0","0",",T,,0","3.47",",0","12.15",",,,0","-5.22",",,,0"
"USC00101671","1970-11","43.97775","-113.82913","1908.0","CHILLY BARTON FLAT, ID US","31.9","0","0.0",",0","8",",0","2",",0","0",",0","1",",0","1",",0","0",",0","30",",0","2",",0","0",",0","0",",0","","","19701122",",,0","19701108",",,0","19701130",",,0","","","19701130",",,0","19701101",",,0","-16.7",",0,22,","25",",,0,08,","38",",,0,30,","3.8",",,0,30,","12.2",",0,01,","1398.1","0","578.8",",0","13.7",",,,0","51",",,,0","-0.96",",0","4.18",",,,0","-6.11",",,,0"
"USC00101671","1970-12","43.97775","-113.82913","1908.0","CHILLY BARTON FLAT, ID US","31.9","0","0.0",",0","7",",0","1",",0","0",",0","5",",0","5",",0","15",",0","31",",0","28",",0","0",",0","0",",0","","","19701220",",,0","19701211","+,,0","19701211","+,,0","","","19701202",",,0","19701209","+,,0","-29.4",",0,20,","76",",,0,11,+","76",",,0,11,+","4.1",",,0,02,","2.2",",0,09,+","2293.3","0","895.2",",0","9.6",",,,0","227",",,,0","-10.54",",0","-4.15",",,,0","-16.94",",,,0"
"USC00101671","1971-01","43.97775","-113.82913","1908.0","CHILLY BARTON FLAT, ID US","0.0","0","0.0",",0","5",",0","3",",0","0",",0","2",",","","","10",",0","29",",0","15",",0","0",",0","0",",0","","","19710104",",,0","19710107",",,0","","","","","19710118",",,0","19710131",",,0","-31.7",",0,04,","76",",,0,07,","","","3.6",",,0,18,","8.9",",0,31,","3086.9","0","793.6",",0","13.8",",,,0","","","-7.27",",0","-1.30",",,,0","-13.24",",,,0"
"USC00101671","1971-02","43.97775","-113.82913","1908.0","CHILLY BARTON FLAT, ID US","0.0","0","0.0",",0","4",",0","0",",0","0",",0","3",",0","2",",0","3",",0","28",",0","12",",0","0",",0","0",",0","","","19710228",",,0","19710225","+,,0","19710225","+,,0","","","19710225",",,0","19710213",",,0","-21.1",",0,28,","51",",,0,25,+","51",",,0,25,+","1.8",",,0,25,","7.8",",0,13,","3751.6","0","664.7",",0","3.6",",,,0","115",",,,0","-5.41",",0","0.76",",,,0","-11.57",",,,0"
"USC00101671","1971-03","43.97775","-113.82913","1908.0","CHILLY BARTON FLAT, ID US","0.0","0","0.0",",0","4",",0","1",",0","0",",0","1","1,0","0","1,0","5",",0","31",",0","11",",0","0",",0","0",",0","","","19710302",",,0","19710301",",1,0","19710301",",1,0","","","19710317",",,0","19710330",",,0","-22.8",",0,02,","25","1,,0,01,","13","1,,0,01,","3.6",",,0,17,","13.9",",0,30,","4445.7","0","694.1",",0","7.2",",,,0","13","1,,,0","-4.06",",0","2.15",",,,0","-10.27",",,,0"
"USC00101671","1971-04","43.97775","-113.82913","1908.0","CHILLY BARTON FLAT, ID US","0.0","0","0.0",",0","5",",0","1",",0","0",",0","0",",0","0",",0","0",",0","25",",0","0",",0","0",",0","0",",0","","","19710401",",,0","19710430","+,,0","19710430","+,,0","","","19710424",",,0","19710430",",,0","-11.7",",0,01,","0",",,0,30,+","0",",,0,30,+","3.8",",,0,24,","17.2",",0,30,","4896.3","0","450.6",",0","6.4",",,,0","0",",,,0","3.31",",0","10.26",",,,0","-3.63",",,,0"
"USC00101671","1971-05","43.97775","-113.82913","1908.0","CHILLY BARTON FLAT, ID US","0.0","0","0.0","1,0","8",",0","5",",0","0",",0","0",",0","0",",0","0",",0","12",",0","0","1,0","6","1,0","0","1,0","","","19710518",",,0","19710531","+,,0","19710531","+,,0","","","19710531","+,,0","19710528",",1,0","-6.1",",0,18,","0",",,0,31,+","0",",,0,31,+","7.9",",,0,31,+","25.6","1,0,28,","5184.9","0","288.6","1,0","38.1",",,,0","0",",,,0","8.75","1,0","16.79","1,,,0","0.72",",,,0"
"USC00101671","1971-06","43.97775","-113.82913","1908.0","CHILLY BARTON FLAT, ID US","0.0","0","0.0","1,0","9",",0","3",",0","0",",0","0",",0","0",",0","0",",0","3",",0","0","1,0","13","1,0","0","1,0","","","19710602",",,0","19710630","+,,0","19710630","+,,0","","","19710601",",,0","19710623","+,1,0","-0.6",",0,02,","0",",,0,30,+","0",",,0,30,+","10.9",",,0,01,","29.4","1,0,23,+","5363.4","0","178.5","1,0","33.6",",,,0","0",",,,0","12.21","1,0","20.27","1,,,0","4.15",",,,0"
"USC00101671","1971-07","43.97775","-113.82913","1908.0","CHILLY BARTON FLAT, ID US","16.9","0","16.9","2,0","6",",0","2",",0","0",",0","0",",0","0",",0","0",",0","0",",0","0","2,0","29","2,0","0","2,0","","","19710708","+,,0","19710731","+,,0","19710731","+,,0","","","19710722",",,0","19710716",",2,0","2.2",",0,08,+","0",",,0,31,+","0",",,0,31,+","12.2",",,0,22,","31.1","2,0,16,","53.4","0","53.4","2,0","20.3",",,,0","0",",,,0","17.12","2,0","26.98","2,,,0","7.26",",,,0"
"USC00101671","1971-08","43.97775","-113.82913","1908.0","CHILLY BARTON FLAT, ID US","46.4","0","29.5",",0","8",",0","3",",0","0",",0","0",",0","0",",0","0",",0","0",",0","0",",0","31",",0","3",",0","","","19710824",",,0","19710831","+,,0","19710831","+,,0","","","19710806",",,0","19710808","+,,0","2.2",",0,24,","0",",,0,31,+","0",",,0,31,+","10.9",",,0,06,","32.2",",0,08,+","81.1","0","27.7",",0","24.6",",,,0","0",",,,0","18.39",",0","28.40",",,,0","8.37",",,,0"
"USC00101671","1971-09","43.97775","-113.82913","1908.0","CHILLY BARTON FLAT, ID US","46.4","0","0.0",",0","6",",0","3",",0","0",",0","0",",0","0",",0","0",",0","14",",0","0",",0","11",",0","0",",0","","","19710928",",,0","19710930",",,0","19710930",",,0","","","19710907",",,0","19710913","+,,0","-10.0",",0,28,","0",",T,0,30,","0",",T,0,30,","9.4",",,0,07,","27.2",",0,13,+","365.1","0","284.0",",0","23.4",",,,0","0",",T,,0","8.87",",0","18.14",",,,0","-0.40",",,,0"
"USC00101671","1971-10","43.97775","-113.82913","1908.0","CHILLY BARTON FLAT, ID US","46.4","0","0.0",",0","7",",0","2",",0","0",",0","5",",0","5",",0","1",",0","25",",0","3",",0","7",",0","0",",0","","","19711029",",,0","19711031",",,0","19711031","+,,0","","","19711016",",,0","19711008",",,0","-19.4",",0,29,","102",",,0,31,","51",",,0,31,+","6.1",",,0,16,","24.4",",0,08,","806.5","0","441.4",",0","17.0",",,,0","229",",,,0","4.10",",0","11.92",",,,0","-3.73",",,,0"
"USC00101671","1971-11","43.97775","-113.82913","1908.0","CHILLY BARTON FLAT, ID US","46.4","0","0.0",",0","3",",0","1",",0","0",",0","","","","","3",",0","30",",0","6",",0","0",",0","0",",0","","","19711107",",,0","","","","","","","19711127",",,0","19711112",",,0","-18.9",",0,07,","","","","","2.5",",,0,27,","11.1",",0,12,","1453.4","0","646.9",",0","4.6",",,,0","","","-3.23",",0","3.21",",,,0","-9.67",",,,0"
"USC00101671","1971-12","43.97775","-113.82913","1908.0","CHILLY BARTON FLAT, ID US","46.4","0","0.0",",0","8",",0","3",",0","0",",0","","","","","19",",0","31",",0","26",",0","0",",0","0",",0","","","19711228",",,0","","","","","","","19711205",",,0","19711225","+,,0","-29.4",",0,28,","","","","","5.1",",,0,05,","3.3",",0,25,+","2365.3","0","911.9",",0","15.3",",,,0","","","-11.08",",0","-4.33",",,,0","-17.83",",,,0"
"USC00101671","1972-01","43.97775","-113.82913","1908.0","CHILLY BARTON FLAT, ID US","0.0","0","0.0",",0","4",",0","2",",0","0",",0","","","","","13",",0","31",",0","22",",0","0",",0","0",",0","","","19720131","+,,0","","","","","","","19720123",",,0","19720119",",,0","-30.0",",0,31,+","","","","","3.0",",,0,23,","3.9",",0,19,","3242.4","0","877.1",",0","7.3",",,,0","","","-9.96",",0","-3.62",",,,0","-16.30",",,,0"
"USC00101671","1972-02","43.97775","-113.82913","1908.0","CHILLY BARTON FLAT, ID US","0.0","0","0.0",",0","4",",0","1",",0","0",",0","","","","","6",",0","29",",0","10",",0","0",",0","0",",0","","","19720203",",,0","","","","","","","19720229",",,0","19720207",",,0","-29.4",",0,03,","","","","","6.1",",,0,29,","7.2",",0,07,","3964.7","0","722.3",",0","11.0",",,,0","","","-6.57",",0","0.41",",,,0","-13.56",",,,0"
"USC00101671","1972-03","43.97775","-113.82913","1908.0","CHILLY BARTON FLAT, ID US","0.0","0","0.0",",0","3",",0","0",",0","0",",0","","","","","0",",0","31",",0","3",",0","0",",0","0",",0","","","19720326",",,0","","","","","","","19720325","+,,0","19720322",",,0","-12.8",",0,26,","","","","","1.8",",,0,25,+","16.7",",0,22,","4501.9","0","537.2",",0","4.1",",,,0","","","1.00",",0","7.75",",,,0","-5.74",",,,0"
"USC00101671","1972-04","43.97775","-113.82913","1908.0","CHILLY BARTON FLAT, ID US","0.0","0","0.0",",0","3",",0","0",",0","0",",0","0",",","","","0",",0","27",",0","0",",0","0",",0","0",",0","","","19720417",",,0","19720430","+,,0","","","","","19720413",",,0","19720428",",,0","-10.0",",0,17,","0",",,0,30,+","","","0.8",",,0,13,","17.8",",0,28,","4957.2","0","455.3",",0","1.6",",,,0","","","3.16",",0","10.77",",,,0","-4.46",",,,0"
"USC00101671","1972-05","43.97775","-113.82913","1908.0","CHILLY BARTON FLAT, ID US","0.0","0","0.0",",0","7",",0","2",",0","0",",0","0",",0","0",",0","0",",0","15",",0","0",",0","9",",0","0",",0","","","19720501",",,0","19720531","+,,0","19720531","+,,0","","","19720520",",,0","19720530",",,0","-8.9",",0,01,","0",",,0,31,+","0",",,0,31,+","24.1",",,0,20,","27.8",",0,30,","5242.8","0","285.6",",0","36.7",",,,0","0",",,,0","9.12",",0","17.97",",,,0","0.27",",,,0"
"USC00101671","1972-06","43.97775","-113.82913","1908.0","CHILLY BARTON FLAT, ID US","3.0","0","3.0",",0","11",",0","7",",0","0",",0","0",",0","0",",0","0",",0","3",",0","0",",0","22",",0","0",",0","","","19720619","+,,0","19720630","+,,0","19720630","+,,0","","","19720606",",,0","19720606",",,0","0.0",",0,19,+","0",",,0,30,+","0",",,0,30,+","20.6",",,0,06,","30.0",",0,06,","5366.4","0","123.6",",0","76.0",",,,0","0",",,,0","14.31",",0","22.89",",,,0","5.73",",,,0"
"USC00101671","1972-07","43.97775","-113.82913","1908.0","CHILLY BARTON FLAT, ID US","10.8","0","7.8",",0","3",",0","1",",0","0",",0","0",",0","0",",0","0",",0","0",",0","0",",0","28",",0","1",",0","","","19720722",",,0","19720731","+,,0","19720731","+,,0","","","19720726",",,0","19720729",",,0","1.1",",0,22,","0",",,0,31,+","0",",,0,31,+","9.9",",,0,26,","32.2",",0,29,","58.8","0","58.8",",0","11.9",",,,0","0",",,,0","16.69",",0","27.04",",,,0","6.34",",,,0"
"USC00101671","1972-08","43.97775","-113.82913","1908.0","CHILLY BARTON FLAT, ID US","31.0","0","20.2",",0","7",",0","2",",0","0",",0","0",",0","0",",0","0",",0","0",",0","0",",0","30",",0","4",",0","","","19720824",",,0","19720831","+,,0","19720831","+,,0","","","19720814",",,0","19720809","+,,0","2.2",",0,24,","0",",,0,31,+","0",",,0,31,+","9.7",",,0,14,","32.2",",0,09,+","113.3","0","54.5",",0","24.2",",,,0","0",",,,0","17.22",",0","27.08",",,,0","7.37",",,,0"
"USC00101671","1972-09","43.97775","-113.82913","1908.0","CHILLY BARTON FLAT, ID US","31.0","0","0.0",",0","7",",0","2",",0","0",",0","0",",0","0",",0","0",",0","14",",0","0",",0","13",",0","0",",0","","","19720924",",,0","19720930","+,,0","19720930","+,,0","","","19720911",",,0","19720905","+,,0","-7.8",",0,24,","0",",,0,30,+","0",",,0,30,+","10.2",",,0,11,","26.1",",0,05,+","363.6","0","250.3",",0","20.1",",,,0","0",",,,0","9.99",",0","19.19",",,,0","0.79",",,,0"
"USC00101671","1972-10","43.97775","-113.82913","1908.0","CHILLY BARTON FLAT, ID US","31.0","0","0.0",",0","7",",0","3",",0","0",",0","0",",0","0",",0","0",",0","21",",0","0",",0","2",",0","0",",0","","","19721031","+,,0","19721031","+,,0","19721031","+,,0","","","19721020",",,0","19721004","+,,0","-11.7",",0,31,+","0",",,0,31,+","0",",,0,31,+","9.9",",,0,20,","21.1",",0,04,+","752.4","0","388.8",",0","27.9",",,,0","0",",,,0","5.79",",0","13.50",",,,0","-1.92",",,,0"
"USC00101671","1972-11","43.97775","-113.82913","1908.0","CHILLY BARTON FLAT, ID US","31.0","0","0.0",",0","9",",0","3",",0","0",",0","2",",0","0",",0","0",",0","29",",0","2",",0","0",",0","0",",0","","","19721123","+,,0","19721117","+,,0","19721117","+,,0","","","19721115",",,0","19721102",",,0","-16.7",",0,23,+","25",",,0,17,+","13",",,0,17,+","3.6",",,0,15,","8.9",",0,02,","1368.8","0","616.4",",0","14.1",",,,0","34",",,,0","-2.22",",0","3.26",",,,0","-7.69",",,,0"
"USC00101671","1972-12","43.97775","-113.82913","1908.0","CHILLY BARTON FLAT, ID US","31.0","0","0.0",",0","4",",0","0",",0","0",",0","","","1",",0","15",",0","31",",0","21",",0","0",",0","0",",0","","","19721210",",,0","","","19721204",",,0","","","19721204",",,0","19721202",",,0","-33.3",",0,10,","","","25",",,0,04,","2.3",",,0,04,","11.1",",0,02,","2253.8","0","885.0",",0","4.4",",,,0","38",",,,0","-10.21",",0","-3.41",",,,0","-17.02",",,,0"
"USC00101671","1973-01","43.97775","-113.82913","1908.0","CHILLY BARTON FLAT, ID US","0.0","0","0.0",",0","4",",0","1",",0","0",",0","","","","","16",",0","31",",0","25",",0","0",",0","0",",0","","","19730107",",,0","","","","","","","19730103",",,0","19730113",",,0","-28.9",",0,07,","","","","","2.5",",,0,03,","6.1",",0,13,","3150.6","0","896.8",",0","5.3",",,,0","","","-10.60",",0","-3.55",",,,0","-17.64",",,,0"
"USC00101671","1973-02","43.97775","-113.82913","1908.0","CHILLY BARTON FLAT, ID US","0.0","0","0.0",",0","2",",0","1",",0","0",",0","","","1",",0","13",",0","28",",0","9",",0","0",",0","0",",0","","","19730219",",,0","","","19730218",",,0","","","19730218",",,0","19730228","+,,0","-24.4",",0,19,","","","127",",,0,18,","3.6",",,0,18,","5.6",",0,28,+","3863.5","0","712.9",",0","4.4",",,,0","127",",,,0","-7.13",",0","1.61",",,,0","-15.86",",,,0"
"USC00101671","1973-03","43.97775","-113.82913","1908.0","CHILLY BARTON FLAT, ID US","0.0","0","0.0","1,0","5",",0","2",",0","0",",0","2",",0","2",",0","0",",0","31",",0","0","1,0","0","1,0","0","1,0","","","19730318",",,0","19730322","+,,0","19730322",",,0","","","19730322",",,0","19730330",",1,0","-16.7",",0,18,","51",",,0,22,+","152",",,0,22,","6.9",",,0,22,","8.9","1,0,30,","4494.9","0","631.4","1,0","10.8",",,,0","203",",,,0","-2.64","1,0","3.72","1,,,0","-8.99",",,,0"
"USC00101671","1973-04","43.97775","-113.82913","1908.0","CHILLY BARTON FLAT, ID US","0.0","0","0.0","2,0","4",",0","2",",0","0",",0","0",",0","0",",0","0",",0","30",",0","0","2,0","0","2,0","0","2,0","","","19730408",",,0","19730430","+,,0","19730430","+,,0","","","19730413",",,0","19730427",",2,0","-11.1",",0,08,","0",",,0,30,+","0",",,0,30,+","8.6",",,0,13,","17.8","2,0,27,","4915.5","0","420.6","2,0","13.7",",,,0","0",",,,0","3.27","2,0","10.95","2,,,0","-4.41",",,,0"
"USC00101671","1973-05","43.97775","-113.82913","1908.0","CHILLY BARTON FLAT, ID US","0.0","0","0.0",",0","3",",0","2",",0","0",",0","0",",0","0",",0","0",",0","15",",0","0",",0","13",",0","0",",0","","","19730502",",,0","19730531","+,,0","19730531","+,,0","","","19730520",",,0","19730518","+,,0","-8.9",",0,02,","0",",,0,31,+","0",",,0,31,+","4.6",",,0,20,","26.7",",0,18,+","5184.3","0","268.8",",0","8.1",",,,0","0",",,,0","9.66",",0","19.20",",,,0","0.13",",,,0"
"USC00101671","1973-06","43.97775","-113.82913","1908.0","CHILLY BARTON FLAT, ID US","7.2","0","7.2","1,0","6",",0","5",",0","0",",0","0",",0","0",",0","0",",0","5",",0","0","1,0","20","1,0","0","1,0","","","19730618",",,0","19730630","+,,0","19730630","+,,0","","","19730614",",,0","19730627",",1,0","-2.8",",0,18,","0",",,0,30,+","0",",,0,30,+","13.0",",,0,14,","30.0","1,0,27,","5319.8","0","135.5","1,0","34.3",",,,0","0",",,,0","13.96","1,0","22.74","1,,,0","5.17",",,,0"
"USC00101671","1973-07","43.97775","-113.82913","1908.0","CHILLY BARTON FLAT, ID US","","","","","7",",0","4",",0","1",",0","0",",0","0",",0","0",",0","0",",0","","","","","","","","","19730702",",,0","19730731","+,,0","19730731","+,,0","","","19730721",",,0","","","2.2",",0,02,","0",",,0,31,+","0",",,0,31,+","27.4",",,0,21,","","","","","","","42.9",",,,0","0",",,,0","","","","","8.35",",,,0"
"USC00101671","1973-08","43.97775","-113.82913","1908.0","CHILLY BARTON FLAT, ID US","","","6.8",",0","7",",0","2",",0","0",",0","0",",0","0",",0","0",",0","1",",0","0",",0","30",",0","0",",0","","","19730828",",,0","19730831","+,,0","19730831","+,,0","","","19730805",",,0","19730815","+,,0","0.0",",0,28,","0",",,0,31,+","0",",,0,31,+","15.5",",,0,05,","31.1",",0,15,+","","","51.4",",0","23.1",",,,0","0",",,,0","16.89",",0","26.83",",,,0","6.96",",,,0"
"USC00101671","1973-09","43.97775","-113.82913","1908.0","CHILLY BARTON FLAT, ID US","","","0.0",",0","8",",0","5",",0","0",",0","0",",0","0",",0","0",",0","8",",0","0",",0","18",",0","0",",0","","","19730926",",,0","19730930","+,,0","19730930","+,,0","","","19730901",",,0","19730912","+,,0","-2.8",",0,26,","0",",,0,30,+","0",",,0,30,+","8.9",",,0,01,","26.1",",0,12,+","","","207.4",",0","26.1",",,,0","0",",,,0","11.42",",0","20.61",",,,0","2.23",",,,0"
"USC00101671","1973-10","43.97775","-113.82913","1908.0","CHILLY BARTON FLAT, ID US","","","0.0",",0","2",",0","0",",0","0",",0","0",",0","0",",0","0",",0","24",",0","0",",0","7",",0","0",",0","","","19731026",",,0","19731031","+,,0","19731031","+,,0","","","19731025",",,0","19731018","+,,0","-11.1",",0,26,","0",",,0,31,+","0",",,0,31,+","0.8",",,0,25,","22.2",",0,18,+","","","364.4",",0","1.1",",,,0","0",",,,0","6.58",",0","15.49",",,,0","-2.33",",,,0"
"USC00101671","1973-11","43.97775","-113.82913","1908.0","CHILLY BARTON FLAT, ID US","","","0.0",",0","8",",0","4",",0","0",",0","2",",0","1",",0","1",",0","27",",0","12",",0","0",",0","0",",0","","","19731104",",,0","19731102",",,0","19731102",",,0","","","19731124",",,0","19731110",",,0","-19.4",",0,04,","51",",,0,02,","38",",,0,02,","11.4",",,0,24,","13.3",",0,10,","","","613.2",",0","31.1",",,,0","51",",,,0","-2.11",",0","2.84",",,,0","-7.05",",,,0"
"USC00101671","1973-12","43.97775","-113.82913","1908.0","CHILLY BARTON FLAT, ID US","","","0.0",",0","8",",0","3",",0","0",",0","","","1","4,0","6",",0","31",",0","16",",0","0",",0","0",",0","","","19731226",",,0","","","19731222",",4,0","","","19731229","+,,0","19731201",",,0","-22.8",",0,26,","","","76","4,,0,22,","3.0",",,0,29,+","5.6",",0,01,","","","763.6",",0","15.0",",,,0","76","4,,,0","-6.30",",0","-0.30",",,,0","-12.30",",,,0"
"USC00101671","1974-01","43.97775","-113.82913","1908.0","CHILLY BARTON FLAT, ID US","0.0","0","0.0",",0","4",",0","0",",0","0",",0","","","","","12",",0","30",",0","16",",0","0",",0","0",",0","","","19740109",",,0","","","","","","","19740119",",,0","19740117","+,,0","-31.7",",0,09,","","","","","0.8",",,0,19,","7.8",",0,17,+","","","834.7",",0","2.1",",,,0","","","-8.59",",0","-2.16",",,,0","-15.02",",,,0"
"USC00101671","1974-02","43.97775","-113.82913","1908.0","CHILLY BARTON FLAT, ID US","0.0","0","0.0",",0","2",",0","0",",0","0",",0","0",",0","0",",0","2",",0","28",",0","9",",0","0",",0","0",",0","","","19740224",",,0","19740228","+,,0","19740228","+,,0","","","19740227",",,0","19740228","+,,0","-18.3",",0,24,","0",",,0,28,+","0",",,0,28,+","0.5",",,0,27,","5.0",",0,28,+","","","657.9",",0","0.8",",,,0","0",",,,0","-5.16",",0","1.15",",,,0","-11.47",",,,0"
"USC00101671","1974-03","43.97775","-113.82913","1908.0","CHILLY BARTON FLAT, ID US","0.0","0","0.0",",0","6",",0","3",",0","0",",0","","","","","0",",0","30",",0","3",",0","0",",0","0",",0","","","19740320",",,0","","","","","","","19740302",",,0","19740317",",,0","-15.0",",0,20,","","","","","6.6",",,0,02,","12.2",",0,17,","","","576.1",",0","14.8",",,,0","","","-0.25",",0","5.42",",,,0","-5.92",",,,0"
"USC00101671","1974-04","43.97775","-113.82913","1908.0","CHILLY BARTON FLAT, ID US","0.0","0","0.0",",0","1",",0","1",",0","0",",0","0",",0","0",",0","0",",0","26",",0","0",",0","0",",0","0",",0","","","19740413","+,,0","19740430","+,,0","19740430","+,,0","","","19740420",",,0","19740425","+,,0","-8.3",",0,13,+","0",",,0,30,+","0",",,0,30,+","10.2",",,0,20,","18.9",",0,25,+","","","412.1",",0","10.2",",,,0","0",",,,0","4.60",",0","12.03",",,,0","-2.84",",,,0"
"USC00101671","1974-05","43.97775","-113.82913","1908.0","CHILLY BARTON FLAT, ID US","0.0","0","0.0",",0","1",",0","0",",0","0",",0","0",",0","0",",0","0",",0","18",",0","0",",0","7",",0","0",",0","","","19740516",",,0","19740531","+,,0","19740531","+,,0","","","19740520",",,0","19740528","+,,0","-8.9",",0,16,","0",",,0,31,+","0",",,0,31,+","2.0",",,0,20,","24.4",",0,28,+","","","320.0",",0","2.0",",,,0","0",",,,0","8.01",",0","16.48",",,,0","-0.46",",,,0"
"USC00101671","1974-06","43.97775","-113.82913","1908.0","CHILLY BARTON FLAT, ID US","15.9","0","15.9",",0","1",",0","0",",0","0",",0","0",",0","0",",0","0",",0","3",",0","0",",0","25",",0","4",",0","","","19740608",",,0","19740630","+,,0","19740630","+,,0","","","19740607",",,0","19740616",",,0","-3.3",",0,08,","0",",,0,30,+","0",",,0,30,+","0.8",",,0,07,","33.3",",0,16,","","","87.0",",0","0.8",",,,0","0",",,,0","15.96",",0","26.87",",,,0","5.05",",,,0"
"USC00101671","1974-07","43.97775","-113.82913","1908.0","CHILLY BARTON FLAT, ID US","41.0","0","25.1",",0","6",",0","1",",0","0",",0","0",",0","0",",0","0",",0","0",",0","0",",0","30",",0","2",",0","","","19740703",",,0","19740731","+,,0","19740731","+,,0","","","19740702",",,0","19740722",",,0","0.6",",0,03,","0",",,0,31,+","0",",,0,31,+","8.1",",,0,02,","32.8",",0,22,","34.9","0","34.9",",0","13.7",",,,0","0",",,,0","18.01",",0","28.50",",,,0","7.53",",,,0"
"USC00101671","1974-08","43.97775","-113.82913","1908.0","CHILLY BARTON FLAT, ID US","47.2","0","6.2",",0","7",",0","4",",0","0",",0","0",",0","0",",0","0",",0","0",",0","0",",0","27",",0","0",",0","","","19740821","+,,0","19740831","+,,0","19740831","+,,0","","","19740802",",,0","19740801",",,0","1.1",",0,21,+","0",",,0,31,+","0",",,0,31,+","14.2",",,0,02,","30.6",",0,01,","113.3","0","78.4",",0","26.6",",,,0","0",",,,0","16.00",",0","25.91",",,,0","6.09",",,,0"
"USC00101671","1974-09","43.97775","-113.82913","1908.0","CHILLY BARTON FLAT, ID US","47.2","0","0.0",",0","1",",0","0",",0","0",",0","0",",0","0",",0","0",",0","7",",0","0",",0","27",",0","0",",0","","","19740912",",,0","19740930","+,,0","19740930","+,,0","","","19740912",",,0","19740908",",,0","-4.4",",0,12,","0",",,0,30,+","0",",,0,30,+","0.8",",,0,12,","28.9",",0,08,","272.4","0","159.1",",0","0.8",",,,0","0",",,,0","13.03",",0","24.66",",,,0","1.40",",,,0"
"USC00101671","1974-10","43.97775","-113.82913","1908.0","CHILLY BARTON FLAT, ID US","47.2","0","0.0",",0","4","2,0","0","2,0","0","2,0","0",",0","0",",0","0",",0","23",",0","0",",0","8",",0","0",",0","","","19741006",",,0","19741031","+,,0","19741031","+,,0","","","19741022",",2,0","19741002",",,0","-9.4",",0,06,","0",",,0,31,+","0",",,0,31,+","2.0","2,,0,22,","24.4",",0,02,","619.3","0","346.9",",0","9.4",",a,,0","0",",,,0","7.14",",0","16.61",",,,0","-2.33",",,,0"
"USC00101671","1974-11","43.97775","-113.82913","1908.0","CHILLY BARTON FLAT, ID US","47.2","0","0.0",",0","5",",0","1",",0","0",",0","0",",0","0",",0","0",",0","29",",0","2",",0","0",",0","0",",0","","","19741130",",,0","19741130","+,,0","19741130","+,,0","","","19741101",",,0","19741113",",,0","-15.6",",0,30,","0",",,0,30,+","0",",,0,30,+","7.6",",,0,01,","10.6",",0,13,","1187.8","0","568.5",",0","11.5",",,,0","0",",,,0","-0.62",",0","5.31",",,,0","-6.54",",,,0"
"USC00101671","1974-12","43.97775","-113.82913","1908.0","CHILLY BARTON FLAT, ID US","47.2","0","0.0",",0","8",",0","0",",0","0",",0","2","5,0","1","2,0","6",",0","31",",0","18",",0","0",",0","0",",0","","","19741229",",,0","19741228",",5,0","19741225",",2,0","","","19741220",",,0","19741216",",,0","-26.1",",0,29,","51","5,,0,28,","25","2,,0,25,","1.8",",,0,20,","8.3",",0,16,","1979.5","0","791.7",",0","6.6",",,,0","25","2,,,0","-7.21",",0","-0.97",",,,0","-13.44",",,,0"
"USC00101671","1975-01","43.97775","-113.82913","1908.0","CHILLY BARTON FLAT, ID US","0.0","0","0.0",",0","6",",0","1",",0","0",",0","","","","","10",",0","31",",0","20",",0","0",",0","0",",0","","","19750130",",,0","","","","","","","19750124",",,0","19750117",",,0","-28.3",",0,30,","","","","","2.5",",,0,24,","7.8",",0,17,","2821.2","0","841.7",",0","7.0",",,,0","","","-8.82",",0","-2.08",",,,0","-15.56",",,,0"
"USC00101671","1975-02","43.97775","-113.82913","1908.0","CHILLY BARTON FLAT, ID US","0.0","0","0.0",",0","4",",0","1",",0","0",",0","","","","","8",",0","28",",0","14",",0","0",",0","0",",0","","","19750206",",,0","","","","","","","19750205",",,0","19750228",",,0","-27.2",",0,06,","","","","","3.6",",,0,05,","8.9",",0,28,","3531.8","0","710.6",",0","5.9",",,,0","","","-7.04",",0","0.25",",,,0","-14.34",",,,0"
"USC00101671","1975-03","43.97775","-113.82913","1908.0","CHILLY BARTON FLAT, ID US","0.0","0","0.0",",0","5",",0","0",",0","0",",0","0",",","","","1",",0","31",",0","3",",0","0",",0","0",",0","","","19750328",",,0","19750331","+,,0","","","","","19750326","+,,0","19750301",",,0","-20.0",",0,28,","0",",,0,31,+","","","1.5",",,0,26,+","7.8",",0,01,","4193.1","0","661.3",",0","3.9",",,,0","","","-3.00",",0","3.34",",,,0","-9.34",",,,0"
"USC00101671","1975-04","43.97775","-113.82913","1908.0","CHILLY BARTON FLAT, ID US","0.0","0","0.0",",0","13",",0","5",",0","0",",0","","","","","0",",0","30",",0","1",",0","0",",0","0",",0","","","19750402",",,0","","","","","","","19750406",",,0","19750423",",,0","-13.3",",0,02,","","","","","10.7",",,0,06,","12.2",",0,23,","4741.7","0","548.6",",0","34.5",",,,0","","","0.05",",0","6.02",",,,0","-5.93",",,,0"
"USC00101671","1975-05","43.97775","-113.82913","1908.0","CHILLY BARTON FLAT, ID US","0.0","0","0.0",",0","9",",0","4",",0","0",",0","0",",0","0",",0","0",",0","20",",0","0",",0","4",",0","0",",0","","","19750526",",,0","19750531","+,,0","19750531","+,,0","","","19750504",",,0","19750515",",,0","-6.7",",0,26,","0",",,0,31,+","0",",,0,31,+","10.7",",,0,04,","22.2",",0,15,","5094.8","0","353.1",",0","26.3",",,,0","0",",,,0","6.94",",0","14.59",",,,0","-0.70",",,,0"
"USC00101671","1975-06","43.97775","-113.82913","1908.0","CHILLY BARTON FLAT, ID US","0.0","0","0.0",",0","8",",0","2",",0","0",",0","0",",0","0",",0","0",",0","3",",0","0",",0","15",",0","0",",0","","","19750628",",,0","19750630","+,,0","19750630","+,,0","","","19750618",",,0","19750630","+,,0","-2.2",",0,28,","0",",,0,30,+","0",",,0,30,+","5.1",",,0,18,","26.1",",0,30,+","5287.9","0","193.1",",0","16.5",",,,0","0",",,,0","11.90",",0","20.70",",,,0","3.09",",,,0"
"USC00101671","1975-07","43.97775","-113.82913","1908.0","CHILLY BARTON FLAT, ID US","27.3","0","27.3","3,0","9","2,0","4","2,0","0","2,0","0",",0","0",",0","0","3,0","0","3,0","0","3,0","26","3,0","1","3,0","","","19750731",",3,0","19750731","+,,0","19750731","+,,0","","","19750713",",2,0","19750727",",3,0","3.9","3,0,31,","0",",,0,31,+","0",",,0,31,+","10.2","2,,0,13,","32.8","3,0,27,","22.5","0","22.5","3,0","32.0",",a,,0","0",",,,0","18.51","3,0","27.83","3,,,0","9.18","3,,,0"
"USC00101671","1975-08","43.97775","-113.82913","1908.0","CHILLY BARTON FLAT, ID US","30.6","0","3.3","4,0","2",",0","0",",0","0",",0","0",",0","0",",0","0","4,0","2","4,0","0","4,0","26","4,0","0","4,0","","","19750829",",4,0","19750831","+,,0","19750831","+,,0","","","19750820",",,0","19750805",",4,0","-1.7","4,0,29,","0",",,0,31,+","0",",,0,31,+","0.5",",,0,20,","31.7","4,0,05,","106.0","0","83.5","4,0","0.8",",,,0","0",",,,0","15.36","4,0","25.10","4,,,0","5.62","4,,,0"
"USC00101671","1975-09","43.97775","-113.82913","1908.0","CHILLY BARTON FLAT, ID US","30.6","0","0.0","4,0","1",",0","0",",0","0",",0","0",",0","0",",0","0","3,0","15","3,0","0","1,0","25","1,0","0","1,0","","","19750921",",3,0","19750930","+,,0","19750930","+,,0","","","19750912",",,0","19750907",",1,0","-4.4","3,0,21,","0",",,0,30,+","0",",,0,30,+","0.5",",,0,12,","28.3","1,0,07,","268.3","0","162.3","1,0","0.5",",,,0","0",",,,0","12.02","4,0","23.70","1,,,0","0.33","3,,,0"
"USC00101671","1975-10","43.97775","-113.82913","1908.0","CHILLY BARTON FLAT, ID US","30.6","0","0.0","1,0","9",",0","6",",0","0",",0","0",",0","0",",0","0","1,0","26","1,0","1",",0","5",",0","0",",0","","","19751024",",1,0","19751031","+,,0","19751031","+,,0","","","19751007",",,0","19751002","+,,0","-11.1","1,0,24,","0",",,0,31,+","0",",,0,31,+","8.6",",,0,07,","23.3",",0,02,+","664.7","0","396.4",",0","36.6",",,,0","0",",,,0","5.15","1,0","12.69",",,,0","-2.39","1,,,0"
"USC00101671","1975-11","43.97775","-113.82913","1908.0","CHILLY BARTON FLAT, ID US","30.6","0","0.0",",0","3",",0","0",",0","0",",0","1","1,0","1",",0","5",",0","30",",0","13",",0","0",",0","0",",0","","","19751130",",,0","19751129",",1,0","19751129",",,0","","","19751129",",,0","19751104",",,0","-23.3",",0,30,","25","1,,0,29,","25",",,0,29,","1.8",",,0,29,","14.4",",0,04,","1328.7","0","664.0",",0","4.3",",,,0","25",",,,0","-3.80",",0","3.25",",,,0","-10.85",",,,0"
"USC00101671","1975-12","43.97775","-113.82913","1908.0","CHILLY BARTON FLAT, ID US","30.6","0","0.0",",0","4",",0","0",",0","0",",0","2",",0","0","2,0","2",",0","31",",0","10",",0","0",",0","0",",0","","","19751228",",,0","19751201",",,0","19751231","+,2,0","","","19751201",",,0","19751202",",,0","-18.3",",0,28,","51",",,0,01,","0","2,,0,31,+","2.3",",,0,01,","10.0",",0,02,","2027.4","0","698.7",",0","6.6",",,,0","0","2,,,0","-4.20",",0","2.34",",,,0","-10.75",",,,0"
"USC00101671","1976-01","43.97775","-113.82913","1908.0","CHILLY BARTON FLAT, ID US","0.0","0","0.0",",0","6",",0","0",",0","0",",0","","","","","10",",0","31",",0","12",",0","0",",0","0",",0","","","19760113",",,0","","","","","","","19760105",",,0","19760131",",,0","-23.9",",0,13,","","","","","2.3",",,0,05,","10.0",",0,31,","2818.1","0","790.7",",0","6.3",",,,0","","","-7.17",",0","0.47",",,,0","-14.82",",,,0"
"USC00101671","1976-02","43.97775","-113.82913","1908.0","CHILLY BARTON FLAT, ID US","0.0","0","0.0",",0","3",",0","0",",0","0",",0","","","","","8",",0","29",",0","8",",0","0",",0","0",",0","","","19760205",",,0","","","","","","","19760218","+,,0","19760201",",,0","-26.1",",0,05,","","","","","1.5",",,0,18,+","8.3",",0,01,","3517.0","0","698.9",",0","3.8",",,,0","","","-5.77",",0","1.86",",,,0","-13.39",",,,0"
"USC00101671","1976-03","43.97775","-113.82913","1908.0","CHILLY BARTON FLAT, ID US","0.0","0","0.0",",0","2","1,0","0","1,0","0","1,0","","","","","4",",0","31",",0","5",",0","0",",0","0",",0","","","19760305",",,0","","","","","","","19760311",",1,0","19760330",",,0","-23.3",",0,05,","","","","","2.3","1,,0,11,","10.6",",0,30,","4194.1","0","677.1",",0","3.1","1,,,0","","","-3.51",",0","3.59",",,,0","-10.61",",,,0"
"USC00101671","1976-04","43.97775","-113.82913","1908.0","CHILLY BARTON FLAT, ID US","0.0","0","0.0",",0","6",",0","6",",0","0",",0","0",",0","1",",0","0",",0","28",",0","0",",0","0",",0","0",",0","","","19760402",",,0","19760430","+,,0","19760418",",,0","","","19760409",",,0","19760405",",,0","-10.0",",0,02,","0",",,0,30,+","51",",,0,18,","11.9",",,0,09,","17.2",",0,05,","4629.1","0","435.0",",0","27.3",",,,0","51",",,,0","3.83",",0","11.16",",,,0","-3.49",",,,0"
"USC00101671","1976-05","43.97775","-113.82913","1908.0","CHILLY BARTON FLAT, ID US","0.0","0","0.0","4,0","7",",0","3",",0","0",",0","0",",0","0",",0","0","2,0","17","2,0","0","2,0","7","2,0","0","2,0","","","19760501",",2,0","19760531","+,,0","19760531","+,,0","","","19760511",",,0","19760514",",2,0","-3.9","2,0,01,","0",",,0,31,+","0",",,0,31,+","8.4",",,0,11,","23.9","2,0,14,","4861.9","0","232.8","2,0","19.6",",,,0","0",",,,0","9.72","4,0","18.95","2,,,0","0.49","2,,,0"
"USC00101671","1976-06","43.97775","-113.82913","1908.0","CHILLY BARTON FLAT, ID US","0.0","0","0.0","1,0","3",",0","2",",0","0",",0","0",",0","0",",0","0","1,0","9","1,0","0",",0","21",",0","0",",0","","","19760627",",1,0","19760630","+,,0","19760630","+,,0","","","19760622",",,0","19760630",",,0","-4.4","1,0,27,","0",",,0,30,+","0",",,0,30,+","10.2",",,0,22,","30.6",",0,30,","5032.9","0","171.0",",0","15.6",",,,0","0",",,,0","12.39","1,0","22.75",",,,0","2.03","1,,,0"
"USC00101671","1976-07","43.97775","-113.82913","1908.0","CHILLY BARTON FLAT, ID US","22.1","0","22.1","4,0","5",",0","2",",0","0",",0","0",",0","0",",0","0","4,0","0","4,0","0","4,0","27","4,0","4","4,0","","","19760713",",4,0","19760731","+,,0","19760731","+,,0","","","19760730",",,0","19760716","+,4,0","1.7","4,0,13,","0",",,0,31,+","0",",,0,31,+","5.3",",,0,30,","32.2","4,0,16,+","25.0","0","25.0","4,0","13.7",",,,0","0",",,,0","18.22","4,0","29.14","4,,,0","7.31","4,,,0"
"USC00101671","1976-08","43.97775","-113.82913","1908.0","CHILLY BARTON FLAT, ID US","22.4","0","0.3","4,0","12",",0","6",",0","0",",0","0",",0","0",",0","0","4,0","1","4,0","0","4,0","22","4,0","0","4,0","","","19760827",",4,0","19760831","+,,0","19760831","+,,0","","","19760817",",,0","19760821",",4,0","-1.1","4,0,27,","0",",,0,31,+","0",",,0,31,+","7.1",",,0,17,","29.4","4,0,21,","142.9","0","117.9","4,0","38.0",",,,0","0",",,,0","13.98","4,0","23.77","4,,,0","4.18","4,,,0"
"USC00101671","1976-09","43.97775","-113.82913","1908.0","CHILLY BARTON FLAT, ID US","23.5","0","1.1",",0","6",",0","5",",0","0",",0","0",",0","0",",0","0",",0","12",",0","0",",0","17",",0","0",",0","","","19760909",",,0","19760930","+,,0","19760930","+,,0","","","19760911",",,0","19760906","+,,0","-4.4",",0,09,","0",",,0,30,+","0",",,0,30,+","11.9",",,0,11,","30.0",",0,06,+","332.6","0","189.7",",0","38.5",",,,0","0",",,,0","12.05",",0","22.43",",,,0","1.66",",,,0"
"USC00101671","1976-10","43.97775","-113.82913","1908.0","CHILLY BARTON FLAT, ID US","23.5","0","0.0","5,0","2",",0","1",",0","0",",0","0",",0","0",",0","0","4,0","23","4,0","0","3,0","2","3,0","0","3,0","","","19761022","+,4,0","19761031","+,,0","19761031","+,,0","","","19761003",",,0","19761001",",3,0","-11.7","4,0,22,+","0",",,0,31,+","0",",,0,31,+","5.8",",,0,03,","22.8","3,0,01,","667.2","0","334.6","3,0","7.6",",,,0","0",",,,0","5.23","5,0","15.01","3,,,0","-4.55","4,,,0"
"USC00101671","1976-11","43.97775","-113.82913","1908.0","CHILLY BARTON FLAT, ID US","","","","","0",",0","0",",0","0",",0","0",",0","0",",0","","","","","1","5,0","0","5,0","0","5,0","","","","","19761130","+,,0","19761130","+,,0","","","19761130","+,,0","19761106","+,5,0","","","0",",,0,30,+","0",",,0,30,+","0.0",",,0,30,+","15.6","5,0,06,+","","","","","0.0",",,,0","0",",,,0","","","9.62","5,,,0","",""
"USC00101671","1976-12","43.97775","-113.82913","1908.0","CHILLY BARTON FLAT, ID US","","","0.0",",0","2",",0","0",",0","0",",0","0",",0","0",",0","2",",0","31",",0","5",",0","0",",0","0",",0","","","19761220",",,0","19761231","+,,0","19761223",",,0","","","19761204",",,0","19761201",",,0","-18.9",",0,20,","0",",,0,31,+","0",",T,0,23,","1.0",",,0,04,","11.1",",0,01,","","","726.9",",0","1.3",",,,0","0",",T,,0","-5.12",",0","2.96",",,,0","-13.19",",,,0"
"USC00101671","1977-01","43.97775","-113.82913","1908.0","CHILLY BARTON FLAT, ID US","0.0","0","0.0",",0","2",",0","0",",0","0",",0","","","1","1,0","13",",0","31",",0","13",",0","0",",0","0",",0","","","19770111","+,,0","","","19770101",",1,0","","","19770101",",,0","19770117",",,0","-26.7",",0,11,+","","","51","1,,0,01,","2.0",",,0,01,","10.0",",0,17,","","","783.4",",0","2.5",",,,0","51","1,,,0","-6.94",",0","1.19",",,,0","-15.06",",,,0"
"USC00101671","1977-02","43.97775","-113.82913","1908.0","CHILLY BARTON FLAT, ID US","0.0","0","0.0",",0","0",",0","0",",0","0",",0","0",",0","0",",0","0",",0","28",",0","0",",0","0",",0","0",",0","","","19770203",",,0","19770228","+,,0","19770228","+,,0","","","19770226","+,,0","19770217",",,0","-16.7",",0,03,","0",",,0,28,+","0",",,0,28,+","0.0",",T,0,26,+","12.8",",0,17,","","","580.3",",0","0.0",",T,,0","0",",,,0","-2.39",",0","6.82",",,,0","-11.60",",,,0"
"USC00101671","1977-03","43.97775","-113.82913","1908.0","CHILLY BARTON FLAT, ID US","0.0","0","0.0","3,0","4",",0","0",",0","0",",0","0","1,0","1",",0","0","2,0","29","2,0","2","2,0","0","2,0","0","2,0","","","19770314",",2,0","19770327",",1,0","19770301",",,0","","","19770301",",,0","19770322",",2,0","-16.7","2,0,14,","0","1,T,0,27,","76",",,0,01,","2.3",",,0,01,","12.2","2,0,22,","","","575.1","2,0","5.1",",,,0","76",",,,0","-2.40","3,0","4.95","2,,,0","-9.74","2,,,0"
"USC00101671","1977-04","43.97775","-113.82913","1908.0","CHILLY BARTON FLAT, ID US","0.0","0","0.0","4,0","1",",0","0",",0","0",",0","0",",0","0",",0","0","3,0","25","3,0","0","4,0","6","4,0","0","4,0","","","19770402","+,3,0","19770430","+,,0","19770430","+,,0","","","19770414",",,0","19770424",",4,0","-10.0","3,0,02,+","0",",,0,30,+","0",",,0,30,+","0.3",",,0,14,","23.3","4,0,24,","","","306.0","4,0","0.3",",,,0","0",",,,0","6.45","4,0","17.05","4,,,0","-4.15","3,,,0"
"USC00101671","1977-05","43.97775","-113.82913","1908.0","CHILLY BARTON FLAT, ID US","0.0","0","0.0",",0","21",",0","14",",0","0",",0","0",",0","0","2,0","0",",0","21",",0","0",",0","3",",0","0",",0","","","19770505",",,0","19770531","+,,0","19770504",",2,0","","","19770525",",,0","19770531",",,0","-9.4",",0,05,","0",",,0,31,+","0","2,T,0,04,","10.9",",,0,25,","26.1",",0,31,","","","379.7",",0","74.6",",,,0","0","2,T,,0","6.09",",0","13.32",",,,0","-1.15",",,,0"
"USC00101671","1977-07","43.97775","-113.82913","1908.0","CHILLY BARTON FLAT, ID US","","","","","7",",0","5",",0","0",",0","0",",0","0",",0","0","3,0","1","3,0","0","3,0","27","3,0","2","3,0","","","19770717",",3,0","19770731","+,,0","19770731","+,,0","","","19770724",",,0","19770716",",3,0","0.0","3,0,17,","0",",,0,31,+","0",",,0,31,+","16.3",",,0,24,","32.8","3,0,16,","","","","","51.3",",,,0","0",",,,0","17.03","4,0","26.68","3,,,0","7.38","3,,,0"
"USC00101671","1977-08","43.97775","-113.82913","1908.0","CHILLY BARTON FLAT, ID US","","","7.5","1,0","9",",0","2",",0","0",",0","0",",0","0",",0","0","1,0","3","1,0","0","1,0","25","1,0","0","1,0","","","19770831",",1,0","19770831","+,,0","19770831","+,,0","","","19770808",",,0","19770813",",1,0","-4.4","1,0,31,","0",",,0,31,+","0",",,0,31,+","7.1",",,0,08,","31.7","1,0,13,","","","94.1","1,0","16.5",",,,0","0",",,,0","15.45","1,0","25.63","1,,,0","5.26","1,,,0"
"USC00101671","1977-09","43.97775","-113.82913","1908.0","CHILLY BARTON FLAT, ID US","","","0.0","2,0","9","2,0","3","2,0","0","2,0","0",",0","0",",0","0","1,0","18","1,0","0","2,0","17","2,0","0","2,0","","","19770922",",1,0","19770930","+,,0","19770930","+,,0","","","19770917",",2,0","19770906","+,2,0","-6.7","1,0,22,","0",",,0,30,+","0",",,0,30,+","3.6","2,,0,17,","31.1","2,0,06,+","","","223.0","2,0","20.1",",a,,0","20",",a,,0","10.46","2,0","21.59","2,,,0","-0.67","1,,,0"
"USC00101671","1977-11","43.97775","-113.82913","1908.0","CHILLY BARTON FLAT, ID US","","","0.0",",0","6",",0","2",",0","0",",0","","","1","4,0","4",",0","28",",0","7",",0","0",",0","0",",0","","","19771121",",,0","","","19771129",",4,0","","","19771125",",,0","19771103",",,0","-22.2",",0,21,","","","25","4,,0,29,","8.9",",,0,25,","12.2",",0,03,","","","628.3",",0","17.1",",,,0","25","4,,,0","-2.61",",0","3.79",",,,0","-9.02",",,,0"
"USC00101671","1977-12","43.97775","-113.82913","1908.0","CHILLY BARTON FLAT, ID US","","","0.0",",0","7",",0","1",",0","0",",0","","","4",",0","7",",0","31",",0","20",",0","0",",0","0",",0","","","19771220",",,0","","","19771230","+,,0","","","19771215",",,0","19771203",",,0","-26.1",",0,20,","","","51",",,0,30,+","6.6",",,0,15,","6.1",",0,03,","","","772.3",",0","14.3",",,,0","204",",,,0","-6.58",",0","-1.09",",,,0","-12.07",",,,0"
"USC00101671","1978-01","43.97775","-113.82913","1908.0","CHILLY BARTON FLAT, ID US","0.0","0","0.0","1,0","4",",0","0",",0","0",",0","","","3","1,0","4","1,0","30","1,0","18","1,0","0","1,0","0","1,0","","","19780102",",1,0","","","19780129","+,1,0","","","19780116",",,0","19780112","+,1,0","-31.1","1,0,02,","","","76","1,,0,29,+","2.3",",,0,16,","4.4","1,0,12,+","","","758.1","1,0","6.9",",,,0","203","1,,,0","-6.94","1,0","-0.74","1,,,0","-13.13","1,,,0"
"USC00101671","1978-02","43.97775","-113.82913","1908.0","CHILLY BARTON FLAT, ID US","0.0","0","0.0","2,0","5",",0","0",",0","0",",0","","","0","3,0","3","1,0","27","1,0","12","1,0","0","1,0","0","1,0","","","19780217",",1,0","","","19780227",",3,0","","","19780210",",,0","19780220",",1,0","-21.7","1,0,17,","","","13","3,,0,27,","2.0",",,0,10,","7.2","1,0,20,","","","625.4","1,0","4.6",",,,0","13","3,,,0","-5.62","2,0","1.13","1,,,0","-12.37","1,,,0"
"USC00101671","1978-03","43.97775","-113.82913","1908.0","CHILLY BARTON FLAT, ID US","0.0","0","0.0","1,0","1",",0","0",",0","0",",0","","","0",",0","3","1,0","27","1,0","1",",0","0",",0","0",",0","","","19780303","+,1,0","","","19780331","+,,0","","","19780305",",,0","19780329",",,0","-18.9","1,0,03,+","","","0",",,0,31,+","0.3",",,0,05,","16.7",",0,29,","","","540.1",",0","0.3",",,,0","0",",,,0","0.24","1,0","7.27",",,,0","-6.78","1,,,0"
"USC00101671","1978-04","43.97775","-113.82913","1908.0","CHILLY BARTON FLAT, ID US","0.0","0","0.0","1,0","9",",0","6",",0","0",",0","0",",0","0",",0","0","1,0","21","1,0","0","1,0","0","1,0","0","1,0","","","19780418",",1,0","19780430","+,,0","19780430","+,,0","","","19780429",",,0","19780410",",1,0","-9.4","1,0,18,","0",",,0,30,+","0",",,0,30,+","6.1",",,0,29,","15.6","1,0,10,","","","429.7","1,0","30.2",",,,0","0",",,,0","3.52","1,0","9.18","1,,,0","-2.14","1,,,0"
"USC00101671","1978-05","43.97775","-113.82913","1908.0","CHILLY BARTON FLAT, ID US","0.0","0","0.0","5,0","9",",0","2",",0","0",",0","0",",0","1",",0","0","4,0","18","4,0","0","4,0","3","4,0","0","4,0","","","19780526",",4,0","19780531","+,,0","19780516",",,0","","","19780516",",,0","19780521",",4,0","-6.7","4,0,26,","0",",,0,31,+","51",",,0,16,","6.4",",,0,16,","21.7","4,0,21,","","","293.4","4,0","14.7",",,,0","51",",,,0","7.09","5,0","14.47","4,,,0","-0.29","4,,,0"
"USC00101671","1978-06","43.97775","-113.82913","1908.0","CHILLY BARTON FLAT, ID US","0.0","0","0.0",",0","8",",0","2",",0","0",",0","0",",0","0",",0","0",",0","6",",0","0",",0","22",",0","0",",0","","","19780601",",,0","19780630","+,,0","19780630","+,,0","","","19780603",",,0","19780630",",,0","-2.8",",0,01,","0",",,0,30,+","0",",,0,30,+","7.4",",,0,03,","26.7",",0,30,","","","180.4",",0","15.9",",,,0","0",",,,0","12.32",",0","21.90",",,,0","2.74",",,,0"
"USC00101671","1978-07","43.97775","-113.82913","1908.0","CHILLY BARTON FLAT, ID US","19.2","0","19.2",",0","6",",0","4",",0","0",",0","0",",0","0",",0","0",",0","0",",0","0",",0","27",",0","2",",0","","","19780706","+,,0","19780731","+,,0","19780731","+,,0","","","19780729",",,0","19780724",",,0","1.7",",0,06,+","0",",,0,31,+","0",",,0,31,+","16.8",",,0,29,","33.3",",0,24,","67.4","0","67.4",",0","35.1",",,,0","0",",,,0","16.78",",0","26.47",",,,0","7.09",",,,0"
"USC00101671","1978-08","43.97775","-113.82913","1908.0","CHILLY BARTON FLAT, ID US","31.2","0","12.0",",0","3",",0","1",",0","0",",0","0",",0","0",",0","0",",0","4",",0","0",",0","27",",0","1",",0","","","19780817",",,0","19780831","+,,0","19780831","+,,0","","","19780816",",,0","19780804",",,0","-2.8",",0,17,","0",",,0,31,+","0",",,0,31,+","2.5",",,0,16,","32.2",",0,04,","176.3","0","108.9",",0","4.8",",,,0","0",",,,0","15.21",",0","25.73",",,,0","4.69",",,,0"
"USC00101671","1978-09","43.97775","-113.82913","1908.0","CHILLY BARTON FLAT, ID US","33.2","0","2.0",",0","8",",0","3",",0","0",",0","1",",0","1",",0","0",",0","13",",0","0",",0","15",",0","0",",0","","","19780920",",,0","19780918",",,0","19780918",",,0","","","19780905",",,0","19780902",",,0","-6.1",",0,20,","25",",,0,18,","152",",,0,18,","20.3",",,0,05,","29.4",",0,02,","414.1","0","237.8",",0","52.9",",,,0","152",",,,0","10.47",",0","19.31",",,,0","1.63",",,,0"
"USC00101671","1978-10","43.97775","-113.82913","1908.0","CHILLY BARTON FLAT, ID US","33.2","0","0.0","1,0","0",",0","0",",0","0",",0","0",",0","0",",0","0","1,0","26","1,0","0","1,0","8","1,0","0","1,0","","","19781030",",1,0","19781031","+,,0","19781031","+,,0","","","19781031","+,,0","19781008","+,1,0","-13.3","1,0,30,","0",",,0,31,+","0",",,0,31,+","0.0",",,0,31,+","22.8","1,0,08,+","756.5","0","342.4","1,0","0.0",",,,0","0",",,,0","6.92","1,0","17.80","1,,,0","-3.96","1,,,0"
"USC00101671","1978-11","43.97775","-113.82913","1908.0","CHILLY BARTON FLAT, ID US","33.2","0","0.0","2,0","5",",0","1",",0","0",",0","0","2,0","0","2,0","1","2,0","28","2,0","4","2,0","0","2,0","0","2,0","","","19781115",",2,0","19781122","+,2,0","19781122","+,2,0","","","19781113",",,0","19781103","+,2,0","-18.3","2,0,15,","0","2,T,0,22,+","0","2,T,0,22,+","2.5",",,0,13,","16.7","2,0,03,+","1346.6","0","590.1","2,0","8.7",",,,0","0","2,T,,0","-2.74","2,0","4.91","2,,,0","-10.39","2,,,0"
"USC00101671","1978-12","43.97775","-113.82913","1908.0","CHILLY BARTON FLAT, ID US","33.2","0","0.0","3,0","4",",0","1",",0","0",",0","","","","","12","2,0","29","2,0","25","1,0","0","1,0","0","1,0","","","19781231","+,2,0","","","","","","","19781209",",,0","19781224",",1,0","-36.7","2,0,31,+","","","","","4.6",",,0,09,","7.2","1,0,24,","2175.7","0","829.1","1,0","9.7",",,,0","","","-11.25","3,0","-4.33","1,,,0","-18.18","2,,,0"
"USC00101671","1979-01","43.97775","-113.82913","1908.0","CHILLY BARTON FLAT, ID US","0.0","0","0.0",",0","8",",0","2",",0","0",",0","","","","","25",",0","31",",0","31",",0","0",",0","0",",0","","","19790131",",,0","","","","","","","19790111",",,0","19790116","+,,0","-35.6",",0,31,","","","","","4.3",",,0,11,","0.0",",0,16,+","3208.9","0","1033.2",",0","14.3",",,,0","","","-15.00",",0","-6.71",",,,0","-23.28",",,,0"
"USC00101671","1979-02","43.97775","-113.82913","1908.0","CHILLY BARTON FLAT, ID US","0.0","0","0.0","1,0","3",",0","0",",0","0",",0","","","","","10",",0","28",",0","7","1,0","0","1,0","0","1,0","","","19790201",",,0","","","","","","","19790215",",,0","19790212",",1,0","-35.6",",0,01,","","","","","1.0",",,0,15,","7.2","1,0,12,","3898.8","0","689.9","1,0","1.8",",,,0","","","-7.20","1,0","1.10","1,,,0","-15.50",",,,0"
"USC00101671","1979-03","43.97775","-113.82913","1908.0","CHILLY BARTON FLAT, ID US","0.0","0","0.0","1,0","4",",0","2",",0","0",",0","","","2","1,0","1","1,0","30","1,0","2","1,0","0","1,0","0","1,0","","","19790303",",1,0","","","19790317",",1,0","","","19790301",",,0","19790324",",1,0","-26.7","1,0,03,","","","76","1,,0,17,","7.1",",,0,01,","13.3","1,0,24,","4495.8","0","597.0","1,0","13.2",",,,0","101","1,,,0","-1.57","1,0","6.27","1,,,0","-9.41","1,,,0"
"USC00101671","1979-04","43.97775","-113.82913","1908.0","CHILLY BARTON FLAT, ID US","0.0","0","0.0","1,0","4",",0","2",",0","0",",0","0",",0","0","1,0","0","1,0","26","1,0","0",",0","0",",0","0",",0","","","19790403",",1,0","19790410","+,,0","19790430","+,1,0","","","19790423",",,0","19790429",",,0","-16.1","1,0,03,","0",",T,0,10,+","0","1,,0,30,+","14.7",",,0,23,","18.3",",0,29,","4943.2","0","447.4",",0","20.1",",,,0","0","1,,,0","2.93","1,0","11.11",",,,0","-5.24","1,,,0"
"USC00101671","1979-05","43.97775","-113.82913","1908.0","CHILLY BARTON FLAT, ID US","0.0","0","0.0","2,0","5",",0","2",",0","0",",0","0",",0","0",",0","0","2,0","17","2,0","0","2,0","14","2,0","0","2,0","","","19790507",",2,0","19790531","+,,0","19790531","+,,0","","","19790508",",,0","19790522",",2,0","-8.3","2,0,07,","0",",,0,31,+","0",",,0,31,+","3.6",",,0,08,","26.7","2,0,22,","5206.4","0","263.2","2,0","7.9",",,,0","0",",,,0","9.26","2,0","18.88","2,,,0","-0.36","2,,,0"
"USC00101671","1979-06","43.97775","-113.82913","1908.0","CHILLY BARTON FLAT, ID US","6.7","0","6.7",",0","6",",0","3",",0","0",",0","0",",0","0",",0","0",",0","6",",0","0",",0","24",",0","1",",0","","","19790608",",,0","19790630","+,,0","19790630","+,,0","","","19790619",",,0","19790629",",,0","-4.4",",0,08,","0",",,0,30,+","0",",,0,30,+","5.1",",,0,19,","32.2",",0,29,","5352.5","0","146.1",",0","14.2",",,,0","0",",,,0","13.69",",0","24.11",",,,0","3.26",",,,0"
"USC00101671","1979-07","43.97775","-113.82913","1908.0","CHILLY BARTON FLAT, ID US","17.0","0","10.3","1,0","2",",0","1",",0","0",",0","0",",0","0",",0","0",",0","0",",0","0","1,0","30","1,0","3","1,0","","","19790702","+,,0","19790731","+,,0","19790731","+,,0","","","19790722",",,0","19790716",",1,0","0.6",",0,02,+","0",",,0,31,+","0",",,0,31,+","6.6",",,0,22,","33.3","1,0,16,","45.2","0","45.2","1,0","7.1",",,,0","0",",,,0","17.26","1,0","28.52","1,,,0","6.01",",,,0"
"USC00101671","1979-08","43.97775","-113.82913","1908.0","CHILLY BARTON FLAT, ID US","22.0","0","5.0","1,0","10",",0","2",",0","0",",0","0",",0","0",",0","0","1,0","0","1,0","0","1,0","26","1,0","3","1,0","","","19790831","+,1,0","19790831","+,,0","19790831","+,,0","","","19790813",",,0","19790806",",1,0","2.8","1,0,31,+","0",",,0,31,+","0",",,0,31,+","6.9",",,0,13,","32.8","1,0,06,","135.9","0","90.7","1,0","21.5",",,,0","0",",,,0","15.48","1,0","25.39","1,,,0","5.57","1,,,0"
"USC00101671","1979-09","43.97775","-113.82913","1908.0","CHILLY BARTON FLAT, ID US","22.0","0","0.0",",0","1",",0","0",",0","0",",0","0",",0","0",",0","0",",0","14",",0","0",",0","27",",0","0",",0","","","19790927","+,,0","19790930","+,,0","19790930","+,,0","","","19790926",",,0","19790907",",,0","-2.8",",0,27,+","0",",,0,30,+","0",",,0,30,+","0.8",",,0,26,","30.6",",0,07,","299.3","0","163.4",",0","0.8",",,,0","0",",,,0","12.89",",0","25.15",",,,0","0.62",",,,0"
"USC00101671","1979-10","43.97775","-113.82913","1908.0","CHILLY BARTON FLAT, ID US","22.0","0","0.0","3,0","5",",0","1",",0","0",",0","0",",0","0",",0","0","2,0","24","2,0","0","2,0","13","2,0","0","2,0","","","19791030",",2,0","19791031","+,,0","19791031","+,,0","","","19791015",",,0","19791007","+,2,0","-13.3","2,0,30,","0",",,0,31,+","0",",,0,31,+","2.5",",,0,15,","26.1","2,0,07,+","602.8","0","303.5","2,0","6.6",",,,0","0",",,,0","7.28","3,0","17.44","2,,,0","-2.87","2,,,0"
"USC00101671","1979-11","43.97775","-113.82913","1908.0","CHILLY BARTON FLAT, ID US","22.0","0","0.0","1,0","7",",0","2",",0","0",",0","","","","","6",",0","29",",0","7","1,0","0","1,0","0","1,0","","","19791129",",,0","","","","","","","19791123",",,0","19791115",",1,0","-28.3",",0,29,","","","","","4.6",",,0,23,","10.0","1,0,15,","1258.6","0","655.8","1,0","10.9",",,,0","","","-4.34","1,0","3.98","1,,,0","-12.66",",,,0"
"USC00101671","1979-12","43.97775","-113.82913","1908.0","CHILLY BARTON FLAT, ID US","22.0","0","0.0",",0","3",",0","0",",0","0",",0","","","","","8",",0","31",",0","13",",0","0",",0","0",",0","","","19791223",",,0","","","","","","","19791224",",,0","19791204",",,0","-22.8",",0,23,","","","","","1.5",",,0,24,","10.0",",0,04,","2004.1","0","745.5",",0","2.5",",,,0","","","-5.72",",0","1.86",",,,0","-13.30",",,,0"
"USC00101671","1980-01","43.97775","-113.82913","1908.0","CHILLY BARTON FLAT, ID US","0.0","0","0.0","3,0","8",",0","3",",0","0",",0","","","1","3,0","14","1,0","30","1,0","17","2,0","0","2,0","0","2,0","","","19800128",",1,0","","","19800127",",3,0","","","19800112",",,0","19800114",",2,0","-35.6","1,0,28,","","","25","3,,0,27,","11.7",",,0,12,","6.1","2,0,14,","2758.2","0","754.1","2,0","21.2",",,,0","25","3,,,0","-9.26","3,0","-2.05","2,,,0","-16.48","1,,,0"
"USC00101671","1980-02","43.97775","-113.82913","1908.0","CHILLY BARTON FLAT, ID US","0.0","0","0.0","1,0","4",",0","0",",0","0",",0","","","1","2,0","6","1,0","28","1,0","7","1,0","0","1,0","0","1,0","","","19800212","+,1,0","","","19800218",",2,0","","","19800218","+,,0","19800227","+,1,0","-22.2","1,0,12,+","","","25","2,,0,18,","0.8",",,0,18,+","7.2","1,0,27,+","3383.2","0","625.0","1,0","2.2",",,,0","25","2,,,0","-3.99","1,0","2.80","1,,,0","-10.78","1,,,0"
"USC00101671","1980-03","43.97775","-113.82913","1908.0","CHILLY BARTON FLAT, ID US","0.0","0","0.0",",0","7",",0","2",",0","0",",0","","","1",",0","0",",0","31",",0","2",",0","0",",0","0",",0","","","19800317",",,0","","","19800327",",,0","","","19800327",",,0","19800310",",,0","-16.1",",0,17,","","","76",",,0,27,","4.3",",,0,27,","9.4",",0,10,","4021.9","0","638.7",",0","11.2",",,,0","76",",,,0","-2.27",",0","3.91",",,,0","-8.45",",,,0"
"USC00101671","1980-04","43.97775","-113.82913","1908.0","CHILLY BARTON FLAT, ID US","0.0","0","0.0",",0","4",",0","3",",0","0",",0","0",",0","0",",0","0",",0","22",",0","0",",0","2",",0","0",",0","","","19800402",",,0","19800430","+,,0","19800430","+,,0","","","19800424",",,0","19800420",",,0","-8.3",",0,02,","0",",,0,30,+","0",",,0,30,+","8.1",",,0,24,","21.7",",0,20,","4402.2","0","380.3",",0","15.2",",,,0","0",",,,0","5.66",",0","13.48",",,,0","-2.17",",,,0"
"USC00101671","1980-05","43.97775","-113.82913","1908.0","CHILLY BARTON FLAT, ID US","0.0","0","0.0",",0","23",",0","7",",0","0",",0","0",",0","0",",0","0",",0","7",",0","0",",0","7",",0","0",",0","","","19800513",",,0","19800531","+,,0","19800531","+,,0","","","19800525",",,0","19800521",",,0","-1.7",",0,13,","0",",,0,31,+","0",",,0,31,+","9.4",",,0,25,","25.0",",0,21,","4696.2","0","294.0",",0","56.6",",,,0","0",",,,0","8.85",",0","15.42",",,,0","2.28",",,,0"
"USC00101671","1980-06","43.97775","-113.82913","1908.0","CHILLY BARTON FLAT, ID US","0.0","0","0.0",",0","10",",0","1",",0","0",",0","0",",0","0",",0","0",",0","7",",0","0",",0","19",",0","0",",0","","","19800613",",,0","19800630","+,,0","19800630","+,,0","","","19800619",",,0","19800621",",,0","-2.2",",0,13,","0",",,0,30,+","0",",,0,30,+","9.9",",,0,19,","27.2",",0,21,","4875.9","0","179.7",",0","19.9",",,,0","0",",,,0","12.34",",0","21.18",",,,0","3.50",",,,0"
"USC00101671","1980-07","43.97775","-113.82913","1908.0","CHILLY BARTON FLAT, ID US","16.0","0","16.0","2,0","5",",0","1",",0","0",",0","0",",0","0",",0","0","2,0","0","2,0","0","1,0","28","1,0","2","1,0","","","19800706",",2,0","19800731","+,,0","19800731","+,,0","","","19800731",",,0","19800723",",1,0","1.7","2,0,06,","0",",,0,31,+","0",",,0,31,+","2.5",",,0,31,","34.4","1,0,23,","57.7","0","57.7","1,0","7.9",",,,0","0",",,,0","16.92","2,0","27.33","1,,,0","6.51","2,,,0"
"USC00101671","1980-08","43.97775","-113.82913","1908.0","CHILLY BARTON FLAT, ID US","16.3","0","0.3",",0","9",",0","4",",0","0",",0","0",",0","0",",0","0",",0","1",",0","0",",0","27",",0","0",",0","","","19800828",",,0","19800831","+,,0","19800831","+,,0","","","19800815",",,0","19800812","+,,0","0.0",",0,28,","0",",,0,31,+","0",",,0,31,+","16.5",",,0,15,","30.6",",0,12,+","160.4","0","102.7",",0","39.9",",,,0","0",",,,0","15.03",",0","24.81",",,,0","5.25",",,,0"
"USC00101671","1980-09","43.97775","-113.82913","1908.0","CHILLY BARTON FLAT, ID US","16.3","0","0.0","1,0","7","2,0","6","2,0","1","2,0","0",",0","0",",0","0","1,0","10","1,0","0","1,0","18","1,0","0","1,0","","","19800922",",1,0","19800930","+,,0","19800930","+,,0","","","19800911",",2,0","19800906",",1,0","-5.0","1,0,22,","0",",,0,30,+","0",",,0,30,+","31.5","2,,0,11,","27.8","1,0,06,","352.0","0","191.6","1,0","101.8",",a,,0","0",",,,0","11.73","1,0","21.27","1,,,0","2.19","1,,,0"
"USC00101671","1980-10","43.97775","-113.82913","1908.0","CHILLY BARTON FLAT, ID US","16.3","0","0.0",",0","4",",0","1",",0","0",",0","0",",0","0",",0","0",",0","29",",0","0",",0","10",",0","0",",0","","","19801029","+,,0","19801031","+,,0","19801031","+,,0","","","19801014",",,0","19801004",",,0","-12.8",",0,29,+","0",",,0,31,+","0",",,0,31,+","2.8",",,0,14,","26.1",",0,04,","749.0","0","397.0",",0","7.2",",,,0","0",",,,0","5.53",",0","15.47",",,,0","-4.41",",,,0"
"USC00101671","1980-11","43.97775","-113.82913","1908.0","CHILLY BARTON FLAT, ID US","16.3","0","0.0",",0","5",",0","2",",0","0",",0","","","","","1",",0","29",",0","2",",0","0",",0","0",",0","","","19801126",",,0","","","","","","","19801108",",,0","19801104",",,0","-17.8",",0,26,","","","","","11.9",",,0,08,","17.8",",0,04,","1328.5","0","579.5",",0","20.2",",,,0","","","-0.98",",0","6.65",",,,0","-8.61",",,,0"
"USC00101671","1980-12","43.97775","-113.82913","1908.0","CHILLY BARTON FLAT, ID US","16.3","0","0.0","3,0","4",",0","1",",0","0",",0","","","","","5","3,0","27","3,0","7",",0","0",",0","0",",0","","","19801210",",3,0","","","","","","","19801202",",,0","19801226","+,,0","-22.2","3,0,10,","","","","","5.8",",,0,02,","11.7",",0,26,+","1920.9","0","592.4",",0","7.6",",,,0","","","-3.00","3,0","3.36",",,,0","-9.37","3,,,0"
"USC00101671","1981-01","43.97775","-113.82913","1908.0","CHILLY BARTON FLAT, ID US","0.0","0","0.0",",0","4",",0","1",",0","0",",0","","","","","0",",0","31",",0","7",",0","0",",0","0",",0","","","19810127",",,0","","","","","","","19810130",",,0","19810120","+,,0","-16.7",",0,27,","","","","","7.6",",,0,30,","8.3",",0,20,+","2617.5","0","696.6",",0","10.4",",,,0","","","-4.14",",0","3.15",",,,0","-11.43",",,,0"
"USC00101671","1981-02","43.97775","-113.82913","1908.0","CHILLY BARTON FLAT, ID US","0.0","0","0.0",",0","6",",0","3",",0","0",",0","","","","","8",",0","28",",0","6",",0","0",",0","0",",0","","","19810211",",,0","","","","","","","19810214",",,0","19810219",",,0","-26.1",",0,11,","","","","","4.3",",,0,14,","10.0",",0,19,","3257.2","0","639.7",",0","12.0",",,,0","","","-4.51",",0","3.48",",,,0","-12.50",",,,0"
"USC00101671","1981-03","43.97775","-113.82913","1908.0","CHILLY BARTON FLAT, ID US","0.0","0","0.0",",0","6",",0","2",",0","0",",0","0",",0","0",",0","0",",0","31",",0","0",",0","0",",0","0",",0","","","19810301",",,0","19810331","+,,0","19810331","+,,0","","","19810326",",,0","19810312","+,,0","-11.1",",0,01,","0",",,0,31,+","0",",,0,31,+","6.4",",,0,26,","12.2",",0,12,+","3785.6","0","528.4",",0","14.6",",,,0","0",",,,0","1.29",",0","7.77",",,,0","-5.19",",,,0"
"USC00101671","1981-04","43.97775","-113.82913","1908.0","CHILLY BARTON FLAT, ID US","0.0","0","0.0",",0","5",",0","2",",0","0",",0","0",",0","0",",0","0",",0","21",",0","0",",0","1",",0","0",",0","","","19810410",",,0","19810430","+,,0","19810430","+,,0","","","19810420",",,0","19810430",",,0","-11.7",",0,10,","0",",,0,30,+","0",",,0,30,+","13.0",",,0,20,","23.3",",0,30,","4180.3","0","394.7",",0","23.1",",,,0","0",",,,0","5.18",",0","12.63",",,,0","-2.28",",,,0"
"USC00101671","1981-05","43.97775","-113.82913","1908.0","CHILLY BARTON FLAT, ID US","0.0","0","0.0",",0","14",",0","5",",0","0",",0","0",",0","0",",0","0",",0","15",",0","0",",0","7",",0","0",",0","","","19810509",",,0","19810531","+,,0","19810531","+,,0","","","19810511",",,0","19810501",",,0","-5.0",",0,09,","0",",,0,31,+","0",",,0,31,+","7.6",",,0,11,","24.4",",0,01,","4490.9","0","310.6",",0","35.3",",,,0","0",",,,0","8.31",",0","15.68",",,,0","0.95",",,,0"
"USC00101671","1981-06","43.97775","-113.82913","1908.0","CHILLY BARTON FLAT, ID US","3.9","0","3.9",",0","7",",0","4",",0","0",",0","0",",0","0",",0","0",",0","3",",0","0",",0","16",",0","0",",0","","","19810614",",,0","19810630","+,,0","19810630","+,,0","","","19810602",",,0","19810626",",,0","-2.2",",0,14,","0",",,0,30,+","0",",,0,30,+","6.4",",,0,02,","31.7",",0,26,","4646.3","0","155.4",",0","19.9",",,,0","0",",,,0","13.28",",0","21.88",",,,0","4.68",",,,0"
"USC00101671","1981-07","43.97775","-113.82913","1908.0","CHILLY BARTON FLAT, ID US","19.5","0","15.6",",0","4",",0","3",",0","0",",0","0",",0","0",",0","0",",0","1",",0","0",",0","31",",0","2",",0","","","19810708",",,0","19810731","+,,0","19810731","+,,0","","","19810706",",,0","19810705",",,0","-3.9",",0,08,","0",",,0,31,+","0",",,0,31,+","5.1",",,0,06,","32.8",",0,05,","53.6","0","53.6",",0","12.6",",,,0","0",",,,0","17.11",",0","28.26",",,,0","5.96",",,,0"
"USC00101671","1981-08","43.97775","-113.82913","1908.0","CHILLY BARTON FLAT, ID US","33.5","0","14.0",",0","4",",0","0",",0","0",",0","0",",0","0",",0","0",",0","1",",0","0",",0","31",",0","1",",0","","","19810831",",,0","19810831","+,,0","19810831","+,,0","","","19810814",",,0","19810807",",,0","0.0",",0,31,","0",",,0,31,+","0",",,0,31,+","2.3",",,0,14,","32.2",",0,07,","84.8","0","31.2",",0","3.8",",,,0","0",",,,0","17.78",",0","29.60",",,,0","5.95",",,,0"
"USC00101671","1981-09","43.97775","-113.82913","1908.0","CHILLY BARTON FLAT, ID US","33.5","0","0.0",",0","2",",0","2",",0","0",",0","0",",0","0",",0","0",",0","10",",0","0",",0","20",",0","0",",0","","","19810923","+,,0","19810930","+,,0","19810930","+,,0","","","19810929",",,0","19810915",",,0","-6.1",",0,23,+","0",",,0,30,+","0",",,0,30,+","6.4",",,0,29,","27.8",",0,15,","282.8","0","198.0",",0","12.5",",,,0","0",",,,0","11.73",",0","22.68",",,,0","0.78",",,,0"
"USC00101671","1981-10","43.97775","-113.82913","1908.0","CHILLY BARTON FLAT, ID US","33.5","0","0.0",",0","4",",0","2",",0","0",",0","0",",0","0",",0","0",",0","27",",0","0",",0","0",",0","0",",0","","","19811005",",,0","19811031","+,,0","19811031","+,,0","","","19811012",",,0","19811019",",,0","-9.4",",0,05,","0",",,0,31,+","0",",,0,31,+","11.7",",,0,12,","19.4",",0,19,","709.1","0","426.3",",0","16.0",",,,0","0",",,,0","4.58",",0","12.69",",,,0","-3.53",",,,0"
"USC00101671","1981-11","43.97775","-113.82913","1908.0","CHILLY BARTON FLAT, ID US","33.5","0","0.0",",0","11",",0","2",",0","0",",0","0",",0","0",",0","3",",0","27",",0","5",",0","0",",0","0",",0","","","19811129",",,0","19811130","+,,0","19811130","+,,0","","","19811115",",,0","19811102",",,0","-23.9",",0,29,","0",",,0,30,+","0",",,0,30,+","4.6",",,0,15,","17.8",",0,02,","1280.4","0","571.3",",0","16.0",",,,0","0",",,,0","-0.71",",0","6.72",",,,0","-8.14",",,,0"
"USC00101671","1981-12","43.97775","-113.82913","1908.0","CHILLY BARTON FLAT, ID US","33.5","0","0.0",",0","8",",0","3",",0","0",",0","","","","","10",",0","31",",0","14",",0","0",",0","0",",0","","","19811229",",,0","","","","","","","19811220",",,0","19811206",",,0","-28.3",",0,29,","","","","","3.0",",,0,20,","10.0",",0,06,","2056.7","0","776.3",",0","12.7",",,,0","","","-6.71",",0","-0.12",",,,0","-13.29",",,,0"
"USC00101671","1982-01","43.97775","-113.82913","1908.0","CHILLY BARTON FLAT, ID US","0.0","0","0.0",",0","6",",0","2",",0","0",",0","","","","","15",",0","31",",0","19",",0","0",",0","0",",0","","","19820120",",,0","","","","","","","19820121",",,0","19820124",",,0","-28.3",",0,20,","","","","","3.8",",,0,21,","5.6",",0,24,","2926.6","0","869.9",",0","11.0",",,,0","","","-9.73",",0","-2.02",",,,0","-17.43",",,,0"
"USC00101671","1982-02","43.97775","-113.82913","1908.0","CHILLY BARTON FLAT, ID US","0.0","0","0.0",",0","9",",0","0",",0","0",",0","","","","","12",",0","28",",0","14",",0","0",",0","0",",0","","","19820206","+,,0","","","","","","","19820221",",,0","19820220","+,,0","-34.4",",0,06,+","","","","","2.3",",,0,21,","8.3",",0,20,+","3681.7","0","755.1",",0","7.4",",,,0","","","-8.64",",0","-0.73",",,,0","-16.55",",,,0"
"USC00101671","1982-03","43.97775","-113.82913","1908.0","CHILLY BARTON FLAT, ID US","0.0","0","0.0","1,0","9",",0","3",",0","0",",0","","","","","0",",0","30",",0","1","1,0","0","1,0","0","1,0","","","19820317","+,,0","","","","","","","19820318",",,0","19820310",",1,0","-12.2",",0,17,+","","","","","11.4",",,0,18,","9.4","1,0,10,","4271.6","0","589.9","1,0","25.9",",,,0","","","-1.36","1,0","4.48","1,,,0","-7.20",",,,0"
"USC00101671","1982-04","43.97775","-113.82913","1908.0","CHILLY BARTON FLAT, ID US","0.0","0","0.0",",0","8",",0","2",",0","0",",0","","","","","0",",0","30",",0","2",",0","0",",0","0",",0","","","19820405",",,0","","","","","","","19820411",",,0","19820423",",,0","-15.6",",0,05,","","","","","4.1",",,0,11,","17.8",",0,23,","4806.7","0","535.1",",0","13.6",",,,0","","","0.50",",0","8.26",",,,0","-7.27",",,,0"
"USC00101671","1982-05","43.97775","-113.82913","1908.0","CHILLY BARTON FLAT, ID US","0.0","0","0.0","1,0","9",",0","3",",0","0",",0","0",",0","0",",0","0",",0","21",",0","0","1,0","2","1,0","0","1,0","","","19820505",",,0","19820531","+,,0","19820531","+,,0","","","19820528",",,0","19820526","+,1,0","-8.9",",0,05,","0",",,0,31,+","0",",,0,31,+","3.3",",,0,28,","26.7","1,0,26,+","5117.3","0","310.6","1,0","14.0",",,,0","0",",,,0","7.91","1,0","16.98","1,,,0","-1.15",",,,0"
"USC00101671","1982-06","43.97775","-113.82913","1908.0","CHILLY BARTON FLAT, ID US","0.0","0","0.0",",0","17",",0","9",",0","0",",0","0",",0","0",",0","0",",0","6",",0","0",",0","20",",0","0",",0","","","19820609",",,0","19820630","+,,0","19820630","+,,0","","","19820622",",,0","19820630","+,,0","-2.2",",0,09,","0",",,0,30,+","0",",,0,30,+","15.2",",,0,22,","26.1",",0,30,+","5297.6","0","180.3",",0","69.7",",,,0","0",",,,0","12.32",",0","20.63",",,,0","4.01",",,,0"
"USC00101671","1982-07","43.97775","-113.82913","1908.0","CHILLY BARTON FLAT, ID US","13.8","0","13.8",",0","11",",0","7",",0","0",",0","0",",0","0",",0","0",",0","0",",0","0",",0","28",",0","0",",0","","","19820706",",,0","19820731","+,,0","19820731","+,,0","","","19820703",",,0","19820722","+,,0","1.1",",0,06,","0",",,0,31,+","0",",,0,31,+","7.9",",,0,03,","31.7",",0,22,+","74.8","0","74.8",",0","37.8",",,,0","0",",,,0","16.36",",0","25.77",",,,0","6.95",",,,0"
"USC00101671","1982-08","43.97775","-113.82913","1908.0","CHILLY BARTON FLAT, ID US","27.7","0","13.9",",0","7",",0","1",",0","0",",0","0",",0","0",",0","0",",0","0",",0","0",",0","31",",0","0",",0","","","19820831",",,0","19820831","+,,0","19820831","+,,0","","","19820818",",,0","19820807",",,0","1.7",",0,31,","0",",,0,31,+","0",",,0,31,+","10.2",",,0,18,","31.7",",0,07,","112.7","0","37.9",",0","14.1",",,,0","0",",,,0","17.56",",0","28.27",",,,0","6.85",",,,0"
"USC00101671","1982-09","43.97775","-113.82913","1908.0","CHILLY BARTON FLAT, ID US","27.7","0","0.0","2,0","6",",0","4",",0","1",",0","","","0","2,0","0","2,0","10","2,0","0","2,0","13","2,0","0","2,0","","","19820915",",2,0","","","19820930","+,2,0","","","19820920",",,0","19820909",",2,0","-4.4","2,0,15,","","","0","2,,0,30,+","26.2",",,0,20,","28.3","2,0,09,","343.5","0","230.8","2,0","44.7",",,,0","0","2,,,0","10.09","2,0","19.48","2,,,0","0.70","2,,,0"
"USC00101671","1982-10","43.97775","-113.82913","1908.0","CHILLY BARTON FLAT, ID US","27.7","0","0.0","3,0","11",",0","3",",0","0",",0","0",",0","0",",0","0",",0","27",",0","0","3,0","1","3,0","0","3,0","","","19821020",",,0","19821031","+,,0","19821031","+,,0","","","19821026",",,0","19821012",",3,0","-12.8",",0,20,","0",",,0,31,+","0",",,0,31,+","7.6",",,0,26,","21.1","3,0,12,","721.8","0","378.3","3,0","24.0",",,,0","0",",,,0","4.67","3,0","12.44","3,,,0","-3.10",",,,0"
"USC00101671","1982-11","43.97775","-113.82913","1908.0","CHILLY BARTON FLAT, ID US","27.7","0","0.0","2,0","9","1,0","2","1,0","0","1,0","0",",0","0",",0","11","2,0","28","2,0","7","1,0","0","1,0","0","1,0","","","19821124",",2,0","19821130","+,,0","19821130","+,,0","","","19821109",",1,0","19821105",",1,0","-24.4","2,0,24,","0",",,0,30,+","0",",,0,30,+","3.6","1,,0,09,","9.4","1,0,05,","1400.5","0","678.7","1,0","11.3","1,,,0","0",",,,0","-5.90","2,0","2.17","1,,,0","-13.98","2,,,0"
"USC00101671","1982-12","43.97775","-113.82913","1908.0","CHILLY BARTON FLAT, ID US","27.7","0","0.0",",0","11",",0","2",",0","0",",0","","","","","13",",0","31",",0","20",",0","0",",0","0",",0","","","19821229",",,0","","","","","","","19821207",",,0","19821216",",,0","-27.2",",0,29,","","","","","6.1",",,0,07,","6.7",",0,16,","2233.7","0","833.2",",0","14.3",",,,0","","","-8.54",",0","-1.88",",,,0","-15.21",",,,0"
"USC00101671","1983-01","43.97775","-113.82913","1908.0","CHILLY BARTON FLAT, ID US","0.0","0","0.0",",0","6",",0","0",",0","0",",0","","","","","9",",0","31",",0","12",",0","0",",0","0",",0","","","19830102",",,0","","","","","","","19830117",",,0","19830106","+,,0","-25.6",",0,02,","","","","","1.5",",,0,17,","6.7",",0,06,+","2989.1","0","755.4",",0","4.9",",,,0","","","-6.03",",0","0.83",",,,0","-12.89",",,,0"
"USC00101671","1983-02","43.97775","-113.82913","1908.0","CHILLY BARTON FLAT, ID US","0.0","0","0.0","1,0","10",",0","1",",0","0",",0","","","","","6",",0","27",",0","7","1,0","0","1,0","0","1,0","","","19830206","+,,0","","","","","","","19830213",",,0","19830228",",1,0","-28.3",",0,06,+","","","","","3.0",",,0,13,","7.8","1,0,28,","3661.4","0","672.3","1,0","10.1",",,,0","","","-6.29","1,0","1.35","1,,,0","-13.93",",,,0"
"USC00101671","1983-03","43.97775","-113.82913","1908.0","CHILLY BARTON FLAT, ID US","0.0","0","0.0","1,0","11",",0","4",",0","0",",0","","","","","0",",0","30",",0","0","1,0","0","1,0","0","1,0","","","19830320",",,0","","","","","","","19830311",",,0","19830310",",1,0","-17.2",",0,20,","","","","","8.4",",,0,11,","10.0","1,0,10,","4238.4","0","577.0","1,0","27.3",",,,0","","","-0.86","1,0","4.96","1,,,0","-6.68",",,,0"
"USC00101671","1983-04","43.97775","-113.82913","1908.0","CHILLY BARTON FLAT, ID US","0.0","0","0.0","1,0","4",",0","0",",0","0",",0","0",",0","0",",0","0",",0","27",",0","0","1,0","0","1,0","0","1,0","","","19830406",",,0","19830430","+,,0","19830430","+,,0","","","19830430",",,0","19830422",",1,0","-12.8",",0,06,","0",",,0,30,+","0",",,0,30,+","1.8",",,0,30,","15.6","1,0,22,","4724.4","0","486.0","1,0","3.9",",,,0","0",",,,0","1.67","1,0","9.06","1,,,0","-5.71",",,,0"
"USC00101671","1983-05","43.97775","-113.82913","1908.0","CHILLY BARTON FLAT, ID US","0.0","0","0.0","1,0","5",",0","1",",0","0",",0","0",",0","0",",0","0","1,0","19","1,0","0",",0","9",",0","0",",0","","","19830510",",1,0","19830531","+,,0","19830502",",,0","","","19830502",",,0","19830529",",,0","-8.9","1,0,10,","0",",,0,31,+","0",",T,0,02,","12.7",",,0,02,","29.4",",0,29,","5040.7","0","316.3",",0","17.8",",,,0","0",",T,,0","7.73","1,0","16.55",",,,0","-1.10","1,,,0"
"USC00101671","1983-06","43.97775","-113.82913","1908.0","CHILLY BARTON FLAT, ID US","0.0","0","0.0",",0","10",",0","2",",0","0",",0","0",",0","0",",0","0",",0","8",",0","0",",0","20",",0","0",",0","","","19830619",",,0","19830630","+,,0","19830630","+,,0","","","19830627",",,0","19830626",",,0","-2.8",",0,19,","0",",,0,30,+","0",",,0,30,+","6.1",",,0,27,","26.1",",0,26,","5224.1","0","183.4",",0","17.6",",,,0","0",",,,0","12.22",",0","21.51",",,,0","2.92",",,,0"
"USC00101671","1983-07","43.97775","-113.82913","1908.0","CHILLY BARTON FLAT, ID US","","","","","10",",0","5",",0","0",",0","0",",0","0",",0","0",",0","3",",0","","","","","","","","","19830716","+,,0","19830731","+,,0","19830731","+,,0","","","19830710",",,0","","","0.0",",0,16,+","0",",,0,31,+","0",",,0,31,+","10.4",",,0,10,","","","","","","","34.8",",,,0","0",",,,0","","","","","6.58",",,,0"
"USC00101671","1983-08","43.97775","-113.82913","1908.0","CHILLY BARTON FLAT, ID US","","","","","10",",0","6",",0","1",",0","0",",0","0",",0","0",",0","0",",0","","","","","","","","","19830829","+,,0","19830831","+,,0","19830831","+,,0","","","19830822",",,0","","","4.4",",0,29,+","0",",,0,31,+","0",",,0,31,+","27.4",",,0,22,","","","","","","","52.8",",,,0","0",",,,0","","","","","8.60",",,,0"
"USC00101671","1983-09","43.97775","-113.82913","1908.0","CHILLY BARTON FLAT, ID US","","","1.4","1,0","5",",0","2",",0","0",",0","0",",0","0",",0","0",",0","5",",0","0","1,0","23","1,0","0","1,0","","","19830920",",,0","19830930","+,,0","19830930","+,,0","","","19830930",",,0","19830907","+,1,0","-9.4",",0,20,","0",",,0,30,+","0",",,0,30,+","8.4",",,0,30,","27.8","1,0,07,+","","","173.1","1,0","15.5",",,,0","0",",,,0","12.52","1,0","22.05","1,,,0","2.98",",,,0"
"USC00101671","1983-10","43.97775","-113.82913","1908.0","CHILLY BARTON FLAT, ID US","","","0.0","3,0","6",",0","2",",0","0",",0","0",",0","0",",0","0",",0","20",",0","0","3,0","2","3,0","0","3,0","","","19831024",",,0","19831031","+,,0","19831031","+,,0","","","19831009",",,0","19831006",",3,0","-7.8",",0,24,","0",",,0,31,+","0",",,0,31,+","15.5",",,0,09,","22.2","3,0,06,","","","333.1","3,0","20.7",",,,0","0",",,,0","6.56","3,0","14.44","3,,,0","-1.31",",,,0"
"USC00101671","1983-11","43.97775","-113.82913","1908.0","CHILLY BARTON FLAT, ID US","","","0.0","1,0","12",",0","4",",0","0",",0","0","4,0","0","2,0","2",",0","26",",0","9","1,0","0","1,0","0","1,0","","","19831130",",,0","19831130","+,4,0","19831130","+,2,0","","","19831107",",,0","19831104",",1,0","-26.1",",0,30,","0","4,,0,30,+","0","2,,0,30,+","5.6",",,0,07,","14.4","1,0,04,","","","602.7","1,0","23.5",",,,0","0","2,,,0","-2.34","1,0","2.91","1,,,0","-7.59",",,,0"
"USC00101671","1983-12","43.97775","-113.82913","1908.0","CHILLY BARTON FLAT, ID US","","","0.0",",0","14",",0","3",",0","0",",0","","","","","17",",0","31",",0","21",",0","0",",0","0",",0","","","19831224","+,,0","","","","","","","19831230",",,0","19831207",",,0","-35.6",",0,24,+","","","","","3.3",",,0,30,","2.2",",0,07,","","","937.1",",0","20.2",",,,0","","","-11.90",",0","-5.23",",,,0","-18.56",",,,0"
"USC00101671","1984-01","43.97775","-113.82913","1908.0","CHILLY BARTON FLAT, ID US","0.0","0","0.0","1,0","5",",0","1",",0","0",",0","","","","","16","1,0","30","1,0","21",",0","0",",0","0",",0","","","19840118",",1,0","","","","","","","19840116",",,0","19840127",",,0","-35.6","1,0,18,","","","","","4.1",",,0,16,","8.9",",0,27,","","","882.1",",0","7.0",",,,0","","","-11.04","1,0","-3.45",",,,0","-18.63","1,,,0"
"USC00101671","1984-02","43.97775","-113.82913","1908.0","CHILLY BARTON FLAT, ID US","0.0","0","0.0","1,0","7",",0","2",",0","0",",0","","","","","15","1,0","28","1,0","18","1,0","0","1,0","0","1,0","","","19840222",",1,0","","","","","","","19840216",",,0","19840203",",1,0","-24.4","1,0,22,","","","","","3.8",",,0,16,","6.1","1,0,03,","","","760.0","1,0","12.5",",,,0","","","-8.81","1,0","-0.16","1,,,0","-17.46","1,,,0"
"USC00101671","1984-03","43.97775","-113.82913","1908.0","CHILLY BARTON FLAT, ID US","0.0","0","0.0","1,0","7",",0","1",",0","0",",0","","","","","1","1,0","30","1,0","2",",0","0",",0","0",",0","","","19840305",",1,0","","","","","","","19840311",",,0","19840309",",,0","-20.0","1,0,05,","","","","","5.1",",,0,11,","11.7",",0,09,","","","627.3",",0","12.3",",,,0","","","-2.54","1,0","4.47",",,,0","-9.55","1,,,0"
"USC00101671","1984-04","43.97775","-113.82913","1908.0","CHILLY BARTON FLAT, ID US","0.0","0","0.0",",0","5",",0","2",",0","0",",0","","","","","0",",0","28",",0","0",",0","0",",0","0",",0","","","19840428",",,0","","","","","","","19840406",",,0","19840416",",,0","-12.2",",0,28,","","","","","6.4",",,0,06,","20.0",",0,16,","","","489.3",",0","13.8",",,,0","","","2.02",",0","8.95",",,,0","-4.91",",,,0"
"USC00101671","1984-05","43.97775","-113.82913","1908.0","CHILLY BARTON FLAT, ID US","0.0","0","0.0",",0","7",",0","3",",0","0",",0","0",",0","0",",0","0",",0","16",",0","0",",0","8",",0","0",",0","","","19840507",",,0","19840531","+,,0","19840531","+,,0","","","19840515",",,0","19840530",",,0","-8.3",",0,07,","0",",,0,31,+","0",",,0,31,+","17.5",",,0,15,","27.8",",0,30,","","","288.4",",0","27.8",",,,0","0",",,,0","9.03",",0","17.26",",,,0","0.80",",,,0"
"USC00101671","1984-06","43.97775","-113.82913","1908.0","CHILLY BARTON FLAT, ID US","4.4","0","4.4",",0","16",",0","6",",0","0",",0","0",",0","0",",0","0",",0","7",",0","0",",0","16",",0","0",",0","","","19840609",",,0","19840630","+,,0","19840630","+,,0","","","19840611",",,0","19840629",",,0","-2.2",",0,09,","0",",,0,30,+","0",",,0,30,+","17.3",",,0,11,","30.6",",0,29,","","","210.7",",0","46.7",",,,0","0",",,,0","11.46",",0","20.26",",,,0","2.66",",,,0"
"USC00101671","1984-07","43.97775","-113.82913","1908.0","CHILLY BARTON FLAT, ID US","16.5","0","12.1","1,0","8",",0","7",",0","0",",0","0",",0","0",",0","0","1,0","0","1,0","0","1,0","27","1,0","0","1,0","","","19840710",",1,0","19840731","+,,0","19840731","+,,0","","","19840723",",,0","19840716",",1,0","2.2","1,0,10,","0",",,0,31,+","0",",,0,31,+","16.3",",,0,23,","31.7","1,0,16,","34.7","0","34.7","1,0","70.0",",,,0","0",",,,0","17.58","1,0","27.27","1,,,0","7.89","1,,,0"
"USC00101671","1984-08","43.97775","-113.82913","1908.0","CHILLY BARTON FLAT, ID US","19.3","0","2.8",",0","14",",0","6",",0","0",",0","0",",0","0",",0","0",",0","0",",0","0",",0","29",",0","0",",0","","","19840822",",,0","19840831","+,,0","19840831","+,,0","","","19840823",",,0","19840811",",,0","3.3",",0,22,","0",",,0,31,+","0",",,0,31,+","11.2",",,0,23,","30.0",",0,11,","87.5","0","52.8",",0","47.6",",,,0","0",",,,0","16.72",",0","25.45",",,,0","7.99",",,,0"
"USC00101671","1984-09","43.97775","-113.82913","1908.0","CHILLY BARTON FLAT, ID US","19.3","0","0.0",",0","4",",0","0",",0","0",",0","0",",0","0",",0","0",",0","11",",0","0",",0","15",",0","0",",0","","","19840925",",,0","19840930","+,,0","19840930","+,,0","","","19840915",",,0","19840918","+,,0","-10.0",",0,25,","0",",,0,30,+","0",",,0,30,+","1.5",",,0,15,","27.8",",0,18,+","332.8","0","245.3",",0","3.6",",,,0","0",",,,0","10.16",",0","20.00",",,,0","0.32",",,,0"
"USC00101671","1984-10","43.97775","-113.82913","1908.0","CHILLY BARTON FLAT, ID US","19.3","0","0.0",",0","7",",0","0",",0","0",",0","0",",0","0",",0","0",",0","26",",0","0",",0","3",",0","0",",0","","","19841030",",,0","19841031","+,,0","19841031","+,,0","","","19841026",",,0","19841007",",,0","-15.6",",0,30,","0",",,0,31,+","0",",,0,31,+","2.3",",,0,26,","22.2",",0,07,","816.4","0","483.6",",0","6.2",",,,0","0",",,,0","2.73",",0","10.75",",,,0","-5.29",",,,0"
"USC00101671","1984-11","43.97775","-113.82913","1908.0","CHILLY BARTON FLAT, ID US","19.3","0","0.0",",0","10",",0","0",",0","0",",0","2",",0","1","1,0","0",",0","30",",0","5",",0","0",",0","0",",0","","","19841115",",,0","19841130","+,,0","19841130",",1,0","","","19841130",",,0","19841124",",,0","-15.6",",0,15,","25",",,0,30,+","25","1,,0,30,","2.0",",,0,30,","8.9",",0,24,","1450.3","0","633.9",",0","9.9",",,,0","25","1,,,0","-2.80",",0","3.26",",,,0","-8.85",",,,0"
"USC00101671","1984-12","43.97775","-113.82913","1908.0","CHILLY BARTON FLAT, ID US","19.3","0","0.0",",0","3",",0","0",",0","0",",0","","","","","16",",0","31",",0","23",",0","0",",0","0",",0","","","19841218",",,0","","","","","","","19841212",",,0","19841230",",,0","-28.3",",0,18,","","","","","2.0",",,0,12,","2.8",",0,30,","2329.5","0","879.2",",0","2.8",",,,0","","","-10.03",",0","-2.17",",,,0","-17.88",",,,0"
"USC00101671","1985-01","43.97775","-113.82913","1908.0","CHILLY BARTON FLAT, ID US","0.0","0","0.0",",0","7",",0","1",",0","0",",0","","","0","2,0","13",",0","31",",0","19",",0","0",",0","0",",0","","","19850130",",,0","","","19850131","+,2,0","","","19850121",",,0","19850119",",,0","-25.6",",0,30,","","","0","2,,0,31,+","10.2",",,0,21,","6.7",",0,19,","3162.0","0","832.5",",0","15.4",",,,0","0","2,,,0","-8.52",",0","-0.21",",,,0","-16.83",",,,0"
"USC00101671","1985-02","43.97775","-113.82913","1908.0","CHILLY BARTON FLAT, ID US","0.0","0","0.0",",0","4",",0","0",",0","0",",0","","","","","16",",0","28",",0","14",",0","0",",0","0",",0","","","19850201",",,0","","","","","","","19850206",",,0","19850217","+,,0","-31.7",",0,01,","","","","","2.3",",,0,06,","5.0",",0,17,+","3971.2","0","809.2",",0","5.4",",,,0","","","-10.57",",0","-1.59",",,,0","-19.54",",,,0"
"USC00101671","1985-03","43.97775","-113.82913","1908.0","CHILLY BARTON FLAT, ID US","0.0","0","0.0",",0","6",",0","1",",0","0",",0","","","","","5",",0","31",",0","7",",0","0",",0","0",",0","1","","19850304",",,0","","","","","","","19850302",",,0","19850320","+,,0","-24.4",",0,04,","","","","","2.5",",,0,02,","10.6",",0,20,+","4666.6","0","695.4",",0","6.9",",,,0","","","-4.10",",0","3.74",",,,0","-11.94",",,,0"
"USC00101671","1985-04","43.97775","-113.82913","1908.0","CHILLY BARTON FLAT, ID US","0.0","0","0.0",",0","4",",0","1",",0","0",",0","0",",0","0",",0","0",",0","25",",0","0",",0","4",",0","0",",0","","","19850421","+,,0","19850430","+,,0","19850422",",,0","","","19850422",",,0","19850414",",,0","-11.1",",0,21,+","0",",,0,30,+","13",",,0,22,","2.8",",,0,22,","23.3",",0,14,","5035.6","0","369.0",",0","4.9",",,,0","13",",,,0","6.03",",0","15.38",",,,0","-3.32",",,,0"
"USC00101671","1985-05","43.97775","-113.82913","1908.0","CHILLY BARTON FLAT, ID US","0.0","0","0.0",",0","12",",0","4",",0","0",",0","0",",0","0",",0","0",",0","13",",0","0",",0","9",",0","0",",0","","","19850503",",,0","19850531","+,,0","19850530",",,0","","","19850528",",,0","19850503","+,,0","-6.7",",0,03,","0",",,0,31,+","0",",T,0,30,","13.0",",,0,28,","23.9",",0,03,+","5312.1","0","276.5",",0","34.6",",,,0","0",",T,,0","9.41",",0","18.56",",,,0","0.26",",,,0"
"USC00101671","1985-06","43.97775","-113.82913","1908.0","CHILLY BARTON FLAT, ID US","7.5","0","7.5",",0","4",",0","1",",0","0",",0","0",",0","0",",0","0",",0","5",",0","0",",0","23",",0","2",",0","","","19850626","+,,0","19850630","+,,0","19850630","+,,0","","","19850625",",,0","19850620","+,,0","-1.7",",0,26,+","0",",,0,30,+","0",",,0,30,+","6.9",",,0,25,","32.2",",0,20,+","5423.5","0","111.4",",0","10.2",",,,0","0",",,,0","14.87",",0","24.94",",,,0","4.79",",,,0"
"USC00101671","1985-07","43.97775","-113.82913","1908.0","CHILLY BARTON FLAT, ID US","58.2","0","50.7",",0","14",",0","5",",0","0",",0","0",",0","0",",0","0",",0","1",",0","0",",0","29",",0","3",",0","","","19850731",",,0","19850731","+,,0","19850731","+,,0","8","","19850712",",,0","19850704",",,0","-0.6",",0,31,","0",",,0,31,+","0",",,0,31,+","12.7",",,0,12,","34.4",",0,04,","23.7","0","23.7",",0","36.7",",,,0","0",",,,0","19.20",",0","28.86",",,,0","9.55",",,,0"
"USC00101671","1985-08","43.97775","-113.82913","1908.0","CHILLY BARTON FLAT, ID US","64.0","0","5.8",",0","2",",0","1",",0","0",",0","0",",0","0",",0","0",",0","0",",0","0",",0","29",",0","2",",0","","","19850810",",,0","19850831","+,,0","19850831","+,,0","","","19850802",",,0","19850825",",,0","1.1",",0,10,","0",",,0,31,+","0",",,0,31,+","5.6",",,0,02,","33.3",",0,25,","113.5","0","89.8",",0","6.1",",,,0","0",",,,0","15.62",",0","26.25",",,,0","4.99",",,,0"
"USC00101671","1985-09","43.97775","-113.82913","1908.0","CHILLY BARTON FLAT, ID US","64.0","0","0.0",",0","14",",0","6",",0","0",",0","0",",0","0",",0","0",",0","13",",0","0",",0","5",",0","0",",0","","","19850929",",,0","19850930","+,,0","19850930","+,,0","","","19850909",",,0","19850904","+,,0","-10.6",",0,29,","0",",,0,30,+","0",",,0,30,+","14.0",",,0,09,","25.0",",0,04,+","397.6","0","284.1",",0","48.3",",,,0","0",",,,0","8.86",",0","16.76",",,,0","0.96",",,,0"
"USC00101671","1985-10","43.97775","-113.82913","1908.0","CHILLY BARTON FLAT, ID US","64.0","0","0.0","1,0","6",",0","1",",0","0",",0","0",",0","0",",0","0",",0","28",",0","0","1,0","0","1,0","0","1,0","","","19851009",",,0","19851031","+,,0","19851023","+,,0","","","19851021",",,0","19851019",",1,0","-13.9",",0,09,","0",",,0,31,+","0",",T,0,23,+","3.8",",,0,21,","17.8","1,0,19,","816.4","0","418.8","1,0","9.5",",,,0","0",",T,,0","4.37","1,0","13.26","1,,,0","-4.53",",,,0"
"USC00101671","1985-11","43.97775","-113.82913","1908.0","CHILLY BARTON FLAT, ID US","64.0","0","0.0","2,0","11",",0","2",",0","0",",0","","","","","8","1,0","28","1,0","17","1,0","0","1,0","0","1,0","","","19851123",",1,0","","","","","","","19851112",",,0","19851104",",1,0","-29.4","1,0,23,","","","","","3.0",",,0,12,","14.4","1,0,04,","1509.9","0","693.5","1,0","12.8",",,,0","","","-6.58","2,0","0.27","1,,,0","-13.42","1,,,0"
"USC00101671","1985-12","43.97775","-113.82913","1908.0","CHILLY BARTON FLAT, ID US","64.0","0","0.0",",0","6",",0","2",",0","0",",0","","","","","19",",0","31",",0","23",",0","0",",0","0",",0","","","19851211",",,0","","","","","","","19851208",",,0","19851223",",,0","-31.7",",0,11,","","","","","5.8",",,0,08,","8.9",",0,23,","2390.6","0","880.7",",0","11.7",",,,0","","","-10.08",",0","-1.78",",,,0","-18.37",",,,0"
"USC00101671","1986-01","43.97775","-113.82913","1908.0","CHILLY BARTON FLAT, ID US","0.0","0","0.0",",0","8",",0","1",",0","0",",0","","","","","15",",0","31",",0","15",",0","0",",0","0",",0","","","19860105",",,0","","","","","","","19860123",",,0","19860130",",,0","-25.0",",0,05,","","","","","2.5",",,0,23,","8.3",",0,30,","3198.5","0","807.9",",0","9.0",",,,0","","","-7.73",",0","0.22",",,,0","-15.68",",,,0"
"USC00101671","1986-02","43.97775","-113.82913","1908.0","CHILLY BARTON FLAT, ID US","0.0","0","0.0",",0","12",",0","2",",0","0",",0","","","","","5",",0","28",",0","7",",0","0",",0","0",",0","","","19860208",",,0","","","","","","","19860218",",,0","19860224",",,0","-26.7",",0,08,","","","","","10.9",",,0,18,","11.7",",0,24,","3814.0","0","615.5",",0","25.5",",,,0","","","-3.65",",0","3.12",",,,0","-10.42",",,,0"
"USC00101671","1986-03","43.97775","-113.82913","1908.0","CHILLY BARTON FLAT, ID US","0.0","0","0.0",",0","6",",0","1",",0","0",",0","0","2,0","0","2,0","0",",0","31",",0","0",",0","0",",0","0",",0","","","19860324",",,0","19860331","+,2,0","19860331","+,2,0","","","19860308",",,0","19860328",",,0","-16.7",",0,24,","0","2,,0,31,+","0","2,,0,31,+","9.7",",,0,08,","19.4",",0,28,","4319.0","0","505.0",",0","11.4",",,,0","0","2,,,0","2.04",",0","10.05",",,,0","-5.97",",,,0"
"USC00101671","1986-04","43.97775","-113.82913","1908.0","CHILLY BARTON FLAT, ID US","0.0","0","0.0","1,0","10",",0","2",",0","0",",0","0","1,0","0","1,0","0",",0","27",",0","0","1,0","0","1,0","0","1,0","","","19860414",",,0","19860430","+,1,0","19860429","+,1,0","","","19860412",",,0","19860422","+,1,0","-10.6",",0,14,","0","1,,0,30,+","0","1,T,0,29,+","5.1",",,0,12,","20.6","1,0,22,+","4722.9","0","403.9","1,0","14.5",",,,0","0","1,T,,0","4.43","1,0","12.17","1,,,0","-3.30",",,,0"
"USC00101671","1986-05","43.97775","-113.82913","1908.0","CHILLY BARTON FLAT, ID US","0.0","0","0.0",",0","10",",0","5",",0","0",",0","","","0","5,0","0",",0","16",",0","0",",0","13",",0","0",",0","","","19860523",",,0","","","19860531","+,5,0","","","19860507",",,0","19860530",",,0","-8.3",",0,23,","","","0","5,,0,31,+","8.4",",,0,07,","30.6",",0,30,","5011.1","0","288.2",",0","35.2",",,,0","0","5,,,0","9.04",",0","17.83",",,,0","0.24",",,,0"
"USC00101671","1986-06","43.97775","-113.82913","1908.0","CHILLY BARTON FLAT, ID US","5.6","0","5.6",",0","6",",0","2",",0","0",",0","","","0","1,0","0",",0","1",",0","0",",0","26",",0","0",",0","","","19860620",",,0","","","19860630","+,1,0","4","","19860605",",,0","19860629",",,0","0.0",",0,20,","","","0","1,,0,30,+","4.3",",,0,05,","31.7",",0,29,","5108.8","0","97.7",",0","10.9",",,,0","0","1,,,0","15.26",",0","25.47",",,,0","5.06",",,,0"
"USC00101671","1986-07","43.97775","-113.82913","1908.0","CHILLY BARTON FLAT, ID US","7.9","0","2.3",",0","5",",0","1",",0","0",",0","0",",0","0",",0","0",",0","3",",0","0",",0","28",",0","0",",0","","","19860717","+,,0","19860731","+,,0","19860731","+,,0","","","19860725",",,0","19860703",",,0","-0.6",",0,17,+","0",",,0,31,+","0",",,0,31,+","5.1",",,0,25,","31.1",",0,03,","94.9","0","94.9",",0","8.5",",,,0","0",",,,0","15.34",",0","25.43",",,,0","5.26",",,,0"
"USC00101671","1986-08","43.97775","-113.82913","1908.0","CHILLY BARTON FLAT, ID US","27.6","0","19.7",",0","7",",0","2",",0","0",",0","0",",0","0",",0","0",",0","0",",0","0",",0","31",",0","1",",0","","","19860824","+,,0","19860831","+,,0","19860831","+,,0","","","19860821",",,0","19860819",",,0","3.9",",0,24,+","0",",,0,31,+","0",",,0,31,+","11.7",",,0,21,","32.8",",0,19,","119.0","0","24.1",",0","22.5",",,,0","0",",,,0","18.19",",0","28.53",",,,0","7.85",",,,0"
"USC00101671","1986-09","43.97775","-113.82913","1908.0","CHILLY BARTON FLAT, ID US","27.6","0","0.0",",0","13",",0","5",",0","0",",0","0","2,0","0","1,0","0",",0","13",",0","0",",0","6",",0","0",",0","","","19860928",",,0","19860930","+,2,0","19860927","+,1,0","","","19860908",",,0","19860906","+,,0","-6.1",",0,28,","0","2,,0,30,+","0","1,T,0,27,+","14.2",",,0,08,","26.7",",0,06,+","414.9","0","295.9",",0","36.3",",,,0","0","1,T,,0","8.47",",0","16.30",",,,0","0.64",",,,0"
"USC00101671","1986-10","43.97775","-113.82913","1908.0","CHILLY BARTON FLAT, ID US","27.6","0","0.0",",0","3",",0","3",",0","0",",0","0",",0","0",",0","0",",0","29",",0","0",",0","1",",0","0",",0","","","19861012",",,0","19861031","+,,0","19861031","+,,0","","","19861001",",,0","19861006",",,0","-10.0",",0,12,","0",",,0,31,+","0",",,0,31,+","7.4",",,0,01,","21.1",",0,06,","795.6","0","380.7",",0","17.1",",,,0","0",",,,0","6.05",",0","15.49",",,,0","-3.38",",,,0"
"USC00101671","1986-11","43.97775","-113.82913","1908.0","CHILLY BARTON FLAT, ID US","27.6","0","0.0",",0","5",",0","2",",0","0",",0","0","4,0","0","3,0","1",",0","30",",0","2",",0","0",",0","0",",0","","","19861110",",,0","19861130","+,4,0","19861106",",3,0","","","19861121","+,,0","19861104",",,0","-17.8",",0,10,","0","4,,0,30,+","0","3,T,0,06,","2.8",",,0,21,+","14.4",",0,04,","1377.8","0","582.2",",0","8.4",",,,0","0","3,T,,0","-1.08",",0","5.87",",,,0","-8.02",",,,0"
"USC00101671","1986-12","43.97775","-113.82913","1908.0","CHILLY BARTON FLAT, ID US","27.6","0","0.0",",0","2",",0","0",",0","0",",0","0",",0","0",",0","12",",0","31",",0","13",",0","0",",0","0",",0","","","19861218",",,0","19861231","+,,0","19861206","+,,0","","","19861206",",,0","19861216",",,0","-21.1",",0,18,","0",",,0,31,+","0",",T,0,06,+","1.5",",,0,06,","5.6",",0,16,","2170.3","0","792.5",",0","2.3",",,,0","0",",T,,0","-7.23",",0","1.07",",,,0","-15.54",",,,0"
"USC00101671","1987-01","43.97775","-113.82913","1908.0","CHILLY BARTON FLAT, ID US","0.0","0","0.0",",0","6",",0","1",",0","0",",0","","","1","5,0","12",",0","31",",0","20",",0","0",",0","0",",0","","","19870110",",,0","","","19870128",",5,0","","","19870128",",,0","19870126",",,0","-26.7",",0,10,","","","51","5,,0,28,","2.5",",,0,28,","7.2",",0,26,","2993.4","0","823.1",",0","4.8",",,,0","51","5,,,0","-8.22",",0","-0.54",",,,0","-15.90",",,,0"
"USC00101671","1987-02","43.97775","-113.82913","1908.0","CHILLY BARTON FLAT, ID US","0.0","0","0.0",",0","7",",0","2",",0","0",",0","","","1","2,0","4",",0","28",",0","6",",0","0",",0","0",",0","","","19870228",",,0","","","19870224",",2,0","","","19870223",",,0","19870206",",,0","-23.9",",0,28,","","","114","2,,0,24,","6.4",",,0,23,","10.0",",0,06,","3634.3","0","640.9",",0","15.1",",,,0","114","2,,,0","-4.56",",0","3.19",",,,0","-12.31",",,,0"
"USC00101671","1987-03","43.97775","-113.82913","1908.0","CHILLY BARTON FLAT, ID US","0.0","0","0.0",",0","5",",0","2",",0","0",",0","","","","","0",",0","29",",0","0",",0","0",",0","0",",0","","","19870329",",,0","","","","","","","19870313",",,0","19870331",",,0","-17.2",",0,29,","","","","","8.6",",,0,13,","15.6",",0,31,","4200.1","0","565.8",",0","14.9",",,,0","","","0.08",",0","6.79",",,,0","-6.63",",,,0"
"USC00101671","1987-04","43.97775","-113.82913","1908.0","CHILLY BARTON FLAT, ID US","0.0","0","0.0",",0","3",",0","1",",0","0",",0","0",",0","0",",0","0",",0","26",",0","0",",0","11",",0","0",",0","","","19870420","+,,0","19870430","+,,0","19870430","+,,0","","","19870430",",,0","19870429","+,,0","-9.4",",0,20,+","0",",,0,30,+","0",",,0,30,+","4.3",",,0,30,","25.0",",0,29,+","4528.4","0","328.3",",0","7.3",",,,0","0",",,,0","7.39",",0","18.31",",,,0","-3.54",",,,0"
"USC00101671","1987-05","43.97775","-113.82913","1908.0","CHILLY BARTON FLAT, ID US","0.0","0","0.0",",0","10",",0","7",",0","0",",0","0",",0","0",",0","0",",0","10",",0","0",",0","13",",0","0",",0","","","19870503",",,0","19870531","+,,0","19870531","+,,0","","","19870517",",,0","19870508",",,0","-4.4",",0,03,","0",",,0,31,+","0",",,0,31,+","22.4",",,0,17,","26.1",",0,08,","4779.1","0","250.7",",0","70.5",",,,0","0",",,,0","10.25",",0","18.72",",,,0","1.77",",,,0"
"USC00101671","1987-06","43.97775","-113.82913","1908.0","CHILLY BARTON FLAT, ID US","0.3","0","0.3",",0","10",",0","5",",0","0",",0","0",",0","0",",0","0",",0","3",",0","0",",0","22",",0","0",",0","","","19870602",",,0","19870630","+,,0","19870630","+,,0","","","19870607",",,0","19870623",",,0","-2.2",",0,02,","0",",,0,30,+","0",",,0,30,+","14.2",",,0,07,","30.6",",0,23,","4913.8","0","134.7",",0","34.3",",,,0","0",",,,0","13.85",",0","23.60",",,,0","4.11",",,,0"
"USC00101671","1987-07","43.97775","-113.82913","1908.0","CHILLY BARTON FLAT, ID US","9.0","0","8.7",",0","12",",0","7",",0","0",",0","0",",0","0",",0","0",",0","1",",0","0",",0","26",",0","0",",0","","","19870719",",,0","19870731","+,,0","19870731","+,,0","6","","19870717",",,0","19870727","+,,0","-0.6",",0,19,","0",",,0,31,+","0",",,0,31,+","12.2",",,0,17,","30.6",",0,27,+","88.4","0","88.4",",0","55.5",",,,0","0",",,,0","15.76",",0","24.75",",,,0","6.78",",,,0"
"USC00101671","1987-08","43.97775","-113.82913","1908.0","CHILLY BARTON FLAT, ID US","10.4","0","1.4",",0","4",",0","1",",0","0",",0","0",",0","0",",0","0",",0","1",",0","0",",0","28",",0","0",",0","","","19870816",",,0","19870831","+,,0","19870831","+,,0","1","","19870825",",,0","19870804",",,0","0.0",",0,16,","0",",,0,31,+","0",",,0,31,+","2.5",",,0,25,","30.6",",0,04,","192.2","0","103.8",",0","4.9",",,,0","0",",,,0","15.03",",0","25.82",",,,0","4.23",",,,0"
"USC00101671","1987-09","43.97775","-113.82913","1908.0","CHILLY BARTON FLAT, ID US","12.3","0","1.9","1,0","0",",0","0",",0","0",",0","0",",0","0",",0","0","1,0","9","1,0","0","1,0","27","1,0","0","1,0","","","19870928","+,1,0","19870930","+,,0","19870930","+,,0","","","19870930","+,,0","19870902","+,1,0","-5.6","1,0,28,+","0",",,0,30,+","0",",,0,30,+","0.0",",,0,30,+","29.4","1,0,02,+","345.1","0","152.9","1,0","0.0",",,,0","0",",,,0","13.13","1,0","24.83","1,,,0","1.43","1,,,0"
"USC00101671","1987-10","43.97775","-113.82913","1908.0","CHILLY BARTON FLAT, ID US","12.3","0","0.0",",0","1",",0","0",",0","0",",0","0",",0","0",",0","0",",0","28",",0","0",",0","8",",0","0",",0","","","19871016",",,0","19871031","+,,0","19871031","+,,0","","","19871030",",,0","19871004","+,,0","-11.7",",0,16,","0",",,0,31,+","0",",,0,31,+","1.3",",,0,30,","26.1",",0,04,+","689.7","0","344.6",",0","1.3",",,,0","0",",,,0","7.22",",0","18.76",",,,0","-4.33",",,,0"
"USC00101671","1987-11","43.97775","-113.82913","1908.0","CHILLY BARTON FLAT, ID US","12.3","0","0.0",",0","8",",0","0",",0","0",",0","0","1,0","1","1,0","4",",0","28",",0","2",",0","0",",0","0",",0","","","19871130",",,0","19871130","+,1,0","19871125",",1,0","","","19871112","+,,0","19871105",",,0","-18.9",",0,30,","0","1,,0,30,+","25","1,,0,25,","2.3",",,0,12,+","15.6",",0,05,","1281.4","0","591.7",",0","10.7",",,,0","25","1,,,0","-1.39",",0","5.89",",,,0","-8.67",",,,0"
"USC00101671","1987-12","43.97775","-113.82913","1908.0","CHILLY BARTON FLAT, ID US","12.3","0","0.0","1,0","7",",0","2",",0","0",",0","","","0","1,0","7",",0","31",",0","16","1,0","0","1,0","0","1,0","","","19871224",",,0","","","19871208","+,1,0","","","19871210",",,0","19871203",",1,0","-22.8",",0,24,","","","0","1,T,0,08,+","5.8",",,0,10,","7.8","1,0,03,","2035.4","0","754.0","1,0","14.6",",,,0","0","1,T,,0","-6.78","1,0","-0.39","1,,,0","-13.17",",,,0"
"USC00101671","1988-01","43.97775","-113.82913","1908.0","CHILLY BARTON FLAT, ID US","0.0","0","0.0","1,0","9",",0","0",",0","0",",0","2","4,0","0","3,0","10","1,0","30","1,0","21",",0","0",",0","0",",0","","","19880102",",1,0","19880115","+,4,0","19880104",",3,0","","","19880108",",,0","19880110",",,0","-28.9","1,0,02,","25","4,,0,15,+","0","3,T,0,04,","1.8",",,0,08,","5.0",",0,10,","2856.3","0","820.9",",0","6.5",",,,0","0","3,T,,0","-8.99","1,0","-1.70",",,,0","-16.29","1,,,0"
"USC00101671","1988-02","43.97775","-113.82913","1908.0","CHILLY BARTON FLAT, ID US","0.0","0","0.0",",0","4",",0","1",",0","0",",0","0","1,0","0","1,0","5",",0","29",",0","4",",0","0",",0","0",",0","","","19880203",",,0","19880229","+,1,0","19880229","+,1,0","","","19880229",",,0","19880227",",,0","-26.7",",0,03,","0","1,,0,29,+","0","1,,0,29,+","3.3",",,0,29,","12.8",",0,27,","3489.2","0","632.9",",0","4.4",",,,0","0","1,,,0","-3.49",",0","4.84",",,,0","-11.82",",,,0"
"USC00101671","1988-03","43.97775","-113.82913","1908.0","CHILLY BARTON FLAT, ID US","0.0","0","0.0","1,0","6",",0","0",",0","0",",0","0","1,0","0","1,0","0","1,0","30","1,0","2",",0","0",",0","0",",0","","","19880317",",1,0","19880331","+,1,0","19880331","+,1,0","","","19880329",",,0","19880320",",,0","-12.8","1,0,17,","0","1,,0,31,+","0","1,,0,31,+","1.3",",,0,29,","16.1",",0,20,","4043.5","0","554.3",",0","4.5",",,,0","0","1,,,0","-0.08","1,0","7.31",",,,0","-7.47","1,,,0"
"USC00101671","1988-04","43.97775","-113.82913","1908.0","CHILLY BARTON FLAT, ID US","0.0","0","0.0",",0","8",",0","2",",0","0",",0","0","1,0","0","1,0","0",",0","24",",0","0",",0","4",",0","0",",0","","","19880409",",,0","19880430","+,1,0","19880430","+,1,0","","","19880418",",,0","19880413","+,,0","-11.1",",0,09,","0","1,,0,30,+","0","1,,0,30,+","8.4",",,0,18,","22.2",",0,13,+","4406.3","0","362.8",",0","21.7",",,,0","0","1,,,0","6.24",",0","15.02",",,,0","-2.54",",,,0"
"USC00101671","1988-05","43.97775","-113.82913","1908.0","CHILLY BARTON FLAT, ID US","0.0","0","0.0",",0","12",",0","5",",0","0",",0","0","4,0","0","4,0","0",",0","17",",0","0",",0","14",",0","0",",0","","","19880502",",,0","19880531","+,4,0","19880531","+,4,0","","","19880530",",,0","19880525",",,0","-7.8",",0,02,","0","4,,0,31,+","0","4,,0,31,+","16.8",",,0,30,","27.2",",0,25,","4682.7","0","276.4",",0","45.1",",,,0","0","4,,,0","9.42",",0","18.30",",,,0","0.53",",,,0"
"USC00101671","1988-06","43.97775","-113.82913","1908.0","CHILLY BARTON FLAT, ID US","28.6","0","28.6",",0","3",",0","0",",0","0",",0","0",",0","0",",0","0",",0","2",",0","0",",0","25",",0","6",",0","","","19880609",",,0","19880630","+,,0","19880630","+,,0","","","19880612",",,0","19880625","+,,0","-1.7",",0,09,","0",",,0,30,+","0",",,0,30,+","1.0",",,0,12,","34.4",",0,25,+","4765.8","0","83.1",",0","1.6",",,,0","0",",,,0","16.52",",0","26.51",",,,0","6.52",",,,0"
"USC00101671","1988-07","43.97775","-113.82913","1908.0","CHILLY BARTON FLAT, ID US","83.0","0","54.4",",0","2",",0","0",",0","0",",0","0",",0","0",",0","0",",0","0",",0","0",",0","31",",0","9",",0","","","19880707",",,0","19880731","+,,0","19880731","+,,0","","","19880704",",,0","19880723","+,,0","1.7",",0,07,","0",",,0,31,+","0",",,0,31,+","1.3",",,0,04,","34.4",",0,23,+","11.9","0","11.9",",0","1.6",",,,0","0",",,,0","19.70",",0","30.50",",,,0","8.91",",,,0"
"USC00101671","1988-08","43.97775","-113.82913","1908.0","CHILLY BARTON FLAT, ID US","91.6","0","8.6","1,0","1",",0","1",",0","0",",0","0",",0","0",",0","0",",0","0",",0","0","1,0","30","1,0","2","1,0","","","19880822","+,,0","19880831","+,,0","19880831","+,,0","","","19880812",",,0","19880824",",1,0","1.1",",0,22,+","0",",,0,31,+","0",",,0,31,+","6.6",",,0,12,","32.8","1,0,24,","61.1","0","49.2","1,0","6.6",",,,0","0",",,,0","17.03","1,0","28.70","1,,,0","5.35",",,,0"
"USC00101671","1988-09","43.97775","-113.82913","1908.0","CHILLY BARTON FLAT, ID US","95.2","0","3.6",",0","2",",0","1",",0","0",",0","0",",0","0",",0","0",",0","12",",0","0",",0","19",",0","1",",0","","","19880928","+,,0","19880930","+,,0","19880930","+,,0","","","19880920",",,0","19880903",",,0","-3.9",",0,28,+","0",",,0,30,+","0",",,0,30,+","2.5",",,0,20,","32.8",",0,03,","251.9","0","190.8",",0","3.8",",,,0","0",",,,0","12.09",",0","22.63",",,,0","1.56",",,,0"
"USC00101671","1988-10","43.97775","-113.82913","1908.0","CHILLY BARTON FLAT, ID US","95.2","0","0.0",",0","1",",0","1",",0","0",",0","0",",0","0",",0","0",",0","17",",0","0",",0","11",",0","0",",0","","","19881011",",,0","19881031","+,,0","19881031","+,,0","","","19881019",",,0","19881002","+,,0","-6.7",",0,11,","0",",,0,31,+","0",",,0,31,+","2.8",",,0,19,","25.0",",0,02,+","518.2","0","266.3",",0","2.8",",,,0","0",",,,0","9.74",",0","19.96",",,,0","-0.47",",,,0"
"USC00101671","1988-11","43.97775","-113.82913","1908.0","CHILLY BARTON FLAT, ID US","95.2","0","0.0",",0","10",",0","4",",0","0",",0","0","1,0","1",",0","3",",0","29",",0","10",",0","0",",0","0",",0","","","19881127",",,0","19881130","+,1,0","19881117",",,0","","","19881103",",,0","19881101",",,0","-20.0",",0,27,","0","1,,0,30,+","25",",,0,17,","5.8",",,0,03,","16.7",",0,01,","1166.9","0","648.7",",0","22.1",",,,0","25",",,,0","-3.29",",0","2.63",",,,0","-9.21",",,,0"
"USC00101671","1988-12","43.97775","-113.82913","1908.0","CHILLY BARTON FLAT, ID US","95.2","0","0.0","1,0","2",",0","0",",0","0",",0","","","","","17",",0","31",",0","16","1,0","0","1,0","0","1,0","","","19881228",",,0","","","","","","","19881221","+,,0","19881213",",1,0","-25.6",",0,28,","","","","","0.3",",,0,21,+","6.1","1,0,13,","1990.1","0","823.2","1,0","0.6",",,,0","","","-9.23","1,0","-1.08","1,,,0","-17.38",",,,0"
"USC00101671","1989-01","43.97775","-113.82913","1908.0","CHILLY BARTON FLAT, ID US","0.0","0","0.0",",0","5",",0","0",",0","0",",0","","","0","2,0","15",",0","31",",0","22",",0","0",",0","0",",0","","","19890108",",,0","","","19890122",",2,0","","","19890109","+,,0","19890129",",,0","-27.8",",0,08,","","","13","2,,0,22,","1.0",",,0,09,+","8.9",",0,29,","2873.6","0","883.5",",0","3.8",",,,0","13","2,,,0","-10.17",",0","-2.24",",,,0","-18.09",",,,0"
"USC00101671","1989-02","43.97775","-113.82913","1908.0","CHILLY BARTON FLAT, ID US","0.0","0","0.0",",0","6",",0","1",",0","0",",0","","","1","1,0","13",",0","28",",0","13",",0","0",",0","0",",0","","","19890205","+,,0","","","19890223",",1,0","","","19890223",",,0","19890225",",,0","-30.0",",0,05,+","","","76","1,,0,23,","3.8",",,0,23,","8.9",",0,25,","3654.1","0","780.5",",0","7.6",",,,0","102","1,,,0","-9.54",",0","-1.40",",,,0","-17.68",",,,0"
"USC00101671","1989-03","43.97775","-113.82913","1908.0","CHILLY BARTON FLAT, ID US","0.0","0","0.0",",0","15",",0","5",",0","0",",0","","","","","1",",0","31",",0","2",",0","0",",0","0",",0","","","19890304",",,0","","","","","","","19890327","+,,0","19890311",",,0","-22.8",",0,04,","","","","","6.4",",,0,27,+","13.3",",0,11,","4235.9","0","581.8",",0","32.7",",,,0","","","-0.43",",0","5.81",",,,0","-6.68",",,,0"
"USC00101671","1989-04","43.97775","-113.82913","1908.0","CHILLY BARTON FLAT, ID US","0.0","0","0.0",",0","6",",0","0",",0","0",",0","0",",0","0",",0","0",",0","25",",0","0",",0","3",",0","0",",0","","","19890426",",,0","19890430","+,,0","19890423",",,0","","","19890428",",,0","19890419",",,0","-10.0",",0,26,","0",",,0,30,+","0",",T,0,23,","1.5",",,0,28,","23.9",",0,19,","4605.0","0","369.1",",0","4.2",",,,0","0",",T,,0","6.03",",0","14.91",",,,0","-2.85",",,,0"
"USC00101671","1989-05","43.97775","-113.82913","1908.0","CHILLY BARTON FLAT, ID US","0.0","0","0.0",",0","7",",0","4",",0","0",",0","0",",0","0",",0","0",",0","15",",0","0",",0","7",",0","0",",0","","","19890519",",,0","19890531","+,,0","19890531","+,,0","","","19890516",",,0","19890508","+,,0","-6.7",",0,19,","0",",,0,31,+","0",",,0,31,+","9.7",",,0,16,","25.0",",0,08,+","4904.2","0","299.2",",0","25.2",",,,0","0",",,,0","8.68",",0","17.51",",,,0","-0.15",",,,0"
"USC00101671","1989-06","43.97775","-113.82913","1908.0","CHILLY BARTON FLAT, ID US","2.0","0","2.0","1,0","7",",0","2",",0","0",",0","0",",0","0","1,0","0","1,0","3","1,0","0",",0","24",",0","0",",0","","","19890621",",1,0","19890630","+,,0","19890620",",1,0","","","19890603",",,0","19890616","+,,0","-1.1","1,0,21,","0",",,0,30,+","0","1,T,0,20,","15.0",",,0,03,","27.8",",0,16,+","5039.5","0","135.3",",0","31.9",",,,0","0","1,T,,0","13.76","1,0","23.17",",,,0","4.35","1,,,0"
"USC00101671","1989-07","43.97775","-113.82913","1908.0","CHILLY BARTON FLAT, ID US","46.3","0","44.3",",0","5",",0","1",",0","0",",0","0",",0","0",",0","0",",0","0",",0","0",",0","31",",0","9",",0","","","19890701",",,0","19890731","+,,0","19890731","+,,0","","","19890713",",,0","19890707",",,0","2.2",",0,01,","0",",,0,31,+","0",",,0,31,+","3.8",",,0,13,","33.3",",0,07,","27.3","0","27.3",",0","6.1",",,,0","0",",,,0","18.88",",0","30.07",",,,0","7.69",",,,0"
"USC00101671","1989-08","43.97775","-113.82913","1908.0","CHILLY BARTON FLAT, ID US","51.6","0","5.3","1,0","12",",0","4",",0","0",",0","0",",0","0",",0","0","1,0","4","1,0","0",",0","27",",0","0",",0","","","19890828",",1,0","19890831","+,,0","19890831","+,,0","","","19890812",",,0","19890814","+,,0","-1.1","1,0,28,","0",",,0,31,+","0",",,0,31,+","6.4",",,0,12,","29.4",",0,14,+","134.8","0","107.5",",0","26.4",",,,0","0",",,,0","14.99","1,0","24.79",",,,0","5.20","1,,,0"
"USC00101671","1989-09","43.97775","-113.82913","1908.0","CHILLY BARTON FLAT, ID US","51.6","0","0.0",",0","7",",0","4",",0","0",",0","0",",0","0",",0","0",",0","10",",0","0",",0","23",",0","0",",0","","","19890910",",,0","19890930","+,,0","19890930","+,,0","","","19890917",",,0","19890929","+,,0","-3.3",",0,10,","0",",,0,30,+","0",",,0,30,+","9.7",",,0,17,","25.6",",0,29,+","329.9","0","195.1",",0","24.6",",,,0","0",",,,0","11.83",",0","22.25",",,,0","1.41",",,,0"
"USC00101671","1989-10","43.97775","-113.82913","1908.0","CHILLY BARTON FLAT, ID US","51.6","0","0.0",",0","9",",0","6",",0","0",",0","0",",0","0",",0","0",",0","23",",0","0",",0","3",",0","0",",0","","","19891030",",,0","19891031","+,,0","19891031","+,,0","","","19891024",",,0","19891011","+,,0","-10.6",",0,30,","0",",,0,31,+","0",",,0,31,+","19.8",",,0,24,","22.2",",0,11,+","737.9","0","408.0",",0","44.3",",,,0","0",",,,0","5.17",",0","12.87",",,,0","-2.53",",,,0"
"USC00101671","1989-11","43.97775","-113.82913","1908.0","CHILLY BARTON FLAT, ID US","51.6","0","0.0",",0","1",",0","0",",0","0",",0","0",",0","0",",0","1",",0","29",",0","2",",0","0",",0","0",",0","","","19891129",",,0","19891130","+,,0","19891124",",,0","","","19891124",",,0","19891110",",,0","-18.9",",0,29,","0",",,0,30,+","13",",,0,24,","0.8",",,0,24,","16.7",",0,10,","1295.7","0","557.8",",0","0.8",",,,0","13",",,,0","-0.26",",0","6.91",",,,0","-7.43",",,,0"
"USC00101671","1989-12","43.97775","-113.82913","1908.0","CHILLY BARTON FLAT, ID US","51.6","0","0.0",",0","0",",0","0",",0","0",",0","0",",0","0",",0","1",",0","31",",0","5",",0","0",",0","0",",0","","","19891219",",,0","19891231","+,,0","19891231","+,,0","","","19891217",",,0","19891225",",,0","-19.4",",0,19,","0",",,0,31,+","0",",,0,31,+","0.0",",T,0,17,","8.9",",0,25,","1988.8","0","693.1",",0","0.0",",T,,0","0",",,,0","-4.02",",0","3.64",",,,0","-11.68",",,,0"
"USC00101671","1990-01","43.97775","-113.82913","1908.0","CHILLY BARTON FLAT, ID US","0.0","0","0.0",",0","7",",0","0",",0","0",",0","","","0","4,0","5",",0","31",",0","15",",0","0",",0","0",",0","","","19900131",",,0","","","19900107",",4,0","","","19900116","+,,0","19900110",",,0","-20.6",",0,31,","","","8","4,,0,07,","1.8",",,0,16,+","8.9",",0,10,","2738.4","0","749.6",",0","7.5",",,,0","8","4,,,0","-5.85",",0","0.38",",,,0","-12.07",",,,0"
"USC00101671","1990-02","43.97775","-113.82913","1908.0","CHILLY BARTON FLAT, ID US","0.0","0","0.0",",0","2",",0","0",",0","0",",0","","","0","2,0","9",",0","28",",0","13",",0","0",",0","0",",0","","","19900218",",,0","","","19900213","+,2,0","","","19900206",",,0","19900226","+,,0","-22.8",",0,18,","","","0","2,T,0,13,+","0.5",",,0,06,","11.1",",0,26,+","3415.6","0","677.2",",0","0.8",",,,0","0","2,T,,0","-5.85",",0","2.15",",,,0","-13.86",",,,0"
"USC00101671","1990-03","43.97775","-113.82913","1908.0","CHILLY BARTON FLAT, ID US","0.0","0","0.0",",0","7",",0","1",",0","0",",0","1",",0","0",",0","0",",0","31",",0","2",",0","0",",0","0",",0","","","19900313",",,0","19900303",",,0","19900303",",,0","","","19900303",",,0","19900331",",,0","-14.4",",0,13,","25",",,0,03,","13",",,0,03,","2.8",",,0,03,","17.8",",0,31,","3950.7","0","535.1",",0","6.5",",,,0","13",",,,0","1.07",",0","8.79",",,,0","-6.65",",,,0"
"USC00101671","1990-04","43.97775","-113.82913","1908.0","CHILLY BARTON FLAT, ID US","0.0","0","0.0",",0","14",",0","4",",0","0",",0","0",",0","0",",0","0",",0","24",",0","0",",0","3",",0","0",",0","","","19900428",",,0","19900430","+,,0","19900430","+,,0","","","19900428",",,0","19900416","+,,0","-8.3",",0,28,","0",",,0,30,+","0",",,0,30,+","6.1",",,0,28,","22.2",",0,16,+","4292.5","0","341.8",",0","25.2",",,,0","0",",,,0","6.94",",0","15.65",",,,0","-1.77",",,,0"
"USC00101671","1990-05","43.97775","-113.82913","1908.0","CHILLY BARTON FLAT, ID US","0.0","0","0.0",",0","11",",0","8",",0","0",",0","0",",0","0",",0","0",",0","16",",0","0",",0","2",",0","0",",0","","","19900509",",,0","19900531","+,,0","19900531","+,,0","","","19900523",",,0","19900506",",,0","-8.3",",0,09,","0",",,0,31,+","0",",,0,31,+","15.5",",,0,23,","23.9",",0,06,","4616.1","0","323.6",",0","61.9",",,,0","0",",,,0","7.89",",0","15.87",",,,0","-0.08",",,,0"
"USC00101671","1990-06","43.97775","-113.82913","1908.0","CHILLY BARTON FLAT, ID US","3.6","0","3.6",",0","9",",0","3",",0","0",",0","0",",0","0",",0","0",",0","4",",0","0",",0","19",",0","0",",0","","","19900601",",,0","19900630","+,,0","19900630","+,,0","","","19900610",",,0","19900630","+,,0","-3.9",",0,01,","0",",,0,30,+","0",",,0,30,+","18.3",",,0,10,","31.1",",0,30,+","4780.4","0","164.3",",0","34.3",",,,0","0",",,,0","12.98",",0","22.09",",,,0","3.86",",,,0"
"USC00101671","1990-07","43.97775","-113.82913","1908.0","CHILLY BARTON FLAT, ID US","35.1","0","31.5",",0","7",",0","1",",0","0",",0","0",",0","0",",0","0",",0","0",",0","0",",0","31",",0","3",",0","","","19900703",",,0","19900731","+,,0","19900731","+,,0","","","19900709",",,0","19900717",",,0","1.7",",0,03,","0",",,0,31,+","0",",,0,31,+","5.6",",,0,09,","33.3",",0,17,","36.9","0","36.9",",0","13.5",",,,0","0",",,,0","18.16",",0","28.73",",,,0","7.59",",,,0"
"USC00101671","1990-08","43.97775","-113.82913","1908.0","CHILLY BARTON FLAT, ID US","47.9","0","12.8",",0","10",",0","3",",0","0",",0","0",",0","0",",0","0",",0","0",",0","0",",0","24",",0","4",",0","","","19900831","+,,0","19900831","+,,0","19900831","+,,0","","","19900819",",,0","19900807",",,0","0.6",",0,31,+","0",",,0,31,+","0",",,0,31,+","16.5",",,0,19,","35.0",",0,07,","119.9","0","83.0",",0","27.2",",,,0","0",",,,0","16.07",",0","26.19",",,,0","5.95",",,,0"
"USC00101671","1990-09","43.97775","-113.82913","1908.0","CHILLY BARTON FLAT, ID US","47.9","0","0.0","2,0","5",",0","0",",0","0",",0","0",",0","0",",0","0",",0","5",",0","0","2,0","27","2,0","0","2,0","","","19900930",",,0","19900930","+,,0","19900930","+,,0","","","19900927",",,0","19900912",",2,0","-1.1",",0,30,","0",",,0,30,+","0",",,0,30,+","2.0",",,0,27,","30.6","2,0,12,","230.0","0","110.1","2,0","3.9",",,,0","0",",,,0","14.28","2,0","25.55","2,,,0","3.00",",,,0"
"USC00101671","1990-10","43.97775","-113.82913","1908.0","CHILLY BARTON FLAT, ID US","","","","","4",",0","1",",0","0",",0","0",",0","0",",0","0","1,","28","1,0","","","","","","","","","19901017",",1,0","19901031","+,,0","19901031","+,,0","","","19901006",",,0","","","-13.9","1,0,17,","0",",,0,31,+","0",",,0,31,+","3.0",",,0,06,","","","","","","","6.1",",,,0","0",",,,0","","","","","-4.54","1,,,0"
"USC00101671","1990-11","43.97775","-113.82913","1908.0","CHILLY BARTON FLAT, ID US","","","","","3",",0","1",",0","0",",0","0",",0","0",",0","0",",0","30",",0","","","","","","","","","19901121",",,0","19901130","+,,0","19901126","+,,0","","","19901105",",,0","","","-17.2",",0,21,","0",",,0,30,+","0",",T,0,26,+","3.6",",,0,05,","","","","","","","4.4",",,,0","0",",T,,0","","","","","-9.64",",,,0"
"USC00101671","1990-12","43.97775","-113.82913","1908.0","CHILLY BARTON FLAT, ID US","","","0.0","1,0","8",",0","0",",0","0",",0","","","","","22",",0","31",",0","21","1,0","0","1,0","0","1,0","","","19901222",",,0","","","","","","","19901214",",,0","19901210","+,1,0","-38.3",",0,22,","","","","","1.3",",,0,14,","8.9","1,0,10,+","","","931.0","1,0","4.8",",,,0","","","-12.92","1,0","-4.61","1,,,0","-21.23",",,,0"
"USC00101671","1991-01","43.97775","-113.82913","1908.0","CHILLY BARTON FLAT, ID US","0.0","0","0.0",",0","4",",0","0",",0","0",",0","","","","","14",",0","31",",0","22",",0","0",",0","0",",0","","","19910105",",,0","","","","","","","19910115",",,0","19910117",",,0","-26.1",",0,05,","","","","","1.3",",,0,15,","6.1",",0,17,","","","839.5",",0","2.7",",,,0","","","-8.75",",0","-0.47",",,,0","-17.03",",,,0"
"USC00101671","1991-02","43.97775","-113.82913","1908.0","CHILLY BARTON FLAT, ID US","0.0","0","0.0",",0","2",",0","0",",0","0",",0","0",",0","0",",0","1",",0","28",",0","0",",0","0",",0","0",",0","","","19910201",",,0","19910228","+,,0","19910228","+,,0","","","19910216",",,0","19910222",",,0","-18.9",",0,01,","0",",,0,28,+","0",",,0,28,+","0.8",",,0,16,","11.7",",0,22,","","","547.9",",0","1.1",",,,0","0",",,,0","-1.23",",0","7.26",",,,0","-9.73",",,,0"
"USC00101671","1991-03","43.97775","-113.82913","1908.0","CHILLY BARTON FLAT, ID US","0.0","0","0.0",",0","5","1,0","0","1,0","0","1,0","0",",0","0",",0","0",",0","31",",0","1",",0","0",",0","0",",0","","","19910329",",,0","19910311",",,0","19910324","+,,0","","","19910311","+,1,0","19910331",",,0","-16.7",",0,29,","0",",T,0,11,","0",",T,0,24,+","0.8","1,,0,11,+","13.3",",0,31,","","","623.3",",0","3.4","1,,,0","0",",T,,0","-1.77",",0","5.62",",,,0","-9.16",",,,0"
"USC00101671","1991-04","43.97775","-113.82913","1908.0","CHILLY BARTON FLAT, ID US","0.0","0","0.0",",0","7",",0","4",",0","0",",0","0","3,0","0","3,0","1",",0","28",",0","0",",0","0",",0","0",",0","","","19910411",",,0","19910430","+,3,0","19910430","+,3,0","","","19910418",",,0","19910423",",,0","-18.3",",0,11,","0","3,,0,30,+","0","3,,0,30,+","5.1",",,0,18,","16.7",",0,23,","","","474.3",",0","18.3",",,,0","0","3,,,0","2.52",",0","10.62",",,,0","-5.57",",,,0"
"USC00101671","1991-05","43.97775","-113.82913","1908.0","CHILLY BARTON FLAT, ID US","0.0","0","0.0",",0","13",",0","5",",0","0",",0","0",",0","0",",0","0",",0","22",",0","0",",0","4",",0","0",",0","","","19910501",",,0","19910531","+,,0","19910531","+,,0","","","19910523","+,,0","19910523","+,,0","-8.3",",0,01,","0",",,0,31,+","0",",,0,31,+","4.6",",,0,23,+","22.8",",0,23,+","","","354.2",",0","28.7",",,,0","0",",,,0","6.91",",0","15.02",",,,0","-1.20",",,,0"
"USC00101671","1991-06","43.97775","-113.82913","1908.0","CHILLY BARTON FLAT, ID US","0.0","0","0.0",",0","8",",0","3",",0","0",",0","0",",0","0",",0","0",",0","8",",0","0",",0","21",",0","0",",0","","","19910615",",,0","19910630","+,,0","19910630","+,,0","","","19910605",",,0","19910611",",,0","-2.2",",0,15,","0",",,0,30,+","0",",,0,30,+","24.4",",,0,05,","30.0",",0,11,","","","177.0",",0","47.3",",,,0","0",",,,0","12.43",",0","22.16",",,,0","2.71",",,,0"
"USC00101671","1991-07","43.97775","-113.82913","1908.0","CHILLY BARTON FLAT, ID US","9.8","0","9.8","2,0","6",",0","2",",0","0",",0","0",",0","0",",0","0",",0","0",",0","0","2,0","28","2,0","1","2,0","","","19910701",",,0","19910731","+,,0","19910731","+,,0","","","19910726",",,0","19910713",",2,0","1.7",",0,01,","0",",,0,31,+","0",",,0,31,+","8.1",",,0,26,","32.2","2,0,13,","32.5","0","32.5","2,0","17.1",",,,0","0",",,,0","17.56","2,0","28.70","2,,,0","6.42",",,,0"
"USC00101671","1991-08","43.97775","-113.82913","1908.0","CHILLY BARTON FLAT, ID US","22.1","0","12.3",",0","5",",0","2",",0","0",",0","0",",0","0",",0","0",",0","0",",0","0",",0","31",",0","0",",0","","","19910829",",,0","19910831","+,,0","19910831","+,,0","","","19910828",",,0","19910810",",,0","1.1",",0,29,","0",",,0,31,+","0",",,0,31,+","7.9",",,0,28,","31.7",",0,10,","78.2","0","45.7",",0","17.8",",,,0","0",",,,0","17.25",",0","28.12",",,,0","6.39",",,,0"
"USC00101671","1991-09","43.97775","-113.82913","1908.0","CHILLY BARTON FLAT, ID US","22.1","0","0.0",",0","7",",0","3",",0","0",",0","0",",0","0",",0","0",",0","10",",0","0",",0","22",",0","0",",0","","","19910922",",,0","19910930","+,,0","19910930","+,,0","","","19910910",",,0","19910906",",,0","-5.6",",0,22,","0",",,0,30,+","0",",,0,30,+","7.1",",,0,10,","28.9",",0,06,","255.7","0","177.5",",0","17.8",",,,0","0",",,,0","12.42",",0","23.33",",,,0","1.50",",,,0"
"USC00101671","1991-10","43.97775","-113.82913","1908.0","CHILLY BARTON FLAT, ID US","22.1","0","0.0","2,0","4",",0","2",",0","0",",0","0",",0","0",",0","0","1,0","25","1,0","4","1,0","12","1,0","0","1,0","","","19911030",",1,0","19911031","+,,0","19911031","+,,0","","","19911027",",,0","19911011","+,1,0","-17.2","1,0,30,","0",",T,0,31,+","0",",T,0,31,+","5.3",",,0,27,","26.7","1,0,11,+","637.4","0","381.7","1,0","11.2",",,,0","0",",T,,0","5.24","2,0","14.82","1,,,0","-4.34","1,,,0"
"USC00101671","1991-11","43.97775","-113.82913","1908.0","CHILLY BARTON FLAT, ID US","22.1","0","0.0",",0","13",",0","3",",0","0",",0","1","5,0","1","4,0","4",",0","30",",0","8",",0","0",",0","0",",0","","","19911103",",,0","19911129",",5,0","19911129",",4,0","","","19911101",",,0","19911110","+,,0","-25.6",",0,03,","25","5,,0,29,","51","4,,0,29,","8.9",",,0,01,","8.9",",0,10,+","1303.0","0","665.6",",0","29.1",",,,0","51","4,,,0","-3.85",",0","2.49",",,,0","-10.20",",,,0"
"USC00101671","1991-12","43.97775","-113.82913","1908.0","CHILLY BARTON FLAT, ID US","22.1","0","0.0",",0","2",",0","0",",0","0",",0","0","2,0","0","2,0","11",",0","31",",0","14",",0","0",",0","0",",0","","","19911221",",,0","19911231","+,2,0","19911213",",2,0","","","19911219",",,0","19911206",",,0","-22.2",",0,21,","0","2,,0,31,+","0","2,T,0,13,","1.3",",,0,19,","5.6",",0,06,","2096.4","0","793.4",",0","1.6",",,,0","0","2,T,,0","-7.26",",0","0.70",",,,0","-15.22",",,,0"
"USC00101671","1992-01","43.97775","-113.82913","1908.0","CHILLY BARTON FLAT, ID US","0.0","0","0.0","1,0","0","2,0","0","2,0","0","2,0","","","","","8","1,0","30","1,0","13","1,0","0","1,0","0","1,0","","","19920121",",1,0","","","","","","","19920123","+,2,0","19920131","+,1,0","-22.2","1,0,21,","","","","","0.0","2,T,0,23,+","6.7","1,0,31,+","2847.6","0","751.2","1,0","0.3",",a,,0","","","-6.71","1,0","0.90","1,,,0","-14.31","1,,,0"
"USC00101671","1992-02","43.97775","-113.82913","1908.0","CHILLY BARTON FLAT, ID US","0.0","0","0.0",",0","2",",0","0",",0","0",",0","","","","","0",",0","29",",0","0",",0","0",",0","0",",0","","","19920206",",,0","","","","","","","19920214",",,0","19920226",",,0","-17.2",",0,06,","","","","","1.8",",,0,14,","12.8",",0,26,","3425.0","0","577.4",",0","2.1",",,,0","","","-1.58",",0","5.29",",,,0","-8.44",",,,0"
"USC00101671","1992-03","43.97775","-113.82913","1908.0","CHILLY BARTON FLAT, ID US","0.0","0","0.0",",0","5",",0","0",",0","0",",0","0",",0","0",",0","0",",0","30",",0","0",",0","0",",0","0",",0","","","19920322",",,0","19920331","+,,0","19920331","+,,0","","","19920317",",,0","19920314","+,,0","-10.6",",0,22,","0",",,0,31,+","0",",,0,31,+","1.3",",,0,17,","15.6",",0,14,+","3882.0","0","457.0",",0","3.7",",,,0","0",",,,0","3.59",",0","11.61",",,,0","-4.43",",,,0"
"USC00101671","1992-04","43.97775","-113.82913","1908.0","CHILLY BARTON FLAT, ID US","0.0","0","0.0","1,0","5",",0","1",",0","0",",0","0",",0","0","1,0","0",",0","25",",0","0","1,0","5","1,0","0","1,0","","","19920407",",,0","19920430","+,,0","19920430","+,1,0","","","19920422",",,0","19920429",",1,0","-11.7",",0,07,","0",",,0,30,+","0","1,,0,30,+","4.8",",,0,22,","25.6","1,0,29,","4188.1","0","306.1","1,0","6.7",",,,0","0","1,,,0","7.62","1,0","17.13","1,,,0","-1.89",",,,0"
"USC00101671","1992-05","43.97775","-113.82913","1908.0","CHILLY BARTON FLAT, ID US","0.0","0","0.0",",0","2",",0","1",",0","0",",0","0",",0","0",",0","0",",0","9",",0","0",",0","19",",0","0",",0","","","19920512",",,0","19920531","+,,0","19920531","+,,0","","","19920515",",,0","19920505",",,0","-3.9",",0,12,","0",",,0,31,+","0",",,0,31,+","3.0",",,0,15,","28.9",",0,05,","4367.6","0","179.5",",0","4.5",",,,0","0",",,,0","12.54",",0","22.57",",,,0","2.51",",,,0"
"USC00101671","1992-06","43.97775","-113.82913","1908.0","CHILLY BARTON FLAT, ID US","7.0","0","7.0","1,0","13",",0","6",",0","0",",0","0",",0","0",",0","0",",0","2",",0","0","1,0","23","1,0","0","1,0","","","19920614","+,,0","19920630","+,,0","19920630","+,,0","","","19920629",",,0","19920624",",1,0","0.0",",0,14,+","0",",,0,30,+","0",",,0,30,+","14.5",",,0,29,","31.7","1,0,24,","4484.2","0","116.6","1,0","65.4",",,,0","0",",,,0","14.47","1,0","23.63","1,,,0","5.31",",,,0"
"USC00101671","1992-07","43.97775","-113.82913","1908.0","CHILLY BARTON FLAT, ID US","9.6","0","2.6",",0","5",",0","1",",0","0",",0","0",",0","0",",0","0",",0","0",",0","0",",0","29",",0","0",",0","","","19920701",",,0","19920731","+,,0","19920731","+,,0","","","19920701",",,0","19920731",",,0","2.2",",0,01,","0",",,0,31,+","0",",,0,31,+","3.0",",,0,01,","31.1",",0,31,","83.8","0","83.8",",0","7.6",",,,0","0",",,,0","15.71",",0","25.47",",,,0","5.95",",,,0"
"USC00101671","1992-08","43.97775","-113.82913","1908.0","CHILLY BARTON FLAT, ID US","34.0","0","24.4",",0","4",",0","0",",0","0",",0","0",",0","0",",0","0",",0","4",",0","0",",0","28",",0","8",",0","","","19920825",",,0","19920831","+,,0","19920831","+,,0","","","19920815",",,0","19920802",",,0","-4.4",",0,25,","0",",,0,31,+","0",",,0,31,+","1.8",",,0,15,","34.4",",0,02,","147.6","0","63.8",",0","3.4",",,,0","0",",,,0","17.06",",0","28.42",",,,0","5.70",",,,0"
"USC00101671","1992-09","43.97775","-113.82913","1908.0","CHILLY BARTON FLAT, ID US","34.0","0","0.0",",0","5",",0","1",",0","0",",0","0",",0","0",",0","0",",0","11",",0","0",",0","18",",0","0",",0","","","19920914",",,0","19920930","+,,0","19920930","+,,0","","","19920904",",,0","19920930","+,,0","-6.7",",0,14,","0",",,0,30,+","0",",,0,30,+","7.4",",,0,04,","26.1",",0,30,+","372.1","0","224.5",",0","11.8",",,,0","0",",,,0","10.85",",0","20.96",",,,0","0.74",",,,0"
"USC00101671","1992-10","43.97775","-113.82913","1908.0","CHILLY BARTON FLAT, ID US","34.0","0","0.0","1,0","6",",0","5",",0","0",",0","0",",0","0",",0","0",",0","21",",0","0","1,0","5","1,0","0","1,0","","","19921023",",,0","19921031","+,,0","19921031","+,,0","","","19921004",",,0","19921001",",1,0","-5.0",",0,23,","0",",,0,31,+","0",",,0,31,+","19.1",",,0,04,","26.1","1,0,01,","695.8","0","323.7","1,0","30.5",",,,0","0",",,,0","7.65","1,0","16.03","1,,,0","-0.73",",,,0"
"USC00101671","1992-11","43.97775","-113.82913","1908.0","CHILLY BARTON FLAT, ID US","34.0","0","0.0","2,0","8",",0","1",",0","0",",0","","","4","2,0","5",",0","30",",0","14","2,0","0","2,0","0","2,0","","","19921127","+,,0","","","19921102",",2,0","","","19921102",",,0","19921116",",2,0","-22.2",",0,27,+","","","38","2,,0,02,","4.1",",,0,02,","7.2","2,0,16,","1340.5","0","644.7","2,0","9.5",",,,0","113","2,,,0","-4.54","2,0","0.99","2,,,0","-10.07",",,,0"
"USC00101671","1992-12","43.97775","-113.82913","1908.0","CHILLY BARTON FLAT, ID US","34.0","0","0.0",",0","6",",0","0",",0","0",",0","","","1","4,0","11",",0","31",",0","25",",0","0",",0","0",",0","","","19921205",",,0","","","19921229",",4,0","","","19921230","+,,0","19921223","+,,0","-26.7",",0,05,","","","25","4,,0,29,","0.5",",,0,30,+","3.9",",0,23,+","2195.2","0","854.7",",0","2.4",",,,0","25","4,,,0","-9.24",",0","-3.24",",,,0","-15.23",",,,0"
"USC00101671","1993-01","43.97775","-113.82913","1908.0","CHILLY BARTON FLAT, ID US","0.0","0","0.0","1,0","6",",0","0",",0","0",",0","","","2","1,0","19",",0","31",",0","28","1,0","0","1,0","0","1,0","","","19930110","+,,0","","","19930122",",1,0","","","19930102",",,0","19930122",",1,0","-26.7",",0,10,+","","","102","1,,0,22,","1.3",",,0,02,","2.8","1,0,22,","3080.8","0","885.6","1,0","3.7",",,,0","168","1,,,0","-11.33","1,0","-4.33","1,,,0","-18.32",",,,0"
"USC00101671","1993-02","43.97775","-113.82913","1908.0","CHILLY BARTON FLAT, ID US","0.0","0","0.0","1,0","9",",0","1",",0","0",",0","","","6","1,0","14","1,0","27","1,0","18","1,0","0","1,0","0","1,0","","","19930217",",1,0","","","19930210",",1,0","","","19930210",",,0","19930202",",1,0","-30.6","1,0,17,","","","102","1,,0,10,","5.3",",,0,10,","5.0","1,0,02,","3817.0","0","736.2","1,0","14.3",",,,0","258","1,,,0","-8.94","1,0","-1.46","1,,,0","-16.41","1,,,0"
"USC00101671","1993-03","43.97775","-113.82913","1908.0","CHILLY BARTON FLAT, ID US","0.0","0","0.0","1,0","12",",0","5",",0","0",",0","20",",0","2",",0","1","1,0","28","1,0","4",",0","0",",0","0",",0","","","19930304",",1,0","19930305","+,,0","19930317",",,0","","","19930326",",,0","19930329","+,,0","-19.4","1,0,04,","279",",,0,05,+","51",",,0,17,","11.9",",,0,26,","11.7",",0,29,+","4383.0","0","566.0",",0","31.7",",,,0","84",",,,0","-0.56","1,0","5.46",",,,0","-6.58","1,,,0"
"USC00101671","1993-04","43.97775","-113.82913","1908.0","CHILLY BARTON FLAT, ID US","0.0","0","0.0","2,0","14",",0","2",",0","0",",0","0",",0","0",",0","0",",0","24",",0","0","2,0","0","2,0","0","2,0","","","19930413",",,0","19930430","+,,0","19930430","+,,0","","","19930422",",,0","19930422",",2,0","-8.3",",0,13,","0",",,0,30,+","0",",,0,30,+","3.8",",,0,22,","18.9","2,0,22,","4804.0","0","421.0","2,0","15.1",",,,0","0",",,,0","3.29","2,0","9.20","2,,,0","-2.61",",,,0"
"USC00101671","1993-05","43.97775","-113.82913","1908.0","CHILLY BARTON FLAT, ID US","0.0","0","0.0","1,0","6",",0","1",",0","0",",0","0",",0","0",",0","0",",0","7",",0","0","1,0","17","1,0","0","1,0","","","19930509",",,0","19930531","+,,0","19930531","+,,0","","","19930503",",,0","19930531","+,1,0","-5.0",",0,09,","0",",,0,31,+","0",",,0,31,+","2.8",",,0,03,","23.9","1,0,31,+","5015.5","0","211.5","1,0","7.7",",,,0","0",",,,0","11.25","1,0","19.86","1,,,0","2.64",",,,0"
"USC00101671","1993-06","43.97775","-113.82913","1908.0","CHILLY BARTON FLAT, ID US","0.0","0","0.0","3,0","13",",0","7",",0","0",",0","0",",0","0",",0","0","2,0","2","2,0","0","3,0","11","3,0","0","3,0","","","19930615","+,2,0","19930630","+,,0","19930630","+,,0","","","19930606",",,0","19930628",",3,0","-1.7","2,0,15,+","0",",,0,30,+","0",",,0,30,+","23.6",",,0,06,","26.1","3,0,28,","5217.9","0","202.4","3,0","83.6",",,,0","0",",,,0","10.99","3,0","18.46","3,,,0","3.52","2,,,0"
"USC00101671","1993-07","43.97775","-113.82913","1908.0","CHILLY BARTON FLAT, ID US","2.2","0","2.2","2,0","5",",0","3",",0","0",",0","0",",0","0",",0","0",",0","2",",0","0","2,0","15","2,0","0","2,0","","","19930718","+,,0","19930731","+,,0","19930731","+,,0","","","19930724",",,0","19930731","+,2,0","0.0",",0,18,+","0",",,0,31,+","0",",,0,31,+","13.2",",,0,24,","27.8","2,0,31,+","156.6","0","156.6","2,0","22.8",",,,0","0",",,,0","13.09","2,0","21.82","2,,,0","4.35",",,,0"
"USC00101671","1993-08","43.97775","-113.82913","1908.0","CHILLY BARTON FLAT, ID US","3.3","0","1.1",",0","9",",0","6",",0","0",",0","0",",0","0",",0","0",",0","4",",0","0",",0","27",",0","0",",0","","","19930830",",,0","19930831","+,,0","19930831","+,,0","","","19930812",",,0","19930802","+,,0","-1.7",",0,30,","0",",,0,31,+","0",",,0,31,+","8.1",",,0,12,","27.8",",0,02,+","287.4","0","130.8",",0","29.3",",,,0","0",",,,0","14.15",",0","23.99",",,,0","4.30",",,,0"
"USC00101671","1993-09","43.97775","-113.82913","1908.0","CHILLY BARTON FLAT, ID US","3.3","0","0.0","3,0","1",",0","0",",0","0",",0","0",",0","0",",0","0","1,0","12","1,0","0","2,0","17","2,0","0","2,0","","","19930922",",1,0","19930930","+,,0","19930930","+,,0","","","19930919",",,0","19930911","+,2,0","-6.7","1,0,22,","0",",,0,30,+","0",",,0,30,+","1.3",",,0,19,","27.8","2,0,11,+","484.3","0","196.9","2,0","1.3",",,,0","0",",,,0","11.13","3,0","21.67","2,,,0","0.59","1,,,0"
"USC00101671","1993-10","43.97775","-113.82913","1908.0","CHILLY BARTON FLAT, ID US","3.3","0","0.0",",0","6",",0","4",",0","0",",0","0",",0","0",",0","0",",0","23",",0","0",",0","6",",0","0",",0","","","19931030",",,0","19931031","+,,0","19931031","+,,0","","","19931008",",,0","19931004",",,0","-11.7",",0,30,","0",",,0,31,+","0",",,0,31,+","10.7",",,0,08,","23.9",",0,04,","872.5","0","388.2",",0","22.0",",,,0","0",",,,0","5.81",",0","13.94",",,,0","-2.31",",,,0"
"USC00101671","1993-11","43.97775","-113.82913","1908.0","CHILLY BARTON FLAT, ID US","3.3","0","0.0",",0","4",",0","1",",0","0",",0","","","1","2,0","4",",0","30",",0","6",",0","0",",0","0",",0","","","19931126",",,0","","","19931122",",2,0","","","19931122",",,0","19931102",",,0","-25.0",",0,26,","","","51","2,,0,22,","2.5",",,0,22,","13.9",",0,02,","1555.7","0","683.2",",0","4.3",",,,0","51","2,,,0","-4.44",",0","3.15",",,,0","-12.03",",,,0"
"USC00101671","1993-12","43.97775","-113.82913","1908.0","CHILLY BARTON FLAT, ID US","3.3","0","0.0","1,0","3",",0","1",",0","0",",0","31",",0","1",",0","11",",0","31",",0","19","1,0","0","1,0","0","1,0","","","19931218",",,0","19931231","+,,0","19931204",",,0","","","19931204",",,0","19931224",",1,0","-22.8",",0,18,","51",",,0,31,+","25",",,0,04,","12.7",",,0,04,","6.1","1,0,24,","2328.5","0","772.8","1,0","13.5",",,,0","46",",,,0","-7.54","1,0","-0.48","1,,,0","-14.59",",,,0"
"USC00101671","1994-01","43.97775","-113.82913","1908.0","CHILLY BARTON FLAT, ID US","0.0","0","0.0","3,0","3","1,0","1","1,0","0","1,0","22","3,0","2","1,0","2",",0","31",",0","8","3,0","0","3,0","0","3,0","","","19940131",",,0","19940109",",3,0","19940109",",1,0","","","19940109",",1,0","19940119",",3,0","-26.7",",0,31,","102","3,,0,09,","51","1,,0,09,","3.3","1,,0,09,","8.9","3,0,19,","2963.2","0","634.7","3,0","4.4","1,,,0","79","1,,,0","-4.26","3,0","2.54","3,,,0","-11.05",",,,0"
"USC00101671","1994-02","43.97775","-113.82913","1908.0","CHILLY BARTON FLAT, ID US","0.0","0","0.0",",0","5",",0","3",",0","0",",0","24","4,0","3","1,0","12",",0","28",",0","19",",0","0",",0","0",",0","","","19940203",",,0","19940227","+,4,0","19940218",",1,0","","","19940218",",,0","19940216",",,0","-26.1",",0,03,","152","4,,0,27,+","51","1,,0,18,","4.6",",,0,18,","6.1",",0,16,","3720.2","0","757.0",",0","11.5",",,,0","119","1,,,0","-8.70",",0","-1.16",",,,0","-16.25",",,,0"
"USC00101671","1994-03","43.97775","-113.82913","1908.0","CHILLY BARTON FLAT, ID US","0.0","0","0.0",",0","2",",0","0",",0","0",",0","1","1,0","0","1,0","0",",0","31",",0","0",",0","0",",0","0",",0","","","19940324",",,0","19940301",",1,0","19940331","+,1,0","","","19940319","+,,0","19940315",",,0","-12.2",",0,24,","25","1,,0,01,","0","1,,0,31,+","0.3",",,0,19,+","16.7",",0,15,","4235.7","0","515.5",",0","0.6",",,,0","0","1,,,0","1.70",",0","9.74",",,,0","-6.33",",,,0"
"USC00101671","1994-04","43.97775","-113.82913","1908.0","CHILLY BARTON FLAT, ID US","0.0","0","0.0","1,0","8",",0","3",",0","0",",0","0",",0","0",",0","0",",0","22",",0","0","1,0","5","1,0","0","1,0","","","19940408",",,0","19940430","+,,0","19940430","+,,0","","","19940424",",,0","19940421","+,1,0","-9.4",",0,08,","0",",,0,30,+","0",",,0,30,+","6.6",",,0,24,","23.3","1,0,21,+","4608.1","0","372.4","1,0","17.4",",,,0","0",",,,0","5.63","1,0","12.99","1,,,0","-1.74",",,,0"
"USC00101671","1994-05","43.97775","-113.82913","1908.0","CHILLY BARTON FLAT, ID US","0.0","0","0.0","4,0","9",",0","3",",0","0",",0","0",",0","0",",0","0","2,0","6","2,0","0","3,0","14","3,0","0","3,0","","","19940503","+,2,0","19940531","+,,0","19940531","+,,0","","","19940519",",,0","19940523","+,3,0","-8.9","2,0,03,+","0",",,0,31,+","0",",,0,31,+","13.2",",,0,19,","25.6","3,0,23,+","4820.6","0","212.5","3,0","25.3",",,,0","0",",,,0","10.65","4,0","19.44","3,,,0","1.86","2,,,0"
"USC00101671","1994-06","43.97775","-113.82913","1908.0","CHILLY BARTON FLAT, ID US","7.8","0","7.8","3,0","6",",0","1",",0","0",",0","0",",0","0",",0","0","1,0","7","1,0","0","2,0","21","2,0","0","2,0","","","19940617","+,1,0","19940630","+,,0","19940630","+,,0","","","19940601",",,0","19940620",",2,0","-2.8","1,0,17,+","0",",,0,30,+","0",",,0,30,+","3.0",",,0,01,","31.1","2,0,20,","4947.6","0","127.0","2,0","6.9",",,,0","0",",,,0","14.07","3,0","24.06","2,,,0","4.08","1,,,0"
"USC00101671","1994-07","43.97775","-113.82913","1908.0","CHILLY BARTON FLAT, ID US","20.6","0","12.8","2,0","7",",0","2",",0","0",",0","0",",0","0",",0","0",",0","1",",0","0","2,0","28","2,0","2","2,0","","","19940706",",,0","19940731","+,,0","19940731","+,,0","3","","19940724",",,0","19940722","+,2,0","0.0",",0,06,","0",",,0,31,+","0",",,0,31,+","4.3",",,0,24,","32.2","2,0,22,+","52.3","0","52.3","2,0","13.0",",,,0","0",",,,0","17.14","2,0","27.44","2,,,0","6.84",",,,0"
"USC00101671","1994-08","43.97775","-113.82913","1908.0","CHILLY BARTON FLAT, ID US","30.8","0","10.2","1,0","5",",0","1",",0","0",",0","0",",0","0",",0","0",",0","0",",0","0","1,0","30","1,0","7","1,0","","","19940823",",,0","19940831","+,,0","19940831","+,,0","","","19940803",",,0","19940810","+,1,0","1.7",",0,23,","0",",,0,31,+","0",",,0,31,+","2.8",",,0,03,","32.2","1,0,10,+","90.1","0","37.8","1,0","6.3",",,,0","0",",,,0","17.42","1,0","28.92","1,,,0","5.91",",,,0"
"USC00101671","1994-09","43.97775","-113.82913","1908.0","CHILLY BARTON FLAT, ID US","30.8","0","0.0",",0","2",",0","0",",0","0",",0","0",",0","0",",0","0",",0","3",",0","0",",0","23",",0","0",",0","","","19940905",",,0","19940930","+,,0","19940930","+,,0","","","19940929",",,0","19940908",",,0","-1.7",",0,05,","0",",,0,30,+","0",",,0,30,+","2.3",",,0,29,","28.3",",0,08,","249.1","0","159.0",",0","4.3",",,,0","0",",,,0","13.03",",0","23.62",",,,0","2.45",",,,0"
"USC00101671","1994-10","43.97775","-113.82913","1908.0","CHILLY BARTON FLAT, ID US","30.8","0","0.0","2,0","7",",0","3",",0","0",",0","0",",0","0",",0","0","2,0","22","2,0","0","1,0","0","1,0","0","1,0","","","19941030",",2,0","19941031","+,,0","19941015",",,0","","","19941005",",,0","19941010","+,1,0","-13.3","2,0,30,","0",",,0,31,+","8",",,0,15,","4.6",",,0,05,","19.4","1,0,10,+","648.3","0","399.2","1,0","13.8",",,,0","8",",,,0","4.61","2,0","12.78","1,,,0","-3.57","2,,,0"
"USC00101671","1994-11","43.97775","-113.82913","1908.0","CHILLY BARTON FLAT, ID US","30.8","0","0.0","1,0","7","2,0","0","2,0","0","2,0","11",",0","1","2,0","3",",0","29",",0","17","1,0","0","1,0","0","1,0","","","19941122",",,0","19941120",",,0","19941120",",2,0","","","19941130","+,2,0","19941101",",1,0","-25.0",",0,22,","51",",,0,20,","51","2,,0,20,","1.3","2,,0,30,+","10.0","1,0,01,","1358.1","0","709.8","1,0","4.6","2,,,0","95","2,,,0","-6.17","1,0","-0.32","1,,,0","-12.02",",,,0"
"USC00101671","1994-12","43.97775","-113.82913","1908.0","CHILLY BARTON FLAT, ID US","30.8","0","0.0","1,0","6",",0","1",",0","0",",0","31",",0","2",",0","12","1,0","30","1,0","24",",0","0",",0","0",",0","","","19941231",",1,0","19941222","+,,0","19941212","+,,0","","","19941204",",,0","19941225",",,0","-25.6","1,0,31,","102",",,0,22,+","25",",,0,12,+","2.5",",,0,04,","3.9",",0,25,","2161.3","0","803.2",",0","7.1",",,,0","74",",,,0","-8.48","1,0","-2.29",",,,0","-14.66","1,,,0"
"USC00101671","1995-01","43.97775","-113.82913","1908.0","CHILLY BARTON FLAT, ID US","0.0","0","0.0",",0","7",",0","1",",0","0",",0","31",",0","3",",0","9",",0","30",",0","19",",0","0",",0","0",",0","","","19950101",",,0","19950131","+,,0","19950126",",,0","","","19950126",",,0","19950111",",,0","-29.4",",0,01,","152",",,0,31,+","38",",,0,26,","2.8",",,0,26,","3.9",",0,11,","2968.8","0","807.5",",0","8.7",",,,0","114",",,,0","-7.72",",0","-1.25",",,,0","-14.19",",,,0"
"USC00101671","1995-02","43.97775","-113.82913","1908.0","CHILLY BARTON FLAT, ID US","0.0","0","0.0",",0","4",",0","0",",0","0",",0","26",",0","3",",0","2",",0","28",",0","5",",0","0",",0","0",",0","","","19950215",",,0","19950214","+,,0","19950214","+,,0","","","19950202",",,0","19950219",",,0","-21.7",",0,15,","127",",,0,14,+","25",",,0,14,+","1.3",",,0,02,","10.6",",0,19,","3545.9","0","577.1",",0","4.1",",,,0","75",",,,0","-2.28",",0","4.95",",,,0","-9.50",",,,0"
"USC00101671","1995-03","43.97775","-113.82913","1908.0","CHILLY BARTON FLAT, ID US","0.0","0","0.0",",0","11",",0","5",",0","1",",0","0",",0","0",",0","0",",0","27",",0","3",",0","0",",0","0",",0","","","19950307",",,0","19950331","+,,0","19950331","+,,0","","","19950311",",,0","19950331",",,0","-15.0",",0,07,","0",",,0,31,+","0",",,0,31,+","26.2",",,0,11,","12.2",",0,31,","4120.5","0","574.6",",0","50.8",",,,0","0",",,,0","-0.20",",0","4.86",",,,0","-5.27",",,,0"
"USC00101671","1995-04","43.97775","-113.82913","1908.0","CHILLY BARTON FLAT, ID US","0.0","0","0.0",",0","12",",0","4",",0","0",",0","0",",0","1",",0","0",",0","23",",0","0",",0","0",",0","0",",0","","","19950416",",,0","19950430","+,,0","19950414",",,0","","","19950425",",,0","19950404",",,0","-8.3",",0,16,","0",",,0,30,+","76",",,0,14,","3.8",",,0,25,","15.6",",0,04,","4549.4","0","428.9",",0","17.9",",,,0","90",",,,0","4.04",",0","10.52",",,,0","-2.45",",,,0"
"USC00101671","1995-05","43.97775","-113.82913","1908.0","CHILLY BARTON FLAT, ID US","0.0","0","0.0",",0","18",",0","7",",0","0",",0","0",",0","1",",0","0",",0","14",",0","0",",0","1",",0","0",",0","","","19950514","+,,0","19950531","+,,0","19950506",",,0","","","19950506",",,0","19950530",",,0","-3.3",",0,14,+","0",",,0,31,+","76",",,0,06,","21.1",",,0,06,","21.1",",0,30,","4880.5","0","331.1",",0","63.9",",,,0","76",",,,0","7.65",",0","14.58",",,,0","0.72",",,,0"
"USC00101671","1995-06","43.97775","-113.82913","1908.0","CHILLY BARTON FLAT, ID US","0.0","0","0.0","1,0","19",",0","8",",0","1",",0","0","4,0","2",",0","0",",0","4",",0","0","1,0","11","1,0","0","1,0","","","19950619",",,0","19950630","+,4,0","19950606",",,0","","","19950606",",,0","19950625",",1,0","-2.8",",0,19,","0","4,,0,30,+","76",",,0,06,","26.9",",,0,06,","26.1","1,0,25,","5090.7","0","210.2","1,0","69.8",",,,0","127",",,,0","11.13","1,0","18.48","1,,,0","3.79",",,,0"
"USC00101671","1995-07","43.97775","-113.82913","1908.0","CHILLY BARTON FLAT, ID US","4.2","0","4.2","2,0","12",",0","4",",0","0",",0","0",",0","0",",0","0",",0","0",",0","0","2,0","28","2,0","0","2,0","","","19950731",",,0","19950731","+,,0","19950731","+,,0","","","19950721",",,0","19950728",",2,0","1.7",",0,31,","0",",,0,31,+","0",",,0,31,+","9.1",",,0,21,","30.6","2,0,28,","64.7","0","64.7","2,0","26.4",",,,0","0",",,,0","16.24","2,0","25.95","2,,,0","6.53",",,,0"
"USC00101671","1995-08","43.97775","-113.82913","1908.0","CHILLY BARTON FLAT, ID US","5.9","0","1.7",",0","5",",0","2",",0","0",",0","0",",0","0",",0","0",",0","1",",0","0",",0","30",",0","0",",0","","","19950819",",,0","19950831","+,,0","19950831","+,,0","","","19950821",",,0","19950806",",,0","-1.1",",0,19,","0",",,0,31,+","0",",,0,31,+","21.1",",,0,21,","30.0",",0,06,","150.4","0","85.7",",0","29.5",",,,0","0",",,,0","15.62",",0","26.30",",,,0","4.95",",,,0"
"USC00101671","1995-09","43.97775","-113.82913","1908.0","CHILLY BARTON FLAT, ID US","7.1","0","1.2","1,0","4",",0","0",",0","0",",0","0",",0","0",",0","0",",0","7",",0","0","1,0","17","1,0","0","1,0","","","19950922",",,0","19950930","+,,0","19950930","+,,0","","","19950918",",,0","19950902",",1,0","-6.1",",0,22,","0",",,0,30,+","0",",,0,30,+","1.5",",,0,18,","31.1","1,0,02,","324.3","0","173.9","1,0","2.4",",,,0","0",",,,0","12.40","1,0","22.43","1,,,0","2.37",",,,0"
"USC00101671","1995-10","43.97775","-113.82913","1908.0","CHILLY BARTON FLAT, ID US","7.1","0","0.0","2,0","4",",0","2",",0","0",",0","0",",0","0",",0","0","1,0","24","1,0","0","2,0","0","2,0","0","2,0","","","19951024","+,1,0","19951031","+,,0","19951007","+,,0","","","19951007",",,0","19951011",",2,0","-12.2","1,0,24,+","0",",,0,31,+","13",",,0,07,+","3.8",",,0,07,","20.6","2,0,11,","726.1","0","401.8","2,0","10.0",",,,0","26",",,,0","4.61","2,0","13.14","2,,,0","-3.91","1,,,0"
"USC00101671","1995-11","43.97775","-113.82913","1908.0","CHILLY BARTON FLAT, ID US","7.1","0","0.0","3,0","7",",0","2",",0","0",",0","0",",0","0",",0","0",",0","27",",0","0","3,0","0","3,0","0","3,0","","","19951102",",,0","19951130","+,,0","19951126",",,0","","","19951126",",,0","19951114",",3,0","-16.7",",0,02,","0",",,0,30,+","5",",,0,26,","6.4",",,0,26,","15.0","3,0,14,","1177.0","0","450.9","3,0","15.1",",,,0","5",",,,0","1.61","3,0","8.27","3,,,0","-5.06",",,,0"
"USC00101671","1995-12","43.97775","-113.82913","1908.0","CHILLY BARTON FLAT, ID US","7.1","0","0.0",",0","8",",0","4",",0","0",",0","8",",0","2",",0","7",",0","31",",0","13",",0","0",",0","0",",0","","","19951227","+,,0","19951231",",,0","19951231",",,0","","","19951212",",,0","19951201",",,0","-18.9",",0,27,+","76",",,0,31,","38",",,0,31,","6.4",",,0,12,","9.4",",0,01,","1905.4","0","728.4",",0","20.4",",,,0","79",",,,0","-5.16",",0","1.14",",,,0","-11.47",",,,0"
"USC00101671","1996-01","43.97775","-113.82913","1908.0","CHILLY BARTON FLAT, ID US","0.0","0","0.0","2,0","5",",0","0",",0","0",",0","29","2,0","2",",0","9","1,0","30","1,0","17","1,0","0","1,0","0","1,0","","","19960131",",1,0","19960131","+,2,0","19960129","+,,0","","","19960129","+,,0","19960111","+,1,0","-31.7","1,0,31,","76","2,,0,31,+","25",",,0,29,+","2.0",",,0,29,+","4.4","1,0,11,+","2680.0","0","774.6","1,0","6.3",",,,0","66",",,,0","-8.26","2,0","-1.17","1,,,0","-15.36","1,,,0"
"USC00101671","1996-02","43.97775","-113.82913","1908.0","CHILLY BARTON FLAT, ID US","0.0","0","0.0","2,0","5",",0","1",",0","0",",0","9",",0","1",",0","7",",0","29",",0","10","2,0","0","2,0","0","2,0","","","19960202",",,0","19960203","+,,0","19960224",",,0","","","19960222",",,0","19960214",",2,0","-32.2",",0,02,","76",",,0,03,+","25",",,0,24,","2.5",",,0,22,","12.2","2,0,14,","3307.0","0","627.0","2,0","5.0",",,,0","25",",,,0","-4.62","2,0","2.27","2,,,0","-11.50",",,,0"
"USC00101671","1996-03","43.97775","-113.82913","1908.0","CHILLY BARTON FLAT, ID US","0.0","0","0.0","3,0","8","1,0","3","1,0","0","1,0","3",",0","3",",0","0",",0","31",",0","0","3,0","0","3,0","0","3,0","","","19960301",",,0","19960306","+,,0","19960328",",,0","","","19960328",",1,0","19960321",",3,0","-13.9",",0,01,","51",",,0,06,+","76",",,0,28,","6.6","1,,0,28,","13.3","3,0,21,","3790.6","0","483.6","3,0","18.1","1,,,0","173",",,,0","1.06","3,0","7.78","3,,,0","-5.66",",,,0"
"USC00101671","1996-04","43.97775","-113.82913","1908.0","CHILLY BARTON FLAT, ID US","0.0","0","0.0","5,0","9",",0","1",",0","0",",0","0",",0","0",",0","0",",0","23",",0","0","5,0","2","5,0","0","5,0","","","19960414",",,0","19960430","+,,0","19960422","+,,0","","","19960417",",,0","19960409","+,5,0","-8.9",",0,14,","0",",,0,30,+","13",",,0,22,+","5.8",",,0,17,","21.1","5,0,09,+","4140.9","0","350.3","5,0","13.1",",,,0","34",",,,0","4.53","5,0","11.64","5,,,0","-2.59",",,,0"
"USC00101671","1996-05","43.97775","-113.82913","1908.0","CHILLY BARTON FLAT, ID US","0.0","0","0.0","2,0","16",",0","5",",0","0",",0","0",",0","0",",0","0",",0","15",",0","0","2,0","2","2,0","0","2,0","","","19960503",",,0","19960531","+,,0","19960531","+,,0","","","19960528",",,0","19960513",",2,0","-8.3",",0,03,","0",",,0,31,+","0",",,0,31,+","12.7",",,0,28,","23.3","2,0,13,","4459.2","0","318.3","2,0","46.1",",,,0","0",",,,0","7.53","2,0","14.48","2,,,0","0.57",",,,0"
"USC00101671","1996-06","43.97775","-113.82913","1908.0","CHILLY BARTON FLAT, ID US","1.7","0","1.7","1,0","5",",0","0",",0","0",",0","0",",0","0",",0","0",",0","1",",0","0","1,0","25","1,0","0","1,0","","","19960620",",,0","19960630","+,,0","19960630","+,,0","","","19960625",",,0","19960609","+,1,0","-3.3",",0,20,","0",",,0,30,+","0",",,0,30,+","1.5",",,0,25,","29.4","1,0,09,+","4570.1","0","110.9","1,0","4.8",",,,0","0",",,,0","14.61","1,0","24.46","1,,,0","4.76",",,,0"
"USC00101671","1996-07","43.97775","-113.82913","1908.0","CHILLY BARTON FLAT, ID US","32.3","0","30.6",",0","4",",0","1",",0","0",",0","0",",0","0",",0","0",",0","0",",0","0",",0","31",",0","1",",0","","","19960719",",,0","19960731","+,,0","19960731","+,,0","","","19960729",",,0","19960702",",,0","2.2",",0,19,","0",",,0,31,+","0",",,0,31,+","10.9",",,0,29,","32.2",",0,02,","17.0","0","17.0",",0","14.0",",,,0","0",",,,0","18.77",",0","29.01",",,,0","8.53",",,,0"
"USC00101671","1996-08","43.97775","-113.82913","1908.0","CHILLY BARTON FLAT, ID US","48.7","0","16.4","3,0","3",",0","1",",0","0",",0","0",",0","0",",0","0","1,0","1","1,0","0","2,0","29","2,0","2","2,0","","","19960819",",1,0","19960831","+,,0","19960831","+,,0","","","19960815",",,0","19960812","+,2,0","0.0","1,0,19,","0",",,0,31,+","0",",,0,31,+","8.1",",,0,15,","32.2","2,0,12,+","71.7","0","54.7","2,0","10.9",",,,0","0",",,,0","17.14","3,0","27.70","2,,,0","6.59","1,,,0"
"USC00101671","1996-09","43.97775","-113.82913","1908.0","CHILLY BARTON FLAT, ID US","48.7","0","0.0","1,0","3",",0","1",",0","0",",0","0",",0","0",",0","0","1,0","10","1,0","0",",0","16",",0","0",",0","","","19960923",",1,0","19960930","+,,0","19960930","+,,0","","","19960916",",,0","19960910","+,,0","-7.8","1,0,23,","0",",,0,30,+","0",",,0,30,+","4.6",",,0,16,","27.8",",0,10,+","294.6","0","222.9",",0","5.9",",,,0","0",",,,0","10.78","1,0","20.29",",,,0","1.26","1,,,0"
"USC00101671","1996-10","43.97775","-113.82913","1908.0","CHILLY BARTON FLAT, ID US","48.7","0","0.0",",0","7",",0","1",",0","0",",0","1",",0","1",",0","0",",0","21",",0","0",",0","12",",0","0",",0","","","19961021",",,0","19961025",",,0","19961025",",,0","","","19961025",",,0","19961010",",,0","-13.9",",0,21,","25",",,0,25,","25",",,0,25,","3.0",",,0,25,","25.6",",0,10,","693.0","0","398.4",",0","9.2",",,,0","38",",,,0","5.48",",0","14.21",",,,0","-3.25",",,,0"
"USC00101671","1996-11","43.97775","-113.82913","1908.0","CHILLY BARTON FLAT, ID US","48.7","0","0.0",",0","9",",0","3",",0","0",",0","4",",0","4",",0","1",",0","29",",0","5",",0","0",",0","0",",0","","","19961130",",,0","19961130","+,,0","19961130","+,,0","","","19961122",",,0","19961113",",,0","-19.4",",0,30,","25",",,0,30,+","25",",,0,30,+","5.6",",,0,22,","13.9",",0,13,","1269.6","0","576.6",",0","15.7",",,,0","100",",,,0","-0.89",",0","5.50",",,,0","-7.27",",,,0"
"USC00101671","1996-12","43.97775","-113.82913","1908.0","CHILLY BARTON FLAT, ID US","48.7","0","0.0","2,0","16",",0","4",",0","0",",0","31",",0","5",",0","6","1,0","29","1,0","16","1,0","0","1,0","0","1,0","","","19961204",",1,0","19961221","+,,0","19961213","+,,0","","","19961211",",,0","19961231","+,1,0","-23.3","1,0,04,","152",",,0,21,+","51",",,0,13,+","7.1",",,0,11,","5.6","1,0,31,+","1987.1","0","717.5","1,0","28.3",",,,0","216",",,,0","-6.38","2,0","-0.73","1,,,0","-12.03","1,,,0"
"USC00101671","1997-01","43.97775","-113.82913","1908.0","CHILLY BARTON FLAT, ID US","0.0","0","0.0","4,0","6",",0","3",",0","0",",0","30","1,0","1",",0","9",",0","29",",0","12","4,0","0","4,0","0","4,0","","","19970113",",,0","19970125","+,1,0","19970111",",,0","","","19970102",",,0","19970101",",4,0","-24.4",",0,13,","51","1,,0,25,+","25",",,0,11,","16.8",",,0,02,","6.1","4,0,01,","2662.0","0","674.9","4,0","27.0",",,,0","38",",,,0","-6.53","4,0","-0.59","4,,,0","-12.47",",,,0"
"USC00101671","1997-02","43.97775","-113.82913","1908.0","CHILLY BARTON FLAT, ID US","0.0","0","0.0",",0","2",",0","2",",0","0",",0","18","1,0","0","1,0","5",",0","28",",0","13",",0","0",",0","0",",0","","","19970209","+,,0","19970219","+,1,0","19970214","+,1,0","","","19970217",",,0","19970216","+,,0","-21.7",",0,09,+","25","1,,0,19,+","0","1,T,0,14,+","6.4",",,0,17,","7.8",",0,16,+","3311.3","0","649.3",",0","8.9",",,,0","0","1,T,,0","-4.86",",0","1.44",",,,0","-11.15",",,,0"
"USC00101671","1997-03","43.97775","-113.82913","1908.0","CHILLY BARTON FLAT, ID US","0.0","0","0.0","2,0","4",",0","0",",0","0",",0","0",",0","0",",0","0",",0","30",",0","5","2,0","0","2,0","0","2,0","","","19970305",",,0","19970302",",,0","19970316","+,,0","","","19970327",",,0","19970320",",2,0","-16.7",",0,05,","0",",T,0,02,","0",",T,0,16,+","1.5",",,0,27,","15.6","2,0,20,","3821.2","0","509.9","2,0","2.8",",,,0","0",",T,,0","0.72","2,0","7.61","2,,,0","-6.16",",,,0"
"USC00101671","1997-04","43.97775","-113.82913","1908.0","CHILLY BARTON FLAT, ID US","0.0","0","0.0","2,0","8",",0","3",",0","0",",0","0",",0","0",",0","0",",0","23",",0","1","2,0","0","2,0","0","2,0","","","19970413","+,,0","19970430","+,,0","19970430","+,,0","","","19970427","+,,0","19970427","+,2,0","-11.7",",0,13,+","0",",,0,30,+","0",",,0,30,+","4.1",",,0,27,+","17.8","2,0,27,+","4252.4","0","431.2","2,0","15.1",",,,0","0",",,,0","3.05","2,0","9.84","2,,,0","-3.74",",,,0"
"USC00101671","1997-05","43.97775","-113.82913","1908.0","CHILLY BARTON FLAT, ID US","0.0","0","0.0","1,0","9",",0","2",",0","0",",0","0",",0","0",",0","0",",0","9",",0","0","1,0","15","1,0","0","1,0","","","19970502",",,0","19970531","+,,0","19970531","+,,0","","","19970524",",,0","19970514","+,1,0","-7.8",",0,02,","0",",,0,31,+","0",",,0,31,+","5.8",",,0,24,","25.0","1,0,14,+","4493.2","0","240.8","1,0","15.7",",,,0","0",",,,0","10.34","1,0","18.89","1,,,0","1.79",",,,0"
"USC00101671","1997-06","43.97775","-113.82913","1908.0","CHILLY BARTON FLAT, ID US","0.3","0","0.3","2,0","9",",0","4",",0","0",",0","0",",0","0",",0","0",",0","2",",0","0","2,0","19","2,0","0","2,0","","","19970624",",,0","19970630","+,,0","19970630","+,,0","","","19970610",",,0","19970626",",2,0","-1.7",",0,24,","0",",,0,30,+","0",",,0,30,+","9.9",",,0,10,","26.7","2,0,26,","4621.7","0","128.5","2,0","28.6",",,,0","0",",,,0","13.76","2,0","21.99","2,,,0","5.52",",,,0"
"USC00101671","1997-07","43.97775","-113.82913","1908.0","CHILLY BARTON FLAT, ID US","","","","","10",",0","4",",0","0",",0","0",",0","0",",0","0","3,0","0","3,0","0","5,0","22","5,0","0","5,0","","","19970705","+,3,0","19970731","+,,0","19970731","+,,0","","","19970729",",,0","19970716","+,5,0","0.6","3,0,05,+","0",",,0,31,+","0",",,0,31,+","9.9",",,0,29,","31.7","5,0,16,+","","","","","24.7",",,,0","0",",,,0","16.11","6,0","25.64","5,,,0","6.58","3,,,0"
"USC00101671","1997-09","43.97775","-113.82913","1908.0","CHILLY BARTON FLAT, ID US","","","0.0","2,0","4",",0","1",",0","0",",0","0",",0","0",",0","0","1,0","5","1,0","0","2,0","19","2,0","0","2,0","","","19970928",",1,0","19970930","+,,0","19970930","+,,0","","","19970911",",,0","19970908",",2,0","-2.2","1,0,28,","0",",,0,30,+","0",",,0,30,+","10.4",",,0,11,","27.2","2,0,08,","","","142.4","2,0","13.7",",,,0","0",",,,0","13.25","2,0","22.19","2,,,0","4.31","1,,,0"
"USC00101671","1997-10","43.97775","-113.82913","1908.0","CHILLY BARTON FLAT, ID US","","","0.0","2,0","6",",0","4",",0","0",",0","1",",0","0","1,0","0",",0","27",",0","0","2,0","2","2,0","0","2,0","","","19971025",",,0","19971023",",,0","19971011","+,1,0","","","19971011",",,0","19971001",",2,0","-10.0",",0,25,","25",",,0,23,","0","1,T,0,11,+","8.4",",,0,11,","25.0","2,0,01,","","","383.8","2,0","20.5",",,,0","0","1,T,,0","5.21","2,0","12.99","2,,,0","-2.56",",,,0"
"USC00101671","1997-11","43.97775","-113.82913","1908.0","CHILLY BARTON FLAT, ID US","","","0.0",",0","2",",0","0",",0","0",",0","3",",0","1",",0","1",",0","30",",0","0",",0","0",",0","0",",0","","","19971116",",,0","19971128","+,,0","19971126",",,0","","","19971126",",,0","19971106","+,,0","-18.3",",0,16,","25",",,0,28,+","25",",,0,26,","0.8",",,0,26,","14.4",",0,06,+","","","597.8",",0","1.3",",,,0","25",",,,0","-1.59",",0","5.74",",,,0","-8.92",",,,0"
"USC00101671","1997-12","43.97775","-113.82913","1908.0","CHILLY BARTON FLAT, ID US","","","0.0","1,0","2",",0","0",",0","0",",0","10","2,0","0","1,0","10",",0","31",",0","15","1,0","0","1,0","0","1,0","","","19971225",",,0","19971224","+,2,0","19971227","+,1,0","","","19971218",",,0","19971230",",1,0","-22.2",",0,25,","51","2,,0,24,+","0","1,T,0,27,+","1.8",",,0,18,","9.4","1,0,30,","","","757.1","1,0","2.1",",,,0","0","1,T,,0","-6.90","1,0","-0.22","1,,,0","-13.58",",,,0"
"USC00101671","1998-01","43.97775","-113.82913","1908.0","CHILLY BARTON FLAT, ID US","0.0","0","0.0","1,0","8",",0","1",",0","0",",0","24",",0","11",",0","5",",0","31",",0","12","1,0","0","1,0","0","1,0","","","19980109",",,0","19980125","+,,0","19980119","+,,0","","","19980117",",,0","19980128","+,1,0","-23.9",",0,09,","76",",,0,25,+","51",",,0,19,+","2.5",",,0,17,","4.4","1,0,28,+","","","699.9","1,0","6.3",",,,0","353",",,,0","-5.20","1,0","1.07","1,,,0","-11.48",",,,0"
"USC00101671","1998-02","43.97775","-113.82913","1908.0","CHILLY BARTON FLAT, ID US","0.0","0","0.0",",0","2",",0","0",",0","0",",0","15",",0","1",",0","4",",0","28",",0","6",",0","0",",0","0",",0","","","19980228",",,0","19980215","+,,0","19980222",",,0","","","19980207",",,0","19980204",",,0","-21.1",",0,28,","25",",,0,15,+","25",",,0,22,","0.8",",,0,07,","6.7",",0,04,","","","638.7",",0","1.3",",,,0","38",",,,0","-4.48",",0","1.50",",,,0","-10.45",",,,0"
"USC00101671","1998-03","43.97775","-113.82913","1908.0","CHILLY BARTON FLAT, ID US","0.0","0","0.0","2,0","6",",0","1",",0","0",",0","11",",0","1",",0","2",",0","28",",0","4","2,0","0","2,0","0","2,0","","","19980305",",,0","19980304","+,,0","19980303",",,0","","","19980303",",,0","19980322","+,2,0","-21.1",",0,05,","76",",,0,04,+","76",",,0,03,","2.5",",,0,03,","11.7","2,0,22,+","","","541.4","2,0","7.6",",,,0","89",",,,0","-0.43","2,0","6.18","2,,,0","-7.04",",,,0"
"USC00101671","1998-04","43.97775","-113.82913","1908.0","CHILLY BARTON FLAT, ID US","0.0","0","0.0","1,0","13",",0","4",",0","0",",0","0",",0","1",",0","0",",0","26",",0","0","1,0","1","1,0","0","1,0","","","19980418",",,0","19980407","+,,0","19980414",",,0","","","19980411",",,0","19980430",",1,0","-7.8",",0,18,","0",",T,0,07,+","76",",,0,14,","4.8",",,0,11,","21.7","1,0,30,","","","416.4","1,0","24.2",",,,0","76",",,,0","4.03","1,0","10.62","1,,,0","-2.56",",,,0"
"USC00101671","1998-05","43.97775","-113.82913","1908.0","CHILLY BARTON FLAT, ID US","0.0","0","0.0","2,0","17",",0","9",",0","0",",0","0",",0","0",",0","0",",0","12",",0","0","2,0","2","2,0","0","2,0","","","19980528",",,0","19980531","+,,0","19980531","+,,0","","","19980517",",,0","19980502","+,2,0","-3.9",",0,28,","0",",,0,31,+","0",",,0,31,+","16.3",",,0,17,","21.7","2,0,02,+","","","295.3","2,0","67.2",",,,0","0",",,,0","8.19","2,0","15.61","2,,,0","0.77",",,,0"
"USC00101671","1998-06","43.97775","-113.82913","1908.0","CHILLY BARTON FLAT, ID US","0.0","0","0.0","1,0","19",",0","10",",0","0",",0","0",",0","0",",0","0",",0","1",",0","0","1,0","5","1,0","0","1,0","","","19980605",",,0","19980630","+,,0","19980630","+,,0","","","19980624",",,0","19980630",",1,0","-2.8",",0,05,","0",",,0,30,+","0",",,0,30,+","16.3",",,0,24,","25.6","1,0,30,","","","227.5","1,0","71.8",",,,0","0",",,,0","10.51","1,0","17.54","1,,,0","3.47",",,,0"
"USC00101671","1998-07","43.97775","-113.82913","1908.0","CHILLY BARTON FLAT, ID US","22.0","0","22.0","1,0","8",",0","3",",0","0",",0","0",",0","0",",0","0",",0","0",",0","0","1,0","30","1,0","4","1,0","","","19980731",",,0","19980731","+,,0","19980731","+,,0","","","19980710",",,0","19980718",",1,0","5.0",",0,31,","0",",,0,31,+","0",",,0,31,+","14.7",",,0,10,","33.9","1,0,18,","21.5","0","21.5","1,0","34.6",",,,0","0",",,,0","18.38","1,0","28.56","1,,,0","8.20",",,,0"
"USC00101671","1998-08","43.97775","-113.82913","1908.0","CHILLY BARTON FLAT, ID US","32.8","0","10.8","1,0","4",",0","1",",0","0",",0","0",",0","0",",0","0",",0","0",",0","0","1,0","30","1,0","1","1,0","","","19980825",",,0","19980831","+,,0","19980831","+,,0","","","19980810",",,0","19980806",",1,0","1.7",",0,25,","0",",,0,31,+","0",",,0,31,+","3.6",",,0,10,","32.2","1,0,06,","57.8","0","36.3","1,0","7.1",",,,0","0",",,,0","17.56","1,0","28.17","1,,,0","6.96",",,,0"
"USC00101671","1998-09","43.97775","-113.82913","1908.0","CHILLY BARTON FLAT, ID US","38.4","0","5.6","5,0","9",",0","2",",0","0",",0","0",",0","0",",0","0","3,0","6","3,0","0","3,0","19","3,0","0","3,0","","","19980923",",3,0","19980930","+,,0","19980930","+,,0","","","19980906",",,0","19980904","+,3,0","-1.1","3,0,23,","0",",,0,30,+","0",",,0,30,+","17.3",",,0,06,","31.1","3,0,04,+","166.1","0","108.3","3,0","26.8",",,,0","0",",,,0","14.13","5,0","23.02","3,,,0","5.23","3,,,0"
"USC00101671","1998-10","43.97775","-113.82913","1908.0","CHILLY BARTON FLAT, ID US","38.4","0","0.0","3,0","4",",0","1",",0","0",",0","0",",0","0",",0","0","1,0","25","1,0","0","2,0","1","2,0","0","2,0","","","19981031",",1,0","19981031","+,,0","19981031","+,,0","1","","19981002",",,0","19981001",",2,0","-10.6","1,0,31,","0",",,0,31,+","0",",,0,31,+","4.8",",,0,02,","23.9","2,0,01,","529.8","0","363.7","2,0","8.2",",,,0","0",",,,0","5.39","3,0","14.37","2,,,0","-3.58","1,,,0"
"USC00101671","1998-11","43.97775","-113.82913","1908.0","CHILLY BARTON FLAT, ID US","38.4","0","0.0","2,0","9",",0","2",",0","0",",0","0",",0","0",",0","0","1,0","28","1,0","4","1,0","0","1,0","0","1,0","","","19981112","+,1,0","19981130","+,,0","19981130","+,,0","","","19981124",",,0","19981101",",1,0","-11.1","1,0,12,+","0",",,0,30,+","0",",,0,30,+","4.3",",,0,24,","10.0","1,0,01,","1064.4","0","534.6","1,0","10.0",",,,0","0",",,,0","-0.66","2,0","3.85","1,,,0","-5.16","1,,,0"
"USC00101671","1998-12","43.97775","-113.82913","1908.0","CHILLY BARTON FLAT, ID US","38.4","0","0.0",",0","7",",0","1",",0","0",",0","28",",0","2",",0","11",",0","30",",0","19",",0","0",",0","0",",0","","","19981222",",,0","19981228",",,0","19981204",",,0","","","19981204",",,0","19981202",",,0","-27.8",",0,22,","76",",,0,28,","51",",,0,04,","6.4",",,0,04,","6.7",",0,02,","1892.9","0","828.5",",0","9.3",",,,0","89",",,,0","-8.39",",0","-2.40",",,,0","-14.39",",,,0"
"USC00101671","1999-01","43.97775","-113.82913","1908.0","CHILLY BARTON FLAT, ID US","0.0","0","0.0","2,0","2",",0","1",",0","0",",0","29","2,0","0","1,0","3","2,0","29","2,0","15",",0","0",",0","0",",0","","","19990125",",2,0","19990131","+,2,0","19990131","+,1,0","","","19990118",",,0","19990105",",,0","-27.2","2,0,25,","102","2,,0,31,+","0","1,,0,31,+","5.6",",,0,18,","6.7",",0,05,","2581.2","0","688.3",",0","6.6",",,,0","0","1,,,0","-5.33","2,0","0.63",",,,0","-11.28","2,,,0"
"USC00101671","1999-02","43.97775","-113.82913","1908.0","CHILLY BARTON FLAT, ID US","","","","","7",",0","1",",0","0",",0","28",",0","2",",0","5","1,0","27","1,0","","","","","","","","","19990211",",1,0","19990210",",,0","19990209",",,0","","","19990209",",,0","","","-23.9","1,0,11,","305",",,0,10,","127",",,0,09,","4.8",",,0,09,","","","","","","","8.7",",,,0","152",",,,0","","","","","-13.47","1,,,0"
"USC00101671","1999-03","43.97775","-113.82913","1908.0","CHILLY BARTON FLAT, ID US","","","0.0","3,0","5",",0","0",",0","0",",0","21",",0","1",",0","4","1,0","29","1,0","5","2,0","0","2,0","0","2,0","","","19990306",",1,0","19990308","+,,0","19990307",",,0","","","19990322",",,0","19990325",",2,0","-21.7","1,0,06,","152",",,0,08,+","38",",,0,07,","2.0",",,0,22,","14.4","2,0,25,","","","577.9","2,0","3.9",",,,0","38",",,,0","-2.43","3,0","4.77","2,,,0","-9.64","1,,,0"
"USC00101671","1999-04","43.97775","-113.82913","1908.0","CHILLY BARTON FLAT, ID US","","","0.0","5,0","3",",0","3",",0","0",",0","2",",0","0",",0","0","2,0","22","2,0","0","3,0","0","3,0","0","3,0","","","19990417",",2,0","19990410","+,,0","19990430","+,,0","","","19990428",",,0","19990426",",3,0","-13.9","2,0,17,","25",",,0,10,+","0",",,0,30,+","9.1",",,0,28,","18.9","3,0,26,","","","368.9","3,0","16.5",",,,0","0",",,,0","3.45","5,0","10.66","3,,,0","-3.75","2,,,0"
"USC00101671","1999-05","43.97775","-113.82913","1908.0","CHILLY BARTON FLAT, ID US","","","0.0","3,0","13",",0","6",",0","0",",0","0",",0","0",",0","0","1,0","15","1,0","0","2,0","7","2,0","0","2,0","","","19990511",",1,0","19990531","+,,0","19990531","+,,0","","","19990501",",,0","19990524",",2,0","-7.2","1,0,11,","0",",,0,31,+","0",",,0,31,+","16.8",",,0,01,","25.6","2,0,24,","","","297.5","2,0","53.0",",,,0","0",",,,0","7.71","3,0","15.49","2,,,0","-0.07","1,,,0"
"USC00101671","1999-06","43.97775","-113.82913","1908.0","CHILLY BARTON FLAT, ID US","","","0.0","1,0","5",",0","3",",0","0",",0","0",",0","0",",0","0",",0","5",",0","0","1,0","17","1,0","0","1,0","","","19990609",",,0","19990630","+,,0","19990630","+,,0","","","19990614",",,0","19990620",",1,0","-6.1",",0,09,","0",",,0,30,+","0",",,0,30,+","15.2",",,0,14,","27.8","1,0,20,","","","168.8","1,0","37.6",",,,0","0",",,,0","12.58","1,0","20.67","1,,,0","4.49",",,,0"
"USC00101671","1999-07","43.97775","-113.82913","1908.0","CHILLY BARTON FLAT, ID US","","","12.3","2,0","1",",0","1",",0","0",",0","0",",0","0",",0","0",",0","1",",0","0","2,0","29","2,0","1","2,0","","","19990705",",,0","19990731","+,,0","19990731","+,,0","","","19990729",",,0","19990720",",2,0","-0.6",",0,05,","0",",,0,31,+","0",",,0,31,+","8.1",",,0,29,","33.3","2,0,20,","56.5","0","56.5","2,0","8.1",",,,0","0",",,,0","16.94","2,0","27.68","2,,,0","6.19",",,,0"
"USC00101671","1999-08","43.97775","-113.82913","1908.0","CHILLY BARTON FLAT, ID US","","","3.4","4,0","15",",0","8",",0","0",",0","0",",0","0",",0","0","1,0","0","1,0","0","3,0","26","3,0","0","3,0","","","19990816","+,1,0","19990831","+,,0","19990831","+,,0","","","19990828",",,0","19990802",",3,0","2.8","1,0,16,+","0",",,0,31,+","0",",,0,31,+","10.7",",,0,28,","30.0","3,0,02,","120.5","0","64.0","3,0","49.1",",,,0","0",",,,0","16.16","4,0","26.03","3,,,0","6.29","1,,,0"
"USC00101671","1999-09","43.97775","-113.82913","1908.0","CHILLY BARTON FLAT, ID US","","","0.0","4,0","2",",0","1",",0","0",",0","0",",0","0",",0","0","3,0","11","3,0","0","4,0","16","4,0","0","4,0","","","19990929","+,3,0","19990930","+,,0","19990930","+,,0","","","19990904",",,0","19990909",",4,0","-8.9","3,0,29,+","0",",,0,30,+","0",",,0,30,+","3.0",",,0,04,","26.7","4,0,09,","323.0","0","202.5","4,0","3.8",",,,0","0",",,,0","10.56","4,0","21.07","4,,,0","0.05","3,,,0"
"USC00101671","1999-10","43.97775","-113.82913","1908.0","CHILLY BARTON FLAT, ID US","","","0.0","4,0","1",",0","1",",0","0",",0","0",",0","0",",0","0",",0","26",",0","0","4,0","7","4,0","0","4,0","","","19991019","+,,0","19991031","+,,0","19991031","+,,0","","","19991027",",,0","19991011",",4,0","-8.3",",0,19,+","0",",,0,31,+","0",",,0,31,+","7.9",",,0,27,","22.8","4,0,11,","609.5","0","286.5","4,0","7.9",",,,0","0",",,,0","7.68","4,0","18.57","4,,,0","-3.21",",,,0"
"USC00101671","1999-11","43.97775","-113.82913","1908.0","CHILLY BARTON FLAT, ID US","","","0.0","2,0","2",",0","0",",0","0",",0","0",",0","0",",0","0","1,0","26","1,0","3","1,0","0","1,0","0","1,0","","","19991123",",1,0","19991130","+,,0","19991130","+,,0","","","19991120",",,0","19991114","+,1,0","-17.2","1,0,23,","0",",,0,30,+","0",",,0,30,+","1.5",",,0,20,","16.7","1,0,14,+","1062.0","0","452.5","1,0","1.8",",,,0","0",",,,0","2.08","2,0","10.43","1,,,0","-6.28","1,,,0"
"USC00101671","1999-12","43.97775","-113.82913","1908.0","CHILLY BARTON FLAT, ID US","","","0.0","2,0","3",",0","0",",0","0",",0","25",",0","2",",0","4",",0","31",",0","16","2,0","0","2,0","0","2,0","","","19991214",",,0","19991221","+,,0","19991213","+,,0","","","19991207",",,0","19991227",",2,0","-21.7",",0,14,","51",",,0,21,+","25",",,0,13,+","1.5",",,0,07,","8.3","2,0,27,","1770.2","0","708.2","2,0","2.6",",,,0","56",",,,0","-5.95","2,0","0.78","2,,,0","-12.68",",,,0"
"USC00101671","2000-01","43.97775","-113.82913","1908.0","CHILLY BARTON FLAT, ID US","0.0","0","0.0","1,0","4",",0","1",",0","0",",0","31",",0","5",",0","7",",0","31",",0","20","1,0","0","1,0","0","1,0","","","20000129",",,0","20000114","+,,0","20000111",",,0","","","20000111",",,0","20000116","+,1,0","-25.0",",0,29,","102",",,0,14,+","51",",,0,11,","3.0",",,0,11,","6.1","1,0,16,+","2526.5","0","756.3","1,0","7.1",",,,0","151",",,,0","-6.92","1,0","-0.80","1,,,0","-13.04",",,,0"
"USC00101671","2000-02","43.97775","-113.82913","1908.0","CHILLY BARTON FLAT, ID US","0.0","0","0.0","2,0","6",",0","2",",0","0",",0","26","3,0","3","1,0","2","1,0","28","1,0","5","2,0","0","2,0","0","2,0","","","20000220","+,1,0","20000226","+,3,0","20000228","+,1,0","","","20000214",",,0","20000210","+,2,0","-20.6","1,0,20,+","102","3,,0,26,+","25","1,,0,28,+","4.8",",,0,14,","8.3","2,0,10,+","3107.9","0","581.4","2,0","12.3",",,,0","88","1,,,0","-3.10","2,0","3.42","2,,,0","-9.61","1,,,0"
"USC00101671","2000-03","43.97775","-113.82913","1908.0","CHILLY BARTON FLAT, ID US","0.0","0","0.0","2,0","5",",0","0",",0","0",",0","22",",0","3",",0","0",",0","31",",0","0","2,0","0","2,0","0","2,0","","","20000302",",,0","20000310","+,,0","20000319","+,,0","","","20000309",",,0","20000327",",2,0","-11.7",",0,02,","51",",,0,10,+","25",",,0,19,+","2.0",",,0,09,","15.0","2,0,27,","3651.3","0","543.4","2,0","5.1",",,,0","75",",,,0","-0.36","2,0","6.26","2,,,0","-6.99",",,,0"
"USC00101671","2000-04","43.97775","-113.82913","1908.0","CHILLY BARTON FLAT, ID US","0.0","0","0.0","4,0","8",",0","3",",0","0",",0","0",",0","0",",0","0",",0","22",",0","0","4,0","3","4,0","0","4,0","","","20000408",",,0","20000430","+,,0","20000430","+,,0","","","20000409",",,0","20000427",",4,0","-6.7",",0,08,","0",",,0,30,+","0",",,0,30,+","10.9",",,0,09,","22.8","4,0,27,","3953.1","0","301.8","4,0","26.0",",,,0","0",",,,0","6.79","4,0","14.68","4,,,0","-1.10",",,,0"
"USC00101671","2000-05","43.97775","-113.82913","1908.0","CHILLY BARTON FLAT, ID US","0.0","0","0.0","1,0","7",",0","5",",0","0",",0","0",",0","0",",0","0","1,0","13","1,0","0",",0","12",",0","0",",0","","","20000519",",1,0","20000508",",,0","20000531","+,,0","","","20000508",",,0","20000523","+,,0","-8.3","1,0,19,","0",",T,0,08,","0",",,0,31,+","9.1",",,0,08,","25.6",",0,23,+","4212.5","0","259.4",",0","35.6",",,,0","0",",,,0","9.68","1,0","18.00",",,,0","1.36","1,,,0"
"USC00101671","2000-06","43.97775","-113.82913","1908.0","CHILLY BARTON FLAT, ID US","2.5","0","2.5","3,0","1",",0","0",",0","0",",0","0",",0","0",",0","0","3,0","3","3,0","0","3,0","24","3,0","0","3,0","","","20000601",",3,0","20000630","+,,0","20000630","+,,0","","","20000619",",,0","20000630","+,3,0","-3.3","3,0,01,","0",",,0,30,+","0",",,0,30,+","1.8",",,0,19,","29.4","3,0,30,+","4305.2","0","92.7","3,0","1.8",",,,0","0",",,,0","14.99","3,0","24.80","3,,,0","5.19","3,,,0"
"USC00101671","2000-07","43.97775","-113.82913","1908.0","CHILLY BARTON FLAT, ID US","32.4","0","29.9","2,0","4","1,0","4","1,0","0","1,0","0",",0","0",",0","0","1,0","0","1,0","0","2,0","29","2,0","4","2,0","","","20000713","+,1,0","20000731","+,,0","20000731","+,,0","","","20000718",",1,0","20000731",",2,0","4.4","1,0,13,+","0",",,0,31,+","0",",,0,31,+","7.6","1,,0,18,","34.4","2,0,31,","25.7","0","25.7","2,0","17.8","1,,,0","0",",,,0","18.46","2,0","28.84","2,,,0","8.08","1,,,0"
"USC00101671","2000-08","43.97775","-113.82913","1908.0","CHILLY BARTON FLAT, ID US","60.7","0","28.3","5,0","3",",0","1",",0","0",",0","0",",0","0",",0","0",",0","0",",0","0","5,0","26","5,0","4","5,0","","","20000827",",,0","20000831","+,,0","20000831","+,,0","","","20000804",",,0","20000802",",5,0","3.3",",0,27,","0",",,0,31,+","0",",,0,31,+","9.1",",,0,04,","34.4","5,0,02,","42.3","0","16.6","5,0","11.9",",,,0","0",",,,0","18.63","5,0","29.85","5,,,0","7.42",",,,0"
"USC00101671","2000-09","43.97775","-113.82913","1908.0","CHILLY BARTON FLAT, ID US","61.0","0","0.3","3,0","6",",0","2",",0","0",",0","0",",0","0",",0","0","1,0","9","1,0","0","2,0","17","2,0","0","2,0","","","20000924",",1,0","20000930","+,,0","20000930","+,,0","","","20000902",",,0","20000915",",2,0","-5.6","1,0,24,","0",",,0,30,+","0",",,0,30,+","16.5",",,0,02,","29.4","2,0,15,","214.3","0","172.0","2,0","35.6",",,,0","0",",,,0","11.79","3,0","20.67","2,,,0","2.91","1,,,0"
"USC00101671","2000-10","43.97775","-113.82913","1908.0","CHILLY BARTON FLAT, ID US","61.0","0","0.0","3,0","11",",0","6",",0","0",",0","0",",0","0",",0","0","2,0","22","2,0","0","3,0","1","3,0","0","3,0","","","20001006",",2,0","20001031","+,,0","20001031","+,,0","","","20001011",",,0","20001001",",3,0","-7.8","2,0,06,","0",",,0,31,+","0",",,0,31,+","17.3",",,0,11,","21.7","3,0,01,","573.6","0","359.3","3,0","49.1",",,,0","0",",,,0","5.61","3,0","12.99","3,,,0","-1.77","2,,,0"
"USC00101671","2000-11","43.97775","-113.82913","1908.0","CHILLY BARTON FLAT, ID US","61.0","0","0.0",",0","7",",0","0",",0","0",",0","23",",0","3","1,0","3",",0","30",",0","13",",0","0",",0","0",",0","","","20001117",",,0","20001127","+,,0","20001115",",1,0","","","20001114",",,0","20001122","+,,0","-20.6",",0,17,","76",",,0,27,+","30","1,,0,15,","1.5",",,0,14,","6.7",",0,22,+","1296.4","0","722.8",",0","5.4",",,,0","111","1,,,0","-5.76",",0","0.96",",,,0","-12.48",",,,0"
"USC00101671","2000-12","43.97775","-113.82913","1908.0","CHILLY BARTON FLAT, ID US","61.0","0","0.0","1,0","3",",0","0",",0","0",",0","31",",0","3",",0","3","1,0","30","1,0","21",",0","0",",0","0",",0","","","20001219",",1,0","20001231","+,,0","20001224",",,0","","","20001224",",,0","20001205",",,0","-20.6","1,0,19,","51",",,0,31,+","38",",,0,24,","2.3",",,0,24,","5.6",",0,05,","2063.1","0","766.7",",0","4.9",",,,0","101",",,,0","-7.14","1,0","-0.71",",,,0","-13.57","1,,,0"
"USC00101671","2001-01","43.97775","-113.82913","1908.0","CHILLY BARTON FLAT, ID US","0.0","0","0.0","1,0","3",",0","2",",0","0",",0","31",",0","1",",0","10",",0","31",",0","16","1,0","0","1,0","0","1,0","","","20010129",",,0","20010130",",,0","20010131",",,0","","","20010131",",,0","20010107","+,1,0","-25.0",",0,29,","127",",,0,30,","64",",,0,31,","5.6",",,0,31,","4.4","1,0,07,+","2844.5","0","781.4","1,0","11.2",",,,0","77",",,,0","-7.88","1,0","-0.39","1,,,0","-15.36",",,,0"
"USC00101671","2001-02","43.97775","-113.82913","1908.0","CHILLY BARTON FLAT, ID US","0.0","0","0.0","5,0","0",",0","0",",0","0",",0","28",",0","0",",0","8",",0","28",",0","11","5,0","0","5,0","0","5,0","","","20010208",",,0","20010222","+,,0","20010215",",,0","","","20010220","+,,0","20010226","+,5,0","-23.9",",0,08,","76",",,0,22,+","8",",,0,15,","0.0",",T,0,20,+","3.3","5,0,26,+","3452.3","0","607.8","5,0","0.0",",T,,0","8",",,,0","-8.09","5,0","-0.60","5,,,0","-15.58",",,,0"
"USC00101671","2001-03","43.97775","-113.82913","1908.0","CHILLY BARTON FLAT, ID US","","","","","2",",0","1",",0","0",",0","12",",0","1",",0","1","1,0","30","1,0","1","5,0","0","5,0","0","5,0","","","20010301",",1,0","20010306","+,,0","20010309",",,0","","","20010309",",,0","20010323",",5,0","-21.7","1,0,01,","51",",,0,06,+","25",",,0,09,","2.8",",,0,09,","15.0","5,0,23,","","","","","3.1",",,,0","25",",,,0","1.60","6,0","8.38","5,,,0","-5.17","1,,,0"
"USC00101671","2001-04","43.97775","-113.82913","1908.0","CHILLY BARTON FLAT, ID US","","","0.0","5,0","8",",0","4",",0","0",",0","2","2,0","1","1,0","0",",0","26",",0","0","5,0","1","5,0","0","5,0","","","20010403",",,0","20010421","+,2,0","20010412",",1,0","","","20010420",",,0","20010427",",5,0","-11.1",",0,03,","25","2,,0,21,+","76","1,,0,12,","5.8",",,0,20,","21.7","5,0,27,","","","376.8","5,0","22.1",",,,0","89","1,,,0","3.51","5,0","10.18","5,,,0","-3.16",",,,0"
"USC00101671","2001-05","43.97775","-113.82913","1908.0","CHILLY BARTON FLAT, ID US","","","0.0","5,0","2",",0","0",",0","0",",0","0",",0","0","1,0","0","1,0","11","1,0","0","5,0","15","5,0","0","5,0","","","20010506",",1,0","20010531","+,,0","20010531","+,1,0","","","20010531","+,,0","20010524",",5,0","-5.6","1,0,06,","0",",,0,31,+","0","1,,0,31,+","0.5",",,0,31,+","29.4","5,0,24,","","","186.3","5,0","1.0",",,,0","0","1,,,0","11.30","5,0","21.08","5,,,0","1.52","1,,,0"
"USC00101671","2001-06","43.97775","-113.82913","1908.0","CHILLY BARTON FLAT, ID US","","","","","4",",0","2",",0","0",",0","0",",0","0",",0","0","3,0","3","3,0","","","","","","","","","20010614","+,3,0","20010630","+,,0","20010630","+,,0","","","20010603",",,0","","","-2.2","3,0,14,+","0",",,0,30,+","0",",,0,30,+","5.6",",,0,03,","","","","","","","10.5",",,,0","0",",,,0","","","","","4.80","3,,,0"
"USC00101671","2001-07","43.97775","-113.82913","1908.0","CHILLY BARTON FLAT, ID US","","","17.7","3,0","8",",0","2",",0","0",",0","0",",0","0",",0","0",",0","0",",0","0","3,0","27","3,0","4","3,0","","","20010721","+,,0","20010731","+,,0","20010731","+,,0","","","20010720",",,0","20010704","+,3,0","5.0",",0,21,+","0",",,0,31,+","0",",,0,31,+","7.4",",,0,20,","33.3","3,0,04,+","34.1","0","34.1","3,0","19.4",",,,0","0",",,,0","17.89","3,0","27.29","3,,,0","8.48",",,,0"
"USC00101671","2001-08","43.97775","-113.82913","1908.0","CHILLY BARTON FLAT, ID US","","","16.1","2,0","4",",0","3",",0","0",",0","0",",0","0",",0","0",",0","0",",0","0","2,0","29","2,0","3","2,0","","","20010804",",,0","20010831","+,,0","20010831","+,,0","","","20010812",",,0","20010807",",2,0","5.0",",0,04,","0",",,0,31,+","0",",,0,31,+","5.6",",,0,12,","33.3","2,0,07,","59.4","0","25.3","2,0","11.7",",,,0","0",",,,0","18.17","2,0","28.78","2,,,0","7.55",",,,0"
"USC00101671","2001-09","43.97775","-113.82913","1908.0","CHILLY BARTON FLAT, ID US","","","1.1","4,0","3",",0","2",",0","0",",0","0",",0","0",",0","0",",0","5",",0","0","4,0","22","4,0","0","4,0","","","20010930","+,,0","20010930","+,,0","20010930","+,,0","","","20010916",",,0","20010904","+,4,0","-1.7",",0,30,+","0",",,0,30,+","0",",,0,30,+","9.4",",,0,16,","29.4","4,0,04,+","181.0","0","121.6","4,0","16.5",",,,0","0",",,,0","13.82","4,0","24.20","4,,,0","3.44",",,,0"
"USC00101671","2001-10","43.97775","-113.82913","1908.0","CHILLY BARTON FLAT, ID US","","","0.0","3,0","2",",0","0",",0","0",",0","0",",0","0",",0","0","1,0","17","1,0","0","2,0","4","2,0","0","2,0","","","20011026","+,1,0","20011031","+,,0","20011031","+,,0","","","20011023",",,0","20011002",",2,0","-8.9","1,0,26,+","0",",,0,31,+","0",",,0,31,+","1.3",",,0,23,","25.6","2,0,02,","504.8","0","323.8","2,0","2.3",",,,0","0",",,,0","6.77","3,0","15.09","2,,,0","-1.54","1,,,0"
"USC00101671","2001-11","43.97775","-113.82913","1908.0","CHILLY BARTON FLAT, ID US","","","0.0","3,0","2",",0","1",",0","0",",0","0",",0","0",",0","0","1,0","28","1,0","5","3,0","0","3,0","0","3,0","","","20011128",",1,0","20011130","+,,0","20011130","+,,0","","","20011118",",,0","20011104",",3,0","-17.2","1,0,28,","0",",,0,30,+","0",",,0,30,+","2.8",",,0,18,","16.1","3,0,04,","989.8","0","485.0","3,0","3.3",",,,0","0",",,,0","0.23","3,0","7.86","3,,,0","-7.39","1,,,0"
"USC00101671","2001-12","43.97775","-113.82913","1908.0","CHILLY BARTON FLAT, ID US","","","0.0","4,0","3",",0","3",",0","0",",0","29",",0","3",",0","17","1,0","30","1,0","25","3,0","0","3,0","0","3,0","","","20011223",",1,0","20011218","+,,0","20011203",",,0","","","20011203",",,0","20011228",",3,0","-25.6","1,0,23,","178",",,0,18,+","89",",,0,03,","15.2",",,0,03,","2.8","3,0,28,","1773.7","0","783.9","3,0","24.9",",,,0","237",",,,0","-10.67","4,0","-3.96","3,,,0","-17.38","1,,,0"
"USC00101671","2002-01","43.97775","-113.82913","1908.0","CHILLY BARTON FLAT, ID US","0.0","0","0.0","1,0","6",",0","2",",0","0",",0","31",",0","4","2,0","12",",0","31",",0","27","1,0","0","1,0","0","1,0","","","20020130","+,,0","20020131","+,,0","20020103",",2,0","","","20020127",",,0","20020112",",1,0","-26.7",",0,30,+","305",",,0,31,+","127","2,,0,03,","7.6",",,0,27,","4.4","1,0,12,","2623.0","0","849.3","1,0","16.7",",,,0","241","2,,,0","-9.84","1,0","-4.02","1,,,0","-15.65",",,,0"
"USC00101671","2002-02","43.97775","-113.82913","1908.0","CHILLY BARTON FLAT, ID US","0.0","0","0.0","3,0","0","1,0","0","1,0","0","1,0","28",",0","1","1,0","16","1,0","27","1,0","15","3,0","0","3,0","0","3,0","","","20020226",",1,0","20020211","+,,0","20020208",",1,0","","","20020228","+,1,0","20020223",",3,0","-27.2","1,0,26,","305",",,0,11,+","25","1,,0,08,","0.0","1,T,0,28,+","5.6","3,0,23,","3321.8","0","698.8","3,0","0.0","1,T,,0","25","1,,,0","-9.71","3,0","-1.62","3,,,0","-17.80","1,,,0"
"USC00101671","2002-03","43.97775","-113.82913","1908.0","CHILLY BARTON FLAT, ID US","0.0","0","0.0","2,0","1",",0","1",",0","0",",0","27",",0","1",",0","6",",0","30",",0","10","2,0","0","2,0","0","2,0","","","20020303",",,0","20020305","+,,0","20020325",",,0","","","20020325",",,0","20020331",",2,0","-22.8",",0,03,","203",",,0,05,+","51",",,0,25,","3.8",",,0,25,","16.7","2,0,31,","3938.5","0","616.7","2,0","3.8",",,,0","51",",,,0","-3.14","2,0","3.87","2,,,0","-10.15",",,,0"
"USC00101671","2002-04","43.97775","-113.82913","1908.0","CHILLY BARTON FLAT, ID US","","","","","5",",0","1",",0","0",",0","0",",0","0",",0","0","1,0","22","1,0","","","","","","","","","20020424",",1,0","20020430","+,,0","20020430","+,,0","","","20020414",",,0","","","-11.1","1,0,24,","0",",,0,30,+","0",",,0,30,+","7.6",",,0,14,","","","","","","","10.4",",,,0","0",",,,0","","","","","-2.85","1,,,0"
"USC00101671","2002-05","43.97775","-113.82913","1908.0","CHILLY BARTON FLAT, ID US","","","","","4",",0","2",",0","0",",0","0",",0","0",",0","0","2,0","15","2,0","","","","","","","","","20020509","+,2,0","20020531","+,,0","20020531","+,,0","","","20020521",",,0","","","-8.9","2,0,09,+","0",",,0,31,+","0",",,0,31,+","10.4",",,0,21,","","","","","","","15.1",",,,0","0",",,,0","","","","","0.51","2,,,0"
"USC00101671","2002-06","43.97775","-113.82913","1908.0","CHILLY BARTON FLAT, ID US","","","8.4","5,0","8",",0","6",",0","0",",0","0",",0","0",",0","0","1,0","4","1,0","0","5,0","15","5,0","0","5,0","","","20020609",",1,0","20020630","+,,0","20020630","+,,0","","","20020602",",,0","20020626",",5,0","-2.8","1,0,09,","0",",,0,30,+","0",",,0,30,+","10.7",",,0,02,","31.7","5,0,26,","","","126.0","5,0","36.6",",,,0","0",",,,0","13.97","5,0","22.37","5,,,0","5.56","1,,,0"
"USC00101671","2002-07","43.97775","-113.82913","1908.0","CHILLY BARTON FLAT, ID US","","","46.1","3,0","6",",0","1",",0","0",",0","0",",0","0",",0","0",",0","0",",0","0","3,0","28","3,0","5","3,0","","","20020709",",,0","20020731","+,,0","20020731","+,,0","","","20020719",",,0","20020712","+,3,0","5.6",",0,09,","0",",,0,31,+","0",",,0,31,+","2.8",",,0,19,","35.6","3,0,12,+","3.7","0","3.7","3,0","8.9",",,,0","0",",,,0","20.01","3,0","29.79","3,,,0","10.24",",,,0"
"USC00101671","2002-08","43.97775","-113.82913","1908.0","CHILLY BARTON FLAT, ID US","","","","","6",",0","2",",0","0",",0","0",",0","0",",0","0",",0","0",",0","","","","","","","","","20020822",",,0","20020831","+,,0","20020831","+,,0","","","20020827",",,0","","","0.6",",0,22,","0",",,0,31,+","0",",,0,31,+","4.3",",,0,27,","","","","","","","11.2",",,,0","0",",,,0","","","","","5.83",",,,0"
"USC00101671","2002-09","43.97775","-113.82913","1908.0","CHILLY BARTON FLAT, ID US","","","1.1","5,0","2",",0","1",",0","0",",0","0",",0","0",",0","0",",0","8",",0","0","5,0","18","5,0","0","5,0","","","20020930",",,0","20020930","+,,0","20020930","+,,0","","","20020907",",,0","20020903",",5,0","-4.4",",0,30,","0",",,0,30,+","0",",,0,30,+","4.8",",,0,07,","28.3","5,0,03,","","","140.7","5,0","6.3",",,,0","0",",,,0","12.84","5,0","22.86","5,,,0","2.82",",,,0"
"USC00101671","2002-10","43.97775","-113.82913","1908.0","CHILLY BARTON FLAT, ID US","","","","","2",",0","1",",0","0",",0","0",",0","0","1,0","1",",0","28",",0","","","","","","","","","20021031",",,0","20021031",",,0","20021031",",1,0","","","20021023",",,0","","","-18.3",",0,31,","0",",T,0,31,","13","1,,0,31,","6.4",",,0,23,","","","","","","","6.9",",,,0","13","1,,,0","","","","","-4.87",",,,0"
"USC00101671","2002-11","43.97775","-113.82913","1908.0","CHILLY BARTON FLAT, ID US","","","0.0","2,0","4",",0","2",",0","0",",0","1",",0","1",",0","2",",0","29",",0","1","2,0","0","2,0","0","2,0","","","20021101",",,0","20021124",",,0","20021124",",,0","","","20021123",",,0","20021121",",2,0","-18.9",",0,01,","51",",,0,24,","38",",,0,24,","10.7",",,0,23,","11.7","2,0,21,","","","554.8","2,0","14.0",",,,0","51",",,,0","-1.39","2,0","5.46","2,,,0","-8.23",",,,0"
"USC00101671","2002-12","43.97775","-113.82913","1908.0","CHILLY BARTON FLAT, ID US","","","0.0","2,0","3",",0","2",",0","0",",0","16",",0","1",",0","6","2,0","29","2,0","15","1,0","0","1,0","0","1,0","","","20021226",",2,0","20021219","+,,0","20021217",",,0","","","20021217",",,0","20021207","+,1,0","-23.9","2,0,26,","102",",,0,19,+","76",",,0,17,","4.1",",,0,17,","7.2","1,0,07,+","","","690.1","1,0","7.9",",,,0","79",",,,0","-5.47","2,0","0.11","1,,,0","-11.04","2,,,0"
"USC00101671","2003-01","43.97775","-113.82913","1908.0","CHILLY BARTON FLAT, ID US","0.0","0","0.0","2,0","6",",0","0",",0","0",",0","28","3,0","1",",0","0","1,0","30","1,0","6","2,0","0","2,0","0","2,0","","","20030109","+,1,0","20030124","+,3,0","20030105",",,0","","","20030130",",,0","20030131","+,2,0","-16.7","1,0,09,+","76","3,,0,24,+","25",",,0,05,","2.3",",,0,30,","7.8","2,0,31,+","","","647.8","2,0","5.4",",,,0","38",",,,0","-4.06","2,0","2.61","2,,,0","-10.73","1,,,0"
"USC00101671","2003-02","43.97775","-113.82913","1908.0","CHILLY BARTON FLAT, ID US","0.0","0","0.0","2,0","0",",0","0",",0","0",",0","27",",0","0",",0","5",",0","27",",0","11","2,0","0","2,0","0","2,0","","","20030225",",,0","20030211","+,,0","20030214",",,0","","","20030223","+,,0","20030201",",2,0","-24.4",",0,25,","51",",,0,11,+","0",",T,0,14,","0.0",",T,0,23,+","7.8","2,0,01,","","","630.9","2,0","0.0",",T,,0","0",",T,,0","-5.63","2,0","0.87","2,,,0","-12.13",",,,0"
"USC00101671","2003-03","43.97775","-113.82913","1908.0","CHILLY BARTON FLAT, ID US","0.0","0","0.0","5,0","1",",0","0",",0","0",",0","9",",0","0",",0","0","3,0","24","3,0","1","4,0","0","4,0","0","4,0","","","20030302",",3,0","20030309","+,,0","20030303",",,0","","","20030303",",,0","20030331",",4,0","-14.4","3,0,02,","25",",,0,09,+","20",",,0,03,","0.8",",,0,03,","17.2","4,0,31,","","","446.8","4,0","0.8",",,,0","20",",,,0","1.31","5,0","7.70","4,,,0","-5.08","3,,,0"
"USC00101671","2003-04","43.97775","-113.82913","1908.0","CHILLY BARTON FLAT, ID US","","","","","13",",0","5",",0","0",",0","0",",0","3",",0","0","2,0","21","2,0","0","4,0","0","4,0","0","4,0","","","20030404",",2,0","20030430","+,,0","20030415","+,,0","","","20030425",",,0","20030410",",4,0","-10.6","2,0,04,","0",",,0,30,+","64",",,0,15,+","10.9",",,0,25,","18.3","4,0,10,","","","","","39.2",",,,0","174",",,,0","3.56","6,0","9.47","4,,,0","-2.36","2,,,0"
"USC00101671","2003-05","43.97775","-113.82913","1908.0","CHILLY BARTON FLAT, ID US","","","5.3","4,0","5",",0","1",",0","0",",0","0",",0","0",",0","0","2,0","14","2,0","0","2,0","11","2,0","0","2,0","","","20030521",",2,0","20030531","+,,0","20030531","+,,0","","","20030502",",,0","20030528",",2,0","-5.6","2,0,21,","0",",,0,31,+","0",",,0,31,+","4.6",",,0,02,","31.1","2,0,28,","","","228.1","2,0","8.2",",,,0","0",",,,0","9.76","4,0","17.99","2,,,0","1.53","2,,,0"
"USC00101671","2003-06","43.97775","-113.82913","1908.0","CHILLY BARTON FLAT, ID US","","","2.5","2,0","3",",0","1",",0","0",",0","0",",0","0",",0","0","1,0","2","1,0","0","2,0","24","2,0","0","2,0","","","20030623",",1,0","20030630","+,,0","20030630","+,,0","","","20030620",",,0","20030630",",2,0","-1.1","1,0,23,","0",",,0,30,+","0",",,0,30,+","5.8",",,0,20,","29.4","2,0,30,","","","108.4","2,0","7.9",",,,0","0",",,,0","14.56","2,0","24.08","2,,,0","5.04","1,,,0"
"USC00101671","2003-07","43.97775","-113.82913","1908.0","CHILLY BARTON FLAT, ID US","","","56.0","3,0","2",",0","0",",0","0",",0","0",",0","0",",0","0","1,0","0","1,0","0","2,0","29","2,0","13","2,0","","","20030703",",1,0","20030731","+,,0","20030731","+,,0","","","20030726","+,,0","20030723","+,2,0","3.9","1,0,03,","0",",,0,31,+","0",",,0,31,+","0.5",",,0,26,+","35.6","2,0,23,+","11.0","0","11.0","2,0","1.0",",,,0","0",",,,0","20.10","3,0","31.01","2,,,0","9.19","1,,,0"
"USC00101671","2003-08","43.97775","-113.82913","1908.0","CHILLY BARTON FLAT, ID US","","","","","5",",0","2",",0","0",",0","0",",0","0",",0","0",",0","0",",0","","","","","","","","","20030830",",,0","20030831","+,,0","20030831","+,,0","","","20030823",",,0","","","3.9",",0,30,","0",",,0,31,+","0",",,0,31,+","11.9",",,0,23,","","","","","","","19.9",",,,0","0",",,,0","","","","","8.77",",,,0"
"USC00101671","2003-09","43.97775","-113.82913","1908.0","CHILLY BARTON FLAT, ID US","","","0.0","3,0","3",",0","1",",0","0",",0","0",",0","1",",0","0","1,0","10","1,0","0","2,0","18","2,0","0","2,0","","","20030918",",1,0","20030930","+,,0","20030917",",,0","","","20030910",",,0","20030903",",2,0","-6.7","1,0,18,","0",",,0,30,+","25",",,0,17,","3.0",",,0,10,","28.3","2,0,03,","","","157.2","2,0","5.5",",,,0","25",",,,0","12.61","3,0","22.54","2,,,0","2.68","1,,,0"
"USC00101671","2003-10","43.97775","-113.82913","1908.0","CHILLY BARTON FLAT, ID US","","","","","2",",0","2",",0","0",",0","2",",0","1",",0","1",",0","15",",0","","","","","","","","","20031031",",,0","20031031","+,,0","20031030",",,0","","","20031003",",,0","","","-18.3",",0,31,","51",",,0,31,+","51",",,0,30,","4.8",",,0,03,","","","","","","","8.6",",,,0","51",",,,0","","","","","-0.77",",,,0"
"USC00101671","2003-11","43.97775","-113.82913","1908.0","CHILLY BARTON FLAT, ID US","","","0.0","2,0","1",",0","0",",0","0",",0","0",",0","2",",0","3",",0","30",",0","6","2,0","0","2,0","0","2,0","","","20031105",",,0","20031130","+,,0","20031117","+,,0","","","20031117",",,0","20031119",",2,0","-21.7",",0,05,","0",",,0,30,+","25",",,0,17,+","1.3",",,0,17,","11.1","2,0,19,","","","618.0","2,0","1.3",",,,0","63",",,,0","-3.87","2,0","3.18","2,,,0","-10.93",",,,0"
"USC00101671","2003-12","43.97775","-113.82913","1908.0","CHILLY BARTON FLAT, ID US","","","0.0","4,0","5",",0","1",",0","0",",0","23","2,0","2",",0","4","1,0","30","1,0","17","3,0","0","3,0","0","3,0","","","20031228",",1,0","20031231","+,2,0","20031207",",,0","","","20031207",",,0","20031202","+,3,0","-21.7","1,0,28,","51","2,,0,31,+","51",",,0,07,","2.8",",,0,07,","7.8","3,0,02,+","","","643.2","3,0","5.6",",,,0","94",",,,0","-5.56","4,0","-0.14","3,,,0","-10.97","1,,,0"
"USC00101671","2004-01","43.97775","-113.82913","1908.0","CHILLY BARTON FLAT, ID US","0.0","0","0.0","3,0","3",",0","1",",0","0",",0","30","1,0","2","2,0","12",",0","31",",0","22","3,0","0","3,0","0","3,0","","","20040106",",,0","20040126","+,1,0","20040125","+,2,0","","","20040102",",,0","20040130",",3,0","-28.9",",0,06,","102","1,,0,26,+","25","2,,0,25,+","3.8",",,0,02,","3.9","3,0,30,","","","775.3","3,0","6.1",",,,0","63","2,,,0","-9.62","3,0","-2.74","3,,,0","-16.51",",,,0"
"USC00101671","2004-03","43.97775","-113.82913","1908.0","CHILLY BARTON FLAT, ID US","","","0.0","3,0","3",",0","0",",0","0",",0","16",",0","1",",0","0",",0","24",",0","3","3,0","0","3,0","0","3,0","","","20040303",",,0","20040303",",,0","20040303",",,0","","","20040303",",,0","20040321",",3,0","-17.2",",0,03,","127",",,0,03,","51",",,0,03,","1.3",",,0,03,","20.0","3,0,21,","","","451.5","3,0","1.9",",,,0","77",",,,0","2.42","3,0","9.80","3,,,0","-4.95",",,,0"
"USC00101671","2004-04","43.97775","-113.82913","1908.0","CHILLY BARTON FLAT, ID US","","","","","9","1,0","3","1,0","0","1,0","0","2,0","1","2,0","0","3,0","18","3,0","","","","","","","","","20040411",",3,0","20040421",",2,0","20040417",",2,0","","","20040429",",1,0","","","-6.1","3,0,11,","0","2,T,0,21,","76","2,,0,17,","13.7","1,,0,29,","","","","","","","27.8","1,,,0","76","2,,,0","","","","","-0.94","3,,,0"
"USC00101671","2004-05","43.97775","-113.82913","1908.0","CHILLY BARTON FLAT, ID US","","","0.0","4,0","13",",0","5",",0","0",",0","0","4,0","0",",0","0",",0","12",",0","0","4,0","7","4,0","0","4,0","","","20040501",",,0","20040514",",4,0","20040511",",,0","","","20040518",",,0","20040504","+,4,0","-3.3",",0,01,","0","4,T,0,14,","13",",,0,11,","14.0",",,0,18,","23.9","4,0,04,+","","","246.4","4,0","38.0",",,,0","13",",,,0","9.20","4,0","16.46","4,,,0","1.93",",,,0"
"USC00101671","2004-06","43.97775","-113.82913","1908.0","CHILLY BARTON FLAT, ID US","","","0.3","4,0","11",",0","7",",0","0",",0","0",",0","0",",0","0",",0","0",",0","0","4,0","17","4,0","0","4,0","","","20040617",",,0","20040630","+,,0","20040630","+,,0","","","20040628",",,0","20040624",",4,0","0.6",",0,17,","0",",,0,30,+","0",",,0,30,+","10.7",",,0,28,","27.8","4,0,24,","","","109.3","4,0","40.7",",,,0","0",",,,0","14.06","4,0","22.59","4,,,0","5.52",",,,0"
"USC00101671","2004-07","43.97775","-113.82913","1908.0","CHILLY BARTON FLAT, ID US","","","11.1","3,0","11",",0","7",",0","0",",0","0",",0","0",",0","0",",0","0",",0","0","3,0","27","3,0","0","3,0","","","20040708",",,0","20040731","+,,0","20040731","+,,0","","","20040715",",,0","20040714",",3,0","2.2",",0,08,","0",",,0,31,+","0",",,0,31,+","22.9",",,0,15,","31.7","3,0,14,","48.7","0","48.7","3,0","63.0",",,,0","0",",,,0","17.02","3,0","26.15","3,,,0","7.89",",,,0"
"USC00101671","2004-08","43.97775","-113.82913","1908.0","CHILLY BARTON FLAT, ID US","","","7.2","4,0","7",",0","3",",0","0",",0","0",",0","0",",0","0","1,0","0","1,0","0","4,0","23","4,0","0","4,0","","","20040827",",1,0","20040831","+,,0","20040831","+,,0","","","20040816",",,0","20040813",",4,0","0.6","1,0,27,","0",",,0,31,+","0",",,0,31,+","6.4",",,0,16,","31.1","4,0,13,","114.0","0","65.3","4,0","14.7",",,,0","0",",,,0","16.33","4,0","25.54","4,,,0","7.13","1,,,0"
"USC00101671","2004-09","43.97775","-113.82913","1908.0","CHILLY BARTON FLAT, ID US","","","0.0","2,0","12",",0","5",",0","0",",0","0",",0","0",",0","0","1,0","2","1,0","0","1,0","15","1,0","0","1,0","","","20040924",",1,0","20040930","+,,0","20040930","+,,0","","","20040916",",,0","20040902","+,1,0","-0.6","1,0,24,","0",",,0,30,+","0",",,0,30,+","4.1",",,0,16,","28.3","1,0,02,+","327.0","0","213.0","1,0","22.1",",,,0","0",",,,0","10.85","2,0","19.40","1,,,0","2.30","1,,,0"
"USC00101671","2004-10","43.97775","-113.82913","1908.0","CHILLY BARTON FLAT, ID US","","","0.0","2,0","6",",0","3",",0","0",",0","2","2,0","2",",0","0","1,0","21","1,0","0","1,0","1","1,0","0","1,0","","","20041025",",1,0","20041029","+,2,0","20041029",",,0","","","20041028",",,0","20041008",",1,0","-9.4","1,0,25,","25","2,,0,29,+","51",",,0,29,","17.5",",,0,28,","21.7","1,0,08,","668.1","0","341.1","1,0","37.9",",,,0","110",",,,0","6.24","2,0","13.60","1,,,0","-1.12","1,,,0"
"USC00101671","2004-11","43.97775","-113.82913","1908.0","CHILLY BARTON FLAT, ID US","","","0.0","2,0","2",",0","0",",0","0",",0","5",",0","0",",0","0","1,0","29","1,0","6","2,0","0","2,0","0","2,0","","","20041129",",1,0","20041102","+,,0","20041130","+,,0","","","20041103",",,0","20041109",",2,0","-17.2","1,0,29,","51",",,0,02,+","13",",,0,30,+","2.0",",,0,03,","12.8","2,0,09,","1218.8","0","550.7","2,0","2.5",",,,0","26",",,,0","-1.36","2,0","4.60","2,,,0","-7.32","1,,,0"
"USC00101671","2004-12","43.97775","-113.82913","1908.0","CHILLY BARTON FLAT, ID US","","","0.0","1,0","3","1,0","1","1,0","0","1,0","2",",0","1","1,0","0","1,0","29","1,0","13","1,0","0","1,0","0","1,0","","","20041203",",1,0","20041231",",,0","20041231",",1,0","","","20041231",",1,0","20041212",",1,0","-16.7","1,0,03,","51",",,0,31,","51","1,,0,31,","5.1","1,,0,31,","8.3","1,0,12,","1890.9","0","672.1","1,0","6.9","1,,,0","59","1,,,0","-4.07","1,0","1.08","1,,,0","-9.22","1,,,0"
"USC00101671","2005-01","43.97775","-113.82913","1908.0","CHILLY BARTON FLAT, ID US","0.0","0","0.0","3,0","3",",0","1",",0","0",",0","25","1,0","1",",0","8","1,0","30","1,0","15","3,0","0","3,0","0","3,0","","","20050110","+,1,0","20050108",",1,0","20050108",",,0","","","20050101",",,0","20050121",",3,0","-21.1","1,0,10,+","127","1,,0,08,","122",",,0,08,","2.8",",,0,01,","8.9","3,0,21,","2605.1","0","714.2","3,0","3.9",",,,0","143",",,,0","-7.18","3,0","-0.62","3,,,0","-13.74","1,,,0"
"USC00101671","2005-02","43.97775","-113.82913","1908.0","CHILLY BARTON FLAT, ID US","0.0","0","0.0","1,0","2",",0","0",",0","0",",0","7",",0","1",",0","5",",0","28",",0","7","1,0","0","1,0","0","1,0","","","20050216",",,0","20050208","+,,0","20050214",",,0","","","20050214",",,0","20050224","+,1,0","-21.7",",0,16,","25",",,0,08,+","25",",,0,14,","1.3",",,0,14,","8.3","1,0,24,+","3223.8","0","618.7","1,0","1.6",",,,0","25",",,,0","-4.66","1,0","3.41","1,,,0","-12.73",",,,0"
"USC00101671","2005-03","43.97775","-113.82913","1908.0","CHILLY BARTON FLAT, ID US","0.0","0","0.0","2,0","3",",0","1",",0","0",",0","0",",0","0",",0","0",",0","30",",0","1","2,0","0","2,0","0","2,0","","","20050331","+,,0","20050325",",,0","20050322","+,,0","","","20050323",",,0","20050309",",2,0","-10.6",",0,31,+","0",",T,0,25,","13",",,0,22,+","3.8",",,0,23,","17.2","2,0,09,","3733.9","0","510.1","2,0","4.6",",,,0","26",",,,0","0.87","2,0","7.53","2,,,0","-5.80",",,,0"
"USC00101671","2005-04","43.97775","-113.82913","1908.0","CHILLY BARTON FLAT, ID US","0.0","0","0.0","2,0","10",",0","8",",0","1",",0","0",",0","5",",0","0",",0","24",",0","0","2,0","0","2,0","0","2,0","","","20050405",",,0","20050430","+,,0","20050419",",,0","","","20050424",",,0","20050427","+,2,0","-11.1",",0,05,","0",",,0,30,+","64",",,0,19,","38.1",",,0,24,","17.2","2,0,27,+","4118.1","0","384.2","2,0","68.5",",,,0","206",",,,0","4.65","2,0","11.94","2,,,0","-2.63",",,,0"
"USC00101671","2005-05","43.97775","-113.82913","1908.0","CHILLY BARTON FLAT, ID US","0.0","0","0.0","3,0","13","2,0","5","2,0","0","2,0","0",",0","0",",0","0","1,0","7","1,0","0","3,0","5","3,0","0","3,0","","","20050513",",1,0","20050531","+,,0","20050531","+,,0","","","20050516",",2,0","20050529","+,3,0","-2.2","1,0,13,","0",",,0,31,+","0",",,0,31,+","11.7","2,,0,16,","23.3","3,0,29,+","4376.0","0","257.9","3,0","49.2",",a,,0","0",",,,0","9.17","3,0","16.09","3,,,0","2.26","1,,,0"
"USC00101671","2005-06","43.97775","-113.82913","1908.0","CHILLY BARTON FLAT, ID US","0.0","0","0.0","3,0","14",",0","10",",0","0",",0","0",",0","0",",0","0",",0","7",",0","0","3,0","10","3,0","0","3,0","","","20050610","+,,0","20050630","+,,0","20050630","+,,0","","","20050626",",,0","20050622","+,3,0","-2.2",",0,10,+","0",",,0,30,+","0",",,0,30,+","11.2",",,0,26,","27.2","3,0,22,+","4562.9","0","186.9","3,0","67.4",",,,0","0",",,,0","11.44","3,0","19.55","3,,,0","3.33",",,,0"
"USC00101671","2005-07","43.97775","-113.82913","1908.0","CHILLY BARTON FLAT, ID US","","","","","3",",0","2",",0","0",",0","0",",0","0",",0","0","2,0","1","2,0","","","","","","","","","20050704",",2,0","20050731","+,,0","20050731","+,,0","","","20050731",",,0","","","-1.7","2,0,04,","0",",,0,31,+","0",",,0,31,+","15.7",",,0,31,","","","","","","","23.1",",,,0","0",",,,0","","","","","8.60","2,,,0"
"USC00101671","2005-09","43.97775","-113.82913","1908.0","CHILLY BARTON FLAT, ID US","","","0.0",",0","4",",0","0",",0","0",",0","0",",0","0",",0","0",",0","11",",0","0",",0","16",",0","0",",0","","","20050929","+,,0","20050930","+,,0","20050930","+,,0","","","20050927",",,0","20050908","+,,0","-3.9",",0,29,+","0",",,0,30,+","0",",,0,30,+","2.0",",,0,27,","27.2",",0,08,+","","","211.1",",0","6.1",",,,0","0",",,,0","11.30",",0","21.35",",,,0","1.24",",,,0"
"USC00101671","2005-10","43.97775","-113.82913","1908.0","CHILLY BARTON FLAT, ID US","","","0.0","1,0","2",",0","1",",0","0",",0","0",",0","0",",0","0",",0","25",",0","0","1,0","0","1,0","0","1,0","","","20051031",",,0","20051031","+,,0","20051031","+,,0","","","20051002",",,0","20051024","+,1,0","-9.4",",0,31,","0",",,0,31,+","0",",,0,31,+","2.5",",,0,02,","19.4","1,0,24,+","","","374.0","1,0","3.8",",,,0","0",",,,0","5.96","1,0","14.31","1,,,0","-2.39",",,,0"
"USC00101671","2005-11","43.97775","-113.82913","1908.0","CHILLY BARTON FLAT, ID US","","","0.0","1,0","8",",0","1",",0","0",",0","5",",0","2",",0","2","1,0","27","1,0","5",",0","0",",0","0",",0","","","20051129",",1,0","20051130","+,,0","20051126",",,0","","","20051126",",,0","20051101",",,0","-23.9","1,0,29,","102",",,0,30,+","89",",,0,26,","5.1",",,0,26,","14.4",",0,01,","","","564.5",",0","10.1",",,,0","140",",,,0","-1.29","1,0","5.83",",,,0","-8.41","1,,,0"
"USC00101671","2005-12","43.97775","-113.82913","1908.0","CHILLY BARTON FLAT, ID US","","","0.0","4,0","8",",0","4",",0","0",",0","31",",0","4",",0","9",",0","31",",0","16","4,0","0","4,0","0","4,0","","","20051208",",,0","20051231","+,,0","20051229","+,,0","","","20051229",",,0","20051224","+,4,0","-30.6",",0,08,","152",",,0,31,+","76",",,0,29,+","4.3",",,0,29,","5.0","4,0,24,+","","","699.6","4,0","16.4",",,,0","257",",,,0","-7.69","4,0","-1.67","4,,,0","-13.71",",,,0"
"USC00101671","2006-01","43.97775","-113.82913","1908.0","CHILLY BARTON FLAT, ID US","","","","","6",",0","2",",0","0",",0","29","2,0","4","1,0","10",",0","31",",0","","","","","","","","","20060109",",,0","20060122","+,2,0","20060103",",1,0","","","20060102",",,0","","","-22.8",",0,09,","203","2,,0,22,+","64","1,,0,03,","5.1",",,0,02,","","","","","","","11.5",",,,0","157","1,,,0","","","","","-14.13",",,,0"
"USC00101671","2006-02","43.97775","-113.82913","1908.0","CHILLY BARTON FLAT, ID US","","","0.0",",0","1",",0","1",",0","0",",0","28",",0","0",",0","10",",0","27",",0","16",",0","0",",0","0",",0","","","20060218",",,0","20060202","+,,0","20060201",",,0","","","20060228",",,0","20060228",",,0","-28.9",",0,18,","178",",,0,02,+","13",",,0,01,","11.2",",,0,28,","5.0",",0,28,","","","760.7",",0","11.2",",,,0","16",",,,0","-8.83",",0","-1.64",",,,0","-16.03",",,,0"
"USC00101671","2006-03","43.97775","-113.82913","1908.0","CHILLY BARTON FLAT, ID US","","","0.0","3,0","1","2,0","1","2,0","0","2,0","","","1","1,0","2","3,0","28","3,0","7","3,0","0","3,0","0","3,0","","","20060310",",3,0","","","20060326",",1,0","","","20060326",",2,0","20060325",",3,0","-20.0","3,0,10,","","","64","1,,0,26,","6.4","2,,0,26,","7.8","3,0,25,","","","598.6","3,0","31.8",",a,,0","77","1,a,,0","-3.04","3,0","2.75","3,,,0","-8.84","3,,,0"
"USC00101671","2006-04","43.97775","-113.82913","1908.0","CHILLY BARTON FLAT, ID US","","","0.0",",0","11",",0","5",",0","0",",0","2",",0","2",",0","0",",0","23",",0","0",",0","1",",0","0",",0","","","20060402",",,0","20060402","+,,0","20060406",",,0","","","20060406",",,0","20060429",",,0","-8.9",",0,02,","25",",,0,02,+","64",",,0,06,","12.2",",,0,06,","21.7",",0,29,","","","396.9",",0","42.7",",,,0","89",",,,0","5.10",",0","11.68",",,,0","-1.47",",,,0"
"USC00101671","2006-05","43.97775","-113.82913","1908.0","CHILLY BARTON FLAT, ID US","","","0.0",",0","5",",0","3",",0","0",",0","0",",0","1",",0","0",",0","14",",0","0",",0","11",",0","0",",0","","","20060503",",,0","20060531","+,,0","20060528",",,0","","","20060528",",,0","20060518","+,,0","-5.0",",0,03,","0",",,0,31,+","102",",,0,28,","8.9",",,0,28,","27.2",",0,18,+","","","260.9",",0","19.1",",,,0","102",",,,0","9.92",",0","18.44",",,,0","1.40",",,,0"
"USC00101671","2006-06","43.97775","-113.82913","1908.0","CHILLY BARTON FLAT, ID US","","","2.0","1,0","4","2,0","2","2,0","0","2,0","0",",0","0",",0","0","1,0","0","1,0","0","1,0","25","1,0","0","1,0","","","20060615",",1,0","20060630","+,,0","20060630","+,,0","","","20060614",",2,0","20060607",",1,0","0.6","1,0,15,","0",",,0,30,+","0",",,0,30,+","5.6","2,,0,14,","29.4","1,0,07,","","","97.6","1,0","21.3",",a,,0","0",",,,0","15.03","1,0","24.49","1,,,0","5.58","1,,,0"
"USC00101671","2006-07","43.97775","-113.82913","1908.0","CHILLY BARTON FLAT, ID US","","","","","7",",0","5",",0","0",",0","0",",0","0",",0","0",",0","0",",0","","","","","","","","","20060708",",,0","20060731","+,,0","20060731","+,,0","","","20060725",",,0","","","5.6",",0,08,","0",",,0,31,+","0",",,0,31,+","5.6",",,0,25,","","","","","","","21.8",",,,0","0",",,,0","","","","","9.81",",,,0"
"USC00101671","2006-08","43.97775","-113.82913","1908.0","CHILLY BARTON FLAT, ID US","","","1.1","2,0","3",",0","0",",0","0",",0","0",",0","0",",0","0","1,0","1","1,0","0","2,0","28","2,0","0","2,0","","","20060831",",1,0","20060831","+,,0","20060831","+,,0","","","20060815",",,0","20060822",",2,0","-0.6","1,0,31,","0",",,0,31,+","0",",,0,31,+","2.3",",,0,15,","30.0","2,0,22,","","","73.5","2,0","4.1",",,,0","0",",,,0","15.80","2,0","26.19","2,,,0","5.41","1,,,0"
"USC00101671","2006-09","43.97775","-113.82913","1908.0","CHILLY BARTON FLAT, ID US","","","0.0","5,0","3",",0","2",",0","0",",0","0",",0","0",",0","0","5,0","10","5,0","0","5,0","13","5,0","0","5,0","","","20060918",",5,0","20060930","+,,0","20060930","+,,0","","","20060920",",,0","20060904","+,5,0","-4.4","5,0,18,","0",",,0,30,+","0",",,0,30,+","13.2",",,0,20,","28.3","5,0,04,+","","","190.8","5,0","27.7",",,,0","0",",,,0","10.70","5,0","19.95","5,,,0","1.45","5,,,0"
"USC00101671","2006-10","43.97775","-113.82913","1908.0","CHILLY BARTON FLAT, ID US","","","0.0","1,0","4","2,0","3","2,0","0","2,0","0",",0","0",",0","0",",0","24",",0","0","1,0","1","1,0","0","1,0","","","20061031",",,0","20061031","+,,0","20061031","+,,0","","","20061005",",2,0","20061001",",1,0","-14.4",",0,31,","0",",,0,31,+","0",",,0,31,+","6.4","2,,0,05,","21.1","1,0,01,","","","404.3","1,0","13.0","2,,,0","0",",,,0","4.97","1,0","12.72","1,,,0","-2.78",",,,0"
"USC00101671","2006-11","43.97775","-113.82913","1908.0","CHILLY BARTON FLAT, ID US","","","0.0","5,0","3",",0","1",",0","0",",0","11",",0","2",",0","3",",0","27",",0","3","5,0","0","5,0","0","5,0","","","20061128",",,0","20061130","+,,0","20061127","+,,0","","","20061108",",,0","20061107",",5,0","-23.3",",0,28,","25",",,0,30,+","38",",,0,27,+","3.0",",,0,08,","18.3","5,0,07,","","","491.5","5,0","6.3",",,,0","91",",,,0","-1.48","5,0","5.04","5,,,0","-8.00",",,,0"
"USC00101671","2006-12","43.97775","-113.82913","1908.0","CHILLY BARTON FLAT, ID US","","","0.0","1,0","5",",0","1",",0","0",",0","25",",0","4",",0","11",",0","31",",0","14","1,0","0","1,0","0","1,0","","","20061217",",,0","20061231","+,,0","20061214",",,0","","","20061227",",,0","20061208","+,1,0","-26.1",",0,17,","76",",,0,31,+","64",",,0,14,","2.8",",,0,27,","6.1","1,0,08,+","","","770.2","1,0","6.9",",,,0","173",",,,0","-7.28","1,0","0.04","1,,,0","-14.61",",,,0"
"USC00101671","2007-01","43.97775","-113.82913","1908.0","CHILLY BARTON FLAT, ID US","","","","","5",",0","0",",0","0",",0","31",",0","0",",0","12",",0","31",",0","","","","","","","","","20070113",",,0","20070102","+,,0","20070130","+,,0","","","20070106",",,0","","","-26.7",",0,13,","76",",,0,02,+","13",",,0,30,+","0.5",",,0,06,","","","","","","","1.7",",,,0","55",",,,0","","","","","-16.71",",,,0"
"USC00101671","2007-02","43.97775","-113.82913","1908.0","CHILLY BARTON FLAT, ID US","","","0.0","3,0","5",",0","1",",0","0",",0","21",",0","1",",0","2","2,0","26","2,0","6","1,0","0","1,0","0","1,0","","","20070228",",2,0","20070203","+,,0","20070223",",,0","","","20070223",",,0","20070217","+,1,0","-20.6","2,0,28,","51",",,0,03,+","51",",,0,23,","3.0",",,0,23,","8.3","1,0,17,+","","","502.8","1,0","4.4",",,,0","98",",,,0","-2.02","3,0","3.58","1,,,0","-7.63","2,,,0"
"USC00101671","2007-03","43.97775","-113.82913","1908.0","CHILLY BARTON FLAT, ID US","","","","","1","2,0","0","2,0","0","2,0","5",",0","0",",0","","","","","","","","","","","","","","","20070301",",,0","20070301",",,0","","","20070301",",2,0","","","","","51",",,0,01,","13",",,0,01,","1.3","2,,0,01,","","","","","","","2.6",",a,,0","13",",,,0","","","","","",""
"USC00101671","2007-04","43.97775","-113.82913","1908.0","CHILLY BARTON FLAT, ID US","","","0.0","1,0","4",",0","1",",0","0",",0","0",",0","0",",0","0",",0","25",",0","0","1,0","3","1,0","0","1,0","","","20070403",",,0","20070430","+,,0","20070419",",,0","","","20070418",",,0","20070429","+,1,0","-11.1",",0,03,","0",",,0,30,+","13",",,0,19,","5.6",",,0,18,","23.3","1,0,29,+","","","370.4","1,0","7.9",",,,0","13",",,,0","5.61","1,0","13.60","1,,,0","-2.37",",,,0"
"USC00101671","2007-05","43.97775","-113.82913","1908.0","CHILLY BARTON FLAT, ID US","","","","","3",",0","3",",0","0",",0","0",",0","2",",0","0","2,0","13","2,0","0","5,0","12","5,0","0","5,0","","","20070504",",2,0","20070531","+,,0","20070504",",,0","","","20070503",",,0","20070517",",5,0","-8.9","2,0,04,","0",",,0,31,+","51",",,0,04,","16.0",",,0,03,","25.6","5,0,17,","","","","","24.3",",,,0","76",",,,0","9.74","6,0","18.72","5,,,0","0.76","2,,,0"
"USC00101671","2007-06","43.97775","-113.82913","1908.0","CHILLY BARTON FLAT, ID US","","","0.3","4,0","4",",0","2",",0","0",",0","0",",0","0",",0","0",",0","3",",0","0","4,0","21","4,0","0","4,0","","","20070618","+,,0","20070630","+,,0","20070630","+,,0","","","20070606",",,0","20070629",",4,0","-0.6",",0,18,+","0",",,0,30,+","0",",,0,30,+","12.2",",,0,06,","31.1","4,0,29,","","","102.7","4,0","17.4",",,,0","0",",,,0","14.46","4,0","24.79","4,,,0","4.14",",,,0"
"USC00101671","2007-07","43.97775","-113.82913","1908.0","CHILLY BARTON FLAT, ID US","","","","","3",",0","0",",0","0",",0","0",",0","0",",0","0","5,0","0","5,0","","","","","","","","","20070702",",5,0","20070731","+,,0","20070731","+,,0","","","20070725",",,0","","","4.4","5,0,02,","0",",,0,31,+","0",",,0,31,+","1.8",",,0,25,","","","","","","","2.8",",,,0","0",",,,0","","","","","9.85","5,,,0"
"USC00101671","2007-08","43.97775","-113.82913","1908.0","CHILLY BARTON FLAT, ID US","","","","","3",",0","0",",0","0",",0","0",",0","0",",0","","","","","","","","","","","","","","","20070831","+,,0","20070831","+,,0","","","20070816",",,0","","","","","0",",,0,31,+","0",",,0,31,+","1.3",",,0,16,","","","","","","","2.4",",,,0","0",",,,0","","","","","",""
"USC00101671","2007-09","43.97775","-113.82913","1908.0","CHILLY BARTON FLAT, ID US","","","3.9",",0","7",",0","3",",0","0",",0","0",",0","0",",0","0",",0","11",",0","0",",0","16",",0","0",",0","","","20070930",",,0","20070930","+,,0","20070930","+,,0","","","20070923",",,0","20070902",",,0","-5.0",",0,30,","0",",,0,30,+","0",",,0,30,+","12.7",",,0,23,","30.0",",0,02,","","","215.5",",0","23.8",",,,0","0",",,,0","11.28",",0","20.59",",,,0","1.96",",,,0"
"USC00101671","2007-10","43.97775","-113.82913","1908.0","CHILLY BARTON FLAT, ID US","","","0.0","3,0","7",",0","4",",0","0",",0","0",",0","1",",0","0","3,0","22","3,0","0","2,0","0","2,0","0","2,0","","","20071031",",3,0","20071031","+,,0","20071005",",,0","","","20071005",",,0","20071008",",2,0","-7.2","3,0,31,","0",",,0,31,+","51",",,0,05,","6.9",",,0,05,","17.8","2,0,08,","","","358.9","2,0","22.7",",,,0","51",",,,0","5.35","3,0","12.59","2,,,0","-1.89","3,,,0"
"USC00101671","2007-11","43.97775","-113.82913","1908.0","CHILLY BARTON FLAT, ID US","","","","","2",",0","1",",0","0",",0","0",",0","0",",0","","","","","","","","","","","","","","","20071130","+,,0","20071130","+,,0","","","20071112",",,0","","","","","0",",,0,30,+","0",",,0,30,+","3.8",",,0,12,","","","","","","","4.3",",,,0","0",",,,0","","","","","",""
"USC00101671","2008-01","43.97775","-113.82913","1908.0","CHILLY BARTON FLAT, ID US","","","","","4","4,0","0","4,0","0","4,0","","","4","1,0","","","","","","","","","","","","","","","","","20080105",",1,0","","","20080121",",4,0","","","","","","","102","1,,0,05,","2.0","4,,0,21,","","","","","","","10.5","1,a,,0","380","1,a,,0","","","","","",""
"USC00101671","2008-02","43.97775","-113.82913","1908.0","CHILLY BARTON FLAT, ID US","","","0.0","2,0","4","1,0","1","1,0","0","1,0","","","3","1,0","8","1,0","28","1,0","18","2,0","0","2,0","0","2,0","","","20080205",",1,0","","","20080201",",1,0","","","20080215",",1,0","20080209",",2,0","-22.8","1,0,05,","","","30","1,,0,01,","6.4","1,,0,15,","6.1","2,0,09,","","","699.4","2,0","8.0","1,,,0","80","1,,,0","-7.36","2,0","-1.19","2,,,0","-13.53","1,,,0"
"USC00101671","2008-04","43.97775","-113.82913","1908.0","CHILLY BARTON FLAT, ID US","","","","","1",",0","0",",0","0",",0","0",",0","0",",0","1","4,0","25","4,0","","","","","","","","","20080402",",4,0","20080430","+,,0","20080430","+,,0","","","20080408",",,0","","","-21.1","4,0,02,","0",",,0,30,+","0",",,0,30,+","0.5",",,0,08,","","","","","","","0.5",",,,0","0",",,,0","","","","","-6.87","4,,,0"
"USC00101671","2008-05","43.97775","-113.82913","1908.0","CHILLY BARTON FLAT, ID US","","","","","6",",0","3",",0","0",",0","0",",0","0",",0","","","","","","","","","","","","","","","20080531","+,,0","20080531","+,,0","","","20080527",",,0","","","","","0",",,0,31,+","0",",,0,31,+","4.1",",,0,27,","","","","","","","15.1",",,,0","0",",,,0","","","","","",""
"USC00101671","2008-06","43.97775","-113.82913","1908.0","CHILLY BARTON FLAT, ID US","","","","","2","5,0","0","5,0","0","5,0","0",",0","0",",0","","","","","","","","","","","","","","","20080630","+,,0","20080630","+,,0","","","20080602",",5,0","","","","","0",",,0,30,+","0",",,0,30,+","1.0","5,,0,02,","","","","","","","8.4",",a,,0","0",",,,0","","","","","",""
"USC00101671","2008-07","43.97775","-113.82913","1908.0","CHILLY BARTON FLAT, ID US","","","12.8","5,0","1",",0","0",",0","0",",0","0",",0","0",",0","0","1,0","0","1,0","0","5,0","26","5,0","0","5,0","","","20080719",",1,0","20080731","+,,0","20080731","+,,0","","","20080701",",,0","20080726","+,5,0","2.8","1,0,19,","0",",,0,31,+","0",",,0,31,+","0.8",",,0,01,","31.1","5,0,26,+","19.9","0","19.9","5,0","0.8",",,,0","0",",,,0","18.12","5,0","28.46","5,,,0","7.78","1,,,0"
"USC00101671","2008-08","43.97775","-113.82913","1908.0","CHILLY BARTON FLAT, ID US","","","9.2","3,0","4",",0","3",",0","0",",0","0",",0","0",",0","0","2,0","0","2,0","0","3,0","28","3,0","1","3,0","","","20080822",",2,0","20080831","+,,0","20080831","+,,0","","","20080808",",,0","20080825",",3,0","1.1","2,0,22,","0",",,0,31,+","0",",,0,31,+","12.7",",,0,08,","37.8","3,0,25,","66.3","0","46.4","3,0","25.7",",,,0","0",",,,0","17.01","3,0","27.15","3,,,0","6.87","2,,,0"
"USC00101671","2008-09","43.97775","-113.82913","1908.0","CHILLY BARTON FLAT, ID US","","","0.0",",0","1",",0","1",",0","0",",0","0",",0","0",",0","0",",0","10",",0","0",",0","17",",0","0",",0","","","20080902",",,0","20080930","+,,0","20080930","+,,0","","","20080920",",,0","20080930","+,,0","-5.0",",0,02,","0",",,0,30,+","0",",,0,30,+","3.6",",,0,20,","26.1",",0,30,+","277.9","0","211.6",",0","3.6",",,,0","0",",,,0","11.28",",0","21.50",",,,0","1.06",",,,0"
"USC00101671","2008-10","43.97775","-113.82913","1908.0","CHILLY BARTON FLAT, ID US","","","0.0","4,0","3",",0","1",",0","0",",0","0",",0","1",",0","0","4,0","21","4,0","2","4,0","3","4,0","0","4,0","","","20081013","+,4,0","20081010",",,0","20081010",",,0","","","20081004",",,0","20081001",",4,0","-10.6","4,0,13,+","0",",T,0,10,","25",",,0,10,","2.5",",,0,04,","25.0","4,0,01,","650.1","0","372.2","4,0","3.6",",,,0","25",",,,0","4.55","4,0","13.03","4,,,0","-3.93","4,,,0"
"USC00101671","2008-11","43.97775","-113.82913","1908.0","CHILLY BARTON FLAT, ID US","","","0.0","3,0","4","2,0","0","2,0","0","2,0","0",",0","0",",0","0","3,0","21","3,0","0","3,0","0","3,0","0","3,0","","","20081125","+,3,0","20081130","+,,0","20081130","+,,0","","","20081110",",2,0","20081112",",3,0","-12.8","3,0,25,+","0",",,0,30,+","0",",,0,30,+","2.3","2,,0,10,","12.8","3,0,12,","1109.8","0","459.7","3,0","15.9",",a,,0","0",",,,0","1.31","3,0","6.24","3,,,0","-3.63","3,,,0"
"USC00101671","2008-12","43.97775","-113.82913","1908.0","CHILLY BARTON FLAT, ID US","","","0.0","5,0","3",",0","1",",0","0",",0","","","4",",0","5","5,0","26","5,0","24","5,0","0","5,0","0","5,0","","","20081215",",5,0","","","20081229",",,0","","","20081229",",,0","20081229",",5,0","-26.1","5,0,15,","","","102",",,0,29,","6.1",",,0,29,","3.9","5,0,29,","1831.8","0","722.0","5,0","7.2",",,,0","229",",,,0","-9.43","5,0","-5.19","5,,,0","-13.68","5,,,0"
"USC00101671","2009-01","43.97775","-113.82913","1908.0","CHILLY BARTON FLAT, ID US","0.0","0","0.0","5,0","","","","","","","","","","","4","5,0","25","5,0","9","5,0","0","5,0","0","5,0","","","20090127",",5,0","","","","","","","","","20090119","+,5,0","-27.8","5,0,27,","","","","","","","6.7","5,0,19,+","2448.7","0","616.9","5,0","10.1","4,a,,0","278","5,a,,0","-5.39","5,0","0.79","5,,,0","-11.58","5,,,0"
"USC00101671","2009-02","43.97775","-113.82913","1908.0","CHILLY BARTON FLAT, ID US","0.0","0","0.0","2,0","3","1,0","2","1,0","0","1,0","22","1,0","3","1,0","5",",0","28",",0","10","2,0","0","2,0","0","2,0","","","20090227",",,0","20090206",",1,0","20090206",",1,0","","","20090224","+,1,0","20090224",",2,0","-24.4",",0,27,","178","1,,0,06,","76","1,,0,06,","5.1","1,,0,24,+","5.6","2,0,24,","3071.5","0","622.8","2,0","11.7","1,,,0","152","1,,,0","-5.75","2,0","0.47","2,,,0","-11.97",",,,0"
"USC00101671","2009-03","43.97775","-113.82913","1908.0","CHILLY BARTON FLAT, ID US","0.0","0","0.0",",0","3",",0","2",",0","0",",0","9",",0","2",",0","4",",0","30",",0","7",",0","0",",0","0",",0","","","20090308",",,0","20090322",",,0","20090322",",,0","","","20090322",",,0","20090321",",,0","-23.3",",0,08,","76",",,0,22,","76",",,0,22,","10.2",",,0,22,","12.8",",0,21,","3722.0","0","650.5",",0","19.8",",,,0","114",",,,0","-2.65",",0","3.47",",,,0","-8.78",",,,0"
"USC00101671","2009-04","43.97775","-113.82913","1908.0","CHILLY BARTON FLAT, ID US","0.0","0","0.0",",0","5",",0","2",",0","0",",0","0","2,0","1","1,0","0",",0","28",",0","0",",0","2",",0","0",",0","","","20090427",",,0","20090430","+,2,0","20090430",",1,0","","","20090409",",,0","20090421",",,0","-9.4",",0,27,","0","2,,0,30,+","25","1,,0,30,","12.7",",,0,09,","22.2",",0,21,","4150.3","0","428.3",",0","24.4",",,,0","25","1,,,0","4.06",",0","11.17",",,,0","-3.06",",,,0"
"USC00101671","2009-05","43.97775","-113.82913","1908.0","CHILLY BARTON FLAT, ID US","0.0","0","0.0","4,0","6",",0","3",",0","0",",0","0",",0","0",",0","0","4,0","11","4,0","0","4,0","11","4,0","0","4,0","","","20090513","+,4,0","20090531","+,,0","20090531","+,,0","","","20090524",",,0","20090519","+,4,0","-6.1","4,0,13,+","0",",,0,31,+","0",",,0,31,+","10.2",",,0,24,","27.2","4,0,19,+","4389.3","0","239.0","4,0","22.8",",,,0","0",",,,0","9.48","4,0","18.05","4,,,0","0.91","4,,,0"
"USC00101671","2009-06","43.97775","-113.82913","1908.0","CHILLY BARTON FLAT, ID US","0.0","0","0.0","1,0","17","2,0","13","2,0","1","2,0","0",",0","0",",0","0","1,0","1","1,0","0","1,0","9","1,0","0","1,0","","","20090623",",1,0","20090630","+,,0","20090630","+,,0","","","20090620",",2,0","20090630","+,1,0","-0.6","1,0,23,","0",",,0,30,+","0",",,0,30,+","29.2","2,,0,20,","28.9","1,0,30,+","4569.8","0","180.5","1,0","109.1",",a,,0","0",",,,0","12.11","1,0","19.03","1,,,0","5.19","1,,,0"
"USC00101671","2009-07","43.97775","-113.82913","1908.0","CHILLY BARTON FLAT, ID US","","","","","0",",0","0",",0","0",",0","0",",0","0",",0","","","","","","","","","","","","","","","20090731","+,,0","20090731","+,,0","","","20090731","+,,0","","","","","0",",,0,31,+","0",",,0,31,+","0.0",",,0,31,+","","","","","","","0.0",",,,0","0",",,,0","","","","","",""
"USC00101671","2009-08","43.97775","-113.82913","1908.0","CHILLY BARTON FLAT, ID US","","","10.3","3,0","7","1,0","1","1,0","0","1,0","0","1,0","0","1,0","0","3,0","0","3,0","0","1,0","26","1,0","0","1,0","","","20090817",",3,0","20090831","+,1,0","20090831","+,1,0","","","20090831",",1,0","20090822","+,1,0","2.2","3,0,17,","0","1,,0,31,+","0","1,,0,31,+","2.8","1,,0,31,","31.7","1,0,22,+","","","62.3","1,0","9.7","1,,,0","0","1,,,0","16.41","3,0","25.92","1,,,0","6.90","3,,,0"
"USC00101671","2009-09","43.97775","-113.82913","1908.0","CHILLY BARTON FLAT, ID US","","","0.0","2,0","1",",0","1",",0","0",",0","0",",0","0",",0","0","2,0","3","2,0","0",",0","26",",0","0",",0","","","20090928","+,2,0","20090930","+,,0","20090930","+,,0","","","20090930",",,0","20090904",",,0","-1.1","2,0,28,+","0",",,0,30,+","0",",,0,30,+","9.1",",,0,30,","28.9",",0,04,","","","100.3",",0","9.1",",,,0","0",",,,0","14.64","2,0","25.35",",,,0","3.93","2,,,0"
"USC00101671","2009-10","43.97775","-113.82913","1908.0","CHILLY BARTON FLAT, ID US","","","0.0",",0","7",",0","4",",0","0",",0","0",",0","0",",0","0",",0","23",",0","1",",0","0",",0","0",",0","","","20091027",",,0","20091027",",,0","20091027",",,0","","","20091004",",,0","20091018",",,0","-11.1",",0,27,","0",",T,0,27,","0",",T,0,27,","21.6",",,0,04,","18.9",",0,18,","","","464.4",",0","43.4",",,,0","0",",T,,0","3.35",",0","9.91",",,,0","-3.21",",,,0"
"USC00101671","2009-11","43.97775","-113.82913","1908.0","CHILLY BARTON FLAT, ID US","","","0.0",",0","1",",0","1",",0","0",",0","1",",0","0",",0","0",",0","29",",0","5",",0","0",",0","0",",0","","","20091123",",,0","20091112",",,0","20091122",",,0","","","20091112",",,0","20091105",",,0","-17.2",",0,23,","25",",,0,12,","0",",T,0,22,","5.1",",,0,12,","15.6",",0,05,","","","604.4",",0","5.1",",,,0","0",",T,,0","-1.82",",0","5.36",",,,0","-8.99",",,,0"
"USC00101671","2009-12","43.97775","-113.82913","1908.0","CHILLY BARTON FLAT, ID US","","","0.0",",0","3",",0","0",",0","0",",0","1",",0","0",",0","11",",0","31",",0","24",",0","0",",0","0",",0","","","20091211","+,,0","20091217",",,0","20091231",",,0","","","20091217",",,0","20091201",",,0","-26.1",",0,11,+","25",",,0,17,","0",",T,0,31,","1.8",",,0,17,","3.9",",0,01,","","","847.5",",0","3.3",",,,0","0",",T,,0","-9.00",",0","-2.77",",,,0","-15.24",",,,0"
"USC00101671","2010-01","43.97775","-113.82913","1908.0","CHILLY BARTON FLAT, ID US","0.0","0","0.0","1,0","4","1,0","2","1,0","0","1,0","","","1","4,0","12","1,0","30","1,0","20","1,0","0","1,0","0","1,0","","","20100107",",1,0","","","20100101",",4,0","","","20100101",",1,0","20100115","+,1,0","-27.2","1,0,07,","","","102","4,,0,01,","4.3","1,,0,01,","2.2","1,0,15,+","","","799.0","1,0","10.2","1,,,0","128","4,,,0","-8.30","1,0","-0.91","1,,,0","-15.70","1,,,0"
"USC00101671","2010-02","43.97775","-113.82913","1908.0","CHILLY BARTON FLAT, ID US","0.0","0","0.0","3,0","0",",0","0",",0","0",",0","28",",0","0",",0","8","2,0","26","2,0","13","1,0","0","1,0","0","1,0","","","20100225",",2,0","20100203","+,,0","20100228",",,0","","","20100228","+,,0","20100212",",1,0","-26.7","2,0,25,","127",",,0,03,+","0",",T,0,28,","0.0",",T,0,28,+","6.1","1,0,12,","","","621.8","1,0","0.0",",T,,0","0",",T,,0","-6.72","3,0","0.67","1,,,0","-14.10","2,,,0"
"USC00101671","2010-03","43.97775","-113.82913","1908.0","CHILLY BARTON FLAT, ID US","0.0","0","0.0","3,0","5","3,0","3","3,0","0","3,0","14","3,0","3","3,0","0","3,0","28","3,0","1","3,0","0","3,0","0","3,0","","","20100307","+,3,0","20100305","+,3,0","20100313","+,3,0","","","20100330",",3,0","20100317",",3,0","-14.4","3,0,07,+","76","3,,0,05,+","25","3,,0,13,+","9.4","3,,0,30,","10.6","3,0,17,","","","551.5","3,0","17.2","3,,,0","88","3,,,0","-1.36","3,0","5.06","3,,,0","-7.79","3,,,0"
"USC00101671","2010-04","43.97775","-113.82913","1908.0","CHILLY BARTON FLAT, ID US","0.0","0","0.0","2,0","6",",0","2",",0","0",",0","0",",0","0",",0","0","2,0","23","2,0","0","2,0","0","2,0","0","2,0","","","20100402",",2,0","20100430","+,,0","20100430","+,,0","","","20100422",",,0","20100420",",2,0","-16.1","2,0,02,","0",",,0,30,+","0",",,0,30,+","10.4",",,0,22,","20.6","2,0,20,","","","415.8","2,0","21.9",",,,0","0",",,,0","3.48","2,0","10.59","2,,,0","-3.63","2,,,0"
"USC00101671","2010-05","43.97775","-113.82913","1908.0","CHILLY BARTON FLAT, ID US","0.0","0","0.0","4,0","6",",0","4",",0","0",",0","0",",0","0",",0","0","3,0","18","3,0","0","4,0","1","4,0","0","4,0","","","20100507",",3,0","20100531","+,,0","20100531","+,,0","","","20100528",",,0","20100517",",4,0","-10.0","3,0,07,","0",",,0,31,+","0",",,0,31,+","9.4",",,0,28,","21.1","4,0,17,","","","356.4","4,0","24.1",",,,0","0",",,,0","5.14","4,0","11.40","4,,,0","-1.11","3,,,0"
"USC00101671","2010-06","43.97775","-113.82913","1908.0","CHILLY BARTON FLAT, ID US","2.2","0","2.2","3,0","10",",0","6",",0","0",",0","0",",0","0",",0","0","3,0","2","3,0","0","3,0","7","3,0","0","3,0","","","20100618",",3,0","20100630","+,,0","20100630","+,,0","","","20100606",",,0","20100629","+,3,0","-3.9","3,0,18,","0",",,0,30,+","0",",,0,30,+","13.7",",,0,06,","28.9","3,0,29,+","","","179.2","3,0","46.8",",,,0","0",",,,0","11.78","3,0","18.74","3,,,0","4.81","3,,,0"
"USC00101671","2010-07","43.97775","-113.82913","1908.0","CHILLY BARTON FLAT, ID US","5.2","0","3.0","1,0","4",",0","2",",0","0",",0","0",",0","0",",0","0","1,0","0","1,0","0","1,0","29","1,0","0","1,0","","","20100714",",1,0","20100731","+,,0","20100731","+,,0","","","20100709",",,0","20100725",",1,0","1.1","1,0,14,","0",",,0,31,+","0",",,0,31,+","3.6",",,0,09,","31.7","1,0,25,","63.2","0","63.2","1,0","9.6",",,,0","0",",,,0","16.33","1,0","26.66","1,,,0","6.00","1,,,0"
"USC00101671","2010-08","43.97775","-113.82913","1908.0","CHILLY BARTON FLAT, ID US","6.3","0","1.1","1,0","5",",0","3",",0","0",",0","0",",0","0",",0","0","1,0","0","1,0","0","1,0","25","1,0","0","1,0","","","20100824","+,1,0","20100831","+,,0","20100831","+,,0","","","20100810",",,0","20100826",",1,0","1.1","1,0,24,+","0",",,0,31,+","0",",,0,31,+","12.7",",,0,10,","31.1","1,0,26,","166.0","0","102.8","1,0","27.7",",,,0","0",",,,0","14.94","1,0","24.72","1,,,0","5.16","1,,,0"
"USC00101671","2010-09","43.97775","-113.82913","1908.0","CHILLY BARTON FLAT, ID US","6.3","0","0.0","3,0","2",",0","1",",0","0",",0","0",",0","0",",0","0","3,0","8","3,0","0","3,0","19","3,0","0","3,0","","","20100906",",3,0","20100930","+,,0","20100930","+,,0","","","20100909",",,0","20100926",",3,0","-3.9","3,0,06,","0",",,0,30,+","0",",,0,30,+","18.0",",,0,09,","30.0","3,0,26,","334.9","0","168.9","3,0","19.8",",,,0","0",",,,0","12.08","3,0","22.49","3,,,0","1.66","3,,,0"
"USC00101671","2010-10","43.97775","-113.82913","1908.0","CHILLY BARTON FLAT, ID US","","","","","4",",0","2",",0","0",",0","0",",0","0",",0","0","4,0","20","4,0","","","","","","","","","20101029",",4,0","20101031","+,,0","20101031","+,,0","","","20101007",",,0","","","-6.7","4,0,29,","0",",,0,31,+","0",",,0,31,+","12.4",",,0,07,","","","","","","","17.5",",,,0","0",",,,0","","","","","-1.25","4,,,0"
"USC00101671","2010-11","43.97775","-113.82913","1908.0","CHILLY BARTON FLAT, ID US","","","0.0",",0","4",",0","2",",0","0",",0","7",",0","2",",0","5",",0","29",",0","11",",0","0",",0","0",",0","","","20101125",",,0","20101123",",,0","20101123",",,0","","","20101108",",,0","20101104",",,0","-24.4",",0,25,","51",",,0,23,","51",",,0,23,","6.6",",,0,08,","16.7",",0,04,","","","628.8",",0","12.2",",,,0","76",",,,0","-2.63",",0","3.13",",,,0","-8.39",",,,0"
"USC00101671","2010-12","43.97775","-113.82913","1908.0","CHILLY BARTON FLAT, ID US","","","0.0",",0","8",",0","2",",0","0",",0","","","5","3,0","8",",0","31",",0","23",",0","0",",0","0",",0","","","20101221","+,,0","","","20101220",",3,0","","","20101220",",,0","20101213","+,,0","-25.0",",0,21,+","","","102","3,,0,20,","5.1",",,0,20,","2.8",",0,13,+","","","815.4",",0","14.0",",,,0","202","3,,,0","-7.97",",0","-2.46",",,,0","-13.48",",,,0"
"USC00101671","2011-01","43.97775","-113.82913","1908.0","CHILLY BARTON FLAT, ID US","0.0","7","0.0",",7","3",",7","0",",7","0",",7","31",",7","0",",7","8",",7","31",",7","21",",7","0",",7","0",",7","","","20110111",",,7","20110107","+,,7","20110121","+,,7","","","20110116",",,7","20110117",",,7","-28.9",",7,11,","229",",,7,07,+","13",",,7,21,+","2.0",",,7,16,","5.6",",7,17,","","","803.1",",7","3.6",",,,7","26",",,,7","-7.57",",7","-2.65",",,,7","-12.50",",,,7"
"USC00101671","2011-02","43.97775","-113.82913","1908.0","CHILLY BARTON FLAT, ID US","0.0","7","0.0","1,7","5",",7","0",",7","0",",7","28",",7","2",",7","5",",7","27",",7","18","1,7","0","1,7","0","1,7","","","20110202",",,7","20110228","+,,7","20110219",",,7","","","20110219",",,7","20110215","+,1,7","-23.3",",7,02,","127",",,7,28,+","51",",,7,19,","1.3",",,7,19,","6.7","1,7,15,+","","","651.7","1,7","3.3",",,,7","102",",,,7","-5.70","1,7","-0.74","1,,,7","-10.65",",,,7"
"USC00101671","2011-03","43.97775","-113.82913","1908.0","CHILLY BARTON FLAT, ID US","0.0","7","0.0","2,7","1","2,7","0","2,7","0","2,7","29","2,7","2","2,7","1","2,7","28","2,7","4","2,7","0","2,7","0","2,7","","","20110302",",2,7","20110305","+,2,7","20110328","+,2,7","","","20110307",",2,7","20110330",",2,7","-17.8","2,7,02,","102","2,,7,05,+","25","2,,7,28,+","0.5","2,,7,07,","11.7","2,7,30,","","","581.7","2,7","0.5","2,,,7","50","2,,,7","-1.73","2,7","2.61","2,,,7","-6.06","2,,,7"
"USC00101671","2011-04","43.97775","-113.82913","1908.0","CHILLY BARTON FLAT, ID US","0.0","7","0.0","2,7","4","2,7","1","2,7","0","2,7","1","2,7","1","2,7","0","2,7","25","2,7","0","2,7","0","2,7","0","2,7","","","20110423","+,2,7","20110401",",2,7","20110414",",2,7","","","20110421",",2,7","20110401",",2,7","-10.6","2,7,23,+","25","2,,7,01,","25","2,,7,14,","3.3","2,,7,21,","15.0","2,7,01,","","","475.0","2,7","6.1","2,,,7","25","2,,,7","1.37","2,7","7.69","2,,,7","-4.95","2,,,7"
"USC00101671","2011-05","43.97775","-113.82913","1908.0","CHILLY BARTON FLAT, ID US","0.0","7","0.0","2,7","6",",7","2",",7","0",",7","0","1,7","0","1,7","0","1,7","18","1,7","0","2,7","0","2,7","0","2,7","","","20110502",",1,7","20110531","+,1,7","20110531","+,1,7","","","20110509",",,7","20110513",",2,7","-7.2","1,7,02,","0","1,,7,31,+","0","1,,7,31,+","4.1",",,7,09,","18.9","2,7,13,","","","349.4","2,7","13.3",",,,7","0","1,,,7","6.29","2,7","12.84","2,,,7","-0.26","1,,,7"
"USC00101671","2011-06","43.97775","-113.82913","1908.0","CHILLY BARTON FLAT, ID US","0.0","7","0.0",",7","5",",7","3",",7","0",",7","0",",7","0",",7","0",",7","6",",7","0",",7","13",",7","0",",7","","","20110604",",,7","20110630","+,,7","20110630","+,,7","","","20110608",",,7","20110628",",,7","-3.9",",7,04,","0",",,7,30,+","0",",,7,30,+","7.4",",,7,08,","27.8",",7,28,","","","206.3",",7","16.9",",,,7","0",",,,7","11.46",",7","19.90",",,,7","3.01",",,,7"
"USC00101671","2011-07","43.97775","-113.82913","1908.0","CHILLY BARTON FLAT, ID US","10.6","7","10.6","5,7","3",",7","1",",7","0",",7","0",",7","0",",7","0","4,7","1","4,7","0","5,7","26","5,7","0","5,7","","","20110715",",4,7","20110731","+,,7","20110731","+,,7","","","20110714",",,7","20110725","+,5,7","0.0","4,7,15,","0",",,7,31,+","0",",,7,31,+","2.8",",,7,14,","30.6","5,7,25,+","41.6","7","41.6","5,7","4.6",",,,7","0",",,,7","17.30","5,7","27.43","5,,,7","7.18","4,,,7"
"USC00101671","2011-08","43.97775","-113.82913","1908.0","CHILLY BARTON FLAT, ID US","19.3","7","8.7","2,7","8","2,7","4","2,7","0","2,7","0","2,7","0","2,7","0","2,7","1","2,7","0","2,7","29","2,7","0","2,7","","","20110819",",2,7","20110831","+,2,7","20110831","+,2,7","","","20110805",",2,7","20110826",",2,7","0.0","2,7,19,","0","2,,7,31,+","0","2,,7,31,+","7.9","2,,7,05,","31.1","2,7,26,","99.9","7","58.3","2,7","23.8","2,,,7","0","2,,,7","16.62","2,7","26.65","2,,,7","6.59","2,,,7"
"USC00101671","2011-09","43.97775","-113.82913","1908.0","CHILLY BARTON FLAT, ID US","19.3","7","0.0",",7","0",",7","0",",7","0",",7","0",",7","0",",7","0",",7","2",",7","0",",7","26",",7","0",",7","","","20110923","+,,7","20110930","+,,7","20110930","+,,7","","","20110912",",,7","20110924","+,,7","0.0",",7,23,+","0",",,7,30,+","0",",,7,30,+","0.0",",T,7,12,","27.2",",7,24,+","244.9","7","145.0",",7","0.0",",T,,7","0",",,,7","13.50",",7","23.67",",,,7","3.33",",,,7"
"USC00101671","2011-10","43.97775","-113.82913","1908.0","CHILLY BARTON FLAT, ID US","19.3","7","0.0","2,7","6",",7","5",",7","0",",7","0",",7","0",",7","0","2,7","19","2,7","0","2,7","4","2,7","0","2,7","","","20111028",",2,7","20111031","+,,7","20111031","+,,7","","","20111005",",,7","20111001",",2,7","-10.0","2,7,28,","0",",,7,31,+","0",",,7,31,+","17.5",",,7,05,","25.6","2,7,01,","592.6","7","347.7","2,7","53.5",",,,7","0",",,,7","6.34","2,7","13.76","2,,,7","-1.07","2,,,7"
"USC00101671","2011-11","43.97775","-113.82913","1908.0","CHILLY BARTON FLAT, ID US","19.3","7","0.0","1,7","1",",7","0",",7","0",",7","5",",7","1",",7","1",",7","30",",7","7","1,7","0","1,7","0","1,7","","","20111120",",,7","20111122","+,,7","20111118",",,7","","","20111105",",,7","20111128",",1,7","-21.1",",7,20,","25",",,7,22,+","51",",,7,18,","1.5",",,7,05,","7.2","1,7,28,","1216.8","7","624.2","1,7","1.5",",,,7","54",",,,7","-3.14","1,7","2.01","1,,,7","-8.30",",,,7"
"USC00101671","2011-12","43.97775","-113.82913","1908.0","CHILLY BARTON FLAT, ID US","19.3","7","0.0",",7","0",",7","0",",7","0",",7","0",",7","0",",7","6",",7","31",",7","12",",7","0",",7","0",",7","","","20111222","+,,7","20111231",",,7","20111231","+,,7","","","20111231","+,,7","20111220",",,7","-18.9",",7,22,+","0",",T,7,31,","0",",T,7,31,+","0.0",",T,7,31,+","7.2",",7,20,","1963.5","7","746.7",",7","0.0",",T,,7","0",",T,,7","-5.75",",7","1.35",",,,7","-12.85",",,,7"
"USC00101671","2012-01","43.97775","-113.82913","1908.0","CHILLY BARTON FLAT, ID US","0.0","7","0.0","3,7","2",",7","0",",7","0",",7","11",",7","2",",7","4","1,7","30","1,7","9","3,7","0","3,7","0","3,7","","","20120117",",1,7","20120122","+,,7","20120119",",,7","","","20120123","+,,7","20120103",",3,7","-25.0","1,7,17,","51",",,7,22,+","51",",,7,19,","1.3",",,7,23,+","6.7","3,7,03,","2651.3","7","687.8","3,7","2.6",",,,7","76",",,,7","-6.20","3,7","1.55","3,,,7","-13.95","1,,,7"
"USC00101671","2012-02","43.97775","-113.82913","1908.0","CHILLY BARTON FLAT, ID US","0.0","7","0.0",",7","2",",7","0",",7","0",",7","10",",7","2",",7","7",",7","28",",7","7",",7","0",",7","0",",7","","","20120207","+,,7","20120229","+,,7","20120229","+,,7","","","20120229","+,,7","20120222",",,7","-19.4",",7,07,+","25",",,7,29,+","25",",,7,29,+","0.8",",,7,29,+","7.8",",7,22,","3327.6","7","676.3",",7","1.6",",,,7","50",",,,7","-4.99",",7","1.75",",,,7","-11.72",",,,7"
"USC00101671","2012-03","43.97775","-113.82913","1908.0","CHILLY BARTON FLAT, ID US","0.0","7","0.0","1,7","8",",7","5",",7","0",",7","3",",7","2",",7","0","1,7","26","1,7","3",",7","0",",7","0",",7","","","20120301",",1,7","20120319","+,,7","20120318",",,7","","","20120318",",,7","20120325",",,7","-15.0","1,7,01,","76",",,7,19,+","127",",,7,18,","14.0",",,7,18,","16.7",",7,25,","3840.3","7","512.7",",7","37.2",",,,7","178",",,,7","1.22","1,7","7.73",",,,7","-5.30","1,,,7"
"USC00101671","2012-04","43.97775","-113.82913","1908.0","CHILLY BARTON FLAT, ID US","0.0","7","0.0",",7","5",",7","4",",7","0",",7","0",",7","0",",7","0",",7","24",",7","0",",7","4",",7","0",",7","","","20120407",",,7","20120430","+,,7","20120430","+,,7","","","20120426",",,7","20120423",",,7","-12.2",",7,07,","0",",,7,30,+","0",",,7,30,+","7.9",",,7,26,","25.6",",7,23,","4214.2","7","373.9",",7","19.6",",,,7","0",",,,7","5.87",",7","14.07",",,,7","-2.34",",,,7"
"USC00101671","2012-05","43.97775","-113.82913","1908.0","CHILLY BARTON FLAT, ID US","0.0","7","0.0","2,7","6",",7","4",",7","0",",7","0",",7","0",",7","0","2,7","15","2,7","0","2,7","10","2,7","0","2,7","","","20120506",",2,7","20120531","+,,7","20120531","+,,7","","","20120525",",,7","20120522","+,2,7","-6.7","2,7,06,","0",",,7,31,+","0",",,7,31,+","8.4",",,7,25,","25.0","2,7,22,+","4499.8","7","285.6","2,7","27.2",",,,7","0",",,,7","8.48","2,7","16.38","2,,,7","0.59","2,,,7"
"USC00101671","2012-06","43.97775","-113.82913","1908.0","CHILLY BARTON FLAT, ID US","7.8","7","7.8","5,7","3",",7","1",",7","0",",7","0",",7","0",",7","0","5,7","5","5,7","0","5,7","17","5,7","0","5,7","","","20120607",",5,7","20120630","+,,7","20120630","+,,7","","","20120606",",,7","20120630",",5,7","-3.3","5,7,07,","0",",,7,30,+","0",",,7,30,+","4.6",",,7,06,","29.4","5,7,30,","4610.2","7","110.4","5,7","7.4",",,,7","0",",,,7","14.23","5,7","23.18","5,,,7","5.28","5,,,7"
"USC00101671","2012-07","43.97775","-113.82913","1908.0","CHILLY BARTON FLAT, ID US","26.4","7","18.6","3,7","9",",7","6",",7","0",",7","0",",7","0",",7","0","2,7","0","2,7","0","3,7","28","3,7","0","3,7","","","20120704",",2,7","20120731","+,,7","20120731","+,,7","","","20120723",",,7","20120731","+,3,7","3.9","2,7,04,","0",",,7,31,+","0",",,7,31,+","8.6",",,7,23,","31.7","3,7,31,+","18.4","7","18.4","3,7","33.8",",,,7","0",",,,7","18.42","3,7","28.43","3,,,7","8.41","2,,,7"
"USC00101671","2012-08","43.97775","-113.82913","1908.0","CHILLY BARTON FLAT, ID US","34.5","7","8.1","2,7","0",",7","0",",7","0",",7","0","1,7","0","1,7","0","1,7","0","1,7","0","2,7","29","2,7","0","2,7","","","20120825",",1,7","20120831","+,1,7","20120831","+,1,7","","","20120826","+,,7","20120816","+,2,7","1.1","1,7,25,","0","1,,7,31,+","0","1,,7,31,+","0.0",",T,7,26,+","31.1","2,7,16,+","52.9","7","34.5","2,7","0.0",",T,,7","0","1,,,7","17.44","2,7","28.17","2,,,7","6.71","1,,,7"
"USC00101671","2012-09","43.97775","-113.82913","1908.0","CHILLY BARTON FLAT, ID US","34.5","7","0.0","4,7","3","4,7","1","4,7","0","4,7","0","4,7","0","4,7","0","4,7","5","4,7","0","4,7","23","4,7","0","4,7","","","20120927","+,4,7","20120930","+,4,7","20120930","+,4,7","","","20120924",",4,7","20120914",",4,7","-3.9","4,7,27,+","0","4,,7,30,+","0","4,,7,30,+","2.5","4,,7,24,","26.7","4,7,14,","197.3","7","144.4","4,7","3.5","4,,,7","0","4,,,7","12.78","4,7","23.46","4,,,7","2.10","4,,,7"
"USC00101671","2012-10","43.97775","-113.82913","1908.0","CHILLY BARTON FLAT, ID US","34.5","7","0.0",",7","5",",7","1",",7","0",",7","0",",7","0",",7","0",",7","23",",7","0",",7","3",",7","0",",7","","","20121024",",,7","20121031","+,,7","20121027",",,7","","","20121016",",,7","20121002","+,,7","-15.6",",7,24,","0",",,7,31,+","23",",,7,27,","3.6",",,7,16,","23.9",",7,02,+","614.9","7","417.6",",7","7.0",",,,7","23",",,,7","4.86",",7","13.35",",,,7","-3.62",",,,7"
"USC00101671","2012-11","43.97775","-113.82913","1908.0","CHILLY BARTON FLAT, ID US","34.5","7","0.0","1,7","6",",7","3",",7","0",",7","0",",7","0",",7","0","1,7","21","1,7","4","1,7","0","1,7","0","1,7","","","20121127","+,1,7","20121130","+,,7","20121130","+,,7","","","20121109",",,7","20121105",",1,7","-15.0","1,7,27,+","0",",,7,30,+","0",",,7,30,+","7.1",",,7,09,","17.2","1,7,05,","1130.7","7","515.8","1,7","18.6",",,,7","0",",,,7","0.55","1,7","5.48","1,,,7","-4.39","1,,,7"
"USC00101671","2012-12","43.97775","-113.82913","1908.0","CHILLY BARTON FLAT, ID US","","","","","11",",7","2",",7","1",",7","8",",7","2",",7","","","","","","","","","","","","","","","20121217",",,7","20121224","+,,7","","","20121224",",,7","","","","","51",",,7,17,","25",",,7,24,+","25.4",",,7,24,","","","","","","","42.9",",,,7","63",",,,7","","","","","",""
"USC00101671","2013-01","43.97775","-113.82913","1908.0","CHILLY BARTON FLAT, ID US","0.0","7","0.0",",7","2",",7","1",",7","0",",7","29",",7","2",",7","17",",7","31",",7","24",",7","0",",7","0",",7","","","20130114","+,,7","20130111",",,Z","20130111",",,7","","","20130110",",,7","20130124",",,7","-28.9",",7,14,+","127",",,Z,11,","51",",,7,11,","3.8",",,7,10,","6.1",",7,24,","","","875.9",",7","5.1",",,,7","89",",,,7","-9.92",",7","-2.67",",,,7","-17.17",",,,7"
"USC00101671","2013-02","43.97775","-113.82913","1908.0","CHILLY BARTON FLAT, ID US","0.0","7","0.0",",7","1",",7","0",",7","0",",7","1",",7","1",",7","4",",7","28",",7","18",",7","0",",7","0",",7","","","20130218",",,7","20130217",",,7","20130217",",,7","","","20130217",",,7","20130215",",,7","-20.6",",7,18,","25",",,7,17,","25",",,7,17,","0.5",",,7,17,","5.6",",7,15,","","","669.5",",7","0.5",",,,7","25",",,,7","-5.58",",7","0.55",",,,7","-11.71",",,,7"
"USC00101671","2013-03","43.97775","-113.82913","1908.0","CHILLY BARTON FLAT, ID US","0.0","7","0.0","1,7","3",",7","0",",7","0",",7","0",",7","0",",7","0","1,7","29","1,7","3","1,7","0","1,7","0","1,7","","","20130324",",1,7","20130306","+,,7","20130321","+,,7","","","20130321",",,7","20130331",",1,7","-13.9","1,7,24,","0",",T,7,06,+","0",",T,7,21,+","1.3",",,7,21,","16.7","1,7,31,","","","547.5","1,7","2.8",",,,7","0",",T,,7","0.08","1,7","6.81","1,,,7","-6.65","1,,,7"
"USC00101671","2013-04","43.97775","-113.82913","1908.0","CHILLY BARTON FLAT, ID US","0.0","7","0.0",",7","2",",7","0",",7","0",",7","0",",7","0",",7","0",",7","25",",7","0",",7","0",",7","0",",7","","","20130418","+,,7","20130430","+,,7","20130430","+,,7","","","20130419",",,7","20130427",",,7","-10.6",",7,18,+","0",",,7,30,+","0",",,7,30,+","1.3",",,7,19,","20.6",",7,27,","","","430.7",",7","1.8",",,,7","0",",,,7","3.98",",7","11.54",",,,7","-3.59",",,,7"
"USC00101671","2013-05","43.97775","-113.82913","1908.0","CHILLY BARTON FLAT, ID US","0.0","7","0.0","3,7","10",",7","3",",7","0",",7","0",",7","0",",7","0","3,7","8","3,7","0","3,7","7","3,7","0","3,7","","","20130502","+,3,7","20130531","+,,7","20130531","+,,7","","","20130522",",,7","20130513",",3,7","-7.8","3,7,02,+","0",",,7,31,+","0",",,7,31,+","3.3",",,7,22,","25.0","3,7,13,","","","250.6","3,7","17.3",",,,7","0",",,,7","9.38","3,7","17.28","3,,,7","1.49","3,,,7"
"USC00101671","2013-06","43.97775","-113.82913","1908.0","CHILLY BARTON FLAT, ID US","9.2","7","9.2",",7","4",",7","0",",7","0",",7","0",",7","0",",7","0",",7","3",",7","0",",7","22",",7","1",",7","","","20130620",",,7","20130630","+,,7","20130630","+,,7","","","20130630",",,7","20130628",",,7","-3.3",",7,20,","0",",,7,30,+","0",",,7,30,+","1.8",",,7,30,","32.2",",7,28,","","","123.0",",7","4.9",",,,7","0",",,,7","14.54",",7","24.03",",,,7","5.04",",,,7"
"USC00101671","2013-07","43.97775","-113.82913","1908.0","CHILLY BARTON FLAT, ID US","37.4","7","28.2","1,7","5",",7","0",",7","0",",7","0",",7","0",",7","0","1,7","0","1,7","0","1,7","30","1,7","5","1,7","","","20130729",",1,7","20130731","+,,7","20130731","+,,7","","","20130717",",,7","20130702",",1,7","0.6","1,7,29,","0",",,7,31,+","0",",,7,31,+","1.0",",,7,17,","33.9","1,7,02,","25.8","7","25.8","1,7","3.7",",,,7","0",",,,7","18.41","1,7","29.76","1,,,7","7.06","1,,,7"
"USC00101671","2013-08","43.97775","-113.82913","1908.0","CHILLY BARTON FLAT, ID US","42.4","7","5.0",",7","4",",7","2",",7","0",",7","0",",7","0",",7","0",",7","1",",7","0",",7","31",",7","0",",7","","","20130803",",,7","20130831","+,,7","20130831","+,,7","","","20130825",",,7","20130816",",,7","-0.6",",7,03,","0",",,7,31,+","0",",,7,31,+","3.0",",,7,25,","31.1",",7,16,","55.0","7","29.2",",7","7.8",",,,7","0",",,,7","17.55",",7","27.83",",,,7","7.27",",,,7"
"USC00101671","2013-09","43.97775","-113.82913","1908.0","CHILLY BARTON FLAT, ID US","43.0","7","0.6","4,7","8","1,7","4","1,7","0","1,7","0",",7","0",",7","0","4,7","3","4,7","0","4,7","11","4,7","0","4,7","","","20130920",",4,7","20130930","+,,7","20130930","+,,7","","","20130926",",1,7","20130901",",4,7","-2.8","4,7,20,","0",",,7,30,+","0",",,7,30,+","14.2","1,,7,26,","27.8","4,7,01,","218.9","7","163.9","4,7","33.4","1,,,7","0",",,,7","12.05","4,7","19.20","4,,,7","4.90","4,,,7"
"USC00101671","2013-10","43.97775","-113.82913","1908.0","CHILLY BARTON FLAT, ID US","43.0","7","0.0",",7","5",",7","5",",7","0",",7","2",",7","2",",7","0",",7","26",",7","0",",7","0",",7","0",",7","","","20131027","+,,7","20131029","+,,7","20131003",",,7","","","20131013",",,7","20131025","+,,7","-6.7",",7,27,+","25",",,7,29,+","38",",,7,03,","8.4",",,7,13,","17.8",",7,25,+","637.2","7","418.3",",7","25.9",",,,7","63",",,,7","4.84",",7","12.42",",,,7","-2.74",",,,7"
"USC00101671","2013-11","43.97775","-113.82913","1908.0","CHILLY BARTON FLAT, ID US","43.0","7","0.0","1,7","1",",7","0",",7","0",",7","0",",7","0",",7","0",",7","30",",7","2","1,7","0","1,7","0","1,7","","","20131122",",,7","20131130","+,,7","20131130","+,,7","","","20131108",",,7","20131111",",1,7","-16.1",",7,22,","0",",,7,30,+","0",",,7,30,+","0.5",",,7,08,","13.9","1,7,11,","1173.2","7","536.0","1,7","0.5",",,,7","0",",,,7","-0.20","1,7","6.88","1,,,7","-7.27",",,,7"
"USC00101671","2013-12","43.97775","-113.82913","1908.0","CHILLY BARTON FLAT, ID US","43.0","7","0.0",",7","2",",7","1",",7","0",",7","3",",7","1",",7","10",",7","31",",7","18",",7","0",",7","0",",7","","","20131205",",,7","20131222","+,,7","20131221",",,7","","","20131221",",,7","20131202",",,7","-25.6",",7,05,","51",",,7,22,+","51",",,7,21,","2.5",",,7,21,","6.7",",7,02,","2011.5","7","838.3",",7","3.3",",,,7","51",",,,7","-8.71",",7","-2.24",",,,7","-15.18",",,,7"
"USC00101671","2014-01","43.97775","-113.82913","1908.0","CHILLY BARTON FLAT, ID US","0.0","7","0.0","2,7","4","2,7","1","2,7","0","2,7","6",",7","4",",7","1","2,7","29","2,7","5","2,7","0","2,7","0","2,7","","","20140106",",2,7","20140112","+,,7","20140109",",,7","","","20140109",",2,7","20140125",",2,7","-17.8","2,7,06,","76",",,7,12,+","76",",,7,09,","3.0","2,,7,09,","10.0","2,7,25,","2664.9","7","653.4","2,7","6.8","2,,,7","151",",,,7","-4.20","2,7","3.32","2,,,7","-11.71","2,,,7"
"USC00101671","2014-02","43.97775","-113.82913","1908.0","CHILLY BARTON FLAT, ID US","0.0","7","0.0",",7","7",",7","1",",7","0",",7","13",",7","2",",7","5",",7","27",",7","9",",7","0",",7","0",",7","","","20140206",",,7","20140208",",,7","20140208",",,7","","","20140208",",,7","20140226",",,7","-28.9",",7,06,","76",",,7,08,","51",",,7,08,","4.1",",,7,08,","8.9",",7,26,","3296.6","7","631.7",",7","10.1",",,,7","89",",,,7","-4.23",",7","1.21",",,,7","-9.66",",,,7"
"USC00101671","2014-03","43.97775","-113.82913","1908.0","CHILLY BARTON FLAT, ID US","0.0","7","0.0","1,7","6",",7","1",",7","0",",7","0",",7","0",",7","0","1,7","28","1,7","1","1,7","0","1,7","0","1,7","","","20140302",",1,7","20140331","+,,7","20140331","+,,7","","","20140306",",,7","20140325",",1,7","-13.3","1,7,02,","0",",,7,31,+","0",",,7,31,+","9.1",",,7,06,","14.4","1,7,25,","3811.1","7","514.5","1,7","13.5",",,,7","0",",,,7","1.18","1,7","7.72","1,,,7","-5.35","1,,,7"
"USC00101671","2014-04","43.97775","-113.82913","1908.0","CHILLY BARTON FLAT, ID US","0.0","7","0.0","1,7","5",",7","3",",7","0",",7","0",",7","0",",7","0","1,7","23","1,7","0",",7","0",",7","0",",7","","","20140414",",1,7","20140430","+,,7","20140430","+,,7","","","20140426",",,7","20140412","+,,7","-8.9","1,7,14,","0",",,7,30,+","0",",,7,30,+","7.6",",,7,26,","17.8",",7,12,+","4213.6","7","402.5",",7","21.7",",,,7","0",",,,7","4.42","1,7","11.85",",,,7","-3.00","1,,,7"
"USC00101671","2014-05","43.97775","-113.82913","1908.0","CHILLY BARTON FLAT, ID US","0.0","7","0.0",",7","3",",7","0",",7","0",",7","0",",7","0",",7","0",",7","10",",7","0",",7","14",",7","0",",7","","","20140513",",,7","20140531","+,,7","20140531","+,,7","","","20140520",",,7","20140526","+,,7","-6.7",",7,13,","0",",,7,31,+","0",",,7,31,+","2.0",",,7,20,","24.4",",7,26,+","4476.3","7","262.7",",7","3.6",",,,7","0",",,,7","9.86",",7","18.73",",,,7","0.99",",,,7"
"USC00101671","2014-06","43.97775","-113.82913","1908.0","CHILLY BARTON FLAT, ID US","","","","","6",",7","3",",7","0",",7","0",",7","0",",7","","","","","0",",7","19",",7","0",",7","","","","","20140630","+,,7","20140630","+,,7","","","20140617",",,7","20140624",",,7","","","0",",,7,30,+","0",",,7,30,+","7.6",",,7,17,","26.1",",7,24,","","","","","20.6",",,,7","0",",,,7","","","21.42",",,,7","",""
"USC00101671","2014-07","43.97775","-113.82913","1908.0","CHILLY BARTON FLAT, ID US","","","43.7","1,7","1",",7","0",",7","0",",7","0",",7","0",",7","0","1,7","0","1,7","0","1,7","30","1,7","2","1,7","","","20140725",",1,7","20140731","+,,7","20140731","+,,7","","","20140729",",,7","20140714",",1,7","3.3","1,7,25,","0",",,7,31,+","0",",,7,31,+","0.3",",,7,29,","33.9","1,7,14,","13.4","7","13.4","1,7","0.3",",,,7","0",",,,7","19.34","1,7","29.23","1,,,7","9.45","1,,,7"
"USC00101671","2014-08","43.97775","-113.82913","1908.0","CHILLY BARTON FLAT, ID US","","","4.5",",7","13",",7","7",",7","0",",7","0",",7","0",",7","0",",7","0",",7","0",",7","24",",7","0",",7","","","20140824","+,,7","20140831","+,,7","20140831","+,,7","","","20140822",",,7","20140811","+,,7","3.9",",7,24,+","0",",,7,31,+","0",",,7,31,+","15.5",",,7,22,","28.9",",7,11,+","111.4","7","98.0",",7","62.3",",,,7","0",",,,7","15.31",",7","22.90",",,,7","7.73",",,,7"
"USC00101671","2014-09","43.97775","-113.82913","1908.0","CHILLY BARTON FLAT, ID US","","","0.3","2,7","6",",7","5",",7","0",",7","0",",7","0",",7","0",",7","4",",7","0","2,7","19","2,7","0","2,7","","","20140912",",,7","20140930","+,,7","20140930","+,,7","","","20140929",",,7","20140925","+,2,7","-6.1",",7,12,","0",",,7,30,+","0",",,7,30,+","12.2",",,7,29,","25.6","2,7,25,+","261.1","7","149.7","2,7","38.5",",,,7","0",",,,7","13.02","2,7","21.73","2,,,7","4.32",",,,7"
"USC00101671","2014-10","43.97775","-113.82913","1908.0","CHILLY BARTON FLAT, ID US","","","0.0",",7","1",",7","0",",7","0",",7","0",",7","0",",7","0",",7","18",",7","0",",7","3",",7","0",",7","","","20141017",",,7","20141031","+,,7","20141031","+,,7","","","20141021",",,7","20141008","+,,7","-7.2",",7,17,","0",",,7,31,+","0",",,7,31,+","0.8",",,7,21,","21.7",",7,08,+","582.8","7","321.7",",7","0.8",",,,7","0",",,,7","7.95",",7","15.94",",,,7","-0.03",",,,7"
"USC00101671","2014-11","43.97775","-113.82913","1908.0","CHILLY BARTON FLAT, ID US","","","0.0",",7","5",",7","2",",7","0",",7","9",",7","3",",7","5",",7","27",",7","8",",7","0",",7","0",",7","","","20141117",",,7","20141124","+,,7","20141123","+,,7","","","20141101",",,7","20141101",",,7","-22.2",",7,17,","25",",,7,24,+","25",",,7,23,+","7.6",",,7,01,","13.9",",7,01,","1186.8","7","604.0",",7","14.5",",,,7","88",",,,7","-1.80",",7","4.17",",,,7","-7.77",",,,7"
"USC00101671","2014-12","43.97775","-113.82913","1908.0","CHILLY BARTON FLAT, ID US","","","0.0",",7","6",",7","2",",7","0",",7","16",",7","5",",7","4",",7","29",",7","17",",7","0",",7","0",",7","","","20141231",",,7","20141222","+,,7","20141221",",,7","","","20141221",",,7","20141212",",,7","-25.0",",7,31,","127",",,7,22,+","127",",,7,21,","10.2",",,7,21,","8.9",",7,12,","1910.1","7","723.3",",7","22.9",",,,7","227",",,,7","-5.00",",7","-0.21",",,,7","-9.79",",,,7"
"USC00101671","2015-01","43.97775","-113.82913","1908.0","CHILLY BARTON FLAT, ID US","0.0","7","0.0",",7","2",",7","2",",7","0",",7","31",",7","1",",7","8",",7","31",",7","17",",7","0",",7","0",",7","","","20150102",",,7","20150131","+,,7","20150128",",,7","","","20150128",",,7","20150125","+,,7","-23.3",",7,02,","127",",,7,31,+","76",",,7,28,","10.9",",,7,28,","6.7",",7,25,+","2668.9","7","758.8",",7","14.7",",,,7","76",",,,7","-6.14",",7","0.42",",,,7","-12.71",",,,7"
"USC00101671","2015-02","43.97775","-113.82913","1908.0","CHILLY BARTON FLAT, ID US","0.0","7","0.0",",7","1",",7","0",",7","0",",7","6",",7","0",",7","0",",7","27",",7","3",",7","0",",7","0",",7","","","20150223",",,7","20150201",",,7","20150228","+,,7","","","20150209",",,7","20150219",",,7","-16.1",",7,23,","127",",,7,01,","0",",,7,28,+","1.5",",,7,09,","11.1",",7,19,","3188.8","7","519.9",",7","1.5",",,,7","0",",,,7","-0.24",",7","5.70",",,,7","-6.17",",,,7"
"USC00101671","2015-03","43.97775","-113.82913","1908.0","CHILLY BARTON FLAT, ID US","0.0","7","0.0","2,7","1",",7","0",",7","0",",7","0",",7","0",",7","0","2,7","23","2,7","0","2,7","0","2,7","0","2,7","","","20150304","+,2,7","20150331","+,,7","20150331","+,,7","","","20150324",",,7","20150330",",2,7","-12.2","2,7,04,+","0",",,7,31,+","0",",,7,31,+","0.8",",,7,24,","17.8","2,7,30,","3612.1","7","423.3","2,7","0.8",",,,7","0",",,,7","3.74","2,7","11.44","2,,,7","-3.97","2,,,7"
"USC00101671","2015-04","43.97775","-113.82913","1908.0","CHILLY BARTON FLAT, ID US","0.0","7","0.0",",7","4",",7","3",",7","0",",7","0",",7","1",",7","0",",7","26",",7","0",",7","0",",7","0",",7","","","20150403",",,7","20150430","+,,7","20150426",",,7","","","20150426",",,7","20150429",",,7","-12.2",",7,03,","0",",,7,30,+","51",",,7,26,","7.9",",,7,26,","20.6",",7,29,","4023.8","7","411.7",",7","14.2",",,,7","51",",,,7","4.61",",7","12.20",",,,7","-2.98",",,,7"
"USC00101671","2015-05","43.97775","-113.82913","1908.0","CHILLY BARTON FLAT, ID US","0.0","7","0.0","1,7","17",",7","9",",7","0",",7","0",",7","0",",7","0","1,7","3","1,7","0","1,7","1","1,7","0","1,7","","","20150502",",1,7","20150531","+,,7","20150531","+,,7","","","20150508",",,7","20150531",",1,7","-1.1","1,7,02,","0",",,7,31,+","0",",,7,31,+","18.8",",,7,08,","23.9","1,7,31,","4279.5","7","255.7","1,7","77.5",",,,7","0",",,,7","9.81","1,7","15.82","1,,,7","3.80","1,,,7"
"USC00101671","2015-06","43.97775","-113.82913","1908.0","CHILLY BARTON FLAT, ID US","35.0","7","35.0",",7","6",",7","3",",7","0",",7","0",",7","0",",7","0",",7","0",",7","0",",7","26",",7","3",",7","","","20150616",",,7","20150630","+,,7","20150630","+,,7","","","20150610",",,7","20150628",",,7","3.3",",7,16,","0",",,7,30,+","0",",,7,30,+","10.2",",,7,10,","33.9",",7,28,","4325.2","7","45.7",",7","21.2",",,,7","0",",,,7","17.98",",7","26.00",",,,7","9.95",",,,7"
"USC00101671","2015-07","43.97775","-113.82913","1908.0","CHILLY BARTON FLAT, ID US","71.2","7","36.2",",7","9",",7","2",",7","0",",7","0",",7","0",",7","0",",7","0",",7","0",",7","28",",7","3",",7","","","20150719",",,7","20150731","+,,7","20150731","+,,7","","","20150727",",,7","20150703","+,,7","3.3",",7,19,","0",",,7,31,+","0",",,7,31,+","6.6",",,7,27,","32.8",",7,03,+","63.3","7","63.3",",7","17.2",",,,7","0",",,,7","17.46",",7","25.54",",,,7","9.38",",,,7"
"USC00101671","2015-08","43.97775","-113.82913","1908.0","CHILLY BARTON FLAT, ID US","94.6","7","23.4",",7","10",",7","2",",7","0",",7","0",",7","0",",7","0",",7","0",",7","0",",7","31",",7","0",",7","","","20150823",",,7","20150831","+,,7","20150809",",,7","","","20150808",",,7","20150802",",,7","2.8",",7,23,","0",",,7,31,+","0",",T,7,09,","17.3",",,7,08,","31.7",",7,02,","121.5","7","58.2",",7","29.1",",,,7","0",",T,,7","17.21",",7","26.38",",,,7","8.04",",,,7"
"USC00101671","2015-09","43.97775","-113.82913","1908.0","CHILLY BARTON FLAT, ID US","96.3","7","1.7",",7","4",",7","2",",7","0",",7","0","1,7","0","1,7","0",",7","6",",7","0",",7","22",",7","0",",7","","","20150906",",,7","20150930","+,1,7","20150930","+,1,7","","","20150916",",,7","20150911",",,7","-2.8",",7,06,","0","1,,7,30,+","0","1,,7,30,+","12.2",",,7,16,","28.9",",7,11,","285.2","7","163.7",",7","16.5",",,,7","0","1,,,7","12.93",",7","22.73",",,,7","3.13",",,,7"
"USC00101671","2015-10","43.97775","-113.82913","1908.0","CHILLY BARTON FLAT, ID US","96.3","7","0.0","1,7","7","1,7","3","1,7","0","1,7","0","1,7","0","1,7","0","1,7","15","1,7","0","1,7","8","1,7","0","1,7","","","20151028",",1,7","20151031","+,1,7","20151031","+,1,7","","","20151002",",1,7","20151011","+,1,7","-6.1","1,7,28,","0","1,,7,31,+","0","1,,7,31,+","9.7","1,,7,02,","24.4","1,7,11,+","554.4","7","269.2","1,7","20.2","1,,,7","0","1,,,7","9.36","1,7","17.22","1,,,7","1.50","1,,,7"
"USC00101671","2015-11","43.97775","-113.82913","1908.0","CHILLY BARTON FLAT, ID US","96.3","7","0.0",",7","7",",7","1",",7","0",",7","","","","","5",",7","29",",7","9",",7","0",",7","0",",7","","","20151121",",,7","","","","","","","20151103",",,7","20151101",",,7","-23.9",",7,21,","","","","","18.8",",,7,03,","12.8",",7,01,","1251.6","7","697.2",",7","25.2",",,,7","","","-4.91",",7","1.12",",,,7","-10.93",",,,7"
"USC00101671","2015-12","43.97775","-113.82913","1908.0","CHILLY BARTON FLAT, ID US","96.3","7","0.0","3,7","7","4,7","1","4,7","0","4,7","","","","","7","3,7","28","3,7","22","3,7","0","3,7","0","3,7","","","20151227",",3,7","","","","","","","20151222",",4,7","20151209",",3,7","-26.1","3,7,27,","","","","","5.1","4,,7,22,","7.2","3,7,09,","1973.8","7","722.2","3,7","7.4",",a,,7","","","-7.46","3,7","-3.05","3,,,7","-11.87","3,,,7"
"USC00101671","2016-01","43.97775","-113.82913","1908.0","CHILLY BARTON FLAT, ID US","0.0","7","0.0","1,7","5",",7","0",",7","0",",7","","","","","8","1,7","30","1,7","28","1,7","0","1,7","0","1,7","","","20160102",",1,7","","","","","","","20160130",",,7","20160119","+,1,7","-27.8","1,7,02,","","","","","1.8",",,7,30,","1.7","1,7,19,+","2781.1","7","807.3","1,7","5.4",",,,7","","","-8.58","1,7","-3.06","1,,,7","-14.09","1,,,7"
"USC00101671","2016-02","43.97775","-113.82913","1908.0","CHILLY BARTON FLAT, ID US","0.0","7","0.0","2,7","3","3,7","0","3,7","0","3,7","","","0","4,7","8","2,7","26","2,7","7","2,7","0","2,7","0","2,7","","","20160202","+,2,7","","","20160229","+,4,7","","","20160218",",3,7","20160215",",2,7","-22.2","2,7,02,+","","","0","4,,7,29,+","2.0","3,,7,18,","7.2","2,7,15,","3416.1","7","635.0","2,7","3.8",",a,,7","0","4,,,7","-5.19","2,7","1.19","2,,,7","-11.57","2,,,7"
"USC00101671","2016-03","43.97775","-113.82913","1908.0","CHILLY BARTON FLAT, ID US","0.0","7","0.0",",7","7",",7","2",",7","0",",7","","","","","0",",7","24",",7","1",",7","0",",7","0",",7","","","20160327",",,7","","","","","","","20160311",",,7","20160320",",,7","-12.2",",7,27,","","","","","11.7",",,7,11,","11.7",",7,20,","3927.7","7","511.6",",7","18.6",",,,7","","","1.83",",7","6.19",",,,7","-2.53",",,,7"
"USC00101671","2016-04","43.97775","-113.82913","1908.0","CHILLY BARTON FLAT, ID US","0.0","7","0.0","1,7","9","2,7","4","2,7","0","2,7","","","","","0","1,7","12","1,7","0","1,7","2","1,7","0","1,7","","","20160408",",1,7","","","","","","","20160423",",2,7","20160421",",1,7","-4.4","1,7,08,","","","","","9.4","2,,7,23,","21.7","1,7,21,","4225.6","7","297.9","1,7","23.7",",a,,7","","","8.06","1,7","14.79","1,,,7","1.33","1,,,7"
"USC00101671","2016-05","43.97775","-113.82913","1908.0","CHILLY BARTON FLAT, ID US","0.0","7","0.0","5,7","8",",7","6",",7","0",",7","","","0",",7","0","5,7","14","5,7","0","5,7","3","5,7","0","5,7","","","20160511",",5,7","","","20160531","+,,7","","","20160519",",,7","20160513",",5,7","-5.0","5,7,11,","","","0",",,7,31,+","7.1",",,7,19,","23.3","5,7,13,","4481.0","7","255.4","5,7","29.0",",,,7","0",",,,7","8.51","5,7","16.58","5,,,7","0.44","5,,,7"
"USC00101671","2016-06","43.97775","-113.82913","1908.0","CHILLY BARTON FLAT, ID US","3.1","7","3.1","4,7","6",",7","6",",7","0",",7","","","0",",7","0","4,7","1","4,7","0","4,7","23","4,7","0","4,7","","","20160617",",4,7","","","20160630","+,,7","","","20160607",",,7","20160629","+,4,7","-0.6","4,7,17,","","","0",",,7,30,+","5.6",",,7,07,","30.6","4,7,29,+","4564.7","7","83.7","4,7","26.2",",,,7","0",",,,7","15.23","4,7","24.50","4,,,7","5.97","4,,,7"
"USC00101671","2016-07","43.97775","-113.82913","1908.0","CHILLY BARTON FLAT, ID US","12.3","7","9.2","2,7","2","2,7","0","2,7","0","2,7","","","0","1,7","0","2,7","0","2,7","0","1,7","29","1,7","0","1,7","","","20160713","+,2,7","","","20160731","+,1,7","","","20160726","+,2,7","20160730",",1,7","1.1","2,7,13,+","","","0","1,,7,31,+","0.8","2,,7,26,+","31.7","1,7,30,","59.1","7","59.1","1,7","1.6",",a,,7","0","1,,,7","16.67","2,7","27.04","1,,,7","6.30","2,,,7"
"USC00101671","2016-09","43.97775","-113.82913","1908.0","CHILLY BARTON FLAT, ID US","","","0.0","4,7","","","","","","","","","","","0","4,7","4","4,7","0","4,7","8","4,7","0","4,7","","","20160925","+,4,7","","","","","","","","","20160911",",4,7","0.0","4,7,25,+","","","","","","","24.4","4,7,11,","","","191.1","4,7","65.4",",a,,7","","","10.98","4,7","18.42","4,,,7","3.55","4,,,7"
"USC00101671","2016-10","43.97775","-113.82913","1908.0","CHILLY BARTON FLAT, ID US","","","","","13",",7","9",",7","0",",7","","","0","3,7","","","","","","","","","","","","","","","","","20161031","+,3,7","","","20161031",",,7","","","","","","","0","3,,7,31,+","15.7",",,7,31,","","","","","","","78.5",",,,7","0","3,,,7","","","","","",""
"USC00101671","2016-12","43.97775","-113.82913","1908.0","CHILLY BARTON FLAT, ID US","","","0.0",",7","12",",7","3",",7","0",",7","","","5","1,7","14",",7","31",",7","27",",7","0",",7","0",",7","","","20161218",",,7","","","20161216",",1,7","","","20161216",",,7","20161203",",,7","-30.6",",7,18,","","","155","1,,7,16,","7.1",",,7,16,","1.7",",7,03,","","","916.5",",7","20.9",",,,7","374","1,,,7","-11.23",",7","-5.71",",,,7","-16.75",",,,7"
"USC00101671","2017-01","43.97775","-113.82913","1908.0","CHILLY BARTON FLAT, ID US","0.0","7","0.0","4,7","","","","","","","27","4,7","4","4,7","9","4,7","27","4,7","25","4,7","0","4,7","0","4,7","","","20170107",",4,7","20170111",",4,7","20170111",",4,7","","","","","20170109",",4,7","-31.1","4,7,07,","356","4,,7,11,","91","4,,7,11,","","","2.2","4,7,09,","","","794.6","4,7","15.0","1,a,,7","296","4,,,7","-11.10","4,7","-7.26","4,,,7","-14.94","4,,,7"
"USC00101671","2017-02","43.97775","-113.82913","1908.0","CHILLY BARTON FLAT, ID US","0.0","7","0.0",",7","10","1,7","4","1,7","0","1,7","28",",7","6",",7","1",",7","27",",7","14",",7","0",",7","0",",7","","","20170228",",,7","20170213","+,,7","20170208",",,7","","","20170208",",1,7","20170221","+,,7","-21.1",",7,28,","406",",,7,13,+","76",",,7,08,","6.4","1,,7,08,","4.4",",7,21,+","","","623.1",",7","18.3","1,,,7","283",",,,7","-3.92",",7","-0.65",",,,7","-7.19",",,,7"
"USC00101671","2017-03","43.97775","-113.82913","1908.0","CHILLY BARTON FLAT, ID US","0.0","7","0.0","2,7","1","3,7","0","3,7","0","3,7","","","0","2,7","0","2,7","26","2,7","5","2,7","0","2,7","0","2,7","","","20170307","+,2,7","","","20170331","+,2,7","","","20170322",",3,7","20170322",",2,7","-10.6","2,7,07,+","","","0","2,,7,31,+","0.5","3,,7,22,","14.4","2,7,22,","","","490.4","2,7","0.5","1,a,,7","0","2,,,7","1.42","2,7","6.76","2,,,7","-3.92","2,,,7"
"USC00101671","2017-04","43.97775","-113.82913","1908.0","CHILLY BARTON FLAT, ID US","0.0","7","0.0","5,7","","","","","","","0","5,7","0","5,7","0","5,7","16","5,7","0","5,7","0","5,7","0","5,7","","","20170403",",5,7","20170430","+,5,7","20170430","+,5,7","","","","","20170413","+,5,7","-8.9","5,7,03,","0","5,,7,30,+","0","5,,7,30,+","","","13.9","5,7,13,+","","","362.8","5,7","15.5",",a,,7","0","5,,,7","3.82","5,7","9.81","5,,,7","-2.17","5,,,7"
"USC00101671","2017-05","43.97775","-113.82913","1908.0","CHILLY BARTON FLAT, ID US","0.0","7","0.0",",7","7",",7","4",",7","0",",7","0","2,7","0","2,7","0",",7","12",",7","0",",7","13",",7","0",",7","","","20170514",",,7","20170531","+,2,7","20170531","+,2,7","","","20170521",",,7","20170531",",,7","-7.2",",7,14,","0","2,,7,31,+","0","2,,7,31,+","7.9",",,7,21,","25.6",",7,31,","","","276.0",",7","22.9",",,,7","0","2,,,7","9.43",",7","18.14",",,,7","0.72",",,,7"
"USC00101671","2017-06","43.97775","-113.82913","1908.0","CHILLY BARTON FLAT, ID US","3.6","7","3.6","1,7","6",",7","3",",7","0",",7","0",",7","0",",7","0","1,7","2","1,7","0",",7","19",",7","0",",7","","","20170611",",1,7","20170630","+,,7","20170630","+,,7","","","20170613",",,7","20170626",",,7","-1.7","1,7,11,","0",",,7,30,+","0",",,7,30,+","24.6",",,7,13,","30.0",",7,26,","","","130.1",",7","39.7",",,,7","0",",,,7","13.98","1,7","22.66",",,,7","5.31","1,,,7"
"USC00101671","2017-07","43.97775","-113.82913","1908.0","CHILLY BARTON FLAT, ID US","32.1","7","28.5",",7","7",",7","1",",7","0",",7","0",",7","0",",7","0",",7","0",",7","0",",7","30",",7","1",",7","","","20170712","+,,7","20170731","+,,7","20170731","+,,7","","","20170729",",,7","20170705",",,7","6.1",",7,12,+","0",",,7,31,+","0",",,7,31,+","15.5",",,7,29,","32.8",",7,05,","14.5","7","14.5",",7","21.8",",,,7","0",",,,7","18.79",",7","28.85",",,,7","8.72",",,,7"
"USC00101671","2017-08","43.97775","-113.82913","1908.0","CHILLY BARTON FLAT, ID US","39.8","7","7.7","1,7","7","2,7","2","2,7","0","2,7","0",",7","0",",7","0","1,7","0","1,7","0","1,7","30","1,7","0","1,7","","","20170814",",1,7","20170831","+,,7","20170831","+,,7","","","20170814",",2,7","20170802",",1,7","1.1","1,7,14,","0",",,7,31,+","0",",,7,31,+","7.9","2,,7,14,","31.1","1,7,02,","67.0","7","52.5","1,7","16.1",",a,,7","0",",,,7","16.84","1,7","26.91","1,,,7","6.77","1,,,7"
"USC00101671","2017-09","43.97775","-113.82913","1908.0","CHILLY BARTON FLAT, ID US","","","","","","","","","","","","","","","","","","","","","","","","","","","","","","","","","","","","","","","","","","","","","","","","","","","","","59.4",",a,,7","","","","","","","",""
"USC00101671","2017-10","43.97775","-113.82913","1908.0","CHILLY BARTON FLAT, ID US","","","","","","","","","","","","","","","","","","","","","","","","","","","","","","","","","","","","","","","","","","","","","","","","","","","","","12.5",",a,,7","","","","","","","",""
"USC00101671","2017-11","43.97775","-113.82913","1908.0","CHILLY BARTON FLAT, ID US","","","0.0","2,7","10","2,7","7","2,7","0","2,7","8","5,7","3","2,7","0","2,7","22","2,7","5","1,7","0","1,7","0","1,7","","","20171119",",2,7","20171120","+,5,7","20171116",",2,7","","","20171116",",2,7","20171101",",1,7","-16.7","2,7,19,","76","5,,7,20,+","127","2,,7,16,","18.0","2,,7,16,","15.0","1,7,01,","","","523.8","1,7","47.7",",a,,7","203","2,,,7","-0.19","2,7","5.00","1,,,7","-5.39","2,,,7"
"USC00101671","2017-12","43.97775","-113.82913","1908.0","CHILLY BARTON FLAT, ID US","","","0.0","1,7","7",",7","1",",7","0",",7","8",",7","2",",7","1","1,7","30","1,7","11",",7","0",",7","0",",7","","","20171224",",1,7","20171226","+,,7","20171223",",,7","","","20171223",",,7","20171229","+,,7","-23.9","1,7,24,","76",",,7,26,+","64",",,7,23,","6.4",",,7,23,","8.9",",7,29,+","","","695.2",",7","8.6",",,,7","121",",,,7","-4.80","1,7","1.73",",,,7","-11.33","1,,,7"
"USC00101671","2018-01","43.97775","-113.82913","1908.0","CHILLY BARTON FLAT, ID US","0.0","7","0.0","5,7","","","","","","","","","","","1","5,7","26","5,7","5","5,7","0","5,7","0","5,7","","","20180106",",5,7","","","","","","","","","20180128",",5,7","-17.8","5,7,06,","","","","","","","8.3","5,7,28,","","","583.8","5,7","0.8",",a,,7","","","-4.12","5,7","2.63","5,,,7","-10.87","5,,,7"
"USC00101671","2018-02","43.97775","-113.82913","1908.0","CHILLY BARTON FLAT, ID US","0.0","7","0.0","4,7","","","","","","","1","4,7","0","4,7","3","4,7","24","4,7","12","4,7","0","4,7","0","4,7","","","20180221",",4,7","20180226",",4,7","20180226",",4,7","","","","","20180204",",4,7","-19.4","4,7,21,","25","4,,7,26,","13","4,,7,26,","","","10.6","4,7,04,","","","541.8","4,7","1.1",",a,,7","19","4,,,7","-4.24","4,7","1.34","4,,,7","-9.82","4,,,7"
"USC00101671","2018-03","43.97775","-113.82913","1908.0","CHILLY BARTON FLAT, ID US","0.0","7","0.0","1,7","4",",7","1",",7","0",",7","6",",7","4",",7","0","1,7","29","1,7","6","1,7","0","1,7","0","1,7","","","20180306",",1,7","20180303","+,,7","20180302",",,7","","","20180314",",,7","20180330",",1,7","-17.2","1,7,06,","51",",,7,03,+","51",",,7,02,","4.1",",,7,14,","13.3","1,7,30,","","","580.8","1,7","6.4",",,,7","126",",,,7","-1.03","1,7","4.50","1,,,7","-6.55","1,,,7"
"USC00101671","2018-04","43.97775","-113.82913","1908.0","CHILLY BARTON FLAT, ID US","0.0","7","0.0",",7","7",",7","3",",7","0",",7","0",",7","0",",7","0",",7","21",",7","0",",7","3",",7","0",",7","","","20180403","+,,7","20180430","+,,7","20180430","+,,7","","","20180408",",,7","20180427","+,,7","-11.1",",7,03,+","0",",,7,30,+","0",",,7,30,+","5.3",",,7,08,","22.8",",7,27,+","","","381.1",",7","13.6",",,,7","0",",,,7","5.63",",7","13.13",",,,7","-1.87",",,,7"
"USC00101671","2018-05","43.97775","-113.82913","1908.0","CHILLY BARTON FLAT, ID US","0.0","7","0.0","2,7","13","2,7","10","2,7","0","2,7","0",",7","0","1,7","0","2,7","3","2,7","0","2,7","6","2,7","0","2,7","","","20180514",",2,7","20180531","+,,7","20180531","+,1,7","","","20180512",",2,7","20180506",",2,7","-0.6","2,7,14,","0",",,7,31,+","0","1,,7,31,+","14.7","2,,7,12,","23.9","2,7,06,","","","217.8","2,7","79.8",",a,,7","0","1,,,7","10.82","2,7","18.02","2,,,7","3.62","2,,,7"
"USC00101671","2018-06","43.97775","-113.82913","1908.0","CHILLY BARTON FLAT, ID US","1.4","7","1.4","1,7","8","1,7","5","1,7","0","1,7","0","1,7","0","1,7","0","1,7","1","1,7","0","1,7","18","1,7","0","1,7","","","20180612",",1,7","20180630","+,1,7","20180630","+,1,7","","","20180618",",1,7","20180625",",1,7","-1.7","1,7,12,","0","1,,7,30,+","0","1,,7,30,+","19.1","1,,7,18,","27.8","1,7,25,","","","135.0","1,7","53.6","1,,,7","0","1,,,7","13.73","1,7","21.86","1,,,7","5.60","1,,,7"
"USC00101671","2018-07","43.97775","-113.82913","1908.0","CHILLY BARTON FLAT, ID US","24.5","7","23.1","4,7","","","","","","","0","4,7","0","4,7","0","4,7","0","4,7","0","4,7","26","4,7","0","4,7","","","20180704",",4,7","20180731","+,4,7","20180731","+,4,7","","","","","20180721","+,4,7","0.6","4,7,04,","0","4,,7,31,+","0","4,,7,31,+","","","31.7","4,7,21,+","15.7","7","15.7","4,7","0.5",",a,,7","0","4,,,7","18.61","4,7","29.00","4,,,7","8.21","4,,,7"
"USC00101671","2018-08","43.97775","-113.82913","1908.0","CHILLY BARTON FLAT, ID US","38.9","7","14.4","4,7","","","","","","","","","","","0","4,7","1","4,7","0","4,7","26","4,7","3","4,7","","","20180828",",4,7","","","","","","","","","20180810",",4,7","0.0","4,7,28,","","","","","","","33.9","4,7,10,","77.8","7","62.1","4,7","5.1",",a,,7","","","16.57","4,7","26.79","4,,,7","6.34","4,,,7"
"USC00101671","2018-09","43.97775","-113.82913","1908.0","CHILLY BARTON FLAT, ID US","38.9","7","0.0","4,7","","","","","","","","","","","0","4,7","6","4,7","0","4,7","20","4,7","0","4,7","","","20180917",",4,7","","","","","","","","","20180905",",4,7","-3.9","4,7,17,","","","","","","","27.8","4,7,05,","235.4","7","157.6","4,7","4.3",",a,,7","","","12.27","4,7","22.72","4,,,7","1.82","4,,,7"
"USC00101671","2018-10","43.97775","-113.82913","1908.0","CHILLY BARTON FLAT, ID US","38.9","7","0.0","2,7","9","3,7","4","3,7","0","3,7","0","3,7","2","3,7","0","2,7","19","2,7","0","2,7","0","2,7","0","2,7","","","20181031",",2,7","20181031","+,3,7","20181011","+,3,7","","","20181004",",3,7","20181003","+,2,7","-7.8","2,7,31,","0","3,,7,31,+","25","3,,7,11,+","7.4","3,,7,04,","20.6","2,7,03,+","579.5","7","344.1","2,7","25.2",",a,,7","50","3,,,7","6.47","2,7","13.78","2,,,7","-0.84","2,,,7"
"USC00101671","2018-11","43.97775","-113.82913","1908.0","CHILLY BARTON FLAT, ID US","","","","","","","","","","","","","","","","","","","","","","","","","","","","","","","","","","","","","","","","","","","","","","","","","","","","","7.6",",a,,7","","","","","","","",""
"USC00101671","2018-12","43.97775","-113.82913","1908.0","CHILLY BARTON FLAT, ID US","","","0.0",",7","4","3,7","1","3,7","0","3,7","29","2,7","3","2,7","8",",7","31",",7","26",",7","0",",7","0",",7","","","20181206",",,7","20181231","+,2,7","20181219",",2,7","","","20181219",",3,7","20181217",",,7","-26.1",",7,06,","152","2,,7,31,+","51","2,,7,19,","3.3","3,,7,19,","3.9",",7,17,","","","833.4",",7","5.6",",a,,7","114","2,,,7","-8.55",",7","-2.47",",,,7","-14.63",",,,7"
"USC00101671","2019-01","43.97775","-113.82913","1908.0","CHILLY BARTON FLAT, ID US","0.0","7","0.0",",7","0",",7","0",",7","0",",7","31",",7","0",",7","10",",7","31",",7","13",",7","0",",7","0",",7","","","20190101",",,7","20190121","+,,7","20190117",",,7","","","20190119","+,,7","20190127",",,7","-25.0",",7,01,","152",",,7,21,+","18",",,7,17,","0.0",",T,7,19,+","7.2",",7,27,","","","764.7",",7","0.0",",T,,7","18",",,,7","-6.33",",7","0.38",",,,7","-13.05",",,,7"
"USC00101671","2019-02","43.97775","-113.82913","1908.0","CHILLY BARTON FLAT, ID US","0.0","7","0.0",",7","4",",7","1",",7","0",",7","28",",7","2",",7","12",",7","28",",7","18",",7","0",",7","0",",7","","","20190222",",,7","20190225","+,,7","20190205",",,7","","","20190205",",,7","20190203",",,7","-26.1",",7,22,","229",",,7,25,+","157",",,7,05,","7.9",",,7,05,","5.6",",7,03,","","","739.8",",7","10.7",",,,7","232",",,,7","-8.09",",7","-2.42",",,,7","-13.76",",,,7"
"USC00101671","2019-03","43.97775","-113.82913","1908.0","CHILLY BARTON FLAT, ID US","0.0","7","0.0",",7","1",",7","1",",7","0",",7","21",",7","0",",7","4",",7","31",",7","9",",7","0",",7","0",",7","","","20190304",",,7","20190307","+,,7","20190331","+,,7","","","20190328",",,7","20190327",",,7","-20.0",",7,04,","152",",,7,07,+","0",",,7,31,+","9.7",",,7,28,","11.7",",7,27,","","","656.3",",7","9.7",",,,7","0",",,,7","-2.84",",7","3.78",",,,7","-9.46",",,,7"
"USC00101671","2019-04","43.97775","-113.82913","1908.0","CHILLY BARTON FLAT, ID US","0.0","7","0.0",",7","7",",7","2",",7","0",",7","0",",7","0",",7","0",",7","17",",7","0",",7","0",",7","0",",7","","","20190430",",,7","20190430","+,,7","20190430","+,,7","","","20190405",",,7","20190423",",,7","-6.7",",7,30,","0",",,7,30,+","0",",,7,30,+","8.6",",,7,05,","19.4",",7,23,","","","368.0",",7","20.9",",,,7","0",",,,7","6.07",",7","12.26",",,,7","-0.13",",,,7"
"USC00101671","2019-05","43.97775","-113.82913","1908.0","CHILLY BARTON FLAT, ID US","0.0","7","0.0",",7","10",",7","6",",7","0",",7","0",",7","0",",7","0",",7","6",",7","0",",7","4",",7","0",",7","","","20190502",",,7","20190531","+,,7","20190531","+,,7","","","20190530","+,,7","20190513","+,,7","-7.8",",7,02,","0",",,7,31,+","0",",,7,31,+","10.2",",,7,30,+","23.3",",7,13,+","","","300.4",",7","47.4",",,,7","0",",,,7","8.64",",7","15.77",",,,7","1.52",",,,7"
"USC00101671","2019-06","43.97775","-113.82913","1908.0","CHILLY BARTON FLAT, ID US","0.0","7","0.0","1,7","3",",7","3",",7","0",",7","0",",7","0",",7","0",",7","3",",7","0","1,7","19","1,7","0","1,7","","","20190609",",,7","20190630","+,,7","20190630","+,,7","","","20190617",",,7","20190630","+,1,7","-2.8",",7,09,","0",",,7,30,+","0",",,7,30,+","3.6",",,7,17,","25.0","1,7,30,+","","","152.5","1,7","9.9",",,,7","0",",,,7","13.27","1,7","21.38","1,,,7","5.17",",,,7"
"USC00101671","2019-07","43.97775","-113.82913","1908.0","CHILLY BARTON FLAT, ID US","23.0","7","23.0","1,7","7","2,7","2","2,7","0","2,7","0","1,7","0","1,7","0","1,7","0","1,7","0","1,7","30","1,7","1","1,7","","","20190705",",1,7","20190731","+,1,7","20190731","+,1,7","","","20190730",",2,7","20190722",",1,7","3.3","1,7,05,","0","1,,7,31,+","0","1,,7,31,+","9.4","2,,7,30,","33.9","1,7,22,","36.7","7","36.7","1,7","17.0",",a,,7","0","1,,,7","17.88","1,7","27.10","1,,,7","8.66","1,,,7"
"USC00101671","2019-08","43.97775","-113.82913","1908.0","CHILLY BARTON FLAT, ID US","35.8","7","12.8","1,7","2","2,7","1","2,7","0","2,7","0","1,7","0","1,7","0","1,7","0","1,7","0","1,7","29","1,7","0","1,7","","","20190827","+,1,7","20190831","+,1,7","20190831","+,1,7","","","20190810",",2,7","20190819",",1,7","4.4","1,7,27,+","0","1,,7,31,+","0","1,,7,31,+","2.5","2,,7,10,","31.1","1,7,19,","81.7","7","45.0","1,7","3.8",",a,,7","0","1,,,7","17.26","1,7","26.59","1,,,7","7.93","1,,,7"
"USC00101671","2019-09","43.97775","-113.82913","1908.0","CHILLY BARTON FLAT, ID US","38.3","7","2.5",",7","8",",7","3",",7","0",",7","1",",7","1",",7","0",",7","4",",7","0",",7","16",",7","0",",7","","","20190930",",,7","20190929",",,7","20190929",",,7","","","20190929",",,7","20190902",",,7","-5.6",",7,30,","76",",,7,29,","86",",,7,29,","15.0",",,7,29,","30.6",",7,02,","259.8","7","178.1",",7","31.5",",,,7","86",",,,7","12.48",",7","20.49",",,,7","4.47",",,,7"
"USC00101671","2019-10","43.97775","-113.82913","1908.0","CHILLY BARTON FLAT, ID US","38.3","7","0.0",",7","5",",7","2",",7","0",",7","3","1,7","3",",7","1",",7","30",",7","4",",7","0",",7","0",",7","","","20191030",",,7","20191031","+,1,7","20191002",",,7","","","20191002",",,7","20191016","+,,7","-23.3",",7,30,","25","1,,7,31,+","102",",,7,02,","7.6",",,7,02,","17.8",",7,16,+","796.0","7","536.2",",7","12.8",",,,7","160",",,,7","1.04",",7","8.38",",,,7","-6.30",",,,7"
"USC00101671","2019-11","43.97775","-113.82913","1908.0","CHILLY BARTON FLAT, ID US","38.3","7","0.0",",7","3",",7","1",",7","0",",7","3","1,7","3",",7","0",",7","29",",7","5",",7","0",",7","0",",7","","","20191101",",,7","20191129",",1,7","20191128",",,7","","","20191128",",,7","20191105",",,7","-14.4",",7,01,","102","1,,7,29,","53",",,7,28,","3.8",",,7,28,","14.4",",7,05,","1344.3","7","548.3",",7","6.1",",,,7","111",",,,7","0.06",",7","7.35",",,,7","-7.24",",,,7"
"USC00101671","2019-12","43.97775","-113.82913","1908.0","CHILLY BARTON FLAT, ID US","38.3","7","0.0",",7","5",",7","2",",7","0",",7","29","2,7","2","1,7","7",",7","31",",7","23",",7","0",",7","0",",7","","","20191227",",,7","20191208",",2,7","20191231","+,1,7","","","20191213",",,7","20191212",",,7","-26.1",",7,27,","102","2,,7,08,","25","1,,7,31,+","15.2",",,7,13,","3.9",",7,12,","2156.7","7","812.4",",7","21.0",",,,7","78","1,,,7","-7.87",",7","-2.35",",,,7","-13.40",",,,7"
"USC00101671","2020-01","43.97775","-113.82913","1908.0","CHILLY BARTON FLAT, ID US","0.0","7","0.0",",7","4",",7","2",",7","0",",7","31",",7","4",",7","7",",7","31",",7","25",",7","0",",7","0",",7","","","20200115",",,7","20200130",",,7","20200101",",,7","","","20200101",",,7","20200130","+,,7","-23.9",",7,15,","305",",,7,30,","178",",,7,01,","8.4",",,7,01,","2.2",",7,30,+","2957.5","7","800.8",",7","14.0",",,,7","379",",,,7","-7.50",",7","-1.80",",,,7","-13.20",",,,7"
"USC00101671","2020-02","43.97775","-113.82913","1908.0","CHILLY BARTON FLAT, ID US","0.0","7","0.0","1,7","3","2,7","2","2,7","0","2,7","28","1,7","3","1,7","9","1,7","27","1,7","17","1,7","0","1,7","0","1,7","","","20200220","+,1,7","20200205","+,1,7","20200202",",1,7","","","20200202",",2,7","20200202",",1,7","-23.9","1,7,20,+","406","1,,7,05,+","86","1,,7,02,","20.3","2,,7,02,","6.1","1,7,02,","3671.8","7","714.3","1,7","34.0",",a,,7","162","1,,,7","-7.18","1,7","-0.75","1,,,7","-13.60","1,,,7"
"USC00101671","2020-03","43.97775","-113.82913","1908.0","CHILLY BARTON FLAT, ID US","0.0","7","0.0","2,7","4","4,7","2","4,7","0","4,7","15","4,7","2","2,7","0","2,7","29","2,7","0","2,7","0","2,7","0","2,7","","","20200302",",2,7","20200302","+,4,7","20200315",",2,7","","","202003","4,,7","20200320",",2,7","-15.6","2,7,02,","203","4,,7,02,+","51","2,,7,15,","6.4","4,,7,  ,","8.9","2,7,20,","4196.7","7","524.9","2,7","13.5",",a,,7","76","2,,,7","0.23","2,7","6.01","2,,,7","-5.55","2,,,7"
"USC00101671","2020-04","43.97775","-113.82913","1908.0","CHILLY BARTON FLAT, ID US","0.0","7","0.0",",7","6",",7","0",",7","0",",7","0",",7","0",",7","0",",7","24",",7","1",",7","2",",7","0",",7","","","20200403",",,7","20200430","+,,7","20200430","+,,7","","","20200406",",,7","20200429",",,7","-11.1",",7,03,","0",",,7,30,+","0",",,7,30,+","2.3",",,7,06,","22.8",",7,29,","4603.9","7","407.2",",7","6.9",",,,7","0",",,,7","4.76",",7","12.32",",,,7","-2.80",",,,7"
"USC00101671","2020-05","43.97775","-113.82913","1908.0","CHILLY BARTON FLAT, ID US","1.1","7","1.1","2,7","7","2,7","1","2,7","0","2,7","0","2,7","0","2,7","0","2,7","12","2,7","0","2,7","5","2,7","0","2,7","","","20200505",",2,7","20200531","+,2,7","20200531","+,2,7","","","20200520",",2,7","20200529","+,2,7","-4.4","2,7,05,","0","2,,7,31,+","0","2,,7,31,+","11.2","2,,7,20,","28.9","2,7,29,+","4852.2","7","248.3","2,7","19.1","2,,,7","0","2,,,7","9.81","2,7","17.54","2,,,7","2.07","2,,,7"
"USC00101671","2020-06","43.97775","-113.82913","1908.0","CHILLY BARTON FLAT, ID US","3.1","7","2.0",",7","10",",7","4",",7","0",",7","0",",7","0",",7","0",",7","3",",7","0",",7","18",",7","0",",7","","","20200609",",,7","20200630","+,,7","20200630","+,,7","","","20200617",",,7","20200624",",,7","-1.7",",7,09,","0",",,7,30,+","0",",,7,30,+","18.5",",,7,17,","28.3",",7,24,","4998.2","7","146.0",",7","47.9",",,,7","0",",,,7","13.53",",7","21.27",",,,7","5.79",",,,7"
"USC00101671","2020-07","43.97775","-113.82913","1908.0","CHILLY BARTON FLAT, ID US","21.5","7","18.4","1,7","4","2,7","1","2,7","0","2,7","0","1,7","0","1,7","0","1,7","1","1,7","0","1,7","29","1,7","0","1,7","","","20200702",",1,7","20200731","+,1,7","20200731","+,1,7","","","20200724",",2,7","20200731",",1,7","0.0","1,7,02,","0","1,,7,31,+","0","1,,7,31,+","2.8","2,,7,24,","31.7","1,7,31,","53.4","7","53.4","1,7","5.2",",a,,7","0","1,,,7","17.17","1,7","27.03","1,,,7","7.30","1,,,7"
"USC00101671","2020-08","43.97775","-113.82913","1908.0","CHILLY BARTON FLAT, ID US","51.9","7","30.4","1,7","5","2,7","2","2,7","0","2,7","0","1,7","0","1,7","0","1,7","0","1,7","0","1,7","27","1,7","2","1,7","","","20200831",",1,7","20200831","+,1,7","20200831","+,1,7","","","20200827",",2,7","20200803","+,1,7","5.0","1,7,31,","0","1,,7,31,+","0","1,,7,31,+","6.4","2,,7,27,","32.2","1,7,03,+","96.1","7","42.7","1,7","11.3",",a,,7","0","1,,,7","17.92","1,7","26.80","1,,,7","9.04","1,,,7"
"USC00101671","2020-09","43.97775","-113.82913","1908.0","CHILLY BARTON FLAT, ID US","59.4","7","7.5",",7","3",",7","1",",7","0",",7","0","1,7","0","1,7","0",",7","5",",7","0",",7","23",",7","2",",7","","","20200909",",,7","20200930","+,1,7","20200930","+,1,7","","","20200920",",,7","20200905",",,7","-2.2",",7,09,","0","1,,7,30,+","0","1,,7,30,+","2.8",",,7,20,","33.9",",7,05,","234.1","7","138.0",",7","4.6",",,,7","0","1,,,7","13.98",",7","24.55",",,,7","3.41",",,,7"
"USC00101671","2020-10","43.97775","-113.82913","1908.0","CHILLY BARTON FLAT, ID US","59.4","7","0.0",",7","2",",7","0",",7","0",",7","0",",7","0",",7","0",",7","20",",7","0",",7","10",",7","0",",7","","","20201026",",,7","20201031","+,,7","20201031","+,,7","","","20201011",",,7","20201001",",,7","-15.0",",7,26,","0",",,7,31,+","0",",,7,31,+","0.8",",,7,11,","25.0",",7,01,","555.8","7","321.7",",7","1.1",",,,7","0",",,,7","7.95",",7","17.23",",,,7","-1.32",",,,7"
"USC00101671","2020-11","43.97775","-113.82913","1908.0","CHILLY BARTON FLAT, ID US","59.4","7","0.0","1,7","5","2,7","0","2,7","0","2,7","0","2,7","0","1,7","1","1,7","26","1,7","8","1,7","0","1,7","0","1,7","","","20201130",",1,7","20201128","+,2,7","20201110",",1,7","","","20201125",",2,7","20201104",",1,7","-18.9","1,7,30,","0","2,T,7,28,+","13","1,,7,10,","1.0","2,,7,25,","18.3","1,7,04,","1142.0","7","586.2","1,7","3.5",",a,,7","41","1,,,7","-1.88","1,7","5.38","1,,,7","-9.14","1,,,7"
"USC00101671","2020-12","43.97775","-113.82913","1908.0","CHILLY BARTON FLAT, ID US","59.4","7","0.0","1,7","4","2,7","1","2,7","0","2,7","7","5,7","2","1,7","4","1,7","30","1,7","14","1,7","0","1,7","0","1,7","","","20201228",",1,7","20201227",",5,7","20201226",",1,7","","","20201226",",2,7","20201207",",1,7","-22.2","1,7,28,","76","5,,7,27,","43","1,,7,26,","3.3","2,,7,26,","8.9","1,7,07,","1866.9","7","724.9","1,7","5.9",",a,,7","94","1,,,7","-5.83","1,7","1.63","1,,,7","-13.29","1,,,7"
"USC00101671","2021-01","43.97775","-113.82913","1908.0","CHILLY BARTON FLAT, ID US","0.0","7","0.0",",7","3",",7","0",",7","0",",7","15","1,7","2",",7","10",",7","31",",7","20",",7","0",",7","0",",7","","","20210124","+,,7","20210116","+,1,7","20210105",",,7","","","20210105",",,7","20210117",",,7","-22.8",",7,24,+","76","1,,7,16,+","38",",,7,05,","1.3",",,7,05,","6.7",",7,17,","2654.0","7","787.1",",7","2.3",",,,7","104",",,,7","-7.06",",7","-1.00",",,,7","-13.12",",,,7"
"USC00101671","2021-02","43.97775","-113.82913","1908.0","CHILLY BARTON FLAT, ID US","0.0","7","0.0",",7","3",",7","1",",7","0",",7","26",",7","3",",7","4",",7","28",",7","15",",7","0",",7","0",",7","","","20210225",",,7","20210222","+,,7","20210203",",,7","","","20210203",",,7","20210222","+,,7","-20.0",",7,25,","178",",,7,22,+","76",",,7,03,","4.1",",,7,03,","3.3",",7,22,+","3333.7","7","679.7",",7","5.9",",,,7","204",",,,7","-5.94",",7","-0.18",",,,7","-11.71",",,,7"
"USC00101671","2021-03","43.97775","-113.82913","1908.0","CHILLY BARTON FLAT, ID US","0.0","7","0.0","1,7","1","2,7","1","2,7","0","2,7","6","1,7","1","1,7","1","1,7","29","1,7","1","1,7","0","1,7","0","1,7","","","20210301",",1,7","20210301",",1,7","20210326",",1,7","","","20210326",",2,7","20210328",",1,7","-18.9","1,7,01,","152","1,,7,01,","51","1,,7,26,","3.8","2,,7,26,","14.4","1,7,28,","3895.5","7","561.8","1,7","3.8",",a,,7","51","1,,,7","-0.40","1,7","6.73","1,,,7","-7.52","1,,,7"
"USC00101671","2021-04","43.97775","-113.82913","1908.0","CHILLY BARTON FLAT, ID US","0.0","7","0.0","1,7","0","2,7","0","2,7","0","2,7","0","1,7","0","1,7","0","1,7","26","1,7","0","1,7","2","1,7","0","1,7","","","20210409",",1,7","20210430","+,1,7","20210430","+,1,7","","","20210430","+,2,7","20210430",",1,7","-9.4","1,7,09,","0","1,,7,30,+","0","1,,7,30,+","0.0","2,,7,30,+","25.0","1,7,30,","4288.8","7","393.3","1,7","0.0",",a,,7","0","1,,,7","4.77","1,7","13.31","1,,,7","-3.77","1,,,7"
"USC00101671","2021-05","43.97775","-113.82913","1908.0","CHILLY BARTON FLAT, ID US","0.0","7","0.0",",7","7",",7","3",",7","0",",7","0","1,7","0","1,7","0",",7","10",",7","0",",7","11",",7","0",",7","","","20210509",",,7","20210531","+,1,7","20210531","+,1,7","","","20210521",",,7","20210531",",,7","-5.6",",7,09,","0","1,,7,31,+","0","1,,7,31,+","22.9",",,7,21,","25.0",",7,31,","4559.9","7","271.1",",7","41.4",",,,7","0","1,,,7","9.59",",7","17.53",",,,7","1.65",",,,7"
"USC00101671","2021-06","43.97775","-113.82913","1908.0","CHILLY BARTON FLAT, ID US","30.9","7","30.9",",7","7",",7","3",",7","0",",7","0",",7","0",",7","0",",7","1",",7","0",",7","29",",7","0",",7","","","20210611",",,7","20210630","+,,7","20210630","+,,7","","","20210624",",,7","20210602",",,7","-3.3",",7,11,","0",",,7,30,+","0",",,7,30,+","10.2",",,7,24,","31.7",",7,02,","4595.4","7","35.5",",7","22.9",",,,7","0",",,,7","18.18",",7","27.93",",,,7","8.42",",,,7"
"USC00101671","2021-07","43.97775","-113.82913","1908.0","CHILLY BARTON FLAT, ID US","88.2","7","57.3","1,7","6","1,7","5","1,7","0","1,7","0","1,7","0","1,7","0","1,7","0","1,7","0","1,7","30","1,7","2","1,7","","","20210723",",1,7","20210731","+,1,7","20210731","+,1,7","","","20210728",",1,7","20210726",",1,7","5.0","1,7,23,","0","1,,7,31,+","0","1,,7,31,+","11.9","1,,7,28,","33.3","1,7,26,","1.1","7","1.1","1,7","29.7","1,,,7","0","1,,,7","20.21","1,7","30.11","1,,,7","10.30","1,,,7"
"USC00101671","2021-08","43.97775","-113.82913","1908.0","CHILLY BARTON FLAT, ID US","114.8","7","26.6",",7","8",",7","6",",7","0",",7","0",",7","0",",7","0",",7","0",",7","0",",7","27",",7","1",",7","","","20210823",",,7","20210831","+,,7","20210831","+,,7","","","20210801",",,7","20210814",",,7","1.7",",7,23,","0",",,7,31,+","0",",,7,31,+","14.2",",,7,01,","32.2",",7,14,","69.7","7","68.6",",7","37.2",",,,7","0",",,,7","16.98",",7","25.87",",,,7","8.08",",,,7"
"USC00101671","2021-09","43.97775","-113.82913","1908.0","CHILLY BARTON FLAT, ID US","117.0","7","2.2",",7","2",",7","1",",7","0",",7","0",",7","0",",7","0",",7","7",",7","0",",7","23",",7","0",",7","","","20210929",",,7","20210930","+,,7","20210930","+,,7","","","20210919",",,7","20210909",",,7","-5.0",",7,29,","0",",,7,30,+","0",",,7,30,+","4.1",",,7,19,","30.6",",7,09,","234.5","7","164.8",",7","4.4",",,,7","0",",,,7","12.92",",7","23.41",",,,7","2.42",",,,7"
"USC00101671","2021-10","43.97775","-113.82913","1908.0","CHILLY BARTON FLAT, ID US","117.0","7","0.0",",7","8",",7","5",",7","0",",7","3",",7","1",",7","0",",7","22",",7","0",",7","3",",7","0",",7","","","20211013",",,7","20211011",",,7","20211011",",,7","","","20211009",",,7","20211005",",,7","-7.8",",7,13,","102",",,7,11,","102",",,7,11,","11.4",",,7,09,","23.3",",7,05,","619.8","7","385.3",",7","47.0",",,,7","102",",,,7","5.90",",7","12.69",",,,7","-0.88",",,,7"
"USC00101671","2021-11","43.97775","-113.82913","1908.0","CHILLY BARTON FLAT, ID US","117.0","7","0.0",",7","4",",7","0",",7","0",",7","0","1,7","0","1,7","0",",7","27",",7","0",",7","0",",7","0",",7","","","20211123",",,7","20211130","+,1,7","20211130","+,1,7","","","20211102","+,,7","20211114",",,7","-13.3",",7,23,","0","1,,7,30,+","0","1,,7,30,+","1.0",",,7,02,+","13.9",",7,14,","1129.1","7","509.3",",7","2.8",",,,7","0","1,,,7","1.36",",7","7.63",",,,7","-4.92",",,,7"
"USC00101671","2021-12","43.97775","-113.82913","1908.0","CHILLY BARTON FLAT, ID US","117.0","7","0.0","1,7","11",",7","2",",7","0",",7","19",",7","5",",7","6","1,7","30","1,7","16","1,7","0","1,7","0","1,7","","","20211228",",1,7","20211227","+,,7","20211226",",,7","","","20211224","+,,7","20211203",",1,7","-24.4","1,7,28,","178",",,7,27,+","178",",,7,26,","2.5",",,7,24,+","12.8","1,7,03,","1840.7","7","711.6","1,7","11.4",",,,7","312",",,,7","-5.39","1,7","0.21","1,,,7","-10.98","1,,,7"
"USC00101671","2022-01","43.97775","-113.82913","1908.0","CHILLY BARTON FLAT, ID US","0.0","7","0.0",",7","6",",7","4",",7","0",",7","31",",7","4",",7","13",",7","31",",7","22",",7","0",",7","0",",7","","","20220103","+,,7","20220106",",,7","20220104",",,7","","","20220104",",,7","20220123",",,7","-25.0",",7,03,+","229",",,7,06,","71",",,7,04,","4.8",",,7,04,","6.7",",7,23,","2670.0","7","829.3",",7","14.1",",,,7","232",",,,7","-8.42",",7","-1.28",",,,7","-15.56",",,,7"
"USC00101671","2022-02","43.97775","-113.82913","1908.0","CHILLY BARTON FLAT, ID US","0.0","7","0.0","1,7","5",",7","0",",7","0",",7","24",",7","1",",7","7","1,7","26","1,7","10",",7","0",",7","0",",7","","","20220226",",1,7","20220207","+,,7","20220205",",,7","","","20220224",",,7","20220210",",,7","-22.2","1,7,26,","229",",,7,07,+","86",",,7,05,","0.8",",,7,24,","11.7",",7,10,","3290.3","7","620.3",",7","2.2",",,,7","118",",,,7","-4.59","1,7","1.41",",,,7","-10.59","1,,,7"
"USC00101671","2022-03","43.97775","-113.82913","1908.0","CHILLY BARTON FLAT, ID US","0.0","7","0.0",",7","4",",7","0",",7","0",",7","2",",7","0",",7","0",",7","30",",7","3",",7","0",",7","0",",7","","","20220310",",,7","20220305","+,,7","20220305",",,7","","","20220305",",,7","20220326",",,7","-16.7",",7,10,","25",",,7,05,+","13",",,7,05,","2.0",",,7,05,","18.3",",7,26,","3816.7","7","526.4",",7","2.9",",,,7","13",",,,7","1.35",",7","7.35",",,,7","-4.65",",,,7"
"USC00101671","2022-04","43.97775","-113.82913","1908.0","CHILLY BARTON FLAT, ID US","0.0","7","0.0",",7","10",",7","0",",7","0",",7","0",",7","0",",7","0",",7","28",",7","2",",7","0",",7","0",",7","","","20220413",",,7","20220430","+,,7","20220430","+,,7","","","20220412",",,7","20220408",",,7","-11.1",",7,13,","0",",,7,30,+","0",",,7,30,+","1.5",",,7,12,","18.9",",7,08,","4300.9","7","484.2",",7","7.1",",,,7","0",",,,7","2.19",",7","9.00",",,,7","-4.62",",,,7"
"USC00101671","2022-05","43.97775","-113.82913","1908.0","CHILLY BARTON FLAT, ID US","0.0","7","0.0","1,7","10","2,7","5","2,7","0","2,7","0","1,7","0","1,7","0","1,7","12","1,7","0","1,7","4","1,7","0","1,7","","","20220510",",1,7","20220531","+,1,7","20220531","+,1,7","","","20220503",",2,7","20220526",",1,7","-8.3","1,7,10,","0","1,,7,31,+","0","1,,7,31,+","14.2","2,,7,03,","25.6","1,7,26,","4608.5","7","307.6","1,7","36.8",",a,,7","0","1,,,7","8.08","1,7","14.95","1,,,7","1.21","1,,,7"
"USC00101671","2022-06","43.97775","-113.82913","1908.0","CHILLY BARTON FLAT, ID US","3.3","7","3.3",",7","6",",7","3",",7","0",",7","0",",7","0",",7","0",",7","1",",7","0",",7","17",",7","0",",7","","","20220615",",,7","20220630","+,,7","20220630","+,,7","","","20220606",",,7","20220628","+,,7","-1.7",",7,15,","0",",,7,30,+","0",",,7,30,+","20.6",",,7,06,","29.4",",7,28,+","4759.0","7","150.5",",7","38.0",",,,7","0",",,,7","13.43",",7","21.78",",,,7","5.07",",,,7"
"USC00101671","2022-07","43.97775","-113.82913","1908.0","CHILLY BARTON FLAT, ID US","49.8","7","46.5","1,7","2","1,7","1","1,7","0","1,7","0",",7","0",",7","0","1,7","0","1,7","0","1,7","30","1,7","2","1,7","","","20220701",",1,7","20220731","+,,7","20220731","+,,7","","","20220703",",1,7","20220728","+,1,7","5.0","1,7,01,","0",",,7,31,+","0",",,7,31,+","12.7","1,,7,03,","32.2","1,7,28,+","4.5","7","4.5","1,7","13.2","1,,,7","0",",,,7","19.73","1,7","29.85","1,,,7","9.62","1,,,7"
"USC00101671","2022-08","43.97775","-113.82913","1908.0","CHILLY BARTON FLAT, ID US","71.7","7","21.9","4,7","","","","","","","0",",7","0",",7","0","4,7","0","4,7","0","4,7","27","4,7","0","4,7","","","20220831","+,4,7","20220831","+,,7","20220831","+,,7","","","","","20220818","+,4,7","5.6","4,7,31,+","0",",,7,31,+","0",",,7,31,+","","","31.7","4,7,18,+","15.6","7","11.1","4,7","9.4","1,a,,7","0",",,,7","18.74","4,7","28.32","4,,,7","9.15","4,,,7"
"USC00101671","2022-09","43.97775","-113.82913","1908.0","CHILLY BARTON FLAT, ID US","74.3","7","2.6","2,7","8","3,7","5","3,7","0","3,7","0",",7","0",",7","0","2,7","2","2,7","0","2,7","21","2,7","4","2,7","","","20220918","+,2,7","20220930","+,,7","20220930","+,,7","","","20220922",",3,7","20220907",",2,7","-1.1","2,7,18,+","0",",,7,30,+","0",",,7,30,+","5.8","3,,7,22,","32.8","2,7,07,","143.5","7","127.9","2,7","25.7",",a,,7","0",",,,7","13.86","2,7","24.46","2,,,7","3.26","2,,,7"
"USC00101671","2022-10","43.97775","-113.82913","1908.0","CHILLY BARTON FLAT, ID US","74.3","7","0.0","2,7","6","4,7","2","4,7","0","4,7","1",",7","0",",7","0","2,7","19","2,7","0","2,7","15","2,7","0","2,7","","","20221027",",2,7","20221026",",,7","20221026",",,7","","","20221022",",4,7","20221006",",2,7","-11.7","2,7,27,","25",",,7,26,","13",",,7,26,","6.4","4,,7,22,","23.3","2,7,06,","454.8","7","311.3","2,7","13.0",",a,,7","13",",,,7","7.60","2,7","16.69","2,,,7","-1.49","2,,,7"
"USC00101671","2022-11","43.97775","-113.82913","1908.0","CHILLY BARTON FLAT, ID US","74.3","7","0.0",",7","7",",7","5",",7","0",",7","24",",7","5",",7","10",",7","29",",7","17",",7","0",",7","0",",7","","","20221112","+,,7","20221109",",,7","20221109","+,,7","","","20221107",",,7","20221101",",,7","-23.3",",7,12,+","203",",,7,09,","76",",,7,09,+","12.7",",,7,07,","13.3",",7,01,","1204.9","7","750.1",",7","37.3",",,,7","276",",,,7","-6.67",",7","-0.56",",,,7","-12.79",",,,7"
"USC00101671","2022-12","43.97775","-113.82913","1908.0","CHILLY BARTON FLAT, ID US","74.3","7","0.0",",7","13",",7","2",",7","0",",7","31",",7","3",",7","12",",7","31",",7","26",",7","0",",7","0",",7","","","20221219",",,7","20221231","+,,7","20221215","+,,7","","","20221227",",,7","20221225",",,7","-26.7",",7,19,","127",",,7,31,+","25",",,7,15,+","3.0",",,7,27,","5.0",",7,25,","2051.4","7","846.5",",7","11.2",",,,7","170",",,,7","-8.97",",7","-3.65",",,,7","-14.30",",,,7"
"USC00101671","2023-01","43.97775","-113.82913","1908.0","CHILLY BARTON FLAT, ID US","0.0","7","0.0",",7","7",",7","2",",7","0",",7","31",",7","4",",7","8",",7","31",",7","24",",7","0",",7","0",",7","","","20230130",",,7","20230123","+,,7","20230111","+,,7","","","20230111",",,7","20230111","+,,7","-28.9",",7,30,","305",",,7,23,+","76",",,7,11,+","4.6",",,7,11,","2.2",",7,11,+","2878.5","7","827.1",",7","10.6",",,,7","233",",,,7","-8.35",",7","-2.97",",,,7","-13.73",",,,7"
"USC00101671","2023-02","43.97775","-113.82913","1908.0","CHILLY BARTON FLAT, ID US","0.0","7","0.0",",7","2",",7","0",",7","0",",7","28",",7","2",",7","12",",7","28",",7","25",",7","0",",7","0",",7","","","20230217",",,7","20230219","+,,7","20230214",",,7","","","20230214",",,7","20230221","+,,7","-25.0",",7,17,","330",",,7,19,+","76",",,7,14,","1.5",",,7,14,","3.3",",7,21,+","3669.0","7","790.5",",7","1.8",",,,7","101",",,,7","-9.90",",7","-3.78",",,,7","-16.03",",,,7"
"USC00101671","2023-03","43.97775","-113.82913","1908.0","CHILLY BARTON FLAT, ID US","0.0","7","0.0",",7","7",",7","1",",7","0",",7","31",",7","4",",7","7",",7","31",",7","24",",7","0",",7","0",",7","","","20230304",",,7","20230313","+,,7","20230327",",,7","","","20230327",",,7","20230315",",,7","-25.6",",7,04,","381",",,7,13,+","178",",,7,27,","5.1",",,7,27,","3.3",",7,15,","4478.9","7","809.9",",7","10.0",",,,7","323",",,,7","-7.79",",7","-2.40",",,,7","-13.19",",,,7"
"USC00101671","2023-04","43.97775","-113.82913","1908.0","CHILLY BARTON FLAT, ID US","0.0","7","0.0",",7","4",",7","1",",7","0",",7","10",",7","1",",7","1",",7","26",",7","4",",7","2",",7","0",",7","","","20230406",",,7","20230404","+,,7","20230403",",,7","","","20230413",",,7","20230430",",,7","-18.3",",7,06,","279",",,7,04,+","25",",,7,03,","22.9",",,7,13,","22.8",",7,30,","4992.7","7","513.8",",7","27.3",",,,7","25",",,,7","1.21",",7","7.44",",,,7","-5.03",",,,7"
"USC00101671","2023-05","43.97775","-113.82913","1908.0","CHILLY BARTON FLAT, ID US","0.0","7","0.0","1,7","15","2,7","4","2,7","0","2,7","0",",7","0",",7","0","1,7","6","1,7","0","1,7","9","1,7","0","1,7","","","20230508",",1,7","20230531","+,,7","20230531","+,,7","","","20230527",",2,7","20230520",",1,7","-5.0","1,7,08,","0",",,7,31,+","0",",,7,31,+","9.7","2,,7,27,","24.4","1,7,20,","5224.3","7","231.6","1,7","29.0",",a,,7","0",",,,7","10.61","1,7","18.02","1,,,7","3.20","1,,,7"
"USC00101671","2023-06","43.97775","-113.82913","1908.0","CHILLY BARTON FLAT, ID US","0.0","7","0.0",",7","18",",7","9",",7","0",",7","0",",7","0",",7","0",",7","2",",7","0",",7","4",",7","0",",7","","","20230622","+,,7","20230630","+,,7","20230630","+,,7","","","20230606",",,7","20230630",",,7","-1.7",",7,22,+","0",",,7,30,+","0",",,7,30,+","23.1",",,7,06,","25.6",",7,30,","5419.2","7","194.9",",7","78.3",",,,7","0",",,,7","11.84",",7","18.72",",,,7","4.95",",,,7"
"USC00101671","2023-07","43.97775","-113.82913","1908.0","CHILLY BARTON FLAT, ID US","23.4","7","23.4","3,7","4","4,7","1","4,7","0","4,7","0","3,7","0","3,7","0","3,7","0","3,7","0","3,7","28","3,7","2","3,7","","","20230705",",3,7","20230731","+,3,7","20230731","+,3,7","","","20230705",",4,7","20230724","+,3,7","3.3","3,7,05,","0","3,,7,31,+","0","3,,7,31,+","2.8","4,,7,05,","33.3","3,7,24,+","21.2","7","21.2","3,7","4.9","2,a,,7","0","3,,,7","18.41","3,7","28.78","3,,,7","8.04","3,,,7"
"USC00101671","2023-08","43.97775","-113.82913","1908.0","CHILLY BARTON FLAT, ID US","","","","","8","5,7","5","5,7","0","5,7","0",",7","0",",7","","","","","0","2,7","23","2,7","2","2,7","","","","","20230831","+,,7","20230831","+,,7","","","20230820",",5,7","20230817","+,2,7","","","0",",,7,31,+","0",",,7,31,+","23.1","5,,7,20,","32.8","2,7,17,+","","","","","66.3","1,a,,7","0",",,,7","","","24.44","2,,,7","",""
"USC00101671","2023-09","43.97775","-113.82913","1908.0","CHILLY BARTON FLAT, ID US","","","","","8","2,7","2","2,7","0","2,7","0",",7","0",",7","","","","","0","1,7","18","1,7","0","1,7","","","","","20230930","+,,7","20230930","+,,7","","","20230904",",2,7","20230917","+,1,7","","","0",",,7,30,+","0",",,7,30,+","7.1","2,,7,04,","25.0","1,7,17,+","","","","","13.4",",a,,7","0",",,,7","","","20.65","1,,,7","",""
"USC00101671","2023-10","43.97775","-113.82913","1908.0","CHILLY BARTON FLAT, ID US","","","","","","","","","","","0",",7","0",",7","","","","","","","","","","","","","","","20231031","+,,7","20231031","+,,7","","","","","","","","","0",",,7,31,+","0",",,7,31,+","","","","","","","","","7.4",",a,,7","0",",,,7","","","","","",""
"USC00101671","2023-11","43.97775","-113.82913","1908.0","CHILLY BARTON FLAT, ID US","","","","","5",",7","0",",7","0",",7","0",",7","0",",7","","","","","","","","","","","","","","","20231130","+,,7","20231130","+,,7","","","20231127",",,7","","","","","0",",,7,30,+","0",",,7,30,+","1.3",",,7,27,","","","","","","","3.4",",,,7","0",",,,7","","","","","",""
"USC00101671","2023-12","43.97775","-113.82913","1908.0","CHILLY BARTON FLAT, ID US","","","0.0","1,7","10",",7","1",",7","0",",7","24",",7","3",",7","4","1,7","29","1,7","12","1,7","0","1,7","0","1,7","","","20231225",",1,7","20231227","+,,7","20231210",",,7","","","20231210",",,7","20231204",",1,7","-25.0","1,7,25,","76",",,7,27,+","51",",,7,10,","3.6",",,7,10,","9.4","1,7,04,","","","693.2","1,7","11.0",",,,7","165",",,,7","-4.78","1,7","1.24","1,,,7","-10.79","1,,,7"
"USC00101671","2024-01","43.97775","-113.82913","1908.0","CHILLY BARTON FLAT, ID US","0.0","","0.0","3,7","","","","","","","27","4,7","1","4,7","4","3,7","28","3,7","11","3,7","0","3,7","0","3,7","","","20240116",",3,7","20240119","+,4,7","20240109",",4,7","","","","","20240131","+,3,7","-24.4","3,7,16,","152","4,,7,19,+","38","4,,7,09,","","","6.7","3,7,31,+","","","667.9","3,7","6.7",",a,,7","108","4,,,7","-5.52","3,7","0.08","3,,,7","-11.12","3,,,7"
"USC00101671","2024-02","43.97775","-113.82913","1908.0","CHILLY BARTON FLAT, ID US","0.0","","0.0","1,7","9",",7","1",",7","0",",7","24",",7","2",",7","1","1,7","26","1,7","6","1,7","0","1,7","0","1,7","","","20240217",",1,7","20240216",",,7","20240216","+,,7","","","20240207",",,7","20240225",",1,7","-21.1","1,7,17,","76",",,7,16,","25",",,7,16,+","4.3",",,7,07,","7.8","1,7,25,","","","596.1","1,7","10.8",",,,7","68",",,,7","-2.96","1,7","2.19","1,,,7","-8.10","1,,,7"
"USC00101671","2024-03","43.97775","-113.82913","1908.0","CHILLY BARTON FLAT, ID US","0.0","","0.0","4,7","9","5,7","1","5,7","0","5,7","12","2,7","0","4,7","5","4,7","26","4,7","6","4,7","0","4,7","0","4,7","","","20240304",",4,7","20240303",",2,7","20240306",",4,7","","","20240328",",5,7","20240321","+,4,7","-21.7","4,7,04,","127","2,,7,03,","10","4,,7,06,","4.8","5,,7,28,","13.9","4,7,21,+","","","542.7","4,7","12.8","2,a,,7","13","4,,,7","-1.77","4,7","5.16","4,,,7","-8.70","4,,,7"
"USC00101671","2024-04","43.97775","-113.82913","1908.0","CHILLY BARTON FLAT, ID US","0.0","","0.0","1,7","4","2,7","1","2,7","0","2,7","0","1,7","0","1,7","0","1,7","21","1,7","0","1,7","0","1,7","0","1,7","","","20240418",",1,7","20240430","+,1,7","20240430","+,1,7","","","20240404",",2,7","20240413",",1,7","-9.4","1,7,18,","0","1,,7,30,+","0","1,,7,30,+","6.1","2,,7,04,","19.4","1,7,13,","","","365.8","1,7","8.5",",a,,7","0","1,,,7","5.72","1,7","13.08","1,,,7","-1.64","1,,,7"
"USC00101671","2024-05","43.97775","-113.82913","1908.0","CHILLY BARTON FLAT, ID US","0.0","","0.0","3,7","8","5,7","2","5,7","0","5,7","0",",7","0",",7","0","3,7","15","3,7","0","3,7","5","3,7","0","3,7","","","20240502",",3,7","20240531","+,,7","20240531","+,,7","","","20240505",",5,7","20240528",",3,7","-8.3","3,7,02,","0",",,7,31,+","0",",,7,31,+","6.1","5,,7,05,","24.4","3,7,28,","","","293.1","3,7","14.5",",a,,7","0",",,,7","7.87","3,7","15.53","3,,,7","0.20","3,,,7"
