"STATION","DATE","LATITUDE","LONGITUDE","ELEVATION","NAME","CDSD","CDSD_ATTRIBUTES","CLDD","CLDD_ATTRIBUTES","DT00","DT00_ATTRIBUTES","DT32","DT32_ATTRIBUTES","DX32","DX32_ATTRIBUTES","DX70","DX70_ATTRIBUTES","DX90","DX90_ATTRIBUTES","DYNT","DYNT_ATTRIBUTES","DYXT","DYXT_ATTRIBUTES","EMNT","EMNT_ATTRIBUTES","EMXT","EMXT_ATTRIBUTES","HDSD","HDSD_ATTRIBUTES","HTDD","HTDD_ATTRIBUTES","TAVG","TAVG_ATTRIBUTES","TMAX","TMAX_ATTRIBUTES","TMIN","TMIN_ATTRIBUTES"
"USR0000CSUF","1999-11","40.9167","-122.4383","1280.2","SUGARLOAF SHF CALIFORNIA, CA US","","","0.0",",U","0",",U","2",",U","0",",U","4",",U","0",",U","19991122",",,U","19991113","+,,U","-0.6",",U,22,","22.2",",U,13,+","","","274.5",",U","9.18",",U","12.27",",,,U","6.09",",,,U"
"USR0000CSUF","1999-12","40.9167","-122.4383","1280.2","SUGARLOAF SHF CALIFORNIA, CA US","","","0.0",",U","0",",U","8",",U","0",",U","0",",U","0",",U","19991210",",,U","19991219",",,U","-3.3",",U,10,","17.2",",U,19,","","","343.3",",U","7.26",",U","11.37",",,,U","3.15",",,,U"
"USR0000CSUF","2000-02","40.9167","-122.4383","1280.2","SUGARLOAF SHF CALIFORNIA, CA US","","","0.0",",U","0",",U","5",",U","0",",U","0",",U","0",",U","20000225","+,,U","20000203",",,U","-1.1",",U,25,+","16.1",",U,03,","","","386.8",",U","4.99",",U","7.69",",,,U","2.30",",,,U"
"USR0000CSUF","2000-05","40.9167","-122.4383","1280.2","SUGARLOAF SHF CALIFORNIA, CA US","","","40.1",",U","0",",U","0",",U","0",",U","17",",U","3",",U","20000511","+,,U","20000523","+,,U","2.2",",U,11,+","34.4",",U,23,+","","","146.4",",U","14.90",",U","20.95",",,,U","8.85",",,,U"
"USR0000CSUF","2000-06","40.9167","-122.4383","1280.2","SUGARLOAF SHF CALIFORNIA, CA US","","","150.1",",U","0",",U","0",",U","0",",U","26",",U","14",",U","20000611","+,,U","20000614",",,U","7.8",",U,11,+","37.2",",U,14,","","","29.2",",U","22.37",",U","29.24",",,,U","15.49",",,,U"
"USR0000CSUF","2000-07","40.9167","-122.4383","1280.2","SUGARLOAF SHF CALIFORNIA, CA US","","","168.5",",U","0",",U","0",",U","0",",U","30",",U","12",",U","20000706",",,U","20000731",",,U","9.4",",U,06,","40.0",",U,31,","8.6","U","8.6",",U","23.49",",U","30.38",",,,U","16.60",",,,U"
"USR0000CSUF","2000-08","40.9167","-122.4383","1280.2","SUGARLOAF SHF CALIFORNIA, CA US","","","210.5",",U","0",",U","0",",U","0",",U","31",",U","18",",U","20000831",",,U","20000802",",,U","11.1",",U,31,","40.0",",U,02,","10.8","U","2.2",",U","25.05",",U","32.06",",,,U","18.04",",,,U"
"USR0000CSUF","2000-09","40.9167","-122.4383","1280.2","SUGARLOAF SHF CALIFORNIA, CA US","","","92.0",",U","0",",U","0",",U","0",",U","25",",U","6",",U","20000923",",,U","20000919","+,,U","5.6",",U,23,","35.0",",U,19,+","54.2","U","43.4",",U","19.96",",U","26.54",",,,U","13.37",",,,U"
"USR0000CSUF","2000-10","40.9167","-122.4383","1280.2","SUGARLOAF SHF CALIFORNIA, CA US","","","34.4",",U","0",",U","0",",U","0",",U","13",",U","1",",U","20001030","+,,U","20001007",",,U","2.8",",U,30,+","32.8",",U,07,","214.1","U","159.9",",U","14.28",",U","19.56",",,,U","9.01",",,,U"
"USR0000CSUF","2000-11","40.9167","-122.4383","1280.2","SUGARLOAF SHF CALIFORNIA, CA US","","","0.0",",U","0",",U","9",",U","1",",U","0",",U","0",",U","20001115","+,,U","20001104",",,U","-2.2",",U,15,+","17.2",",U,04,","569.9","U","355.8",",U","6.47",",U","10.34",",,,U","2.60",",,,U"
"USR0000CSUF","2000-12","40.9167","-122.4383","1280.2","SUGARLOAF SHF CALIFORNIA, CA US","","","0.0",",U","0",",U","2",",U","0",",U","0",",U","0",",U","20001224","+,,U","20001206",",,U","-0.6",",U,24,+","18.3",",U,06,","911.7","U","341.8",",U","7.31",",U","10.71",",,,U","3.90",",,,U"
"USR0000CSUF","2001-01","40.9167","-122.4383","1280.2","SUGARLOAF SHF CALIFORNIA, CA US","0.0","U","0.0",",U","0",",U","19",",U","1",",U","0",",U","0",",U","20010116",",,U","20010104",",,U","-4.4",",U,16,","20.6",",U,04,","1318.8","U","407.1",",U","5.20",",U","8.95",",,,U","1.45",",,,U"
"USR0000CSUF","2001-06","40.9167","-122.4383","1280.2","SUGARLOAF SHF CALIFORNIA, CA US","","","90.8",",U","0",",U","0",",U","0",",U","28",",U","7",",U","20010603",",,U","20010620",",,U","4.4",",U,03,","38.9",",U,20,","","","31.1",",U","20.32",",U","27.52",",,,U","13.12",",,,U"
"USR0000CSUF","2001-07","40.9167","-122.4383","1280.2","SUGARLOAF SHF CALIFORNIA, CA US","","","191.5",",U","0",",U","0",",U","0",",U","31",",U","14",",U","20010716",",,U","20010725",",,U","12.2",",U,16,","39.4",",U,25,","0.0","U","0.0",",U","24.51",",U","31.46",",,,U","17.56",",,,U"
"USR0000CSUF","2001-08","40.9167","-122.4383","1280.2","SUGARLOAF SHF CALIFORNIA, CA US","","","231.2",",U","0",",U","0",",U","0",",U","31",",U","19",",U","20010823",",,U","20010808","+,,U","12.8",",U,23,","39.4",",U,08,+","0.0","U","0.0",",U","25.79",",U","33.00",",,,U","18.58",",,,U"
"USR0000CSUF","2001-09","40.9167","-122.4383","1280.2","SUGARLOAF SHF CALIFORNIA, CA US","","","135.1",",U","0",",U","0",",U","0",",U","28",",U","11",",U","20010928",",,U","20010919",",,U","9.4",",U,28,","33.9",",U,19,","10.5","U","10.5",",U","22.49",",U","29.39",",,,U","15.58",",,,U"
"USR0000CSUF","2001-10","40.9167","-122.4383","1280.2","SUGARLOAF SHF CALIFORNIA, CA US","","","47.8",",U","0",",U","0",",U","0",",U","23",",U","3",",U","20011024",",,U","20011001",",,U","3.9",",U,24,","36.1",",U,01,","96.5","U","86.0",",U","17.10",",U","22.89",",,,U","11.31",",,,U"
"USR0000CSUF","2001-11","40.9167","-122.4383","1280.2","SUGARLOAF SHF CALIFORNIA, CA US","","","0.0",",U","0",",U","7",",U","0",",U","3",",U","0",",U","20011127",",,U","20011104",",,U","-2.8",",U,27,","23.9",",U,04,","406.7","U","310.2",",U","7.99",",U","11.34",",,,U","4.65",",,,U"
"USR0000CSUF","2001-12","40.9167","-122.4383","1280.2","SUGARLOAF SHF CALIFORNIA, CA US","","","0.0",",U","0",",U","17",",U","0",",U","0",",U","0",",U","20011204",",,U","20011208",",,U","-1.7",",U,04,","15.0",",U,08,","873.6","U","466.9",",U","3.27",",U","5.92",",,,U","0.62",",,,U"
"USR0000CSUF","2002-01","40.9167","-122.4383","1280.2","SUGARLOAF SHF CALIFORNIA, CA US","0.0","U","0.0",",U","0",",U","18",",U","0",",U","0",",U","0",",U","20020129",",,U","20020112",",,U","-6.1",",U,29,","13.9",",U,12,","1326.3","U","452.7",",U","3.73",",U","7.53",",,,U","-0.07",",,,U"
"USR0000CSUF","2002-02","40.9167","-122.4383","1280.2","SUGARLOAF SHF CALIFORNIA, CA US","0.0","U","0.0",",U","0",",U","3",",U","0",",U","0",",U","0",",U","20020201",",,U","20020226",",,U","-1.7",",U,01,","19.4",",U,26,","1631.3","U","305.0",",U","7.44",",U","12.02",",,,U","2.86",",,,U"
"USR0000CSUF","2002-03","40.9167","-122.4383","1280.2","SUGARLOAF SHF CALIFORNIA, CA US","0.9","U","0.9","2,U","0","1,U","12","1,U","0","1,U","4","1,U","0","1,U","20020308",",1,U","20020331",",1,U","-4.4","1,U,08,","27.8","1,U,31,","1943.8","U","312.5","1,U","7.54","2,U","12.98","1,,,U","2.10","1,,,U"
"USR0000CSUF","2002-04","40.9167","-122.4383","1280.2","SUGARLOAF SHF CALIFORNIA, CA US","5.7","U","4.8",",U","0",",U","2",",U","0",",U","13",",U","0",",U","20020418","+,,U","20020402",",,U","-0.6",",U,18,+","28.3",",U,02,","2134.2","U","190.4",",U","12.15",",U","18.45",",,,U","5.84",",,,U"
"USR0000CSUF","2002-05","40.9167","-122.4383","1280.2","SUGARLOAF SHF CALIFORNIA, CA US","26.3","U","20.6",",U","0",",U","0",",U","0",",U","21",",U","0",",U","20020520",",,U","20020530",",,U","1.7",",U,20,","31.1",",U,30,","2247.2","U","113.0",",U","15.35",",U","22.17",",,,U","8.54",",,,U"
"USR0000CSUF","2002-06","40.9167","-122.4383","1280.2","SUGARLOAF SHF CALIFORNIA, CA US","142.4","U","116.1",",U","0",",U","0",",U","0",",U","29",",U","6",",U","20020609",",,U","20020625",",,U","4.4",",U,09,","36.1",",U,25,","2259.5","U","12.3",",U","21.80",",U","29.43",",,,U","14.16",",,,U"
"USR0000CSUF","2002-07","40.9167","-122.4383","1280.2","SUGARLOAF SHF CALIFORNIA, CA US","414.8","U","272.4",",U","0",",U","0",",U","0",",U","31",",U","27",",U","20020708",",,U","20020710",",,U","13.9",",U,08,","42.2",",U,10,","0.0","U","0.0",",U","27.12",",U","34.90",",,,U","19.34",",,,U"
"USR0000CSUF","2002-08","40.9167","-122.4383","1280.2","SUGARLOAF SHF CALIFORNIA, CA US","630.5","U","215.7",",U","0",",U","0",",U","0",",U","30",",U","17",",U","20020806",",,U","20020813",",,U","10.0",",U,06,","42.8",",U,13,","2.5","U","2.5",",U","25.21",",U","32.85",",,,U","17.57",",,,U"
"USR0000CSUF","2002-09","40.9167","-122.4383","1280.2","SUGARLOAF SHF CALIFORNIA, CA US","786.7","U","156.2",",U","0",",U","0",",U","0",",U","29",",U","15",",U","20020930",",,U","20020901",",,U","6.1",",U,30,","37.8",",U,01,","18.1","U","15.6",",U","23.02",",U","30.52",",,,U","15.52",",,,U"
"USR0000CSUF","2002-10","40.9167","-122.4383","1280.2","SUGARLOAF SHF CALIFORNIA, CA US","821.4","U","34.7",",U","0",",U","1",",U","0",",U","22",",U","0",",U","20021030",",,U","20021007",",,U","0.0",",U,30,","31.7",",U,07,","115.4","U","97.3",",U","16.32",",U","23.38",",,,U","9.25",",,,U"
"USR0000CSUF","2002-11","40.9167","-122.4383","1280.2","SUGARLOAF SHF CALIFORNIA, CA US","821.4","U","0.0",",U","0",",U","1",",U","0",",U","2",",U","0",",U","20021101",",,U","20021122",",,U","0.0",",U,01,","21.7",",U,22,","341.6","U","226.2",",U","10.79",",U","15.30",",,,U","6.29",",,,U"
"USR0000CSUF","2003-03","40.9167","-122.4383","1280.2","SUGARLOAF SHF CALIFORNIA, CA US","","","2.2",",U","0",",U","2",",U","0",",U","3",",U","0",",U","20030327","+,,U","20030330",",,U","0.0",",U,27,+","28.3",",U,30,","","","289.6",",U","9.06",",U","14.20",",,,U","3.93",",,,U"
"USR0000CSUF","2003-04","40.9167","-122.4383","1280.2","SUGARLOAF SHF CALIFORNIA, CA US","","","0.0",",U","0",",U","8",",U","0",",U","0",",U","0",",U","20030403",",,U","20030419","+,,U","-1.1",",U,03,","20.6",",U,19,+","","","349.3",",U","6.69",",U","11.10",",,,U","2.28",",,,U"
"USR0000CSUF","2003-05","40.9167","-122.4383","1280.2","SUGARLOAF SHF CALIFORNIA, CA US","","","49.9",",U","0",",U","0",",U","0",",U","16",",U","5",",U","20030518",",,U","20030523",",,U","0.6",",U,18,","35.6",",U,23,","","","136.4",",U","15.55",",U","22.27",",,,U","8.82",",,,U"
"USR0000CSUF","2003-06","40.9167","-122.4383","1280.2","SUGARLOAF SHF CALIFORNIA, CA US","","","141.9",",U","0",",U","0",",U","0",",U","30",",U","12",",U","20030624",",,U","20030627",",,U","8.9",",U,24,","39.4",",U,27,","","","3.1",",U","22.96",",U","30.76",",,,U","15.16",",,,U"
"USR0000CSUF","2003-08","40.9167","-122.4383","1280.2","SUGARLOAF SHF CALIFORNIA, CA US","","","177.2",",U","0",",U","0",",U","0",",U","30",",U","13",",U","20030823","+,,U","20030818",",,U","12.8",",U,23,+","39.4",",U,18,","","","2.0",",U","23.99",",U","30.80",",,,U","17.17",",,,U"
"USR0000CSUF","2003-09","40.9167","-122.4383","1280.2","SUGARLOAF SHF CALIFORNIA, CA US","","","177.6",",U","0",",U","0",",U","0",",U","29",",U","15",",U","20030917",",,U","20030926","+,,U","6.1",",U,17,","38.9",",U,26,+","","","14.7",",U","23.76",",U","31.53",",,,U","15.99",",,,U"
"USR0000CSUF","2003-10","40.9167","-122.4383","1280.2","SUGARLOAF SHF CALIFORNIA, CA US","","","63.8",",U","0",",U","0",",U","0",",U","23",",U","1",",U","20031031","+,,U","20031006",",,U","0.6",",U,31,+","32.2",",U,06,","","","57.6",",U","18.54",",U","24.97",",,,U","12.10",",,,U"
"USR0000CSUF","2003-11","40.9167","-122.4383","1280.2","SUGARLOAF SHF CALIFORNIA, CA US","","","0.0",",U","0",",U","8",",U","0",",U","0",",U","0",",U","20031122",",,U","20031118",",,U","-2.8",",U,22,","17.2",",U,18,","","","379.8",",U","5.67",",U","9.09",",,,U","2.26",",,,U"
"USR0000CSUF","2003-12","40.9167","-122.4383","1280.2","SUGARLOAF SHF CALIFORNIA, CA US","","","0.0",",U","0",",U","13",",U","1",",U","0",",U","0",",U","20031227",",,U","20031218",",,U","-2.8",",U,27,","16.1",",U,18,","","","439.1",",U","4.17",",U","7.01",",,,U","1.33",",,,U"
"USR0000CSUF","2004-01","40.9167","-122.4383","1280.2","SUGARLOAF SHF CALIFORNIA, CA US","0.0","U","0.0",",U","0",",U","13",",U","0",",U","0",",U","0",",U","20040103",",,U","20040113",",,U","-3.3",",U,03,","17.2",",U,13,","","","425.0",",U","4.62",",U","8.44",",,,U","0.81",",,,U"
"USR0000CSUF","2004-02","40.9167","-122.4383","1280.2","SUGARLOAF SHF CALIFORNIA, CA US","0.0","U","0.0",",U","0",",U","12",",U","0",",U","0",",U","0",",U","20040208",",,U","20040212",",,U","-1.1",",U,08,","16.1",",U,12,","","","393.2",",U","4.77",",U","8.35",",,,U","1.20",",,,U"
"USR0000CSUF","2004-03","40.9167","-122.4383","1280.2","SUGARLOAF SHF CALIFORNIA, CA US","3.3","U","3.3",",U","0",",U","3",",U","0",",U","18",",U","0",",U","20040325","+,,U","20040320",",,U","0.0",",U,25,+","27.8",",U,20,","","","164.7",",U","13.13",",U","19.35",",,,U","6.90",",,,U"
"USR0000CSUF","2004-04","40.9167","-122.4383","1280.2","SUGARLOAF SHF CALIFORNIA, CA US","20.3","U","17.0","1,U","0","1,U","0","1,U","0",",U","15",",U","0",",U","20040415",",1,U","20040427","+,,U","0.6","1,U,15,","31.7",",U,27,+","","","157.4",",U","13.41","1,U","19.70",",,,U","7.12","1,,,U"
"USR0000CSUF","2004-05","40.9167","-122.4383","1280.2","SUGARLOAF SHF CALIFORNIA, CA US","43.2","U","22.9",",U","0",",U","0",",U","0",",U","21",",U","0",",U","20040510",",,U","20040502",",,U","4.4",",U,10,","30.6",",U,02,","","","87.7",",U","16.24",",U","22.82",",,,U","9.66",",,,U"
"USR0000CSUF","2004-06","40.9167","-122.4383","1280.2","SUGARLOAF SHF CALIFORNIA, CA US","171.2","U","128.0",",U","0",",U","0",",U","0",",U","28",",U","9",",U","20040608","+,,U","20040628",",,U","5.6",",U,08,+","36.1",",U,28,","","","16.7",",U","22.04",",U","29.72",",,,U","14.36",",,,U"
"USR0000CSUF","2004-07","40.9167","-122.4383","1280.2","SUGARLOAF SHF CALIFORNIA, CA US","402.7","U","231.5","1,U","0","1,U","0","1,U","0","1,U","30","1,U","22","1,U","20040710",",1,U","20040727","+,1,U","12.8","1,U,10,","37.8","1,U,27,+","0.0","U","0.0","1,U","26.05","1,U","33.22","1,,,U","18.88","1,,,U"
"USR0000CSUF","2004-08","40.9167","-122.4383","1280.2","SUGARLOAF SHF CALIFORNIA, CA US","622.1","U","219.4",",U","0",",U","0",",U","0",",U","31",",U","21",",U","20040825",",,U","20040810",",,U","11.1",",U,25,","39.4",",U,10,","0.8","U","0.8",",U","25.38",",U","32.79",",,,U","17.98",",,,U"
"USR0000CSUF","2004-09","40.9167","-122.4383","1280.2","SUGARLOAF SHF CALIFORNIA, CA US","732.0","U","109.9",",U","0",",U","0",",U","0",",U","28",",U","9",",U","20040920",",,U","20040907",",,U","3.9",",U,20,","36.7",",U,07,","25.0","U","24.2",",U","21.19",",U","28.78",",,,U","13.60",",,,U"
"USR0000CSUF","2004-10","40.9167","-122.4383","1280.2","SUGARLOAF SHF CALIFORNIA, CA US","781.1","U","49.1",",U","0",",U","1",",U","0",",U","14",",U","3",",U","20041027",",,U","20041015",",,U","0.0",",U,27,","33.9",",U,15,","219.0","U","194.0",",U","13.66",",U","19.25",",,,U","8.06",",,,U"
"USR0000CSUF","2004-11","40.9167","-122.4383","1280.2","SUGARLOAF SHF CALIFORNIA, CA US","781.1","U","0.0",",U","0",",U","5",",U","0",",U","1",",U","0",",U","20041129",",,U","20041107",",,U","-2.2",",U,29,","24.4",",U,07,","521.0","U","302.0",",U","8.27",",U","12.51",",,,U","4.02",",,,U"
"USR0000CSUF","2004-12","40.9167","-122.4383","1280.2","SUGARLOAF SHF CALIFORNIA, CA US","781.1","U","0.0",",U","0",",U","11",",U","0",",U","0",",U","0",",U","20041231","+,,U","20041219",",,U","-0.6",",U,31,+","18.3",",U,19,","904.0","U","383.0",",U","5.98",",U","9.22",",,,U","2.74",",,,U"
"USR0000CSUF","2005-01","40.9167","-122.4383","1280.2","SUGARLOAF SHF CALIFORNIA, CA US","0.0","U","0.0",",U","0",",U","13",",U","0",",U","2",",U","0",",U","20050104",",,U","20050122",",,U","-2.8",",U,04,","21.7",",U,22,","1276.9","U","372.9",",U","6.30",",U","10.03",",,,U","2.58",",,,U"
"USR0000CSUF","2005-02","40.9167","-122.4383","1280.2","SUGARLOAF SHF CALIFORNIA, CA US","0.0","U","0.0",",U","0",",U","1",",U","0",",U","0",",U","0",",U","20050206",",,U","20050203",",,U","0.0",",U,06,","18.3",",U,03,","1574.1","U","297.2",",U","7.72",",U","11.98",",,,U","3.45",",,,U"
"USR0000CSUF","2005-03","40.9167","-122.4383","1280.2","SUGARLOAF SHF CALIFORNIA, CA US","5.0","U","5.0",",U","0",",U","3",",U","0",",U","7",",U","0",",U","20050330","+,,U","20050311",",,U","0.0",",U,30,+","28.3",",U,11,","1838.2","U","264.1",",U","9.97",",U","15.32",",,,U","4.63",",,,U"
"USR0000CSUF","2005-04","40.9167","-122.4383","1280.2","SUGARLOAF SHF CALIFORNIA, CA US","5.0","U","0.0",",U","0",",U","4",",U","0",",U","4",",U","0",",U","20050414",",,U","20050426",",,U","-0.6",",U,14,","23.9",",U,26,","2089.3","U","251.1",",U","9.96",",U","15.83",",,,U","4.10",",,,U"
"USR0000CSUF","2005-05","40.9167","-122.4383","1280.2","SUGARLOAF SHF CALIFORNIA, CA US","30.9","U","25.9",",U","0",",U","0",",U","0",",U","14",",U","3",",U","20050510","+,,U","20050526",",,U","2.8",",U,10,+","33.9",",U,26,","2236.9","U","147.6",",U","14.41",",U","20.01",",,,U","8.81",",,,U"
"USR0000CSUF","2005-06","40.9167","-122.4383","1280.2","SUGARLOAF SHF CALIFORNIA, CA US","66.5","U","35.6",",U","0",",U","0",",U","0",",U","22",",U","2",",U","20050617","+,,U","20050630",",,U","5.0",",U,17,+","34.4",",U,30,","2313.7","U","76.8",",U","16.96",",U","23.26",",,,U","10.66",",,,U"
"USR0000CSUF","2005-07","40.9167","-122.4383","1280.2","SUGARLOAF SHF CALIFORNIA, CA US","334.0","U","267.5",",U","0",",U","0",",U","0",",U","31",",U","24",",U","20050709",",,U","20050718",",,U","13.9",",U,09,","41.1",",U,18,","0.0","U","0.0",",U","26.96",",U","34.07",",,,U","19.86",",,,U"
"USR0000CSUF","2005-08","40.9167","-122.4383","1280.2","SUGARLOAF SHF CALIFORNIA, CA US","584.1","U","250.1",",U","0",",U","0",",U","0",",U","31",",U","24",",U","20050830",",,U","20050812","+,,U","10.0",",U,30,","36.7",",U,12,+","0.0","U","0.0",",U","26.40",",U","33.75",",,,U","19.05",",,,U"
"USR0000CSUF","2005-09","40.9167","-122.4383","1280.2","SUGARLOAF SHF CALIFORNIA, CA US","672.8","U","88.7",",U","0",",U","0",",U","0",",U","29",",U","5",",U","20050924",",,U","20050901",",,U","5.6",",U,24,","34.4",",U,01,","25.5","U","25.5",",U","20.44",",U","27.59",",,,U","13.28",",,,U"
"USR0000CSUF","2005-10","40.9167","-122.4383","1280.2","SUGARLOAF SHF CALIFORNIA, CA US","684.7","U","11.9",",U","0",",U","0",",U","0",",U","17",",U","0",",U","20051004",",,U","20051006",",,U","2.8",",U,04,","27.8",",U,06,","146.1","U","120.6",",U","14.82",",U","20.75",",,,U","8.89",",,,U"
"USR0000CSUF","2005-11","40.9167","-122.4383","1280.2","SUGARLOAF SHF CALIFORNIA, CA US","684.7","U","0.0",",U","0",",U","7",",U","0",",U","2",",U","0",",U","20051130",",,U","20051121","+,,U","-2.2",",U,30,","21.7",",U,21,+","438.3","U","292.2",",U","8.59",",U","12.41",",,,U","4.78",",,,U"
"USR0000CSUF","2005-12","40.9167","-122.4383","1280.2","SUGARLOAF SHF CALIFORNIA, CA US","684.7","U","0.0",",U","0",",U","8",",U","0",",U","0",",U","0",",U","20051204",",,U","20051224",",,U","-1.7",",U,04,","15.6",",U,24,","834.6","U","396.3",",U","5.55",",U","8.42",",,,U","2.68",",,,U"
"USR0000CSUF","2006-01","40.9167","-122.4383","1280.2","SUGARLOAF SHF CALIFORNIA, CA US","0.0","U","0.0",",U","0",",U","13",",U","0",",U","0",",U","0",",U","20060122","+,,U","20060106",",,U","-1.7",",U,22,+","15.6",",U,06,","1277.9","U","443.3",",U","4.03",",U","6.70",",,,U","1.36",",,,U"
"USR0000CSUF","2006-02","40.9167","-122.4383","1280.2","SUGARLOAF SHF CALIFORNIA, CA US","0.0","U","0.0",",U","0",",U","11",",U","0",",U","0",",U","0",",U","20060219",",,U","20060223",",,U","-5.6",",U,19,","20.0",",U,23,","1593.1","U","315.2",",U","7.08",",U","11.95",",,,U","2.20",",,,U"
"USR0000CSUF","2006-03","40.9167","-122.4383","1280.2","SUGARLOAF SHF CALIFORNIA, CA US","0.0","U","0.0",",U","0",",U","22",",U","0",",U","0",",U","0",",U","20060311",",,U","20060327",",,U","-5.6",",U,11,","15.0",",U,27,","2074.9","U","481.8",",U","2.79",",U","5.87",",,,U","-0.29",",,,U"
"USR0000CSUF","2006-04","40.9167","-122.4383","1280.2","SUGARLOAF SHF CALIFORNIA, CA US","4.2","U","4.2","2,U","0","1,U","4","1,U","0","1,U","8","1,U","0","1,U","20060417",",1,U","20060428",",1,U","-0.6","1,U,17,","31.1","1,U,28,","2337.6","U","262.7","1,U","9.12","2,U","14.23","1,,,U","4.01","1,,,U"
"USR0000CSUF","2006-05","40.9167","-122.4383","1280.2","SUGARLOAF SHF CALIFORNIA, CA US","51.2","U","47.0",",U","0",",U","0",",U","0",",U","21",",U","3",",U","20060527",",,U","20060517",",,U","3.3",",U,27,","35.6",",U,17,","2418.3","U","80.7",",U","17.24",",U","23.85",",,,U","10.63",",,,U"
"USR0000CSUF","2006-06","40.9167","-122.4383","1280.2","SUGARLOAF SHF CALIFORNIA, CA US","190.5","U","139.3",",U","0",",U","0",",U","0",",U","26",",U","9",",U","20060614",",,U","20060625",",,U","8.3",",U,14,","41.7",",U,25,","2434.4","U","16.1",",U","22.44",",U","29.19",",,,U","15.69",",,,U"
"USR0000CSUF","2006-07","40.9167","-122.4383","1280.2","SUGARLOAF SHF CALIFORNIA, CA US","477.6","U","287.1",",U","0",",U","0",",U","0",",U","31",",U","21",",U","20060731","+,,U","20060725","+,,U","14.4",",U,31,+","41.1",",U,25,+","0.0","U","0.0",",U","27.59",",U","34.60",",,,U","20.59",",,,U"
"USR0000CSUF","2006-08","40.9167","-122.4383","1280.2","SUGARLOAF SHF CALIFORNIA, CA US","681.4","U","203.8",",U","0",",U","0",",U","0",",U","31",",U","23",",U","20060830","+,,U","20060827","+,,U","13.3",",U,30,+","36.1",",U,27,+","0.0","U","0.0",",U","24.91",",U","32.44",",,,U","17.38",",,,U"
"USR0000CSUF","2006-09","40.9167","-122.4383","1280.2","SUGARLOAF SHF CALIFORNIA, CA US","827.9","U","146.5",",U","0",",U","0",",U","0",",U","29",",U","14",",U","20060922","+,,U","20060912",",,U","5.6",",U,22,+","38.3",",U,12,","21.2","U","21.2",",U","22.51",",U","30.19",",,,U","14.83",",,,U"
"USR0000CSUF","2006-10","40.9167","-122.4383","1280.2","SUGARLOAF SHF CALIFORNIA, CA US","834.0","U","6.1",",U","0",",U","0",",U","0",",U","20",",U","0",",U","20061025",",,U","20061013",",,U","2.8",",U,25,","28.3",",U,13,","126.2","U","105.0",",U","15.14",",U","21.67",",,,U","8.62",",,,U"
"USR0000CSUF","2006-11","40.9167","-122.4383","1280.2","SUGARLOAF SHF CALIFORNIA, CA US","834.0","U","0.0",",U","0",",U","9",",U","0",",U","1",",U","0",",U","20061129",",,U","20061106",",,U","-4.4",",U,29,","21.7",",U,06,","469.1","U","342.9",",U","6.90",",U","10.16",",,,U","3.64",",,,U"
"USR0000CSUF","2006-12","40.9167","-122.4383","1280.2","SUGARLOAF SHF CALIFORNIA, CA US","834.0","U","0.0",",U","0",",U","12",",U","0",",U","0",",U","0",",U","20061228","+,,U","20061207",",,U","-2.2",",U,28,+","18.9",",U,07,","890.2","U","421.1",",U","4.75",",U","8.01",",,,U","1.49",",,,U"
"USR0000CSUF","2007-01","40.9167","-122.4383","1280.2","SUGARLOAF SHF CALIFORNIA, CA US","0.0","U","0.0",",U","0",",U","13",",U","0",",U","0",",U","0",",U","20070112",",,U","20070125",",,U","-7.8",",U,12,","17.8",",U,25,","1282.4","U","392.2",",U","5.68",",U","10.41",",,,U","0.95",",,,U"
"USR0000CSUF","2007-02","40.9167","-122.4383","1280.2","SUGARLOAF SHF CALIFORNIA, CA US","0.0","U","0.0",",U","0",",U","8",",U","0",",U","1",",U","0",",U","20070228","+,,U","20070217",",,U","-3.3",",U,28,+","21.1",",U,17,","1623.4","U","341.0",",U","6.16",",U","9.83",",,,U","2.49",",,,U"
"USR0000CSUF","2007-03","40.9167","-122.4383","1280.2","SUGARLOAF SHF CALIFORNIA, CA US","2.8","U","2.8",",U","0",",U","5",",U","0",",U","12",",U","0",",U","20070301",",,U","20070316",",,U","-2.2",",U,01,","26.7",",U,16,","1830.1","U","206.7",",U","11.75",",U","17.63",",,,U","5.88",",,,U"
"USR0000CSUF","2007-05","40.9167","-122.4383","1280.2","SUGARLOAF SHF CALIFORNIA, CA US","","","52.5",",U","0",",U","0",",U","0",",U","26",",U","1",",U","20070504","+,,U","20070529",",,U","1.1",",U,04,+","32.8",",U,29,","","","65.2",",U","17.92",",U","24.91",",,,U","10.93",",,,U"
"USR0000CSUF","2007-06","40.9167","-122.4383","1280.2","SUGARLOAF SHF CALIFORNIA, CA US","","","102.4",",U","0",",U","0",",U","0",",U","28",",U","6",",U","20070606",",,U","20070614",",,U","3.9",",U,06,","35.6",",U,14,","","","16.6",",U","21.19",",U","29.05",",,,U","13.34",",,,U"
"USR0000CSUF","2007-07","40.9167","-122.4383","1280.2","SUGARLOAF SHF CALIFORNIA, CA US","","","233.9",",U","0",",U","0",",U","0",",U","30",",U","20",",U","20070718",",,U","20070704",",,U","11.7",",U,18,","42.2",",U,04,","3.9","U","3.9",",U","25.75",",U","32.87",",,,U","18.63",",,,U"
"USR0000CSUF","2007-08","40.9167","-122.4383","1280.2","SUGARLOAF SHF CALIFORNIA, CA US","","","206.2",",U","0",",U","0",",U","0",",U","31",",U","16",",U","20070807",",,U","20070829","+,,U","10.6",",U,07,","38.3",",U,29,+","3.9","U","0.0",",U","24.99",",U","32.42",",,,U","17.55",",,,U"
"USR0000CSUF","2007-09","40.9167","-122.4383","1280.2","SUGARLOAF SHF CALIFORNIA, CA US","","","95.4",",U","0",",U","0",",U","0",",U","23",",U","8",",U","20070929",",,U","20070909",",,U","1.7",",U,29,","36.1",",U,09,","56.7","U","52.8",",U","19.75",",U","26.85",",,,U","12.65",",,,U"
"USR0000CSUF","2007-10","40.9167","-122.4383","1280.2","SUGARLOAF SHF CALIFORNIA, CA US","","","3.0",",U","0",",U","0",",U","0",",U","9",",U","0",",U","20071021","+,,U","20071023",",,U","2.2",",U,21,+","28.3",",U,23,","251.5","U","194.8",",U","12.15",",U","17.36",",,,U","6.94",",,,U"
"USR0000CSUF","2007-11","40.9167","-122.4383","1280.2","SUGARLOAF SHF CALIFORNIA, CA US","","","0.0",",U","0",",U","4",",U","0",",U","4",",U","0",",U","20071130",",,U","20071104",",,U","-0.6",",U,30,","23.3",",U,04,","503.3","U","251.8",",U","9.94",",U","14.19",",,,U","5.69",",,,U"
"USR0000CSUF","2007-12","40.9167","-122.4383","1280.2","SUGARLOAF SHF CALIFORNIA, CA US","","","0.0",",U","0",",U","18",",U","1",",U","0",",U","0",",U","20071231",",,U","20071214",",,U","-4.4",",U,31,","11.1",",U,14,","983.0","U","479.7",",U","2.86",",U","5.98",",,,U","-0.27",",,,U"
"USR0000CSUF","2008-01","40.9167","-122.4383","1280.2","SUGARLOAF SHF CALIFORNIA, CA US","0.0","U","0.0",",U","0",",U","21",",U","4",",U","0",",U","0",",U","20080130","+,,U","20080118",",,U","-4.4",",U,30,+","14.4",",U,18,","1484.3","U","501.3",",U","2.16",",U","5.10",",,,U","-0.77",",,,U"
"USR0000CSUF","2008-02","40.9167","-122.4383","1280.2","SUGARLOAF SHF CALIFORNIA, CA US","0.0","U","0.0",",U","0",",U","11",",U","1",",U","0",",U","0",",U","20080204",",,U","20080212",",,U","-3.3",",U,04,","20.6",",U,12,","1828.3","U","344.0",",U","6.47",",U","11.40",",,,U","1.54",",,,U"
"USR0000CSUF","2008-03","40.9167","-122.4383","1280.2","SUGARLOAF SHF CALIFORNIA, CA US","0.0","U","0.0",",U","0",",U","12",",U","0",",U","2",",U","0",",U","20080329","+,,U","20080318",",,U","-2.8",",U,29,+","21.7",",U,18,","2138.9","U","310.6",",U","8.31",",U","14.19",",,,U","2.44",",,,U"
"USR0000CSUF","2008-04","40.9167","-122.4383","1280.2","SUGARLOAF SHF CALIFORNIA, CA US","7.6","U","7.6",",U","0",",U","6",",U","0",",U","9",",U","0",",U","20080420",",,U","20080427",",,U","-2.2",",U,20,","28.3",",U,27,","2368.4","U","229.5",",U","10.94",",U","17.80",",,,U","4.07",",,,U"
"USR0000CSUF","2008-05","40.9167","-122.4383","1280.2","SUGARLOAF SHF CALIFORNIA, CA US","60.3","U","52.7",",U","0",",U","1",",U","0",",U","20",",U","5",",U","20080501",",,U","20080517",",,U","0.0",",U,01,","37.2",",U,17,","2477.8","U","109.4",",U","16.50",",U","23.55",",,,U","9.46",",,,U"
"USR0000CSUF","2008-06","40.9167","-122.4383","1280.2","SUGARLOAF SHF CALIFORNIA, CA US","174.1","U","113.8",",U","0",",U","0",",U","0",",U","29",",U","7",",U","20080607",",,U","20080627",",,U","4.4",",U,07,","37.2",",U,27,","2500.6","U","22.8",",U","21.37",",U","29.10",",,,U","13.63",",,,U"
"USR0000CSUF","2008-07","40.9167","-122.4383","1280.2","SUGARLOAF SHF CALIFORNIA, CA US","415.8","U","241.7",",U","0",",U","0",",U","0",",U","31",",U","20",",U","20080704",",,U","20080709",",,U","13.9",",U,04,","42.2",",U,09,","0.0","U","0.0",",U","26.13",",U","33.55",",,,U","18.71",",,,U"
"USR0000CSUF","2008-08","40.9167","-122.4383","1280.2","SUGARLOAF SHF CALIFORNIA, CA US","648.2","U","232.4",",U","0",",U","0",",U","0",",U","31",",U","23",",U","20080831",",,U","20080815",",,U","8.9",",U,31,","41.1",",U,15,","2.5","U","2.5",",U","25.75",",U","33.65",",,,U","17.84",",,,U"
"USR0000CSUF","2008-09","40.9167","-122.4383","1280.2","SUGARLOAF SHF CALIFORNIA, CA US","821.0","U","172.8",",U","0",",U","0",",U","0",",U","30",",U","16",",U","20080901",",,U","20080906",",,U","6.1",",U,01,","37.8",",U,06,","7.2","U","4.7",",U","23.94",",U","31.87",",,,U","16.00",",,,U"
"USR0000CSUF","2008-10","40.9167","-122.4383","1280.2","SUGARLOAF SHF CALIFORNIA, CA US","844.6","U","23.6",",U","0",",U","0",",U","0",",U","19",",U","0",",U","20081011","+,,U","20081025",",,U","1.1",",U,11,+","28.9",",U,25,","106.1","U","98.9",",U","15.90",",U","21.45",",,,U","10.35",",,,U"
"USR0000CSUF","2008-11","40.9167","-122.4383","1280.2","SUGARLOAF SHF CALIFORNIA, CA US","846.0","U","1.4",",U","0",",U","0",",U","0",",U","4",",U","0",",U","20081121",",,U","20081117",",,U","2.2",",U,21,","24.4",",U,17,","315.7","U","209.6",",U","11.39",",U","15.50",",,,U","7.28",",,,U"
"USR0000CSUF","2008-12","40.9167","-122.4383","1280.2","SUGARLOAF SHF CALIFORNIA, CA US","846.0","U","0.0",",U","0",",U","14",",U","1",",U","0",",U","0",",U","20081217","+,,U","20081206",",,U","-6.7",",U,17,+","17.8",",U,06,","730.8","U","415.1",",U","4.94",",U","8.75",",,,U","1.13",",,,U"
"USR0000CSUF","2009-01","40.9167","-122.4383","1280.2","SUGARLOAF SHF CALIFORNIA, CA US","0.0","U","0.0",",U","0",",U","7",",U","0",",U","0",",U","0",",U","20090103",",,U","20090116",",,U","-5.0",",U,03,","18.9",",U,16,","1048.4","U","317.6",",U","8.09",",U","12.60",",,,U","3.57",",,,U"
"USR0000CSUF","2009-02","40.9167","-122.4383","1280.2","SUGARLOAF SHF CALIFORNIA, CA US","0.0","U","0.0",",U","0",",U","9",",U","0",",U","0",",U","0",",U","20090212","+,,U","20090220",",,U","-2.2",",U,12,+","20.6",",U,20,","1409.3","U","360.9",",U","5.44",",U","8.90",",,,U","1.99",",,,U"
"USR0000CSUF","2009-03","40.9167","-122.4383","1280.2","SUGARLOAF SHF CALIFORNIA, CA US","0.0","U","0.0",",U","0",",U","13",",U","0",",U","4",",U","0",",U","20090309",",,U","20090328",",,U","-3.9",",U,09,","23.3",",U,28,","1730.5","U","321.2",",U","7.97",",U","13.73",",,,U","2.22",",,,U"
"USR0000CSUF","2009-04","40.9167","-122.4383","1280.2","SUGARLOAF SHF CALIFORNIA, CA US","20.3","U","20.3",",U","0",",U","3",",U","0",",U","7",",U","2",",U","20090414","+,,U","20090421",",,U","-0.6",",U,14,+","32.8",",U,21,","1949.9","U","219.4",",U","11.70",",U","18.23",",,,U","5.17",",,,U"
"USR0000CSUF","2009-05","40.9167","-122.4383","1280.2","SUGARLOAF SHF CALIFORNIA, CA US","93.9","U","73.6",",U","0",",U","0",",U","0",",U","25",",U","5",",U","20090508","+,,U","20090517","+,,U","4.4",",U,08,+","34.4",",U,17,+","2028.5","U","78.6",",U","18.17",",U","24.82",",,,U","11.53",",,,U"
"USR0000CSUF","2009-06","40.9167","-122.4383","1280.2","SUGARLOAF SHF CALIFORNIA, CA US","173.9","U","80.0",",U","0",",U","0",",U","0",",U","25",",U","7",",U","20090606","+,,U","20090627",",,U","8.3",",U,06,+","37.2",",U,27,","2069.4","U","40.9",",U","19.64",",U","26.24",",,,U","13.04",",,,U"
"USR0000CSUF","2009-07","40.9167","-122.4383","1280.2","SUGARLOAF SHF CALIFORNIA, CA US","454.5","U","280.6",",U","0",",U","0",",U","0",",U","31",",U","23",",U","20090706",",,U","20090728",",,U","12.2",",U,06,","42.2",",U,28,","0.0","U","0.0",",U","27.38",",U","34.78",",,,U","19.98",",,,U"
"USR0000CSUF","2009-08","40.9167","-122.4383","1280.2","SUGARLOAF SHF CALIFORNIA, CA US","699.3","U","244.8",",U","0",",U","0",",U","0",",U","30",",U","21",",U","20090807",",,U","20090821","+,,U","11.1",",U,07,","40.6",",U,21,+","4.2","U","4.2",",U","26.10",",U","33.22",",,,U","18.97",",,,U"
"USR0000CSUF","2009-09","40.9167","-122.4383","1280.2","SUGARLOAF SHF CALIFORNIA, CA US","908.1","U","208.8",",U","0",",U","0",",U","0",",U","27",",U","19",",U","20090930",",,U","20090926","+,,U","5.0",",U,30,","40.0",",U,26,+","16.1","U","11.9",",U","24.90",",U","32.25",",,,U","17.54",",,,U"
"USR0000CSUF","2009-12","40.9167","-122.4383","1280.2","SUGARLOAF SHF CALIFORNIA, CA US","","","0.0",",U","0",",U","15",",U","0",",U","0",",U","0",",U","20091208",",,U","20091219",",,U","-8.9",",U,08,","15.6",",U,19,","","","455.8",",U","3.63",",U","6.95",",,,U","0.31",",,,U"
"USR0000CSUF","2010-01","40.9167","-122.4383","1280.2","SUGARLOAF SHF CALIFORNIA, CA US","0.0","U","0.0",",U","0",",U","8",",U","0",",U","0",",U","0",",U","20100123","+,,U","20100107","+,,U","-0.6",",U,23,+","13.9",",U,07,+","","","404.4",",U","5.29",",U","7.95",",,,U","2.63",",,,U"
"USR0000CSUF","2010-02","40.9167","-122.4383","1280.2","SUGARLOAF SHF CALIFORNIA, CA US","0.0","U","0.0",",U","0",",U","6",",U","0",",U","0",",U","0",",U","20100222",",,U","20100217",",,U","-0.6",",U,22,","19.4",",U,17,","","","336.0",",U","6.33",",U","10.45",",,,U","2.21",",,,U"
"USR0000CSUF","2010-03","40.9167","-122.4383","1280.2","SUGARLOAF SHF CALIFORNIA, CA US","0.0","U","0.0",",U","0",",U","9",",U","0",",U","1",",U","0",",U","20100309",",,U","20100319",",,U","-3.3",",U,09,","23.9",",U,19,","","","340.4",",U","7.35",",U","12.45",",,,U","2.26",",,,U"
"USR0000CSUF","2010-04","40.9167","-122.4383","1280.2","SUGARLOAF SHF CALIFORNIA, CA US","0.0","U","0.0","2,U","0","1,U","8","1,U","0","1,U","5","1,U","0","1,U","20100405",",1,U","20100425","+,1,U","-2.8","1,U,05,","24.4","1,U,25,+","","","298.5","1,U","7.76","2,U","13.59","1,,,U","1.93","1,,,U"
"USR0000CSUF","2010-05","40.9167","-122.4383","1280.2","SUGARLOAF SHF CALIFORNIA, CA US","1.4","U","1.4",",U","0",",U","1",",U","0",",U","10",",U","0",",U","20100506",",,U","20100530",",,U","0.0",",U,06,","26.1",",U,30,","","","221.9",",U","11.22",",U","17.17",",,,U","5.27",",,,U"
"USR0000CSUF","2010-06","40.9167","-122.4383","1280.2","SUGARLOAF SHF CALIFORNIA, CA US","64.4","U","63.0",",U","0",",U","0",",U","0",",U","23",",U","4",",U","20100616",",,U","20100627",",,U","4.4",",U,16,","36.1",",U,27,","","","43.4",",U","18.99",",U","25.70",",,,U","12.27",",,,U"
"USR0000CSUF","2010-07","40.9167","-122.4383","1280.2","SUGARLOAF SHF CALIFORNIA, CA US","301.8","U","237.4",",U","0",",U","0",",U","0",",U","31",",U","21",",U","20100703",",,U","20100708",",,U","8.9",",U,03,","37.8",",U,08,","0.0","U","0.0",",U","25.99",",U","33.48",",,,U","18.50",",,,U"
"USR0000CSUF","2010-08","40.9167","-122.4383","1280.2","SUGARLOAF SHF CALIFORNIA, CA US","484.0","U","182.2",",U","0",",U","0",",U","0",",U","29",",U","18",",U","20100829",",,U","20100825",",,U","7.8",",U,29,","39.4",",U,25,","11.9","U","11.9",",U","23.83",",U","30.91",",,,U","16.74",",,,U"
"USR0000CSUF","2010-09","40.9167","-122.4383","1280.2","SUGARLOAF SHF CALIFORNIA, CA US","601.4","U","117.4","2,U","0","2,U","0","2,U","0","2,U","26","2,U","8","2,U","20100920",",2,U","20100929",",2,U","7.8","2,U,20,","37.2","2,U,29,","33.1","U","21.2","2,U","21.77","2,U","28.59","2,,,U","14.96","2,,,U"
"USR0000CSUF","2010-10","40.9167","-122.4383","1280.2","SUGARLOAF SHF CALIFORNIA, CA US","636.9","U","35.5",",U","0",",U","0",",U","0",",U","17",",U","1",",U","20101027",",,U","20101001",",,U","1.1",",U,27,","34.4",",U,01,","181.5","U","148.4",",U","14.69",",U","19.53",",,,U","9.85",",,,U"
"USR0000CSUF","2010-11","40.9167","-122.4383","1280.2","SUGARLOAF SHF CALIFORNIA, CA US","638.5","U","1.6",",U","0",",U","12",",U","0",",U","3",",U","0",",U","20101124",",,U","20101104",",,U","-6.7",",U,24,","25.0",",U,04,","511.2","U","329.7",",U","7.40",",U","11.83",",,,U","2.97",",,,U"
"USR0000CSUF","2011-02","40.9167","-122.4383","1280.2","SUGARLOAF SHF CALIFORNIA, CA US","","","0.0",",U","0",",U","18",",U","1",",U","0",",U","0",",U","20110226",",,U","20110206",",,U","-7.8",",U,26,","20.0",",U,06,","","","370.8",",U","5.09",",U","9.50",",,,U","0.68",",,,U"
"USR0000CSUF","2011-03","40.9167","-122.4383","1280.2","SUGARLOAF SHF CALIFORNIA, CA US","","","0.0",",U","0",",U","13",",U","0",",U","2",",U","0",",U","20110319",",,U","20110331","+,,U","-1.1",",U,19,","21.1",",U,31,+","","","418.1",",U","4.85",",U","8.03",",,,U","1.66",",,,U"
"USR0000CSUF","2011-04","40.9167","-122.4383","1280.2","SUGARLOAF SHF CALIFORNIA, CA US","","","0.0",",U","0",",U","6",",U","0",",U","1",",U","0",",U","20110407","+,,U","20110401",",,U","-1.7",",U,07,+","25.6",",U,01,","","","296.3",",U","8.46",",U","14.34",",,,U","2.58",",,,U"
"USR0000CSUF","2011-05","40.9167","-122.4383","1280.2","SUGARLOAF SHF CALIFORNIA, CA US","","","2.8",",U","0",",U","2",",U","0",",U","10",",U","0",",U","20110517","+,,U","20110504",",,U","0.0",",U,17,+","27.8",",U,04,","","","217.3",",U","11.41",",U","17.19",",,,U","5.64",",,,U"
"USR0000CSUF","2011-06","40.9167","-122.4383","1280.2","SUGARLOAF SHF CALIFORNIA, CA US","","","56.8",",U","0",",U","0",",U","0",",U","21",",U","3",",U","20110602","+,,U","20110621",",,U","2.8",",U,02,+","35.0",",U,21,","","","74.4",",U","17.75",",U","24.23",",,,U","11.26",",,,U"
"USR0000CSUF","2011-07","40.9167","-122.4383","1280.2","SUGARLOAF SHF CALIFORNIA, CA US","","","155.4",",U","0",",U","0",",U","0",",U","30",",U","13",",U","20110718",",,U","20110728",",,U","11.7",",U,18,","37.8",",U,28,","3.6","U","3.6",",U","23.23",",U","30.04",",,,U","16.42",",,,U"
"USR0000CSUF","2011-08","40.9167","-122.4383","1280.2","SUGARLOAF SHF CALIFORNIA, CA US","","","222.7",",U","0",",U","0",",U","0",",U","31",",U","20",",U","20110831",",,U","20110823",",,U","14.4",",U,31,","36.1",",U,23,","3.6","U","0.0",",U","25.52",",U","32.62",",,,U","18.42",",,,U"
"USR0000CSUF","2011-09","40.9167","-122.4383","1280.2","SUGARLOAF SHF CALIFORNIA, CA US","","","183.4","2,U","0","1,U","0","1,U","0","1,U","29","1,U","18","1,U","20110926",",1,U","20110923",",1,U","9.4","1,U,26,","37.2","1,U,23,","4.2","U","0.6","1,U","24.69","2,U","32.51","1,,,U","16.88","1,,,U"
"USR0000CSUF","2011-10","40.9167","-122.4383","1280.2","SUGARLOAF SHF CALIFORNIA, CA US","","","6.4",",U","0",",U","0",",U","0",",U","16",",U","0",",U","20111006",",,U","20111018",",,U","2.2",",U,06,","27.2",",U,18,","127.1","U","122.9",",U","14.58",",U","19.99",",,,U","9.16",",,,U"
"USR0000CSUF","2011-11","40.9167","-122.4383","1280.2","SUGARLOAF SHF CALIFORNIA, CA US","","","0.0",",U","0",",U","8",",U","0",",U","0",",U","0",",U","20111119",",,U","20111102",",,U","-1.7",",U,19,","18.9",",U,02,","473.0","U","345.9",",U","6.80",",U","10.55",",,,U","3.05",",,,U"
"USR0000CSUF","2012-02","40.9167","-122.4383","1280.2","SUGARLOAF SHF CALIFORNIA, CA US","","","0.0","2,U","0","1,U","11","1,U","0","1,U","0","1,U","0","1,U","20120229","+,1,U","20120224","+,1,U","-2.8","1,U,29,+","20.6","1,U,24,+","","","321.9","1,U","6.51","2,U","11.80","1,,,U","1.21","1,,,U"
"USR0000CSUF","2012-03","40.9167","-122.4383","1280.2","SUGARLOAF SHF CALIFORNIA, CA US","","","0.0",",U","0",",U","15",",U","0",",U","1",",U","0",",U","20120307",",,U","20120308",",,U","-3.3",",U,07,","21.1",",U,08,","","","395.0",",U","5.59",",U","9.71",",,,U","1.48",",,,U"
"USR0000CSUF","2012-04","40.9167","-122.4383","1280.2","SUGARLOAF SHF CALIFORNIA, CA US","","","2.0","1,U","0","1,U","4","1,U","0","1,U","5","1,U","0","1,U","20120405",",1,U","20120429",",1,U","-1.7","1,U,05,","27.2","1,U,29,","","","236.3","1,U","10.25","1,U","15.12","1,,,U","5.38","1,,,U"
"USR0000CSUF","2012-05","40.9167","-122.4383","1280.2","SUGARLOAF SHF CALIFORNIA, CA US","","","34.9",",U","0",",U","0",",U","0",",U","23",",U","2",",U","20120505",",,U","20120531",",,U","1.7",",U,05,","35.0",",U,31,","","","89.2",",U","16.58",",U","23.95",",,,U","9.21",",,,U"
"USR0000CSUF","2012-06","40.9167","-122.4383","1280.2","SUGARLOAF SHF CALIFORNIA, CA US","","","70.0","2,U","0","1,U","0","1,U","0","1,U","22","1,U","3","1,U","20120605",",1,U","20120617",",1,U","3.3","1,U,05,","35.6","1,U,17,","","","59.9","1,U","18.57","2,U","25.88","1,,,U","11.26","1,,,U"
"USR0000CSUF","2012-08","40.9167","-122.4383","1280.2","SUGARLOAF SHF CALIFORNIA, CA US","","","248.8","2,U","0","2,U","0","2,U","0","2,U","29","2,U","21","2,U","20120831","+,2,U","20120813",",2,U","13.9","2,U,31,+","40.0","2,U,13,","","","0.0","2,U","26.91","2,U","33.65","2,,,U","20.18","2,,,U"
"USR0000CSUF","2012-09","40.9167","-122.4383","1280.2","SUGARLOAF SHF CALIFORNIA, CA US","","","197.3",",U","0",",U","0",",U","0",",U","30",",U","14",",U","20120924","+,,U","20120913","+,,U","13.9",",U,24,+","34.4",",U,13,+","","","0.0",",U","24.91",",U","31.82",",,,U","18.00",",,,U"
"USR0000CSUF","2012-10","40.9167","-122.4383","1280.2","SUGARLOAF SHF CALIFORNIA, CA US","","","35.3",",U","0",",U","0",",U","0",",U","22",",U","3",",U","20121025",",,U","20121002","+,,U","1.1",",U,25,","35.6",",U,02,+","","","113.3",",U","15.82",",U","21.45",",,,U","10.19",",,,U"
"USR0000CSUF","2012-11","40.9167","-122.4383","1280.2","SUGARLOAF SHF CALIFORNIA, CA US","","","0.5","2,U","0","1,U","3","1,U","0","1,U","2","1,U","0","1,U","20121109",",1,U","20121105",",1,U","-1.1","1,U,09,","23.9","1,U,05,","","","259.3","1,U","9.09","2,U","12.48","1,,,U","5.71","1,,,U"
"USR0000CSUF","2012-12","40.9167","-122.4383","1280.2","SUGARLOAF SHF CALIFORNIA, CA US","","","0.0",",U","0",",U","16",",U","3",",U","0",",U","0",",U","20121219",",,U","20121210",",,U","-4.4",",U,19,","14.4",",U,10,","","","457.3",",U","3.58",",U","6.60",",,,U","0.56",",,,U"
"USR0000CSUF","2013-01","40.9167","-122.4383","1280.2","SUGARLOAF SHF CALIFORNIA, CA US","0.0","","0.0",",U","0",",U","10",",U","0",",U","0",",U","0",",U","20130112",",,U","20130104",",,U","-7.2",",U,12,","18.9",",U,04,","","","369.0",",U","6.43",",U","11.04",",,,U","1.82",",,,U"
"USR0000CSUF","2013-02","40.9167","-122.4383","1280.2","SUGARLOAF SHF CALIFORNIA, CA US","0.0","","0.0",",U","0",",U","10",",U","0",",U","0",",U","0",",U","20130209",",,U","20130215",",,U","-3.3",",U,09,","18.9",",U,15,","","","326.0",",U","6.69",",U","11.83",",,,U","1.55",",,,U"
"USR0000CSUF","2013-03","40.9167","-122.4383","1280.2","SUGARLOAF SHF CALIFORNIA, CA US","0.0","","0.0",",U","0",",U","5",",U","0",",U","4",",U","0",",U","20130323","+,,U","20130330",",,U","-1.7",",U,23,+","22.8",",U,30,","","","260.4",",U","9.93",",U","15.03",",,,U","4.84",",,,U"
"USR0000CSUF","2013-04","40.9167","-122.4383","1280.2","SUGARLOAF SHF CALIFORNIA, CA US","6.7","","6.7",",U","0",",U","0",",U","0",",U","14",",U","0",",U","20130416","+,,U","20130427",",,U","0.6",",U,16,+","28.3",",U,27,","","","171.0",",U","12.86",",U","19.31",",,,U","6.40",",,,U"
"USR0000CSUF","2013-05","40.9167","-122.4383","1280.2","SUGARLOAF SHF CALIFORNIA, CA US","34.9","","28.2",",U","0",",U","0",",U","0",",U","21",",U","0",",U","20130522",",,U","20130510",",,U","0.6",",U,22,","31.1",",U,10,","","","91.9",",U","16.28",",U","22.68",",,,U","9.87",",,,U"
"USR0000CSUF","2013-06","40.9167","-122.4383","1280.2","SUGARLOAF SHF CALIFORNIA, CA US","154.3","","119.4",",U","0",",U","0",",U","0",",U","27",",U","9",",U","20130619",",,U","20130608",",,U","7.8",",U,19,","37.2",",U,08,","","","25.2",",U","21.48",",U","28.29",",,,U","14.66",",,,U"
"USR0000CSUF","2013-07","40.9167","-122.4383","1280.2","SUGARLOAF SHF CALIFORNIA, CA US","420.9","","266.6",",U","0",",U","0",",U","0",",U","31",",U","20",",U","20130717",",,U","20130702",",,U","16.1",",U,17,","40.6",",U,02,","0.0","","0.0",",U","26.93",",U","33.64",",,,U","20.23",",,,U"
"USR0000CSUF","2013-08","40.9167","-122.4383","1280.2","SUGARLOAF SHF CALIFORNIA, CA US","609.7","","188.8",",U","0",",U","0",",U","0",",U","31",",U","14",",U","20130808","+,,U","20130819","+,,U","13.3",",U,08,+","38.3",",U,19,+","0.0","","0.0",",U","24.42",",U","31.07",",,,U","17.77",",,,U"
"USR0000CSUF","2014-01","40.9167","-122.4383","1280.2","SUGARLOAF SHF CALIFORNIA, CA US","0.0","U","0.0",",U","0",",U","1",",U","0",",U","0",",U","0",",U","20140131",",,U","20140117",",,U","-1.1",",U,31,","19.4",",U,17,","","","263.3",",U","9.84",",U","13.98",",,,U","5.70",",,,U"
"USR0000CSUF","2014-02","40.9167","-122.4383","1280.2","SUGARLOAF SHF CALIFORNIA, CA US","0.0","U","0.0",",U","0",",U","6",",U","0",",U","0",",U","0",",U","20140204",",,U","20140225","+,,U","-2.2",",U,04,","20.0",",U,25,+","","","321.5",",U","6.85",",U","10.61",",,,U","3.09",",,,U"
"USR0000CSUF","2014-03","40.9167","-122.4383","1280.2","SUGARLOAF SHF CALIFORNIA, CA US","0.0","U","0.0",",U","0",",U","1",",U","0",",U","2",",U","0",",U","20140331",",,U","20140315",",,U","0.0",",U,31,","23.9",",U,15,","","","291.0",",U","8.95",",U","13.41",",,,U","4.48",",,,U"
"USR0000CSUF","2014-04","40.9167","-122.4383","1280.2","SUGARLOAF SHF CALIFORNIA, CA US","4.2","U","4.2",",U","0",",U","2",",U","0",",U","16",",U","0",",U","20140402",",,U","20140430",",,U","-0.6",",U,02,","28.3",",U,30,","","","173.6",",U","12.69",",U","18.63",",,,U","6.74",",,,U"
"USR0000CSUF","2014-05","40.9167","-122.4383","1280.2","SUGARLOAF SHF CALIFORNIA, CA US","51.6","U","47.4",",U","0",",U","0",",U","0",",U","20",",U","1",",U","20140511","+,,U","20140514",",,U","4.4",",U,11,+","32.2",",U,14,","","","80.2",",U","17.27",",U","23.70",",,,U","10.85",",,,U"
"USR0000CSUF","2014-06","40.9167","-122.4383","1280.2","SUGARLOAF SHF CALIFORNIA, CA US","165.8","U","114.2",",U","0",",U","0",",U","0",",U","29",",U","10",",U","20140617",",,U","20140630",",,U","6.1",",U,17,","37.2",",U,30,","","","11.7",",U","21.75",",U","29.03",",,,U","14.47",",,,U"
"USR0000CSUF","2014-07","40.9167","-122.4383","1280.2","SUGARLOAF SHF CALIFORNIA, CA US","441.0","U","275.2",",U","0",",U","0",",U","0",",U","31",",U","23",",U","20140724",",,U","20140707",",,U","11.7",",U,24,","40.0",",U,07,","0.0","U","0.0",",U","27.21",",U","34.14",",,,U","20.28",",,,U"
"USR0000CSUF","2014-08","40.9167","-122.4383","1280.2","SUGARLOAF SHF CALIFORNIA, CA US","650.9","U","209.9",",U","0",",U","0",",U","0",",U","30",",U","18",",U","20140804",",,U","20140801",",,U","14.4",",U,04,","37.8",",U,01,","0.5","U","0.5",",U","25.09",",U","31.72",",,,U","18.46",",,,U"
"USR0000CSUF","2014-09","40.9167","-122.4383","1280.2","SUGARLOAF SHF CALIFORNIA, CA US","786.4","U","135.5",",U","0",",U","0",",U","0",",U","25",",U","9",",U","20140926",",,U","20140920",",,U","7.2",",U,26,","35.0",",U,20,","27.7","U","27.2",",U","21.94",",U","28.10",",,,U","15.78",",,,U"
"USR0000CSUF","2014-10","40.9167","-122.4383","1280.2","SUGARLOAF SHF CALIFORNIA, CA US","837.3","U","50.9",",U","0",",U","0",",U","0",",U","13",",U","2",",U","20141027",",,U","20141006","+,,U","4.4",",U,27,","32.2",",U,06,+","148.0","U","120.3",",U","16.09",",U","20.93",",,,U","11.26",",,,U"
"USR0000CSUF","2014-11","40.9167","-122.4383","1280.2","SUGARLOAF SHF CALIFORNIA, CA US","837.3","U","0.0",",U","0",",U","0",",U","0",",U","1",",U","0",",U","20141116",",,U","20141105",",,U","0.6",",U,16,","21.1",",U,05,","414.4","U","266.4",",U","9.45",",U","12.84",",,,U","6.06",",,,U"
"USR0000CSUF","2014-12","40.9167","-122.4383","1280.2","SUGARLOAF SHF CALIFORNIA, CA US","837.3","U","0.0",",U","0",",U","6",",U","0",",U","0",",U","0",",U","20141231",",,U","20141222",",,U","-4.4",",U,31,","15.0",",U,22,","808.5","U","394.1",",U","5.62",",U","7.74",",,,U","3.50",",,,U"
"USR0000CSUF","2015-01","40.9167","-122.4383","1280.2","SUGARLOAF SHF CALIFORNIA, CA US","0.0","U","0.0",",U","0",",U","1",",U","0",",U","1",",U","0",",U","20150101",",,U","20150107",",,U","0.0",",U,01,","21.1",",U,07,","1084.9","U","276.4",",U","9.42",",U","13.08",",,,U","5.75",",,,U"
"USR0000CSUF","2015-02","40.9167","-122.4383","1280.2","SUGARLOAF SHF CALIFORNIA, CA US","0.0","U","0.0",",U","0",",U","0",",U","0",",U","1",",U","0",",U","20150228","+,,U","20150219",",,U","1.7",",U,28,+","21.1",",U,19,","1311.9","U","227.0",",U","10.23",",U","14.24",",,,U","6.21",",,,U"
"USR0000CSUF","2015-03","40.9167","-122.4383","1280.2","SUGARLOAF SHF CALIFORNIA, CA US","0.3","U","0.3",",U","0",",U","0",",U","0",",U","10",",U","0",",U","20150301",",,U","20150329","+,,U","0.6",",U,01,","25.0",",U,29,+","1486.4","U","174.5",",U","12.71",",U","18.00",",,,U","7.42",",,,U"
"USR0000CSUF","2015-04","40.9167","-122.4383","1280.2","SUGARLOAF SHF CALIFORNIA, CA US","8.6","U","8.3",",U","0",",U","2",",U","0",",U","14",",U","0",",U","20150407","+,,U","20150419",",,U","0.0",",U,07,+","28.3",",U,19,","1669.0","U","182.6",",U","12.53",",U","18.97",",,,U","6.08",",,,U"
"USR0000CSUF","2015-05","40.9167","-122.4383","1280.2","SUGARLOAF SHF CALIFORNIA, CA US","32.4","U","23.8",",U","0",",U","0",",U","0",",U","17",",U","0",",U","20150507",",,U","20150528","+,,U","4.4",",U,07,","28.9",",U,28,+","1756.2","U","87.2",",U","16.29",",U","21.96",",,,U","10.61",",,,U"
"USR0000CSUF","2015-06","40.9167","-122.4383","1280.2","SUGARLOAF SHF CALIFORNIA, CA US","228.5","U","196.1","1,U","0","1,U","0","1,U","0",",U","29",",U","17",",U","20150601",",1,U","20150630","+,,U","10.6","1,U,01,","38.9",",U,30,+","1760.1","U","3.9",",U","24.89","1,U","32.04",",,,U","17.74","1,,,U"
"USR0000CSUF","2015-07","40.9167","-122.4383","1280.2","SUGARLOAF SHF CALIFORNIA, CA US","442.1","U","213.6",",U","0",",U","0",",U","0",",U","30",",U","15",",U","20150727",",,U","20150701",",,U","12.8",",U,27,","39.4",",U,01,","0.8","U","0.8",",U","25.20",",U","31.65",",,,U","18.75",",,,U"
"USR0000CSUF","2015-08","40.9167","-122.4383","1280.2","SUGARLOAF SHF CALIFORNIA, CA US","637.9","U","195.8",",U","0",",U","0",",U","0",",U","31",",U","11",",U","20150830",",,U","20150818",",,U","12.2",",U,30,","37.8",",U,18,","0.8","U","0.0",",U","24.65",",U","31.10",",,,U","18.20",",,,U"
"USR0000CSUF","2015-09","40.9167","-122.4383","1280.2","SUGARLOAF SHF CALIFORNIA, CA US","769.9","U","132.0",",U","0",",U","0",",U","0",",U","26",",U","8",",U","20150916",",,U","20150912","+,,U","6.1",",U,16,","36.7",",U,12,+","31.7","U","30.9",",U","21.70",",U","28.01",",,,U","15.40",",,,U"
"USR0000CSUF","2015-10","40.9167","-122.4383","1280.2","SUGARLOAF SHF CALIFORNIA, CA US","821.0","U","51.1",",U","0",",U","0",",U","0",",U","20",",U","2",",U","20151029",",,U","20151013",",,U","7.2",",U,29,","33.3",",U,13,","85.9","U","54.2",",U","18.23",",U","23.26",",,,U","13.20",",,,U"
"USR0000CSUF","2015-11","40.9167","-122.4383","1280.2","SUGARLOAF SHF CALIFORNIA, CA US","821.0","U","0.0",",U","0",",U","7",",U","0",",U","0",",U","0",",U","20151126",",,U","20151123","+,,U","-4.4",",U,26,","17.2",",U,23,+","419.3","U","333.4",",U","7.22",",U","11.26",",,,U","3.18",",,,U"
"USR0000CSUF","2015-12","40.9167","-122.4383","1280.2","SUGARLOAF SHF CALIFORNIA, CA US","821.0","U","0.0",",U","0",",U","18",",U","0",",U","0",",U","0",",U","20151231","+,,U","20151201",",,U","-4.4",",U,31,+","10.0",",U,01,","898.3","U","479.0",",U","2.88",",U","5.56",",,,U","0.21",",,,U"
"USR0000CSUF","2016-01","40.9167","-122.4383","1280.2","SUGARLOAF SHF CALIFORNIA, CA US","0.0","U","0.0",",U","0",",U","11",",U","0",",U","0",",U","0",",U","20160101",",,U","20160127",",,U","-5.0",",U,01,","15.6",",U,27,","1345.3","U","447.0",",U","3.91",",U","6.36",",,,U","1.46",",,,U"
"USR0000CSUF","2016-02","40.9167","-122.4383","1280.2","SUGARLOAF SHF CALIFORNIA, CA US","0.0","U","0.0","2,U","0","2,U","4","2,U","0","2,U","0","2,U","0","2,U","20160202","+,2,U","20160225","+,2,U","-1.7","2,U,02,+","20.6","2,U,25,+","1576.5","U","231.2","2,U","9.77","2,U","13.93","2,,,U","5.61","2,,,U"
"USR0000CSUF","2016-03","40.9167","-122.4383","1280.2","SUGARLOAF SHF CALIFORNIA, CA US","0.0","U","0.0",",U","0",",U","0",",U","0",",U","2",",U","0",",U","20160328","+,,U","20160317",",,U","0.6",",U,28,+","22.2",",U,17,","1883.3","U","306.8",",U","8.44",",U","12.54",",,,U","4.33",",,,U"
"USR0000CSUF","2016-04","40.9167","-122.4383","1280.2","SUGARLOAF SHF CALIFORNIA, CA US","10.0","U","10.0","2,U","0","1,U","0","1,U","0","1,U","11","1,U","0","1,U","20160414",",1,U","20160407",",1,U","1.1","1,U,14,","29.4","1,U,07,","2031.3","U","148.0","1,U","13.30","2,U","18.99","1,,,U","7.61","1,,,U"
"USR0000CSUF","2016-05","40.9167","-122.4383","1280.2","SUGARLOAF SHF CALIFORNIA, CA US","33.0","U","23.0",",U","0",",U","0",",U","0",",U","20",",U","1",",U","20160521",",,U","20160531",",,U","3.9",",U,21,","32.2",",U,31,","2135.9","U","104.6",",U","15.70",",U","21.21",",,,U","10.19",",,,U"
"USR0000CSUF","2016-06","40.9167","-122.4383","1280.2","SUGARLOAF SHF CALIFORNIA, CA US","163.2","U","130.2",",U","0",",U","0",",U","0",",U","25",",U","10",",U","20160616",",,U","20160629",",,U","5.6",",U,16,","35.6",",U,29,","2172.4","U","36.5",",U","21.46",",U","27.79",",,,U","15.12",",,,U"
"USR0000CSUF","2016-07","40.9167","-122.4383","1280.2","SUGARLOAF SHF CALIFORNIA, CA US","365.8","U","202.6",",U","0",",U","0",",U","0",",U","31",",U","15",",U","20160711",",,U","20160728",",,U","10.0",",U,11,","39.4",",U,28,","1.4","U","1.4",",U","24.82",",U","31.55",",,,U","18.10",",,,U"
"USR0000CSUF","2016-08","40.9167","-122.4383","1280.2","SUGARLOAF SHF CALIFORNIA, CA US","613.9","U","248.1",",U","0",",U","0",",U","0",",U","31",",U","20",",U","20160809",",,U","20160818",",,U","14.4",",U,09,","39.4",",U,18,","1.4","U","0.0",",U","26.34",",U","33.37",",,,U","19.30",",,,U"
"USR0000CSUF","2016-09","40.9167","-122.4383","1280.2","SUGARLOAF SHF CALIFORNIA, CA US","727.1","U","113.2",",U","0",",U","0",",U","0",",U","28",",U","8",",U","20160923",",,U","20160927","+,,U","7.8",",U,23,","35.6",",U,27,+","19.2","U","17.8",",U","21.51",",U","28.28",",,,U","14.74",",,,U"
"USR0000CSUF","2016-10","40.9167","-122.4383","1280.2","SUGARLOAF SHF CALIFORNIA, CA US","735.9","U","8.8",",U","0",",U","0",",U","0",",U","7",",U","0",",U","20161031",",,U","20161008",",,U","3.9",",U,31,","27.8",",U,08,","218.5","U","199.3",",U","12.19",",U","15.95",",,,U","8.43",",,,U"
"USR0000CSUF","2016-11","40.9167","-122.4383","1280.2","SUGARLOAF SHF CALIFORNIA, CA US","735.9","U","0.0",",U","0",",U","1",",U","0",",U","1",",U","0",",U","20161127",",,U","20161110",",,U","-0.6",",U,27,","22.2",",U,10,","505.9","U","287.4",",U","8.75",",U","11.92",",,,U","5.59",",,,U"
"USR0000CSUF","2016-12","40.9167","-122.4383","1280.2","SUGARLOAF SHF CALIFORNIA, CA US","735.9","U","0.0",",U","0",",U","17",",U","0",",U","0",",U","0",",U","20161217",",,U","20161229",",,U","-5.6",",U,17,","15.6",",U,29,","963.6","U","457.7",",U","3.57",",U","7.20",",,,U","-0.06",",,,U"
"USR0000CSUF","2017-01","40.9167","-122.4383","1280.2","SUGARLOAF SHF CALIFORNIA, CA US","0.0","U","0.0",",U","0",",U","19",",U","2",",U","0",",U","0",",U","20170106",",,U","20170130",",,U","-8.3",",U,06,","17.8",",U,30,","1441.2","U","477.6",",U","2.93",",U","6.09",",,,U","-0.24",",,,U"
"USR0000CSUF","2017-02","40.9167","-122.4383","1280.2","SUGARLOAF SHF CALIFORNIA, CA US","0.0","U","0.0",",U","0",",U","8",",U","0",",U","0",",U","0",",U","20170224",",,U","20170214",",,U","-3.9",",U,24,","18.3",",U,14,","1803.2","U","362.0",",U","5.41",",U","8.46",",,,U","2.35",",,,U"
"USR0000CSUF","2017-03","40.9167","-122.4383","1280.2","SUGARLOAF SHF CALIFORNIA, CA US","0.0","U","0.0",",U","0",",U","2",",U","0",",U","3",",U","0",",U","20170306",",,U","20170313",",,U","-2.8",",U,06,","23.9",",U,13,","2099.7","U","296.5",",U","8.77",",U","12.91",",,,U","4.63",",,,U"
"USR0000CSUF","2017-04","40.9167","-122.4383","1280.2","SUGARLOAF SHF CALIFORNIA, CA US","0.0","U","0.0",",U","0",",U","0",",U","0",",U","4",",U","0",",U","20170414","+,,U","20170430","+,,U","0.6",",U,14,+","23.3",",U,30,+","2372.1","U","272.4",",U","9.25",",U","14.09",",,,U","4.41",",,,U"
"USR0000CSUF","2017-05","40.9167","-122.4383","1280.2","SUGARLOAF SHF CALIFORNIA, CA US","50.2","U","50.2",",U","0",",U","0",",U","0",",U","22",",U","2",",U","20170517","+,,U","20170523","+,,U","2.8",",U,17,+","33.3",",U,23,+","2461.2","U","89.1",",U","17.08",",U","23.85",",,,U","10.30",",,,U"
"USR0000CSUF","2017-06","40.9167","-122.4383","1280.2","SUGARLOAF SHF CALIFORNIA, CA US","237.5","U","187.3","2,U","0","1,U","0","1,U","0","1,U","26","1,U","16","1,U","20170611",",1,U","20170624",",1,U","3.3","1,U,11,","45.6","1,U,24,","2487.9","U","26.7","1,U","23.78","2,U","32.55","1,,,U","15.01","1,,,U"
"USR0000CSUF","2017-07","40.9167","-122.4383","1280.2","SUGARLOAF SHF CALIFORNIA, CA US","552.1","U","314.6",",U","0",",U","0",",U","0",",U","31",",U","29",",U","20170720",",,U","20170707",",,U","17.2",",U,20,","42.8",",U,07,","0.0","U","0.0",",U","28.48",",U","36.47",",,,U","20.49",",,,U"
"USR0000CSUF","2017-08","40.9167","-122.4383","1280.2","SUGARLOAF SHF CALIFORNIA, CA US","852.9","U","300.8",",U","0",",U","0",",U","0",",U","31",",U","29",",U","20170815",",,U","20170801",",,U","16.1",",U,15,","42.2",",U,01,","0.0","U","0.0",",U","28.04",",U","35.25",",,,U","20.82",",,,U"
"USR0000CSUF","2017-09","40.9167","-122.4383","1280.2","SUGARLOAF SHF CALIFORNIA, CA US","986.5","U","133.6",",U","0",",U","0",",U","0",",U","27",",U","9",",U","20170921",",,U","20170902",",,U","5.6",",U,21,","40.6",",U,02,","30.6","U","30.6",",U","21.77",",U","28.33",",,,U","15.21",",,,U"
"USR0000CSUF","2017-10","40.9167","-122.4383","1280.2","SUGARLOAF SHF CALIFORNIA, CA US","1015.4","U","28.9",",U","0",",U","0",",U","0",",U","17",",U","0",",U","20171012",",,U","20171026","+,,U","2.2",",U,12,","28.9",",U,26,+","139.8","U","109.2",",U","15.74",",U","21.76",",,,U","9.73",",,,U"
"USR0000CSUF","2017-11","40.9167","-122.4383","1280.2","SUGARLOAF SHF CALIFORNIA, CA US","1015.4","U","0.0",",U","0",",U","0",",U","0",",U","0",",U","0",",U","20171118","+,,U","20171122",",,U","1.1",",U,18,+","20.0",",U,22,","462.9","U","323.1",",U","7.56",",U","10.44",",,,U","4.69",",,,U"
"USR0000CSUF","2017-12","40.9167","-122.4383","1280.2","SUGARLOAF SHF CALIFORNIA, CA US","1015.4","U","0.0",",U","0",",U","4",",U","0",",U","0",",U","0",",U","20171221",",,U","20171215","+,,U","-2.2",",U,21,","16.1",",U,15,+","786.1","U","323.2",",U","7.91",",U","11.73",",,,U","4.08",",,,U"
"USR0000CSUF","2018-01","40.9167","-122.4383","1280.2","SUGARLOAF SHF CALIFORNIA, CA US","0.0","U","0.0",",U","0",",U","6",",U","0",",U","0",",U","0",",U","20180125","+,,U","20180113",",,U","-1.1",",U,25,+","17.8",",U,13,","1134.4","U","348.3",",U","7.10",",U","10.07",",,,U","4.12",",,,U"
"USR0000CSUF","2018-02","40.9167","-122.4383","1280.2","SUGARLOAF SHF CALIFORNIA, CA US","0.0","U","0.0",",U","0",",U","14",",U","0",",U","1",",U","0",",U","20180223",",,U","20180208",",,U","-6.1",",U,23,","22.2",",U,08,","1453.8","U","319.4",",U","6.93",",U","11.95",",,,U","1.90",",,,U"
"USR0000CSUF","2018-03","40.9167","-122.4383","1280.2","SUGARLOAF SHF CALIFORNIA, CA US","0.0","U","0.0",",U","0",",U","12",",U","0",",U","4",",U","0",",U","20180302",",,U","20180330","+,,U","-4.4",",U,02,","22.8",",U,30,+","1822.5","U","368.7",",U","6.44",",U","10.87",",,,U","2.01",",,,U"
"USR0000CSUF","2018-04","40.9167","-122.4383","1280.2","SUGARLOAF SHF CALIFORNIA, CA US","4.2","U","4.2",",U","0",",U","2",",U","0",",U","10",",U","0",",U","20180412",",,U","20180425",",,U","-1.1",",U,12,","27.8",",U,25,","2041.7","U","219.2",",U","11.17",",U","16.67",",,,U","5.67",",,,U"
"USR0000CSUF","2018-05","40.9167","-122.4383","1280.2","SUGARLOAF SHF CALIFORNIA, CA US","23.2","U","19.0",",U","0",",U","0",",U","0",",U","25",",U","0",",U","20180501",",,U","20180528",",,U","3.9",",U,01,","31.1",",U,28,","2097.4","U","55.7",",U","17.15",",U","23.27",",,,U","11.03",",,,U"
"USR0000CSUF","2018-06","40.9167","-122.4383","1280.2","SUGARLOAF SHF CALIFORNIA, CA US","138.1","U","114.9",",U","0",",U","0",",U","0",",U","28",",U","7",",U","20180610",",,U","20180624",",,U","4.4",",U,10,","35.6",",U,24,","2111.9","U","14.5",",U","21.68",",U","28.88",",,,U","14.48",",,,U"
"USR0000CSUF","2018-07","40.9167","-122.4383","1280.2","SUGARLOAF SHF CALIFORNIA, CA US","426.1","U","288.0",",U","0",",U","0",",U","0",",U","31",",U","25",",U","20180705","+,,U","20180726",",,U","13.3",",U,05,+","40.6",",U,26,","0.0","U","0.0",",U","27.62",",U","34.43",",,,U","20.82",",,,U"
"USR0000CSUF","2018-08","40.9167","-122.4383","1280.2","SUGARLOAF SHF CALIFORNIA, CA US","635.9","U","209.8",",U","0",",U","0",",U","0",",U","31",",U","14",",U","20180830",",,U","20180807",",,U","13.3",",U,30,","35.6",",U,07,","0.0","U","0.0",",U","25.10",",U","31.38",",,,U","18.82",",,,U"
"USR0000CSUF","2018-09","40.9167","-122.4383","1280.2","SUGARLOAF SHF CALIFORNIA, CA US","753.4","U","117.5",",U","0",",U","0",",U","0",",U","28",",U","7",",U","20180930","+,,U","20180927",",,U","10.0",",U,30,+","35.6",",U,27,","16.2","U","16.2",",U","21.71",",U","28.38",",,,U","15.04",",,,U"
"USR0000CSUF","2018-10","40.9167","-122.4383","1280.2","SUGARLOAF SHF CALIFORNIA, CA US","768.2","U","14.8",",U","0",",U","0",",U","0",",U","17",",U","0",",U","20181030",",,U","20181020",",,U","5.0",",U,30,","28.9",",U,20,","96.8","U","80.6",",U","16.21",",U","21.64",",,,U","10.78",",,,U"
"USR0000CSUF","2018-11","40.9167","-122.4383","1280.2","SUGARLOAF SHF CALIFORNIA, CA US","768.2","U","0.0",",U","0",",U","0",",U","0",",U","3",",U","0",",U","20181129",",,U","20181102",",,U","0.6",",U,29,","23.3",",U,02,","320.5","U","223.7",",U","10.88",",U","15.18",",,,U","6.57",",,,U"
"USR0000CSUF","2018-12","40.9167","-122.4383","1280.2","SUGARLOAF SHF CALIFORNIA, CA US","768.2","U","0.0",",U","0",",U","5",",U","0",",U","0",",U","0",",U","20181231",",,U","20181213",",,U","-1.7",",U,31,","13.3",",U,13,","740.4","U","419.9",",U","4.79",",U","7.71",",,,U","1.87",",,,U"
"USR0000CSUF","2019-01","40.9167","-122.4383","1280.2","SUGARLOAF SHF CALIFORNIA, CA US","0.0","U","0.0",",U","0",",U","6",",U","0",",U","0",",U","0",",U","20190101",",,U","20190131",",,U","-2.8",",U,01,","19.4",",U,31,","1100.8","U","360.4",",U","6.71",",U","10.02",",,,U","3.40",",,,U"
"USR0000CSUF","2019-02","40.9167","-122.4383","1280.2","SUGARLOAF SHF CALIFORNIA, CA US","0.0","U","0.0",",U","0",",U","22",",U","3",",U","0",",U","0",",U","20190210",",,U","20190222","+,,U","-6.1",",U,10,","11.1",",U,22,+","1573.4","U","472.6",",U","1.45",",U","4.58",",,,U","-1.68",",,,U"
"USR0000CSUF","2019-03","40.9167","-122.4383","1280.2","SUGARLOAF SHF CALIFORNIA, CA US","0.0","U","0.0",",U","0",",U","5",",U","0",",U","1",",U","0",",U","20190313",",,U","20190317",",,U","-1.7",",U,13,","21.1",",U,17,","1932.3","U","358.9",",U","6.75",",U","10.88",",,,U","2.63",",,,U"
"USR0000CSUF","2019-04","40.9167","-122.4383","1280.2","SUGARLOAF SHF CALIFORNIA, CA US","12.2","U","12.2",",U","0",",U","0",",U","0",",U","12",",U","0",",U","20190410",",,U","20190424",",,U","1.7",",U,10,","29.4",",U,24,","2115.5","U","183.2",",U","12.64",",U","17.80",",,,U","7.47",",,,U"
"USR0000CSUF","2019-05","40.9167","-122.4383","1280.2","SUGARLOAF SHF CALIFORNIA, CA US","27.6","U","15.4",",U","0",",U","0",",U","0",",U","17",",U","0",",U","20190519",",,U","20190511","+,,U","1.7",",U,19,","27.8",",U,11,+","2247.6","U","132.1",",U","14.57",",U","20.20",",,,U","8.93",",,,U"
"USR0000CSUF","2019-06","40.9167","-122.4383","1280.2","SUGARLOAF SHF CALIFORNIA, CA US","155.5","U","127.9",",U","0",",U","0",",U","0",",U","29",",U","9",",U","20190608",",,U","20190618","+,,U","6.7",",U,08,","35.0",",U,18,+","2264.3","U","16.7",",U","22.04",",U","29.15",",,,U","14.93",",,,U"
"USR0000CSUF","2019-07","40.9167","-122.4383","1280.2","SUGARLOAF SHF CALIFORNIA, CA US","361.1","U","205.6",",U","0",",U","0",",U","0",",U","31",",U","13",",U","20190703","+,,U","20190728",",,U","13.9",",U,03,+","37.2",",U,28,","0.0","U","0.0",",U","24.97",",U","31.42",",,,U","18.52",",,,U"
"USR0000CSUF","2019-08","40.9167","-122.4383","1280.2","SUGARLOAF SHF CALIFORNIA, CA US","584.5","U","223.4",",U","0",",U","0",",U","0",",U","30",",U","20",",U","20190811",",,U","20190827",",,U","10.6",",U,11,","38.3",",U,27,","3.6","U","3.6",",U","25.42",",U","32.04",",,,U","18.81",",,,U"
"USR0000CSUF","2019-09","40.9167","-122.4383","1280.2","SUGARLOAF SHF CALIFORNIA, CA US","673.4","U","88.9",",U","0",",U","0",",U","0",",U","23",",U","6",",U","20190930","+,,U","20190904",",,U","2.2",",U,30,+","35.0",",U,04,","63.1","U","59.5",",U","19.31",",U","25.62",",,,U","13.00",",,,U"
"USR0000CSUF","2019-10","40.9167","-122.4383","1280.2","SUGARLOAF SHF CALIFORNIA, CA US","678.3","U","4.9",",U","0",",U","0",",U","0",",U","14",",U","0",",U","20191030",",,U","20191007",",,U","1.7",",U,30,","28.3",",U,07,","208.9","U","145.8",",U","13.79",",U","19.95",",,,U","7.63",",,,U"
"USR0000CSUF","2019-11","40.9167","-122.4383","1280.2","SUGARLOAF SHF CALIFORNIA, CA US","681.3","U","3.0",",U","0",",U","5",",U","2",",U","14",",U","0",",U","20191129",",,U","20191108","+,,U","-5.6",",U,29,","25.0",",U,08,+","395.5","U","186.6",",U","12.21",",U","16.85",",,,U","7.58",",,,U"
"USR0000CSUF","2019-12","40.9167","-122.4383","1280.2","SUGARLOAF SHF CALIFORNIA, CA US","681.3","U","0.0","3,U","0","3,U","9","3,U","0","3,U","0","3,U","0","3,U","20191226",",3,U","20191231",",3,U","-1.7","3,U,26,","12.2","3,U,31,","781.1","U","385.6","3,U","4.56","3,U","7.16","3,,,U","1.96","3,,,U"
"USR0000CSUF","2020-02","40.9167","-122.4383","1280.2","SUGARLOAF SHF CALIFORNIA, CA US","","","0.0",",U","0",",U","6",",U","0",",U","1",",U","0",",U","20200204",",,U","20200227",",,U","-3.9",",U,04,","21.7",",U,27,","","","266.3",",U","9.15",",U","14.58",",,,U","3.72",",,,U"
"USR0000CSUF","2020-03","40.9167","-122.4383","1280.2","SUGARLOAF SHF CALIFORNIA, CA US","","","0.0",",U","0",",U","10",",U","0",",U","1",",U","0",",U","20200316",",,U","20200304",",,U","-2.8",",U,16,","23.3",",U,04,","","","346.0",",U","7.17",",U","11.86",",,,U","2.49",",,,U"
"USR0000CSUF","2020-04","40.9167","-122.4383","1280.2","SUGARLOAF SHF CALIFORNIA, CA US","","","3.4",",U","0",",U","5",",U","0",",U","16",",U","0",",U","20200402",",,U","20200428",",,U","-1.7",",U,02,","28.9",",U,28,","","","157.3",",U","13.20",",U","19.28",",,,U","7.13",",,,U"
"USR0000CSUF","2020-05","40.9167","-122.4383","1280.2","SUGARLOAF SHF CALIFORNIA, CA US","","","36.4","4,U","0","2,U","0","2,U","0","2,U","17","2,U","2","2,U","20200503",",2,U","20200529","+,2,U","2.8","2,U,03,","32.2","2,U,29,+","","","121.9","2,U","15.38","4,U","21.45","2,,,U","9.32","2,,,U"
"USR0000CSUF","2020-06","40.9167","-122.4383","1280.2","SUGARLOAF SHF CALIFORNIA, CA US","","","106.1",",U","0",",U","0",",U","0",",U","24",",U","7",",U","20200608",",,U","20200626",",,U","3.9",",U,08,","37.8",",U,26,","","","42.0",",U","20.47",",U","27.22",",,,U","13.72",",,,U"
"USR0000CSUF","2020-07","40.9167","-122.4383","1280.2","SUGARLOAF SHF CALIFORNIA, CA US","","","236.8",",U","0",",U","0",",U","0",",U","31",",U","20",",U","20200707","+,,U","20200716","+,,U","13.3",",U,07,+","37.8",",U,16,+","0.0","U","0.0",",U","25.97",",U","33.27",",,,U","18.67",",,,U"
"USR0000CSUF","2020-08","40.9167","-122.4383","1280.2","SUGARLOAF SHF CALIFORNIA, CA US","","","290.1",",U","0",",U","0",",U","0",",U","31",",U","28",",U","20200807",",,U","20200815","+,,U","14.4",",U,07,","41.7",",U,15,+","0.0","U","0.0",",U","27.69",",U","35.80",",,,U","19.59",",,,U"
"USR0000CSUF","2020-09","40.9167","-122.4383","1280.2","SUGARLOAF SHF CALIFORNIA, CA US","","","219.9",",U","0",",U","0",",U","0",",U","30",",U","19",",U","20200927",",,U","20200907",",,U","12.2",",U,27,","43.9",",U,07,","0.0","U","0.0",",U","25.66",",U","33.88",",,,U","17.44",",,,U"
"USR0000CSUF","2020-10","40.9167","-122.4383","1280.2","SUGARLOAF SHF CALIFORNIA, CA US","","","117.2",",U","0",",U","0",",U","0",",U","27",",U","14",",U","20201026",",,U","20201001",",,U","1.1",",U,26,","38.3",",U,01,","37.4","U","37.4",",U","20.91",",U","29.50",",,,U","12.32",",,,U"
"USR0000CSUF","2020-11","40.9167","-122.4383","1280.2","SUGARLOAF SHF CALIFORNIA, CA US","","","9.4",",U","0",",U","4",",U","0",",U","5",",U","0",",U","20201109",",,U","20201105","+,,U","-2.8",",U,09,","27.2",",U,05,+","323.8","U","286.4",",U","9.10",",U","13.60",",,,U","4.60",",,,U"
"USR0000CSUF","2020-12","40.9167","-122.4383","1280.2","SUGARLOAF SHF CALIFORNIA, CA US","","","0.0",",U","0",",U","10",",U","0",",U","0",",U","0",",U","20201225",",,U","20201203",",,U","-0.6",",U,25,","16.7",",U,03,","702.3","U","378.5",",U","6.12",",U","9.93",",,,U","2.32",",,,U"
"USR0000CSUF","2021-01","40.9167","-122.4383","1280.2","SUGARLOAF SHF CALIFORNIA, CA US","0.0","U","0.0",",U","0",",U","9",",U","0",",U","0",",U","0",",U","20210127",",,U","20210114",",,U","-3.9",",U,27,","17.2",",U,14,","1113.4","U","411.1",",U","5.07",",U","8.06",",,,U","2.09",",,,U"
"USR0000CSUF","2021-02","40.9167","-122.4383","1280.2","SUGARLOAF SHF CALIFORNIA, CA US","0.0","U","0.0",",U","0",",U","7",",U","0",",U","0",",U","0",",U","20210204",",,U","20210206",",,U","-2.2",",U,04,","20.6",",U,06,","1447.3","U","333.9",",U","6.41",",U","11.15",",,,U","1.67",",,,U"
"USR0000CSUF","2021-03","40.9167","-122.4383","1280.2","SUGARLOAF SHF CALIFORNIA, CA US","0.0","U","0.0",",U","0",",U","8",",U","0",",U","2",",U","0",",U","20210316",",,U","20210327",",,U","-3.3",",U,16,","23.9",",U,27,","1782.2","U","334.9",",U","7.53",",U","12.93",",,,U","2.14",",,,U"
"USR0000CSUF","2021-04","40.9167","-122.4383","1280.2","SUGARLOAF SHF CALIFORNIA, CA US","10.1","U","10.1",",U","0",",U","0",",U","0",",U","15",",U","0",",U","20210426",",,U","20210429",",,U","0.6",",U,26,","28.9",",U,29,","1907.7","U","125.5",",U","14.49",",U","20.91",",,,U","8.07",",,,U"
"USR0000CSUF","2021-05","40.9167","-122.4383","1280.2","SUGARLOAF SHF CALIFORNIA, CA US","56.1","U","46.0",",U","0",",U","0",",U","0",",U","26",",U","3",",U","20210520",",,U","20210531",",,U","3.3",",U,20,","36.1",",U,31,","1959.6","U","51.9",",U","18.14",",U","25.43",",,,U","10.86",",,,U"
"USR0000CSUF","2021-06","40.9167","-122.4383","1280.2","SUGARLOAF SHF CALIFORNIA, CA US","259.8","U","203.7",",U","0",",U","0",",U","0",",U","26",",U","18",",U","20210610",",,U","20210627",",,U","6.1",",U,10,","41.1",",U,27,","1979.3","U","19.7",",U","24.47",",U","31.50",",,,U","17.43",",,,U"
"USR0000CSUF","2021-07","40.9167","-122.4383","1280.2","SUGARLOAF SHF CALIFORNIA, CA US","569.1","U","309.3","1,U","0","1,U","0","1,U","0","1,U","30","1,U","28","1,U","20210727",",1,U","20210710",",1,U","11.7","1,U,27,","41.1","1,U,10,","1.6","U","1.6","1,U","28.59","1,U","35.72","1,,,U","21.46","1,,,U"
"USR0000CSUF","2021-08","40.9167","-122.4383","1280.2","SUGARLOAF SHF CALIFORNIA, CA US","816.9","U","247.8",",U","0",",U","0",",U","0",",U","31",",U","17",",U","20210818",",,U","20210815",",,U","12.2",",U,18,","41.1",",U,15,","1.6","U","0.0",",U","26.33",",U","33.17",",,,U","19.48",",,,U"
"USR0000CSUF","2021-09","40.9167","-122.4383","1280.2","SUGARLOAF SHF CALIFORNIA, CA US","965.9","U","149.0",",U","0",",U","0",",U","0",",U","26",",U","8",",U","20210928",",,U","20210907",",,U","5.0",",U,28,","37.8",",U,07,","27.1","U","25.5",",U","22.45",",U","29.43",",,,U","15.46",",,,U"
"USR0000CSUF","2021-10","40.9167","-122.4383","1280.2","SUGARLOAF SHF CALIFORNIA, CA US","990.1","U","24.2",",U","0",",U","0",",U","0",",U","12",",U","0",",U","20211012",",,U","20211003","+,,U","1.1",",U,12,","31.1",",U,03,+","218.2","U","191.1",",U","12.95",",U","17.61",",,,U","8.29",",,,U"
"USR0000CSUF","2021-11","40.9167","-122.4383","1280.2","SUGARLOAF SHF CALIFORNIA, CA US","990.1","U","0.0",",U","0",",U","0",",U","0",",U","1",",U","0",",U","20211124","+,,U","20211112",",,U","1.7",",U,24,+","21.1",",U,12,","459.9","U","241.7",",U","10.28",",U","14.09",",,,U","6.47",",,,U"
"USR0000CSUF","2021-12","40.9167","-122.4383","1280.2","SUGARLOAF SHF CALIFORNIA, CA US","990.1","U","0.0",",U","0",",U","21",",U","3",",U","1",",U","0",",U","20211228",",,U","20211202",",,U","-4.4",",U,28,","21.1",",U,02,","889.5","U","429.6",",U","4.48",",U","7.86",",,,U","1.09",",,,U"
"USR0000CSUF","2022-01","40.9167","-122.4383","1280.2","SUGARLOAF SHF CALIFORNIA, CA US","0.0","U","0.0",",U","0",",U","5",",U","0",",U","0",",U","0",",U","20220101",",,U","20220120","+,,U","-5.0",",U,01,","17.8",",U,20,+","1203.8","U","314.3",",U","8.20",",U","12.37",",,,U","4.02",",,,U"
"USR0000CSUF","2022-02","40.9167","-122.4383","1280.2","SUGARLOAF SHF CALIFORNIA, CA US","0.0","U","0.0",",U","0",",U","9",",U","0",",U","4",",U","0",",U","20220223",",,U","20220212","+,,U","-6.1",",U,23,","22.8",",U,12,+","1452.6","U","248.8",",U","9.45",",U","15.32",",,,U","3.57",",,,U"
"USR0000CSUF","2022-03","40.9167","-122.4383","1280.2","SUGARLOAF SHF CALIFORNIA, CA US","1.4","U","1.4",",U","0",",U","3",",U","0",",U","6",",U","0",",U","20220310",",,U","20220323",",,U","-1.1",",U,10,","25.6",",U,23,","1679.4","U","226.8",",U","11.06",",U","16.80",",,,U","5.32",",,,U"
"USR0000CSUF","2022-04","40.9167","-122.4383","1280.2","SUGARLOAF SHF CALIFORNIA, CA US","3.6","U","2.2",",U","0",",U","5",",U","0",",U","7",",U","0",",U","20220412",",,U","20220407",",,U","-1.1",",U,12,","28.3",",U,07,","1928.8","U","249.4",",U","10.09",",U","15.94",",,,U","4.25",",,,U"
"USR0000CSUF","2022-05","40.9167","-122.4383","1280.2","SUGARLOAF SHF CALIFORNIA, CA US","24.5","U","20.9",",U","0",",U","2",",U","0",",U","17",",U","1",",U","20220510","+,,U","20220525",",,U","-0.6",",U,10,+","32.8",",U,25,","2071.8","U","143.0",",U","14.39",",U","20.97",",,,U","7.82",",,,U"
"USR0000CSUF","2022-06","40.9167","-122.4383","1280.2","SUGARLOAF SHF CALIFORNIA, CA US","138.3","U","113.8",",U","0",",U","0",",U","0",",U","24",",U","9",",U","20220618","+,,U","20220625","+,,U","6.7",",U,18,+","36.1",",U,25,+","2114.6","U","42.8",",U","20.70",",U","27.37",",,,U","14.03",",,,U"
"USR0000CSUF","2022-07","40.9167","-122.4383","1280.2","SUGARLOAF SHF CALIFORNIA, CA US","399.6","U","261.3",",U","0",",U","0",",U","0",",U","30",",U","22",",U","20220704","+,,U","20220728",",,U","11.1",",U,04,+","42.2",",U,28,","5.5","U","5.5",",U","26.58",",U","33.35",",,,U","19.81",",,,U"
"USR0000CSUF","2022-08","40.9167","-122.4383","1280.2","SUGARLOAF SHF CALIFORNIA, CA US","687.8","U","288.2",",U","0",",U","0",",U","0",",U","31",",U","26",",U","20220810",",,U","20220816",",,U","15.0",",U,10,","40.0",",U,16,","5.5","U","0.0",",U","27.63",",U","34.66",",,,U","20.60",",,,U"
"USR0000CSUF","2022-11","40.9167","-122.4383","1280.2","SUGARLOAF SHF CALIFORNIA, CA US","","","0.0",",U","0",",U","11",",U","0",",U","0",",U","0",",U","20221129",",,U","20221124",",,U","-2.2",",U,29,","18.3",",U,24,","","","366.6",",U","6.11",",U","10.06",",,,U","2.17",",,,U"
"USR0000CSUF","2022-12","40.9167","-122.4383","1280.2","SUGARLOAF SHF CALIFORNIA, CA US","","","0.0",",U","0",",U","17",",U","0",",U","0",",U","0",",U","20221202",",,U","20221225",",,U","-5.0",",U,02,","17.8",",U,25,","","","452.6",",U","3.73",",U","6.85",",,,U","0.62",",,,U"
"USR0000CSUF","2023-01","40.9167","-122.4383","1280.2","SUGARLOAF SHF CALIFORNIA, CA US","0.0","U","0.0",",U","0",",U","15",",U","0",",U","0",",U","0",",U","20230130",",,U","20230124",",,U","-5.6",",U,30,","14.4",",U,24,","","","450.0",",U","3.82",",U","7.12",",,,U","0.52",",,,U"
"USR0000CSUF","2023-02","40.9167","-122.4383","1280.2","SUGARLOAF SHF CALIFORNIA, CA US","0.0","U","0.0",",U","0",",U","15",",U","2",",U","0",",U","0",",U","20230223",",,U","20230220",",,U","-6.1",",U,23,","19.4",",U,20,","","","380.0",",U","4.76",",U","9.27",",,,U","0.25",",,,U"
"USR0000CSUF","2023-03","40.9167","-122.4383","1280.2","SUGARLOAF SHF CALIFORNIA, CA US","0.0","U","0.0",",U","0",",U","20",",U","1",",U","0",",U","0",",U","20230301",",,U","20230317",",,U","-6.1",",U,01,","17.8",",U,17,","","","454.1",",U","3.68",",U","7.90",",,,U","-0.53",",,,U"
"USR0000CSUF","2023-04","40.9167","-122.4383","1280.2","SUGARLOAF SHF CALIFORNIA, CA US","15.1","U","15.1","1,U","0","1,U","9","1,U","0",",U","12",",U","0",",U","20230403",",1,U","20230428","+,,U","-2.8","1,U,03,","30.6",",U,28,+","","","229.9",",U","11.03","1,U","17.13",",,,U","4.93","1,,,U"
"USR0000CSUF","2023-05","40.9167","-122.4383","1280.2","SUGARLOAF SHF CALIFORNIA, CA US","61.9","U","46.8","1,U","0",",U","0",",U","0","1,U","21","1,U","0","1,U","20230508",",,U","20230518",",1,U","1.7",",U,08,","30.6","1,U,18,","","","102.3","1,U","16.39","1,U","22.38","1,,,U","10.40",",,,U"
"USR0000CSUF","2023-06","40.9167","-122.4383","1280.2","SUGARLOAF SHF CALIFORNIA, CA US","136.4","U","74.5",",U","0",",U","0",",U","0",",U","28",",U","4",",U","20230620",",,U","20230630",",,U","3.9",",U,20,","36.7",",U,30,","","","21.2",",U","20.11",",U","26.86",",,,U","13.36",",,,U"
"USR0000CSUF","2023-07","40.9167","-122.4383","1280.2","SUGARLOAF SHF CALIFORNIA, CA US","408.3","U","271.9",",U","0",",U","0",",U","0",",U","31",",U","20",",U","20230710",",,U","20230722","+,,U","15.0",",U,10,","39.4",",U,22,+","0.0","U","0.0",",U","27.10",",U","33.83",",,,U","20.37",",,,U"
"USR0000CSUF","2023-08","40.9167","-122.4383","1280.2","SUGARLOAF SHF CALIFORNIA, CA US","622.3","U","214.0",",U","0",",U","0",",U","0",",U","30",",U","16",",U","20230830","+,,U","20230816","+,,U","13.9",",U,30,+","39.4",",U,16,+","1.1","U","1.1",",U","25.20",",U","31.97",",,,U","18.44",",,,U"
"USR0000CSUF","2023-09","40.9167","-122.4383","1280.2","SUGARLOAF SHF CALIFORNIA, CA US","694.5","U","72.2",",U","0",",U","0",",U","0",",U","22",",U","2",",U","20230921",",,U","20230915",",,U","7.8",",U,21,","34.4",",U,15,","45.2","U","44.1",",U","19.27",",U","24.76",",,,U","13.78",",,,U"
"USR0000CSUF","2023-10","40.9167","-122.4383","1280.2","SUGARLOAF SHF CALIFORNIA, CA US","733.9","U","39.4","2,U","0","1,U","1","1,U","0","1,U","17","1,U","3","1,U","20231026",",1,U","20231018",",1,U","0.0","1,U,26,","34.4","1,U,18,","142.2","U","97.0","1,U","16.48","2,U","23.16","1,,,U","9.80","1,,,U"
"USR0000CSUF","2023-11","40.9167","-122.4383","1280.2","SUGARLOAF SHF CALIFORNIA, CA US","733.9","U","0.0",",U","0",",U","3",",U","0",",U","2",",U","0",",U","20231124",",,U","20231103",",,U","-1.1",",U,24,","26.7",",U,03,","388.2","U","246.0",",U","10.13",",U","15.31",",,,U","4.95",",,,U"
"USR0000CSUF","2023-12","40.9167","-122.4383","1280.2","SUGARLOAF SHF CALIFORNIA, CA US","733.9","U","0.0",",U","0",",U","5",",U","0",",U","0",",U","0",",U","20231208",",,U","20231216",",,U","-1.7",",U,08,","19.4",",U,16,","735.4","U","347.2",",U","7.13",",U","10.52",",,,U","3.74",",,,U"
"USR0000CSUF","2024-01","40.9167","-122.4383","1280.2","SUGARLOAF SHF CALIFORNIA, CA US","0.0","","0.0",",U","0",",U","8",",U","0",",U","0",",U","0",",U","20240111",",,U","20240128",",,U","-5.0",",U,11,","20.0",",U,28,","1148.1","","412.7",",U","5.02",",U","7.98",",,,U","2.06",",,,U"
"USR0000CSUF","2024-02","40.9167","-122.4383","1280.2","SUGARLOAF SHF CALIFORNIA, CA US","0.0","","0.0",",U","0",",U","11",",U","0",",U","0",",U","0",",U","20240227","+,,U","20240224",",,U","-1.7",",U,27,+","20.6",",U,24,","1523.6","","375.5",",U","5.38",",U","9.23",",,,U","1.54",",,,U"
"USR0000CSUF","2024-03","40.9167","-122.4383","1280.2","SUGARLOAF SHF CALIFORNIA, CA US","0.0","","0.0","1,U","0","1,U","9","1,U","0","1,U","5","1,U","0","1,U","20240304",",1,U","20240318",",1,U","-4.4","1,U,04,","26.7","1,U,18,","1857.2","","333.6","1,U","7.21","1,U","12.50","1,,,U","1.93","1,,,U"
"USR0000CSUF","2024-04","40.9167","-122.4383","1280.2","SUGARLOAF SHF CALIFORNIA, CA US","0.9","","0.9",",U","0",",U","4",",U","0",",U","11",",U","0",",U","20240404",",,U","20240410",",,U","-1.7",",U,04,","28.9",",U,10,","2054.0","","196.8",",U","11.80",",U","18.13",",,,U","5.48",",,,U"
"USR0000CSUF","2024-05","40.9167","-122.4383","1280.2","SUGARLOAF SHF CALIFORNIA, CA US","47.0","","46.1",",U","0",",U","0",",U","0",",U","23",",U","0",",U","20240505",",,U","20240515",",,U","0.6",",U,05,","31.7",",U,15,","2142.6","","88.6",",U","16.96",",U","23.98",",,,U","9.95",",,,U"
