"STATION","DATE","LATITUDE","LONGITUDE","ELEVATION","NAME","CDSD","CDSD_ATTRIBUTES","CLDD","CLDD_ATTRIBUTES","DT00","DT00_ATTRIBUTES","DT32","DT32_ATTRIBUTES","DX32","DX32_ATTRIBUTES","DX70","DX70_ATTRIBUTES","DX90","DX90_ATTRIBUTES","DYNT","DYNT_ATTRIBUTES","DYXT","DYXT_ATTRIBUTES","EMNT","EMNT_ATTRIBUTES","EMXT","EMXT_ATTRIBUTES","HDSD","HDSD_ATTRIBUTES","HTDD","HTDD_ATTRIBUTES","TAVG","TAVG_ATTRIBUTES","TMAX","TMAX_ATTRIBUTES","TMIN","TMIN_ATTRIBUTES"
"USR0000ASWA","1990-06","60.7278","-150.8722","85.3","SWANSON RIVER ALASKA, AK US","","","1.4",",U","0",",U","0",",U","0",",U","7",",U","0",",U","19900627","+,,U","19900628",",,U","6.1",",U,27,+","27.2",",U,28,","","","144.8",",U","13.55",",U","18.74",",,,U","8.36",",,,U"
"USR0000ASWA","1990-07","60.7278","-150.8722","85.3","SWANSON RIVER ALASKA, AK US","","","0.6",",U","0",",U","0",",U","0",",U","10",",U","0",",U","19900726","+,,U","19900718",",,U","8.3",",U,26,+","27.2",",U,18,","107.8","","107.8",",U","14.87",",U","19.91",",,,U","9.84",",,,U"
"USR0000ASWA","1990-08","60.7278","-150.8722","85.3","SWANSON RIVER ALASKA, AK US","","","3.1",",U","0",",U","0",",U","0",",U","7",",U","0",",U","19900829",",,U","19900813","+,,U","5.6",",U,29,","26.7",",U,13,+","221.2","","113.4",",U","14.77",",U","19.52",",,,U","10.03",",,,U"
"USR0000ASWA","1990-09","60.7278","-150.8722","85.3","SWANSON RIVER ALASKA, AK US","","","0.0",",U","0",",U","0",",U","0",",U","0",",U","0",",U","19900923",",,U","19900901",",,U","2.2",",U,23,","18.9",",U,01,","474.7","","253.5",",U","9.88",",U","13.46",",,,U","6.31",",,,U"
"USR0000ASWA","1990-10","60.7278","-150.8722","85.3","SWANSON RIVER ALASKA, AK US","","","0.0",",U","0",",U","23",",U","1",",U","0",",U","0",",U","19901018",",,U","19901009",",,U","-9.4",",U,18,","12.2",",U,09,","978.5","","503.8",",U","2.08",",U","5.75",",,,U","-1.58",",,,U"
"USR0000ASWA","1991-05","60.7278","-150.8722","85.3","SWANSON RIVER ALASKA, AK US","","","0.0","1,U","0",",U","1",",U","0","1,U","3","1,U","0","1,U","19910513",",,U","19910523",",1,U","0.0",",U,13,","23.9","1,U,23,","","","277.7","1,U","9.09","1,U","14.33","1,,,U","3.85",",,,U"
"USR0000ASWA","1991-06","60.7278","-150.8722","85.3","SWANSON RIVER ALASKA, AK US","","","0.0",",U","0",",U","0",",U","0",",U","10",",U","0",",U","19910608",",,U","19910620",",,U","3.3",",U,08,","26.7",",U,20,","","","152.6",",U","13.25",",U","19.19",",,,U","7.31",",,,U"
"USR0000ASWA","1991-07","60.7278","-150.8722","85.3","SWANSON RIVER ALASKA, AK US","","","0.0",",U","0",",U","0",",U","0",",U","11",",U","0",",U","19910721","+,,U","19910726","+,,U","6.7",",U,21,+","25.0",",U,26,+","122.5","U","122.5",",U","14.38",",U","19.50",",,,U","9.27",",,,U"
"USR0000ASWA","1991-08","60.7278","-150.8722","85.3","SWANSON RIVER ALASKA, AK US","","","0.0",",U","0",",U","0",",U","0",",U","8",",U","0",",U","19910803",",,U","19910820",",,U","2.8",",U,03,","22.8",",U,20,","272.3","U","149.8",",U","13.50",",U","18.77",",,,U","8.23",",,,U"
"USR0000ASWA","1991-09","60.7278","-150.8722","85.3","SWANSON RIVER ALASKA, AK US","","","0.0",",U","0",",U","0",",U","0",",U","1",",U","0",",U","19910919",",,U","19910902",",,U","2.8",",U,19,","22.2",",U,02,","490.0","U","217.7",",U","11.08",",U","15.08",",,,U","7.07",",,,U"
"USR0000ASWA","1991-11","60.7278","-150.8722","85.3","SWANSON RIVER ALASKA, AK US","","","0.0","2,U","0","2,U","25","2,U","16","2,U","0","2,U","0","2,U","19911126",",2,U","19911105",",2,U","-15.0","2,U,26,","6.1","2,U,05,","","","583.4","2,U","-2.50","2,U","0.00","2,,,U","-5.00","2,,,U"
"USR0000ASWA","1991-12","60.7278","-150.8722","85.3","SWANSON RIVER ALASKA, AK US","","","0.0","2,U","0","1,U","30","1,U","27","1,U","0","1,U","0","1,U","19911220",",1,U","19911215","+,1,U","-15.6","1,U,20,","2.2","1,U,15,+","","","694.8","1,U","-5.62","2,U","-3.49","1,,,U","-7.76","1,,,U"
"USR0000ASWA","1992-06","60.7278","-150.8722","85.3","SWANSON RIVER ALASKA, AK US","","","0.0",",U","0",",U","0",",U","0",",U","11",",U","0",",U","19920606",",,U","19920609",",,U","4.4",",U,06,","26.7",",U,09,","","","155.5",",U","13.15",",U","18.93",",,,U","7.36",",,,U"
"USR0000ASWA","1992-07","60.7278","-150.8722","85.3","SWANSON RIVER ALASKA, AK US","","","0.0",",U","0",",U","0",",U","0",",U","7",",U","0",",U","19920726","+,,U","19920701",",,U","8.3",",U,26,+","27.2",",U,01,","101.9","U","101.9",",U","15.05",",U","19.95",",,,U","10.15",",,,U"
"USR0000ASWA","1992-08","60.7278","-150.8722","85.3","SWANSON RIVER ALASKA, AK US","","","0.0",",U","0",",U","0",",U","0",",U","2",",U","0",",U","19920814",",,U","19920808",",,U","6.1",",U,14,","25.0",",U,08,","253.8","U","151.9",",U","13.43",",U","17.70",",,,U","9.17",",,,U"
"USR0000ASWA","1992-09","60.7278","-150.8722","85.3","SWANSON RIVER ALASKA, AK US","","","0.0",",U","0",",U","12",",U","0",",U","0",",U","0",",U","19920923",",,U","19920908","+,,U","-6.7",",U,23,","18.9",",U,08,+","637.5","U","383.7",",U","5.54",",U","9.91",",,,U","1.17",",,,U"
"USR0000ASWA","1992-10","60.7278","-150.8722","85.3","SWANSON RIVER ALASKA, AK US","","","0.0",",U","0",",U","26",",U","0",",U","0",",U","0",",U","19921031",",,U","19921006",",,U","-11.1",",U,31,","11.1",",U,06,","1175.2","U","537.7",",U","0.99",",U","4.90",",,,U","-2.92",",,,U"
"USR0000ASWA","1992-11","60.7278","-150.8722","85.3","SWANSON RIVER ALASKA, AK US","","","0.0",",U","0",",U","25",",U","14",",U","0",",U","0",",U","19921121","+,,U","19921123",",,U","-13.9",",U,21,+","8.3",",U,23,","1786.1","U","610.9",",U","-2.03",",U","0.52",",,,U","-4.58",",,,U"
"USR0000ASWA","1992-12","60.7278","-150.8722","85.3","SWANSON RIVER ALASKA, AK US","","","0.0",",U","5",",U","31",",U","27",",U","0",",U","0",",U","19921216",",,U","19921201",",,U","-21.7",",U,16,","6.1",",U,01,","2629.2","U","843.1",",U","-8.86",",U","-6.27",",,,U","-11.45",",,,U"
"USR0000ASWA","1993-01","60.7278","-150.8722","85.3","SWANSON RIVER ALASKA, AK US","","","","","7","4,U","26","4,U","20","4,U","0","4,U","0","4,U","19930124","+,4,U","19930114","+,4,U","-23.9","4,U,24,+","3.9","4,U,14,+","","","","","-7.85","6,U","-4.71","4,,,U","-10.99","4,,,U"
"USR0000ASWA","1993-02","60.7278","-150.8722","85.3","SWANSON RIVER ALASKA, AK US","","","0.0",",U","3",",U","22",",U","9",",U","0",",U","0",",U","19930202",",,U","19930211",",,U","-27.2",",U,02,","8.3",",U,11,","","","606.3",",U","-3.32",",U","-0.01",",,,U","-6.63",",,,U"
"USR0000ASWA","1993-04","60.7278","-150.8722","85.3","SWANSON RIVER ALASKA, AK US","","","0.0","3,U","0","3,U","10","3,U","0","2,U","0","2,U","0","2,U","19930411",",3,U","19930424",",2,U","-3.9","3,U,11,","17.2","2,U,24,","","","326.0","2,U","6.20","3,U","11.17","2,,,U","1.23","3,,,U"
"USR0000ASWA","1993-05","60.7278","-150.8722","85.3","SWANSON RIVER ALASKA, AK US","","","0.3",",U","0",",U","0",",U","0",",U","6",",U","0",",U","19930509",",,U","19930530",",,U","0.6",",U,09,","27.8",",U,30,","","","230.7",",U","10.90",",U","16.49",",,,U","5.31",",,,U"
"USR0000ASWA","1993-06","60.7278","-150.8722","85.3","SWANSON RIVER ALASKA, AK US","","","0.0","1,U","0","1,U","0","1,U","0",",U","7",",U","0",",U","19930610","+,1,U","19930619",",,U","4.4","1,U,10,+","25.0",",U,19,","","","148.1",",U","13.26","1,U","19.33",",,,U","7.18","1,,,U"
"USR0000ASWA","1993-07","60.7278","-150.8722","85.3","SWANSON RIVER ALASKA, AK US","","","10.3",",U","0",",U","0",",U","0",",U","17",",U","0",",U","19930708","+,,U","19930712",",,U","6.7",",U,08,+","30.0",",U,12,","76.6","U","76.6",",U","16.19",",U","21.63",",,,U","10.75",",,,U"
"USR0000ASWA","1993-08","60.7278","-150.8722","85.3","SWANSON RIVER ALASKA, AK US","","","3.9",",U","0",",U","0",",U","0",",U","9",",U","0",",U","19930823",",,U","19930809",",,U","3.9",",U,23,","28.3",",U,09,","188.7","U","112.1",",U","14.84",",U","19.52",",,,U","10.16",",,,U"
"USR0000ASWA","1993-09","60.7278","-150.8722","85.3","SWANSON RIVER ALASKA, AK US","","","0.0",",U","0",",U","3",",U","0",",U","0",",U","0",",U","19930923",",,U","19930906",",,U","-2.2",",U,23,","19.4",",U,06,","459.7","U","271.0",",U","9.30",",U","13.29",",,,U","5.31",",,,U"
"USR0000ASWA","1993-10","60.7278","-150.8722","85.3","SWANSON RIVER ALASKA, AK US","","","0.0",",U","0",",U","12",",U","0",",U","0",",U","0",",U","19931024","+,,U","19931009",",,U","-6.7",",U,24,+","16.7",",U,09,","890.0","U","430.3",",U","4.45",",U","7.65",",,,U","1.26",",,,U"
"USR0000ASWA","1993-11","60.7278","-150.8722","85.3","SWANSON RIVER ALASKA, AK US","","","0.0",",U","1",",U","23",",U","15",",U","0",",U","0",",U","19931120",",,U","19931112",",,U","-21.1",",U,20,","7.8",",U,12,","1521.4","U","631.4",",U","-2.72",",U","0.15",",,,U","-5.58",",,,U"
"USR0000ASWA","1993-12","60.7278","-150.8722","85.3","SWANSON RIVER ALASKA, AK US","","","0.0","1,U","0","1,U","29","1,U","19","1,U","0","1,U","0","1,U","19931204",",1,U","19931218",",1,U","-12.8","1,U,04,","5.6","1,U,18,","2169.4","U","648.0","1,U","-3.27","1,U","-0.73","1,,,U","-5.80","1,,,U"
"USR0000ASWA","1994-01","60.7278","-150.8722","85.3","SWANSON RIVER ALASKA, AK US","0.0","U","0.0","3,U","3","2,U","25","2,U","23","2,U","0","2,U","0","2,U","19940109",",2,U","19940131","+,2,U","-22.8","2,U,09,","7.8","2,U,31,+","2783.5","U","614.1","2,U","-3.97","3,U","-2.09","2,,,U","-5.84","2,,,U"
"USR0000ASWA","1994-02","60.7278","-150.8722","85.3","SWANSON RIVER ALASKA, AK US","0.0","U","0.0",",U","3",",U","25",",U","22",",U","0",",U","0",",U","19940222",",,U","19940201",",,U","-20.0",",U,22,","7.8",",U,01,","3482.1","U","698.6",",U","-6.62",",U","-2.99",",,,U","-10.24",",,,U"
"USR0000ASWA","1994-03","60.7278","-150.8722","85.3","SWANSON RIVER ALASKA, AK US","0.0","U","0.0","2,U","3","1,U","22","1,U","13","1,U","0","1,U","0","1,U","19940305",",1,U","19940331","+,1,U","-22.2","1,U,05,","10.6","1,U,31,+","4088.5","U","606.4","1,U","-2.62","2,U","1.54","1,,,U","-6.77","1,,,U"
"USR0000ASWA","1994-04","60.7278","-150.8722","85.3","SWANSON RIVER ALASKA, AK US","0.0","U","0.0",",U","0",",U","14",",U","3",",U","0",",U","0",",U","19940416",",,U","19940424",",,U","-13.3",",U,16,","17.2",",U,24,","4500.5","U","412.0",",U","4.60",",U","9.47",",,,U","-0.27",",,,U"
"USR0000ASWA","1994-05","60.7278","-150.8722","85.3","SWANSON RIVER ALASKA, AK US","0.0","U","0.0",",U","0",",U","1",",U","0",",U","1",",U","0",",U","19940504",",,U","19940529",",,U","0.0",",U,04,","23.3",",U,29,","4786.0","U","285.5",",U","9.12",",U","14.50",",,,U","3.74",",,,U"
"USR0000ASWA","1994-06","60.7278","-150.8722","85.3","SWANSON RIVER ALASKA, AK US","1.4","U","1.4",",U","0",",U","0",",U","0",",U","11",",U","0",",U","19940601",",,U","19940614",",,U","3.3",",U,01,","29.4",",U,14,","4932.2","U","146.2",",U","13.51",",U","19.53",",,,U","7.48",",,,U"
"USR0000ASWA","1994-07","60.7278","-150.8722","85.3","SWANSON RIVER ALASKA, AK US","1.4","U","0.0",",U","0",",U","0",",U","0",",U","11",",U","0",",U","19940707",",,U","19940729","+,,U","7.8",",U,07,","25.0",",U,29,+","108.4","U","108.4",",U","14.84",",U","19.82",",,,U","9.85",",,,U"
"USR0000ASWA","1994-08","60.7278","-150.8722","85.3","SWANSON RIVER ALASKA, AK US","2.6","U","1.2",",U","0",",U","0",",U","0",",U","16",",U","0",",U","19940828",",,U","19940814",",,U","2.2",",U,28,","27.8",",U,14,","211.5","U","103.1",",U","15.04",",U","20.63",",,,U","9.45",",,,U"
"USR0000ASWA","1994-09","60.7278","-150.8722","85.3","SWANSON RIVER ALASKA, AK US","2.6","U","0.0",",U","0",",U","2",",U","0",",U","0",",U","0",",U","19940930",",,U","19940905",",,U","-1.1",",U,30,","20.6",",U,05,","465.1","U","253.6",",U","9.88",",U","14.87",",,,U","4.89",",,,U"
"USR0000ASWA","1994-10","60.7278","-150.8722","85.3","SWANSON RIVER ALASKA, AK US","2.6","U","0.0",",U","0",",U","20",",U","2",",U","0",",U","0",",U","19941031","+,,U","19941004",",,U","-10.6",",U,31,+","13.9",",U,04,","976.9","U","511.8",",U","1.82",",U","5.14",",,,U","-1.49",",,,U"
"USR0000ASWA","1994-11","60.7278","-150.8722","85.3","SWANSON RIVER ALASKA, AK US","2.6","U","0.0",",U","5",",U","30",",U","26",",U","0",",U","0",",U","19941125",",,U","19941102",",,U","-23.9",",U,25,","3.9",",U,02,","1777.0","U","800.1",",U","-8.34",",U","-5.50",",,,U","-11.18",",,,U"
"USR0000ASWA","1994-12","60.7278","-150.8722","85.3","SWANSON RIVER ALASKA, AK US","2.6","U","0.0",",U","5",",U","31",",U","24",",U","0",",U","0",",U","19941207",",,U","19941203",",,U","-22.8",",U,07,","3.3",",U,03,","2589.3","U","812.3",",U","-7.87",",U","-4.89",",,,U","-10.85",",,,U"
"USR0000ASWA","1995-01","60.7278","-150.8722","85.3","SWANSON RIVER ALASKA, AK US","0.0","U","0.0","5,U","8","4,U","25","4,U","18","4,U","0","4,U","0","4,U","19950113",",4,U","19950104",",4,U","-23.9","4,U,13,","6.7","4,U,04,","3242.1","U","652.8","4,U","-7.06","5,U","-3.80","4,,,U","-10.32","4,,,U"
"USR0000ASWA","1995-02","60.7278","-150.8722","85.3","SWANSON RIVER ALASKA, AK US","0.0","U","0.0",",U","3",",U","26",",U","15",",U","0",",U","0",",U","19950224",",,U","19950205",",,U","-18.9",",U,24,","7.8",",U,05,","3885.3","U","643.2",",U","-4.64",",U","-0.84",",,,U","-8.44",",,,U"
"USR0000ASWA","1995-03","60.7278","-150.8722","85.3","SWANSON RIVER ALASKA, AK US","0.0","U","0.0",",U","5",",U","27",",U","15",",U","0",",U","0",",U","19950315",",,U","19950331",",,U","-23.3",",U,15,","10.6",",U,31,","4618.1","U","732.8",",U","-5.30",",U","0.47",",,,U","-11.08",",,,U"
"USR0000ASWA","1995-04","60.7278","-150.8722","85.3","SWANSON RIVER ALASKA, AK US","0.0","U","0.0",",U","0",",U","11",",U","0",",U","0",",U","0",",U","19950407",",,U","19950430",",,U","-1.7",",U,07,","20.0",",U,30,","4997.9","U","379.8",",U","5.67",",U","10.11",",,,U","1.23",",,,U"
"USR0000ASWA","1995-05","60.7278","-150.8722","85.3","SWANSON RIVER ALASKA, AK US","0.0","U","0.0","1,U","0",",U","0",",U","0","1,U","0","1,U","0","1,U","19950517","+,,U","19950509","+,1,U","1.1",",U,17,+","20.0","1,U,09,+","5262.3","U","264.4","1,U","9.49","1,U","14.32","1,,,U","4.66",",,,U"
"USR0000ASWA","1995-06","60.7278","-150.8722","85.3","SWANSON RIVER ALASKA, AK US","3.3","U","3.3",",U","0",",U","0",",U","0",",U","8",",U","0",",U","19950603",",,U","19950611","+,,U","2.2",",U,03,","27.8",",U,11,+","5431.1","U","168.8",",U","12.82",",U","18.31",",,,U","7.33",",,,U"
"USR0000ASWA","1995-07","60.7278","-150.8722","85.3","SWANSON RIVER ALASKA, AK US","3.3","U","0.0",",U","0",",U","0",",U","0",",U","15",",U","0",",U","19950718",",,U","19950705",",,U","7.8",",U,18,","25.0",",U,05,","106.4","U","106.4",",U","14.90",",U","19.74",",,,U","10.06",",,,U"
"USR0000ASWA","1995-08","60.7278","-150.8722","85.3","SWANSON RIVER ALASKA, AK US","3.3","U","0.0",",U","0",",U","0",",U","0",",U","13",",U","0",",U","19950819",",,U","19950821","+,,U","6.7",",U,19,","24.4",",U,21,+","224.2","U","117.8",",U","14.53",",U","19.76",",,,U","9.30",",,,U"
"USR0000ASWA","1995-09","60.7278","-150.8722","85.3","SWANSON RIVER ALASKA, AK US","3.3","U","0.0",",U","0",",U","0",",U","0",",U","0",",U","0",",U","19950930",",,U","19950902",",,U","2.8",",U,30,","19.4",",U,02,","409.8","U","185.6",",U","12.15",",U","15.59",",,,U","8.71",",,,U"
"USR0000ASWA","1995-10","60.7278","-150.8722","85.3","SWANSON RIVER ALASKA, AK US","3.3","U","0.0",",U","0",",U","14",",U","0",",U","0",",U","0",",U","19951028",",,U","19951002",",,U","-4.4",",U,28,","18.3",",U,02,","835.8","U","426.0",",U","4.59",",U","7.88",",,,U","1.30",",,,U"
"USR0000ASWA","1995-11","60.7278","-150.8722","85.3","SWANSON RIVER ALASKA, AK US","3.3","U","0.0",",U","0",",U","29",",U","16",",U","0",",U","0",",U","19951128",",,U","19951101",",,U","-16.7",",U,28,","6.1",",U,01,","1521.1","U","685.3",",U","-4.51",",U","-1.16",",,,U","-7.86",",,,U"
"USR0000ASWA","1995-12","60.7278","-150.8722","85.3","SWANSON RIVER ALASKA, AK US","3.3","U","0.0","3,U","5","2,U","28","2,U","18","2,U","0","2,U","0","2,U","19951205",",2,U","19951226","+,2,U","-22.2","2,U,05,","5.0","2,U,26,+","2196.8","U","675.7","2,U","-5.62","3,U","-3.38","2,,,U","-7.86","2,,,U"
"USR0000ASWA","1996-05","60.7278","-150.8722","85.3","SWANSON RIVER ALASKA, AK US","","","0.0",",U","0",",U","2",",U","0",",U","6",",U","0",",U","19960503","+,,U","19960513",",,U","0.0",",U,03,+","25.0",",U,13,","","","244.2",",U","10.45",",U","17.58",",,,U","3.33",",,,U"
"USR0000ASWA","1996-06","60.7278","-150.8722","85.3","SWANSON RIVER ALASKA, AK US","","","0.0",",U","0",",U","0",",U","0",",U","11",",U","0",",U","19960611",",,U","19960601",",,U","2.2",",U,11,","26.1",",U,01,","","","162.1",",U","12.93",",U","18.77",",,,U","7.09",",,,U"
"USR0000ASWA","1996-07","60.7278","-150.8722","85.3","SWANSON RIVER ALASKA, AK US","","","0.0",",U","0",",U","0",",U","0",",U","17",",U","0",",U","19960715",",,U","19960703",",,U","5.6",",U,15,","27.2",",U,03,","99.8","","99.8",",U","15.11",",U","20.88",",,,U","9.35",",,,U"
"USR0000ASWA","1996-08","60.7278","-150.8722","85.3","SWANSON RIVER ALASKA, AK US","","","","","0","3,U","0","3,U","","","","","","","19960828",",3,U","","","5.6","3,U,28,","","","","","","","","","","","8.63","3,,,U"
"USR0000ASWA","1997-05","60.7278","-150.8722","85.3","SWANSON RIVER ALASKA, AK US","","","0.0",",U","0",",U","1",",U","0",",U","5",",U","0",",U","19970501",",,U","19970528",",,U","0.0",",U,01,","24.4",",U,28,","","","258.2",",U","10.00",",U","16.40",",,,U","3.61",",,,U"
"USR0000ASWA","1997-06","60.7278","-150.8722","85.3","SWANSON RIVER ALASKA, AK US","","","6.1",",U","0",",U","0",",U","0",",U","14",",U","0",",U","19970617",",,U","19970628","+,,U","2.8",",U,17,","30.0",",U,28,+","","","133.2",",U","14.10",",U","20.50",",,,U","7.69",",,,U"
"USR0000ASWA","1997-07","60.7278","-150.8722","85.3","SWANSON RIVER ALASKA, AK US","","","5.2",",U","0",",U","0",",U","0",",U","19",",U","0",",U","19970701",",,U","19970728","+,,U","8.3",",U,01,","27.2",",U,28,+","65.7","U","65.7",",U","16.38",",U","21.72",",,,U","11.04",",,,U"
"USR0000ASWA","1997-08","60.7278","-150.8722","85.3","SWANSON RIVER ALASKA, AK US","","","0.8",",U","0",",U","0",",U","0",",U","18",",U","0",",U","19970828",",,U","19970804",",,U","6.1",",U,28,","26.1",",U,04,","156.8","U","91.1",",U","15.42",",U","20.66",",,,U","10.18",",,,U"
"USR0000ASWA","1997-09","60.7278","-150.8722","85.3","SWANSON RIVER ALASKA, AK US","","","0.0",",U","0",",U","0",",U","0",",U","3",",U","0",",U","19970928",",,U","19970912","+,,U","1.7",",U,28,","21.7",",U,12,+","359.7","U","202.9",",U","11.57",",U","16.61",",,,U","6.53",",,,U"
"USR0000ASWA","1997-10","60.7278","-150.8722","85.3","SWANSON RIVER ALASKA, AK US","","","0.0",",U","0",",U","28",",U","8",",U","0",",U","0",",U","19971027",",,U","19971001",",,U","-12.8",",U,27,","14.4",",U,01,","921.3","U","561.6",",U","0.22",",U","4.66",",,,U","-4.23",",,,U"
"USR0000ASWA","1997-11","60.7278","-150.8722","85.3","SWANSON RIVER ALASKA, AK US","","","0.0",",U","0",",U","25",",U","11",",U","0",",U","0",",U","19971125",",,U","19971112",",,U","-15.0",",U,25,","9.4",",U,12,","1506.0","U","584.7",",U","-1.16",",U","1.33",",,,U","-3.65",",,,U"
"USR0000ASWA","1998-05","60.7278","-150.8722","85.3","SWANSON RIVER ALASKA, AK US","","","0.0",",U","0",",U","3",",U","0",",U","0",",U","0",",U","19980512","+,,U","19980529",",,U","0.0",",U,12,+","20.6",",U,29,","","","329.3",",U","7.71",",U","12.55",",,,U","2.87",",,,U"
"USR0000ASWA","1998-06","60.7278","-150.8722","85.3","SWANSON RIVER ALASKA, AK US","","","0.0",",U","0",",U","0",",U","0",",U","9",",U","0",",U","19980603",",,U","19980630",",,U","3.9",",U,03,","24.4",",U,30,","","","176.2",",U","12.46",",U","17.89",",,,U","7.03",",,,U"
"USR0000ASWA","1998-07","60.7278","-150.8722","85.3","SWANSON RIVER ALASKA, AK US","","","0.0",",U","0",",U","0",",U","0",",U","9",",U","0",",U","19980728","+,,U","19980731",",,U","7.2",",U,28,+","26.7",",U,31,","121.8","U","121.8",",U","14.40",",U","19.23",",,,U","9.58",",,,U"
"USR0000ASWA","1998-08","60.7278","-150.8722","85.3","SWANSON RIVER ALASKA, AK US","","","0.0",",U","0",",U","0",",U","0",",U","5",",U","0",",U","19980828",",,U","19980801",",,U","1.1",",U,28,","22.2",",U,01,","306.5","U","184.7",",U","12.38",",U","17.03",",,,U","7.72",",,,U"
"USR0000ASWA","1998-09","60.7278","-150.8722","85.3","SWANSON RIVER ALASKA, AK US","","","0.0",",U","0",",U","1",",U","0",",U","0",",U","0",",U","19980928",",,U","19980902",",,U","0.0",",U,28,","18.3",",U,02,","560.2","U","253.7",",U","9.88",",U","14.29",",,,U","5.46",",,,U"
"USR0000ASWA","1998-10","60.7278","-150.8722","85.3","SWANSON RIVER ALASKA, AK US","","","0.0",",U","0",",U","22",",U","0",",U","0",",U","0",",U","19981028",",,U","19981005",",,U","-7.8",",U,28,","13.3",",U,05,","1017.5","U","457.3",",U","3.58",",U","7.60",",,,U","-0.44",",,,U"
"USR0000ASWA","1998-11","60.7278","-150.8722","85.3","SWANSON RIVER ALASKA, AK US","","","0.0",",U","0",",U","27",",U","19",",U","0",",U","0",",U","19981127","+,,U","19981104",",,U","-16.7",",U,27,+","7.8",",U,04,","1664.3","U","646.8",",U","-3.23",",U","-0.25",",,,U","-6.21",",,,U"
"USR0000ASWA","1999-05","60.7278","-150.8722","85.3","SWANSON RIVER ALASKA, AK US","","","0.0",",U","0",",U","10",",U","0",",U","4",",U","0",",U","19990502",",,U","19990515",",,U","-3.9",",U,02,","23.3",",U,15,","","","318.9",",U","8.05",",U","14.11",",,,U","1.98",",,,U"
"USR0000ASWA","1999-06","60.7278","-150.8722","85.3","SWANSON RIVER ALASKA, AK US","","","0.0",",U","0",",U","0",",U","0",",U","12",",U","0",",U","19990603",",,U","19990612",",,U","2.2",",U,03,","25.6",",U,12,","","","152.6",",U","13.25",",U","19.22",",,,U","7.27",",,,U"
"USR0000ASWA","1999-07","60.7278","-150.8722","85.3","SWANSON RIVER ALASKA, AK US","","","6.1",",U","0",",U","0",",U","0",",U","12",",U","0",",U","19990728",",,U","19990704",",,U","6.7",",U,28,","31.1",",U,04,","106.0","U","106.0",",U","15.11",",U","20.28",",,,U","9.95",",,,U"
"USR0000ASWA","1999-08","60.7278","-150.8722","85.3","SWANSON RIVER ALASKA, AK US","","","1.7",",U","0",",U","0",",U","0",",U","7",",U","0",",U","19990824",",,U","19990803",",,U","6.1",",U,24,","26.7",",U,03,","233.8","U","127.8",",U","14.26",",U","18.29",",,,U","10.24",",,,U"
"USR0000ASWA","1999-10","60.7278","-150.8722","85.3","SWANSON RIVER ALASKA, AK US","","","0.0",",U","0",",U","17",",U","5",",U","0",",U","0",",U","19991030",",,U","19991005",",,U","-8.3",",U,30,","13.3",",U,05,","","","498.1",",U","2.26",",U","5.20",",,,U","-0.67",",,,U"
"USR0000ASWA","1999-11","60.7278","-150.8722","85.3","SWANSON RIVER ALASKA, AK US","","","0.0",",U","0",",U","29",",U","20",",U","0",",U","0",",U","19991130","+,,U","19991113",",,U","-15.6",",U,30,+","4.4",",U,13,","","","693.8",",U","-4.80",",U","-1.82",",,,U","-7.77",",,,U"
"USR0000ASWA","1999-12","60.7278","-150.8722","85.3","SWANSON RIVER ALASKA, AK US","","","0.0","4,U","6","2,U","29","2,U","24","2,U","0","2,U","0","2,U","19991230",",2,U","19991222",",2,U","-21.1","2,U,30,","6.7","2,U,22,","","","752.8","2,U","-9.26","4,U","-5.90","2,,,U","-12.62","2,,,U"
"USR0000ASWA","2000-04","60.7278","-150.8722","85.3","SWANSON RIVER ALASKA, AK US","","","0.0",",U","0",",U","21",",U","0",",U","0",",U","0",",U","20000401",",,U","20000428","+,,U","-8.3",",U,01,","15.6",",U,28,+","","","408.6",",U","4.71",",U","10.10",",,,U","-0.67",",,,U"
"USR0000ASWA","2000-05","60.7278","-150.8722","85.3","SWANSON RIVER ALASKA, AK US","","","0.0",",U","0",",U","3",",U","0",",U","0",",U","0",",U","20000503",",,U","20000529",",,U","-1.1",",U,03,","19.4",",U,29,","","","307.2",",U","8.42",",U","14.46",",,,U","2.38",",,,U"
"USR0000ASWA","2000-06","60.7278","-150.8722","85.3","SWANSON RIVER ALASKA, AK US","","","0.0",",U","0",",U","0",",U","0",",U","8",",U","0",",U","20000603",",,U","20000624","+,,U","2.8",",U,03,","24.4",",U,24,+","","","152.2",",U","13.26",",U","19.37",",,,U","7.15",",,,U"
"USR0000ASWA","2000-07","60.7278","-150.8722","85.3","SWANSON RIVER ALASKA, AK US","","","0.9",",U","0",",U","0",",U","0",",U","10",",U","0",",U","20000728",",,U","20000712",",,U","6.7",",U,28,","26.7",",U,12,","135.7","U","135.7",",U","13.98",",U","18.69",",,,U","9.28",",,,U"
"USR0000ASWA","2000-08","60.7278","-150.8722","85.3","SWANSON RIVER ALASKA, AK US","","","0.0",",U","0",",U","0",",U","0",",U","12",",U","0",",U","20000826",",,U","20000812",",,U","3.3",",U,26,","26.1",",U,12,","281.0","U","145.3",",U","13.65",",U","19.55",",,,U","7.74",",,,U"
"USR0000ASWA","2000-09","60.7278","-150.8722","85.3","SWANSON RIVER ALASKA, AK US","","","0.0","1,U","0","1,U","3","1,U","0","1,U","0","1,U","0","1,U","20000929",",1,U","20000902",",1,U","-1.7","1,U,29,","19.4","1,U,02,","543.4","U","262.4","1,U","9.29","1,U","13.81","1,,,U","4.76","1,,,U"
"USR0000ASWA","2000-10","60.7278","-150.8722","85.3","SWANSON RIVER ALASKA, AK US","","","0.0","1,U","0","1,U","17","1,U","1","1,U","0","1,U","0","1,U","20001029",",1,U","20001007",",1,U","-7.2","1,U,29,","11.7","1,U,07,","1012.2","U","468.8","1,U","2.71","1,U","5.82","1,,,U","-0.41","1,,,U"
"USR0000ASWA","2000-11","60.7278","-150.8722","85.3","SWANSON RIVER ALASKA, AK US","","","0.0",",U","0",",U","25",",U","8",",U","0",",U","0",",U","20001126",",,U","20001109",",,U","-9.4",",U,26,","6.7",",U,09,","1572.5","U","560.3",",U","-0.35",",U","2.17",",,,U","-2.86",",,,U"
"USR0000ASWA","2000-12","60.7278","-150.8722","85.3","SWANSON RIVER ALASKA, AK US","","","0.0",",U","0",",U","29",",U","14",",U","0",",U","0",",U","20001202",",,U","20001220",",,U","-15.0",",U,02,","6.1",",U,20,","2206.0","U","633.5",",U","-2.10",",U","0.25",",,,U","-4.45",",,,U"
"USR0000ASWA","2001-01","60.7278","-150.8722","85.3","SWANSON RIVER ALASKA, AK US","0.0","U","0.0",",U","0",",U","27",",U","14",",U","0",",U","0",",U","20010110",",,U","20010118","+,,U","-12.8",",U,10,","5.6",",U,18,+","2830.8","U","624.8",",U","-1.82",",U","0.34",",,,U","-3.98",",,,U"
"USR0000ASWA","2001-02","60.7278","-150.8722","85.3","SWANSON RIVER ALASKA, AK US","0.0","U","0.0",",U","0",",U","26",",U","9",",U","0",",U","0",",U","20010224",",,U","20010227","+,,U","-16.1",",U,24,","6.7",",U,27,+","3428.4","U","597.6",",U","-3.01",",U","1.12",",,,U","-7.14",",,,U"
"USR0000ASWA","2001-03","60.7278","-150.8722","85.3","SWANSON RIVER ALASKA, AK US","0.0","U","0.0",",U","0",",U","29",",U","5",",U","0",",U","0",",U","20010322","+,,U","20010326",",,U","-10.6",",U,22,+","10.0",",U,26,","4002.1","U","573.7",",U","-0.17",",U","3.46",",,,U","-3.81",",,,U"
"USR0000ASWA","2001-04","60.7278","-150.8722","85.3","SWANSON RIVER ALASKA, AK US","0.0","U","0.0",",U","0",",U","19",",U","0",",U","0",",U","0",",U","20010401",",,U","20010429",",,U","-9.4",",U,01,","13.9",",U,29,","4430.7","U","428.6",",U","4.05",",U","8.95",",,,U","-0.86",",,,U"
"USR0000ASWA","2001-05","60.7278","-150.8722","85.3","SWANSON RIVER ALASKA, AK US","0.0","U","0.0",",U","0",",U","10",",U","0",",U","1",",U","0",",U","20010505",",,U","20010528",",,U","-4.4",",U,05,","21.1",",U,28,","4774.6","U","343.9",",U","7.24",",U","12.60",",,,U","1.88",",,,U"
"USR0000ASWA","2001-07","60.7278","-150.8722","85.3","SWANSON RIVER ALASKA, AK US","","","0.0",",U","0",",U","0",",U","0",",U","7",",U","0",",U","20010703","+,,U","20010717","+,,U","7.2",",U,03,+","22.2",",U,17,+","123.4","U","123.4",",U","14.35",",U","18.66",",,,U","10.04",",,,U"
"USR0000ASWA","2001-08","60.7278","-150.8722","85.3","SWANSON RIVER ALASKA, AK US","","","0.3",",U","0",",U","0",",U","0",",U","10",",U","0",",U","20010831","+,,U","20010813",",,U","7.8",",U,31,+","26.1",",U,13,","228.0","U","104.6",",U","14.97",",U","19.55",",,,U","10.38",",,,U"
"USR0000ASWA","2001-09","60.7278","-150.8722","85.3","SWANSON RIVER ALASKA, AK US","","","0.0",",U","0",",U","0",",U","0",",U","0",",U","0",",U","20010930","+,,U","20010903",",,U","2.2",",U,30,+","19.4",",U,03,","458.7","U","230.7",",U","10.64",",U","15.20",",,,U","6.09",",,,U"
"USR0000ASWA","2001-10","60.7278","-150.8722","85.3","SWANSON RIVER ALASKA, AK US","","","0.0",",U","0",",U","21",",U","11",",U","0",",U","0",",U","20011027",",,U","20011004",",,U","-14.4",",U,27,","16.7",",U,04,","1025.9","U","567.2",",U","0.04",",U","3.40",",,,U","-3.33",",,,U"
"USR0000ASWA","2001-11","60.7278","-150.8722","85.3","SWANSON RIVER ALASKA, AK US","","","0.0",",U","0",",U","29",",U","20",",U","0",",U","0",",U","20011130",",,U","20011118",",,U","-16.1",",U,30,","5.0",",U,18,","1725.9","U","700.0",",U","-5.00",",U","-2.09",",,,U","-7.91",",,,U"
"USR0000ASWA","2001-12","60.7278","-150.8722","85.3","SWANSON RIVER ALASKA, AK US","","","","","15","5,U","23","5,U","18","5,U","0","5,U","0","5,U","20011217",",5,U","20011231",",5,U","-26.7","5,U,17,","6.1","5,U,31,","","","","","-11.52","9,U","-7.73","5,,,U","-15.31","5,,,U"
"USR0000ASWA","2002-01","60.7278","-150.8722","85.3","SWANSON RIVER ALASKA, AK US","0.0","U","0.0",",U","3",",U","28",",U","12",",U","0",",U","0",",U","20020125",",,U","20020114",",,U","-23.3",",U,25,","6.7",",U,14,","","","678.2",",U","-3.54",",U","-0.91",",,,U","-6.18",",,,U"
"USR0000ASWA","2002-02","60.7278","-150.8722","85.3","SWANSON RIVER ALASKA, AK US","0.0","U","0.0",",U","1",",U","28",",U","19",",U","0",",U","0",",U","20020221",",,U","20020226","+,,U","-18.3",",U,21,","6.7",",U,26,+","","","623.4",",U","-3.93",",U","-0.26",",,,U","-7.60",",,,U"
"USR0000ASWA","2002-03","60.7278","-150.8722","85.3","SWANSON RIVER ALASKA, AK US","0.0","U","0.0",",U","0",",U","31",",U","10",",U","0",",U","0",",U","20020307",",,U","20020319",",,U","-16.7",",U,07,","7.8",",U,19,","","","675.6",",U","-3.46",",U","1.90",",,,U","-8.82",",,,U"
"USR0000ASWA","2002-04","60.7278","-150.8722","85.3","SWANSON RIVER ALASKA, AK US","0.0","U","0.0",",U","0",",U","25",",U","1",",U","0",",U","0",",U","20020401",",,U","20020428",",,U","-11.1",",U,01,","13.3",",U,28,","","","510.1",",U","1.33",",U","6.68",",,,U","-4.02",",,,U"
"USR0000ASWA","2002-05","60.7278","-150.8722","85.3","SWANSON RIVER ALASKA, AK US","0.0","U","0.0",",U","0",",U","6",",U","0",",U","6",",U","0",",U","20020502",",,U","20020519",",,U","-3.3",",U,02,","26.7",",U,19,","","","273.3",",U","9.52",",U","15.98",",,,U","3.05",",,,U"
"USR0000ASWA","2002-06","60.7278","-150.8722","85.3","SWANSON RIVER ALASKA, AK US","0.0","U","0.0",",U","0",",U","0",",U","0",",U","5",",U","0",",U","20020602",",,U","20020615",",,U","0.6",",U,02,","26.7",",U,15,","","","179.6",",U","12.35",",U","17.69",",,,U","7.00",",,,U"
"USR0000ASWA","2002-07","60.7278","-150.8722","85.3","SWANSON RIVER ALASKA, AK US","1.7","U","1.7",",U","0",",U","0",",U","0",",U","16",",U","0",",U","20020728",",,U","20020731",",,U","7.2",",U,28,","28.3",",U,31,","94.8","U","94.8",",U","15.33",",U","21.06",",,,U","9.60",",,,U"
"USR0000ASWA","2002-08","60.7278","-150.8722","85.3","SWANSON RIVER ALASKA, AK US","3.4","U","1.7",",U","0",",U","0",",U","0",",U","10",",U","0",",U","20020826",",,U","20020802","+,,U","5.6",",U,26,","27.2",",U,02,+","226.4","U","131.6",",U","14.14",",U","19.10",",,,U","9.18",",,,U"
"USR0000ASWA","2002-09","60.7278","-150.8722","85.3","SWANSON RIVER ALASKA, AK US","3.4","U","0.0",",U","0",",U","2",",U","0",",U","1",",U","0",",U","20020920",",,U","20020904",",,U","-1.1",",U,20,","21.1",",U,04,","464.9","U","238.5",",U","10.38",",U","14.35",",,,U","6.42",",,,U"
"USR0000ASWA","2002-10","60.7278","-150.8722","85.3","SWANSON RIVER ALASKA, AK US","3.4","U","0.0","2,U","0","1,U","4","1,U","0","1,U","0","1,U","0","1,U","20021010","+,1,U","20021021",",1,U","-2.2","1,U,10,+","13.9","1,U,21,","818.3","U","353.4","1,U","6.08","2,U","9.06","1,,,U","3.10","1,,,U"
"USR0000ASWA","2003-02","60.7278","-150.8722","85.3","SWANSON RIVER ALASKA, AK US","","","0.0",",U","0",",U","14",",U","7",",U","0",",U","0",",U","20030216",",,U","20030205",",,U","-10.0",",U,16,","8.3",",U,05,","","","500.1",",U","0.47",",U","2.96",",,,U","-2.01",",,,U"
"USR0000ASWA","2003-03","60.7278","-150.8722","85.3","SWANSON RIVER ALASKA, AK US","","","0.0",",U","1",",U","28",",U","9",",U","0",",U","0",",U","20030314",",,U","20030318",",,U","-17.8",",U,14,","8.9",",U,18,","","","633.9",",U","-2.11",",U","2.41",",,,U","-6.64",",,,U"
"USR0000ASWA","2003-04","60.7278","-150.8722","85.3","SWANSON RIVER ALASKA, AK US","","","0.0",",U","0",",U","13",",U","0",",U","0",",U","0",",U","20030401",",,U","20030426",",,U","-8.9",",U,01,","18.3",",U,26,","","","406.9",",U","4.77",",U","10.22",",,,U","-0.68",",,,U"
"USR0000ASWA","2003-05","60.7278","-150.8722","85.3","SWANSON RIVER ALASKA, AK US","","","0.0",",U","0",",U","3",",U","0",",U","1",",U","0",",U","20030506",",,U","20030529",",,U","-1.7",",U,06,","22.2",",U,29,","","","269.8",",U","9.63",",U","15.12",",,,U","4.14",",,,U"
"USR0000ASWA","2003-06","60.7278","-150.8722","85.3","SWANSON RIVER ALASKA, AK US","","","0.0",",U","0",",U","0",",U","0",",U","7",",U","0",",U","20030603",",,U","20030613",",,U","2.8",",U,03,","26.1",",U,13,","","","151.7",",U","13.28",",U","18.74",",,,U","7.81",",,,U"
"USR0000ASWA","2003-07","60.7278","-150.8722","85.3","SWANSON RIVER ALASKA, AK US","","","8.1",",U","0",",U","0",",U","0",",U","17",",U","0",",U","20030703",",,U","20030713",",,U","7.8",",U,03,","29.4",",U,13,","68.3","U","68.3",",U","16.39",",U","21.83",",,,U","10.96",",,,U"
"USR0000ASWA","2003-08","60.7278","-150.8722","85.3","SWANSON RIVER ALASKA, AK US","","","6.6",",U","0",",U","0",",U","0",",U","10",",U","0",",U","20030823","+,,U","20030809",",,U","5.6",",U,23,+","29.4",",U,09,","189.1","U","120.8",",U","14.65",",U","19.73",",,,U","9.57",",,,U"
"USR0000ASWA","2003-09","60.7278","-150.8722","85.3","SWANSON RIVER ALASKA, AK US","","","0.0",",U","0",",U","3",",U","0",",U","0",",U","0",",U","20030922",",,U","20030902",",,U","-2.2",",U,22,","20.6",",U,02,","444.0","U","254.9",",U","9.84",",U","15.01",",,,U","4.67",",,,U"
"USR0000ASWA","2003-10","60.7278","-150.8722","85.3","SWANSON RIVER ALASKA, AK US","","","0.0",",U","0",",U","10",",U","0",",U","0",",U","0",",U","20031029",",,U","20031001",",,U","-4.4",",U,29,","16.1",",U,01,","836.5","U","392.5",",U","5.67",",U","8.88",",,,U","2.46",",,,U"
"USR0000ASWA","2003-11","60.7278","-150.8722","85.3","SWANSON RIVER ALASKA, AK US","","","0.0",",U","5",",U","22",",U","19",",U","0",",U","0",",U","20031117",",,U","20031106",",,U","-21.7",",U,17,","7.8",",U,06,","1547.0","U","710.5",",U","-5.35",",U","-2.49",",,,U","-8.21",",,,U"
"USR0000ASWA","2003-12","60.7278","-150.8722","85.3","SWANSON RIVER ALASKA, AK US","","","0.0","2,U","6","1,U","30","1,U","24","1,U","0","1,U","0","1,U","20031202",",1,U","20031209",",1,U","-23.3","1,U,02,","3.3","1,U,09,","2322.5","U","775.5","1,U","-8.17","2,U","-4.87","1,,,U","-11.48","1,,,U"
"USR0000ASWA","2004-01","60.7278","-150.8722","85.3","SWANSON RIVER ALASKA, AK US","0.0","U","0.0",",U","13",",U","31",",U","28",",U","0",",U","0",",U","20040118",",,U","20040121",",,U","-28.3",",U,18,","4.4",",U,21,","3273.6","U","951.1",",U","-12.35",",U","-8.50",",,,U","-16.20",",,,U"
"USR0000ASWA","2004-02","60.7278","-150.8722","85.3","SWANSON RIVER ALASKA, AK US","0.0","U","0.0",",U","0",",U","25",",U","11",",U","0",",U","0",",U","20040218",",,U","20040224","+,,U","-15.0",",U,18,","8.3",",U,24,+","3831.0","U","557.4",",U","-0.89",",U","2.83",",,,U","-4.61",",,,U"
"USR0000ASWA","2004-03","60.7278","-150.8722","85.3","SWANSON RIVER ALASKA, AK US","0.0","U","0.0",",U","1",",U","31",",U","11",",U","0",",U","0",",U","20040331",",,U","20040322",",,U","-19.4",",U,31,","9.4",",U,22,","4478.9","U","647.9",",U","-2.57",",U","1.83",",,,U","-6.96",",,,U"
"USR0000ASWA","2004-04","60.7278","-150.8722","85.3","SWANSON RIVER ALASKA, AK US","0.0","U","0.0",",U","0",",U","14",",U","2",",U","0",",U","0",",U","20040401",",,U","20040430",",,U","-16.1",",U,01,","14.4",",U,30,","4898.9","U","420.0",",U","4.33",",U","9.01",",,,U","-0.35",",,,U"
"USR0000ASWA","2004-05","60.7278","-150.8722","85.3","SWANSON RIVER ALASKA, AK US","0.0","U","0.0",",U","0",",U","0",",U","0",",U","5",",U","0",",U","20040503",",,U","20040506",",,U","1.1",",U,03,","23.9",",U,06,","5134.9","U","236.0",",U","10.72",",U","16.33",",,,U","5.11",",,,U"
"USR0000ASWA","2004-06","60.7278","-150.8722","85.3","SWANSON RIVER ALASKA, AK US","2.5","U","2.5",",U","0",",U","0",",U","0",",U","15",",U","0",",U","20040604","+,,U","20040626",",,U","4.4",",U,04,+","30.0",",U,26,","5251.6","U","116.7",",U","14.53",",U","20.53",",,,U","8.52",",,,U"
"USR0000ASWA","2004-07","60.7278","-150.8722","85.3","SWANSON RIVER ALASKA, AK US","16.4","U","13.9","1,U","0","1,U","0","1,U","0","1,U","19","1,U","0","1,U","20040714",",1,U","20040711","+,1,U","8.3","1,U,14,","29.4","1,U,11,+","54.8","U","54.8","1,U","16.97","1,U","22.62","1,,,U","11.32","1,,,U"
"USR0000ASWA","2004-08","60.7278","-150.8722","85.3","SWANSON RIVER ALASKA, AK US","26.4","U","10.0",",U","0",",U","0",",U","0",",U","25",",U","0",",U","20040831","+,,U","20040816",",,U","7.2",",U,31,+","29.4",",U,16,","104.2","U","49.4",",U","17.06",",U","23.36",",,,U","10.76",",,,U"
"USR0000ASWA","2004-09","60.7278","-150.8722","85.3","SWANSON RIVER ALASKA, AK US","26.4","U","0.0",",U","0",",U","6",",U","0",",U","0",",U","0",",U","20040924",",,U","20040910",",,U","-3.3",",U,24,","20.6",",U,10,","422.8","U","318.6",",U","7.71",",U","12.51",",,,U","2.91",",,,U"
"USR0000ASWA","2004-10","60.7278","-150.8722","85.3","SWANSON RIVER ALASKA, AK US","26.4","U","0.0",",U","0",",U","14",",U","1",",U","0",",U","0",",U","20041031",",,U","20041013","+,,U","-5.6",",U,31,","12.8",",U,13,+","859.6","U","436.8",",U","4.24",",U","7.55",",,,U","0.94",",,,U"
"USR0000ASWA","2004-11","60.7278","-150.8722","85.3","SWANSON RIVER ALASKA, AK US","26.4","U","0.0",",U","0",",U","25",",U","11",",U","0",",U","0",",U","20041106",",,U","20041127",",,U","-16.7",",U,06,","6.7",",U,27,","1459.5","U","599.9",",U","-1.66",",U","0.82",",,,U","-4.14",",,,U"
"USR0000ASWA","2004-12","60.7278","-150.8722","85.3","SWANSON RIVER ALASKA, AK US","26.4","U","0.0","2,U","0","1,U","30","1,U","20","1,U","0","1,U","0","1,U","20041225",",1,U","20041217",",1,U","-17.2","1,U,25,","5.0","1,U,17,","2146.6","U","687.1","1,U","-5.28","2,U","-2.52","1,,,U","-8.05","1,,,U"
"USR0000ASWA","2005-01","60.7278","-150.8722","85.3","SWANSON RIVER ALASKA, AK US","0.0","U","0.0",",U","3",",U","30",",U","21",",U","0",",U","0",",U","20050112",",,U","20050104",",,U","-22.8",",U,12,","4.4",",U,04,","2913.0","U","766.4",",U","-6.39",",U","-3.44",",,,U","-9.34",",,,U"
"USR0000ASWA","2005-02","60.7278","-150.8722","85.3","SWANSON RIVER ALASKA, AK US","0.0","U","0.0",",U","5",",U","28",",U","10",",U","0",",U","0",",U","20050204",",,U","20050223",",,U","-23.3",",U,04,","9.4",",U,23,","3557.8","U","644.8",",U","-4.70",",U","-0.45",",,,U","-8.94",",,,U"
"USR0000ASWA","2005-03","60.7278","-150.8722","85.3","SWANSON RIVER ALASKA, AK US","0.0","U","0.0",",U","0",",U","24",",U","1",",U","0",",U","0",",U","20050301",",,U","20050307",",,U","-11.7",",U,01,","11.7",",U,07,","4087.2","U","529.4",",U","1.25",",U","5.45",",,,U","-2.94",",,,U"
"USR0000ASWA","2005-04","60.7278","-150.8722","85.3","SWANSON RIVER ALASKA, AK US","0.0","U","0.0",",U","0",",U","17",",U","0",",U","2",",U","0",",U","20050404",",,U","20050428",",,U","-7.2",",U,04,","23.9",",U,28,","4474.5","U","387.3",",U","5.42",",U","11.13",",,,U","-0.29",",,,U"
"USR0000ASWA","2005-05","60.7278","-150.8722","85.3","SWANSON RIVER ALASKA, AK US","0.0","U","0.0","1,U","0",",U","0",",U","0","1,U","1","1,U","0","1,U","20050505","+,,U","20050511",",1,U","1.1",",U,05,+","22.8","1,U,11,","4697.4","U","222.9","1,U","10.86","1,U","16.62","1,,,U","5.11",",,,U"
"USR0000ASWA","2005-06","60.7278","-150.8722","85.3","SWANSON RIVER ALASKA, AK US","0.0","U","0.0",",U","0",",U","0",",U","0",",U","16",",U","0",",U","20050603",",,U","20050628",",,U","3.3",",U,03,","27.8",",U,28,","4821.6","U","124.2",",U","14.19",",U","20.38",",,,U","8.01",",,,U"
"USR0000ASWA","2005-07","60.7278","-150.8722","85.3","SWANSON RIVER ALASKA, AK US","2.3","U","2.3",",U","0",",U","0",",U","0",",U","16",",U","0",",U","20050730",",,U","20050709",",,U","8.9",",U,30,","27.2",",U,09,","64.4","U","64.4",",U","16.33",",U","21.60",",,,U","11.05",",,,U"
"USR0000ASWA","2005-08","60.7278","-150.8722","85.3","SWANSON RIVER ALASKA, AK US","4.8","U","2.5",",U","0",",U","0",",U","0",",U","12",",U","0",",U","20050827",",,U","20050812",",,U","6.1",",U,27,","28.9",",U,12,","164.8","U","100.4",",U","15.18",",U","20.34",",,,U","10.01",",,,U"
"USR0000ASWA","2005-09","60.7278","-150.8722","85.3","SWANSON RIVER ALASKA, AK US","4.8","U","0.0",",U","0",",U","0",",U","0",",U","0",",U","0",",U","20050929",",,U","20050908",",,U","2.8",",U,29,","18.9",",U,08,","391.7","U","226.9",",U","10.77",",U","14.63",",,,U","6.91",",,,U"
"USR0000ASWA","2005-10","60.7278","-150.8722","85.3","SWANSON RIVER ALASKA, AK US","4.8","U","0.0",",U","0",",U","15",",U","1",",U","0",",U","0",",U","20051027",",,U","20051007",",,U","-7.8",",U,27,","14.4",",U,07,","844.2","U","452.5",",U","3.74",",U","7.56",",,,U","-0.09",",,,U"
"USR0000ASWA","2005-11","60.7278","-150.8722","85.3","SWANSON RIVER ALASKA, AK US","4.8","U","0.0",",U","3",",U","29",",U","25",",U","0",",U","0",",U","20051130",",,U","20051118",",,U","-21.1",",U,30,","3.3",",U,18,","1623.6","U","779.4",",U","-7.65",",U","-4.29",",,,U","-11.00",",,,U"
"USR0000ASWA","2005-12","60.7278","-150.8722","85.3","SWANSON RIVER ALASKA, AK US","4.8","U","0.0",",U","3",",U","25",",U","12",",U","0",",U","0",",U","20051201",",,U","20051216",",,U","-20.6",",U,01,","8.3",",U,16,","2261.3","U","637.7",",U","-2.24",",U","0.02",",,,U","-4.50",",,,U"
"USR0000ASWA","2006-01","60.7278","-150.8722","85.3","SWANSON RIVER ALASKA, AK US","0.0","U","0.0",",U","10",",U","31",",U","29",",U","0",",U","0",",U","20060126",",,U","20060108",",,U","-25.6",",U,26,","2.8",",U,08,","3167.2","U","905.9",",U","-10.89",",U","-7.78",",,,U","-14.00",",,,U"
"USR0000ASWA","2006-02","60.7278","-150.8722","85.3","SWANSON RIVER ALASKA, AK US","0.0","U","0.0",",U","2",",U","27",",U","12",",U","0",",U","0",",U","20060203",",,U","20060218",",,U","-21.7",",U,03,","7.8",",U,18,","3802.0","U","634.8",",U","-4.34",",U","-0.44",",,,U","-8.23",",,,U"
"USR0000ASWA","2006-03","60.7278","-150.8722","85.3","SWANSON RIVER ALASKA, AK US","0.0","U","0.0",",U","2",",U","30",",U","12",",U","0",",U","0",",U","20060301",",,U","20060323","+,,U","-20.0",",U,01,","10.6",",U,23,+","4455.2","U","653.2",",U","-2.74",",U","2.63",",,,U","-8.10",",,,U"
"USR0000ASWA","2006-04","60.7278","-150.8722","85.3","SWANSON RIVER ALASKA, AK US","0.0","U","0.0",",U","0",",U","27",",U","0",",U","0",",U","0",",U","20060416",",,U","20060427",",,U","-8.3",",U,16,","11.1",",U,27,","4924.0","U","468.8",",U","2.71",",U","7.49",",,,U","-2.08",",,,U"
"USR0000ASWA","2006-05","60.7278","-150.8722","85.3","SWANSON RIVER ALASKA, AK US","0.0","U","0.0",",U","0",",U","4",",U","0",",U","7",",U","0",",U","20060501",",,U","20060526",",,U","-1.7",",U,01,","27.8",",U,26,","5193.2","U","269.2",",U","9.65",",U","15.50",",,,U","3.79",",,,U"
"USR0000ASWA","2006-06","60.7278","-150.8722","85.3","SWANSON RIVER ALASKA, AK US","0.0","U","0.0",",U","0",",U","0",",U","0",",U","5",",U","0",",U","20060605",",,U","20060617",",,U","2.8",",U,05,","22.8",",U,17,","5369.3","U","176.1",",U","12.46",",U","17.55",",,,U","7.37",",,,U"
"USR0000ASWA","2006-07","60.7278","-150.8722","85.3","SWANSON RIVER ALASKA, AK US","0.0","U","0.0",",U","0",",U","0",",U","0",",U","11",",U","0",",U","20060702",",,U","20060727",",,U","7.2",",U,02,","25.0",",U,27,","117.8","U","117.8",",U","14.53",",U","19.44",",,,U","9.62",",,,U"
"USR0000ASWA","2006-08","60.7278","-150.8722","85.3","SWANSON RIVER ALASKA, AK US","0.0","U","0.0",",U","0",",U","0",",U","0",",U","3",",U","0",",U","20060821",",,U","20060808",",,U","5.6",",U,21,","25.0",",U,08,","292.2","U","174.4",",U","12.71",",U","16.56",",,,U","8.85",",,,U"
"USR0000ASWA","2006-09","60.7278","-150.8722","85.3","SWANSON RIVER ALASKA, AK US","0.0","U","0.0",",U","0",",U","1",",U","0",",U","0",",U","0",",U","20060930",",,U","20060901",",,U","-1.1",",U,30,","20.6",",U,01,","529.7","U","237.5",",U","10.42",",U","14.80",",,,U","6.04",",,,U"
"USR0000ASWA","2006-10","60.7278","-150.8722","85.3","SWANSON RIVER ALASKA, AK US","0.0","U","0.0",",U","0",",U","14",",U","0",",U","0",",U","0",",U","20061028",",,U","20061009",",,U","-8.3",",U,28,","16.7",",U,09,","967.3","U","437.6",",U","4.22",",U","7.64",",,,U","0.80",",,,U"
"USR0000ASWA","2006-11","60.7278","-150.8722","85.3","SWANSON RIVER ALASKA, AK US","0.0","U","0.0",",U","8",",U","30",",U","29",",U","0",",U","0",",U","20061124",",,U","20061110",",,U","-20.6",",U,24,","2.2",",U,10,","1810.9","U","843.6",",U","-9.79",",U","-5.44",",,,U","-14.13",",,,U"
"USR0000ASWA","2006-12","60.7278","-150.8722","85.3","SWANSON RIVER ALASKA, AK US","0.0","U","0.0",",U","1",",U","29",",U","21",",U","0",",U","0",",U","20061226",",,U","20061206",",,U","-18.3",",U,26,","5.6",",U,06,","2542.7","U","731.8",",U","-5.27",",U","-2.60",",,,U","-7.95",",,,U"
"USR0000ASWA","2007-01","60.7278","-150.8722","85.3","SWANSON RIVER ALASKA, AK US","0.0","U","0.0",",U","7",",U","30",",U","23",",U","0",",U","0",",U","20070109",",,U","20070130",",,U","-29.4",",U,09,","9.4",",U,30,","3373.3","U","830.6",",U","-8.46",",U","-5.13",",,,U","-11.79",",,,U"
"USR0000ASWA","2007-02","60.7278","-150.8722","85.3","SWANSON RIVER ALASKA, AK US","0.0","U","0.0",",U","5",",U","28",",U","21",",U","0",",U","0",",U","20070224",",,U","20070201",",,U","-22.2",",U,24,","11.7",",U,01,","4060.2","U","686.9",",U","-6.20",",U","-1.71",",,,U","-10.69",",,,U"
"USR0000ASWA","2007-03","60.7278","-150.8722","85.3","SWANSON RIVER ALASKA, AK US","0.0","U","0.0",",U","5",",U","31",",U","24",",U","0",",U","0",",U","20070306",",,U","20070331",",,U","-20.0",",U,06,","8.9",",U,31,","4891.8","U","831.6",",U","-8.49",",U","-2.58",",,,U","-14.41",",,,U"
"USR0000ASWA","2007-04","60.7278","-150.8722","85.3","SWANSON RIVER ALASKA, AK US","0.0","U","0.0",",U","0",",U","12",",U","0",",U","0",",U","0",",U","20070401",",,U","20070426",",,U","-8.3",",U,01,","15.6",",U,26,","5286.0","U","394.2",",U","5.19",",U","10.08",",,,U","0.31",",,,U"
"USR0000ASWA","2007-05","60.7278","-150.8722","85.3","SWANSON RIVER ALASKA, AK US","0.0","U","0.0",",U","0",",U","4",",U","0",",U","0",",U","0",",U","20070506","+,,U","20070520",",,U","-1.1",",U,06,+","20.6",",U,20,","5578.8","U","292.8",",U","8.89",",U","14.37",",,,U","3.40",",,,U"
"USR0000ASWA","2007-06","60.7278","-150.8722","85.3","SWANSON RIVER ALASKA, AK US","2.5","U","2.5",",U","0",",U","0",",U","0",",U","9",",U","0",",U","20070614","+,,U","20070620",",,U","4.4",",U,14,+","29.4",",U,20,","5733.0","U","154.2",",U","13.28",",U","19.36",",,,U","7.19",",,,U"
"USR0000ASWA","2007-07","60.7278","-150.8722","85.3","SWANSON RIVER ALASKA, AK US","3.9","U","1.4",",U","0",",U","0",",U","0",",U","9",",U","0",",U","20070711",",,U","20070729",",,U","6.1",",U,11,","27.8",",U,29,","122.7","U","122.7",",U","14.42",",U","19.46",",,,U","9.38",",,,U"
"USR0000ASWA","2007-08","60.7278","-150.8722","85.3","SWANSON RIVER ALASKA, AK US","5.3","U","1.4",",U","0",",U","0",",U","0",",U","12",",U","0",",U","20070829","+,,U","20070813",",,U","6.7",",U,29,+","27.8",",U,13,","228.6","U","105.9",",U","14.96",",U","20.41",",,,U","9.52",",,,U"
"USR0000ASWA","2007-09","60.7278","-150.8722","85.3","SWANSON RIVER ALASKA, AK US","5.3","U","0.0",",U","0",",U","0",",U","0",",U","0",",U","0",",U","20070927",",,U","20070905",",,U","0.6",",U,27,","20.0",",U,05,","468.1","U","239.5",",U","10.35",",U","14.77",",,,U","5.93",",,,U"
"USR0000ASWA","2007-10","60.7278","-150.8722","85.3","SWANSON RIVER ALASKA, AK US","5.3","U","0.0",",U","0",",U","21",",U","0",",U","0",",U","0",",U","20071022",",,U","20071002",",,U","-6.1",",U,22,","13.3",",U,02,","957.7","U","489.6",",U","2.54",",U","5.92",",,,U","-0.84",",,,U"
"USR0000ASWA","2007-11","60.7278","-150.8722","85.3","SWANSON RIVER ALASKA, AK US","5.3","U","0.0",",U","0",",U","23",",U","10",",U","0",",U","0",",U","20071119","+,,U","20071126","+,,U","-9.4",",U,19,+","6.7",",U,26,+","1515.2","U","557.5",",U","-0.25",",U","2.10",",,,U","-2.60",",,,U"
"USR0000ASWA","2007-12","60.7278","-150.8722","85.3","SWANSON RIVER ALASKA, AK US","5.3","U","0.0",",U","3",",U","31",",U","24",",U","0",",U","0",",U","20071220",",,U","20071208",",,U","-21.1",",U,20,","6.1",",U,08,","2286.0","U","770.8",",U","-6.53",",U","-3.60",",,,U","-9.46",",,,U"
"USR0000ASWA","2008-01","60.7278","-150.8722","85.3","SWANSON RIVER ALASKA, AK US","0.0","U","0.0","2,U","9","1,U","30","1,U","27","1,U","0","1,U","0","1,U","20080114",",1,U","20080122",",1,U","-26.1","1,U,14,","4.4","1,U,22,","3129.6","U","843.6","1,U","-10.52","2,U","-7.26","1,,,U","-13.78","1,,,U"
"USR0000ASWA","2008-02","60.7278","-150.8722","85.3","SWANSON RIVER ALASKA, AK US","0.0","U","0.0",",U","10",",U","27",",U","17",",U","0",",U","0",",U","20080205",",,U","20080221",",,U","-25.6",",U,05,","7.8",",U,21,","3883.6","U","754.0",",U","-7.67",",U","-3.00",",,,U","-12.34",",,,U"
"USR0000ASWA","2008-03","60.7278","-150.8722","85.3","SWANSON RIVER ALASKA, AK US","0.0","U","0.0",",U","0",",U","25",",U","1",",U","0",",U","0",",U","20080301",",,U","20080306",",,U","-10.0",",U,01,","10.0",",U,06,","4446.0","U","562.4",",U","0.19",",U","4.35",",,,U","-3.97",",,,U"
"USR0000ASWA","2008-04","60.7278","-150.8722","85.3","SWANSON RIVER ALASKA, AK US","0.0","U","0.0",",U","0",",U","26",",U","0",",U","0",",U","0",",U","20080412",",,U","20080423",",,U","-11.7",",U,12,","16.7",",U,23,","4943.1","U","497.1",",U","1.76",",U","7.36",",,,U","-3.83",",,,U"
"USR0000ASWA","2008-05","60.7278","-150.8722","85.3","SWANSON RIVER ALASKA, AK US","0.0","U","0.0",",U","0",",U","1",",U","0",",U","0",",U","0",",U","20080506",",,U","20080530",",,U","-1.1",",U,06,","20.0",",U,30,","5246.6","U","303.5",",U","8.54",",U","14.31",",,,U","2.78",",,,U"
"USR0000ASWA","2008-06","60.7278","-150.8722","85.3","SWANSON RIVER ALASKA, AK US","0.0","U","0.0",",U","0",",U","0",",U","0",",U","0",",U","0",",U","20080609",",,U","20080617",",,U","3.3",",U,09,","20.0",",U,17,","5461.5","U","214.9",",U","11.17",",U","15.91",",,,U","6.43",",,,U"
"USR0000ASWA","2008-07","60.7278","-150.8722","85.3","SWANSON RIVER ALASKA, AK US","0.0","U","0.0",",U","0",",U","0",",U","0",",U","8",",U","0",",U","20080701",",,U","20080730",",,U","4.4",",U,01,","23.3",",U,30,","164.9","U","164.9",",U","13.01",",U","17.18",",,,U","8.85",",,,U"
"USR0000ASWA","2008-08","60.7278","-150.8722","85.3","SWANSON RIVER ALASKA, AK US","0.0","U","0.0",",U","0",",U","0",",U","0",",U","1",",U","0",",U","20080831",",,U","20080807",",,U","5.0",",U,31,","21.1",",U,07,","325.2","U","160.3",",U","13.16",",U","17.60",",,,U","8.72",",,,U"
"USR0000ASWA","2008-09","60.7278","-150.8722","85.3","SWANSON RIVER ALASKA, AK US","0.0","U","0.0",",U","0",",U","3",",U","0",",U","0",",U","0",",U","20080928",",,U","20080918","+,,U","-0.6",",U,28,","17.2",",U,18,+","584.8","U","259.6",",U","9.68",",U","13.35",",,,U","6.01",",,,U"
"USR0000ASWA","2008-10","60.7278","-150.8722","85.3","SWANSON RIVER ALASKA, AK US","0.0","U","0.0",",U","0",",U","28",",U","9",",U","0",",U","0",",U","20081029","+,,U","20081001",",,U","-12.8",",U,29,+","12.2",",U,01,","1162.8","U","578.0",",U","-0.31",",U","3.38",",,,U","-4.00",",,,U"
"USR0000ASWA","2008-11","60.7278","-150.8722","85.3","SWANSON RIVER ALASKA, AK US","0.0","U","0.0",",U","0",",U","30",",U","23",",U","0",",U","0",",U","20081102",",,U","20081110",",,U","-14.4",",U,02,","5.0",",U,10,","1865.0","U","702.2",",U","-5.07",",U","-1.98",",,,U","-8.17",",,,U"
"USR0000ASWA","2008-12","60.7278","-150.8722","85.3","SWANSON RIVER ALASKA, AK US","0.0","U","0.0",",U","8",",U","31",",U","28",",U","0",",U","0",",U","20081231",",,U","20081206",",,U","-26.7",",U,31,","2.8",",U,06,","2737.0","U","872.0",",U","-9.80",",U","-7.05",",,,U","-12.55",",,,U"
"USR0000ASWA","2009-01","60.7278","-150.8722","85.3","SWANSON RIVER ALASKA, AK US","0.0","U","0.0",",U","12",",U","27",",U","24",",U","0",",U","0",",U","20090107",",,U","20090118","+,,U","-30.0",",U,07,","7.2",",U,18,+","3624.3","U","887.3",",U","-10.29",",U","-7.19",",,,U","-13.39",",,,U"
"USR0000ASWA","2009-02","60.7278","-150.8722","85.3","SWANSON RIVER ALASKA, AK US","0.0","U","0.0",",U","7",",U","28",",U","18",",U","0",",U","0",",U","20090203",",,U","20090214",",,U","-22.8",",U,03,","4.4",",U,14,","4343.8","U","719.5",",U","-7.36",",U","-3.18",",,,U","-11.55",",,,U"
"USR0000ASWA","2009-03","60.7278","-150.8722","85.3","SWANSON RIVER ALASKA, AK US","0.0","U","0.0",",U","1",",U","31",",U","14",",U","0",",U","0",",U","20090302",",,U","20090326",",,U","-19.4",",U,02,","8.9",",U,26,","5045.1","U","701.3",",U","-4.29",",U","0.54",",,,U","-9.12",",,,U"
"USR0000ASWA","2009-04","60.7278","-150.8722","85.3","SWANSON RIVER ALASKA, AK US","0.0","U","0.0",",U","0",",U","25",",U","1",",U","0",",U","0",",U","20090401",",,U","20090429",",,U","-10.6",",U,01,","17.2",",U,29,","5511.3","U","466.2",",U","2.79",",U","7.90",",,,U","-2.32",",,,U"
"USR0000ASWA","2009-05","60.7278","-150.8722","85.3","SWANSON RIVER ALASKA, AK US","0.0","U","0.0",",U","0",",U","3",",U","0",",U","4",",U","0",",U","20090505","+,,U","20090526",",,U","-0.6",",U,05,+","24.4",",U,26,","5773.7","U","262.4",",U","9.87",",U","16.41",",,,U","3.33",",,,U"
"USR0000ASWA","2009-06","60.7278","-150.8722","85.3","SWANSON RIVER ALASKA, AK US","0.0","U","0.0",",U","0",",U","0",",U","0",",U","8",",U","0",",U","20090625",",,U","20090610",",,U","3.3",",U,25,","26.7",",U,10,","5957.4","U","183.7",",U","12.21",",U","18.01",",,,U","6.41",",,,U"
"USR0000ASWA","2009-07","60.7278","-150.8722","85.3","SWANSON RIVER ALASKA, AK US","3.4","U","3.4",",U","0",",U","0",",U","0",",U","16",",U","0",",U","20090703","+,,U","20090707",",,U","6.7",",U,03,+","29.4",",U,07,","88.4","U","88.4",",U","15.59",",U","21.28",",,,U","9.90",",,,U"
"USR0000ASWA","2009-08","60.7278","-150.8722","85.3","SWANSON RIVER ALASKA, AK US","3.4","U","0.0",",U","0",",U","0",",U","0",",U","6",",U","0",",U","20090820",",,U","20090803",",,U","4.4",",U,20,","25.0",",U,03,","235.7","U","147.3",",U","13.58",",U","18.67",",,,U","8.49",",,,U"
"USR0000ASWA","2009-09","60.7278","-150.8722","85.3","SWANSON RIVER ALASKA, AK US","3.4","U","0.0",",U","0",",U","3",",U","0",",U","1",",U","0",",U","20090923",",,U","20090904",",,U","-2.8",",U,23,","21.7",",U,04,","491.7","U","256.0",",U","9.80",",U","14.09",",,,U","5.51",",,,U"
"USR0000ASWA","2009-10","60.7278","-150.8722","85.3","SWANSON RIVER ALASKA, AK US","3.4","U","0.0",",U","0",",U","9",",U","0",",U","0",",U","0",",U","20091031",",,U","20091012",",,U","-3.3",",U,31,","16.7",",U,12,","884.2","U","392.5",",U","5.67",",U","8.45",",,,U","2.90",",,,U"
"USR0000ASWA","2009-11","60.7278","-150.8722","85.3","SWANSON RIVER ALASKA, AK US","3.4","U","0.0",",U","4",",U","29",",U","20",",U","0",",U","0",",U","20091117",",,U","20091105",",,U","-19.4",",U,17,","7.8",",U,05,","1606.3","U","722.1",",U","-5.74",",U","-2.39",",,,U","-9.09",",,,U"
"USR0000ASWA","2009-12","60.7278","-150.8722","85.3","SWANSON RIVER ALASKA, AK US","3.4","U","0.0",",U","3",",U","30",",U","20",",U","0",",U","0",",U","20091217",",,U","20091227","+,,U","-21.7",",U,17,","3.3",",U,27,+","2367.0","U","760.7",",U","-6.20",",U","-3.79",",,,U","-8.62",",,,U"
"USR0000ASWA","2010-01","60.7278","-150.8722","85.3","SWANSON RIVER ALASKA, AK US","0.0","U","0.0",",U","1",",U","31",",U","24",",U","0",",U","0",",U","20100101",",,U","20100129","+,,U","-18.9",",U,01,","2.8",",U,29,+","3115.3","U","748.3",",U","-5.80",",U","-2.84",",,,U","-8.77",",,,U"
"USR0000ASWA","2010-02","60.7278","-150.8722","85.3","SWANSON RIVER ALASKA, AK US","0.0","U","0.0",",U","1",",U","23",",U","11",",U","0",",U","0",",U","20100204",",,U","20100222","+,,U","-17.8",",U,04,","8.3",",U,22,+","3675.1","U","559.8",",U","-1.66",",U","1.56",",,,U","-4.89",",,,U"
"USR0000ASWA","2010-03","60.7278","-150.8722","85.3","SWANSON RIVER ALASKA, AK US","0.0","U","0.0",",U","4",",U","29",",U","10",",U","0",",U","0",",U","20100311","+,,U","20100331",",,U","-20.6",",U,11,+","10.0",",U,31,","4297.7","U","622.6",",U","-1.75",",U","3.15",",,,U","-6.65",",,,U"
"USR0000ASWA","2010-04","60.7278","-150.8722","85.3","SWANSON RIVER ALASKA, AK US","0.0","U","0.0",",U","0",",U","21",",U","0",",U","0",",U","0",",U","20100408",",,U","20100427",",,U","-8.9",",U,08,","16.7",",U,27,","4747.6","U","449.9",",U","3.34",",U","7.76",",,,U","-1.09",",,,U"
"USR0000ASWA","2010-05","60.7278","-150.8722","85.3","SWANSON RIVER ALASKA, AK US","0.0","U","0.0",",U","0",",U","4",",U","0",",U","4",",U","0",",U","20100502",",,U","20100527",",,U","-1.7",",U,02,","25.6",",U,27,","5021.3","U","273.7",",U","9.50",",U","16.08",",,,U","2.93",",,,U"
"USR0000ASWA","2010-06","60.7278","-150.8722","85.3","SWANSON RIVER ALASKA, AK US","0.0","U","0.0",",U","0",",U","0",",U","0",",U","2",",U","0",",U","20100611",",,U","20100621",",,U","3.3",",U,11,","22.2",",U,21,","5234.2","U","212.9",",U","11.24",",U","16.00",",,,U","6.47",",,,U"
"USR0000ASWA","2010-07","60.7278","-150.8722","85.3","SWANSON RIVER ALASKA, AK US","0.0","U","0.0",",U","0",",U","0",",U","0",",U","3",",U","0",",U","20100709",",,U","20100709",",,U","5.0",",U,09,","23.3",",U,09,","181.4","U","181.4",",U","12.48",",U","16.57",",,,U","8.39",",,,U"
"USR0000ASWA","2010-08","60.7278","-150.8722","85.3","SWANSON RIVER ALASKA, AK US","0.0","U","0.0",",U","0",",U","0",",U","0",",U","4",",U","0",",U","20100819",",,U","20100825","+,,U","3.9",",U,19,","22.2",",U,25,+","356.9","U","175.5",",U","12.67",",U","17.02",",,,U","8.33",",,,U"
"USR0000ASWA","2010-09","60.7278","-150.8722","85.3","SWANSON RIVER ALASKA, AK US","0.0","U","0.0",",U","0",",U","2",",U","0",",U","0",",U","0",",U","20100928",",,U","20100913",",,U","-4.4",",U,28,","20.6",",U,13,","623.5","U","266.6",",U","9.45",",U","14.11",",,,U","4.78",",,,U"
"USR0000ASWA","2010-10","60.7278","-150.8722","85.3","SWANSON RIVER ALASKA, AK US","0.0","U","0.0",",U","0",",U","19",",U","0",",U","0",",U","0",",U","20101015",",,U","20101005",",,U","-6.7",",U,15,","12.8",",U,05,","1089.6","U","466.1",",U","3.30",",U","6.97",",,,U","-0.38",",,,U"
"USR0000ASWA","2010-11","60.7278","-150.8722","85.3","SWANSON RIVER ALASKA, AK US","0.0","U","0.0",",U","0",",U","30",",U","18",",U","0",",U","0",",U","20101130","+,,U","20101102",",,U","-16.1",",U,30,+","5.0",",U,02,","1750.4","U","660.8",",U","-3.69",",U","-0.98",",,,U","-6.41",",,,U"
"USR0000ASWA","2010-12","60.7278","-150.8722","85.3","SWANSON RIVER ALASKA, AK US","0.0","U","0.0",",U","9",",U","31",",U","29",",U","0",",U","0",",U","20101225","+,,U","20101231",",,U","-23.3",",U,25,+","1.7",",U,31,","2688.9","U","938.5",",U","-11.94",",U","-8.37",",,,U","-15.51",",,,U"
"USR0000ASWA","2011-01","60.7278","-150.8722","85.3","SWANSON RIVER ALASKA, AK US","0.0","U","0.0",",U","5",",U","29",",U","26",",U","0",",U","0",",U","20110116",",,U","20110102","+,,U","-25.6",",U,16,","5.6",",U,02,+","3489.0","U","800.1",",U","-7.48",",U","-4.54",",,,U","-10.41",",,,U"
"USR0000ASWA","2011-02","60.7278","-150.8722","85.3","SWANSON RIVER ALASKA, AK US","0.0","U","0.0",",U","8",",U","28",",U","24",",U","0",",U","0",",U","20110213","+,,U","20110225",",,U","-22.2",",U,13,+","3.3",",U,25,","4223.0","U","734.0",",U","-7.88",",U","-3.26",",,,U","-12.50",",,,U"
"USR0000ASWA","2011-03","60.7278","-150.8722","85.3","SWANSON RIVER ALASKA, AK US","0.0","U","0.0",",U","0",",U","31",",U","9",",U","0",",U","0",",U","20110313","+,,U","20110330",",,U","-17.2",",U,13,+","11.7",",U,30,","4877.0","U","654.0",",U","-2.76",",U","2.68",",,,U","-8.21",",,,U"
"USR0000ASWA","2011-04","60.7278","-150.8722","85.3","SWANSON RIVER ALASKA, AK US","0.0","U","0.0",",U","0",",U","24",",U","0",",U","0",",U","0",",U","20110413","+,,U","20110425",",,U","-6.1",",U,13,+","12.8",",U,25,","5334.7","U","457.7",",U","3.08",",U","7.96",",,,U","-1.81",",,,U"
"USR0000ASWA","2011-05","60.7278","-150.8722","85.3","SWANSON RIVER ALASKA, AK US","0.0","U","0.0",",U","0",",U","8",",U","0",",U","2",",U","0",",U","20110502",",,U","20110530",",,U","-3.9",",U,02,","21.7",",U,30,","5653.1","U","318.4",",U","8.06",",U","14.18",",,,U","1.95",",,,U"
"USR0000ASWA","2011-06","60.7278","-150.8722","85.3","SWANSON RIVER ALASKA, AK US","0.0","U","0.0",",U","0",",U","0",",U","0",",U","1",",U","0",",U","20110606",",,U","20110624",",,U","1.7",",U,06,","21.7",",U,24,","5880.0","U","226.9",",U","10.77",",U","15.80",",,,U","5.74",",,,U"
"USR0000ASWA","2011-07","60.7278","-150.8722","85.3","SWANSON RIVER ALASKA, AK US","0.0","U","0.0",",U","0",",U","0",",U","0",",U","8",",U","0",",U","20110703",",,U","20110722",",,U","5.6",",U,03,","23.3",",U,22,","157.2","U","157.2",",U","13.26",",U","18.50",",,,U","8.03",",,,U"
"USR0000ASWA","2011-08","60.7278","-150.8722","85.3","SWANSON RIVER ALASKA, AK US","0.0","U","0.0",",U","0",",U","0",",U","0",",U","4",",U","0",",U","20110828",",,U","20110816",",,U","4.4",",U,28,","22.2",",U,16,","351.6","U","194.4",",U","12.06",",U","16.22",",,,U","7.90",",,,U"
"USR0000ASWA","2011-09","60.7278","-150.8722","85.3","SWANSON RIVER ALASKA, AK US","0.0","U","0.0",",U","0",",U","3",",U","0",",U","0",",U","0",",U","20110927",",,U","20110909",",,U","-1.1",",U,27,","17.8",",U,09,","639.7","U","288.1",",U","8.73",",U","13.00",",,,U","4.46",",,,U"
"USR0000ASWA","2011-10","60.7278","-150.8722","85.3","SWANSON RIVER ALASKA, AK US","0.0","U","0.0",",U","0",",U","17",",U","2",",U","0",",U","0",",U","20111031",",,U","20111004",",,U","-8.9",",U,31,","11.7",",U,04,","1121.3","U","481.6",",U","2.80",",U","6.16",",,,U","-0.57",",,,U"
"USR0000ASWA","2011-11","60.7278","-150.8722","85.3","SWANSON RIVER ALASKA, AK US","0.0","U","0.0",",U","5",",U","30",",U","29",",U","0",",U","0",",U","20111119",",,U","20111102",",,U","-24.4",",U,19,","1.1",",U,02,","1970.0","U","848.7",",U","-9.96",",U","-6.69",",,,U","-13.22",",,,U"
"USR0000ASWA","2011-12","60.7278","-150.8722","85.3","SWANSON RIVER ALASKA, AK US","0.0","U","0.0","2,U","3","1,U","30","1,U","19","1,U","0","1,U","0","1,U","20111231","+,1,U","20111204",",1,U","-19.4","1,U,31,+","6.1","1,U,04,","2684.1","U","714.1","1,U","-6.29","2,U","-3.59","1,,,U","-8.98","1,,,U"
"USR0000ASWA","2012-01","60.7278","-150.8722","85.3","SWANSON RIVER ALASKA, AK US","0.0","U","0.0",",U","24",",U","31",",U","31",",U","0",",U","0",",U","20120118",",,U","20120111","+,,U","-27.8",",U,18,","-1.7",",U,11,+","3776.1","U","1092.0",",U","-16.89",",U","-13.13",",,,U","-20.65",",,,U"
"USR0000ASWA","2012-02","60.7278","-150.8722","85.3","SWANSON RIVER ALASKA, AK US","0.0","U","0.0",",U","0",",U","29",",U","10",",U","0",",U","0",",U","20120229","+,,U","20120206",",,U","-12.8",",U,29,+","6.7",",U,06,","4394.0","U","617.9",",U","-2.97",",U","0.30",",,,U","-6.25",",,,U"
"USR0000ASWA","2012-03","60.7278","-150.8722","85.3","SWANSON RIVER ALASKA, AK US","0.0","U","0.0","1,U","2","1,U","30","1,U","15","1,U","0","1,U","0","1,U","20120309",",1,U","20120330",",1,U","-19.4","1,U,09,","13.3","1,U,30,","5097.5","U","703.5","1,U","-5.12","1,U","0.59","1,,,U","-10.83","1,,,U"
"USR0000ASWA","2012-04","60.7278","-150.8722","85.3","SWANSON RIVER ALASKA, AK US","0.0","U","0.0",",U","0",",U","22",",U","0",",U","0",",U","0",",U","20120403",",,U","20120430","+,,U","-7.2",",U,03,","15.6",",U,30,+","5515.7","U","418.2",",U","4.39",",U","10.60",",,,U","-1.81",",,,U"
"USR0000ASWA","2012-05","60.7278","-150.8722","85.3","SWANSON RIVER ALASKA, AK US","0.0","U","0.0",",U","0",",U","10",",U","0",",U","0",",U","0",",U","20120502",",,U","20120523",",,U","-5.6",",U,02,","19.4",",U,23,","5856.5","U","340.8",",U","7.34",",U","12.59",",,,U","2.08",",,,U"
"USR0000ASWA","2012-06","60.7278","-150.8722","85.3","SWANSON RIVER ALASKA, AK US","0.0","U","0.0",",U","0",",U","0",",U","0",",U","6",",U","0",",U","20120605","+,,U","20120622",",,U","3.9",",U,05,+","24.4",",U,22,","6043.1","U","186.6",",U","12.11",",U","17.11",",,,U","7.12",",,,U"
"USR0000ASWA","2012-07","60.7278","-150.8722","85.3","SWANSON RIVER ALASKA, AK US","0.0","U","0.0",",U","0",",U","0",",U","0",",U","6",",U","0",",U","20120710","+,,U","20120727","+,,U","5.6",",U,10,+","23.3",",U,27,+","163.6","U","163.6",",U","13.05",",U","17.56",",,,U","8.55",",,,U"
"USR0000ASWA","2012-08","60.7278","-150.8722","85.3","SWANSON RIVER ALASKA, AK US","0.0","U","0.0",",U","0",",U","0",",U","0",",U","4",",U","0",",U","20120828",",,U","20120813",",,U","4.4",",U,28,","22.2",",U,13,","325.4","U","161.8",",U","13.11",",U","17.70",",,,U","8.53",",,,U"
"USR0000ASWA","2012-09","60.7278","-150.8722","85.3","SWANSON RIVER ALASKA, AK US","0.0","U","0.0",",U","0",",U","3",",U","0",",U","0",",U","0",",U","20120929",",,U","20120922",",,U","-0.6",",U,29,","18.3",",U,22,","607.7","U","282.3",",U","8.92",",U","12.07",",,,U","5.77",",,,U"
"USR0000ASWA","2012-10","60.7278","-150.8722","85.3","SWANSON RIVER ALASKA, AK US","0.0","U","0.0",",U","0",",U","22",",U","2",",U","0",",U","0",",U","20121023",",,U","20121004",",,U","-12.8",",U,23,","15.0",",U,04,","1133.0","U","525.3",",U","1.39",",U","5.63",",,,U","-2.85",",,,U"
"USR0000ASWA","2012-11","60.7278","-150.8722","85.3","SWANSON RIVER ALASKA, AK US","0.0","U","0.0","1,U","1","1,U","29","1,U","24",",U","0",",U","0",",U","20121126",",1,U","20121112",",,U","-18.3","1,U,26,","2.8",",U,12,","1859.3","U","726.3",",U","-6.69","1,U","-3.14",",,,U","-10.24","1,,,U"
"USR0000ASWA","2012-12","60.7278","-150.8722","85.3","SWANSON RIVER ALASKA, AK US","0.0","U","0.0","2,U","10","1,U","28","1,U","24","1,U","0","1,U","0","1,U","20121222",",1,U","20121230",",1,U","-23.3","1,U,22,","6.1","1,U,30,","2639.7","U","780.4","1,U","-8.75","2,U","-5.58","1,,,U","-11.91","1,,,U"
"USR0000ASWA","2013-01","60.7278","-150.8722","85.3","SWANSON RIVER ALASKA, AK US","0.0","U","0.0",",U","3",",U","29",",U","16",",U","0",",U","0",",U","20130127",",,U","20130114",",,U","-26.7",",U,27,","4.4",",U,14,","3346.5","U","706.8",",U","-4.47",",U","-1.77",",,,U","-7.17",",,,U"
"USR0000ASWA","2013-02","60.7278","-150.8722","85.3","SWANSON RIVER ALASKA, AK US","0.0","U","0.0",",U","0",",U","28",",U","16",",U","0",",U","0",",U","20130218",",,U","20130209",",,U","-16.1",",U,18,","5.6",",U,09,","3939.6","U","593.1",",U","-2.85",",U","0.02",",,,U","-5.72",",,,U"
"USR0000ASWA","2013-03","60.7278","-150.8722","85.3","SWANSON RIVER ALASKA, AK US","0.0","U","0.0",",U","0",",U","30",",U","9",",U","0",",U","0",",U","20130327",",,U","20130331","+,,U","-16.7",",U,27,","7.2",",U,31,+","4595.0","U","655.4",",U","-2.81",",U","1.87",",,,U","-7.49",",,,U"
"USR0000ASWA","2013-04","60.7278","-150.8722","85.3","SWANSON RIVER ALASKA, AK US","0.0","U","0.0",",U","0",",U","28",",U","5",",U","0",",U","0",",U","20130411",",,U","20130422",",,U","-16.1",",U,11,","12.2",",U,22,","5167.1","U","572.1",",U","-0.74",",U","4.65",",,,U","-6.12",",,,U"
"USR0000ASWA","2013-05","60.7278","-150.8722","85.3","SWANSON RIVER ALASKA, AK US","0.0","U","0.0",",U","0",",U","12",",U","0",",U","3",",U","0",",U","20130519",",,U","20130529",",,U","-2.8",",U,19,","27.8",",U,29,","5509.8","U","342.7",",U","7.28",",U","12.85",",,,U","1.71",",,,U"
"USR0000ASWA","2013-06","60.7278","-150.8722","85.3","SWANSON RIVER ALASKA, AK US","6.9","U","6.9",",U","0",",U","0",",U","0",",U","17",",U","0",",U","20130605",",,U","20130617",",,U","3.3",",U,05,","31.1",",U,17,","5623.0","U","113.2",",U","14.79",",U","21.44",",,,U","8.15",",,,U"
"USR0000ASWA","2013-07","60.7278","-150.8722","85.3","SWANSON RIVER ALASKA, AK US","15.6","U","8.7",",U","0",",U","0",",U","0",",U","18",",U","0",",U","20130708",",,U","20130724",",,U","6.7",",U,08,","28.3",",U,24,","77.0","U","77.0",",U","16.13",",U","21.65",",,,U","10.61",",,,U"
"USR0000ASWA","2013-08","60.7278","-150.8722","85.3","SWANSON RIVER ALASKA, AK US","15.6","U","0.0",",U","0",",U","0",",U","0",",U","2",",U","0",",U","20130825",",,U","20130802",",,U","5.6",",U,25,","23.9",",U,02,","210.2","U","133.2",",U","14.04",",U","17.80",",,,U","10.27",",,,U"
"USR0000ASWA","2013-09","60.7278","-150.8722","85.3","SWANSON RIVER ALASKA, AK US","15.6","U","0.0",",U","0",",U","3",",U","0",",U","0",",U","0",",U","20130924","+,,U","20130914","+,,U","-1.7",",U,24,+","19.4",",U,14,+","475.7","U","265.5",",U","9.48",",U","13.11",",,,U","5.86",",,,U"
"USR0000ASWA","2013-10","60.7278","-150.8722","85.3","SWANSON RIVER ALASKA, AK US","15.6","U","0.0",",U","0",",U","5",",U","0",",U","0",",U","0",",U","20131023",",,U","20131004",",,U","-2.2",",U,23,","15.0",",U,04,","850.8","U","375.1",",U","6.23",",U","9.58",",,,U","2.89",",,,U"
"USR0000ASWA","2013-11","60.7278","-150.8722","85.3","SWANSON RIVER ALASKA, AK US","15.6","U","0.0",",U","4",",U","26",",U","22",",U","0",",U","0",",U","20131130",",,U","20131103",",,U","-22.8",",U,30,","10.6",",U,03,","1542.1","U","691.3",",U","-4.71",",U","-1.69",",,,U","-7.73",",,,U"
"USR0000ASWA","2013-12","60.7278","-150.8722","85.3","SWANSON RIVER ALASKA, AK US","15.6","U","0.0","2,U","8","1,U","30","1,U","28","1,U","0","1,U","0","1,U","20131217",",1,U","20131207","+,1,U","-23.3","1,U,17,","1.1","1,U,07,+","2346.6","U","804.5","1,U","-9.37","2,U","-6.40","1,,,U","-12.34","1,,,U"
"USR0000ASWA","2014-01","60.7278","-150.8722","85.3","SWANSON RIVER ALASKA, AK US","0.0","U","0.0",",U","0",",U","21",",U","9",",U","0",",U","0",",U","20140112",",,U","20140127",",,U","-12.2",",U,12,","12.2",",U,27,","2916.5","U","569.9",",U","-0.05",",U","2.27",",,,U","-2.37",",,,U"
"USR0000ASWA","2014-02","60.7278","-150.8722","85.3","SWANSON RIVER ALASKA, AK US","0.0","U","0.0",",U","2",",U","27",",U","21",",U","0",",U","0",",U","20140212","+,,U","20140227",",,U","-18.3",",U,12,+","12.8",",U,27,","3589.2","U","672.7",",U","-5.69",",U","-1.60",",,,U","-9.78",",,,U"
"USR0000ASWA","2014-03","60.7278","-150.8722","85.3","SWANSON RIVER ALASKA, AK US","0.0","U","0.0",",U","0",",U","30",",U","5",",U","0",",U","0",",U","20140308",",,U","20140330","+,,U","-14.4",",U,08,","7.2",",U,30,+","4213.4","U","624.2",",U","-1.80",",U","3.52",",,,U","-7.13",",,,U"
"USR0000ASWA","2014-04","60.7278","-150.8722","85.3","SWANSON RIVER ALASKA, AK US","0.0","U","0.0",",U","0",",U","15",",U","0",",U","0",",U","0",",U","20140409",",,U","20140430","+,,U","-10.6",",U,09,","16.1",",U,30,+","4634.9","U","421.5",",U","4.28",",U","9.89",",,,U","-1.33",",,,U"
"USR0000ASWA","2014-05","60.7278","-150.8722","85.3","SWANSON RIVER ALASKA, AK US","0.0","U","0.0",",U","0",",U","1",",U","0",",U","5",",U","0",",U","20140513",",,U","20140517",",,U","0.0",",U,13,","26.1",",U,17,","4861.3","U","226.4",",U","11.03",",U","17.67",",,,U","4.38",",,,U"
"USR0000ASWA","2014-06","60.7278","-150.8722","85.3","SWANSON RIVER ALASKA, AK US","0.0","U","0.0",",U","0",",U","0",",U","0",",U","4",",U","0",",U","20140603",",,U","20140604",",,U","2.8",",U,03,","22.8",",U,04,","5057.8","U","196.5",",U","11.78",",U","16.88",",,,U","6.69",",,,U"
"USR0000ASWA","2014-07","60.7278","-150.8722","85.3","SWANSON RIVER ALASKA, AK US","0.6","U","0.6",",U","0",",U","0",",U","0",",U","11",",U","0",",U","20140727","+,,U","20140704",",,U","7.2",",U,27,+","26.7",",U,04,","103.1","U","103.1",",U","15.03",",U","19.96",",,,U","10.09",",,,U"
"USR0000ASWA","2014-08","60.7278","-150.8722","85.3","SWANSON RIVER ALASKA, AK US","0.6","U","0.0",",U","0",",U","0",",U","0",",U","6",",U","0",",U","20140831",",,U","20140805",",,U","2.8",",U,31,","22.8",",U,05,","221.8","U","118.7",",U","14.50",",U","18.53",",,,U","10.48",",,,U"
"USR0000ASWA","2014-09","60.7278","-150.8722","85.3","SWANSON RIVER ALASKA, AK US","0.6","U","0.0",",U","0",",U","1",",U","0",",U","0",",U","0",",U","20140930",",,U","20140911","+,,U","-0.6",",U,30,","18.9",",U,11,+","462.8","U","241.0",",U","10.30",",U","14.24",",,,U","6.36",",,,U"
"USR0000ASWA","2014-10","60.7278","-150.8722","85.3","SWANSON RIVER ALASKA, AK US","0.6","U","0.0",",U","0",",U","21",",U","1",",U","0",",U","0",",U","20141031","+,,U","20141013","+,,U","-8.3",",U,31,+","10.6",",U,13,+","972.8","U","510.0",",U","1.88",",U","5.61",",,,U","-1.85",",,,U"
"USR0000ASWA","2014-11","60.7278","-150.8722","85.3","SWANSON RIVER ALASKA, AK US","0.6","U","0.0",",U","0",",U","18",",U","6",",U","0",",U","0",",U","20141128","+,,U","20141110",",,U","-10.6",",U,28,+","10.0",",U,10,","1501.0","U","528.2",",U","0.73",",U","3.31",",,,U","-1.86",",,,U"
"USR0000ASWA","2014-12","60.7278","-150.8722","85.3","SWANSON RIVER ALASKA, AK US","0.6","U","0.0",",U","0",",U","25",",U","16",",U","0",",U","0",",U","20141213",",,U","20141231","+,,U","-10.0",",U,13,","5.6",",U,31,+","2105.2","U","604.2",",U","-1.16",",U","0.90",",,,U","-3.21",",,,U"
"USR0000ASWA","2015-01","60.7278","-150.8722","85.3","SWANSON RIVER ALASKA, AK US","0.0","U","0.0",",U","2",",U","28",",U","19",",U","0",",U","0",",U","20150126",",,U","20150115","+,,U","-19.4",",U,26,","7.8",",U,15,+","2836.2","U","731.0",",U","-5.25",",U","-2.47",",,,U","-8.03",",,,U"
"USR0000ASWA","2015-02","60.7278","-150.8722","85.3","SWANSON RIVER ALASKA, AK US","0.0","U","0.0",",U","0",",U","24",",U","12",",U","0",",U","0",",U","20150205","+,,U","20150216",",,U","-17.2",",U,05,+","10.0",",U,16,","3434.8","U","598.6",",U","-3.04",",U","0.49",",,,U","-6.58",",,,U"
"USR0000ASWA","2015-03","60.7278","-150.8722","85.3","SWANSON RIVER ALASKA, AK US","0.0","U","0.0",",U","3",",U","27",",U","8",",U","0",",U","0",",U","20150314",",,U","20150330",",,U","-19.4",",U,14,","11.1",",U,30,","4024.2","U","589.4",",U","-0.68",",U","3.71",",,,U","-5.07",",,,U"
"USR0000ASWA","2015-04","60.7278","-150.8722","85.3","SWANSON RIVER ALASKA, AK US","0.0","U","0.0",",U","0",",U","19",",U","0",",U","0",",U","0",",U","20150413",",,U","20150428","+,,U","-5.6",",U,13,","15.0",",U,28,+","4440.1","U","415.9",",U","4.47",",U","9.19",",,,U","-0.25",",,,U"
"USR0000ASWA","2015-05","60.7278","-150.8722","85.3","SWANSON RIVER ALASKA, AK US","0.0","U","0.0",",U","0",",U","0",",U","0",",U","3",",U","0",",U","20150502",",,U","20150531",",,U","1.1",",U,02,","24.4",",U,31,","4699.8","U","259.7",",U","9.96",",U","15.35",",,,U","4.56",",,,U"
"USR0000ASWA","2015-06","60.7278","-150.8722","85.3","SWANSON RIVER ALASKA, AK US","8.9","U","8.9",",U","0",",U","0",",U","0",",U","8",",U","0",",U","20150611","+,,U","20150615",",,U","5.6",",U,11,+","29.4",",U,15,","4837.2","U","137.4",",U","14.05",",U","19.08",",,,U","9.02",",,,U"
"USR0000ASWA","2015-07","60.7278","-150.8722","85.3","SWANSON RIVER ALASKA, AK US","9.4","U","0.5",",U","0",",U","0",",U","0",",U","8",",U","0",",U","20150720","+,,U","20150724","+,,U","8.3",",U,20,+","24.4",",U,24,+","101.9","U","101.9",",U","15.06",",U","19.54",",,,U","10.59",",,,U"
"USR0000ASWA","2015-08","60.7278","-150.8722","85.3","SWANSON RIVER ALASKA, AK US","10.3","U","0.9",",U","0",",U","0",",U","0",",U","11",",U","0",",U","20150829",",,U","20150801",",,U","4.4",",U,29,","26.7",",U,01,","217.8","U","115.9",",U","14.62",",U","19.59",",,,U","9.66",",,,U"
"USR0000ASWA","2015-09","60.7278","-150.8722","85.3","SWANSON RIVER ALASKA, AK US","10.3","U","0.0",",U","0",",U","7",",U","0",",U","0",",U","0",",U","20150924",",,U","20150909",",,U","-3.9",",U,24,","17.8",",U,09,","521.3","U","303.5",",U","8.22",",U","12.08",",,,U","4.35",",,,U"
"USR0000ASWA","2015-10","60.7278","-150.8722","85.3","SWANSON RIVER ALASKA, AK US","10.3","U","0.0",",U","0",",U","6",",U","0",",U","0",",U","0",",U","20151031",",,U","20151009","+,,U","-5.6",",U,31,","12.2",",U,09,+","913.8","U","392.5",",U","5.67",",U","8.45",",,,U","2.89",",,,U"
"USR0000ASWA","2015-11","60.7278","-150.8722","85.3","SWANSON RIVER ALASKA, AK US","10.3","U","0.0",",U","3",",U","28",",U","16",",U","0",",U","0",",U","20151118",",,U","20151125",",,U","-21.1",",U,18,","6.1",",U,25,","1572.5","U","658.7",",U","-3.63",",U","-0.90",",,,U","-6.35",",,,U"
"USR0000ASWA","2015-12","60.7278","-150.8722","85.3","SWANSON RIVER ALASKA, AK US","10.3","U","0.0",",U","0",",U","29",",U","23",",U","0",",U","0",",U","20151207",",,U","20151229",",,U","-16.7",",U,07,","6.1",",U,29,","2284.5","U","712.0",",U","-4.63",",U","-2.21",",,,U","-7.06",",,,U"
"USR0000ASWA","2016-01","60.7278","-150.8722","85.3","SWANSON RIVER ALASKA, AK US","0.0","U","0.0",",U","0",",U","25",",U","14",",U","0",",U","0",",U","20160115",",,U","20160127","+,,U","-8.9",",U,15,","6.1",",U,27,+","2882.0","U","597.5",",U","-0.94",",U","1.27",",,,U","-3.15",",,,U"
"USR0000ASWA","2016-02","60.7278","-150.8722","85.3","SWANSON RIVER ALASKA, AK US","0.0","U","0.0",",U","0",",U","23",",U","6",",U","0",",U","0",",U","20160217",",,U","20160224",",,U","-9.4",",U,17,","9.4",",U,24,","3398.2","U","516.2",",U","0.53",",U","3.56",",,,U","-2.49",",,,U"
"USR0000ASWA","2016-03","60.7278","-150.8722","85.3","SWANSON RIVER ALASKA, AK US","0.0","U","0.0",",U","0",",U","22",",U","2",",U","0",",U","0",",U","20160319",",,U","20160331","+,,U","-9.4",",U,19,","13.3",",U,31,+","3905.8","U","507.6",",U","1.96",",U","5.88",",,,U","-1.96",",,,U"
"USR0000ASWA","2016-04","60.7278","-150.8722","85.3","SWANSON RIVER ALASKA, AK US","0.0","U","0.0",",U","0",",U","5",",U","0",",U","0",",U","0",",U","20160404",",,U","20160424",",,U","-1.7",",U,04,","15.6",",U,24,","4240.0","U","334.2",",U","7.19",",U","12.00",",,,U","2.39",",,,U"
"USR0000ASWA","2016-05","60.7278","-150.8722","85.3","SWANSON RIVER ALASKA, AK US","0.0","U","0.0",",U","0",",U","0",",U","0",",U","6",",U","0",",U","20160502",",,U","20160514",",,U","1.1",",U,02,","23.9",",U,14,","4466.0","U","226.0",",U","11.04",",U","16.42",",,,U","5.66",",,,U"
"USR0000ASWA","2016-06","60.7278","-150.8722","85.3","SWANSON RIVER ALASKA, AK US","0.0","U","0.0",",U","0",",U","0",",U","0",",U","12",",U","0",",U","20160612","+,,U","20160616",",,U","6.7",",U,12,+","26.7",",U,16,","4587.4","U","121.4",",U","14.29",",U","19.48",",,,U","9.09",",,,U"
"USR0000ASWA","2016-07","60.7278","-150.8722","85.3","SWANSON RIVER ALASKA, AK US","5.3","U","5.3",",U","0",",U","0",",U","0",",U","15",",U","0",",U","20160708",",,U","20160718",",,U","9.4",",U,08,","26.7",",U,18,","64.9","U","64.9",",U","16.41",",U","20.85",",,,U","11.97",",,,U"
"USR0000ASWA","2016-08","60.7278","-150.8722","85.3","SWANSON RIVER ALASKA, AK US","5.3","U","0.0",",U","0",",U","0",",U","0",",U","6",",U","0",",U","20160831",",,U","20160828",",,U","6.1",",U,31,","23.9",",U,28,","169.1","U","104.2",",U","14.97",",U","18.55",",,,U","11.39",",,,U"
"USR0000ASWA","2016-09","60.7278","-150.8722","85.3","SWANSON RIVER ALASKA, AK US","5.3","U","0.0",",U","0",",U","1",",U","0",",U","1",",U","0",",U","20160927",",,U","20160901",",,U","-0.6",",U,27,","21.1",",U,01,","413.4","U","244.3",",U","10.19",",U","14.44",",,,U","5.94",",,,U"
"USR0000ASWA","2016-10","60.7278","-150.8722","85.3","SWANSON RIVER ALASKA, AK US","5.3","U","0.0",",U","0",",U","17",",U","0",",U","0",",U","0",",U","20161025",",,U","20161004",",,U","-8.9",",U,25,","13.3",",U,04,","868.1","U","454.7",",U","3.66",",U","7.68",",,,U","-0.35",",,,U"
"USR0000ASWA","2016-11","60.7278","-150.8722","85.3","SWANSON RIVER ALASKA, AK US","5.3","U","0.0",",U","1",",U","22",",U","15",",U","0",",U","0",",U","20161129",",,U","20161101",",,U","-17.8",",U,29,","8.9",",U,01,","1495.4","U","627.3",",U","-2.58",",U","-0.08",",,,U","-5.08",",,,U"
"USR0000ASWA","2016-12","60.7278","-150.8722","85.3","SWANSON RIVER ALASKA, AK US","5.3","U","0.0",",U","4",",U","31",",U","28",",U","0",",U","0",",U","20161212","+,,U","20161217",",,U","-19.4",",U,12,+","1.7",",U,17,","2327.3","U","831.9",",U","-8.50",",U","-5.75",",,,U","-11.25",",,,U"
"USR0000ASWA","2017-01","60.7278","-150.8722","85.3","SWANSON RIVER ALASKA, AK US","0.0","U","0.0",",U","8",",U","31",",U","26",",U","0",",U","0",",U","20170119",",,U","20170126",",,U","-26.1",",U,19,","5.0",",U,26,","3219.7","U","892.4",",U","-10.45",",U","-7.24",",,,U","-13.67",",,,U"
"USR0000ASWA","2017-02","60.7278","-150.8722","85.3","SWANSON RIVER ALASKA, AK US","0.0","U","0.0","1,U","3",",U","28",",U","21","1,U","0","1,U","0","1,U","20170212",",,U","20170214",",1,U","-19.4",",U,12,","6.7","1,U,14,","3887.5","U","667.8","1,U","-6.50","1,U","-2.84","1,,,U","-10.16",",,,U"
"USR0000ASWA","2017-03","60.7278","-150.8722","85.3","SWANSON RIVER ALASKA, AK US","0.0","U","0.0",",U","3",",U","31",",U","17",",U","0",",U","0",",U","20170307",",,U","20170331",",,U","-20.0",",U,07,","3.9",",U,31,","4653.4","U","765.9",",U","-6.37",",U","-0.97",",,,U","-11.77",",,,U"
"USR0000ASWA","2017-04","60.7278","-150.8722","85.3","SWANSON RIVER ALASKA, AK US","0.0","U","0.0",",U","0",",U","18",",U","0",",U","0",",U","0",",U","20170418","+,,U","20170429","+,,U","-3.3",",U,18,+","13.9",",U,29,+","5040.7","U","387.3",",U","5.42",",U","10.59",",,,U","0.26",",,,U"
"USR0000ASWA","2017-05","60.7278","-150.8722","85.3","SWANSON RIVER ALASKA, AK US","0.0","U","0.0",",U","0",",U","0",",U","0",",U","0",",U","0",",U","20170526","+,,U","20170531",",,U","0.6",",U,26,+","20.6",",U,31,","5334.6","U","293.9",",U","8.85",",U","13.98",",,,U","3.73",",,,U"
"USR0000ASWA","2017-06","60.7278","-150.8722","85.3","SWANSON RIVER ALASKA, AK US","0.0","U","0.0",",U","0",",U","0",",U","0",",U","3",",U","0",",U","20170615",",,U","20170601",",,U","4.4",",U,15,","23.9",",U,01,","5524.2","U","189.6",",U","12.01",",U","16.36",",,,U","7.67",",,,U"
"USR0000ASWA","2017-07","60.7278","-150.8722","85.3","SWANSON RIVER ALASKA, AK US","0.0","U","0.0",",U","0",",U","0",",U","0",",U","5",",U","0",",U","20170710",",,U","20170713",",,U","7.2",",U,10,","25.6",",U,13,","115.5","U","115.5",",U","14.61",",U","18.77",",,,U","10.44",",,,U"
"USR0000ASWA","2017-08","60.7278","-150.8722","85.3","SWANSON RIVER ALASKA, AK US","0.0","U","0.0",",U","0",",U","0",",U","0",",U","3",",U","0",",U","20170827","+,,U","20170805",",,U","6.1",",U,27,+","23.9",",U,05,","280.1","U","164.6",",U","13.02",",U","16.42",",,,U","9.63",",,,U"
"USR0000ASWA","2017-09","60.7278","-150.8722","85.3","SWANSON RIVER ALASKA, AK US","0.0","U","0.0",",U","0",",U","0",",U","0",",U","0",",U","0",",U","20170930",",,U","20170904",",,U","2.8",",U,30,","18.9",",U,04,","520.1","U","240.0",",U","10.33",",U","13.66",",,,U","7.01",",,,U"
"USR0000ASWA","2017-10","60.7278","-150.8722","85.3","SWANSON RIVER ALASKA, AK US","0.0","U","0.0",",U","0",",U","12",",U","2",",U","0",",U","0",",U","20171020",",,U","20171003",",,U","-10.0",",U,20,","12.8",",U,03,","970.1","U","450.0",",U","3.82",",U","7.18",",,,U","0.46",",,,U"
"USR0000ASWA","2017-11","60.7278","-150.8722","85.3","SWANSON RIVER ALASKA, AK US","0.0","U","0.0",",U","0",",U","30",",U","25",",U","0",",U","0",",U","20171126",",,U","20171101",",,U","-16.1",",U,26,","3.9",",U,01,","1689.0","U","718.9",",U","-5.63",",U","-2.29",",,,U","-8.97",",,,U"
"USR0000ASWA","2017-12","60.7278","-150.8722","85.3","SWANSON RIVER ALASKA, AK US","0.0","U","0.0",",U","0",",U","26",",U","15",",U","0",",U","0",",U","20171229",",,U","20171213","+,,U","-16.7",",U,29,","7.2",",U,13,+","2342.2","U","653.2",",U","-2.74",",U","-0.16",",,,U","-5.31",",,,U"
"USR0000ASWA","2018-01","60.7278","-150.8722","85.3","SWANSON RIVER ALASKA, AK US","0.0","U","0.0",",U","2",",U","30",",U","23",",U","0",",U","0",",U","20180125",",,U","20180116",",,U","-20.0",",U,25,","6.7",",U,16,","3095.5","U","753.3",",U","-5.97",",U","-3.17",",,,U","-8.76",",,,U"
"USR0000ASWA","2018-02","60.7278","-150.8722","85.3","SWANSON RIVER ALASKA, AK US","0.0","U","0.0",",U","3",",U","28",",U","25",",U","0",",U","0",",U","20180205",",,U","20180213",",,U","-18.9",",U,05,","5.0",",U,13,","3790.0","U","694.5",",U","-6.47",",U","-2.21",",,,U","-10.73",",,,U"
"USR0000ASWA","2018-03","60.7278","-150.8722","85.3","SWANSON RIVER ALASKA, AK US","0.0","U","0.0",",U","0",",U","30",",U","8",",U","0",",U","0",",U","20180301",",,U","20180312",",,U","-15.6",",U,01,","7.8",",U,12,","4395.0","U","605.0",",U","-1.18",",U","3.63",",,,U","-6.00",",,,U"
"USR0000ASWA","2018-04","60.7278","-150.8722","85.3","SWANSON RIVER ALASKA, AK US","0.0","U","0.0",",U","0",",U","11",",U","1",",U","0",",U","0",",U","20180404",",,U","20180412","+,,U","-6.7",",U,04,","13.9",",U,12,+","4801.0","U","406.0",",U","4.80",",U","9.41",",,,U","0.19",",,,U"
"USR0000ASWA","2018-05","60.7278","-150.8722","85.3","SWANSON RIVER ALASKA, AK US","0.0","U","0.0",",U","0",",U","3",",U","0",",U","1",",U","0",",U","20180513",",,U","20180527",",,U","-0.6",",U,13,","21.1",",U,27,","5111.6","U","310.6",",U","8.31",",U","12.92",",,,U","3.71",",,,U"
"USR0000ASWA","2018-06","60.7278","-150.8722","85.3","SWANSON RIVER ALASKA, AK US","0.0","U","0.0",",U","0",",U","0",",U","0",",U","4",",U","0",",U","20180605",",,U","20180602",",,U","3.3",",U,05,","22.8",",U,02,","5292.2","U","180.6",",U","12.31",",U","17.22",",,,U","7.40",",,,U"
"USR0000ASWA","2018-07","60.7278","-150.8722","85.3","SWANSON RIVER ALASKA, AK US","2.5","U","2.5",",U","0",",U","0",",U","0",",U","13",",U","0",",U","20180712",",,U","20180703",",,U","6.7",",U,12,","27.2",",U,03,","95.5","U","95.5",",U","15.33",",U","20.32",",,,U","10.34",",,,U"
"USR0000ASWA","2018-08","60.7278","-150.8722","85.3","SWANSON RIVER ALASKA, AK US","2.5","U","0.0",",U","0",",U","0",",U","0",",U","5",",U","0",",U","20180829",",,U","20180804",",,U","5.0",",U,29,","24.4",",U,04,","230.8","U","135.3",",U","13.97",",U","17.96",",,,U","9.97",",,,U"
"USR0000ASWA","2018-09","60.7278","-150.8722","85.3","SWANSON RIVER ALASKA, AK US","2.5","U","0.0",",U","0",",U","0",",U","0",",U","1",",U","0",",U","20180926",",,U","20180912",",,U","2.8",",U,26,","21.1",",U,12,","429.7","U","198.9",",U","11.70",",U","16.76",",,,U","6.64",",,,U"
"USR0000ASWA","2018-10","60.7278","-150.8722","85.3","SWANSON RIVER ALASKA, AK US","2.5","U","0.0",",U","0",",U","4",",U","0",",U","0",",U","0",",U","20181030",",,U","20181003",",,U","-6.7",",U,30,","15.6",",U,03,","789.4","U","359.7",",U","6.73",",U","9.86",",,,U","3.60",",,,U"
"USR0000ASWA","2018-11","60.7278","-150.8722","85.3","SWANSON RIVER ALASKA, AK US","2.5","U","0.0",",U","0",",U","23",",U","7",",U","0",",U","0",",U","20181102",",,U","20181113",",,U","-10.6",",U,02,","9.4",",U,13,","1357.5","U","568.1",",U","-0.60",",U","2.16",",,,U","-3.37",",,,U"
"USR0000ASWA","2018-12","60.7278","-150.8722","85.3","SWANSON RIVER ALASKA, AK US","2.5","U","0.0",",U","0",",U","29",",U","22",",U","0",",U","0",",U","20181224","+,,U","20181201",",,U","-13.9",",U,24,+","6.7",",U,01,","2049.8","U","692.3",",U","-4.00",",U","-1.94",",,,U","-6.06",",,,U"
"USR0000ASWA","2019-01","60.7278","-150.8722","85.3","SWANSON RIVER ALASKA, AK US","0.0","U","0.0",",U","6",",U","28",",U","17",",U","0",",U","0",",U","20190107",",,U","20190124",",,U","-22.8",",U,07,","6.7",",U,24,","2818.5","U","768.7",",U","-6.46",",U","-3.57",",,,U","-9.35",",,,U"
"USR0000ASWA","2019-02","60.7278","-150.8722","85.3","SWANSON RIVER ALASKA, AK US","0.0","U","0.0",",U","0",",U","28",",U","16",",U","0",",U","0",",U","20190215",",,U","20190228",",,U","-17.2",",U,15,","3.9",",U,28,","3480.0","U","661.5",",U","-5.29",",U","-0.99",",,,U","-9.60",",,,U"
"USR0000ASWA","2019-03","60.7278","-150.8722","85.3","SWANSON RIVER ALASKA, AK US","0.0","U","0.0",",U","0",",U","21",",U","0",",U","0",",U","0",",U","20190301",",,U","20190331",",,U","-11.7",",U,01,","13.3",",U,31,","3955.0","U","475.0",",U","3.01",",U","7.47",",,,U","-1.45",",,,U"
"USR0000ASWA","2019-04","60.7278","-150.8722","85.3","SWANSON RIVER ALASKA, AK US","0.0","U","0.0",",U","0",",U","22",",U","0",",U","0",",U","0",",U","20190424","+,,U","20190430",",,U","-4.4",",U,24,+","15.0",",U,30,","4366.4","U","411.4",",U","4.62",",U","10.10",",,,U","-0.86",",,,U"
"USR0000ASWA","2019-05","60.7278","-150.8722","85.3","SWANSON RIVER ALASKA, AK US","0.0","U","0.0",",U","0",",U","0",",U","0",",U","0",",U","0",",U","20190505",",,U","20190522",",,U","0.6",",U,05,","20.6",",U,22,","4637.5","U","271.1",",U","9.59",",U","14.45",",,,U","4.73",",,,U"
"USR0000ASWA","2019-06","60.7278","-150.8722","85.3","SWANSON RIVER ALASKA, AK US","9.0","U","9.0",",U","0",",U","0",",U","0",",U","19",",U","0",",U","20190610",",,U","20190629",",,U","5.6",",U,10,","31.1",",U,29,","4734.5","U","97.0",",U","15.40",",U","22.03",",,,U","8.76",",,,U"
"USR0000ASWA","2019-07","60.7278","-150.8722","85.3","SWANSON RIVER ALASKA, AK US","37.7","U","28.7",",U","0",",U","0",",U","0",",U","21",",U","2",",U","20190729",",,U","20190704",",,U","8.9",",U,29,","32.8",",U,04,","44.4","U","44.4",",U","17.83",",U","23.84",",,,U","11.82",",,,U"
"USR0000ASWA","2019-08","60.7278","-150.8722","85.3","SWANSON RIVER ALASKA, AK US","59.7","U","22.0",",U","0",",U","0",",U","0",",U","24",",U","0",",U","20190822","+,,U","20190816",",,U","5.0",",U,22,+","28.3",",U,16,","107.8","U","63.4",",U","17.00",",U","23.44",",,,U","10.56",",,,U"
"USR0000ASWA","2019-09","60.7278","-150.8722","85.3","SWANSON RIVER ALASKA, AK US","59.7","U","0.0",",U","0",",U","2",",U","0",",U","2",",U","0",",U","20190927",",,U","20190901",",,U","-0.6",",U,27,","23.3",",U,01,","328.9","U","221.1",",U","10.96",",U","15.07",",,,U","6.85",",,,U"
"USR0000ASWA","2019-10","60.7278","-150.8722","85.3","SWANSON RIVER ALASKA, AK US","59.7","U","0.0",",U","0",",U","9",",U","0",",U","0",",U","0",",U","20191007",",,U","20191028",",,U","-2.8",",U,07,","13.9",",U,28,","733.8","U","404.9",",U","5.27",",U","8.60",",,,U","1.94",",,,U"
"USR0000ASWA","2019-11","60.7278","-150.8722","85.3","SWANSON RIVER ALASKA, AK US","59.7","U","0.0","2,U","0","1,U","15","1,U","3","1,U","0","1,U","0","1,U","20191126",",1,U","20191108",",1,U","-11.7","1,U,26,","8.3","1,U,08,","1213.6","U","479.8","1,U","1.26","2,U","3.35","1,,,U","-0.83","1,,,U"
"USR0000ASWA","2019-12","60.7278","-150.8722","85.3","SWANSON RIVER ALASKA, AK US","59.7","U","0.0","1,U","1","1,U","26","1,U","17",",U","0",",U","0",",U","20191227",",1,U","20191209",",,U","-20.0","1,U,27,","6.7",",U,09,","1901.4","U","687.8",",U","-4.46","1,U","-1.77",",,,U","-7.15","1,,,U"
"USR0000ASWA","2020-01","60.7278","-150.8722","85.3","SWANSON RIVER ALASKA, AK US","0.0","U","0.0","1,U","21",",U","31",",U","30","1,U","0","1,U","0","1,U","20200108","+,,U","20200129",",1,U","-27.2",",U,08,+","-2.2","1,U,29,","2926.8","U","1025.4","1,U","-15.80","1,U","-11.96","1,,,U","-19.64",",,,U"
"USR0000ASWA","2020-02","60.7278","-150.8722","85.3","SWANSON RIVER ALASKA, AK US","0.0","U","0.0",",U","2",",U","29",",U","20",",U","0",",U","0",",U","20200202",",,U","20200208",",,U","-19.4",",U,02,","4.4",",U,08,","3636.2","U","709.4",",U","-6.13",",U","-2.19",",,,U","-10.07",",,,U"
"USR0000ASWA","2020-03","60.7278","-150.8722","85.3","SWANSON RIVER ALASKA, AK US","0.0","U","0.0",",U","2",",U","31",",U","14",",U","0",",U","0",",U","20200304",",,U","20200326","+,,U","-21.1",",U,04,","10.0",",U,26,+","4327.9","U","691.7",",U","-3.98",",U","1.46",",,,U","-9.43",",,,U"
"USR0000ASWA","2020-04","60.7278","-150.8722","85.3","SWANSON RIVER ALASKA, AK US","0.0","U","0.0",",U","0",",U","16",",U","0",",U","0",",U","0",",U","20200409",",,U","20200428",",,U","-11.1",",U,09,","14.4",",U,28,","4767.5","U","439.6",",U","3.68",",U","8.56",",,,U","-1.20",",,,U"
"USR0000ASWA","2020-05","60.7278","-150.8722","85.3","SWANSON RIVER ALASKA, AK US","0.0","U","0.0",",U","0",",U","1",",U","0",",U","2",",U","0",",U","20200502",",,U","20200529",",,U","-1.1",",U,02,","23.9",",U,29,","5006.5","U","239.0",",U","10.62",",U","16.25",",,,U","5.00",",,,U"
"USR0000ASWA","2020-06","60.7278","-150.8722","85.3","SWANSON RIVER ALASKA, AK US","0.0","U","0.0",",U","0",",U","0",",U","0",",U","7",",U","0",",U","20200610",",,U","20200613",",,U","3.9",",U,10,","22.2",",U,13,","5169.7","U","163.2",",U","12.89",",U","18.78",",,,U","7.00",",,,U"
"USR0000ASWA","2020-07","60.7278","-150.8722","85.3","SWANSON RIVER ALASKA, AK US","3.9","U","3.9",",U","0",",U","0",",U","0",",U","22",",U","0",",U","20200713",",,U","20200704",",,U","7.2",",U,13,","28.3",",U,04,","67.5","U","67.5",",U","16.28",",U","21.95",",,,U","10.61",",,,U"
"USR0000ASWA","2020-08","60.7278","-150.8722","85.3","SWANSON RIVER ALASKA, AK US","6.1","U","2.2",",U","0",",U","0",",U","0",",U","12",",U","0",",U","20200828",",,U","20200821",",,U","5.0",",U,28,","26.1",",U,21,","169.9","U","102.4",",U","15.10",",U","20.08",",,,U","10.12",",,,U"
"USR0000ASWA","2020-09","60.7278","-150.8722","85.3","SWANSON RIVER ALASKA, AK US","6.1","U","0.0",",U","0",",U","0",",U","0",",U","0",",U","0",",U","20200912",",,U","20200913",",,U","0.6",",U,12,","18.9",",U,13,","401.7","U","231.8",",U","10.61",",U","14.80",",,,U","6.41",",,,U"
"USR0000ASWA","2020-10","60.7278","-150.8722","85.3","SWANSON RIVER ALASKA, AK US","6.1","U","0.0",",U","0",",U","13",",U","3",",U","0",",U","0",",U","20201031",",,U","20201002",",,U","-11.7",",U,31,","17.8",",U,02,","843.6","U","441.9",",U","4.08",",U","7.94",",,,U","0.22",",,,U"
"USR0000ASWA","2020-11","60.7278","-150.8722","85.3","SWANSON RIVER ALASKA, AK US","6.1","U","0.0",",U","0",",U","29",",U","18",",U","0",",U","0",",U","20201118",",,U","20201111",",,U","-15.6",",U,18,","5.0",",U,11,","1508.6","U","665.0",",U","-3.84",",U","-0.84",",,,U","-6.83",",,,U"
"USR0000ASWA","2020-12","60.7278","-150.8722","85.3","SWANSON RIVER ALASKA, AK US","6.1","U","0.0",",U","0",",U","31",",U","21",",U","0",",U","0",",U","20201205",",,U","20201228",",,U","-17.2",",U,05,","4.4",",U,28,","2219.8","U","711.2",",U","-4.61",",U","-2.18",",,,U","-7.04",",,,U"
"USR0000ASWA","2021-01","60.7278","-150.8722","85.3","SWANSON RIVER ALASKA, AK US","0.0","U","0.0",",U","4",",U","29",",U","14",",U","0",",U","0",",U","20210131","+,,U","20210122",",,U","-17.8",",U,31,+","6.7",",U,22,","2907.3","U","687.5",",U","-3.84",",U","-0.74",",,,U","-6.95",",,,U"
"USR0000ASWA","2021-02","60.7278","-150.8722","85.3","SWANSON RIVER ALASKA, AK US","0.0","U","0.0",",U","4",",U","28",",U","25",",U","0",",U","0",",U","20210208",",,U","20210225",",,U","-18.9",",U,08,","5.0",",U,25,","3648.4","U","741.1",",U","-8.14",",U","-4.58",",,,U","-11.69",",,,U"
"USR0000ASWA","2021-03","60.7278","-150.8722","85.3","SWANSON RIVER ALASKA, AK US","0.0","U","0.0",",U","3",",U","31",",U","14",",U","0",",U","0",",U","20210313","+,,U","20210330",",,U","-18.9",",U,13,+","7.8",",U,30,","4380.3","U","731.9",",U","-5.28",",U","0.66",",,,U","-11.21",",,,U"
"USR0000ASWA","2021-04","60.7278","-150.8722","85.3","SWANSON RIVER ALASKA, AK US","0.0","U","0.0",",U","0",",U","20",",U","3",",U","0",",U","0",",U","20210410",",,U","20210426","+,,U","-14.4",",U,10,","17.8",",U,26,+","4829.1","U","448.8",",U","3.37",",U","9.56",",,,U","-2.82",",,,U"
"USR0000ASWA","2021-05","60.7278","-150.8722","85.3","SWANSON RIVER ALASKA, AK US","0.0","U","0.0",",U","0",",U","2",",U","0",",U","2",",U","0",",U","20210501",",,U","20210525",",,U","-2.8",",U,01,","24.4",",U,25,","5117.2","U","288.1",",U","9.04",",U","14.43",",,,U","3.65",",,,U"
"USR0000ASWA","2021-06","60.7278","-150.8722","85.3","SWANSON RIVER ALASKA, AK US","0.0","U","0.0",",U","0",",U","0",",U","0",",U","7",",U","0",",U","20210602",",,U","20210629",",,U","2.8",",U,02,","23.3",",U,29,","5278.7","U","161.5",",U","12.95",",U","18.50",",,,U","7.40",",,,U"
"USR0000ASWA","2021-07","60.7278","-150.8722","85.3","SWANSON RIVER ALASKA, AK US","7.0","U","7.0","1,U","0","1,U","0","1,U","0","1,U","10","1,U","0","1,U","20210707",",1,U","20210718",",1,U","6.1","1,U,07,","30.0","1,U,18,","120.5","U","120.5","1,U","14.55","1,U","19.51","1,,,U","9.58","1,,,U"
"USR0000ASWA","2021-08","60.7278","-150.8722","85.3","SWANSON RIVER ALASKA, AK US","7.6","U","0.6",",U","0",",U","0",",U","0",",U","7",",U","0",",U","20210828",",,U","20210802",",,U","2.8",",U,28,","27.8",",U,02,","264.5","U","144.0",",U","13.70",",U","18.86",",,,U","8.55",",,,U"
"USR0000ASWA","2021-09","60.7278","-150.8722","85.3","SWANSON RIVER ALASKA, AK US","7.6","U","0.0",",U","0",",U","7",",U","0",",U","0",",U","0",",U","20210930","+,,U","20210906",",,U","-3.3",",U,30,+","19.4",",U,06,","561.6","U","297.1",",U","8.43",",U","12.76",",,,U","4.10",",,,U"
"USR0000ASWA","2021-10","60.7278","-150.8722","85.3","SWANSON RIVER ALASKA, AK US","7.6","U","0.0",",U","0",",U","14",",U","0",",U","0",",U","0",",U","20211029",",,U","20211007",",,U","-5.6",",U,29,","12.2",",U,07,","1021.9","U","460.3",",U","3.49",",U","6.58",",,,U","0.39",",,,U"
"USR0000ASWA","2021-11","60.7278","-150.8722","85.3","SWANSON RIVER ALASKA, AK US","7.6","U","0.0",",U","10",",U","27",",U","24",",U","0",",U","0",",U","20211119","+,,U","20211103",",,U","-20.6",",U,19,+","5.6",",U,03,","1824.1","U","802.2",",U","-8.41",",U","-5.59",",,,U","-11.23",",,,U"
"USR0000ASWA","2021-12","60.7278","-150.8722","85.3","SWANSON RIVER ALASKA, AK US","7.6","U","0.0","4,U","5","2,U","29","2,U","26","2,U","0","2,U","0","2,U","20211213",",2,U","20211228",",2,U","-25.0","2,U,13,","4.4","2,U,28,","2562.3","U","738.2","2,U","-9.00","4,U","-5.95","2,,,U","-12.05","2,,,U"
"USR0000ASWA","2022-01","60.7278","-150.8722","85.3","SWANSON RIVER ALASKA, AK US","0.0","U","0.0",",U","6",",U","28",",U","23",",U","0",",U","0",",U","20220107",",,U","20220124","+,,U","-23.3",",U,07,","6.1",",U,24,+","3332.3","U","770.0",",U","-6.50",",U","-3.80",",,,U","-9.21",",,,U"
"USR0000ASWA","2022-02","60.7278","-150.8722","85.3","SWANSON RIVER ALASKA, AK US","0.0","U","0.0",",U","0",",U","26",",U","14",",U","0",",U","0",",U","20220209","+,,U","20220225",",,U","-11.7",",U,09,+","10.0",",U,25,","3905.7","U","573.4",",U","-2.14",",U","0.78",",,,U","-5.06",",,,U"
"USR0000ASWA","2022-03","60.7278","-150.8722","85.3","SWANSON RIVER ALASKA, AK US","0.0","U","0.0",",U","0",",U","28",",U","1",",U","0",",U","0",",U","20220315",",,U","20220330",",,U","-11.1",",U,15,","11.7",",U,30,","4438.3","U","532.6",",U","1.15",",U","5.39",",,,U","-3.09",",,,U"
"USR0000ASWA","2022-04","60.7278","-150.8722","85.3","SWANSON RIVER ALASKA, AK US","0.0","U","0.0",",U","0",",U","18",",U","0",",U","0",",U","0",",U","20220410",",,U","20220427",",,U","-6.7",",U,10,","15.6",",U,27,","4864.0","U","425.7",",U","4.14",",U","9.56",",,,U","-1.28",",,,U"
"USR0000ASWA","2022-05","60.7278","-150.8722","85.3","SWANSON RIVER ALASKA, AK US","0.0","U","0.0",",U","0",",U","2",",U","0",",U","10",",U","0",",U","20220515","+,,U","20220528",",,U","0.0",",U,15,+","26.1",",U,28,","5105.5","U","241.5",",U","10.54",",U","17.40",",,,U","3.69",",,,U"
"USR0000ASWA","2022-06","60.7278","-150.8722","85.3","SWANSON RIVER ALASKA, AK US","4.2","U","4.2",",U","0",",U","0",",U","0",",U","20",",U","0",",U","20220614",",,U","20220622",",,U","5.6",",U,14,","29.4",",U,22,","5192.1","U","86.6",",U","15.59",",U","22.69",",,,U","8.48",",,,U"
"USR0000ASWA","2022-07","60.7278","-150.8722","85.3","SWANSON RIVER ALASKA, AK US","5.4","U","1.2",",U","0",",U","0",",U","0",",U","15",",U","0",",U","20220727",",,U","20220705",",,U","5.0",",U,27,","27.8",",U,05,","90.1","U","90.1",",U","15.47",",U","20.59",",,,U","10.34",",,,U"
"USR0000ASWA","2022-08","60.7278","-150.8722","85.3","SWANSON RIVER ALASKA, AK US","5.4","U","0.0",",U","0",",U","0",",U","0",",U","4",",U","0",",U","20220829",",,U","20220803",",,U","6.1",",U,29,","26.1",",U,03,","225.5","U","135.4",",U","13.97",",U","17.73",",,,U","10.20",",,,U"
"USR0000ASWA","2022-09","60.7278","-150.8722","85.3","SWANSON RIVER ALASKA, AK US","5.4","U","0.0",",U","0",",U","0",",U","0",",U","0",",U","0",",U","20220927",",,U","20220902",",,U","2.2",",U,27,","18.9",",U,02,","469.1","U","243.6",",U","10.21",",U","14.05",",,,U","6.37",",,,U"
"USR0000ASWA","2022-10","60.7278","-150.8722","85.3","SWANSON RIVER ALASKA, AK US","5.4","U","0.0",",U","0",",U","16",",U","5",",U","0",",U","0",",U","20221028",",,U","20221006",",,U","-11.1",",U,28,","17.2",",U,06,","935.9","U","466.8",",U","3.27",",U","6.66",",,,U","-0.11",",,,U"
"USR0000ASWA","2022-11","60.7278","-150.8722","85.3","SWANSON RIVER ALASKA, AK US","5.4","U","0.0",",U","2",",U","28",",U","13",",U","0",",U","0",",U","20221129",",,U","20221112",",,U","-20.6",",U,29,","8.9",",U,12,","1594.8","U","658.9",",U","-3.63",",U","-0.27",",,,U","-6.99",",,,U"
"USR0000ASWA","2022-12","60.7278","-150.8722","85.3","SWANSON RIVER ALASKA, AK US","5.4","U","0.0",",U","7",",U","31",",U","30",",U","0",",U","0",",U","20221220","+,,U","20221226",",,U","-23.9",",U,20,+","0.6",",U,26,","2436.9","U","842.1",",U","-8.83",",U","-6.08",",,,U","-11.58",",,,U"
"USR0000ASWA","2023-01","60.7278","-150.8722","85.3","SWANSON RIVER ALASKA, AK US","0.0","U","0.0",",U","1",",U","31",",U","18",",U","0",",U","0",",U","20230108",",,U","20230102",",,U","-21.1",",U,08,","4.4",",U,02,","3110.0","U","673.1",",U","-3.38",",U","-0.83",",,,U","-5.93",",,,U"
"USR0000ASWA","2023-02","60.7278","-150.8722","85.3","SWANSON RIVER ALASKA, AK US","0.0","U","0.0",",U","1",",U","28",",U","24",",U","0",",U","0",",U","20230227",",,U","20230223",",,U","-18.9",",U,27,","1.7",",U,23,","3779.0","U","669.0",",U","-5.56",",U","-2.23",",,,U","-8.89",",,,U"
"USR0000ASWA","2023-03","60.7278","-150.8722","85.3","SWANSON RIVER ALASKA, AK US","0.0","U","0.0",",U","1",",U","31",",U","7",",U","0",",U","0",",U","20230304",",,U","20230308",",,U","-18.9",",U,04,","11.7",",U,08,","4410.7","U","631.7",",U","-2.05",",U","3.38",",,,U","-7.47",",,,U"
"USR0000ASWA","2023-04","60.7278","-150.8722","85.3","SWANSON RIVER ALASKA, AK US","0.0","U","0.0",",U","0",",U","27",",U","2",",U","0",",U","0",",U","20230409",",,U","20230421",",,U","-12.8",",U,09,","16.1",",U,21,","4905.9","U","495.2",",U","1.83",",U","7.22",",,,U","-3.57",",,,U"
"USR0000ASWA","2023-05","60.7278","-150.8722","85.3","SWANSON RIVER ALASKA, AK US","0.0","U","0.0",",U","0",",U","3",",U","0",",U","0",",U","0",",U","20230508",",,U","20230520","+,,U","-1.7",",U,08,","17.8",",U,20,+","5212.7","U","306.8",",U","8.44",",U","13.02",",,,U","3.85",",,,U"
"USR0000ASWA","2023-06","60.7278","-150.8722","85.3","SWANSON RIVER ALASKA, AK US","0.0","U","0.0",",U","0",",U","0",",U","0",",U","5",",U","0",",U","20230614","+,,U","20230618",",,U","3.9",",U,14,+","25.6",",U,18,","5394.7","U","182.0",",U","12.27",",U","16.73",",,,U","7.80",",,,U"
"USR0000ASWA","2023-07","60.7278","-150.8722","85.3","SWANSON RIVER ALASKA, AK US","2.9","U","2.9",",U","0",",U","0",",U","0",",U","12",",U","0",",U","20230708",",,U","20230713",",,U","5.6",",U,08,","27.8",",U,13,","112.0","U","112.0",",U","14.81",",U","19.50",",,,U","10.13",",,,U"
"USR0000ASWA","2023-08","60.7278","-150.8722","85.3","SWANSON RIVER ALASKA, AK US","3.5","U","0.6",",U","0",",U","0",",U","0",",U","11",",U","0",",U","20230818",",,U","20230801",",,U","7.2",",U,18,","27.8",",U,01,","206.6","U","94.6",",U","15.30",",U","20.12",",,,U","10.48",",,,U"
"USR0000ASWA","2023-09","60.7278","-150.8722","85.3","SWANSON RIVER ALASKA, AK US","3.5","U","0.0",",U","0",",U","4",",U","0",",U","0",",U","0",",U","20230928",",,U","20230904",",,U","-1.1",",U,28,","20.0",",U,04,","489.3","U","282.7",",U","8.91",",U","13.30",",,,U","4.52",",,,U"
"USR0000ASWA","2023-10","60.7278","-150.8722","85.3","SWANSON RIVER ALASKA, AK US","3.5","U","0.0",",U","0",",U","17",",U","0",",U","0",",U","0",",U","20231021",",,U","20231007",",,U","-7.8",",U,21,","12.8",",U,07,","957.3","U","468.0",",U","3.24",",U","6.97",",,,U","-0.50",",,,U"
"USR0000ASWA","2023-11","60.7278","-150.8722","85.3","SWANSON RIVER ALASKA, AK US","3.5","U","0.0","4,U","1","3,U","21","3,U","12","3,U","0","3,U","0","3,U","20231119",",3,U","20231103",",3,U","-18.3","3,U,19,","6.7","3,U,03,","1489.0","U","531.7","3,U","-2.02","4,U","0.47","3,,,U","-4.51","3,,,U"
"USR0000ASWA","2023-12","60.7278","-150.8722","85.3","SWANSON RIVER ALASKA, AK US","3.5","U","0.0",",U","4",",U","31",",U","30",",U","0",",U","0",",U","20231230",",,U","20231217",",,U","-25.0",",U,30,","0.6",",U,17,","2318.2","U","829.2",",U","-8.42",",U","-5.42",",,,U","-11.42",",,,U"
"USR0000ASWA","2024-01","60.7278","-150.8722","85.3","SWANSON RIVER ALASKA, AK US","0.0","","0.0","1,U","10","1,U","30","1,U","26","1,U","0","1,U","0","1,U","20240127",",1,U","20240107","+,1,U","-25.0","1,U,27,","3.9","1,U,07,+","3151.9","","833.7","1,U","-9.46","1,U","-5.85","1,,,U","-13.06","1,,,U"
"USR0000ASWA","2024-02","60.7278","-150.8722","85.3","SWANSON RIVER ALASKA, AK US","0.0","","0.0",",U","3",",U","27",",U","12",",U","0",",U","0",",U","20240202","+,,U","20240214",",,U","-26.1",",U,02,+","11.7",",U,14,","3792.8","","640.9",",U","-3.77",",U","-0.25",",,,U","-7.28",",,,U"
"USR0000ASWA","2024-03","60.7278","-150.8722","85.3","SWANSON RIVER ALASKA, AK US","0.0","","0.0",",U","0",",U","27",",U","8",",U","0",",U","0",",U","20240303",",,U","20240321",",,U","-16.7",",U,03,","10.0",",U,21,","4379.9","","587.1",",U","-0.61",",U","3.47",",,,U","-4.68",",,,U"
"USR0000ASWA","2024-04","60.7278","-150.8722","85.3","SWANSON RIVER ALASKA, AK US","0.0","","0.0",",U","0",",U","17",",U","0",",U","0",",U","0",",U","20240403",",,U","20240428",",,U","-7.2",",U,03,","17.2",",U,28,","4805.9","","426.0",",U","4.13",",U","9.39",",,,U","-1.13",",,,U"
"USR0000ASWA","2024-05","60.7278","-150.8722","85.3","SWANSON RIVER ALASKA, AK US","0.0","","0.0",",U","0",",U","2",",U","0",",U","0",",U","0",",U","20240510",",,U","20240528","+,,U","-1.1",",U,10,","17.2",",U,28,+","5120.2","","314.3",",U","8.20",",U","12.94",",,,U","3.45",",,,U"
