"STATION","DATE","LATITUDE","LONGITUDE","ELEVATION","NAME","ADPT","ADPT_ATTRIBUTES","ASLP","ASLP_ATTRIBUTES","ASTP","ASTP_ATTRIBUTES","AWBT","AWBT_ATTRIBUTES","AWND","AWND_ATTRIBUTES","CDSD","CDSD_ATTRIBUTES","CLDD","CLDD_ATTRIBUTES","DP01","DP01_ATTRIBUTES","DP10","DP10_ATTRIBUTES","DP1X","DP1X_ATTRIBUTES","DSND","DSND_ATTRIBUTES","DSNW","DSNW_ATTRIBUTES","DT00","DT00_ATTRIBUTES","DT32","DT32_ATTRIBUTES","DX32","DX32_ATTRIBUTES","DX70","DX70_ATTRIBUTES","DX90","DX90_ATTRIBUTES","DYFG","DYFG_ATTRIBUTES","DYHF","DYHF_ATTRIBUTES","DYNT","DYNT_ATTRIBUTES","DYSD","DYSD_ATTRIBUTES","DYSN","DYSN_ATTRIBUTES","DYTS","DYTS_ATTRIBUTES","DYXP","DYXP_ATTRIBUTES","DYXT","DYXT_ATTRIBUTES","EMNT","EMNT_ATTRIBUTES","EMSD","EMSD_ATTRIBUTES","EMSN","EMSN_ATTRIBUTES","EMXP","EMXP_ATTRIBUTES","EMXT","EMXT_ATTRIBUTES","HDSD","HDSD_ATTRIBUTES","HTDD","HTDD_ATTRIBUTES","PRCP","PRCP_ATTRIBUTES","PSUN","PSUN_ATTRIBUTES","RHAV","RHAV_ATTRIBUTES","RHMN","RHMN_ATTRIBUTES","RHMX","RHMX_ATTRIBUTES","SNOW","SNOW_ATTRIBUTES","TAVG","TAVG_ATTRIBUTES","TMAX","TMAX_ATTRIBUTES","TMIN","TMIN_ATTRIBUTES","TSUN","TSUN_ATTRIBUTES","WDF1","WDF1_ATTRIBUTES","WDF2","WDF2_ATTRIBUTES","WDF5","WDF5_ATTRIBUTES","WDFG","WDFG_ATTRIBUTES","WDFM","WDFM_ATTRIBUTES","WSF1","WSF1_ATTRIBUTES","WSF2","WSF2_ATTRIBUTES","WSF5","WSF5_ATTRIBUTES","WSFG","WSFG_ATTRIBUTES","WSFM","WSFM_ATTRIBUTES"
"USW00022521","1940-06","21.32402","-157.93946","1.9","HONOLULU INTERNATIONAL AIRPORT, HI US","","","","","","","","","","","","","202.4","4,S","10",",S","1",",S","0",",S","","","","","0","1,S","0","1,S","0","3,S","27","3,S","0","3,S","","","","","19400611",",1,S","","","","","","","19400624",",,S","19400625","+,3,S","20.8","1,S,11,","","","","","8.9",",,S,24,","30.2","3,S,25,+","","","0.0","3,S","14.5",",,,S","","","","","","","","","","","26.12","4,S","29.56","3,,,S","22.69","1,,,S","","","","","","","","","","","","","","","","","","","","","",""
"USW00022521","1940-07","21.32402","-157.93946","1.9","HONOLULU INTERNATIONAL AIRPORT, HI US","","","","","","","","","","","","","238.2","3,S","3","2,S","1","2,S","0","2,S","","","","","0","3,S","0","3,S","0","2,S","29","2,S","0","2,S","","","","","19400724","+,3,S","","","","","","","19400730",",2,S","19400724","+,2,S","21.3","3,S,24,+","","","","","16.0","2,,S,30,","31.3","2,S,24,+","0.0","S","0.0","2,S","17.5","2,,,S","","","","","","","","","","","26.84","3,S","30.22","2,,,S","23.46","3,,,S","","","","","","","","","","","","","","","","","","","","","",""
"USW00022521","1940-08","21.32402","-157.93946","1.9","HONOLULU INTERNATIONAL AIRPORT, HI US","","","","","","","","","","","","","","","10","1,S","1","1,S","0","1,S","","","","","0","2,S","0","2,S","0","5,S","26","5,S","0","5,S","","","","","19400802",",2,S","","","","","","","19400830",",1,S","19400812","+,5,S","22.4","2,S,02,","","","","","3.0","1,,S,30,","31.3","5,S,12,+","","","","","10.6","1,,,S","","","","","","","","","","","27.16","6,S","30.11","5,,,S","24.21","2,,,S","","","","","","","","","","","","","","","","","","","","","",""
"USW00022521","1940-09","21.32402","-157.93946","1.9","HONOLULU INTERNATIONAL AIRPORT, HI US","","","","","","","","","","","","","214.6","4,S","6",",S","2",",S","0",",S","","","","","0",",S","0",",S","0","4,S","26","4,S","0","4,S","","","","","19400923",",,S","","","","","","","19400904",",,S","19400920",",4,S","20.2",",S,23,","","","","","4.1",",,S,04,","31.3","4,S,20,","","","0.0","4,S","11.6",",,,S","","","","","","","","","","","26.64","4,S","30.22","4,,,S","23.05",",,,S","","","","","","","","","","","","","","","","","","","","","",""
"USW00022521","1940-10","21.32402","-157.93946","1.9","HONOLULU INTERNATIONAL AIRPORT, HI US","","","","","","","","","","","","","","","8","1,S","3","1,S","0","1,S","","","","","0","3,S","0","3,S","","","","","","","","","","","19401016","+,3,S","","","","","","","19401001",",1,S","","","21.3","3,S,16,+","","","","","15.0","1,,S,01,","","","","","","","38.9","1,,,S","","","","","","","","","","","","","","","22.87","3,,,S","","","","","","","","","","","","","","","","","","","","","",""
"USW00022521","1940-11","21.32402","-157.93946","1.9","HONOLULU INTERNATIONAL AIRPORT, HI US","","","","","","","","","","","","","","","9",",S","3",",S","1",",S","","","","","0","3,S","0","3,S","","","","","","","","","","","19401121",",3,S","","","","","","","19401120",",,S","","","18.5","3,S,21,","","","","","140.0",",,S,20,","","","","","","","152.1",",,,S","","","","","","","","","","","","","","","21.18","3,,,S","","","","","","","","","","","","","","","","","","","","","",""
"USW00022521","1940-12","21.32402","-157.93946","1.9","HONOLULU INTERNATIONAL AIRPORT, HI US","","","","","","","","","","","","","","","6","5,S","1","5,S","0","5,S","","","","","","","","","","","","","","","","","","","","","","","","","","","19401218",",5,S","","","","","","","","","4.1","5,,S,18,","","","","","","","8.4","5,,,S","","","","","","","","","","","","","","","","","","","","","","","","","","","","","","","","","","","","","",""
"USW00022521","1941-01","21.32402","-157.93946","1.9","HONOLULU INTERNATIONAL AIRPORT, HI US","","","","","","","","","","","","","","","5","1,S","2","1,S","0","1,S","","","","","0","3,S","0","3,S","","","","","","","","","","","19410120","+,3,S","","","","","","","19410126",",1,S","","","16.3","3,S,20,+","","","","","5.1","1,,S,26,","","","","","","","14.2","1,,,S","","","","","","","","","","","","","","","18.71","3,,,S","","","","","","","","","","","","","","","","","","","","","",""
"USW00022521","1941-02","21.32402","-157.93946","1.9","HONOLULU INTERNATIONAL AIRPORT, HI US","","","","","","","","","","","","","","","5",",S","1",",S","0",",S","","","","","0","2,S","0","2,S","","","","","","","","","","","19410209",",2,S","","","","","","","19410224",",,S","","","13.5","2,S,09,","","","","","5.1",",,S,24,","","","","","","","10.1",",,,S","","","","","","","","","","","","","","","17.55","2,,,S","","","","","","","","","","","","","","","","","","","","","",""
"USW00022521","1941-03","21.32402","-157.93946","1.9","HONOLULU INTERNATIONAL AIRPORT, HI US","","","","","","","","","","","","","106.2","5,S","7",",S","0",",S","0",",S","","","","","0","1,S","0","1,S","0","4,S","27","4,S","0","4,S","","","","","19410302",",1,S","","","","","","","19410323",",,S","19410322","+,4,S","15.8","1,S,02,","","","","","2.0",",,S,23,","28.0","4,S,22,+","","","0.0","4,S","5.6",",,,S","","","","","","","","","","","22.50","5,S","25.88","4,,,S","19.12","1,,,S","","","","","","","","","","","","","","","","","","","","","",""
"USW00022521","1941-04","21.32402","-157.93946","1.9","HONOLULU INTERNATIONAL AIRPORT, HI US","","","","","","","","","","","","","","","5",",S","1",",S","0",",S","","","","","0","2,S","0","2,S","","","","","","","","","","","19410402",",2,S","","","","","","","19410420",",,S","","","17.4","2,S,02,","","","","","3.0",",,S,20,","","","","","","","6.3",",,,S","","","","","","","","","","","","","","","20.17","2,,,S","","","","","","","","","","","","","","","","","","","","","",""
"USW00022521","1941-05","21.32402","-157.93946","1.9","HONOLULU INTERNATIONAL AIRPORT, HI US","","","","","","","","","","","","","","","4",",S","0",",S","0",",S","","","","","0","5,S","0","5,S","0","3,S","28","3,S","0","3,S","","","","","19410531",",5,S","","","","","","","19410518",",,S","19410523","+,3,S","18.5","5,S,31,","","","","","2.0",",,S,18,","29.6","3,S,23,+","","","","","3.6",",,,S","","","","","","","","","","","24.33","7,S","28.06","3,,,S","20.59","5,,,S","","","","","","","","","","","","","","","","","","","","","",""
"USW00022521","1941-06","21.32402","-157.93946","1.9","HONOLULU INTERNATIONAL AIRPORT, HI US","","","","","","","","","","","","","225.3","1,S","3",",S","2",",S","0",",S","","","","","0",",S","0",",S","0","1,S","29","1,S","0","1,S","","","","","19410602",",,S","","","","","","","19410625",",,S","19410604",",1,S","19.1",",S,02,","","","","","7.9",",,S,25,","31.3","1,S,04,","","","0.0","1,S","15.5",",,,S","","","","","","","","","","","26.11","1,S","29.56","1,,,S","22.66",",,,S","","","","","","","","","","","","","","","","","","","","","",""
"USW00022521","1941-07","21.32402","-157.93946","1.9","HONOLULU INTERNATIONAL AIRPORT, HI US","","","","","","","","","","","","","224.4","4,S","2",",S","0",",S","0",",S","","","","","0","1,S","0","1,S","0","3,S","28","3,S","0","3,S","","","","","19410714",",1,S","","","","","","","19410709",",,S","19410729","+,3,S","21.3","1,S,14,","","","","","1.0",",,S,09,","31.3","3,S,29,+","0.0","S","0.0","3,S","1.5",",,,S","","","","","","","","","","","26.61","4,S","30.00","3,,,S","23.23","1,,,S","","","","","","","","","","","","","","","","","","","","","",""
"USW00022521","1941-08","21.32402","-157.93946","1.9","HONOLULU INTERNATIONAL AIRPORT, HI US","","","","","","","","","","","","","","","7",",S","2",",S","0",",S","","","","","0","1,S","0","1,S","0","5,S","26","5,S","1","5,S","","","","","19410814",",1,S","","","","","","","19410808",",,S","19410801",",5,S","20.8","1,S,14,","","","","","23.1",",,S,08,","32.4","5,S,01,","","","","","29.4",",,,S","","","","","","","","","","","27.19","6,S","30.59","5,,,S","23.79","1,,,S","","","","","","","","","","","","","","","","","","","","","",""
"USW00022521","1941-09","21.32402","-157.93946","1.9","HONOLULU INTERNATIONAL AIRPORT, HI US","","","","","","","","","","","","","","","4",",S","1",",S","0",",S","","","","","0","4,S","0","4,S","0","3,S","27","3,S","3","3,S","","","","","19410912",",4,S","","","","","","","19410906",",,S","19410914",",3,S","21.9","4,S,12,","","","","","4.1",",,S,06,","33.0","3,S,14,","","","","","5.7",",,,S","","","","","","","","","","","27.22","7,S","30.64","3,,,S","23.81","4,,,S","","","","","","","","","","","","","","","","","","","","","",""
"USW00022521","1941-10","21.32402","-157.93946","1.9","HONOLULU INTERNATIONAL AIRPORT, HI US","","","","","","","","","","","","","","","11",",S","6",",S","0",",S","","","","","0","1,S","0","1,S","","","","","","","","","","","19411026",",1,S","","","","","","","19411022",",,S","","","19.6","1,S,26,","","","","","24.9",",,S,22,","","","","","","","72.9",",,,S","","","","","","","","","","","","","","","22.94","1,,,S","","","","","","","","","","","","","","","","","","","","","",""
"USW00022521","1941-11","21.32402","-157.93946","1.9","HONOLULU INTERNATIONAL AIRPORT, HI US","","","","","","","","","","","","","","","2",",S","0",",S","0",",S","","","","","0","1,S","0","1,S","","","","","","","","","","","19411130",",1,S","","","","","","","19411121",",,S","","","15.8","1,S,30,","","","","","2.0",",,S,21,","","","","","","","2.5",",,,S","","","","","","","","","","","","","","","20.59","1,,,S","","","","","","","","","","","","","","","","","","","","","",""
"USW00022521","1941-12","21.32402","-157.93946","1.9","HONOLULU INTERNATIONAL AIRPORT, HI US","","","","","","","","","","","","","","","6",",S","0",",S","0",",S","","","","","","","","","","","","","","","","","","","","","","","","","","","19411230",",,S","","","","","","","","","2.0",",,S,30,","","","","","","","6.0",",,,S","","","","","","","","","","","","","","","","","","","","","","","","","","","","","","","","","","","","","",""
"USW00022521","1942-01","21.32402","-157.93946","1.9","HONOLULU INTERNATIONAL AIRPORT, HI US","","","","","","","","","","","","","","","5",",S","1",",S","0",",S","","","","","","","","","","","","","","","","","","","","","","","","","","","19420131",",,S","","","","","","","","","3.0",",,S,31,","","","","","","","5.8",",,,S","","","","","","","","","","","","","","","","","","","","","","","","","","","","","","","","","","","","","",""
"USW00022521","1942-02","21.32402","-157.93946","1.9","HONOLULU INTERNATIONAL AIRPORT, HI US","","","","","","","","","","","","","","","10",",S","6",",S","0",",S","","","","","","","","","","","","","","","","","","","","","","","","","","","19420213",",,S","","","","","","","","","14.0",",,S,13,","","","","","","","54.9",",,,S","","","","","","","","","","","","","","","","","","","","","","","","","","","","","","","","","","","","","",""
"USW00022521","1942-03","21.32402","-157.93946","1.9","HONOLULU INTERNATIONAL AIRPORT, HI US","","","","","","","","","","","","","","","10",",S","2",",S","0",",S","","","","","","","","","","","","","","","","","","","","","","","","","","","19420319",",,S","","","","","","","","","7.1",",,S,19,","","","","","","","17.9",",,,S","","","","","","","","","","","","","","","","","","","","","","","","","","","","","","","","","","","","","",""
"USW00022521","1942-04","21.32402","-157.93946","1.9","HONOLULU INTERNATIONAL AIRPORT, HI US","","","","","","","","","","","","","","","6",",S","1",",S","0",",S","","","","","0","2,S","0","2,S","","","","","","","","","","","19420401",",2,S","","","","","","","19420405",",,S","","","15.8","2,S,01,","","","","","10.9",",,S,05,","","","","","","","15.5",",,,S","","","","","","","","","","","","","","","19.35","2,,,S","","","","","","","","","","","","","","","","","","","","","",""
"USW00022521","1942-05","21.32402","-157.93946","1.9","HONOLULU INTERNATIONAL AIRPORT, HI US","","","","","","","","","","","","","","","1",",S","0",",S","0",",S","","","","","0","2,S","0","2,S","","","","","","","","","","","19420512","+,2,S","","","","","","","19420516",",,S","","","19.1","2,S,12,+","","","","","0.3",",,S,16,","","","","","","","0.3",",,,S","","","","","","","","","","","","","","","21.19","2,,,S","","","","","","","","","","","","","","","","","","","","","",""
"USW00022521","1942-09","21.32402","-157.93946","1.9","HONOLULU INTERNATIONAL AIRPORT, HI US","","","","","","","","","","","","","218.9","5,S","","","","","","","","","","","0","3,S","0","3,S","0","2,S","28","2,S","0","2,S","","","","","19420921","+,3,S","","","","","","","","","19420925","+,2,S","21.9","3,S,21,+","","","","","","","31.9","2,S,25,+","","","0.0","2,S","","","","","","","","","","","","","27.05","5,S","31.06","2,,,S","23.04","3,,,S","","","","","","","","","","","","","","","","","","","","","",""
"USW00022521","1942-10","21.32402","-157.93946","1.9","HONOLULU INTERNATIONAL AIRPORT, HI US","","","","","","","","","","","","","","","6",",S","2",",S","2",",S","","","","","0","2,S","0","2,S","0","4,S","27","4,S","0","4,S","","","","","19421031","+,2,S","","","","","","","19421029",",,S","19421025",",4,S","20.2","2,S,31,+","","","","","103.1",",,S,29,","31.9","4,S,25,","","","","","151.2",",,,S","","","","","","","","","","","26.39","6,S","30.18","4,,,S","22.59","2,,,S","","","","","","","","","","","","","","","","","","","","","",""
"USW00022521","1942-11","21.32402","-157.93946","1.9","HONOLULU INTERNATIONAL AIRPORT, HI US","","","","","","","","","","","","","190.6","3,S","8",",S","3",",S","1",",S","","","","","0","1,S","0","1,S","0","2,S","28","2,S","0","2,S","","","","","19421130","+,1,S","","","","","","","19421130",",,S","19421103",",2,S","20.2","1,S,30,+","","","","","58.9",",,S,30,","31.3","2,S,03,","","","0.0","2,S","87.8",",,,S","","","","","","","","","","","25.42","3,S","29.16","2,,,S","21.68","1,,,S","","","","","","","","","","","","","","","","","","","","","",""
"USW00022521","1942-12","21.32402","-157.93946","1.9","HONOLULU INTERNATIONAL AIRPORT, HI US","","","","","","","","","","","","","","","10",",S","6",",S","3",",S","","","","","0","5,S","0","5,S","0","4,S","27","4,S","0","4,S","","","","","19421211",",5,S","","","","","","","19421206",",,S","19421230","+,4,S","17.4","5,S,11,","","","","","110.0",",,S,06,","29.1","4,S,30,+","","","","","253.5",",,,S","","","","","","","","","","","24.41","9,S","28.39","4,,,S","20.43","5,,,S","","","","","","","","","","","","","","","","","","","","","",""
"USW00022521","1943-01","21.32402","-157.93946","1.9","HONOLULU INTERNATIONAL AIRPORT, HI US","","","","","","","","","","","","","","","13",",S","6",",S","5",",S","","","","","0","3,S","0","3,S","0","4,S","27","4,S","0","4,S","","","","","19430115",",3,S","","","","","","","19430113",",,S","19430129",",4,S","15.2","3,S,15,","","","","","80.0",",,S,13,","30.2","4,S,29,","","","","","294.4",",,,S","","","","","","","","","","","23.13","7,S","27.22","4,,,S","19.04","3,,,S","","","","","","","","","","","","","","","","","","","","","",""
"USW00022521","1943-02","21.32402","-157.93946","1.9","HONOLULU INTERNATIONAL AIRPORT, HI US","","","","","","","","","","","","","101.6","5,S","8",",S","5",",S","0",",S","","","","","0","2,S","0","2,S","0","3,S","25","3,S","0","3,S","","","","","19430212",",2,S","","","","","","","19430220",",,S","19430221","+,3,S","14.1","2,S,12,","","","","","10.9",",,S,20,","28.5","3,S,21,+","","","0.0","3,S","34.3",",,,S","","","","","","","","","","","22.72","5,S","26.83","3,,,S","18.62","2,,,S","","","","","","","","","","","","","","","","","","","","","",""
"USW00022521","1943-03","21.32402","-157.93946","1.9","HONOLULU INTERNATIONAL AIRPORT, HI US","","","","","","","","","","","","","","","7",",S","3",",S","0",",S","","","","","0",",S","0",",S","","","","","","","","","","","19430314",",,S","","","","","","","19430309",",,S","","","14.1",",S,14,","","","","","24.9",",,S,09,","","","","","","","43.3",",,,S","","","","","","","","","","","","","","","18.45",",,,S","","","","","","","","","","","","","","","","","","","","","",""
"USW00022521","1943-04","21.32402","-157.93946","1.9","HONOLULU INTERNATIONAL AIRPORT, HI US","","","","","","","","","","","","","","","4",",S","1",",S","0",",S","","","","","0","3,S","0","3,S","0","3,S","27","3,S","0","3,S","","","","","19430411",",3,S","","","","","","","19430422",",,S","19430425",",3,S","17.4","3,S,11,","","","","","3.0",",,S,22,","30.2","3,S,25,","","","","","4.6",",,,S","","","","","","","","","","","24.60","6,S","28.42","3,,,S","20.79","3,,,S","","","","","","","","","","","","","","","","","","","","","",""
"USW00022521","1943-05","21.32402","-157.93946","1.9","HONOLULU INTERNATIONAL AIRPORT, HI US","","","","","","","","","","","","","","","7",",S","4",",S","1",",S","","","","","","","","","0","4,S","27","4,S","0","4,S","","","","","","","","","","","","","19430512",",,S","19430531","+,4,S","","","","","","","71.9",",,S,12,","30.2","4,S,31,+","","","","","92.9",",,,S","","","","","","","","","","","","","29.34","4,,,S","","","","","","","","","","","","","","","","","","","","","","","",""
"USW00022521","1943-06","21.32402","-157.93946","1.9","HONOLULU INTERNATIONAL AIRPORT, HI US","","","","","","","","","","","","","228.7","2,S","6",",S","0",",S","0",",S","","","","","0","1,S","0","1,S","0","1,S","29","1,S","0","1,S","","","","","19430622","+,1,S","","","","","","","19430607","+,,S","19430625","+,1,S","21.3","1,S,22,+","","","","","2.0",",,S,07,+","30.8","1,S,25,+","","","0.0","1,S","6.6",",,,S","","","","","","","","","","","26.52","2,S","30.10","1,,,S","22.95","1,,,S","","","","","","","","","","","","","","","","","","","","","",""
"USW00022521","1943-07","21.32402","-157.93946","1.9","HONOLULU INTERNATIONAL AIRPORT, HI US","","","","","","","","","","","","","","","3",",S","0",",S","0",",S","","","","","0",",S","0",",S","","","","","","","","","","","19430722","+,,S","","","","","","","19430701",",,S","","","21.3",",S,22,+","","","","","2.0",",,S,01,","","","","","","","3.5",",,,S","","","","","","","","","","","","","","","23.49",",,,S","","","","","","","","","","","","","","","","","","","","","",""
"USW00022521","1943-08","21.32402","-157.93946","1.9","HONOLULU INTERNATIONAL AIRPORT, HI US","","","","","","","","","","","","","248.9","2,S","8",",S","1",",S","0",",S","","","","","0",",S","0",",S","0","2,S","29","2,S","0","2,S","","","","","19430831","+,,S","","","","","","","19430829",",,S","19430821","+,2,S","22.4",",S,31,+","","","","","3.0",",,S,29,","31.3","2,S,21,+","","","0.0","2,S","8.8",",,,S","","","","","","","","","","","26.92","2,S","30.22","2,,,S","23.61",",,,S","","","","","","","","","","","","","","","","","","","","","",""
"USW00022521","1943-09","21.32402","-157.93946","1.9","HONOLULU INTERNATIONAL AIRPORT, HI US","","","","","","","","","","","","","234.7","2,S","3",",S","1",",S","0",",S","","","","","0","1,S","0","1,S","0","2,S","28","2,S","0","2,S","","","","","19430923","+,1,S","","","","","","","19430925",",,S","19430925","+,2,S","20.2","1,S,23,+","","","","","3.0",",,S,25,","31.3","2,S,25,+","","","0.0","2,S","5.3",",,,S","","","","","","","","","","","26.67","2,S","30.65","2,,,S","22.69","1,,,S","","","","","","","","","","","","","","","","","","","","","",""
"USW00022521","1943-10","21.32402","-157.93946","1.9","HONOLULU INTERNATIONAL AIRPORT, HI US","","","","","","","","","","","","","220.1","3,S","6",",S","0",",S","0",",S","","","","","0",",S","0",",S","0","3,S","28","3,S","0","3,S","","","","","19431013",",,S","","","","","","","19431031","+,,S","19431012","+,3,S","20.2",",S,13,","","","","","1.0",",,S,31,+","31.3","3,S,12,+","","","0.0","3,S","4.1",",,,S","","","","","","","","","","","26.22","3,S","30.32","3,,,S","22.12",",,,S","","","","","","","","","","","","","","","","","","","","","",""
"USW00022521","1943-11","21.32402","-157.93946","1.9","HONOLULU INTERNATIONAL AIRPORT, HI US","","","","","","","","","","","","","183.2","2,S","5",",S","0",",S","0",",S","","","","","0",",S","0",",S","0","2,S","28","2,S","0","2,S","","","","","19431123",",,S","","","","","","","19431128",",,S","19431101",",2,S","16.9",",S,23,","","","","","0.5",",,S,28,","30.2","2,S,01,","","","0.0","2,S","1.7",",,,S","","","","","","","","","","","24.87","2,S","28.88","2,,,S","20.86",",,,S","","","","","","","","","","","","","","","","","","","","","",""
"USW00022521","1943-12","21.32402","-157.93946","1.9","HONOLULU INTERNATIONAL AIRPORT, HI US","","","","","","","","","","","","","150.4","5,S","7",",S","4",",S","0",",S","","","","","0",",S","0",",S","0","5,S","26","5,S","0","5,S","","","","","19431222",",,S","","","","","","","19431208",",,S","19431203",",5,S","16.9",",S,22,","","","","","10.9",",,S,08,","29.1","5,S,03,","","","0.0","5,S","25.2",",,,S","","","","","","","","","","","24.05","5,S","27.89","5,,,S","20.22",",,,S","","","","","","","","","","","","","","","","","","","","","",""
"USW00022521","1944-01","21.32402","-157.93946","1.9","HONOLULU INTERNATIONAL AIRPORT, HI US","","","","","","","","","","","","","","","1",",S","0",",S","0",",S","","","","","0",",S","0",",S","","","","","","","","","","","19440113","+,,S","","","","","","","19440106",",,S","","","16.9",",S,13,+","","","","","0.3",",,S,06,","","","","","","","0.3",",,,S","","","","","","","","","","","","","","","19.41",",,,S","","","","","","","","","","","","","","","","","","","","","",""
"USW00022521","1944-02","21.32402","-157.93946","1.9","HONOLULU INTERNATIONAL AIRPORT, HI US","","","","","","","","","","","","","","","13",",S","7",",S","1",",S","","","","","0",",S","0",",S","","","","","","","","","","","19440223","+,,S","","","","","","","19440229",",,S","","","15.8",",S,23,+","","","","","45.0",",,S,29,","","","","","","","91.4",",,,S","","","","","","","","","","","","","","","18.17",",,,S","","","","","","","","","","","","","","","","","","","","","",""
"USW00022521","1944-03","21.32402","-157.93946","1.9","HONOLULU INTERNATIONAL AIRPORT, HI US","","","","","","","","","","","","","","","13",",S","11",",S","0",",S","","","","","0","1,S","0","1,S","0","5,S","26","5,S","0","5,S","","","","","19440326",",1,S","","","","","","","19440306",",,S","19440328","+,5,S","15.8","1,S,26,","","","","","24.9",",,S,06,","28.0","5,S,28,+","","","","","142.5",",,,S","","","","","","","","","","","23.09","6,S","27.12","5,,,S","19.07","1,,,S","","","","","","","","","","","","","","","","","","","","","",""
"USW00022521","1944-04","21.32402","-157.93946","1.9","HONOLULU INTERNATIONAL AIRPORT, HI US","","","","","","","","","","","","","166.0","3,S","1",",S","0",",S","0",",S","","","","","0","1,S","0","1,S","0","2,S","28","2,S","0","2,S","","","","","19440404",",1,S","","","","","","","19440421",",,S","19440429","+,2,S","18.0","1,S,04,","","","","","0.3",",,S,21,","28.5","2,S,29,+","","","0.0","2,S","0.3",",,,S","","","","","","","","","","","24.47","3,S","28.00","2,,,S","20.94","1,,,S","","","","","","","","","","","","","","","","","","","","","",""
"USW00022521","1944-05","21.32402","-157.93946","1.9","HONOLULU INTERNATIONAL AIRPORT, HI US","","","","","","","","","","","","","","","5",",S","1",",S","0",",S","","","","","0",",S","0",",S","","","","","","","","","","","19440525",",,S","","","","","","","19440524",",,S","","","18.5",",S,25,","","","","","10.9",",,S,24,","","","","","","","14.5",",,,S","","","","","","","","","","","","","","","20.99",",,,S","","","","","","","","","","","","","","","","","","","","","",""
"USW00022521","1944-06","21.32402","-157.93946","1.9","HONOLULU INTERNATIONAL AIRPORT, HI US","","","","","","","","","","","","","197.0","3,S","5",",S","0",",S","0",",S","","","","","0",",S","0",",S","0","3,S","27","3,S","0","3,S","","","","","19440617","+,,S","","","","","","","19440630","+,,S","19440617","+,3,S","20.8",",S,17,+","","","","","1.0",",,S,30,+","30.2","3,S,17,+","","","0.0","3,S","3.5",",,,S","","","","","","","","","","","25.63","3,S","29.24","3,,,S","22.02",",,,S","","","","","","","","","","","","","","","","","","","","","",""
"USW00022521","1944-07","21.32402","-157.93946","1.9","HONOLULU INTERNATIONAL AIRPORT, HI US","","","","","","","","","","","","","206.8","5,S","4",",S","1",",S","0",",S","","","","","0",",S","0",",S","0","5,S","26","5,S","0","5,S","","","","","19440723","+,,S","","","","","","","19440704",",,S","19440727","+,5,S","21.3",",S,23,+","","","","","3.0",",,S,04,","31.3","5,S,27,+","0.0","S","0.0","5,S","6.5",",,,S","","","","","","","","","","","26.34","5,S","29.86","5,,,S","22.83",",,,S","","","","","","","","","","","","","","","","","","","","","",""
"USW00022521","1944-08","21.32402","-157.93946","1.9","HONOLULU INTERNATIONAL AIRPORT, HI US","","","","","","","","","","","","","223.2","4,S","0",",S","0",",S","0",",S","","","","","0",",S","0",",S","0","4,S","27","4,S","0","4,S","","","","","19440829","+,,S","","","","","","","19440831","+,,S","19440831","+,4,S","21.3",",S,29,+","","","","","0.0",",,S,31,+","31.3","4,S,31,+","0.0","S","0.0","4,S","0.0",",,,S","","","","","","","","","","","26.57","4,S","30.29","4,,,S","22.85",",,,S","","","","","","","","","","","","","","","","","","","","","",""
"USW00022521","1944-09","21.32402","-157.93946","1.9","HONOLULU INTERNATIONAL AIRPORT, HI US","","","","","","","","","","","","","219.8","2,S","3",",S","0",",S","0",",S","","","","","0","1,S","0","1,S","0","1,S","29","1,S","0","1,S","","","","","19440909",",1,S","","","","","","","19440915","+,,S","19440928","+,1,S","19.1","1,S,09,","","","","","0.5",",,S,15,+","31.9","1,S,28,+","0.0","S","0.0","1,S","1.3",",,,S","","","","","","","","","","","26.21","2,S","30.39","1,,,S","22.02","1,,,S","","","","","","","","","","","","","","","","","","","","","",""
"USW00022521","1944-10","21.32402","-157.93946","1.9","HONOLULU INTERNATIONAL AIRPORT, HI US","","","","","","","","","","","","","","","5",",S","0",",S","0",",S","","","","","0","2,S","0","2,S","0","5,S","26","5,S","0","5,S","","","","","19441009",",2,S","","","","","","","19441025",",,S","19441015",",5,S","19.1","2,S,09,","","","","","2.0",",,S,25,","31.3","5,S,15,","","","","","4.8",",,,S","","","","","","","","","","","25.86","6,S","29.86","5,,,S","21.87","2,,,S","","","","","","","","","","","","","","","","","","","","","",""
"USW00022521","1944-11","21.32402","-157.93946","1.9","HONOLULU INTERNATIONAL AIRPORT, HI US","","","","","","","","","","","","","196.0","2,S","4",",S","3",",S","0",",S","","","","","0",",S","0",",S","0","2,S","28","2,S","0","2,S","","","","","19441126",",,S","","","","","","","19441107",",,S","19441128","+,2,S","15.8",",S,26,","","","","","5.1",",,S,07,","30.2","2,S,28,+","","","0.0","2,S","12.7",",,,S","","","","","","","","","","","25.35","2,S","29.25","2,,,S","21.45",",,,S","","","","","","","","","","","","","","","","","","","","","",""
"USW00022521","1944-12","21.32402","-157.93946","1.9","HONOLULU INTERNATIONAL AIRPORT, HI US","","","","","","","","","","","","","140.2","4,S","9",",S","5",",S","1",",S","","","","","0","1,S","0","1,S","0","3,S","28","3,S","0","3,S","","","","","19441231",",1,S","","","","","","","19441225",",,S","19441203",",3,S","16.3","1,S,31,","","","","","33.0",",,S,25,","29.1","3,S,03,","","","0.0","3,S","66.1",",,,S","","","","","","","","","","","23.57","4,S","27.21","3,,,S","19.92","1,,,S","","","","","","","","","","","","","","","","","","","","","",""
"USW00022521","1945-01","21.32402","-157.93946","1.9","HONOLULU INTERNATIONAL AIRPORT, HI US","","","","","","","","","","","113.9","S","113.9","5,S","5",",S","0",",S","0",",S","","","","","0",",S","0",",S","0","5,S","26","5,S","0","5,S","","","","","19450103",",,S","","","","","","","19450130","+,,S","19450121","+,5,S","14.6",",S,03,","","","","","1.0",",,S,30,+","28.5","5,S,21,+","","","0.0","5,S","4.3",",,,S","","","","","","","","","","","22.70","5,S","27.71","5,,,S","17.69",",,,S","","","","","","","","","","","","","","","","","","","","","",""
"USW00022521","1945-02","21.32402","-157.93946","1.9","HONOLULU INTERNATIONAL AIRPORT, HI US","","","","","","","","","","","","","","","7",",S","3",",S","0",",S","","","","","0","2,S","0","2,S","","","","","","","","","","","19450204",",2,S","","","","","","","19450215",",,S","","","16.3","2,S,04,","","","","","8.9",",,S,15,","","","","","","","23.4",",,,S","","","","","","","","","","","","","","","19.33","2,,,S","","","","","","","","","","","","","","","","","","","","","",""
"USW00022521","1945-03","21.32402","-157.93946","1.9","HONOLULU INTERNATIONAL AIRPORT, HI US","","","","","","","","","","","","","","","6",",S","0",",S","0",",S","","","","","0","5,S","0","5,S","0","5,S","26","5,S","0","5,S","","","","","19450301",",5,S","","","","","","","19450328","+,,S","19450323",",5,S","18.0","5,S,01,","","","","","2.0",",,S,28,+","30.2","5,S,23,","","","","","5.4",",,,S","","","","","","","","","","","24.58","9,S","28.65","5,,,S","20.51","5,,,S","","","","","","","","","","","","","","","","","","","","","",""
"USW00022521","1945-04","21.32402","-157.93946","1.9","HONOLULU INTERNATIONAL AIRPORT, HI US","","","","","","","","","","","","","","","9",",S","5",",S","2",",S","","","","","0","1,S","0","1,S","","","","","","","","","","","19450408",",1,S","","","","","","","19450406",",,S","","","15.8","1,S,08,","","","","","55.1",",,S,06,","","","","","","","116.1",",,,S","","","","","","","","","","","","","","","19.58","1,,,S","","","","","","","","","","","","","","","","","","","","","",""
"USW00022521","1945-05","21.32402","-157.93946","1.9","HONOLULU INTERNATIONAL AIRPORT, HI US","","","","","","","","","","","","","191.1","5,S","4",",S","3",",S","0",",S","","","","","0","2,S","0","2,S","0","3,S","28","3,S","1","3,S","","","","","19450503",",2,S","","","","","","","19450530",",,S","19450522",",3,S","18.5","2,S,03,","","","","","7.9",",,S,30,","32.4","3,S,22,","","","0.0","3,S","15.5",",,,S","","","","","","","","","","","25.64","5,S","30.48","3,,,S","20.79","2,,,S","","","","","","","","","","","","","","","","","","","","","",""
"USW00022521","1945-06","21.32402","-157.93946","1.9","HONOLULU INTERNATIONAL AIRPORT, HI US","","","","","","","","","","","","","249.9","2,S","1",",S","0",",S","0",",S","","","","","0","1,S","0","1,S","0","1,S","29","1,S","5","1,S","","","","","19450630","+,1,S","","","","","","","19450620",",,S","19450601",",1,S","21.3","1,S,30,+","","","","","0.3",",,S,20,","33.5","1,S,01,","","","0.0","1,S","0.3",",,,S","","","","","","","","","","","27.28","2,S","31.62","1,,,S","22.94","1,,,S","","","","","","","","","","","","","","","","","","","","","",""
"USW00022521","1945-07","21.32402","-157.93946","1.9","HONOLULU INTERNATIONAL AIRPORT, HI US","","","","","","","","","","","","","251.5","3,S","6",",S","2",",S","0",",S","","","","","0",",S","0",",S","0","3,S","28","3,S","8","3,S","","","","","19450705",",,S","","","","","","","19450725",",,S","19450728","+,3,S","20.2",",S,05,","","","","","14.0",",,S,25,","33.0","3,S,28,+","0.0","S","0.0","3,S","28.4",",,,S","","","","","","","","","","","27.32","3,S","31.89","3,,,S","22.75",",,,S","","","","","","","","","","","","","","","","","","","","","",""
"USW00022521","1945-08","21.32402","-157.93946","1.9","HONOLULU INTERNATIONAL AIRPORT, HI US","","","","","","","","","","","","","288.9",",S","6",",S","1",",S","0",",S","","","","","0",",S","0",",S","0",",S","31",",S","12",",S","","","","","19450824",",,S","","","","","","","19450805",",,S","19450813","+,,S","21.3",",S,24,","","","","","6.1",",,S,05,","33.5",",S,13,+","0.0","S","0.0",",S","10.7",",,,S","","","","","","","","","","","27.65",",S","32.00",",,,S","23.31",",,,S","","","","","","","","","","","","","","","","","","","","","",""
"USW00022521","1945-09","21.32402","-157.93946","1.9","HONOLULU INTERNATIONAL AIRPORT, HI US","","","","","","","","","","","","","209.7","5,S","6",",S","2",",S","0",",S","","","","","0","1,S","0","1,S","0","5,S","25","5,S","1","5,S","","","","","19450928","+,1,S","","","","","","","19450930",",,S","19450909",",5,S","20.2","1,S,28,+","","","","","5.1",",,S,30,","32.4","5,S,09,","0.0","S","0.0","5,S","10.0",",,,S","","","","","","","","","","","26.73","5,S","31.33","5,,,S","22.13","1,,,S","","","","","","","","","","","","","","","","","","","","","",""
"USW00022521","1945-10","21.32402","-157.93946","1.9","HONOLULU INTERNATIONAL AIRPORT, HI US","","","","","","","","","","","","","224.8","3,S","4",",S","0",",S","0",",S","","","","","0",",S","0",",S","0","3,S","28","3,S","1","3,S","","","","","19451013",",,S","","","","","","","19451028",",,S","19451007",",3,S","18.5",",S,13,","","","","","1.0",",,S,28,","32.4","3,S,07,","0.0","S","0.0","3,S","2.3",",,,S","","","","","","","","","","","26.31","3,S","30.96","3,,,S","21.66",",,,S","","","","","","","","","","","","","","","","","","","","","",""
"USW00022521","1945-11","21.32402","-157.93946","1.9","HONOLULU INTERNATIONAL AIRPORT, HI US","","","","","","","","","","","","","188.2","2,S","6",",S","4",",S","0",",S","","","","","0",",S","0",",S","0","2,S","28","2,S","0","2,S","","","","","19451130",",,S","","","","","","","19451103",",,S","19451120","+,2,S","18.0",",S,30,","","","","","18.0",",,S,03,","31.3","2,S,20,+","0.0","S","0.0","2,S","38.5",",,,S","","","","","","","","","","","25.12","2,S","29.55","2,,,S","20.68",",,,S","","","","","","","","","","","","","","","","","","","","","",""
"USW00022521","1945-12","21.32402","-157.93946","1.9","HONOLULU INTERNATIONAL AIRPORT, HI US","","","","","","","","","","","","","","","9",",S","5",",S","0",",S","","","","","0",",S","0",",S","","","","","","","","","","","19451218","+,,S","","","","","","","19451206",",,S","","","15.2",",S,18,+","","","","","16.0",",,S,06,","","","","","","","42.4",",,,S","","","","","","","","","","","","","","","18.83",",,,S","","","","","","","","","","","","","","","","","","","","","",""
"USW00022521","1946-01","21.32402","-157.93946","1.9","HONOLULU INTERNATIONAL AIRPORT, HI US","","","","","","","","","","","","","","","11",",S","9",",S","3",",S","","","","","0","2,S","0","2,S","","","","","","","","","","","19460119",",2,S","","","","","","","19460131",",,S","","","15.8","2,S,19,","","","","","61.0",",,S,31,","","","","","","","179.8",",,,S","","","","","","","","","","","","","","","19.65","2,,,S","","","","","","","","","","","","","","","","","","","","","",""
"USW00022521","1946-02","21.32402","-157.93946","1.9","HONOLULU INTERNATIONAL AIRPORT, HI US","","","","","","","","","","","","","","","7",",S","5",",S","0",",S","","","","","0","2,S","0","2,S","0","5,S","23","5,S","0","5,S","","","","","19460223",",2,S","","","","","","","19460204",",,S","19460228","+,5,S","16.9","2,S,23,","","","","","23.9",",,S,04,","29.1","5,S,28,+","","","","","52.4",",,,S","","","","","","","","","","","23.67","7,S","27.88","5,,,S","19.47","2,,,S","","","","","","","","","","","","","","","","","","","","","",""
"USW00022521","1946-03","21.32402","-157.93946","1.9","HONOLULU INTERNATIONAL AIRPORT, HI US","","","","","","","","","","","","","156.2","5,S","11",",S","1",",S","0",",S","","","","","0","3,S","0","3,S","0","2,S","29","2,S","0","2,S","","","","","19460312",",3,S","","","","","","","19460326",",,S","19460302",",2,S","18.5","3,S,12,","","","","","5.1",",,S,26,","29.6","2,S,02,","","","0.0","2,S","14.5",",,,S","","","","","","","","","","","24.35","5,S","28.09","2,,,S","20.61","3,,,S","","","","","","","","","","","","","","","","","","","","","",""
"USW00022521","1946-04","21.32402","-157.93946","1.9","HONOLULU INTERNATIONAL AIRPORT, HI US","","","","","","","","","","","","","","","6",",S","1",",S","0",",S","","","","","0","5,S","0","5,S","0","3,S","27","3,S","0","3,S","","","","","19460417",",5,S","","","","","","","19460424",",,S","19460423","+,3,S","17.4","5,S,17,","","","","","3.0",",,S,24,","29.6","3,S,23,+","","","","","7.1",",,,S","","","","","","","","","","","24.38","8,S","28.33","3,,,S","20.43","5,,,S","","","","","","","","","","","","","","","","","","","","","",""
"USW00022521","1946-05","21.32402","-157.93946","1.9","HONOLULU INTERNATIONAL AIRPORT, HI US","","","","","","","","","","","","","203.8","2,S","4",",S","1",",S","0",",S","","","","","0",",S","0",",S","0","2,S","29","2,S","1","2,S","","","","","19460505","+,,S","","","","","","","19460521",",,S","19460529",",2,S","17.4",",S,05,+","","","","","3.0",",,S,21,","32.4","2,S,29,","","","0.0","2,S","7.0",",,,S","","","","","","","","","","","25.41","2,S","29.83","2,,,S","20.99",",,,S","","","","","","","","","","","","","","","","","","","","","",""
"USW00022521","1946-06","21.32402","-157.93946","1.9","HONOLULU INTERNATIONAL AIRPORT, HI US","","","","","","","","","","","","","208.9","5,S","3",",S","0",",S","0",",S","","","","","0","1,S","0","1,S","0","5,S","25","5,S","2","5,S","","","","","19460622","+,1,S","","","","","","","19460620",",,S","19460626",",5,S","21.3","1,S,22,+","","","","","2.0",",,S,20,","33.5","5,S,26,","","","0.0","5,S","2.8",",,,S","","","","","","","","","","","26.66","5,S","30.76","5,,,S","22.57","1,,,S","","","","","","","","","","","","","","","","","","","","","",""
"USW00022521","1946-07","21.32402","-157.93946","1.9","HONOLULU INTERNATIONAL AIRPORT, HI US","","","","","","","","","","","","","221.6","5,S","7",",S","1",",S","0",",S","","","","","0",",S","0",",S","0","5,S","26","5,S","2","5,S","","","","","19460716","+,,S","","","","","","","19460717",",,S","19460728","+,5,S","21.3",",S,16,+","","","","","7.1",",,S,17,","32.4","5,S,28,+","0.0","S","0.0","5,S","10.5",",,,S","","","","","","","","","","","26.89","5,S","30.94","5,,,S","22.84",",,,S","","","","","","","","","","","","","","","","","","","","","",""
"USW00022521","1946-08","21.32402","-157.93946","1.9","HONOLULU INTERNATIONAL AIRPORT, HI US","","","","","","","","","","","","","","","2",",S","0",",S","0",",S","","","","","0","2,S","0","2,S","0","4,S","27","4,S","8","4,S","","","","","19460810","+,2,S","","","","","","","19460828","+,,S","19460821",",4,S","21.3","2,S,10,+","","","","","0.3",",,S,28,+","33.5","4,S,21,","","","","","0.6",",,,S","","","","","","","","","","","27.48","6,S","31.81","4,,,S","23.14","2,,,S","","","","","","","","","","","","","","","","","","","","","",""
"USW00022521","1946-09","21.32402","-157.93946","1.9","HONOLULU INTERNATIONAL AIRPORT, HI US","","","","","","","","","","","","","242.8","3,S","2",",S","0",",S","0",",S","","","","","0",",S","0",",S","0","3,S","27","3,S","2","3,S","","","","","19460925","+,,S","","","","","","","19460930",",,S","19460909",",3,S","21.3",",S,25,+","","","","","2.0",",,S,30,","33.5","3,S,09,","","","0.0","3,S","3.0",",,,S","","","","","","","","","","","27.28","3,S","31.50","3,,,S","23.06",",,,S","","","","","","","","","","","","","","","","","","","","","",""
"USW00022521","1946-10","21.32402","-157.93946","1.9","HONOLULU INTERNATIONAL AIRPORT, HI US","","","","","","","","","","","","","207.2","5,S","6",",S","4",",S","0",",S","","","","","0","2,S","0","2,S","0","3,S","28","3,S","0","3,S","","","","","19461016",",2,S","","","","","","","19461010",",,S","19461005",",3,S","16.9","2,S,16,","","","","","7.9",",,S,10,","31.9","3,S,05,","","","0.0","3,S","21.9",",,,S","","","","","","","","","","","26.15","5,S","30.10","3,,,S","22.20","2,,,S","","","","","","","","","","","","","","","","","","","","","",""
"USW00022521","1946-11","21.32402","-157.93946","1.9","HONOLULU INTERNATIONAL AIRPORT, HI US","","","","","","","","","","","","","155.5","4,S","5",",S","3",",S","1",",S","","","","","0","1,S","0","1,S","0","3,S","27","3,S","1","3,S","","","","","19461103",",1,S","","","","","","","19461115",",,S","19461121",",3,S","15.8","1,S,03,","","","","","32.0",",,S,15,","32.4","3,S,21,","","","0.0","3,S","47.2",",,,S","","","","","","","","","","","24.28","4,S","29.10","3,,,S","19.47","1,,,S","","","","","","","","","","","","","","","","","","","","","",""
"USW00022521","1946-12","21.32402","-157.93946","1.9","HONOLULU INTERNATIONAL AIRPORT, HI US","","","","","","","","","","","","","","","14",",S","9",",S","1",",S","","","","","0",",S","0",",S","","","","","","","","","","","19461230",",,S","","","","","","","19461206",",,S","","","15.2",",S,30,","","","","","29.0",",,S,06,","","","","","","","120.4",",,,S","","","","","","","","","","","","","","","18.86",",,,S","","","","","","","","","","","","","","","","","","","","","",""
"USW00022521","1947-01","21.32402","-157.93946","1.9","HONOLULU INTERNATIONAL AIRPORT, HI US","","","","","","","","","","","94.1","S","94.1","4,S","5",",S","1",",S","1",",S","","","","","0",",S","0",",S","0","4,S","27","4,S","0","4,S","","","","","19470103",",,S","","","","","","","19470116",",,S","19470131","+,4,S","14.1",",S,03,","","","","","25.9",",,S,16,","29.1","4,S,31,+","","","0.0","4,S","30.4",",,,S","","","","","","","","","","","21.93","4,S","26.84","4,,,S","17.02",",,,S","","","","","","","","","","","","","","","","","","","","","",""
"USW00022521","1947-02","21.32402","-157.93946","1.9","HONOLULU INTERNATIONAL AIRPORT, HI US","","","","","","","","","","","","","","","5",",S","2",",S","0",",S","","","","","0","2,S","0","2,S","","","","","","","","","","","19470204",",2,S","","","","","","","19470225","+,,S","","","15.8","2,S,04,","","","","","4.1",",,S,25,+","","","","","","","10.2",",,,S","","","","","","","","","","","","","","","18.85","2,,,S","","","","","","","","","","","","","","","","","","","","","",""
"USW00022521","1947-03","21.32402","-157.93946","1.9","HONOLULU INTERNATIONAL AIRPORT, HI US","","","","","","","","","","","","","129.9","5,S","10",",S","3",",S","0",",S","","","","","0",",S","0",",S","0","5,S","26","5,S","0","5,S","","","","","19470326",",,S","","","","","","","19470304",",,S","19470319",",5,S","16.9",",S,26,","","","","","9.9",",,S,04,","29.6","5,S,19,","","","0.0","5,S","32.6",",,,S","","","","","","","","","","","23.40","5,S","27.43","5,,,S","19.37",",,,S","","","","","","","","","","","","","","","","","","","","","",""
"USW00022521","1947-04","21.32402","-157.93946","1.9","HONOLULU INTERNATIONAL AIRPORT, HI US","","","","","","","","","","","","","","","8",",S","1",",S","0",",S","","","","","0","2,S","0","2,S","0","5,S","25","5,S","0","5,S","","","","","19470415",",2,S","","","","","","","19470402",",,S","19470419","+,5,S","18.0","2,S,15,","","","","","3.0",",,S,02,","30.2","5,S,19,+","","","","","12.0",",,,S","","","","","","","","","","","24.56","7,S","28.44","5,,,S","20.69","2,,,S","","","","","","","","","","","","","","","","","","","","","",""
"USW00022521","1947-05","21.32402","-157.93946","1.9","HONOLULU INTERNATIONAL AIRPORT, HI US","","","","","","","","","","","","","182.7","4,S","12",",S","5",",S","1",",S","","","","","0","1,S","0","1,S","0","3,S","28","3,S","0","3,S","","","","","19470527",",1,S","","","","","","","19470515",",,S","19470516",",3,S","19.6","1,S,27,","","","","","35.1",",,S,15,","30.8","3,S,16,","","","0.0","3,S","58.4",",,,S","","","","","","","","","","","25.08","4,S","29.09","3,,,S","21.08","1,,,S","","","","","","","","","","","","","","","","","","","","","",""
"USW00022521","1947-06","21.32402","-157.93946","1.9","HONOLULU INTERNATIONAL AIRPORT, HI US","","","","","","","","","","","","","223.9","3,S","5",",S","0",",S","0",",S","","","","","0",",S","0",",S","0","3,S","27","3,S","0","3,S","","","","","19470607",",,S","","","","","","","19470628",",,S","19470622","+,3,S","20.2",",S,07,","","","","","2.0",",,S,28,","31.3","3,S,22,+","","","0.0","3,S","5.5",",,,S","","","","","","","","","","","26.62","3,S","30.41","3,,,S","22.83",",,,S","","","","","","","","","","","","","","","","","","","","","",""
"USW00022521","1947-07","21.32402","-157.93946","1.9","HONOLULU INTERNATIONAL AIRPORT, HI US","","","","","","","","","","","","","233.6","4,S","5",",S","0",",S","0",",S","","","","","0","1,S","0","1,S","0","3,S","28","3,S","1","3,S","","","","","19470731","+,1,S","","","","","","","19470703",",,S","19470717",",3,S","22.4","1,S,31,+","","","","","2.0",",,S,03,","32.4","3,S,17,","0.0","S","0.0","3,S","5.5",",,,S","","","","","","","","","","","27.01","4,S","30.60","3,,,S","23.41","1,,,S","","","","","","","","","","","","","","","","","","","","","",""
"USW00022521","1947-08","21.32402","-157.93946","1.9","HONOLULU INTERNATIONAL AIRPORT, HI US","","","","","","","","","","","","","237.5","4,S","11",",S","2",",S","0",",S","","","","","0","1,S","0","1,S","0","3,S","28","3,S","0","3,S","","","","","19470812",",1,S","","","","","","","19470826",",,S","19470829","+,3,S","20.8","1,S,12,","","","","","6.1",",,S,26,","31.9","3,S,29,+","0.0","S","0.0","3,S","19.6",",,,S","","","","","","","","","","","27.11","4,S","31.05","3,,,S","23.18","1,,,S","","","","","","","","","","","","","","","","","","","","","",""
"USW00022521","1947-09","21.32402","-157.93946","1.9","HONOLULU INTERNATIONAL AIRPORT, HI US","","","","","","","","","","","","","212.2","5,S","6",",S","4",",S","0",",S","","","","","0","1,S","0","1,S","0","4,S","26","4,S","0","4,S","","","","","19470913","+,1,S","","","","","","","19470912",",,S","19470925",",4,S","21.3","1,S,13,+","","","","","21.1",",,S,12,","31.9","4,S,25,","0.0","S","0.0","4,S","61.0",",,,S","","","","","","","","","","","26.84","5,S","30.87","4,,,S","22.82","1,,,S","","","","","","","","","","","","","","","","","","","","","",""
"USW00022521","1947-10","21.32402","-157.93946","1.9","HONOLULU INTERNATIONAL AIRPORT, HI US","","","","","","","","","","","","","242.5","3,S","2",",S","2",",S","0",",S","","","","","0","2,S","0","2,S","0","1,S","30","1,S","0","1,S","","","","","19471030","+,2,S","","","","","","","19471025",",,S","19471030","+,1,S","21.3","2,S,30,+","","","","","7.1",",,S,25,","31.3","1,S,30,+","0.0","S","0.0","1,S","11.2",",,,S","","","","","","","","","","","26.95","3,S","30.62","1,,,S","23.29","2,,,S","","","","","","","","","","","","","","","","","","","","","",""
"USW00022521","1947-11","21.32402","-157.93946","1.9","HONOLULU INTERNATIONAL AIRPORT, HI US","","","","","","","","","","","","","","","7",",S","2",",S","0",",S","","","","","","","","","0","3,S","27","3,S","0","3,S","","","","","","","","","","","","","19471106",",,S","19471103",",3,S","","","","","","","15.0",",,S,06,","31.3","3,S,03,","","","","","24.6",",,,S","","","","","","","","","","","","","29.17","3,,,S","","","","","","","","","","","","","","","","","","","","","","","",""
"USW00022521","1947-12","21.32402","-157.93946","1.9","HONOLULU INTERNATIONAL AIRPORT, HI US","","","","","","","","","","","","","","","8",",S","3",",S","0",",S","","","","","0","2,S","0","2,S","","","","","","","","","","","19471214",",2,S","","","","","","","19471211",",,S","","","16.3","2,S,14,","","","","","18.0",",,S,11,","","","","","","","37.5",",,,S","","","","","","","","","","","","","","","20.07","2,,,S","","","","","","","","","","","","","","","","","","","","","",""
"USW00022521","1948-01","21.32402","-157.93946","1.9","HONOLULU INTERNATIONAL AIRPORT, HI US","","","","","","","","","","","","","","","12",",S","6",",S","2",",S","","","","","0","2,S","0","2,S","","","","","","","","","","","19480127",",2,S","","","","","","","19480127",",,S","","","15.8","2,S,27,","","","","","59.9",",,S,27,","","","","","","","154.6",",,,S","","","","","","","","","","","","","","","17.99","2,,,S","","","","","","","","","","","","","","","","","","","","","",""
"USW00022521","1948-02","21.32402","-157.93946","1.9","HONOLULU INTERNATIONAL AIRPORT, HI US","","","","","","","","","","","","","","","11",",S","6",",S","1",",S","","","","","0","2,S","0","2,S","","","","","","","","","","","19480210","+,2,S","","","","","","","19480226",",,S","","","15.2","2,S,10,+","","","","","25.9",",,S,26,","","","","","","","82.8",",,,S","","","","","","","","","","","","","","","18.12","2,,,S","","","","","","","","","","","","","","","","","","","","","",""
"USW00022521","1948-03","21.32402","-157.93946","1.9","HONOLULU INTERNATIONAL AIRPORT, HI US","","","","","","","","","","","","","","","8",",S","2",",S","0",",S","","","","","0","1,S","0","1,S","","","","","","","","","","","19480309",",1,S","","","","","","","19480309",",,S","","","17.4","1,S,09,","","","","","10.9",",,S,09,","","","","","","","21.5",",,,S","","","","","","","","","","","","","","","20.00","1,,,S","","","","","","","","","","","","","","","","","","","","","",""
"USW00022521","1948-04","21.32402","-157.93946","1.9","HONOLULU INTERNATIONAL AIRPORT, HI US","","","","","","","","","","","","","","","9",",S","4",",S","1",",S","","","","","0","1,S","0","1,S","","","","","","","","","","","19480402",",1,S","","","","","","","19480407",",,S","","","16.3","1,S,02,","","","","","27.9",",,S,07,","","","","","","","47.8",",,,S","","","","","","","","","","","","","","","20.12","1,,,S","","","","","","","","","","","","","","","","","","","","","",""
"USW00022521","1948-05","21.32402","-157.93946","1.9","HONOLULU INTERNATIONAL AIRPORT, HI US","","","","","","","","","","","","","","","5",",S","0",",S","0",",S","","","","","0","4,S","0","4,S","0","3,S","28","3,S","0","3,S","","","","","19480504",",4,S","","","","","","","19480531","+,,S","19480530","+,3,S","19.6","4,S,04,","","","","","1.0",",,S,31,+","29.6","3,S,30,+","","","","","4.5",",,,S","","","","","","","","","","","25.23","6,S","28.37","3,,,S","22.09","4,,,S","","","","","","","","","","","","","","","","","","","","","",""
"USW00022521","1948-06","21.32402","-157.93946","1.9","HONOLULU INTERNATIONAL AIRPORT, HI US","","","","","","","","","","","","","","","4",",S","1",",S","0",",S","","","","","0","3,S","0","3,S","0","5,S","25","5,S","0","5,S","","","","","19480607",",3,S","","","","","","","19480629",",,S","19480630","+,5,S","21.3","3,S,07,","","","","","3.0",",,S,29,","30.2","5,S,30,+","","","","","6.0",",,,S","","","","","","","","","","","26.27","8,S","29.35","5,,,S","23.20","3,,,S","","","","","","","","","","","","","","","","","","","","","",""
"USW00022521","1948-07","21.32402","-157.93946","1.9","HONOLULU INTERNATIONAL AIRPORT, HI US","","","","","","","","","","","","","","","3",",S","1",",S","0",",S","","","","","0","4,S","0","4,S","","","","","","","","","","","19480724","+,4,S","","","","","","","19480712",",,S","","","22.4","4,S,24,+","","","","","3.0",",,S,12,","","","","","","","5.0",",,,S","","","","","","","","","","","","","","","23.71","4,,,S","","","","","","","","","","","","","","","","","","","","","",""
"USW00022521","1948-08","21.32402","-157.93946","1.9","HONOLULU INTERNATIONAL AIRPORT, HI US","","","","","","","","","","","","","","","3",",S","2",",S","1",",S","","","","","0","5,S","0","5,S","","","","","","","","","","","19480803","+,5,S","","","","","","","19480804",",,S","","","22.4","5,S,03,+","","","","","29.0",",,S,04,","","","","","","","33.0",",,,S","","","","","","","","","","","","","","","24.25","5,,,S","","","","","","","","","","","","","","","","","","","","","",""
"USW00022521","1948-09","21.32402","-157.93946","1.9","HONOLULU INTERNATIONAL AIRPORT, HI US","","","","","","","","","","","","","","","6",",S","2",",S","0",",S","","","","","0","3,S","0","3,S","0","5,S","25","5,S","0","5,S","","","","","19480928",",3,S","","","","","","","19480928",",,S","19480913",",5,S","22.4","3,S,28,","","","","","20.1",",,S,28,","31.9","5,S,13,","","","","","26.6",",,,S","","","","","","","","","","","27.15","8,S","30.30","5,,,S","23.99","3,,,S","","","","","","","","","","","","","","","","","","","","","",""
"USW00022521","1948-10","21.32402","-157.93946","1.9","HONOLULU INTERNATIONAL AIRPORT, HI US","","","","","","","","","","","","","","","7",",S","0",",S","0",",S","","","","","0","4,S","0","4,S","","","","","","","","","","","19481015",",4,S","","","","","","","19481028",",,S","","","21.3","4,S,15,","","","","","2.0",",,S,28,","","","","","","","7.5",",,,S","","","","","","","","","","","","","","","23.37","4,,,S","","","","","","","","","","","","","","","","","","","","","",""
"USW00022521","1948-11","21.32402","-157.93946","1.9","HONOLULU INTERNATIONAL AIRPORT, HI US","","","","","","","","","","","","","","","11",",S","6",",S","1",",S","","","","","0","5,S","0","5,S","","","","","","","","","","","19481110",",5,S","","","","","","","19481107",",,S","","","18.5","5,S,10,","","","","","70.1",",,S,07,","","","","","","","111.5",",,,S","","","","","","","","","","","","","","","21.63","5,,,S","","","","","","","","","","","","","","","","","","","","","",""
"USW00022521","1948-12","21.32402","-157.93946","1.9","HONOLULU INTERNATIONAL AIRPORT, HI US","","","","","","","","","","","","","","","13",",S","3",",S","0",",S","","","","","","","","","0","5,S","26","5,S","0","5,S","","","","","","","","","","","","","19481230","+,,S","19481209","+,5,S","","","","","","","5.1",",,S,30,+","26.9","5,S,09,+","","","","","22.7",",,,S","","","","","","","","","","","","","25.86","5,,,S","","","","","","","","","","","","","","","","","","","","","","","",""
"USW00022521","1949-01","21.32402","-157.93946","1.9","HONOLULU INTERNATIONAL AIRPORT, HI US","","","","","","","","","","","","","","","10",",S","8",",S","2",",S","","","","","0","3,S","0","3,S","0","5,S","26","5,S","0","5,S","","","","","19490131","+,3,S","","","","","","","19490116",",,S","19490120",",5,S","16.3","3,S,31,+","","","","","128.0",",,S,16,","27.4","5,S,20,","","","","","308.8",",,,S","","","","","","","","","","","22.08","8,S","25.65","5,,,S","18.51","3,,,S","","","","","","","","","","","","","","","","","","","","","",""
"USW00022521","1949-02","21.32402","-157.93946","1.9","HONOLULU INTERNATIONAL AIRPORT, HI US","","","","","","","","","","","","","","","9",",S","6",",S","2",",S","","","","","0","4,S","0","4,S","","","","","","","","","","","19490203","+,4,S","","","","","","","19490208",",,S","","","16.9","4,S,03,+","","","","","80.0",",,S,08,","","","","","","","162.7",",,,S","","","","","","","","","","","","","","","19.22","4,,,S","","","","","","","","","","","","","","","","","","","","","",""
"USW00022521","1949-03","21.32402","-157.93946","1.9","HONOLULU INTERNATIONAL AIRPORT, HI US","","","","","","","","","","","","","","","7",",S","1",",S","0",",S","","","","","0","5,S","0","5,S","","","","","","","","","","","19490318",",5,S","","","","","","","19490328",",,S","","","16.9","5,S,18,","","","","","7.9",",,S,28,","","","","","","","13.9",",,,S","","","","","","","","","","","","","","","19.31","5,,,S","","","","","","","","","","","","","","","","","","","","","",""
"USW00022521","1949-04","21.32402","-157.93946","1.9","HONOLULU INTERNATIONAL AIRPORT, HI US","","","","","","","","","","","","","","","4",",S","0",",S","0",",S","","","","","","","","","","","","","","","","","","","","","","","","","","","19490425","+,,S","","","","","","","","","1.0",",,S,25,+","","","","","","","3.5",",,,S","","","","","","","","","","","","","","","","","","","","","","","","","","","","","","","","","","","","","",""
"USW00022521","1949-05","21.32402","-157.93946","1.9","HONOLULU INTERNATIONAL AIRPORT, HI US","","","","","","","","","","","","","","","3",",S","1",",S","0",",S","","","","","","","","","","","","","","","","","","","","","","","","","","","19490513",",,S","","","","","","","","","3.0",",,S,13,","","","","","","","4.5",",,,S","","","","","","","","","","","","","","","","","","","","","","","","","","","","","","","","","","","","","",""
"USW00022521","1949-06","21.32402","-157.93946","1.9","HONOLULU INTERNATIONAL AIRPORT, HI US","","","","","","","","","","","","","","","5",",S","2",",S","0",",S","","","","","","","","","0","5,S","25","5,S","0","5,S","","","","","","","","","","","","","19490621",",,S","19490630","+,5,S","","","","","","","7.9",",,S,21,","29.6","5,S,30,+","","","","","12.9",",,,S","","","","","","","","","","","","","28.59","5,,,S","","","","","","","","","","","","","","","","","","","","","","","",""
"USW00022521","1949-10","21.32402","-157.93946","1.9","HONOLULU INTERNATIONAL AIRPORT, HI US","","","","","","","","","","","","","212.6",",0","6",",0","1",",0","0",",0","0",",0","0",",0","0",",0","0",",0","0",",0","31",",0","0",",0","","","","","19491029",",,0","19491031","+,,0","19491031","+,,0","","","19491016",",,0","19491020","+,,0","18.9",",0,29,","0",",,0,31,+","0",",,0,31,+","3.3",",,0,16,","30.0",",0,20,+","","","0.0",",0","8.9",",,,0","","","","","","","","","0",",,,0","25.19",",0","28.57",",,,0","21.82",",,,0","","","","","","","","","","","","","","","","","","","","","",""
"USW00022521","1949-11","21.32402","-157.93946","1.9","HONOLULU INTERNATIONAL AIRPORT, HI US","","","","","","","","","","","","","151.2",",0","9",",0","2",",0","0",",0","0",",0","0",",0","0",",0","0",",0","0",",0","30",",0","0",",0","","","","","19491121",",,0","19491130","+,,0","19491130","+,,0","","","19491112",",,0","19491123","+,,0","16.7",",0,21,","0",",,0,30,+","0",",,0,30,+","6.9",",,0,12,","28.3",",0,23,+","","","0.0",",0","17.7",",,,0","","","","","","","","","0",",,,0","23.37",",0","26.47",",,,0","20.27",",,,0","","","","","","","","","","","","","","","","","","","","","",""
"USW00022521","1949-12","21.32402","-157.93946","1.9","HONOLULU INTERNATIONAL AIRPORT, HI US","","","","","","","","","","","","","148.8",",0","6",",0","2",",0","1",",0","0",",0","0",",0","0",",0","0",",0","0",",0","31",",0","0",",0","","","","","19491221","+,,0","19491231","+,,0","19491231","+,,0","1","","19491218",",,0","19491211","+,,0","16.1",",0,21,+","0",",,0,31,+","0",",,0,31,+","35.8",",,0,18,","27.8",",0,11,+","","","0.0",",0","58.0",",,,0","","","","","","","","","0",",,,0","23.13",",0","26.15",",,,0","20.11",",,,0","","","","","","","","","","","","","","","","","","","","","",""
"USW00022521","1950-01","21.32402","-157.93946","1.9","HONOLULU INTERNATIONAL AIRPORT, HI US","","","","","","","","","","","125.4","0","125.4",",0","12",",0","7",",0","4",",0","0",",0","0",",0","0",",0","0",",0","0",",0","31",",0","0",",0","","","","","19500119","+,,0","19500131","+,,0","19500131","+,,0","4","","19500122",",,0","19500125",",,0","16.7",",0,19,+","0",",,0,31,+","0",",,0,31,+","116.6",",,0,22,","27.8",",0,25,","","","0.0",",0","336.4",",,,0","","","","","","","","","0",",,,0","22.38",",0","25.83",",,,0","18.93",",,,0","","","","","","","","","","","","","","","","","","","","","",""
"USW00022521","1950-02","21.32402","-157.93946","1.9","HONOLULU INTERNATIONAL AIRPORT, HI US","","","","","","","","","","","269.8","0","144.4",",0","9",",0","3",",0","0",",0","0",",0","0",",0","0",",0","0",",0","0",",0","28",",0","0",",0","","","","","19500201",",,0","19500228","+,,0","19500228","+,,0","","","19500206",",,0","19500224","+,,0","17.8",",0,01,","0",",,0,28,+","0",",,0,28,+","13.2",",,0,06,","27.8",",0,24,+","","","0.0",",0","26.5",",,,0","","","","","","","","","0",",,,0","23.49",",0","26.34",",,,0","20.64",",,,0","","","","","","","","","","","","","","","","","","","","","",""
"USW00022521","1950-03","21.32402","-157.93946","1.9","HONOLULU INTERNATIONAL AIRPORT, HI US","","","","","","","","","","","419.2","0","149.4",",0","8",",0","2",",0","0",",0","0",",0","0",",0","0",",0","0",",0","0",",0","31",",0","0",",0","","","","","19500308",",,0","19500331","+,,0","19500331","+,,0","","","19500309",",,0","19500317","+,,0","17.2",",0,08,","0",",,0,31,+","0",",,0,31,+","9.7",",,0,09,","28.3",",0,17,+","","","0.0",",0","16.3",",,,0","","","","","","","","","0",",,,0","23.15",",0","26.35",",,,0","19.95",",,,0","","","","","","","","","","","","","","","","","","","","","",""
"USW00022521","1950-04","21.32402","-157.93946","1.9","HONOLULU INTERNATIONAL AIRPORT, HI US","","","","","","","","","","","566.6","0","147.4",",0","14",",0","7",",0","1",",0","0",",0","0",",0","0",",0","0",",0","0",",0","30",",0","0",",0","","","","","19500417",",,0","19500430","+,,0","19500430","+,,0","2","","19500422",",,0","19500407",",,0","18.3",",0,17,","0",",,0,30,+","0",",,0,30,+","58.2",",,0,22,","27.8",",0,07,","","","0.0",",0","145.8",",,,0","","","","","","","","","0",",,,0","23.25",",0","26.09",",,,0","20.40",",,,0","","","","","","","","","","","","","","","","","","","","","",""
"USW00022521","1950-05","21.32402","-157.93946","1.9","HONOLULU INTERNATIONAL AIRPORT, HI US","","","","","","","","","","","755.8","0","189.2",",0","4",",0","2",",0","0",",0","0",",0","0",",0","0",",0","0",",0","0",",0","31",",0","0",",0","","","","","19500522",",,0","19500531","+,,0","19500531","+,,0","","","19500516",",,0","19500531",",,0","18.9",",0,22,","0",",,0,31,+","0",",,0,31,+","3.6",",,0,16,","28.9",",0,31,","","","0.0",",0","8.2",",,,0","","","","","","","","","0",",,,0","24.44",",0","27.40",",,,0","21.47",",,,0","","","","","","","","","","","","","","","","","","","","","",""
"USW00022521","1950-06","21.32402","-157.93946","1.9","HONOLULU INTERNATIONAL AIRPORT, HI US","","","","","","","","","","","958.1","0","202.3",",0","4",",0","0",",0","0",",0","0",",0","0",",0","0",",0","0",",0","0",",0","30",",0","0",",0","1","","","","19500605",",,0","19500630","+,,0","19500630","+,,0","","","19500625",",,0","19500630",",,0","19.4",",0,05,","0",",,0,30,+","0",",,0,30,+","0.8",",,0,25,","30.0",",0,30,","","","0.0",",0","1.9",",,,0","","","","","","","","","0",",,,0","25.08",",0","28.25",",,,0","21.90",",,,0","","","","","","","","","","","","","","","","","","","","","",""
"USW00022521","1950-07","21.32402","-157.93946","1.9","HONOLULU INTERNATIONAL AIRPORT, HI US","","","","","","","","","","","1180.9","0","222.8",",0","3",",0","0",",0","0",",0","0",",0","0",",0","0",",0","0",",0","0",",0","31",",0","0",",0","","","","","19500714",",,0","19500731","+,,0","19500731","+,,0","","","19500727","+,,0","19500729","+,,0","20.6",",0,14,","0",",,0,31,+","0",",,0,31,+","0.3",",,0,27,+","29.4",",0,29,+","0.0","0","0.0",",0","0.9",",,,0","","","","","","","","","0",",,,0","25.52",",0","28.77",",,,0","22.27",",,,0","","","","","","","","","","","","","","","","","","","","","",""
"USW00022521","1950-08","21.32402","-157.93946","1.9","HONOLULU INTERNATIONAL AIRPORT, HI US","","","","","","","","","","","1421.4","0","240.5",",0","9",",0","1",",0","0",",0","0",",0","0",",0","0",",0","0",",0","0",",0","31",",0","0",",0","","","","","19500820","+,,0","19500831","+,,0","19500831","+,,0","","","19500815",",,0","19500830","+,,0","20.6",",0,20,+","0",",,0,31,+","0",",,0,31,+","18.3",",,0,15,","30.6",",0,30,+","0.0","0","0.0",",0","25.5",",,,0","","","","","","","","","0",",,,0","26.09",",0","29.40",",,,0","22.78",",,,0","","","","","","","","","","","","","","","","","","","","","",""
"USW00022521","1950-09","21.32402","-157.93946","1.9","HONOLULU INTERNATIONAL AIRPORT, HI US","","","","","","","","","","","1649.1","0","227.7",",0","11",",0","3",",0","0",",0","0",",0","0",",0","0",",0","0",",0","0",",0","30",",0","0",",0","","","","","19500923",",,0","19500930","+,,0","19500930","+,,0","","","19500910",",,0","19500929","+,,0","19.4",",0,23,","0",",,0,30,+","0",",,0,30,+","4.3",",,0,10,","30.6",",0,29,+","0.0","0","0.0",",0","12.6",",,,0","","","","","","","","","0",",,,0","25.92",",0","29.59",",,,0","22.26",",,,0","","","","","","","","","","","","","","","","","","","","","",""
"USW00022521","1950-10","21.32402","-157.93946","1.9","HONOLULU INTERNATIONAL AIRPORT, HI US","","","","","","","","","","","1880.6","0","231.5",",0","10",",0","2",",0","0",",0","0",",0","0",",0","0",",0","0",",0","0",",0","31",",0","0",",0","","","","","19501011",",,0","19501031","+,,0","19501031","+,,0","","","19501029",",,0","19501013",",,0","20.0",",0,11,","0",",,0,31,+","0",",,0,31,+","6.4",",,0,29,","30.6",",0,13,","0.0","0","0.0",",0","17.2",",,,0","","","","","","","","","0",",,,0","25.80",",0","29.15",",,,0","22.45",",,,0","","","","","","","","","","","","","","","","","","","","","",""
"USW00022521","1950-11","21.32402","-157.93946","1.9","HONOLULU INTERNATIONAL AIRPORT, HI US","","","","","","","","","","","2053.8","0","173.2",",0","10",",0","6",",0","0",",0","0",",0","0",",0","0",",0","0",",0","0",",0","30",",0","0",",0","","","","","19501129","+,,0","19501130","+,,0","19501130","+,,0","","","19501116",",,0","19501122","+,,0","17.8",",0,29,+","0",",,0,30,+","0",",,0,30,+","13.7",",,0,16,","30.0",",0,22,+","0.0","0","0.0",",0","48.8",",,,0","","","","","","","","","0",",,,0","24.11",",0","28.08",",,,0","20.14",",,,0","","","","","","","","","","","","","","","","","","","","","",""
"USW00022521","1950-12","21.32402","-157.93946","1.9","HONOLULU INTERNATIONAL AIRPORT, HI US","","","","","","","","","","","2174.5","0","120.7",",0","12",",0","5",",0","2",",0","0",",0","0",",0","0",",0","0",",0","0",",0","31",",0","0",",0","","","","","19501220",",,0","19501231","+,,0","19501231","+,,0","2","","19501203",",,0","19501224",",,0","15.6",",0,20,","0",",,0,31,+","0",",,0,31,+","95.5",",,0,03,","28.3",",0,24,","0.0","0","0.0",",0","165.9",",,,0","","","","","","","","","0",",,,0","22.23",",0","25.40",",,,0","19.05",",,,0","","","","","","","","","","","","","","","","","","","","","",""
"USW00022521","1951-01","21.32402","-157.93946","1.9","HONOLULU INTERNATIONAL AIRPORT, HI US","","","","","","","","","","","138.1","0","138.1",",0","8",",0","4",",0","0",",0","0",",0","0",",0","0",",0","0",",0","0",",0","31",",0","0",",0","","","","","19510126","+,,0","19510131","+,,0","19510131","+,,0","","","19510122",",,0","19510126","+,,0","15.6",",0,26,+","0",",,0,31,+","0",",,0,31,+","12.7",",,0,22,","27.8",",0,26,+","0.0","0","0.0",",0","30.9",",,,0","","","","","","","","","0",",,,0","22.79",",0","26.35",",,,0","19.22",",,,0","","","","","","","","","","","","","","","","","","","","","",""
"USW00022521","1951-02","21.32402","-157.93946","1.9","HONOLULU INTERNATIONAL AIRPORT, HI US","","","","","","","","","","","248.2","0","110.1",",0","12",",0","5",",0","1",",0","0",",0","0",",0","0",",0","0",",0","0",",0","28",",0","0",",0","","","","","19510209",",,0","19510228","+,,0","19510228","+,,0","","","19510220",",,0","19510204",",,0","13.9",",0,09,","0",",,0,28,+","0",",,0,28,+","29.7",",,0,20,","28.3",",0,04,","0.0","0","0.0",",0","75.8",",,,0","","","","","","","","","0",",,,0","22.27",",0","25.73",",,,0","18.80",",,,0","","","","","","","","","","","","","","","","","","","","","",""
"USW00022521","1951-03","21.32402","-157.93946","1.9","HONOLULU INTERNATIONAL AIRPORT, HI US","","","","","","","","","","","379.4","0","131.2",",0","13",",0","10",",0","7",",0","0",",0","0",",0","0",",0","0",",0","0",",0","31",",0","0",",0","","","","","19510317",",,0","19510331","+,,0","19510331","+,,0","3","","19510311",",,0","19510329",",,0","16.7",",0,17,","0",",,0,31,+","0",",,0,31,+","104.4",",,0,11,","28.3",",0,29,","0.0","0","0.0",",0","528.1",",,,0","","","","","","","","","0",",,,0","22.56",",0","25.82",",,,0","19.31",",,,0","","","","","","","","","","","","","","","","","","","","","",""
"USW00022521","1951-04","21.32402","-157.93946","1.9","HONOLULU INTERNATIONAL AIRPORT, HI US","","","","","","","","","","","536.5","0","157.1",",0","10",",0","2",",0","0",",0","0",",0","0",",0","0",",0","0",",0","0",",0","30",",0","0",",0","","","","","19510413",",,0","19510430","+,,0","19510430","+,,0","","","19510406",",,0","19510429","+,,0","16.7",",0,13,","0",",,0,30,+","0",",,0,30,+","6.6",",,0,06,","28.3",",0,29,+","0.0","0","0.0",",0","12.8",",,,0","","","","","","","","","0",",,,0","23.57",",0","27.00",",,,0","20.14",",,,0","","","","","","","","","","","","","","","","","","","","","",""
"USW00022521","1951-05","21.32402","-157.93946","1.9","HONOLULU INTERNATIONAL AIRPORT, HI US","","","","","","","","","","","734.3","0","197.8",",0","6",",0","1",",0","0",",0","0",",0","0",",0","0",",0","0",",0","0",",0","31",",0","0",",0","","","","","19510524","+,,0","19510531","+,,0","19510531","+,,0","","","19510512",",,0","19510522","+,,0","19.4",",0,24,+","0",",,0,31,+","0",",,0,31,+","3.3",",,0,12,","28.9",",0,22,+","0.0","0","0.0",",0","6.0",",,,0","","","","","","","","","0",",,,0","24.71",",0","28.15",",,,0","21.27",",,,0","","","","","","","","","","","","","","","","","","","","","",""
"USW00022521","1951-06","21.32402","-157.93946","1.9","HONOLULU INTERNATIONAL AIRPORT, HI US","","","","","","","","","","","946.3","0","212.0",",0","3",",0","1",",0","0",",0","0",",0","0",",0","0",",0","0",",0","0",",0","30",",0","0",",0","","","","","19510629",",,0","19510630","+,,0","19510630","+,,0","","","19510630",",,0","19510627","+,,0","20.0",",0,29,","0",",,0,30,+","0",",,0,30,+","8.6",",,0,30,","30.0",",0,27,+","0.0","0","0.0",",0","9.7",",,,0","","","","","","","","","0",",,,0","25.40",",0","29.02",",,,0","21.78",",,,0","","","","","","","","","","","","","","","","","","","","","",""
"USW00022521","1951-07","21.32402","-157.93946","1.9","HONOLULU INTERNATIONAL AIRPORT, HI US","","","","","","","","","","","1197.1","0","250.8",",0","9",",0","0",",0","0",",0","0",",0","0",",0","0",",0","0",",0","0",",0","31",",0","0",",0","","","","","19510701",",,0","19510731","+,,0","19510731","+,,0","","","19510719",",,0","19510724","+,,0","21.1",",0,01,","0",",,0,31,+","0",",,0,31,+","2.0",",,0,19,","30.6",",0,24,+","0.0","0","0.0",",0","6.3",",,,0","","","","","","","","","0",",,,0","26.42",",0","29.47",",,,0","23.38",",,,0","","","","","","","","","","","","","","","","","","","","","",""
"USW00022521","1951-08","21.32402","-157.93946","1.9","HONOLULU INTERNATIONAL AIRPORT, HI US","","","","","","","","","","","1448.9","0","251.8",",0","11",",0","3",",0","0",",0","0",",0","0",",0","0",",0","0",",0","0",",0","31",",0","0",",0","","","","","19510831","+,,0","19510831","+,,0","19510831","+,,0","","","19510805",",,0","19510815",",,0","22.2",",0,31,+","0",",,0,31,+","0",",,0,31,+","7.6",",,0,05,","31.7",",0,15,","0.0","0","0.0",",0","29.0",",,,0","","","","","","","","","0",",,,0","26.45",",0","29.53",",,,0","23.38",",,,0","","","","","","","","","","","","","","","","","","","","","",""
"USW00022521","1951-09","21.32402","-157.93946","1.9","HONOLULU INTERNATIONAL AIRPORT, HI US","","","","","","","","","","","1693.9","0","245.0",",0","9",",0","3",",0","0",",0","0",",0","0",",0","0",",0","0",",0","0",",0","30",",0","0",",0","","","","","19510920",",,0","19510930","+,,0","19510930","+,,0","","","19510921",",,0","19510923","+,,0","20.6",",0,20,","0",",,0,30,+","0",",,0,30,+","9.1",",,0,21,","31.1",",0,23,+","0.0","0","0.0",",0","23.3",",,,0","","","","","","","","","0",",,,0","26.50",",0","29.94",",,,0","23.06",",,,0","","","","","","","","","","","","","","","","","","","","","",""
"USW00022521","1951-10","21.32402","-157.93946","1.9","HONOLULU INTERNATIONAL AIRPORT, HI US","","","","","","","","","","","1927.1","0","233.2",",0","16",",0","6",",0","2",",0","0",",0","0",",0","0",",0","0",",0","0",",0","31",",0","0",",0","","","","","19511031","+,,0","19511031","+,,0","19511031","+,,0","4","","19511027",",,0","19511025",",,0","20.6",",0,31,+","0",",,0,31,+","0",",,0,31,+","71.1",",,0,27,","30.6",",0,25,","0.0","0","0.0",",0","148.3",",,,0","","","","","","","","","0",",,,0","25.85",",0","28.99",",,,0","22.72",",,,0","","","","","","","","","","","","","","","","","","","","","",""
"USW00022521","1951-11","21.32402","-157.93946","1.9","HONOLULU INTERNATIONAL AIRPORT, HI US","","","","","","","","","","","2124.2","0","197.1",",0","6",",0","0",",0","0",",0","0",",0","0",",0","0",",0","0",",0","0",",0","30",",0","0",",0","","","","","19511101",",,0","19511130","+,,0","19511130","+,,0","","","19511117",",,0","19511103",",,0","21.1",",0,01,","0",",,0,30,+","0",",,0,30,+","2.3",",,0,17,","29.4",",0,03,","0.0","0","0.0",",0","5.9",",,,0","","","","","","","","","0",",,,0","24.90",",0","27.43",",,,0","22.37",",,,0","","","","","","","","","","","","","","","","","","","","","",""
"USW00022521","1951-12","21.32402","-157.93946","1.9","HONOLULU INTERNATIONAL AIRPORT, HI US","","","","","","","","","","","2281.5","0","157.3",",0","10",",0","8",",0","1",",0","0",",0","0",",0","0",",0","0",",0","0",",0","31",",0","0",",0","","","","","19511228","+,,0","19511231","+,,0","19511231","+,,0","1","","19511231",",,0","19511214",",,0","18.9",",0,28,+","0",",,0,31,+","0",",,0,31,+","63.5",",,0,31,","27.8",",0,14,","0.0","0","0.0",",0","134.7",",,,0","","","","","","","","","0",",,,0","23.41",",0","26.24",",,,0","20.58",",,,0","","","","","","","","","","","","","","","","","","","","","",""
"USW00022521","1952-01","21.32402","-157.93946","1.9","HONOLULU INTERNATIONAL AIRPORT, HI US","","","","","","","","","","","131.1","0","131.1",",0","8",",0","2",",0","1",",0","0",",0","0",",0","0",",0","0",",0","0",",0","31",",0","0",",0","","","","","19520128","+,,0","19520131","+,,0","19520131","+,,0","","","19520119",",,0","19520126",",,0","15.6",",0,28,+","0",",,0,31,+","0",",,0,31,+","105.4",",,0,19,","27.8",",0,26,","0.0","0","0.0",",0","113.1",",,,0","","","","","","","","","0",",,,0","22.56",",0","25.79",",,,0","19.33",",,,0","","","","","","","","","","","","","","","","","","","","","",""
"USW00022521","1952-02","21.32402","-157.93946","1.9","HONOLULU INTERNATIONAL AIRPORT, HI US","","","","","","","","","","","258.6","0","127.5",",0","6",",0","2",",0","0",",0","0",",0","0",",0","0",",0","0",",0","0",",0","29",",0","0",",0","","","","","19520212","+,,0","19520229","+,,0","19520229","+,,0","1","","19520216",",,0","19520214",",,0","17.2",",0,12,+","0",",,0,29,+","0",",,0,29,+","3.8",",,0,16,","27.8",",0,14,","0.0","0","0.0",",0","12.3",",,,0","","","","","","","","","0",",,,0","22.73",",0","25.99",",,,0","19.47",",,,0","","","","","","","","","","","","","","","","","","","","","",""
"USW00022521","1952-03","21.32402","-157.93946","1.9","HONOLULU INTERNATIONAL AIRPORT, HI US","","","","","","","","","","","394.1","0","135.5",",0","10",",0","2",",0","0",",0","0",",0","0",",0","0",",0","0",",0","0",",0","31",",0","0",",0","","","","","19520302",",,0","19520331","+,,0","19520331","+,,0","1","","19520319",",,0","19520329","+,,0","16.1",",0,02,","0",",,0,31,+","0",",,0,31,+","4.1",",,0,19,","27.2",",0,29,+","0.0","0","0.0",",0","14.4",",,,0","","","","","","","","","0",",,,0","22.70",",0","25.75",",,,0","19.65",",,,0","","","","","","","","","","","","","","","","","","","","","",""
"USW00022521","1952-04","21.32402","-157.93946","1.9","HONOLULU INTERNATIONAL AIRPORT, HI US","","","","","","","","","","","532.3","0","138.2",",0","7",",0","1",",0","0",",0","0",",0","0",",0","0",",0","0",",0","0",",0","30",",0","0",",0","","","","","19520416","+,,0","19520430","+,,0","19520430","+,,0","","","19520403",",,0","19520429","+,,0","18.3",",0,16,+","0",",,0,30,+","0",",,0,30,+","3.6",",,0,03,","27.2",",0,29,+","0.0","0","0.0",",0","9.0",",,,0","","","","","","","","","0",",,,0","22.94",",0","26.14",",,,0","19.74",",,,0","","","","","","","","","","","","","","","","","","","","","",""
"USW00022521","1952-05","21.32402","-157.93946","1.9","HONOLULU INTERNATIONAL AIRPORT, HI US","","","","","","","","","","","682.4","0","150.1",",0","6",",0","0",",0","0",",0","0",",0","0",",0","0",",0","0",",0","0",",0","31",",0","0",",0","","","","","19520515",",,0","19520531","+,,0","19520531","+,,0","","","19520502",",,0","19520527","+,,0","17.2",",0,15,","0",",,0,31,+","0",",,0,31,+","1.3",",,0,02,","28.3",",0,27,+","0.0","0","0.0",",0","4.0",",,,0","","","","","","","","","0",",,,0","23.17",",0","26.69",",,,0","19.65",",,,0","","","","","","","","","","","","","","","","","","","","","",""
"USW00022521","1952-06","21.32402","-157.93946","1.9","HONOLULU INTERNATIONAL AIRPORT, HI US","","","","","","","","","","","874.0","0","191.6",",0","8",",0","0",",0","0",",0","0",",0","0",",0","0",",0","0",",0","0",",0","30",",0","0",",0","","","","","19520621","+,,0","19520630","+,,0","19520630","+,,0","","","19520614","+,,0","19520607",",,0","21.1",",0,21,+","0",",,0,30,+","0",",,0,30,+","0.8",",,0,14,+","28.9",",0,07,","0.0","0","0.0",",0","3.6",",,,0","","","","","","","","","0",",,,0","24.72",",0","27.62",",,,0","21.82",",,,0","","","","","","","","","","","","","","","","","","","","","",""
"USW00022521","1952-07","21.32402","-157.93946","1.9","HONOLULU INTERNATIONAL AIRPORT, HI US","","","","","","","","","","","1098.1","0","224.1",",0","4",",0","0",",0","0",",0","0",",0","0",",0","0",",0","0",",0","0",",0","31",",0","0",",0","","","","","19520726","+,,0","19520731","+,,0","19520731","+,,0","","","19520726","+,,0","19520731","+,,0","21.7",",0,26,+","0",",,0,31,+","0",",,0,31,+","0.5",",,0,26,+","29.4",",0,31,+","0.0","0","0.0",",0","1.8",",,,0","","","","","","","","","0",",,,0","25.56",",0","28.52",",,,0","22.60",",,,0","","","","","","","","","","","","","","","","","","","","","",""
"USW00022521","1952-08","21.32402","-157.93946","1.9","HONOLULU INTERNATIONAL AIRPORT, HI US","","","","","","","","","","","1340.0","0","241.9",",0","6",",0","0",",0","0",",0","0",",0","0",",0","0",",0","0",",0","0",",0","31",",0","0",",0","","","","","19520822","+,,0","19520831","+,,0","19520831","+,,0","","","19520822",",,0","19520803",",,0","22.2",",0,22,+","0",",,0,31,+","0",",,0,31,+","1.0",",,0,22,","31.1",",0,03,","0.0","0","0.0",",0","2.5",",,,0","","","","","","","","","0",",,,0","26.14",",0","29.15",",,,0","23.13",",,,0","","","","","","","","","","","","","","","","","","","","","",""
"USW00022521","1952-09","21.32402","-157.93946","1.9","HONOLULU INTERNATIONAL AIRPORT, HI US","","","","","","","","","","","1563.5","0","223.5",",0","4",",0","1",",0","0",",0","0",",0","0",",0","0",",0","0",",0","0",",0","30",",0","0",",0","","","","","19520923","+,,0","19520930","+,,0","19520930","+,,0","","","19520914",",,0","19520928",",,0","20.6",",0,23,+","0",",,0,30,+","0",",,0,30,+","5.1",",,0,14,","30.0",",0,28,","0.0","0","0.0",",0","7.0",",,,0","","","","","","","","","0",",,,0","25.78",",0","29.05",",,,0","22.51",",,,0","","","","","","","","","","","","","","","","","","","","","",""
"USW00022521","1952-10","21.32402","-157.93946","1.9","HONOLULU INTERNATIONAL AIRPORT, HI US","","","","","","","","","","","1770.8","0","207.3",",0","14",",0","5",",0","1",",0","0",",0","0",",0","0",",0","0",",0","0",",0","31",",0","0",",0","","","","","19521027","+,,0","19521031","+,,0","19521031","+,,0","1","","19521016",",,0","19521014","+,,0","20.0",",0,27,+","0",",,0,31,+","0",",,0,31,+","34.8",",,0,16,","29.4",",0,14,+","0.0","0","0.0",",0","63.6",",,,0","","","","","","","","","0",",,,0","25.02",",0","28.20",",,,0","21.84",",,,0","","","","","","","","","","","","","","","","","","","","","",""
"USW00022521","1952-11","21.32402","-157.93946","1.9","HONOLULU INTERNATIONAL AIRPORT, HI US","","","","","","","","","","","1955.6","0","184.8",",0","12",",0","4",",0","0",",0","0",",0","0",",0","0",",0","0",",0","0",",0","30",",0","0",",0","","","","","19521122","+,,0","19521130","+,,0","19521130","+,,0","","","19521119",",,0","19521122","+,,0","19.4",",0,22,+","0",",,0,30,+","0",",,0,30,+","7.6",",,0,19,","28.9",",0,22,+","0.0","0","0.0",",0","31.0",",,,0","","","","","","","","","0",",,,0","24.49",",0","27.36",",,,0","21.63",",,,0","","","","","","","","","68",",X","","","","","","","","","21.5",",X","",""
"USW00022521","1952-12","21.32402","-157.93946","1.9","HONOLULU INTERNATIONAL AIRPORT, HI US","","","","","","","","","","","2105.1","0","149.5",",0","7",",0","2",",0","0",",0","0",",0","0",",0","0",",0","0",",0","0",",0","31",",0","0",",0","","","","","19521231","+,,0","19521231","+,,0","19521231","+,,0","","","19521204",",,0","19521231","+,,0","16.7",",0,31,+","0",",,0,31,+","0",",,0,31,+","4.8",",,0,04,","27.2",",0,31,+","0.0","0","0.0",",0","10.0",",,,0","","","","","","","","","0",",,,0","23.15",",0","26.25",",,,0","20.06",",,,0","","","","","","","","","45",",X","","","","","","","","","17.9",",X","",""
"USW00022521","1953-01","21.32402","-157.93946","1.9","HONOLULU INTERNATIONAL AIRPORT, HI US","","","","","","","","","","","128.3","0","128.3",",0","12",",0","2",",0","0",",0","0",",0","0",",0","0",",0","0",",0","0",",0","31",",0","0",",0","","","","","19530108",",,0","19530131","+,,0","19530131","+,,0","","","19530102",",,0","19530130","+,,0","15.0",",0,08,","0",",,0,31,+","0",",,0,31,+","14.5",",,0,02,","28.3",",0,30,+","0.0","0","0.0",",0","31.9",",,,0","","","","","","","","","0",",,,0","22.47",",0","26.42",",,,0","18.53",",,,0","","","","","","","","","270",",X","","","","","","","","","16.5",",X","",""
"USW00022521","1953-02","21.32402","-157.93946","1.9","HONOLULU INTERNATIONAL AIRPORT, HI US","","","","","","","","","","","257.4","0","129.1",",0","8",",0","5",",0","1",",0","0",",0","0",",0","0",",0","0",",0","0",",0","28",",0","0",",0","","","","","19530228",",,0","19530228","+,,0","19530228","+,,0","5","","19530228",",,0","19530208",",,0","16.7",",0,28,","0",",,0,28,+","0",",,0,28,+","36.3",",,0,28,","28.9",",0,08,","0.0","0","0.0",",0","73.0",",,,0","","","","","","","","","0",",,,0","22.94",",0","26.48",",,,0","19.41",",,,0","","","","","","","","","248",",X","","","","","","","","","17.0",",X","",""
"USW00022521","1953-03","21.32402","-157.93946","1.9","HONOLULU INTERNATIONAL AIRPORT, HI US","","","","","","","","","","","406.8","0","149.4",",0","9",",0","6",",0","0",",0","0",",0","0",",0","0",",0","0",",0","0",",0","31",",0","0",",0","","","","","19530302",",,0","19530331","+,,0","19530331","+,,0","4","","19530303",",,0","19530313","+,,0","16.1",",0,02,","0",",,0,31,+","0",",,0,31,+","11.9",",,0,03,","28.3",",0,13,+","0.0","0","0.0",",0","39.1",",,,0","","","","","","","","","0",",,,0","23.15",",0","26.67",",,,0","19.63",",,,0","","","","","","","","","68",",X","","","","","","","","","17.0",",X","",""
"USW00022521","1953-04","21.32402","-157.93946","1.9","HONOLULU INTERNATIONAL AIRPORT, HI US","","","","","","","","","","","569.4","0","162.6",",0","7",",0","1",",0","0",",0","0",",0","0",",0","0",",0","0",",0","0",",0","30",",0","0",",0","","","","","19530423","+,,0","19530430","+,,0","19530430","+,,0","","","19530410",",,0","19530424",",,0","18.3",",0,23,+","0",",,0,30,+","0",",,0,30,+","3.0",",,0,10,","28.9",",0,24,","0.0","0","0.0",",0","6.2",",,,0","","","","","","","","","0",",,,0","23.75",",0","27.19",",,,0","20.32",",,,0","","","","","","","","","90",",X","","","","","","","","","14.8",",X","",""
"USW00022521","1953-05","21.32402","-157.93946","1.9","HONOLULU INTERNATIONAL AIRPORT, HI US","","","","","","","","","","","772.0","0","202.6",",0","6",",0","0",",0","0",",0","0",",0","0",",0","0",",0","0",",0","0",",0","31",",0","0",",0","","","","","19530505",",,0","19530531","+,,0","19530531","+,,0","","","19530527",",,0","19530517",",,0","20.0",",0,05,","0",",,0,31,+","0",",,0,31,+","1.8",",,0,27,","29.4",",0,17,","0.0","0","0.0",",0","3.8",",,,0","","","","","","","","","0",",,,0","24.87",",0","27.89",",,,0","21.85",",,,0","","","","","","","","","68",",X","","","","","","","","","16.5",",X","",""
"USW00022521","1953-06","21.32402","-157.93946","1.9","HONOLULU INTERNATIONAL AIRPORT, HI US","","","","","","","","","","","983.1","0","211.1",",0","2",",0","0",",0","0",",0","0",",0","0",",0","0",",0","0",",0","0",",0","30",",0","0",",0","","","","","19530621","+,,0","19530630","+,,0","19530630","+,,0","","","19530617","+,,0","19530627","+,,0","21.1",",0,21,+","0",",,0,30,+","0",",,0,30,+","0.3",",,0,17,+","29.4",",0,27,+","0.0","0","0.0",",0","0.6",",,,0","","","","","","","","","0",",,,0","25.37",",0","28.31",",,,0","22.43",",,,0","","","","","","","","","68",",X","","","","","","","","","17.0",",X","",""
"USW00022521","1953-07","21.32402","-157.93946","1.9","HONOLULU INTERNATIONAL AIRPORT, HI US","","","","","","","","","","","1212.2","0","229.1",",0","7",",0","1",",0","0",",0","0",",0","0",",0","0",",0","0",",0","0",",0","31",",0","0",",0","","","","","19530710","+,,0","19530731","+,,0","19530731","+,,0","","","19530704",",,0","19530725","+,,0","21.1",",0,10,+","0",",,0,31,+","0",",,0,31,+","3.0",",,0,04,","29.4",",0,25,+","0.0","0","0.0",",0","6.5",",,,0","","","","","","","","","0",",,,0","25.72",",0","28.82",",,,0","22.63",",,,0","","","","","","","","","90",",X","","","","","","","","","18.8",",X","",""
"USW00022521","1953-08","21.32402","-157.93946","1.9","HONOLULU INTERNATIONAL AIRPORT, HI US","","","","","","","","","","","1458.9","0","246.7",",0","2",",0","0",",0","0",",0","0",",0","0",",0","0",",0","0",",0","0",",0","31",",0","0",",0","","","","","19530822",",,0","19530831","+,,0","19530831","+,,0","","","19530807",",,0","19530823",",,0","21.1",",0,22,","0",",,0,31,+","0",",,0,31,+","0.5",",,0,07,","31.1",",0,23,","0.0","0","0.0",",0","0.8",",,,0","","","","","","","","","0",",,,0","26.29",",0","29.36",",,,0","23.22",",,,0","","","","","","","","","68",",X","","","","","","","","","33.1",",X","",""
"USW00022521","1953-09","21.32402","-157.93946","1.9","HONOLULU INTERNATIONAL AIRPORT, HI US","","","","","","","","","","","1688.0","0","229.1",",0","5",",0","1",",0","0",",0","0",",0","0",",0","0",",0","0",",0","0",",0","30",",0","0",",0","","","","","19530929",",,0","19530930","+,,0","19530930","+,,0","","","19530930",",,0","19530917",",,0","20.6",",0,29,","0",",,0,30,+","0",",,0,30,+","16.3",",,0,30,","30.6",",0,17,","0.0","0","0.0",",0","18.2",",,,0","","","","","","","","","0",",,,0","25.97",",0","29.24",",,,0","22.70",",,,0","","","","","","","","","68",",X","","","","","","","","","14.8",",X","",""
"USW00022521","1953-10","21.32402","-157.93946","1.9","HONOLULU INTERNATIONAL AIRPORT, HI US","","","","","","","","","","","1905.0","0","217.0",",0","9",",0","1",",0","0",",0","0",",0","0",",0","0",",0","0",",0","0",",0","31",",0","0",",0","","","","","19531025",",,0","19531031","+,,0","19531031","+,,0","","","19531001",",,0","19531021","+,,0","18.9",",0,25,","0",",,0,31,+","0",",,0,31,+","9.9",",,0,01,","30.0",",0,21,+","0.0","0","0.0",",0","15.3",",,,0","","","","","","","","","0",",,,0","25.33",",0","28.70",",,,0","21.96",",,,0","","","","","","","","","68",",X","","","","","","","","","17.0",",X","",""
"USW00022521","1953-11","21.32402","-157.93946","1.9","HONOLULU INTERNATIONAL AIRPORT, HI US","","","","","","","","","","","2075.1","0","170.1",",0","11",",0","1",",0","0",",0","0",",0","0",",0","0",",0","0",",0","0",",0","30",",0","0",",0","","","","","19531123",",,0","19531130","+,,0","19531130","+,,0","","","19531106",",,0","19531116","+,,0","17.8",",0,23,","0",",,0,30,+","0",",,0,30,+","3.3",",,0,06,","27.8",",0,16,+","0.0","0","0.0",",0","10.7",",,,0","","","","","","","","","0",",,,0","24.00",",0","26.80",",,,0","21.20",",,,0","","","","","","","","","68",",X","","","","","","","","","19.7",",X","",""
"USW00022521","1953-12","21.32402","-157.93946","1.9","HONOLULU INTERNATIONAL AIRPORT, HI US","","","","","","","","","","","2209.3","0","134.2",",0","10",",0","7",",0","0",",0","0",",0","0",",0","0",",0","0",",0","0",",0","31",",0","0",",0","","","","","19531229",",,0","19531231","+,,0","19531231","+,,0","","","19531218",",,0","19531225","+,,0","13.9",",0,29,","0",",,0,31,+","0",",,0,31,+","12.4",",,0,18,","27.2",",0,25,+","0.0","0","0.0",",0","48.3",",,,0","","","","","","","","","0",",,,0","22.66",",0","25.87",",,,0","19.45",",,,0","","","","","","","","","68",",X","","","","","","","","","17.9",",X","",""
"USW00022521","1954-01","21.32402","-157.93946","1.9","HONOLULU INTERNATIONAL AIRPORT, HI US","","","","","","","","","","","117.7","0","117.7",",0","7",",0","4",",0","0",",0","0",",0","0",",0","0",",0","0",",0","0",",0","31",",0","0",",0","","","","","19540128",",,0","19540131","+,,0","19540131","+,,0","1","","19540121",",,0","19540123",",,0","15.0",",0,28,","0",",,0,31,+","0",",,0,31,+","16.0",",,0,21,","29.4",",0,23,","0.0","0","0.0",",0","37.9",",,,0","","","","","","","","","0",",,,0","22.13",",0","25.93",",,,0","18.33",",,,0","","","","","","","","","45",",X","","","","","","","","","21.5",",X","",""
"USW00022521","1954-02","21.32402","-157.93946","1.9","HONOLULU INTERNATIONAL AIRPORT, HI US","","","","","","","","","","","241.5","0","123.8",",0","10",",0","8",",0","2",",0","0",",0","0",",0","0",",0","0",",0","0",",0","28",",0","0",",0","","","","","19540208",",,0","19540228","+,,0","19540228","+,,0","2","","19540225",",,0","19540227","+,,0","14.4",",0,08,","0",",,0,28,+","0",",,0,28,+","28.2",",,0,25,","27.8",",0,27,+","0.0","0","0.0",",0","101.3",",,,0","","","","","","","","","0",",,,0","22.75",",0","26.54",",,,0","18.97",",,,0","","","","","","","","","225",",X","","","","","","","","","20.1",",X","",""
"USW00022521","1954-03","21.32402","-157.93946","1.9","HONOLULU INTERNATIONAL AIRPORT, HI US","","","","","","","","","","","354.2","0","112.7",",0","14",",0","4",",0","1",",0","0",",0","0",",0","0",",0","0",",0","0",",0","30",",0","0",",0","","","","","19540324",",,0","19540331","+,,0","19540331","+,,0","1","","19540317",",,0","19540328",",,0","13.9",",0,24,","0",",,0,31,+","0",",,0,31,+","26.4",",,0,17,","28.9",",0,28,","0.2","0","0.2",",0","64.5",",,,0","","","","","","","","","0",",,,0","21.96",",0","25.67",",,,0","18.25",",,,0","","","","","","","","","23",",X","","","","","","","","","16.1",",X","",""
"USW00022521","1954-04","21.32402","-157.93946","1.9","HONOLULU INTERNATIONAL AIRPORT, HI US","","","","","","","","","","","514.1","0","159.9",",0","6",",0","3",",0","1",",0","0",",0","0",",0","0",",0","0",",0","0",",0","30",",0","0",",0","","","","","19540420",",,0","19540430","+,,0","19540430","+,,0","","","19540429",",,0","19540408",",,0","16.1",",0,20,","0",",,0,30,+","0",",,0,30,+","39.4",",,0,29,","29.4",",0,08,","0.2","0","0.0",",0","50.4",",,,0","","","","","","","","","0",",,,0","23.66",",0","27.28",",,,0","20.04",",,,0","","","","","","","","","45",",X","","","","","","","","","16.5",",X","",""
"USW00022521","1954-05","21.32402","-157.93946","1.9","HONOLULU INTERNATIONAL AIRPORT, HI US","","","","","","","","","","","685.4","0","171.3",",0","4",",0","1",",0","0",",0","0",",0","0",",0","0",",0","0",",0","0",",0","31",",0","0",",0","","","","","19540507",",,0","19540531","+,,0","19540531","+,,0","","","19540529",",,0","19540521","+,,0","17.8",",0,07,","0",",,0,31,+","0",",,0,31,+","3.3",",,0,29,","28.9",",0,21,+","0.2","0","0.0",",0","4.2",",,,0","","","","","","","","","0",",,,0","23.86",",0","27.10",",,,0","20.62",",,,0","","","","","","","","","45",",X","","","","","","","","","17.0",",X","",""
"USW00022521","1954-06","21.32402","-157.93946","1.9","HONOLULU INTERNATIONAL AIRPORT, HI US","","","","","","","","","","","906.7","0","221.3",",0","6",",0","1",",0","0",",0","0",",0","0",",0","0",",0","0",",0","0",",0","30",",0","0",",0","","","","","19540627","+,,0","19540630","+,,0","19540630","+,,0","","","19540629",",,0","19540625","+,,0","21.7",",0,27,+","0",",,0,30,+","0",",,0,30,+","3.6",",,0,29,","29.4",",0,25,+","0.2","0","0.0",",0","5.3",",,,0","","","","","","","","","0",",,,0","25.71",",0","28.75",",,,0","22.67",",,,0","","","","","","","","","68",",X","","","","","","","","","15.6",",X","",""
"USW00022521","1954-07","21.32402","-157.93946","1.9","HONOLULU INTERNATIONAL AIRPORT, HI US","","","","","","","","","","","1134.0","0","227.3",",0","13",",0","4",",0","0",",0","0",",0","0",",0","0",",0","0",",0","0",",0","31",",0","0",",0","","","","","19540728",",,0","19540731","+,,0","19540731","+,,0","","","19540729",",,0","19540731","+,,0","21.1",",0,28,","0",",,0,31,+","0",",,0,31,+","24.4",",,0,29,","29.4",",0,31,+","0.0","0","0.0",",0","44.0",",,,0","","","","","","","","","0",",,,0","25.66",",0","28.69",",,,0","22.64",",,,0","","","","","","","","","45","1,X","","","","","","","","","16.5","1,X","",""
"USW00022521","1954-08","21.32402","-157.93946","1.9","HONOLULU INTERNATIONAL AIRPORT, HI US","","","","","","","","","","","1382.1","0","248.1",",0","5",",0","0",",0","0",",0","0",",0","0",",0","0",",0","0",",0","0",",0","31",",0","0",",0","","","","","19540831","+,,0","19540831","+,,0","19540831","+,,0","","","19540804",",,0","19540810",",,0","22.2",",0,31,+","0",",,0,31,+","0",",,0,31,+","2.3",",,0,04,","31.1",",0,10,","0.0","0","0.0",",0","5.0",",,,0","","","","","","","","","0",",,,0","26.34",",0","29.46",",,,0","23.21",",,,0","","","","","","","","","45",",X","","","","","","","","","15.2",",X","",""
"USW00022521","1954-09","21.32402","-157.93946","1.9","HONOLULU INTERNATIONAL AIRPORT, HI US","","","","","","","","","","","1619.5","0","237.4",",0","6",",0","1",",0","0",",0","0",",0","0",",0","0",",0","0",",0","0",",0","30",",0","0",",0","","","","","19540928",",,0","19540930","+,,0","19540930","+,,0","","","19540929",",,0","19540922","+,,0","20.6",",0,28,","0",",,0,30,+","0",",,0,30,+","9.7",",,0,29,","30.6",",0,22,+","0.0","0","0.0",",0","13.9",",,,0","","","","","","","","","0",",,,0","26.25",",0","29.56",",,,0","22.93",",,,0","","","","","","","","","68",",X","","","","","","","","","16.5",",X","",""
"USW00022521","1954-10","21.32402","-157.93946","1.9","HONOLULU INTERNATIONAL AIRPORT, HI US","","","","","","","","","","","1844.4","0","224.9",",0","12",",0","4",",0","0",",0","0",",0","0",",0","0",",0","0",",0","0",",0","31",",0","0",",0","","","","","19541028",",,0","19541031","+,,0","19541031","+,,0","","","19541012","+,,0","19541002","+,,0","18.3",",0,28,","0",",,0,31,+","0",",,0,31,+","5.6",",,0,12,+","30.0",",0,02,+","0.0","0","0.0",",0","26.7",",,,0","","","","","","","","","0",",,,0","25.59",",0","29.01",",,,0","22.17",",,,0","","","","","","","","","90",",X","","","","","","","","","19.2",",X","",""
"USW00022521","1954-11","21.32402","-157.93946","1.9","HONOLULU INTERNATIONAL AIRPORT, HI US","","","","","","","","","","","2042.4","0","198.0",",0","5",",0","3",",0","2",",0","0",",0","0",",0","0",",0","0",",0","0",",0","30",",0","0",",0","","","","","19541111","+,,0","19541130","+,,0","19541130","+,,0","3","","19541128",",,0","19541109",",,0","18.9",",0,11,+","0",",,0,30,+","0",",,0,30,+","136.9",",,0,28,","30.0",",0,09,","0.0","0","0.0",",0","238.6",",,,0","","","","","","","","","0",",,,0","24.93",",0","28.60",",,,0","21.26",",,,0","","","","","","","","","135",",X","","","","","","","","","20.6",",X","",""
"USW00022521","1954-12","21.32402","-157.93946","1.9","HONOLULU INTERNATIONAL AIRPORT, HI US","","","","","","","","","","","2179.5","0","137.1",",0","15",",0","9",",0","0",",0","0",",0","0",",0","0",",0","0",",0","0",",0","31",",0","0",",0","","","","","19541218",",,0","19541231","+,,0","19541231","+,,0","1","","19541215",",,0","19541229","+,,0","13.9",",0,18,","0",",,0,31,+","0",",,0,31,+","24.6",",,0,15,","28.3",",0,29,+","0.0","0","0.0",",0","103.1",",,,0","","","","","","","","","0",",,,0","22.76",",0","25.87",",,,0","19.65",",,,0","","","","","","","","","68",",X","","","","","","","","","18.3",",X","",""
"USW00022521","1955-01","21.32402","-157.93946","1.9","HONOLULU INTERNATIONAL AIRPORT, HI US","","","","","","","","","","","129.6","0","129.6",",0","5",",0","2",",0","1",",0","0",",0","0",",0","0",",0","0",",0","0",",0","31",",0","0",",0","","","","","19550112",",,0","19550131","+,,0","19550131","+,,0","","","19550121",",,0","19550106",",,0","16.1",",0,12,","0",",,0,31,+","0",",,0,31,+","57.7",",,0,21,","28.3",",0,06,","0.0","0","0.0",",0","69.7",",,,0","","","","","","","","","0",",,,0","22.51",",0","25.85",",,,0","19.18",",,,0","","","","","","","","","45",",X","","","","","","","","","27.2",",X","",""
"USW00022521","1955-02","21.32402","-157.93946","1.9","HONOLULU INTERNATIONAL AIRPORT, HI US","","","","","","","","","","","215.0","0","85.4",",0","19",",0","9",",0","4",",0","0",",0","0",",0","0",",0","0",",0","0",",0","28",",0","0",",0","","","","","19550217","+,,0","19550228","+,,0","19550228","+,,0","3","","19550223",",,0","19550226","+,,0","16.1",",0,17,+","0",",,0,28,+","0",",,0,28,+","140.2",",,0,23,","26.7",",0,26,+","0.0","0","0.0",",0","347.4",",,,0","","","","","","","","","0",",,,0","21.38",",0","24.53",",,,0","18.24",",,,0","","","","","","","","","135",",X","","","","","","","","","20.0",",X","",""
"USW00022521","1955-03","21.32402","-157.93946","1.9","HONOLULU INTERNATIONAL AIRPORT, HI US","","","","","","","","","","","310.2","0","95.2",",0","8",",0","3",",0","1",",0","0",",0","0",",0","0",",0","0",",0","0",",0","31",",0","0",",0","","","","","19550317",",,0","19550331","+,,0","19550331","+,,0","1","","19550322",",,0","19550303",",,0","12.8",",0,17,","0",",,0,31,+","0",",,0,31,+","89.7",",,0,22,","27.2",",0,03,","0.0","0","0.0",",0","110.9",",,,0","","","","","","","","","0",",,,0","21.40",",0","25.22",",,,0","17.58",",,,0","","","","","","","","","68",",X","","","","","","","","","19.0",",X","",""
"USW00022521","1955-04","21.32402","-157.93946","1.9","HONOLULU INTERNATIONAL AIRPORT, HI US","","","","","","","","","","","461.5","0","151.3",",0","9",",0","2",",0","0",",0","0",",0","0",",0","0",",0","0",",0","0",",0","30",",0","0",",0","","","","","19550426","+,,0","19550430","+,,0","19550430","+,,0","","","19550403",",,0","19550407","+,,0","18.9",",0,26,+","0",",,0,30,+","0",",,0,30,+","14.0",",,0,03,","27.8",",0,07,+","0.0","0","0.0",",0","21.7",",,,0","","","","","","","","","0",",,,0","23.38",",0","26.61",",,,0","20.15",",,,0","","","","","","","","","45",",X","","","","","","","","","20.0",",X","",""
"USW00022521","1955-05","21.32402","-157.93946","1.9","HONOLULU INTERNATIONAL AIRPORT, HI US","","","","","","","","","","","632.9","0","171.4",",0","7",",0","2",",0","0",",0","0",",0","0",",0","0",",0","0",",0","0",",0","31",",0","0",",0","","","","","19550527","+,,0","19550531","+,,0","19550531","+,,0","","","19550527",",,0","19550524","+,,0","20.0",",0,27,+","0",",,0,31,+","0",",,0,31,+","10.4",",,0,27,","27.8",",0,24,+","0.0","0","0.0",",0","19.5",",,,0","","","","","","","","","0",",,,0","23.86",",0","26.80",",,,0","20.92",",,,0","","","","","","","","","45",",X","","","","","","","","","20.6",",X","",""
"USW00022521","1955-06","21.32402","-157.93946","1.9","HONOLULU INTERNATIONAL AIRPORT, HI US","","","","","","","","","","","813.2","0","180.3",",0","4",",0","0",",0","0",",0","0",",0","0",",0","0",",0","0",",0","0",",0","30",",0","0",",0","","","","","19550606",",,0","19550630","+,,0","19550630","+,,0","","","19550623","+,,0","19550630","+,,0","18.3",",0,06,","0",",,0,30,+","0",",,0,30,+","0.5",",,0,23,+","28.3",",0,30,+","0.0","0","0.0",",0","2.0",",,,0","","","","","","","","","0",",,,0","24.34",",0","27.44",",,,0","21.25",",,,0","","","","","","","","","45",",X","","","","","","","","","18.0",",X","",""
"USW00022521","1955-07","21.32402","-157.93946","1.9","HONOLULU INTERNATIONAL AIRPORT, HI US","","","","","","","","","","","1017.4","0","204.2",",0","6",",0","1",",0","0",",0","0",",0","0",",0","0",",0","0",",0","0",",0","31",",0","0",",0","","","","","19550723",",,0","19550731","+,,0","19550731","+,,0","","","19550727",",,0","19550707",",,0","18.9",",0,23,","0",",,0,31,+","0",",,0,31,+","3.6",",,0,27,","29.4",",0,07,","0.0","0","0.0",",0","6.0",",,,0","","","","","","","","","0",",,,0","24.92",",0","28.23",",,,0","21.61",",,,0","","","","","","","","","45",",X","","","","","","","","","19.5",",X","",""
"USW00022521","1955-08","21.32402","-157.93946","1.9","HONOLULU INTERNATIONAL AIRPORT, HI US","","","","","","","","","","","1221.1","0","203.7",",0","8",",0","3",",0","0",",0","0",",0","0",",0","0",",0","0",",0","0",",0","31",",0","0",",0","","","","","19550819",",,0","19550831","+,,0","19550831","+,,0","","","19550802",",,0","19550821",",,0","20.0",",0,19,","0",",,0,31,+","0",",,0,31,+","5.1",",,0,02,","29.4",",0,21,","0.0","0","0.0",",0","15.0",",,,0","","","","","","","","","0",",,,0","24.90",",0","28.06",",,,0","21.75",",,,0","","","","","","","","","45",",X","","","","","","","","","19.0",",X","",""
"USW00022521","1955-09","21.32402","-157.93946","1.9","HONOLULU INTERNATIONAL AIRPORT, HI US","","","","","","","","","","","1421.1","0","200.0",",0","7",",0","0",",0","0",",0","0",",0","0",",0","0",",0","0",",0","0",",0","30",",0","0",",0","","","","","19550924","+,,0","19550930","+,,0","19550930","+,,0","","","19550904",",,0","19550910",",,0","20.0",",0,24,+","0",",,0,30,+","0",",,0,30,+","1.8",",,0,04,","30.0",",0,10,","0.0","0","0.0",",0","5.7",",,,0","","","","","","","","","0",",,,0","25.00",",0","28.57",",,,0","21.43",",,,0","","","","","","","","","45",",X","","","","","","","","","16.4",",X","",""
"USW00022521","1955-10","21.32402","-157.93946","1.9","HONOLULU INTERNATIONAL AIRPORT, HI US","","","","","","","","","","","1609.5","0","188.4",",0","5",",0","1",",0","0",",0","0",",0","0",",0","0",",0","0",",0","0",",0","31",",0","0",",0","","","","","19551021",",,0","19551031","+,,0","19551031","+,,0","1","","19551016",",,0","19551029","+,,0","17.8",",0,21,","0",",,0,31,+","0",",,0,31,+","6.6",",,0,16,","28.9",",0,29,+","0.0","0","0.0",",0","9.5",",,,0","","","","","","","","","0",",,,0","24.41",",0","27.92",",,,0","20.90",",,,0","","","","","","","","","68",",X","","","","","","","","","17.0",",X","",""
"USW00022521","1955-11","21.32402","-157.93946","1.9","HONOLULU INTERNATIONAL AIRPORT, HI US","","","","","","","","","","","1773.8","0","164.3",",0","8",",0","3",",0","1",",0","0",",0","0",",0","0",",0","0",",0","0",",0","30",",0","0",",0","","","","","19551130",",,0","19551130","+,,0","19551130","+,,0","1","","19551109",",,0","19551130","+,,0","17.2",",0,30,","0",",,0,30,+","0",",,0,30,+","26.2",",,0,09,","28.9",",0,30,+","0.0","0","0.0",",0","48.0",",,,0","","","","","","","","","0",",,,0","23.81",",0","27.12",",,,0","20.50",",,,0","","","","","","","","","113",",X","","","","","","","","","19.0",",X","",""
"USW00022521","1955-12","21.32402","-157.93946","1.9","HONOLULU INTERNATIONAL AIRPORT, HI US","","","","","","","","","","","1919.6","0","145.8",",0","8",",0","5",",0","3",",0","0",",0","0",",0","0",",0","0",",0","0",",0","31",",0","0",",0","","","","","19551217",",,0","19551231","+,,0","19551231","+,,0","","","19551220",",,0","19551229",",,0","17.2",",0,17,","0",",,0,31,+","0",",,0,31,+","136.4",",,0,20,","29.4",",0,29,","0.0","0","0.0",",0","307.1",",,,0","","","","","","","","","0",",,,0","23.04",",0","26.55",",,,0","19.53",",,,0","","","","","","","","","225",",X","","","","","","","","","21.6",",X","",""
"USW00022521","1956-01","21.32402","-157.93946","1.9","HONOLULU INTERNATIONAL AIRPORT, HI US","","","","","","","","","","","143.2","0","143.2",",0","12",",0","5",",0","1",",0","0",",0","0",",0","0",",0","0",",0","0",",0","31",",0","0",",0","","","","","19560131",",,0","19560131","+,,0","19560131","+,,0","","","19560112",",,0","19560107",",,0","16.7",",0,31,","0",",,0,31,+","0",",,0,31,+","51.8",",,0,12,","28.9",",0,07,","0.0","0","0.0",",0","91.0",",,,0","","","","","","","","","0",",,,0","22.95",",0","26.56",",,,0","19.34",",,,0","","","","","","","","","203",",X","","","","","","","","","24.2",",X","",""
"USW00022521","1956-02","21.32402","-157.93946","1.9","HONOLULU INTERNATIONAL AIRPORT, HI US","","","","","","","","","","","258.1","0","114.9",",0","18",",0","5",",0","1",",0","0",",0","0",",0","0",",0","0",",0","0",",0","29",",0","0",",0","","","","","19560212",",,0","19560229","+,,0","19560229","+,,0","3","","19560212",",,0","19560209","+,,0","16.7",",0,12,","0",",,0,29,+","0",",,0,29,+","33.8",",,0,12,","27.8",",0,09,+","0.0","0","0.0",",0","84.1",",,,0","","","","","","","","","0",",,,0","22.29",",0","25.51",",,,0","19.08",",,,0","","","","","","","","","68",",X","","","","","","","","","20.6",",X","",""
"USW00022521","1956-03","21.32402","-157.93946","1.9","HONOLULU INTERNATIONAL AIRPORT, HI US","","","","","","","","","","","410.3","0","152.2",",0","8",",0","2",",0","0",",0","0",",0","0",",0","0",",0","0",",0","0",",0","31",",0","0",",0","","","","","19560312",",,0","19560331","+,,0","19560331","+,,0","","","19560306",",,0","19560330","+,,0","16.1",",0,12,","0",",,0,31,+","0",",,0,31,+","7.4",",,0,06,","27.8",",0,30,+","0.0","0","0.0",",0","13.7",",,,0","","","","","","","","","0",",,,0","23.24",",0","26.59",",,,0","19.89",",,,0","","","","","","","","","68",",X","","","","","","","","","21.1",",X","",""
"USW00022521","1956-04","21.32402","-157.93946","1.9","HONOLULU INTERNATIONAL AIRPORT, HI US","","","","","","","","","","","558.0","0","147.7",",0","7",",0","1",",0","0",",0","0",",0","0",",0","0",",0","0",",0","0",",0","30",",0","0",",0","","","","","19560423",",,0","19560430","+,,0","19560430","+,,0","","","19560421",",,0","19560429",",,0","16.7",",0,23,","0",",,0,30,+","0",",,0,30,+","9.7",",,0,21,","29.4",",0,29,","0.0","0","0.0",",0","13.2",",,,0","","","","","","","","","0",",,,0","23.26",",0","26.64",",,,0","19.87",",,,0","","","","","","","","","90",",X","","","","","","","","","17.0",",X","",""
"USW00022521","1956-05","21.32402","-157.93946","1.9","HONOLULU INTERNATIONAL AIRPORT, HI US","","","","","","","","","","","743.9","0","185.9",",0","8",",0","4",",0","0",",0","0",",0","0",",0","0",",0","0",",0","0",",0","31",",0","0",",0","","","","","19560522","+,,0","19560531","+,,0","19560531","+,,0","","","19560514",",,0","19560528","+,,0","19.4",",0,22,+","0",",,0,31,+","0",",,0,31,+","8.9",",,0,14,","28.9",",0,28,+","0.0","0","0.0",",0","25.6",",,,0","","","","","","","","","0",",,,0","24.33",",0","27.62",",,,0","21.05",",,,0","","","","","","","","","68",",X","","","","","","","","","18.0",",X","",""
"USW00022521","1956-06","21.32402","-157.93946","1.9","HONOLULU INTERNATIONAL AIRPORT, HI US","","","","","","","","","","","939.4","0","195.5",",0","10",",0","0",",0","0",",0","0",",0","0",",0","0",",0","0",",0","0",",0","30",",0","0",",0","","","","","19560616",",,0","19560630","+,,0","19560630","+,,0","","","19560602",",,0","19560628","+,,0","20.6",",0,16,","0",",,0,30,+","0",",,0,30,+","0.8",",,0,02,","28.9",",0,28,+","0.0","0","0.0",",0","3.9",",,,0","","","","","","","","","0",",,,0","24.85",",0","28.01",",,,0","21.68",",,,0","","","","","","","","","45",",X","","","","","","","","","17.5",",X","",""
"USW00022521","1956-07","21.32402","-157.93946","1.9","HONOLULU INTERNATIONAL AIRPORT, HI US","","","","","","","","","","","1169.7","0","230.3",",0","6",",0","0",",0","0",",0","0",",0","0",",0","0",",0","0",",0","0",",0","31",",0","0",",0","","","","","19560710","+,,0","19560731","+,,0","19560731","+,,0","","","19560716",",,0","19560730","+,,0","20.0",",0,10,+","0",",,0,31,+","0",",,0,31,+","1.0",",,0,16,","30.6",",0,30,+","0.0","0","0.0",",0","3.1",",,,0","","","","","","","","","0",",,,0","25.76",",0","29.23",",,,0","22.29",",,,0","","","","","","","","","68",",X","","","","","","","","","15.9",",X","",""
"USW00022521","1956-08","21.32402","-157.93946","1.9","HONOLULU INTERNATIONAL AIRPORT, HI US","","","","","","","","","","","1414.7","0","245.0",",0","3",",0","3",",0","0",",0","0",",0","0",",0","0",",0","0",",0","0",",0","31",",0","0",",0","","","","","19560823","+,,0","19560831","+,,0","19560831","+,,0","","","19560830",",,0","19560807",",,0","21.7",",0,23,+","0",",,0,31,+","0",",,0,31,+","7.1",",,0,30,","31.1",",0,07,","0.0","0","0.0",",0","13.5",",,,0","","","","","","","","","0",",,,0","26.24",",0","29.31",",,,0","23.16",",,,0","","","","","","","","","68",",X","","","","","","","","","17.0",",X","",""
"USW00022521","1956-09","21.32402","-157.93946","1.9","HONOLULU INTERNATIONAL AIRPORT, HI US","","","","","","","","","","","1654.8","0","240.1",",0","2",",0","1",",0","0",",0","0",",0","0",",0","0",",0","0",",0","0",",0","30",",0","0",",0","","","","","19560913",",,0","19560930","+,,0","19560930","+,,0","1","","19560905",",,0","19560924","+,,0","20.6",",0,13,","0",",,0,30,+","0",",,0,30,+","3.3",",,0,05,","30.6",",0,24,+","0.0","0","0.0",",0","3.6",",,,0","","","","","","","","","0",",,,0","26.34",",0","29.53",",,,0","23.14",",,,0","","","","","","","","","90",",X","","","","","","","","","15.4",",X","",""
"USW00022521","1956-10","21.32402","-157.93946","1.9","HONOLULU INTERNATIONAL AIRPORT, HI US","","","","","","","","","","","1876.4","0","221.6",",0","8",",0","4",",0","0",",0","0",",0","0",",0","0",",0","0",",0","0",",0","31",",0","0",",0","","","","","19561010",",,0","19561031","+,,0","19561031","+,,0","","","19561014",",,0","19561023","+,,0","20.0",",0,10,","0",",,0,31,+","0",",,0,31,+","19.8",",,0,14,","30.0",",0,23,+","0.0","0","0.0",",0","46.1",",,,0","","","","","","","","","0",",,,0","25.48",",0","28.90",",,,0","22.07",",,,0","","","","","","","","","68",",X","","","","","","","","","17.5",",X","",""
"USW00022521","1956-11","21.32402","-157.93946","1.9","HONOLULU INTERNATIONAL AIRPORT, HI US","","","","","","","","","","","2049.4","0","173.0",",0","12",",0","6",",0","3",",0","0",",0","0",",0","0",",0","0",",0","0",",0","30",",0","0",",0","","","","","19561130",",,0","19561130","+,,0","19561130","+,,0","2","","19561116",",,0","19561128","+,,0","17.8",",0,30,","0",",,0,30,+","0",",,0,30,+","80.5",",,0,16,","29.4",",0,28,+","0.0","0","0.0",",0","184.0",",,,0","","","","","","","","","0",",,,0","24.10",",0","27.82",",,,0","20.37",",,,0","","","","","","","","","180",",X","","","","","","","","","17.5",",X","",""
"USW00022521","1956-12","21.32402","-157.93946","1.9","HONOLULU INTERNATIONAL AIRPORT, HI US","","","","","","","","","","","2208.5","0","159.1",",0","6",",0","2",",0","1",",0","0",",0","0",",0","0",",0","0",",0","0",",0","31",",0","0",",0","","","","","19561202",",,0","19561231","+,,0","19561231","+,,0","1","","19561206",",,0","19561231",",,0","15.0",",0,02,","0",",,0,31,+","0",",,0,31,+","50.8",",,0,06,","28.9",",0,31,","0.0","0","0.0",",0","58.9",",,,0","","","","","","","","","0",",,,0","23.46",",0","27.21",",,,0","19.72",",,,0","","","","","","","","","338",",X","","","","","","","","","22.6",",X","",""
"USW00022521","1957-01","21.32402","-157.93946","1.9","HONOLULU INTERNATIONAL AIRPORT, HI US","","","","","","","","","","","132.5","0","132.5",",0","14",",0","10",",0","4",",0","0",",0","0",",0","0",",0","0",",0","0",",0","31",",0","0",",0","","","","","19570126",",,0","19570131","+,,0","19570131","+,,0","1","","19570121",",,0","19570117","+,,0","16.1",",0,26,","0",",,0,31,+","0",",,0,31,+","97.8",",,0,21,","28.9",",0,17,+","0.0","0","0.0",",0","338.6",",,,0","","","","","","","","","0",",,,0","22.61",",0","25.91",",,,0","19.31",",,,0","","","","","","","","","90",",X","","","","","","","","","17.5",",X","",""
"USW00022521","1957-02","21.32402","-157.93946","1.9","HONOLULU INTERNATIONAL AIRPORT, HI US","","","","","","","","","","","219.5","0","87.0",",0","11",",0","4",",0","0",",0","0",",0","0",",0","0",",0","0",",0","0",",0","28",",0","0",",0","","","","","19570226","+,,0","19570228","+,,0","19570228","+,,0","","","19570204",",,0","19570228","+,,0","14.4",",0,26,+","0",",,0,28,+","0",",,0,28,+","24.4",",,0,04,","27.2",",0,28,+","0.0","0","0.0",",0","42.6",",,,0","","","","","","","","","0",",,,0","21.44",",0","25.21",",,,0","17.67",",,,0","","","","","","","","","270",",X","","","","","","","","","21.6",",X","",""
"USW00022521","1957-03","21.32402","-157.93946","1.9","HONOLULU INTERNATIONAL AIRPORT, HI US","","","","","","","","","","","335.0","0","115.5",",0","1",",0","0",",0","0",",0","0",",0","0",",0","0",",0","0",",0","0",",0","31",",0","0",",0","","","","","19570325",",,0","19570331","+,,0","19570331","+,,0","","","19570305",",,0","19570321","+,,0","13.9",",0,25,","0",",,0,31,+","0",",,0,31,+","0.3",",,0,05,","27.2",",0,21,+","0.0","0","0.0",",0","0.3",",,,0","","","","","","","","","0",",,,0","22.06",",0","25.82",",,,0","18.30",",,,0","","","","","","","","","68",",X","","","","","","","","","20.6",",X","",""
"USW00022521","1957-04","21.32402","-157.93946","1.9","HONOLULU INTERNATIONAL AIRPORT, HI US","","","","","","","","","","","468.7","0","133.7",",0","10",",0","4",",0","0",",0","0",",0","0",",0","0",",0","0",",0","0",",0","30",",0","0",",0","","","","","19570409",",,0","19570430","+,,0","19570430","+,,0","1","","19570415",",,0","19570402",",,0","15.6",",0,09,","0",",,0,30,+","0",",,0,30,+","12.4",",,0,15,","29.4",",0,02,","0.0","0","0.0",",0","39.7",",,,0","","","","","","","","","0",",,,0","22.79",",0","26.34",",,,0","19.24",",,,0","","","","","","","","","90",",X","","","","","","","","","17.5",",X","",""
"USW00022521","1957-05","21.32402","-157.93946","1.9","HONOLULU INTERNATIONAL AIRPORT, HI US","","","","","","","","","","","652.6","0","183.9",",0","3",",0","3",",0","0",",0","0",",0","0",",0","0",",0","0",",0","0",",0","31",",0","0",",0","","","","","19570509","+,,0","19570531","+,,0","19570531","+,,0","","","19570514",",,0","19570531",",,0","17.8",",0,09,+","0",",,0,31,+","0",",,0,31,+","14.2",",,0,14,","30.0",",0,31,","0.0","0","0.0",",0","28.4",",,,0","","","","","","","","","0",",,,0","24.27",",0","28.08",",,,0","20.45",",,,0","","","","","","","","","68",",X","","","","","","","","","15.4",",X","",""
"USW00022521","1957-06","21.32402","-157.93946","1.9","HONOLULU INTERNATIONAL AIRPORT, HI US","","","","","","","","","","","876.1","0","223.5",",0","5",",0","0",",0","0",",0","0",",0","0",",0","0",",0","0",",0","0",",0","30",",0","0",",0","","","","","19570602",",,0","19570630","+,,0","19570630","+,,0","","","19570625",",,0","19570628","+,,0","19.4",",0,02,","0",",,0,30,+","0",",,0,30,+","1.8",",,0,25,","30.6",",0,28,+","0.0","0","0.0",",0","3.2",",,,0","","","","","","","","","0",",,,0","25.78",",0","29.64",",,,0","21.92",",,,0","","","","","","","","","90",",X","","","","","","","","","17.5",",X","",""
"USW00022521","1957-07","21.32402","-157.93946","1.9","HONOLULU INTERNATIONAL AIRPORT, HI US","","","","","","","","","","","1125.1","0","249.0",",0","5",",0","1",",0","0",",0","0",",0","0",",0","0",",0","0",",0","0",",0","31",",0","0",",0","","","","","19570724",",,0","19570731","+,,0","19570731","+,,0","","","19570714",",,0","19570714","+,,0","21.7",",0,24,","0",",,0,31,+","0",",,0,31,+","8.4",",,0,14,","30.6",",0,14,+","0.0","0","0.0",",0","10.0",",,,0","","","","","","","","","0",",,,0","26.37",",0","29.56",",,,0","23.17",",,,0","","","","","","","","","","","","","","","","","","","","","",""
"USW00022521","1957-08","21.32402","-157.93946","1.9","HONOLULU INTERNATIONAL AIRPORT, HI US","","","","","","","","","","","1375.6","0","250.5",",0","9",",0","1",",0","0",",0","0",",0","0",",0","0",",0","0",",0","0",",0","31",",0","1",",0","","","","","19570810",",,0","19570831","+,,0","19570831","+,,0","","","19570826",",,0","19570811",",,0","20.6",",0,10,","0",",,0,31,+","0",",,0,31,+","3.0",",,0,26,","32.2",",0,11,","0.0","0","0.0",",0","9.5",",,,0","","","","","","","","","0",",,,0","26.41",",0","29.52",",,,0","23.30",",,,0","","","","","","","","","","","","","","","","","","","","","",""
"USW00022521","1957-09","21.32402","-157.93946","1.9","HONOLULU INTERNATIONAL AIRPORT, HI US","","","","","","","","","","","1621.8","0","246.2",",0","2",",0","0",",0","0",",0","0",",0","0",",0","0",",0","0",",0","0",",0","30",",0","0",",0","","","","","19570916",",,0","19570930","+,,0","19570930","+,,0","","","19570918",",,0","19570928","+,,0","19.4",",0,16,","0",",,0,30,+","0",",,0,30,+","1.5",",,0,18,","31.1",",0,28,+","0.0","0","0.0",",0","1.8",",,,0","","","","","","","","","0",",,,0","26.54",",0","30.16",",,,0","22.92",",,,0","","","","","","","","","","","","","","","","","","","","","",""
"USW00022521","1957-10","21.32402","-157.93946","1.9","HONOLULU INTERNATIONAL AIRPORT, HI US","","","","","","","","","","","1865.3","0","243.5",",0","5",",0","0",",0","0",",0","0",",0","0",",0","0",",0","0",",0","0",",0","31",",0","1",",0","","","","","19571020","+,,0","19571031","+,,0","19571031","+,,0","","","19571015",",,0","19571025",",,0","20.6",",0,20,+","0",",,0,31,+","0",",,0,31,+","1.8",",,0,15,","32.2",",0,25,","0.0","0","0.0",",0","3.0",",,,0","","","","","","","","","0",",,,0","26.19",",0","30.05",",,,0","22.32",",,,0","","","","","","","","","","","","","","","","","","","","","",""
"USW00022521","1957-11","21.32402","-157.93946","1.9","HONOLULU INTERNATIONAL AIRPORT, HI US","","","","","","","","","","","2072.3","0","207.0",",0","10",",0","3",",0","1",",0","0",",0","0",",0","0",",0","0",",0","0",",0","30",",0","0",",0","","","","","19571119","+,,0","19571130","+,,0","19571130","+,,0","1","","19571121",",,0","19571118",",,0","20.6",",0,19,+","0",",,0,30,+","0",",,0,30,+","45.2",",,0,21,","30.6",",0,18,","0.0","0","0.0",",0","66.6",",,,0","","","","","","","","","0",",,,0","25.23",",0","28.27",",,,0","22.19",",,,0","","","","","","","","","","","","","","","","","","","","","",""
"USW00022521","1957-12","21.32402","-157.93946","1.9","HONOLULU INTERNATIONAL AIRPORT, HI US","","","","","","","","","","","2227.4","0","155.1",",0","13",",0","4",",0","1",",0","0",",0","0",",0","0",",0","0",",0","0",",0","31",",0","0",",0","","","","","19571208",",,0","19571231","+,,0","19571231","+,,0","","","19571206",",,0","19571206",",,0","16.7",",0,08,","0",",,0,31,+","0",",,0,31,+","36.3",",,0,06,","30.0",",0,06,","0.0","0","0.0",",0","72.3",",,,0","","","","","","","","","0",",,,0","23.34",",0","25.88",",,,0","20.79",",,,0","","","","","","","","","","","","","","","","","","","","","",""
"USW00022521","1958-01","21.32402","-157.93946","1.9","HONOLULU INTERNATIONAL AIRPORT, HI US","","","","","","","","","","","113.0","0","113.0",",0","7",",0","2",",0","0",",0","0",",0","0",",0","0",",0","0",",0","0",",0","31",",0","0",",0","","","","","19580126","+,,0","19580131","+,,0","19580131","+,,0","","","19580128",",,0","19580126","+,,0","15.6",",0,26,+","0",",,0,31,+","0",",,0,31,+","3.3",",,0,28,","28.9",",0,26,+","0.0","0","0.0",",0","12.7",",,,0","","","","","","","","","0",",,,0","21.98",",0","26.01",",,,0","17.95",",,,0","","","","","","","","","","","","","","","","","","","","","",""
"USW00022521","1958-02","21.32402","-157.93946","1.9","HONOLULU INTERNATIONAL AIRPORT, HI US","","","","","","","","","","","228.8","0","115.8",",0","8",",0","3",",0","1",",0","0",",0","0",",0","0",",0","0",",0","0",",0","28",",0","0",",0","","","","","19580218","+,,0","19580228","+,,0","19580228","+,,0","","","19580228",",,0","19580208",",,0","15.0",",0,18,+","0",",,0,28,+","0",",,0,28,+","117.3",",,0,28,","30.0",",0,08,","0.0","0","0.0",",0","130.9",",,,0","","","","","","","","","0",",,,0","22.47",",0","26.91",",,,0","18.03",",,,0","","","","","","","","","","","","","","","","","","","","","",""
"USW00022521","1958-03","21.32402","-157.93946","1.9","HONOLULU INTERNATIONAL AIRPORT, HI US","","","","","","","","","","","332.3","0","103.5",",0","10",",0","5",",0","2",",0","0",",0","0",",0","0",",0","0",",0","0",",0","31",",0","0",",0","","","","","19580314",",,0","19580331","+,,0","19580331","+,,0","1","","19580305",",,0","19580311","+,,0","13.3",",0,14,","0",",,0,31,+","0",",,0,31,+","389.1",",,0,05,","29.4",",0,11,+","0.0","0","0.0",",0","470.3",",,,0","","","","","","","","","0",",,,0","21.67",",0","25.99",",,,0","17.35",",,,0","","","","","","","","","","","","","","","","","","","","","",""
"USW00022521","1958-04","21.32402","-157.93946","1.9","HONOLULU INTERNATIONAL AIRPORT, HI US","","","","","","","","","","","479.2","0","146.9",",0","6",",0","2",",0","0",",0","0",",0","0",",0","0",",0","0",",0","0",",0","30",",0","0",",0","","","","","19580422",",,0","19580430","+,,0","19580430","+,,0","","","19580427",",,0","19580410",",,0","13.3",",0,22,","0",",,0,30,+","0",",,0,30,+","4.6",",,0,27,","30.0",",0,10,","0.0","0","0.0",",0","10.3",",,,0","","","","","","","","","0",",,,0","23.23",",0","27.15",",,,0","19.31",",,,0","","","","","","","","","","","","","","","","","","","","","",""
"USW00022521","1958-05","21.32402","-157.93946","1.9","HONOLULU INTERNATIONAL AIRPORT, HI US","","","","","","","","","","","652.5","0","173.3",",0","5",",0","1",",0","0",",0","0",",0","0",",0","0",",0","0",",0","0",",0","31",",0","0",",0","","","","","19580528","+,,0","19580531","+,,0","19580531","+,,0","","","19580516",",,0","19580528","+,,0","19.4",",0,28,+","0",",,0,31,+","0",",,0,31,+","2.8",",,0,16,","28.3",",0,28,+","0.0","0","0.0",",0","6.2",",,,0","","","","","","","","","0",",,,0","23.92",",0","27.00",",,,0","20.85",",,,0","","","","","","","","","","","","","","","","","","","","","",""
"USW00022521","1958-06","21.32402","-157.93946","1.9","HONOLULU INTERNATIONAL AIRPORT, HI US","","","","","","","","","","","864.0","0","211.5",",0","8",",0","0",",0","0",",0","0",",0","0",",0","0",",0","0",",0","0",",0","30",",0","0",",0","","","","","19580619","+,,0","19580630","+,,0","19580630","+,,0","","","19580628",",,0","19580630","+,,0","20.0",",0,19,+","0",",,0,30,+","0",",,0,30,+","1.8",",,0,28,","30.0",",0,30,+","0.0","0","0.0",",0","5.4",",,,0","","","","","","","","","0",",,,0","25.38",",0","29.12",",,,0","21.65",",,,0","","","","","","","","","","","","","","","","","","","","","",""
"USW00022521","1958-07","21.32402","-157.93946","1.9","HONOLULU INTERNATIONAL AIRPORT, HI US","","","","","","","","","","","1089.3","0","225.3",",0","15",",0","2",",0","0",",0","0",",0","0",",0","0",",0","0",",0","0",",0","31",",0","0",",0","","","","","19580703",",,0","19580731","+,,0","19580731","+,,0","","","19580702",",,0","19580730",",,0","20.0",",0,03,","0",",,0,31,+","0",",,0,31,+","9.9",",,0,02,","31.1",",0,30,","0.0","0","0.0",",0","22.7",",,,0","","","","","","","","","0",",,,0","25.60",",0","29.29",",,,0","21.91",",,,0","","","","","","","","","","","","","","","","","","","","","",""
"USW00022521","1958-08","21.32402","-157.93946","1.9","HONOLULU INTERNATIONAL AIRPORT, HI US","","","","","","","","","","","1336.2","0","246.9",",0","10",",0","4",",0","1",",0","0",",0","0",",0","0",",0","0",",0","0",",0","31",",0","0",",0","","","","","19580802",",,0","19580831","+,,0","19580831","+,,0","","","19580808",",,0","19580831","+,,0","21.1",",0,02,","0",",,0,31,+","0",",,0,31,+","37.3",",,0,08,","30.6",",0,31,+","0.0","0","0.0",",0","78.1",",,,0","","","","","","","","","0",",,,0","26.30",",0","29.68",",,,0","22.91",",,,0","","","","","","","","","","","","","","","","","","","","","",""
"USW00022521","1958-09","21.32402","-157.93946","1.9","HONOLULU INTERNATIONAL AIRPORT, HI US","","","","","","","","","","","1580.1","0","243.9",",0","8",",0","1",",0","0",",0","0",",0","0",",0","0",",0","0",",0","0",",0","30",",0","0",",0","","","","","19580928",",,0","19580930","+,,0","19580930","+,,0","","","19580906",",,0","19580928",",,0","20.6",",0,28,","0",",,0,30,+","0",",,0,30,+","7.1",",,0,06,","31.1",",0,28,","0.0","0","0.0",",0","12.3",",,,0","","","","","","","","","0",",,,0","26.46",",0","29.93",",,,0","23.00",",,,0","","","","","","","","","","","","","","","","","","","","","",""
"USW00022521","1958-10","21.32402","-157.93946","1.9","HONOLULU INTERNATIONAL AIRPORT, HI US","","","","","","","","","","","1793.5","0","213.4",",0","12",",0","5",",0","1",",0","0",",0","0",",0","0",",0","0",",0","0",",0","31",",0","0",",0","","","","","19581030",",,0","19581031","+,,0","19581031","+,,0","","","19581023",",,0","19581009",",,0","18.9",",0,30,","0",",,0,31,+","0",",,0,31,+","32.5",",,0,23,","31.1",",0,09,","0.0","0","0.0",",0","73.3",",,,0","","","","","","","","","0",",,,0","25.22",",0","28.65",",,,0","21.78",",,,0","","","","","","","","","","","","","","","","","","","","","",""
"USW00022521","1958-11","21.32402","-157.93946","1.9","HONOLULU INTERNATIONAL AIRPORT, HI US","","","","","","","","","","","1954.4","0","160.9",",0","3",",0","0",",0","0",",0","0",",0","0",",0","0",",0","0",",0","0",",0","30",",0","0",",0","","","","","19581126","+,,0","19581130","+,,0","19581130","+,,0","","","19581119",",,0","19581112",",,0","15.0",",0,26,+","0",",,0,30,+","0",",,0,30,+","0.8",",,0,19,","31.7",",0,12,","0.0","0","0.0",",0","1.6",",,,0","","","","","","","","","0",",,,0","23.70",",0","28.21",",,,0","19.18",",,,0","","","","","","","","","","","","","","","","","","","","","",""
"USW00022521","1958-12","21.32402","-157.93946","1.9","HONOLULU INTERNATIONAL AIRPORT, HI US","","","","","","","","","","","2074.3","0","119.9",",0","6",",0","3",",0","1",",0","0",",0","0",",0","0",",0","0",",0","0",",0","31",",0","0",",0","","","","","19581231",",,0","19581231","+,,0","19581231","+,,0","","","19581229",",,0","19581215","+,,0","13.3",",0,31,","0",",,0,31,+","0",",,0,31,+","56.1",",,0,29,","28.9",",0,15,+","0.0","0","0.0",",0","67.1",",,,0","","","","","","","","","0",",,,0","22.20",",0","25.95",",,,0","18.45",",,,0","","","","","","","","","","","","","","","","","","","","","",""
"USW00022521","1959-01","21.32402","-157.93946","1.9","HONOLULU INTERNATIONAL AIRPORT, HI US","","","","","","","","","","","128.1","0","128.1",",0","10",",0","4",",0","2",",0","0",",0","0",",0","0",",0","0",",0","0",",0","31",",0","0",",0","","","","","19590101",",,0","19590131","+,,0","19590131","+,,0","1","","19590117",",,0","19590126",",,0","13.3",",0,01,","0",",,0,31,+","0",",,0,31,+","44.2",",,0,17,","30.0",",0,26,","0.0","0","0.0",",0","95.6",",,,0","","","","","","","","","0",",,,0","22.46",",0","26.67",",,,0","18.25",",,,0","","","","","","","","","","","","","","","","","","","","","",""
"USW00022521","1959-02","21.32402","-157.93946","1.9","HONOLULU INTERNATIONAL AIRPORT, HI US","","","","","","","","","","","234.7","0","106.6",",0","13",",0","2",",0","1",",0","0",",0","0",",0","0",",0","0",",0","0",",0","28",",0","0",",0","","","","","19590206",",,0","19590228","+,,0","19590228","+,,0","","","19590212",",,0","19590207",",,0","15.0",",0,06,","0",",,0,28,+","0",",,0,28,+","46.0",",,0,12,","28.3",",0,07,","0.0","0","0.0",",0","56.8",",,,0","","","","","","","","","0",",,,0","22.14",",0","25.60",",,,0","18.68",",,,0","","","","","","","","","","","","","","","","","","","","","",""
"USW00022521","1959-03","21.32402","-157.93946","1.9","HONOLULU INTERNATIONAL AIRPORT, HI US","","","","","","","","","","","409.3","0","174.6",",0","2",",0","0",",0","0",",0","0",",0","0",",0","0",",0","0",",0","0",",0","31",",0","0",",0","","","","","19590303",",,0","19590331","+,,0","19590331","+,,0","","","19590312",",,0","19590302",",,0","16.7",",0,03,","0",",,0,31,+","0",",,0,31,+","2.3",",,0,12,","29.4",",0,02,","0.0","0","0.0",",0","4.1",",,,0","","","","","","","","","0",",,,0","23.96",",0","27.39",",,,0","20.54",",,,0","","","","","","","","","","","","","","","","","","","","","",""
"USW00022521","1959-04","21.32402","-157.93946","1.9","HONOLULU INTERNATIONAL AIRPORT, HI US","","","","","","","","","","","566.1","0","156.8",",0","7",",0","2",",0","0",",0","0",",0","0",",0","0",",0","0",",0","0",",0","30",",0","0",",0","","","","","19590416","+,,0","19590430","+,,0","19590430","+,,0","","","19590409",",,0","19590417",",,0","17.2",",0,16,+","0",",,0,30,+","0",",,0,30,+","9.1",",,0,09,","30.0",",0,17,","0.0","0","0.0",",0","13.8",",,,0","","","","","","","","","0",",,,0","23.56",",0","27.46",",,,0","19.66",",,,0","","","","","","","","","","","","","","","","","","","","","",""
"USW00022521","1959-05","21.32402","-157.93946","1.9","HONOLULU INTERNATIONAL AIRPORT, HI US","","","","","","","","","","","767.4","0","201.3",",0","4",",0","1",",0","0",",0","0",",0","0",",0","0",",0","0",",0","0",",0","31",",0","0",",0","","","","","19590524",",,0","19590531","+,,0","19590531","+,,0","","","19590521",",,0","19590520",",,0","18.3",",0,24,","0",",,0,31,+","0",",,0,31,+","15.7",",,0,21,","31.1",",0,20,","0.0","0","0.0",",0","17.5",",,,0","","","","","","","","","0",",,,0","24.83",",0","28.64",",,,0","21.01",",,,0","","","","","","","","","","","","","","","","","","","","","",""
"USW00022521","1959-06","21.32402","-157.93946","1.9","HONOLULU INTERNATIONAL AIRPORT, HI US","","","","","","","","","","","1001.1","0","233.7",",0","0",",0","0",",0","0",",0","0",",0","0",",0","0",",0","0",",0","0",",0","30",",0","0",",0","","","","","19590619",",,0","19590630","+,,0","19590630","+,,0","","","19590630","+,,0","19590618",",,0","18.9",",0,19,","0",",,0,30,+","0",",,0,30,+","0.0",",T,0,30,+","31.1",",0,18,","0.0","0","0.0",",0","0.0",",T,,0","","","","","","","","","0",",,,0","26.12",",0","29.83",",,,0","22.41",",,,0","","","","","","","","","","","","","","","","","","","","","",""
"USW00022521","1959-07","21.32402","-157.93946","1.9","HONOLULU INTERNATIONAL AIRPORT, HI US","","","","","","","","","","","1255.1","0","254.0",",0","3",",0","1",",0","0",",0","0",",0","0",",0","0",",0","0",",0","0",",0","31",",0","0",",0","","","","","19590724","+,,0","19590731","+,,0","19590731","+,,0","","","19590729",",,0","19590730","+,,0","20.6",",0,24,+","0",",,0,31,+","0",",,0,31,+","5.1",",,0,29,","31.7",",0,30,+","0.0","0","0.0",",0","7.1",",,,0","","","","","","","","","0",",,,0","26.53",",0","30.26",",,,0","22.79",",,,0","","","","","","","","","","","","","","","","","","","","","",""
"USW00022521","1959-08","21.32402","-157.93946","1.9","HONOLULU INTERNATIONAL AIRPORT, HI US","","","","","","","","","","","1514.2","0","259.1",",0","8",",0","4",",0","1",",0","0",",0","0",",0","0",",0","0",",0","0",",0","31",",0","2",",0","","","","","19590806",",,0","19590831","+,,0","19590831","+,,0","","","19590806",",,0","19590821",",,0","21.1",",0,06,","0",",,0,31,+","0",",,0,31,+","53.3",",,0,06,","33.3",",0,21,","0.0","0","0.0",",0","78.3",",,,0","","","","","","","","","0",",,,0","26.69",",0","30.13",",,,0","23.25",",,,0","","","","","","","","","","","","","","","","","","","","","",""
"USW00022521","1959-09","21.32402","-157.93946","1.9","HONOLULU INTERNATIONAL AIRPORT, HI US","","","","","","","","","","","1779.0","0","264.8",",0","3",",0","1",",0","0",",0","0",",0","0",",0","0",",0","0",",0","0",",0","30",",0","2",",0","","","","","19590906",",,0","19590930","+,,0","19590930","+,,0","","","19590905",",,0","19590907",",,0","21.7",",0,06,","0",",,0,30,+","0",",,0,30,+","21.8",",,0,05,","33.3",",0,07,","0.0","0","0.0",",0","22.4",",,,0","","","","","","","","","0",",,,0","27.16",",0","30.44",",,,0","23.88",",,,0","","","","","","","","","","","","","","","","","","","","","",""
"USW00022521","1959-10","21.32402","-157.93946","1.9","HONOLULU INTERNATIONAL AIRPORT, HI US","","","","","","","","","","","2017.3","0","238.3",",0","6",",0","1",",0","0",",0","0",",0","0",",0","0",",0","0",",0","0",",0","31",",0","1",",0","","","","","19591031","+,,0","19591031","+,,0","19591031","+,,0","","","19591031",",,0","19591007",",,0","20.0",",0,31,+","0",",,0,31,+","0",",,0,31,+","10.7",",,0,31,","32.2",",0,07,","0.0","0","0.0",",0","16.4",",,,0","","","","","","","","","0",",,,0","26.02",",0","30.01",",,,0","22.03",",,,0","","","","","","","","","","","","","","","","","","","","","",""
"USW00022521","1959-11","21.32402","-157.93946","1.9","HONOLULU INTERNATIONAL AIRPORT, HI US","","","","","","","","","","","2216.1","0","198.8",",0","7",",0","2",",0","1",",0","0",",0","0",",0","0",",0","0",",0","0",",0","30",",0","0",",0","","","","","19591122",",,0","19591130","+,,0","19591130","+,,0","","","19591102",",,0","19591122","+,,0","18.9",",0,22,","0",",,0,30,+","0",",,0,30,+","25.4",",,0,02,","31.1",",0,22,+","0.0","0","0.0",",0","37.9",",,,0","","","","","","","","","0",",,,0","24.96",",0","28.39",",,,0","21.53",",,,0","","","","","","","","","","","","","","","","","","","","","",""
"USW00022521","1959-12","21.32402","-157.93946","1.9","HONOLULU INTERNATIONAL AIRPORT, HI US","","","","","","","","","","","2376.1","0","160.0",",0","9",",0","2",",0","0",",0","0",",0","0",",0","0",",0","0",",0","0",",0","31",",0","0",",0","","","","","19591229","+,,0","19591231","+,,0","19591231","+,,0","","","19591217",",,0","19591203",",,0","17.2",",0,29,+","0",",,0,31,+","0",",,0,31,+","4.1",",,0,17,","29.4",",0,03,","0.0","0","0.0",",0","10.2",",,,0","","","","","","","","","0",",,,0","23.50",",0","26.69",",,,0","20.30",",,,0","","","","","","","","","","","","","","","","","","","","","",""
"USW00022521","1960-01","21.32402","-157.93946","1.9","HONOLULU INTERNATIONAL AIRPORT, HI US","","","","","","","","","","","134.7","0","134.7",",0","13",",0","3",",0","0",",0","0",",0","0",",0","0",",0","0",",0","0",",0","31",",0","0",",0","","","","","19600122","+,,0","19600131","+,,0","19600131","+,,0","","","19600114",",,0","19600129","+,,0","14.4",",0,22,+","0",",,0,31,+","0",",,0,31,+","3.3",",,0,14,","28.3",",0,29,+","0.0","0","0.0",",0","12.5",",,,0","","","","","","","","","0",",,,0","22.68",",0","26.56",",,,0","18.80",",,,0","","","","","","","","","","","","","","","","","","","","","",""
"USW00022521","1960-02","21.32402","-157.93946","1.9","HONOLULU INTERNATIONAL AIRPORT, HI US","","","","","","","","","","","254.3","0","119.6",",0","7",",0","2",",0","0",",0","0",",0","0",",0","0",",0","0",",0","0",",0","29",",0","0",",0","","","","","19600221",",,0","19600229","+,,0","19600229","+,,0","","","19600216",",,0","19600229","+,,0","13.3",",0,21,","0",",,0,29,+","0",",,0,29,+","6.6",",,0,16,","28.9",",0,29,+","0.0","0","0.0",",0","13.0",",,,0","","","","","","","","","0",",,,0","22.46",",0","26.29",",,,0","18.62",",,,0","","","","","","","","","","","","","","","","","","","","","",""
"USW00022521","1960-03","21.32402","-157.93946","1.9","HONOLULU INTERNATIONAL AIRPORT, HI US","","","","","","","","","","","403.7","0","149.4",",0","6",",0","5",",0","0",",0","0",",0","0",",0","0",",0","0",",0","0",",0","31",",0","0",",0","","","","","19600312",",,0","19600331","+,,0","19600331","+,,0","1","","19600306",",,0","19600317",",,0","15.0",",0,12,","0",",,0,31,+","0",",,0,31,+","13.2",",,0,06,","31.7",",0,17,","0.0","0","0.0",",0","37.5",",,,0","","","","","","","","","0",",,,0","23.15",",0","27.03",",,,0","19.28",",,,0","","","","","","","","","","","","","","","","","","","","","",""
"USW00022521","1960-04","21.32402","-157.93946","1.9","HONOLULU INTERNATIONAL AIRPORT, HI US","","","","","","","","","","","568.2","0","164.5",",0","1",",0","0",",0","0",",0","0",",0","0",",0","0",",0","0",",0","0",",0","30",",0","0",",0","","","","","19600403",",,0","19600430","+,,0","19600430","+,,0","","","19600424",",,0","19600430","+,,0","17.8",",0,03,","0",",,0,30,+","0",",,0,30,+","0.3",",,0,24,","29.4",",0,30,+","0.0","0","0.0",",0","0.3",",,,0","","","","","","","","","0",",,,0","23.82",",0","27.20",",,,0","20.43",",,,0","","","","","","","","","","","","","","","","","","","","","",""
"USW00022521","1960-05","21.32402","-157.93946","1.9","HONOLULU INTERNATIONAL AIRPORT, HI US","","","","","","","","","","","775.5","0","207.3",",0","8",",0","3",",0","2",",0","0",",0","0",",0","0",",0","0",",0","0",",0","31",",0","0",",0","","","","","19600513","+,,0","19600531","+,,0","19600531","+,,0","4","","19600512",",,0","19600531","+,,0","18.9",",0,13,+","0",",,0,31,+","0",",,0,31,+","37.6",",,0,12,","29.4",",0,31,+","0.0","0","0.0",",0","97.9",",,,0","","","","","","","","","0",",,,0","25.02",",0","28.57",",,,0","21.47",",,,0","","","","","","","","","","","","","","","","","","","","","",""
"USW00022521","1960-06","21.32402","-157.93946","1.9","HONOLULU INTERNATIONAL AIRPORT, HI US","","","","","","","","","","","1010.4","0","234.9",",0","5",",0","0",",0","0",",0","0",",0","0",",0","0",",0","0",",0","0",",0","30",",0","0",",0","","","","","19600603","+,,0","19600630","+,,0","19600630","+,,0","","","19600627",",,0","19600604",",,0","21.1",",0,03,+","0",",,0,30,+","0",",,0,30,+","2.3",",,0,27,","31.7",",0,04,","0.0","0","0.0",",0","4.7",",,,0","","","","","","","","","0",",,,0","26.16",",0","29.63",",,,0","22.70",",,,0","","","","","","","","","","","","","","","","","","","","","",""
"USW00022521","1960-07","21.32402","-157.93946","1.9","HONOLULU INTERNATIONAL AIRPORT, HI US","","","","","","","","","","","1265.3","0","254.9",",0","5",",0","1",",0","0",",0","0",",0","0",",0","0",",0","0",",0","0",",0","31",",0","0",",0","","","","","19600706","+,,0","19600731","+,,0","19600731","+,,0","","","19600706",",,0","19600730","+,,0","21.1",",0,06,+","0",",,0,31,+","0",",,0,31,+","16.3",",,0,06,","30.6",",0,30,+","0.0","0","0.0",",0","18.7",",,,0","","","","","","","","","0",",,,0","26.56",",0","29.98",",,,0","23.13",",,,0","","","","","","","","","","","","","","","","","","","","","",""
"USW00022521","1960-08","21.32402","-157.93946","1.9","HONOLULU INTERNATIONAL AIRPORT, HI US","","","","","","","","","","","1531.0","0","265.7",",0","5",",0","2",",0","0",",0","0",",0","0",",0","0",",0","0",",0","0",",0","31",",0","0",",0","","","","","19600828",",,0","19600831","+,,0","19600831","+,,0","","","19600804",",,0","19600811",",,0","22.2",",0,28,","0",",,0,31,+","0",",,0,31,+","4.6",",,0,04,","31.7",",0,11,","0.0","0","0.0",",0","10.3",",,,0","","","","","","","","","0",",,,0","26.90",",0","30.12",",,,0","23.68",",,,0","","","","","","","","","","","","","","","","","","","","","",""
"USW00022521","1960-09","21.32402","-157.93946","1.9","HONOLULU INTERNATIONAL AIRPORT, HI US","","","","","","","","","","","1777.1","0","246.1",",0","10",",0","2",",0","0",",0","0",",0","0",",0","0",",0","0",",0","0",",0","30",",0","0",",0","","","","","19600923",",,0","19600930","+,,0","19600930","+,,0","","","19600929",",,0","19600929","+,,0","21.1",",0,23,","0",",,0,30,+","0",",,0,30,+","11.7",",,0,29,","31.7",",0,29,+","0.0","0","0.0",",0","20.7",",,,0","","","","","","","","","0",",,,0","26.54",",0","30.02",",,,0","23.05",",,,0","","","","","","","","","","","","","","","","","","","","","",""
"USW00022521","1960-10","21.32402","-157.93946","1.9","HONOLULU INTERNATIONAL AIRPORT, HI US","","","","","","","","","","","2022.3","0","245.2",",0","6",",0","2",",0","0",",0","0",",0","0",",0","0",",0","0",",0","0",",0","31",",0","3",",0","","","","","19601015",",,0","19601031","+,,0","19601031","+,,0","","","19601020",",,0","19601018","+,,0","20.0",",0,15,","0",",,0,31,+","0",",,0,31,+","17.5",",,0,20,","32.2",",0,18,+","0.0","0","0.0",",0","29.5",",,,0","","","","","","","","","0",",,,0","26.24",",0","30.01",",,,0","22.47",",,,0","","","","","","","","","","","","","","","","","","","","","",""
"USW00022521","1960-11","21.32402","-157.93946","1.9","HONOLULU INTERNATIONAL AIRPORT, HI US","","","","","","","","","","","2219.6","0","197.3",",0","6",",0","0",",0","0",",0","0",",0","0",",0","0",",0","0",",0","0",",0","30",",0","0",",0","","","","","19601106",",,0","19601130","+,,0","19601130","+,,0","","","19601110",",,0","19601106","+,,0","18.3",",0,06,","0",",,0,30,+","0",",,0,30,+","2.3",",,0,10,","30.6",",0,06,+","0.0","0","0.0",",0","5.7",",,,0","","","","","","","","","0",",,,0","24.91",",0","28.14",",,,0","21.68",",,,0","","","","","","","","","","","","","","","","","","","","","",""
"USW00022521","1960-12","21.32402","-157.93946","1.9","HONOLULU INTERNATIONAL AIRPORT, HI US","","","","","","","","","","","2381.9","0","162.3",",0","7",",0","5",",0","0",",0","0",",0","0",",0","0",",0","0",",0","0",",0","31",",0","0",",0","","","","","19601208","+,,0","19601231","+,,0","19601231","+,,0","1","","19601204",",,0","19601211",",,0","16.7",",0,08,+","0",",,0,31,+","0",",,0,31,+","21.1",",,0,04,","30.6",",0,11,","0.0","0","0.0",",0","56.9",",,,0","","","","","","","","","0",",,,0","23.57",",0","27.67",",,,0","19.47",",,,0","","","","","","","","","","","","","","","","","","","","","",""
"USW00022521","1961-01","21.32402","-157.93946","1.9","HONOLULU INTERNATIONAL AIRPORT, HI US","","","","","","","","","","","147.8","0","147.8",",0","8",",0","6",",0","1",",0","0",",0","0",",0","0",",0","0",",0","0",",0","31",",0","0",",0","","","","","19610101",",,0","19610131","+,,0","19610131","+,,0","","","19610125",",,0","19610114",",,0","15.0",",0,01,","0",",,0,31,+","0",",,0,31,+","51.1",",,0,25,","29.4",",0,14,","0.0","0","0.0",",0","106.0",",,,0","","","","","","","","","0",",,,0","23.10",",0","27.27",",,,0","18.93",",,,0","","","","","","","","","","","","","","","","","","","","","",""
"USW00022521","1961-02","21.32402","-157.93946","1.9","HONOLULU INTERNATIONAL AIRPORT, HI US","","","","","","","","","","","296.6","0","148.8",",0","10",",0","3",",0","0",",0","0",",0","0",",0","0",",0","0",",0","0",",0","28",",0","0",",0","","","","","19610201",",,0","19610228","+,,0","19610228","+,,0","","","19610213",",,0","19610204","+,,0","17.2",",0,01,","0",",,0,28,+","0",",,0,28,+","6.9",",,0,13,","29.4",",0,04,+","0.0","0","0.0",",0","23.8",",,,0","","","","","","","","","0",",,,0","23.65",",0","26.90",",,,0","20.39",",,,0","","","","","","","","","","","","","","","","","","","","","",""
"USW00022521","1961-03","21.32402","-157.93946","1.9","HONOLULU INTERNATIONAL AIRPORT, HI US","","","","","","","","","","","480.3","0","183.7",",0","4",",0","2",",0","0",",0","0",",0","0",",0","0",",0","0",",0","0",",0","31",",0","0",",0","","","","","19610327","+,,0","19610331","+,,0","19610331","+,,0","","","19610331",",,0","19610330","+,,0","17.8",",0,27,+","0",",,0,31,+","0",",,0,31,+","4.8",",,0,31,","30.0",",0,30,+","0.0","0","0.0",",0","10.9",",,,0","","","","","","","","","0",",,,0","24.26",",0","28.48",",,,0","20.04",",,,0","","","","","","","","","","","","","","","","","","","","","",""
"USW00022521","1961-04","21.32402","-157.93946","1.9","HONOLULU INTERNATIONAL AIRPORT, HI US","","","","","","","","","","","662.0","0","181.7",",0","9",",0","3",",0","0",",0","0",",0","0",",0","0",",0","0",",0","0",",0","30",",0","0",",0","","","","","19610405",",,0","19610430","+,,0","19610430","+,,0","","","19610408",",,0","19610428","+,,0","16.7",",0,05,","0",",,0,30,+","0",",,0,30,+","7.1",",,0,08,","29.4",",0,28,+","0.0","0","0.0",",0","18.2",",,,0","","","","","","","","","0",",,,0","24.39",",0","27.97",",,,0","20.81",",,,0","","","","","","","","","","","","","","","","","","","","","",""
"USW00022521","1961-05","21.32402","-157.93946","1.9","HONOLULU INTERNATIONAL AIRPORT, HI US","","","","","","","","","","","885.2","0","223.2",",0","6",",0","0",",0","0",",0","0",",0","0",",0","0",",0","0",",0","0",",0","31",",0","0",",0","","","","","19610526","+,,0","19610531","+,,0","19610531","+,,0","","","19610501",",,0","19610513","+,,0","21.1",",0,26,+","0",",,0,31,+","0",",,0,31,+","2.3",",,0,01,","30.6",",0,13,+","0.0","0","0.0",",0","6.0",",,,0","","","","","","","","","0",",,,0","25.53",",0","28.92",",,,0","22.15",",,,0","","","","","","","","","","","","","","","","","","","","","",""
"USW00022521","1961-06","21.32402","-157.93946","1.9","HONOLULU INTERNATIONAL AIRPORT, HI US","","","","","","","","","","","1107.3","0","222.1",",0","12",",0","3",",0","0",",0","0",",0","0",",0","0",",0","0",",0","0",",0","30",",0","0",",0","","","","","19610630","+,,0","19610630","+,,0","19610630","+,,0","","","19610630",",,0","19610614",",,0","20.6",",0,30,+","0",",,0,30,+","0",",,0,30,+","8.6",",,0,30,","30.6",",0,14,","0.0","0","0.0",",0","22.3",",,,0","","","","","","","","","0",",,,0","25.74",",0","29.27",",,,0","22.20",",,,0","","","","","","","","","","","","","","","","","","","","","",""
"USW00022521","1961-07","21.32402","-157.93946","1.9","HONOLULU INTERNATIONAL AIRPORT, HI US","","","","","","","","","","","1349.9","0","242.6",",0","6",",0","1",",0","0",",0","0",",0","0",",0","0",",0","0",",0","0",",0","31",",0","0",",0","","","","","19610701",",,0","19610731","+,,0","19610731","+,,0","","","19610717",",,0","19610701",",,0","20.6",",0,01,","0",",,0,31,+","0",",,0,31,+","3.0",",,0,17,","31.7",",0,01,","0.0","0","0.0",",0","7.2",",,,0","","","","","","","","","0",",,,0","26.16",",0","29.80",",,,0","22.52",",,,0","","","","","","","","","","","","","","","","","","","","","",""
"USW00022521","1961-08","21.32402","-157.93946","1.9","HONOLULU INTERNATIONAL AIRPORT, HI US","","","","","","","","","","","1614.2","0","264.3",",0","12",",0","1",",0","0",",0","0",",0","0",",0","0",",0","0",",0","0",",0","31",",0","0",",0","","","","","19610803",",,0","19610831","+,,0","19610831","+,,0","","","19610829",",,0","19610816","+,,0","21.7",",0,03,","0",",,0,31,+","0",",,0,31,+","3.6",",,0,29,","31.1",",0,16,+","0.0","0","0.0",",0","12.2",",,,0","","","","","","","","","0",",,,0","26.86",",0","30.28",",,,0","23.43",",,,0","","","","","","","","","","","","","","","","","","","","","",""
"USW00022521","1961-09","21.32402","-157.93946","1.9","HONOLULU INTERNATIONAL AIRPORT, HI US","","","","","","","","","","","1861.5","0","247.3",",0","5",",0","1",",0","0",",0","0",",0","0",",0","0",",0","0",",0","0",",0","30",",0","1",",0","","","","","19610926",",,0","19610930","+,,0","19610930","+,,0","","","19610926",",,0","19610926",",,0","21.1",",0,26,","0",",,0,30,+","0",",,0,30,+","10.2",",,0,26,","32.2",",0,26,","0.0","0","0.0",",0","12.4",",,,0","","","","","","","","","0",",,,0","26.58",",0","30.30",",,,0","22.85",",,,0","","","","","","","","","","","","","","","","","","","","","",""
"USW00022521","1961-10","21.32402","-157.93946","1.9","HONOLULU INTERNATIONAL AIRPORT, HI US","","","","","","","","","","","2104.8","0","243.3",",0","13",",0","5",",0","0",",0","0",",0","0",",0","0",",0","0",",0","0",",0","31",",0","1",",0","","","","","19611016",",,0","19611031","+,,0","19611031","+,,0","1","","19611031",",,0","19611006",",,0","19.4",",0,16,","0",",,0,31,+","0",",,0,31,+","20.1",",,0,31,","32.8",",0,06,","0.0","0","0.0",",0","61.0",",,,0","","","","","","","","","0",",,,0","26.18",",0","29.66",",,,0","22.70",",,,0","","","","","","","","","","","","","","","","","","","","","",""
"USW00022521","1961-11","21.32402","-157.93946","1.9","HONOLULU INTERNATIONAL AIRPORT, HI US","","","","","","","","","","","2293.6","0","188.8",",0","14",",0","5",",0","0",",0","0",",0","0",",0","0",",0","0",",0","0",",0","30",",0","0",",0","","","","","19611109","+,,0","19611130","+,,0","19611130","+,,0","","","19611102",",,0","19611112",",,0","18.9",",0,09,+","0",",,0,30,+","0",",,0,30,+","18.0",",,0,02,","30.6",",0,12,","0.0","0","0.0",",0","52.3",",,,0","","","","","","","","","0",",,,0","24.63",",0","27.91",",,,0","21.34",",,,0","","","","","","","","","","","","","","","","","","","","","",""
"USW00022521","1961-12","21.32402","-157.93946","1.9","HONOLULU INTERNATIONAL AIRPORT, HI US","","","","","","","","","","","2465.3","0","171.7",",0","5",",0","3",",0","0",",0","0",",0","0",",0","0",",0","0",",0","0",",0","31",",0","0",",0","","","","","19611231",",,0","19611231","+,,0","19611231","+,,0","","","19611205",",,0","19611216",",,0","17.8",",0,31,","0",",,0,31,+","0",",,0,31,+","19.3",",,0,05,","30.0",",0,16,","0.0","0","0.0",",0","31.5",",,,0","","","","","","","","","0",",,,0","23.87",",0","27.01",",,,0","20.73",",,,0","","","","","","","","","","","","","","","","","","","","","",""
"USW00022521","1962-01","21.32402","-157.93946","1.9","HONOLULU INTERNATIONAL AIRPORT, HI US","","","","","","","","","","","165.7","0","165.7",",0","11",",0","5",",0","0",",0","0",",0","0",",0","0",",0","0",",0","0",",0","31",",0","0",",0","","","","","19620104",",,0","19620131","+,,0","19620131","+,,0","1","","19620128",",,0","19620124","+,,0","17.2",",0,04,","0",",,0,31,+","0",",,0,31,+","24.6",",,0,28,","28.9",",0,24,+","0.0","0","0.0",",0","55.9",",,,0","","","","","","","","","0",",,,0","23.68",",0","27.19",",,,0","20.16",",,,0","","","","","","","","","","","","","","","","","","","","","",""
"USW00022521","1962-02","21.32402","-157.93946","1.9","HONOLULU INTERNATIONAL AIRPORT, HI US","","","","","","","","","","","279.0","0","113.3",",0","13",",0","6",",0","1",",0","0",",0","0",",0","0",",0","0",",0","0",",0","28",",0","0",",0","","","","","19620221",",,0","19620228","+,,0","19620228","+,,0","2","","19620216",",,0","19620207",",,0","12.8",",0,21,","0",",,0,28,+","0",",,0,28,+","33.3",",,0,16,","29.4",",0,07,","0.0","0","0.0",",0","66.8",",,,0","","","","","","","","","0",",,,0","22.38",",0","26.67",",,,0","18.09",",,,0","","","","","","","","","","","","","","","","","","","","","",""
"USW00022521","1962-03","21.32402","-157.93946","1.9","HONOLULU INTERNATIONAL AIRPORT, HI US","","","","","","","","","","","419.1","0","140.1",",0","10",",0","4",",0","1",",0","0",",0","0",",0","0",",0","0",",0","0",",0","31",",0","0",",0","","","","","19620302",",,0","19620331","+,,0","19620331","+,,0","1","","19620314",",,0","19620315",",,0","16.7",",0,02,","0",",,0,31,+","0",",,0,31,+","25.4",",,0,14,","28.9",",0,15,","0.0","0","0.0",",0","53.3",",,,0","","","","","","","","","0",",,,0","22.85",",0","26.17",",,,0","19.54",",,,0","","","","","","","","","","","","","","","","","","","","","",""
"USW00022521","1962-04","21.32402","-157.93946","1.9","HONOLULU INTERNATIONAL AIRPORT, HI US","","","","","","","","","","","609.3","0","190.2",",0","7",",0","1",",0","0",",0","0",",0","0",",0","0",",0","0",",0","0",",0","30",",0","0",",0","","","","","19620405",",,0","19620430","+,,0","19620430","+,,0","","","19620425",",,0","19620422",",,0","18.3",",0,05,","0",",,0,30,+","0",",,0,30,+","24.4",",,0,25,","30.0",",0,22,","0.0","0","0.0",",0","27.3",",,,0","","","","","","","","","0",",,,0","24.67",",0","28.27",",,,0","21.08",",,,0","","","","","","","","","","","","","","","","","","","","","",""
"USW00022521","1962-05","21.32402","-157.93946","1.9","HONOLULU INTERNATIONAL AIRPORT, HI US","","","","","","","","","","","819.2","0","209.9",",0","8",",0","2",",0","0",",0","0",",0","0",",0","0",",0","0",",0","0",",0","31",",0","0",",0","","","","","19620506",",,0","19620531","+,,0","19620531","+,,0","","","19620508",",,0","19620531","+,,0","18.9",",0,06,","0",",,0,31,+","0",",,0,31,+","3.3",",,0,08,","30.0",",0,31,+","0.0","0","0.0",",0","8.2",",,,0","","","","","","","","","0",",,,0","25.10",",0","28.68",",,,0","21.53",",,,0","","","","","","","","","","","","","","","","","","","","","",""
"USW00022521","1962-06","21.32402","-157.93946","1.9","HONOLULU INTERNATIONAL AIRPORT, HI US","","","","","","","","","","","1046.1","0","226.9",",0","4",",0","0",",0","0",",0","0",",0","0",",0","0",",0","0",",0","0",",0","30",",0","0",",0","","","","","19620616","+,,0","19620630","+,,0","19620630","+,,0","","","19620601",",,0","19620624",",,0","20.6",",0,16,+","0",",,0,30,+","0",",,0,30,+","2.0",",,0,01,","31.1",",0,24,","0.0","0","0.0",",0","2.9",",,,0","","","","","","","","","0",",,,0","25.90",",0","29.57",",,,0","22.23",",,,0","","","","","","","","","","","","","","","","","","","","","",""
"USW00022521","1962-07","21.32402","-157.93946","1.9","HONOLULU INTERNATIONAL AIRPORT, HI US","","","","","","","","","","","1289.3","0","243.2",",0","4",",0","0",",0","0",",0","0",",0","0",",0","0",",0","0",",0","0",",0","31",",0","0",",0","","","","","19620709","+,,0","19620731","+,,0","19620731","+,,0","","","19620723",",,0","19620727",",,0","21.1",",0,09,+","0",",,0,31,+","0",",,0,31,+","2.0",",,0,23,","31.7",",0,27,","0.0","0","0.0",",0","3.4",",,,0","","","","","","","","","0",",,,0","26.18",",0","29.50",",,,0","22.85",",,,0","","","","","","","","","","","","","","","","","","","","","",""
"USW00022521","1962-08","21.32402","-157.93946","1.9","HONOLULU INTERNATIONAL AIRPORT, HI US","","","","","","","","","","","1547.5","0","258.2",",0","6",",0","1",",0","0",",0","0",",0","0",",0","0",",0","0",",0","0",",0","31",",0","0",",0","","","","","19620831","+,,0","19620831","+,,0","19620831","+,,0","","","19620813",",,0","19620830","+,,0","21.7",",0,31,+","0",",,0,31,+","0",",,0,31,+","2.5",",,0,13,","30.6",",0,30,+","0.0","0","0.0",",0","8.1",",,,0","","","","","","","","","0",",,,0","26.66",",0","30.02",",,,0","23.30",",,,0","","","","","","","","","","","","","","","","","","","","","",""
"USW00022521","1962-09","21.32402","-157.93946","1.9","HONOLULU INTERNATIONAL AIRPORT, HI US","","","","","","","","","","","1782.0","0","234.5",",0","6",",0","2",",0","0",",0","0",",0","0",",0","0",",0","0",",0","0",",0","30",",0","0",",0","","","","","19620928","+,,0","19620930","+,,0","19620930","+,,0","","","19620908",",,0","19620902",",,0","20.6",",0,28,+","0",",,0,30,+","0",",,0,30,+","5.6",",,0,08,","31.1",",0,02,","0.0","0","0.0",",0","16.8",",,,0","","","","","","","","","0",",,,0","26.15",",0","29.54",",,,0","22.76",",,,0","","","","","","","","","","","","","","","","","","","","","",""
"USW00022521","1962-10","21.32402","-157.93946","1.9","HONOLULU INTERNATIONAL AIRPORT, HI US","","","","","","","","","","","1992.2","0","210.2",",0","7",",0","2",",0","0",",0","0",",0","0",",0","0",",0","0",",0","0",",0","31",",0","0",",0","","","","","19621026","+,,0","19621031","+,,0","19621031","+,,0","1","","19621019",",,0","19621027",",,0","17.8",",0,26,+","0",",,0,31,+","0",",,0,31,+","6.1",",,0,19,","31.1",",0,27,","0.0","0","0.0",",0","17.8",",,,0","","","","","","","","","0",",,,0","25.11",",0","29.22",",,,0","21.01",",,,0","","","","","","","","","","","","","","","","","","","","","",""
"USW00022521","1962-11","21.32402","-157.93946","1.9","HONOLULU INTERNATIONAL AIRPORT, HI US","","","","","","","","","","","2198.9","0","206.7",",0","2",",0","0",",0","0",",0","0",",0","0",",0","0",",0","0",",0","0",",0","30",",0","0",",0","","","","","19621115",",,0","19621130","+,,0","19621130","+,,0","","","19621130",",,0","19621118","+,,0","17.2",",0,15,","0",",,0,30,+","0",",,0,30,+","0.5",",,0,30,","30.0",",0,18,+","0.0","0","0.0",",0","0.8",",,,0","","","","","","","","","0",",,,0","25.22",",0","28.96",",,,0","21.49",",,,0","","","","","","","","","","","","","","","","","","","","","",""
"USW00022521","1962-12","21.32402","-157.93946","1.9","HONOLULU INTERNATIONAL AIRPORT, HI US","","","","","","","","","","","2331.6","0","132.7",",0","9",",0","6",",0","1",",0","0",",0","0",",0","0",",0","0",",0","0",",0","31",",0","0",",0","","","","","19621220",",,0","19621231","+,,0","19621231","+,,0","","","19621225",",,0","19621207",",,0","12.2",",0,20,","0",",,0,31,+","0",",,0,31,+","50.5",",,0,25,","28.9",",0,07,","0.0","0","0.0",",0","84.3",",,,0","","","","","","","","","0",",,,0","22.61",",0","26.97",",,,0","18.26",",,,0","","","","","","","","","","","","","","","","","","","","","",""
"USW00022521","1963-01","21.32402","-157.93946","1.9","HONOLULU INTERNATIONAL AIRPORT, HI US","","","","","","","","","","","104.2","0","104.2",",0","14",",0","9",",0","3",",0","0",",0","0",",0","0",",0","0",",0","0",",0","31",",0","0",",0","","","","","19630114",",,0","19630131","+,,0","19630131","+,,0","3","","19630107",",,0","19630129","+,,0","13.3",",0,14,","0",",,0,31,+","0",",,0,31,+","162.6",",,0,07,","27.2",",0,29,+","0.0","0","0.0",",0","268.8",",,,0","","","","","","","","","0",",,,0","21.69",",0","25.72",",,,0","17.67",",,,0","","","","","","","","","","","","","","","","","","","","","",""
"USW00022521","1963-02","21.32402","-157.93946","1.9","HONOLULU INTERNATIONAL AIRPORT, HI US","","","","","","","","","","","215.7","0","111.5",",0","6",",0","2",",0","0",",0","0",",0","0",",0","0",",0","0",",0","0",",0","28",",0","0",",0","","","","","19630211",",,0","19630228","+,,0","19630228","+,,0","1","","19630228",",,0","19630210",",,0","14.4",",0,11,","0",",,0,28,+","0",",,0,28,+","18.5",",,0,28,","28.9",",0,10,","0.0","0","0.0",",0","28.3",",,,0","","","","","","","","","0",",,,0","22.31",",0","26.60",",,,0","18.03",",,,0","","","","","","","","","","","","","","","","","","","","","",""
"USW00022521","1963-03","21.32402","-157.93946","1.9","HONOLULU INTERNATIONAL AIRPORT, HI US","","","","","","","","","","","341.7","0","126.0",",0","13",",0","9",",0","3",",0","0",",0","0",",0","0",",0","0",",0","0",",0","31",",0","0",",0","","","","","19630307",",,0","19630331","+,,0","19630331","+,,0","7","","19630301",",,0","19630330",",,0","15.6",",0,07,","0",",,0,31,+","0",",,0,31,+","66.8",",,0,01,","28.3",",0,30,","0.0","0","0.0",",0","213.2",",,,0","","","","","","","","","0",",,,0","22.40",",0","26.03",",,,0","18.76",",,,0","","","","","","","","","","","","","","","","","","","","","",""
"USW00022521","1963-04","21.32402","-157.93946","1.9","HONOLULU INTERNATIONAL AIRPORT, HI US","","","","","","","","","","","512.6","0","170.9",",0","17",",0","10",",0","3",",0","0",",0","0",",0","0",",0","0",",0","0",",0","30",",0","0",",0","","","","","19630411","+,,0","19630430","+,,0","19630430","+,,0","1","","19630403",",,0","19630430",",,0","18.9",",0,11,+","0",",,0,30,+","0",",,0,30,+","58.4",",,0,03,","28.9",",0,30,","0.0","0","0.0",",0","226.7",",,,0","","","","","","","","","0",",,,0","24.03",",0","27.24",",,,0","20.82",",,,0","","","","","","","","","","","","","","","","","","","","","",""
"USW00022521","1963-05","21.32402","-157.93946","1.9","HONOLULU INTERNATIONAL AIRPORT, HI US","","","","","","","","","","","709.6","0","197.0",",0","4",",0","2",",0","1",",0","0",",0","0",",0","0",",0","0",",0","0",",0","31",",0","0",",0","","","","","19630516",",,0","19630531","+,,0","19630531","+,,0","1","","19630514",",,0","19630526",",,0","18.3",",0,16,","0",",,0,31,+","0",",,0,31,+","82.0",",,0,14,","30.6",",0,26,","0.0","0","0.0",",0","85.4",",,,0","","","","","","","","","0",",,,0","24.69",",0","28.24",",,,0","21.14",",,,0","","","","","","","","","","","","","","","","","","","","","",""
"USW00022521","1963-06","21.32402","-157.93946","1.9","HONOLULU INTERNATIONAL AIRPORT, HI US","","","","","","","","","","","945.5","0","235.9",",0","8",",0","1",",0","0",",0","0",",0","0",",0","0",",0","0",",0","0",",0","30",",0","0",",0","","","","","19630614",",,0","19630630","+,,0","19630630","+,,0","1","","19630622",",,0","19630628","+,,0","19.4",",0,14,","0",",,0,30,+","0",",,0,30,+","3.6",",,0,22,","30.6",",0,28,+","0.0","0","0.0",",0","8.5",",,,0","","","","","","","","","0",",,,0","26.20",",0","29.88",",,,0","22.52",",,,0","","","","","","","","","","","","","","","","","","","","","",""
"USW00022521","1963-07","21.32402","-157.93946","1.9","HONOLULU INTERNATIONAL AIRPORT, HI US","","","","","","","","","","","1215.0","0","269.5",",0","8",",0","1",",0","0",",0","0",",0","0",",0","0",",0","0",",0","0",",0","31",",0","0",",0","","","","","19630731",",,0","19630731","+,,0","19630731","+,,0","","","19630727",",,0","19630723","+,,0","20.6",",0,31,","0",",,0,31,+","0",",,0,31,+","18.8",",,0,27,","31.7",",0,23,+","0.0","0","0.0",",0","25.8",",,,0","","","","","","","","","0",",,,0","27.03",",0","30.71",",,,0","23.34",",,,0","","","","","","","","","","","","","","","","","","","","","",""
"USW00022521","1963-08","21.32402","-157.93946","1.9","HONOLULU INTERNATIONAL AIRPORT, HI US","","","","","","","","","","","1497.9","0","282.9",",0","2",",0","0",",0","0",",0","0",",0","0",",0","0",",0","0",",0","0",",0","31",",0","5",",0","","","","","19630804",",,0","19630831","+,,0","19630831","+,,0","","","19630819",",,0","19630808",",,0","21.1",",0,04,","0",",,0,31,+","0",",,0,31,+","0.5",",,0,19,","32.8",",0,08,","0.0","0","0.0",",0","0.8",",,,0","","","","","","","","","0",",,,0","27.46",",0","31.37",",,,0","23.54",",,,0","","","","","","","","","","","","","","","","","","","","","",""
"USW00022521","1963-09","21.32402","-157.93946","1.9","HONOLULU INTERNATIONAL AIRPORT, HI US","","","","","","","","","","","1764.4","0","266.5",",0","4",",0","1",",0","1",",0","0",",0","0",",0","0",",0","0",",0","0",",0","30",",0","6",",0","","","","","19630922",",,0","19630930","+,,0","19630930","+,,0","","","19630917",",,0","19630924",",,0","20.0",",0,22,","0",",,0,30,+","0",",,0,30,+","34.3",",,0,17,","32.8",",0,24,","0.0","0","0.0",",0","37.4",",,,0","","","","","","","","","0",",,,0","27.22",",0","31.18",",,,0","23.25",",,,0","","","","","","","","","","","","","","","","","","","","","",""
"USW00022521","1963-10","21.32402","-157.93946","1.9","HONOLULU INTERNATIONAL AIRPORT, HI US","","","","","","","","","","","2017.1","0","252.7",",0","10",",0","4",",0","0",",0","0",",0","0",",0","0",",0","0",",0","0",",0","31",",0","0",",0","","","","","19631031",",,0","19631031","+,,0","19631031","+,,0","","","19631004",",,0","19631027","+,,0","18.3",",0,31,","0",",,0,31,+","0",",,0,31,+","9.7",",,0,04,","31.1",",0,27,+","0.0","0","0.0",",0","27.6",",,,0","","","","","","","","","0",",,,0","26.48",",0","30.29",",,,0","22.68",",,,0","","","","","","","","","","","","","","","","","","","","","",""
"USW00022521","1963-11","21.32402","-157.93946","1.9","HONOLULU INTERNATIONAL AIRPORT, HI US","","","","","","","","","","","2217.6","0","200.5",",0","5",",0","1",",0","0",",0","0",",0","0",",0","0",",0","0",",0","0",",0","30",",0","0",",0","","","","","19631130",",,0","19631130","+,,0","19631130","+,,0","","","19631107",",,0","19631128",",,0","17.8",",0,30,","0",",,0,30,+","0",",,0,30,+","4.1",",,0,07,","31.7",",0,28,","0.0","0","0.0",",0","5.3",",,,0","","","","","","","","","0",",,,0","25.02",",0","29.04",",,,0","20.99",",,,0","","","","","","","","","","","","","","","","","","","","","",""
"USW00022521","1963-12","21.32402","-157.93946","1.9","HONOLULU INTERNATIONAL AIRPORT, HI US","","","","","","","","","","","2371.4","0","153.8",",0","9",",0","4",",0","0",",0","0",",0","0",",0","0",",0","0",",0","0",",0","31",",0","0",",0","","","","","19631224",",,0","19631231","+,,0","19631231","+,,0","","","19631206",",,0","19631213","+,,0","16.1",",0,24,","0",",,0,31,+","0",",,0,31,+","17.5",",,0,06,","28.9",",0,13,+","0.0","0","0.0",",0","36.3",",,,0","","","","","","","","","0",",,,0","23.30",",0","27.43",",,,0","19.16",",,,0","","","","","","","","","","","","","","","","","","","","","",""
"USW00022521","1964-01","21.32402","-157.93946","1.9","HONOLULU INTERNATIONAL AIRPORT, HI US","","","","","","","","","","","172.7","0","172.7",",0","10",",0","9",",0","0",",0","0",",0","0",",0","0",",0","0",",0","0",",0","31",",0","0",",0","","","","","19640124",",,0","19640131","+,,0","19640131","+,,0","1","","19640105",",,0","19640130","+,,0","17.8",",0,24,","0",",,0,31,+","0",",,0,31,+","9.7",",,0,05,","28.3",",0,30,+","0.0","0","0.0",",0","55.4",",,,0","","","","","","","","","0",",,,0","23.90",",0","27.16",",,,0","20.65",",,,0","","","","","","","","","","","","","","","","","","","","","",""
"USW00022521","1964-02","21.32402","-157.93946","1.9","HONOLULU INTERNATIONAL AIRPORT, HI US","","","","","","","","","","","327.8","0","155.1",",0","8",",0","2",",0","0",",0","0",",0","0",",0","0",",0","0",",0","0",",0","29",",0","0",",0","","","","","19640219","+,,0","19640229","+,,0","19640229","+,,0","","","19640225",",,0","19640223","+,,0","17.8",",0,19,+","0",",,0,29,+","0",",,0,29,+","5.3",",,0,25,","28.9",",0,23,+","0.0","0","0.0",",0","13.2",",,,0","","","","","","","","","0",",,,0","23.68",",0","27.59",",,,0","19.78",",,,0","","","","","","","","","","","","","","","","","","","","","",""
"USW00022521","1964-03","21.32402","-157.93946","1.9","HONOLULU INTERNATIONAL AIRPORT, HI US","","","","","","","","","","","493.7","0","165.9",",0","15",",0","6",",0","3",",0","0",",0","0",",0","0",",0","0",",0","0",",0","31",",0","0",",0","","","","","19640320",",,0","19640331","+,,0","19640331","+,,0","4","","19640323",",,0","19640319","+,,0","16.7",",0,20,","0",",,0,31,+","0",",,0,31,+","48.5",",,0,23,","28.9",",0,19,+","0.0","0","0.0",",0","132.4",",,,0","","","","","","","","","0",",,,0","23.69",",0","27.49",",,,0","19.88",",,,0","","","","","","","","","","","","","","","","","","","","","",""
"USW00022521","1964-04","21.32402","-157.93946","1.9","HONOLULU INTERNATIONAL AIRPORT, HI US","","","","","","","","","","","671.2","0","177.5",",0","17",",0","2",",0","0",",0","0",",0","0",",0","0",",0","0",",0","0",",0","30",",0","0",",0","","","","","19640419","+,,0","19640430","+,,0","19640430","+,,0","","","19640424",",,0","19640417",",,0","18.9",",0,19,+","0",",,0,30,+","0",",,0,30,+","4.3",",,0,24,","30.0",",0,17,","0.0","0","0.0",",0","22.5",",,,0","","","","","","","","","0",",,,0","24.25",",0","27.92",",,,0","20.58",",,,0","","","","","","","","","","","","","","","","","","","","","",""
"USW00022521","1964-05","21.32402","-157.93946","1.9","HONOLULU INTERNATIONAL AIRPORT, HI US","","","","","","","","","","","866.3","0","195.1",",0","6",",0","1",",0","0",",0","0",",0","0",",0","0",",0","0",",0","0",",0","31",",0","0",",0","","","","","19640530","+,,0","19640531","+,,0","19640531","+,,0","","","19640514",",,0","19640531","+,,0","18.3",",0,30,+","0",",,0,31,+","0",",,0,31,+","2.8",",,0,14,","29.4",",0,31,+","0.0","0","0.0",",0","5.4",",,,0","","","","","","","","","0",",,,0","24.63",",0","28.36",",,,0","20.89",",,,0","","","","","","","","","","","","","","","","","","","","","",""
"USW00022521","1964-06","21.32402","-157.93946","1.9","HONOLULU INTERNATIONAL AIRPORT, HI US","","","","","","","","","","","1081.3","0","215.0",",0","5",",0","0",",0","0",",0","0",",0","0",",0","0",",0","0",",0","0",",0","30",",0","0",",0","","","","","19640611",",,0","19640630","+,,0","19640630","+,,0","","","19640625",",,0","19640620","+,,0","18.3",",0,11,","0",",,0,30,+","0",",,0,30,+","0.8",",,0,25,","30.6",",0,20,+","0.0","0","0.0",",0","2.2",",,,0","","","","","","","","","0",",,,0","25.50",",0","29.34",",,,0","21.66",",,,0","","","","","","","","","","","","","","","","","","","","","",""
"USW00022521","1964-07","21.32402","-157.93946","1.9","HONOLULU INTERNATIONAL AIRPORT, HI US","","","","","","","","","","","1327.7","0","246.4",",0","10",",0","3",",0","0",",0","0",",0","0",",0","0",",0","0",",0","0",",0","31",",0","0",",0","","","","","19640710",",,0","19640731","+,,0","19640731","+,,0","2","","19640724",",,0","19640728","+,,0","20.6",",0,10,","0",",,0,31,+","0",",,0,31,+","16.5",",,0,24,","30.6",",0,28,+","0.0","0","0.0",",0","34.2",",,,0","","","","","","","","","0",",,,0","26.28",",0","29.77",",,,0","22.79",",,,0","","","","","","","","","","","","","","","","","","","","","",""
"USW00022521","1964-08","21.32402","-157.93946","1.9","HONOLULU INTERNATIONAL AIRPORT, HI US","","","","","","","","","","","1592.5","0","264.8",",0","10",",0","1",",0","0",",0","0",",0","0",",0","0",",0","0",",0","0",",0","31",",0","1",",0","","","","","19640828","+,,0","19640831","+,,0","19640831","+,,0","","","19640805",",,0","19640829",",,0","21.1",",0,28,+","0",",,0,31,+","0",",,0,31,+","5.3",",,0,05,","32.2",",0,29,","0.0","0","0.0",",0","11.9",",,,0","","","","","","","","","0",",,,0","26.88",",0","30.73",",,,0","23.02",",,,0","","","","","","","","","","","","","","","","","","","","","",""
"USW00022521","1964-09","21.32402","-157.93946","1.9","HONOLULU INTERNATIONAL AIRPORT, HI US","","","","","","","","","","","1846.3","0","253.8",",0","9",",0","3",",0","0",",0","0",",0","0",",0","0",",0","0",",0","0",",0","30",",0","0",",0","","","","","19640930",",,0","19640930","+,,0","19640930","+,,0","","","19640922",",,0","19640906",",,0","21.1",",0,30,","0",",,0,30,+","0",",,0,30,+","9.4",",,0,22,","31.7",",0,06,","0.0","0","0.0",",0","24.7",",,,0","","","","","","","","","0",",,,0","26.79",",0","30.46",",,,0","23.12",",,,0","","","","","","","","","","","","","","","","","","","","","",""
"USW00022521","1964-10","21.32402","-157.93946","1.9","HONOLULU INTERNATIONAL AIRPORT, HI US","","","","","","","","","","","2074.7","0","228.4",",0","13",",0","0",",0","0",",0","0",",0","0",",0","0",",0","0",",0","0",",0","31",",0","0",",0","","","","","19641013",",,0","19641031","+,,0","19641031","+,,0","","","19641026",",,0","19641018","+,,0","18.9",",0,13,","0",",,0,31,+","0",",,0,31,+","2.0",",,0,26,","31.1",",0,18,+","0.0","0","0.0",",0","8.9",",,,0","","","","","","","","","0",",,,0","25.70",",0","29.58",",,,0","21.82",",,,0","","","","","","","","","","","","","","","","","","","","","",""
"USW00022521","1964-11","21.32402","-157.93946","1.9","HONOLULU INTERNATIONAL AIRPORT, HI US","","","","","","","","","","","2264.2","0","189.5",",0","19",",0","7",",0","0",",0","0",",0","0",",0","0",",0","0",",0","0",",0","30",",0","0",",0","","","","","19641117",",,0","19641130","+,,0","19641130","+,,0","2","","19641120",",,0","19641104",",,0","16.1",",0,17,","0",",,0,30,+","0",",,0,30,+","13.5",",,0,20,","30.0",",0,04,","0.0","0","0.0",",0","60.3",",,,0","","","","","","","","","0",",,,0","24.65",",0","27.94",",,,0","21.36",",,,0","","","","","","","","","","","","","","","","","","","","","",""
"USW00022521","1964-12","21.32402","-157.93946","1.9","HONOLULU INTERNATIONAL AIRPORT, HI US","","","","","","","","","","","2434.3","0","170.1",",0","15",",0","8",",0","2",",0","0",",0","0",",0","0",",0","0",",0","0",",0","31",",0","0",",0","","","","","19641217","+,,0","19641231","+,,0","19641231","+,,0","3","","19641219",",,0","19641208",",,0","17.8",",0,17,+","0",",,0,31,+","0",",,0,31,+","49.8",",,0,19,","28.9",",0,08,","0.0","0","0.0",",0","141.7",",,,0","","","","","","","","","0",",,,0","23.82",",0","26.78",",,,0","20.86",",,,0","","","","","","","","","","","","","","","","","","","","","",""
"USW00022521","1965-01","21.32402","-157.93946","1.9","HONOLULU INTERNATIONAL AIRPORT, HI US","","","","","","","","","","","119.2","0","119.2",",0","9",",0","6",",0","1",",0","0",",0","0",",0","0",",0","0",",0","0",",0","31",",0","0",",0","","","","","19650131","+,,0","19650131","+,,0","19650131","+,,0","2","","19650110",",,0","19650117","+,,0","16.1",",0,31,+","0",",,0,31,+","0",",,0,31,+","54.1",",,0,10,","27.2",",0,17,+","0.0","0","0.0",",0","76.7",",,,0","66.0",",X","","","","","","","0",",,,0","22.18",",0","25.56",",,,0","18.79",",,,0","13542",",X","","","","","","","","","360",",X","","","","","","","","","14.3",",X"
"USW00022521","1965-02","21.32402","-157.93946","1.9","HONOLULU INTERNATIONAL AIRPORT, HI US","","","","","","","","","","","194.2","0","75.0",",0","6",",0","2",",0","0",",0","0",",0","0",",0","0",",0","0",",0","0",",0","28",",0","0",",0","","","","","19650228","+,,0","19650228","+,,0","19650228","+,,0","3","","19650208",",,0","19650215","+,,0","13.9",",0,28,+","0",",,0,28,+","0",",,0,28,+","11.4",",,0,08,","26.7",",0,15,+","0.0","0","0.0",",0","20.3",",,,0","82.0",",X","","","","","","","0",",,,0","21.01",",0","25.19",",,,0","16.83",",,,0","15786",",X","","","","","","","","","45",",X","","","","","","","","","13.9",",X"
"USW00022521","1965-03","21.32402","-157.93946","1.9","HONOLULU INTERNATIONAL AIRPORT, HI US","","","","","","","","","","","316.8","0","122.6",",0","3",",0","2",",0","0",",0","0",",0","0",",0","0",",0","0",",0","0",",0","31",",0","0",",0","","","","","19650327",",,0","19650331","+,,0","19650331","+,,0","2","","19650321",",,0","19650330",",,0","14.4",",0,27,","0",",,0,31,+","0",",,0,31,+","17.3",",,0,21,","28.3",",0,30,","0.0","0","0.0",",0","25.2",",,,0","89.9",",X","","","","","","","0",",,,0","22.29",",0","26.68",",,,0","17.90",",,,0","20112",",X","","","","","","","","","45",",X","","","","","","","","","15.2",",X"
"USW00022521","1965-04","21.32402","-157.93946","1.9","HONOLULU INTERNATIONAL AIRPORT, HI US","","","","","","","","","","","482.7","0","165.9",",0","10",",0","6",",0","0",",0","0",",0","0",",0","0",",0","0",",0","0",",0","30",",0","0",",0","","","","","19650416",",,0","19650430","+,,0","19650430","+,,0","1","","19650413",",,0","19650426",",,0","16.7",",0,16,","0",",,0,30,+","0",",,0,30,+","13.7",",,0,13,","29.4",",0,26,","0.0","0","0.0",",0","37.7",",,,0","77.8",",X","","","","","","","0",",,,0","23.86",",0","27.25",",,,0","20.48",",,,0","17706",",X","","","","","","","","","45",",X","","","","","","","","","11.6",",X"
"USW00022521","1965-05","21.32402","-157.93946","1.9","HONOLULU INTERNATIONAL AIRPORT, HI US","","","","","","","","","","","689.6","0","206.9",",0","14",",0","9",",0","3",",0","0",",0","0",",0","0",",0","0",",0","0",",0","31",",0","0",",0","","","","","19650502",",,0","19650531","+,,0","19650531","+,,0","2","","19650502",",,0","19650511","+,,0","19.4",",0,02,","0",",,0,31,+","0",",,0,31,+","87.4",",,0,02,","30.0",",0,11,+","0.0","0","0.0",",0","183.5",",,,0","55.0",",X","","","","","","","0",",,,0","25.01",",0","27.95",",,,0","22.06",",,,0","13494",",X","","","","","","","","","45",",X","","","","","","","","","11.2",",X"
"USW00022521","1965-06","21.32402","-157.93946","1.9","HONOLULU INTERNATIONAL AIRPORT, HI US","","","","","","","","","","","924.3","0","234.7",",0","8",",0","1",",0","0",",0","0",",0","0",",0","0",",0","0",",0","0",",0","30",",0","0",",0","","","","","19650625","+,,0","19650630","+,,0","19650630","+,,0","","","19650601",",,0","19650630","+,,0","21.1",",0,25,+","0",",,0,30,+","0",",,0,30,+","2.5",",,0,01,","30.0",",0,30,+","0.0","0","0.0",",0","6.5",",,,0","81.9",",X","","","","","","","0",",,,0","26.16",",0","29.34",",,,0","22.97",",,,0","19818",",X","","","","","","","","","45",",X","","","","","","","","","12.1",",X"
"USW00022521","1965-07","21.32402","-157.93946","1.9","HONOLULU INTERNATIONAL AIRPORT, HI US","","","","","","","","","","","1179.6","0","255.3",",0","9",",0","3",",0","0",",0","0",",0","0",",0","0",",0","0",",0","0",",0","31",",0","0",",0","","","","","19650729","+,,0","19650731","+,,0","19650731","+,,0","","","19650728","+,,0","19650721",",,0","21.1",",0,29,+","0",",,0,31,+","0",",,0,31,+","11.7",",,0,28,+","31.7",",0,21,","0.0","0","0.0",",0","34.8",",,,0","85.8",",X","","","","","","","0",",,,0","26.57",",0","30.10",",,,0","23.04",",,,0","21204",",X","","","","","","","","","45",",X","","","","","","","","","11.6",",X"
"USW00022521","1965-08","21.32402","-157.93946","1.9","HONOLULU INTERNATIONAL AIRPORT, HI US","","","","","","","","","","","1432.9","0","253.3",",0","12",",0","1",",0","0",",0","0",",0","0",",0","0",",0","0",",0","0",",0","31",",0","0",",0","","","","","19650815",",,0","19650831","+,,0","19650831","+,,0","","","19650816",",,0","19650829","+,,0","19.4",",0,15,","0",",,0,31,+","0",",,0,31,+","13.7",",,0,16,","31.7",",0,29,+","0.0","0","0.0",",0","22.3",",,,0","87.1",",X","","","","","","","0",",,,0","26.50",",0","30.52",",,,0","22.48",",,,0","20808",",X","","","","","","","","","45",",X","","","","","","","","","13.9",",X"
"USW00022521","1965-09","21.32402","-157.93946","1.9","HONOLULU INTERNATIONAL AIRPORT, HI US","","","","","","","","","","","1682.1","0","249.2",",0","7",",0","1",",0","0",",0","0",",0","0",",0","0",",0","0",",0","0",",0","30",",0","2",",0","","","","","19650907",",,0","19650930","+,,0","19650930","+,,0","3","","19650913",",,0","19650912",",,0","20.0",",0,07,","0",",,0,30,+","0",",,0,30,+","8.1",",,0,13,","33.9",",0,12,","0.0","0","0.0",",0","13.3",",,,0","83.9",",X","","","","","","","0",",,,0","26.64",",0","30.77",",,,0","22.51",",,,0","18528",",X","","","","","","","","","90",",X","","","","","","","","","9.8",",X"
"USW00022521","1965-10","21.32402","-157.93946","1.9","HONOLULU INTERNATIONAL AIRPORT, HI US","","","","","","","","","","","1910.2","0","228.1",",0","10",",0","3",",0","2",",0","0",",0","0",",0","0",",0","0",",0","0",",0","31",",0","2",",0","","","","","19651025","+,,0","19651031","+,,0","19651031","+,,0","2","","19651013",",,0","19651007",",,0","18.3",",0,25,+","0",",,0,31,+","0",",,0,31,+","35.1",",,0,13,","32.8",",0,07,","0.0","0","0.0",",0","90.6",",,,0","74.8",",X","","","","","","","0",",,,0","25.69",",0","29.86",",,,0","21.52",",,,0","16260",",X","","","","","","","","","135",",X","","","","","","","","","10.3",",X"
"USW00022521","1965-11","21.32402","-157.93946","1.9","HONOLULU INTERNATIONAL AIRPORT, HI US","","","","","","","","","","","2110.5","0","200.3",",0","15",",0","8",",0","5",",0","0",",0","0",",0","0",",0","0",",0","0",",0","30",",0","0",",0","","","","","19651112",",,0","19651130","+,,0","19651130","+,,0","","","19651114",",,0","19651104",",,0","19.4",",0,12,","0",",,0,30,+","0",",,0,30,+","109.7",",,0,14,","31.1",",0,04,","0.0","0","0.0",",0","374.0",",,,0","56.6",",X","","","","","","","0",",,,0","25.01",",0","28.20",",,,0","21.82",",,,0","11328",",X","","","","","","","","","135",",X","","","","","","","","","19.7",",X"
"USW00022521","1965-12","21.32402","-157.93946","1.9","HONOLULU INTERNATIONAL AIRPORT, HI US","","","","","","","","","","","2253.2","0","142.7",",0","13",",0","4",",0","1",",0","0",",0","0",",0","0",",0","0",",0","0",",0","31",",0","0",",0","","","","","19651212",",,0","19651231","+,,0","19651231","+,,0","2","","19651214",",,0","19651227","+,,0","17.2",",0,12,","0",",,0,31,+","0",",,0,31,+","162.6",",,0,14,","28.3",",0,27,+","0.0","0","0.0",",0","202.6",",,,0","47.3",",X","","","","","","","0",",,,0","22.94",",0","26.16",",,,0","19.71",",,,0","9552",",X","","","","","","","","","45",",X","","","","","","","","","13.9",",X"
"USW00022521","1966-01","21.32402","-157.93946","1.9","HONOLULU INTERNATIONAL AIRPORT, HI US","","","","","","","","","","","130.6","0","130.6",",0","7",",0","4",",0","0",",0","0",",0","0",",0","0",",0","0",",0","0",",0","31",",0","0",",0","","","","","19660130","+,,0","19660131","+,,0","19660131","+,,0","1","","19660120",",,0","19660130",",,0","15.0",",0,30,+","0",",,0,31,+","0",",,0,31,+","17.5",",,0,20,","28.3",",0,30,","0.0","0","0.0",",0","35.4",",,,0","70.6",",X","","","","","","","0",",,,0","22.55",",0","26.73",",,,0","18.37",",,,0","14478",",X","","","","","","","","","45",",X","","","","","","","","","10.7",",X"
"USW00022521","1966-02","21.32402","-157.93946","1.9","HONOLULU INTERNATIONAL AIRPORT, HI US","","","","","","","","","","","238.4","0","107.8",",0","13",",0","4",",0","1",",0","0",",0","0",",0","0",",0","0",",0","0",",0","28",",0","0",",0","","","","","19660221",",,0","19660228","+,,0","19660228","+,,0","","","19660228",",,0","19660213",",,0","13.9",",0,21,","0",",,0,28,+","0",",,0,28,+","25.9",",,0,28,","28.9",",0,13,","0.0","0","0.0",",0","94.4",",,,0","46.5",",X","","","","","","","0",",,,0","22.18",",0","26.10",",,,0","18.27",",,,0","8916",",X","","","","","","","","","135",",X","","","","","","","","","14.3",",X"
"USW00022521","1966-03","21.32402","-157.93946","1.9","HONOLULU INTERNATIONAL AIRPORT, HI US","","","","","","","","","","","413.4","0","175.0",",0","6",",0","1",",0","0",",0","0",",0","0",",0","0",",0","0",",0","0",",0","31",",0","0",",0","","","","","19660305",",,0","19660331","+,,0","19660331","+,,0","","","19660309",",,0","19660319","+,,0","16.7",",0,05,","0",",,0,31,+","0",",,0,31,+","7.6",",,0,09,","30.0",",0,19,+","0.0","0","0.0",",0","10.0",",,,0","80.3",",X","","","","","","","0",",,,0","23.98",",0","28.37",",,,0","19.58",",,,0","17994",",X","","","","","","","","","360",",X","","","","","","","","","12.1",",X"
"USW00022521","1966-04","21.32402","-157.93946","1.9","HONOLULU INTERNATIONAL AIRPORT, HI US","","","","","","","","","","","581.8","0","168.4",",0","5",",0","2",",0","0",",0","0",",0","0",",0","0",",0","0",",0","0",",0","30",",0","0",",0","","","","","19660420",",,0","19660430","+,,0","19660430","+,,0","1","","19660430",",,0","19660429","+,,0","15.6",",0,20,","0",",,0,30,+","0",",,0,30,+","4.8",",,0,30,","30.0",",0,29,+","0.0","0","0.0",",0","11.7",",,,0","82.5",",X","","","","","","","0",",,,0","23.95",",0","28.54",",,,0","19.35",",,,0","18798",",X","","","","","","","","","360",",X","","","","","","","","","11.6",",X"
"USW00022521","1966-05","21.32402","-157.93946","1.9","HONOLULU INTERNATIONAL AIRPORT, HI US","","","","","","","","","","","789.8","0","208.0",",0","4",",0","1",",0","0",",0","0",",0","0",",0","0",",0","0",",0","0",",0","31",",0","1",",0","","","","","19660515","+,,0","19660531","+,,0","19660531","+,,0","","","19660520",",,0","19660524",",,0","18.3",",0,15,+","0",",,0,31,+","0",",,0,31,+","8.9",",,0,20,","32.2",",0,24,","0.0","0","0.0",",0","10.5",",,,0","85.1",",X","","","","","","","0",",,,0","25.04",",0","29.39",",,,0","20.70",",,,0","20814",",X","","","","","","","","","45",",X","","","","","","","","","11.2",",X"
"USW00022521","1966-06","21.32402","-157.93946","1.9","HONOLULU INTERNATIONAL AIRPORT, HI US","","","","","","","","","","","1047.7","0","257.9",",0","2",",0","0",",0","0",",0","0",",0","0",",0","0",",0","0",",0","0",",0","30",",0","0",",0","","","","","19660630","+,,0","19660630","+,,0","19660630","+,,0","","","19660624","+,,0","19660630","+,,0","22.2",",0,30,+","0",",,0,30,+","0",",,0,30,+","0.5",",,0,24,+","31.1",",0,30,+","0.0","0","0.0",",0","1.0",",,,0","76.8",",X","","","","","","","0",",,,0","26.93",",0","30.65",",,,0","23.21",",,,0","18576",",X","","","","","","","","","45",",X","","","","","","","","","11.6",",X"
"USW00022521","1966-07","21.32402","-157.93946","1.9","HONOLULU INTERNATIONAL AIRPORT, HI US","","","","","","","","","","","1320.1","0","272.4",",0","4",",0","1",",0","0",",0","0",",0","0",",0","0",",0","0",",0","0",",0","31",",0","2",",0","","","","","19660713",",,0","19660731","+,,0","19660731","+,,0","","","19660724",",,0","19660720","+,,0","21.7",",0,13,","0",",,0,31,+","0",",,0,31,+","9.9",",,0,24,","32.2",",0,20,+","0.0","0","0.0",",0","11.0",",,,0","70.4",",X","","","","","","","0",",,,0","27.12",",0","30.88",",,,0","23.36",",,,0","17430",",X","","","","","","","","","90",",X","","","","","","","","","13.0",",X"
"USW00022521","1966-08","21.32402","-157.93946","1.9","HONOLULU INTERNATIONAL AIRPORT, HI US","","","","","","","","","","","1612.7","0","292.6",",0","6",",0","2",",0","0",",0","0",",0","0",",0","0",",0","0",",0","0",",0","31",",0","16",",0","","","","","19660801",",,0","19660831","+,,0","19660831","+,,0","","","19660824",",,0","19660830","+,,0","21.1",",0,01,","0",",,0,31,+","0",",,0,31,+","11.7",",,0,24,","32.8",",0,30,+","0.0","0","0.0",",0","20.9",",,,0","75.5",",X","","","","","","","0",",,,0","27.77",",0","31.79",",,,0","23.75",",,,0","18084",",X","","","","","","","45",",X","360",",X","","","","","","","16.4",",X","11.6",",X"
"USW00022521","1966-09","21.32402","-157.93946","1.9","HONOLULU INTERNATIONAL AIRPORT, HI US","","","","","","","","","","","1903.2","0","290.5",",0","6",",0","0",",0","0",",0","0",",0","0",",0","0",",0","0",",0","0",",0","30",",0","23",",0","","","","","19660902",",,0","19660930","+,,0","19660930","+,,0","","","19660927",",,0","19660925","+,,0","21.7",",0,02,","0",",,0,30,+","0",",,0,30,+","1.5",",,0,27,","33.9",",0,25,+","0.0","0","0.0",",0","4.2",",,,0","73.4",",X","","","","","","","0",",,,0","28.02",",0","32.30",",,,0","23.74",",,,0","16218",",X","","","","","","","45",",X","360",",X","","","","","","","15.9",",X","13.0",",X"
"USW00022521","1966-10","21.32402","-157.93946","1.9","HONOLULU INTERNATIONAL AIRPORT, HI US","","","","","","","","","","","2176.4","0","273.2",",0","12",",0","5",",0","1",",0","0",",0","0",",0","0",",0","0",",0","0",",0","31",",0","10",",0","","","","","19661008",",,0","19661031","+,,0","19661031","+,,0","1","","19661011",",,0","19661005",",,0","18.9",",0,08,","0",",,0,31,+","0",",,0,31,+","28.7",",,0,11,","33.3",",0,05,","0.0","0","0.0",",0","75.2",",,,0","49.8",",X","","","","","","","0",",,,0","27.15",",0","31.29",",,,0","23.00",",,,0","10824",",X","","","","","","","45",",X","45",",X","","","","","","","18.0",",X","12.1",",X"
"USW00022521","1966-11","21.32402","-157.93946","1.9","HONOLULU INTERNATIONAL AIRPORT, HI US","","","","","","","","","","","2379.7","0","203.3",",0","10",",0","8",",0","4",",0","0",",0","0",",0","0",",0","0",",0","0",",0","30",",0","0",",0","","","","","19661128",",,0","19661130","+,,0","19661130","+,,0","3","","19661105",",,0","19661102",",,0","18.9",",0,28,","0",",,0,30,+","0",",,0,30,+","92.7",",,0,05,","30.6",",0,02,","0.0","0","0.0",",0","239.7",",,,0","50.2",",X","","","","","","","0",",,,0","25.11",",0","28.81",",,,0","21.41",",,,0","10056",",X","","","","","","","135",",X","45",",X","","","","","","","18.0",",X","13.0",",X"
"USW00022521","1966-12","21.32402","-157.93946","1.9","HONOLULU INTERNATIONAL AIRPORT, HI US","","","","","","","","","","","2545.3","0","165.6",",0","13",",0","8",",0","0",",0","0",",0","0",",0","0",",0","0",",0","0",",0","31",",0","0",",0","","","","","19661210","+,,0","19661231","+,,0","19661231","+,,0","1","","19661227",",,0","19661202",",,0","16.7",",0,10,+","0",",,0,31,+","0",",,0,31,+","20.8",",,0,27,","29.4",",0,02,","0.0","0","0.0",",0","75.8",",,,0","49.0",",X","","","","","","","0",",,,0","23.68",",0","27.24",",,,0","20.12",",,,0","9912",",X","","","","","","","45",",X","45",",X","","","","","","","19.0",",X","15.6",",X"
"USW00022521","1967-01","21.32402","-157.93946","1.9","HONOLULU INTERNATIONAL AIRPORT, HI US","","","","","","","","","","","128.5","0","128.5",",0","10",",0","3",",0","0",",0","0",",0","0",",0","0",",0","0",",0","0",",0","31",",0","0",",0","","","","","19670107",",,0","19670131","+,,0","19670131","+,,0","","","19670112",",,0","19670129","+,,0","15.0",",0,07,","0",",,0,31,+","0",",,0,31,+","7.9",",,0,12,","28.9",",0,29,+","0.0","0","0.0",",0","20.3",",,,0","50.1",",X","","","","","","","0",",,,0","22.48",",0","26.52",",,,0","18.44",",,,0","10302",",X","","","","","","","45",",X","45",",X","","","","","","","19.0",",X","15.2",",X"
"USW00022521","1967-02","21.32402","-157.93946","1.9","HONOLULU INTERNATIONAL AIRPORT, HI US","","","","","","","","","","","266.7","0","138.2",",0","11",",0","6",",0","1",",0","0",",0","0",",0","0",",0","0",",0","0",",0","28",",0","0",",0","","","","","19670226",",,0","19670228","+,,0","19670228","+,,0","1","","19670212",",,0","19670209","+,,0","16.7",",0,26,","0",",,0,28,+","0",",,0,28,+","25.4",",,0,12,","28.9",",0,09,+","0.0","0","0.0",",0","64.3",",,,0","40.2",",X","","","","","","","0",",,,0","23.27",",0","27.32",",,,0","19.22",",,,0","7722",",X","","","","","","","45",",X","45",",X","","","","","","","19.0",",X","14.8",",X"
"USW00022521","1967-03","21.32402","-157.93946","1.9","HONOLULU INTERNATIONAL AIRPORT, HI US","","","","","","","","","","","417.1","0","150.4",",0","16",",0","5",",0","4",",0","0",",0","0",",0","0",",0","0",",0","0",",0","31",",0","0",",0","","","","","19670316","+,,0","19670331","+,,0","19670331","+,,0","","","19670322",",,0","19670331","+,,0","16.1",",0,16,+","0",",,0,31,+","0",",,0,31,+","64.3",",,0,22,","28.3",",0,31,+","0.0","0","0.0",",0","172.5",",,,0","39.5",",X","","","","","","","0",",,,0","23.18",",0","26.74",",,,0","19.63",",,,0","8856",",X","","","","","","","45",",X","45",",X","","","","","","","16.4",",X","12.1",",X"
"USW00022521","1967-04","21.32402","-157.93946","1.9","HONOLULU INTERNATIONAL AIRPORT, HI US","","","","","","","","","","","578.5","0","161.4",",0","7",",0","4",",0","0",",0","0",",0","0",",0","0",",0","0",",0","0",",0","30",",0","0",",0","","","","","19670410",",,0","19670430","+,,0","19670430","+,,0","1","","19670411",",,0","19670424","+,,0","16.7",",0,10,","0",",,0,30,+","0",",,0,30,+","15.5",",,0,11,","31.1",",0,24,+","0.0","0","0.0",",0","32.9",",,,0","64.4",",X","","","","","","","0",",,,0","23.71",",0","28.05",",,,0","19.38",",,,0","14682",",X","","","","","","","90",",X","45",",X","","","","","","","18.5",",X","13.4",",X"
"USW00022521","1967-05","21.32402","-157.93946","1.9","HONOLULU INTERNATIONAL AIRPORT, HI US","","","","","","","","","","","805.3","0","226.8",",0","9",",0","3",",0","1",",0","0",",0","0",",0","0",",0","0",",0","0",",0","31",",0","0",",0","","","","","19670531","+,,0","19670531","+,,0","19670531","+,,0","3","","19670518",",,0","19670521",",,0","20.0",",0,31,+","0",",,0,31,+","0",",,0,31,+","27.2",",,0,18,","31.1",",0,21,","0.0","0","0.0",",0","53.9",",,,0","63.3",",X","","","","","","","0",",,,0","25.65",",0","29.45",",,,0","21.85",",,,0","15354",",X","","","","","","","45",",X","45",",X","","","","","","","13.9",",X","10.7",",X"
"USW00022521","1967-06","21.32402","-157.93946","1.9","HONOLULU INTERNATIONAL AIRPORT, HI US","","","","","","","","","","","1050.2","0","244.9",",0","6",",0","2",",0","1",",0","0",",0","0",",0","0",",0","0",",0","0",",0","30",",0","3",",0","","","","","19670613","+,,0","19670630","+,,0","19670630","+,,0","","","19670630",",,0","19670622","+,,0","20.0",",0,13,+","0",",,0,30,+","0",",,0,30,+","50.8",",,0,30,","32.8",",0,22,+","0.0","0","0.0",",0","61.8",",,,0","71.7",",X","","","","","","","0",",,,0","26.50",",0","30.63",",,,0","22.36",",,,0","17346",",X","","","","","","","45",",X","45",",X","","","","","","","16.4",",X","12.5",",X"
"USW00022521","1967-07","21.32402","-157.93946","1.9","HONOLULU INTERNATIONAL AIRPORT, HI US","","","","","","","","","","","1333.2","0","283.0",",0","10",",0","3",",0","0",",0","0",",0","0",",0","0",",0","0",",0","0",",0","31",",0","2",",0","","","","","19670719","+,,0","19670731","+,,0","19670731","+,,0","","","19670701",",,0","19670731","+,,0","22.2",",0,19,+","0",",,0,31,+","0",",,0,31,+","17.3",",,0,01,","32.2",",0,31,+","0.0","0","0.0",",0","31.1",",,,0","69.8",",X","","","","","","","0",",,,0","27.46",",0","30.95",",,,0","23.97",",,,0","17262",",X","","","","","","","90",",X","45",",X","","","","","","","17.0",",X","12.1",",X"
"USW00022521","1967-08","21.32402","-157.93946","1.9","HONOLULU INTERNATIONAL AIRPORT, HI US","","","","","","","","","","","1626.3","0","293.1",",0","10",",0","2",",0","2",",0","0",",0","0",",0","0",",0","0",",0","0",",0","31",",0","12",",0","","","","","19670829","+,,0","19670831","+,,0","19670831","+,,0","1","","19670809",",,0","19670829","+,,0","21.7",",0,29,+","0",",,0,31,+","0",",,0,31,+","30.0",",,0,09,","32.8",",0,29,+","0.0","0","0.0",",0","64.4",",,,0","64.1",",X","","","","","","","0",",,,0","27.79",",0","31.55",",,,0","24.02",",,,0","15366",",X","","","","","","","45",",X","45",",X","","","","","","","17.0",",X","11.6",",X"
"USW00022521","1967-09","21.32402","-157.93946","1.9","HONOLULU INTERNATIONAL AIRPORT, HI US","","","","","","","","","","","1915.0","0","288.7",",0","11",",0","0",",0","0",",0","0",",0","0",",0","0",",0","0",",0","0",",0","30",",0","23",",0","","","","","19670927",",,0","19670930","+,,0","19670930","+,,0","1","","19670914","+,,0","19670917","+,,0","20.6",",0,27,","0",",,0,30,+","0",",,0,30,+","2.3",",,0,14,+","33.3",",0,17,+","0.0","0","0.0",",0","10.9",",,,0","65.0",",X","","","","","","","0",",,,0","27.96",",0","32.31",",,,0","23.60",",,,0","14238",",X","","","","","","","45",",X","45",",X","","","","","","","15.9",",X","12.1",",X"
"USW00022521","1967-10","21.32402","-157.93946","1.9","HONOLULU INTERNATIONAL AIRPORT, HI US","","","","","","","","","","","2183.7","0","268.7",",0","14",",0","4",",0","0",",0","0",",0","0",",0","0",",0","0",",0","0",",0","31",",0","9",",0","","","","","19671009",",,0","19671031","+,,0","19671031","+,,0","1","","19671023",",,0","19671003",",,0","20.6",",0,09,","0",",,0,31,+","0",",,0,31,+","13.5",",,0,23,","33.3",",0,03,","0.0","0","0.0",",0","39.1",",,,0","63.3",",X","","","","","","","0",",,,0","27.00",",0","31.17",",,,0","22.83",",,,0","13758",",X","","","","","","","90",",X","90",",X","","","","","","","17.0",",X","14.3",",X"
"USW00022521","1967-11","21.32402","-157.93946","1.9","HONOLULU INTERNATIONAL AIRPORT, HI US","","","","","","","","","","","2393.9","0","210.2",",0","17",",0","5",",0","1",",0","0",",0","0",",0","0",",0","0",",0","0",",0","30",",0","0",",0","","","","","19671114",",,0","19671130","+,,0","19671130","+,,0","2","","19671124",",,0","19671109",",,0","18.3",",0,14,","0",",,0,30,+","0",",,0,30,+","27.9",",,0,24,","30.6",",0,09,","0.0","0","0.0",",0","70.6",",,,0","44.0",",X","","","","","","","0",",,,0","25.34",",0","28.95",",,,0","21.73",",,,0","8850",",X","","","","","","","45",",X","45",",X","","","","","","","17.0",",X","13.9",",X"
"USW00022521","1967-12","21.32402","-157.93946","1.9","HONOLULU INTERNATIONAL AIRPORT, HI US","","","","","","","","","","","2549.0","0","155.1",",0","17",",0","9",",0","2",",0","0",",0","0",",0","0",",0","0",",0","0",",0","31",",0","0",",0","","","","","19671228",",,0","19671231","+,,0","19671231","+,,0","4","","19671218",",,0","19671206",",,0","15.0",",0,28,","0",",,0,31,+","0",",,0,31,+","95.8",",,0,18,","29.4",",0,06,","0.0","0","0.0",",0","252.6",",,,0","52.0",",X","","","","","","","0",",,,0","23.34",",0","26.69",",,,0","19.98",",,,0","10518",",X","","","","","","","360",",X","135",",X","","","","","","","17.0",",X","13.9",",X"
"USW00022521","1968-01","21.32402","-157.93946","1.9","HONOLULU INTERNATIONAL AIRPORT, HI US","","","","","","","","","","","138.0","0","138.0",",0","12",",0","8",",0","2",",0","0",",0","0",",0","0",",0","0",",0","0",",0","31",",0","0",",0","","","","","19680110","+,,0","19680131","+,,0","19680131","+,,0","4","","19680116",",,0","19680122","+,,0","15.0",",0,10,+","0",",,0,31,+","0",",,0,31,+","81.5",",,0,16,","28.3",",0,22,+","0.0","0","0.0",",0","207.5",",,,0","62.5",",X","","","","","","","0",",,,0","22.78",",0","26.66",",,,0","18.91",",,,0","13218",",X","","","","","","","360",",X","360",",X","","","","","","","20.0",",X","19.2",",X"
"USW00022521","1968-02","21.32402","-157.93946","1.9","HONOLULU INTERNATIONAL AIRPORT, HI US","","","","","","","","","","","272.2","0","134.2",",0","8",",0","6",",0","0",",0","0",",0","0",",0","0",",0","0",",0","0",",0","29",",0","0",",0","","","","","19680226","+,,0","19680229","+,,0","19680229","+,,0","1","","19680203",",,0","19680225",",,0","16.7",",0,26,+","0",",,0,29,+","0",",,0,29,+","18.8",",,0,03,","28.3",",0,25,","0.0","0","0.0",",0","74.0",",,,0","74.7",",X","","","","","","","0",",,,0","22.96",",0","26.98",",,,0","18.94",",,,0","14934",",X","","","","","","","225",",X","225",",X","","","","","","","18.0",",X","14.3",",X"
"USW00022521","1968-03","21.32402","-157.93946","1.9","HONOLULU INTERNATIONAL AIRPORT, HI US","","","","","","","","","","","440.6","0","168.4",",X","11",",X","6",",X","0",",X","0",",X","0",",X","0",",X","0",",X","0",",X","31",",X","0",",X","","","","","19680307",",,X","19680331","+,,X","19680331","+,,X","","","19680315",",,X","19680305",",,X","18.3",",X,07,","0",",,X,31,+","0",",,X,31,+","22.1",",,X,15,","30.0",",X,05,","0.0","0","0.0",",X","63.4",",,,X","50.3",",X","","","","","","","0",",,,X","23.77",",X","27.19",",,,X","20.35",",,,X","11208",",X","","","","","","","45",",X","45",",X","","","","","","","19.0",",X","14.3",",X"
"USW00022521","1968-04","21.32402","-157.93946","1.9","HONOLULU INTERNATIONAL AIRPORT, HI US","","","","","","","","","","","635.8","0","195.2",",0","14",",0","5",",0","1",",0","0",",0","0",",0","0",",0","0",",0","0",",0","30",",0","0",",0","","","","","19680409",",,0","19680430","+,,0","19680430","+,,0","4","","19680416",",,0","19680407",",,0","17.8",",0,09,","0",",,0,30,+","0",",,0,30,+","52.6",",,0,16,","30.6",",0,07,","0.0","0","0.0",",0","80.1",",,,0","40.2",",X","","","","","","","0",",,,0","24.84",",0","28.67",",,,0","21.00",",,,0","9120",",X","","","","","","","360",",X","315",",X","","","","","","","19.5",",X","15.2",",X"
"USW00022521","1968-05","21.32402","-157.93946","1.9","HONOLULU INTERNATIONAL AIRPORT, HI US","","","","","","","","","","","866.6","0","230.8",",0","5",",0","2",",0","1",",0","0",",0","0",",0","0",",0","0",",0","0",",0","31",",0","3",",0","","","","","19680507","+,,0","19680531","+,,0","19680531","+,,0","","","19680510",",,0","19680522",",,0","18.9",",0,07,+","0",",,0,31,+","0",",,0,31,+","26.9",",,0,10,","32.8",",0,22,","0.0","0","0.0",",0","31.0",",,,0","57.8",",X","","","","","","","0",",,,0","25.78",",0","29.72",",,,0","21.84",",,,0","14178",",X","","","","","","","90",",X","45",",X","","","","","","","14.9",",X","12.1",",X"
"USW00022521","1968-06","21.32402","-157.93946","1.9","HONOLULU INTERNATIONAL AIRPORT, HI US","","","","","","","","","","","1123.3","0","256.7",",0","8",",0","1",",0","0",",0","0",",0","0",",0","0",",0","0",",0","0",",0","30",",0","0",",0","","","","","19680602","+,,0","19680630","+,,0","19680630","+,,0","","","19680613",",,0","19680629","+,,0","20.0",",0,02,+","0",",,0,30,+","0",",,0,30,+","4.3",",,0,13,","31.7",",0,29,+","0.0","0","0.0",",0","6.4",",,,0","67.6",",X","","","","","","","0",",,,0","26.89",",0","30.85",",,,0","22.93",",,,0","16332",",X","","","","","","","360",",X","360",",X","","","","","","","15.9",",X","11.6",",X"
"USW00022521","1968-07","21.32402","-157.93946","1.9","HONOLULU INTERNATIONAL AIRPORT, HI US","","","","","","","","","","","1406.5","0","283.2",",0","6",",0","1",",0","0",",0","0",",0","0",",0","0",",0","0",",0","0",",0","31",",0","12",",0","","","","","19680704",",,0","19680731","+,,0","19680731","+,,0","1","","19680717",",,0","19680705",",,0","21.1",",0,04,","0",",,0,31,+","0",",,0,31,+","2.8",",,0,17,","33.3",",0,05,","0.0","0","0.0",",0","7.5",",,,0","70.7",",X","","","","","","","0",",,,0","27.47",",0","31.67",",,,0","23.27",",,,0","17454",",X","","","","","","","45",",X","45",",X","","","","","","","15.9",",X","13.4",",X"
"USW00022521","1968-08","21.32402","-157.93946","1.9","HONOLULU INTERNATIONAL AIRPORT, HI US","","","","","","","","","","","1713.7","0","307.2",",0","3",",0","0",",0","0",",0","0",",0","0",",0","0",",0","0",",0","0",",0","31",",0","25",",0","","","","","19680816",",,0","19680831","+,,0","19680831","+,,0","","","19680831",",,0","19680820","+,,0","20.6",",0,16,","0",",,0,31,+","0",",,0,31,+","1.8",",,0,31,","33.3",",0,20,+","0.0","0","0.0",",0","2.6",",,,0","73.7",",X","","","","","","","0",",,,0","28.24",",0","32.40",",,,0","24.08",",,,0","17646",",X","","","","","","","45",",X","45",",X","","","","","","","14.9",",X","12.5",",X"
"USW00022521","1968-09","21.32402","-157.93946","1.9","HONOLULU INTERNATIONAL AIRPORT, HI US","","","","","","","","","","","1995.8","0","282.1",",0","11",",0","3",",0","0",",0","0",",0","0",",0","0",",0","0",",0","0",",0","30",",0","19",",0","","","","","19680930",",,0","19680930","+,,0","19680930","+,,0","1","","19680920",",,0","19680904",",,0","21.1",",0,30,","0",",,0,30,+","0",",,0,30,+","17.5",",,0,20,","33.3",",0,04,","0.0","0","0.0",",0","33.2",",,,0","77.8",",X","","","","","","","0",",,,0","27.74",",0","32.01",",,,0","23.47",",,,0","17178",",X","","","","","","","45",",X","45",",X","","","","","","","14.4",",X","11.2",",X"
"USW00022521","1968-10","21.32402","-157.93946","1.9","HONOLULU INTERNATIONAL AIRPORT, HI US","","","","","","","","","","","2264.3","0","268.5",",0","15",",0","5",",0","1",",0","0",",0","0",",0","0",",0","0",",0","0",",0","31",",0","10",",0","","","","","19681025",",,0","19681031","+,,0","19681031","+,,0","5","","19681001",",,0","19681014",",,0","18.9",",0,25,","0",",,0,31,+","0",",,0,31,+","26.9",",,0,01,","33.3",",0,14,","0.0","0","0.0",",0","54.2",",,,0","64.3",",X","","","","","","","0",",,,0","27.00",",0","31.20",",,,0","22.79",",,,0","13944",",X","","","","","","","45",",X","45",",X","","","","","","","15.9",",X","11.6",",X"
"USW00022521","1968-11","21.32402","-157.93946","1.9","HONOLULU INTERNATIONAL AIRPORT, HI US","","","","","","","","","","","2489.6","0","225.3","1,0","6",",0","5",",0","3",",0","0",",0","0",",0","0",",0","0",",0","0","1,0","29","1,0","3","1,0","","","","","19681128","+,,0","19681130","+,,0","19681130","+,,0","","","19681129",",,0","19681108","+,1,0","19.4",",0,28,+","0",",,0,30,+","0",",,0,30,+","41.7",",,0,29,","32.2","1,0,08,+","0.0","0","0.0","1,0","143.4",",,,0","62.7",",X","","","","","","","0",",,,0","26.08","1,0","30.40","1,,,0","21.77",",,,0","12594",",X","","","","","","","360",",X","45",",X","","","","","","","21.1",",X","16.1",",X"
"USW00022521","1968-12","21.32402","-157.93946","1.9","HONOLULU INTERNATIONAL AIRPORT, HI US","","","","","","","","","","","2622.7","0","133.1",",0","15",",0","11",",0","3",",0","0",",0","0",",0","0",",0","0",",0","0",",0","31",",0","0",",0","","","","","19681230","+,,0","19681231","+,,0","19681231","+,,0","2","","19681225",",,0","19681207",",,0","15.0",",0,30,+","0",",,0,31,+","0",",,0,31,+","55.9",",,0,25,","28.9",",0,07,","0.0","0","0.0",",0","244.8",",,,0","53.5",",X","","","","","","","0",",,,0","22.63",",0","26.51",",,,0","18.75",",,,0","10806",",X","","","","","","","45",",X","45",",X","","","","","","","21.6",",X","15.6",",X"
"USW00022521","1969-01","21.32402","-157.93946","1.9","HONOLULU INTERNATIONAL AIRPORT, HI US","","","","","","","","","","","71.1","0","71.1",",0","11",",0","7",",0","3",",0","0",",0","0",",0","0",",0","0",",0","0",",0","31",",0","0",",0","","","","","19690120",",,0","19690131","+,,0","19690131","+,,0","1","","19690103",",,0","19690131",",,0","11.1",",0,20,","0",",,0,31,+","0",",,0,31,+","99.3",",,0,03,","27.8",",0,31,","1.7","0","1.7",",0","208.5",",,,0","60.6",",X","","","","","","","0",",,,0","20.57",",0","24.93",",,,0","16.21",",,,0","12462",",X","","","","","","","45",",X","45",",X","","","","","","","17.0",",X","12.5",",X"
"USW00022521","1969-02","21.32402","-157.93946","1.9","HONOLULU INTERNATIONAL AIRPORT, HI US","","","","","","","","","","","208.3","0","137.2",",0","10",",0","1",",0","0",",0","0",",0","0",",0","0",",0","0",",0","0",",0","28",",0","0",",0","","","","","19690226","+,,0","19690228","+,,0","19690228","+,,0","","","19690201",",,0","19690210",",,0","18.3",",0,26,+","0",",,0,28,+","0",",,0,28,+","3.3",",,0,01,","29.4",",0,10,","1.7","0","0.0",",0","12.2",",,,0","54.6",",X","","","","","","","0",",,,0","23.23",",0","26.59",",,,0","19.88",",,,0","10542",",X","","","","","","","45",",X","45",",X","","","","","","","23.1",",X","17.9",",X"
"USW00022521","1969-03","21.32402","-157.93946","1.9","HONOLULU INTERNATIONAL AIRPORT, HI US","","","","","","","","","","","355.6","0","147.3",",0","8",",0","2",",0","1",",0","0",",0","0",",0","0",",0","0",",0","0",",0","31",",0","0",",0","","","","","19690328",",,0","19690331","+,,0","19690331","+,,0","","","19690316",",,0","19690305",",,0","16.1",",0,28,","0",",,0,31,+","0",",,0,31,+","61.2",",,0,16,","28.9",",0,05,","1.7","0","0.0",",0","76.3",",,,0","83.0",",X","","","","","","","0",",,,0","23.09",",0","27.17",",,,0","19.00",",,,0","18570",",X","","","","","","","90",",X","45",",X","","","","","","","17.5",",X","12.5",",X"
"USW00022521","1969-04","21.32402","-157.93946","1.9","HONOLULU INTERNATIONAL AIRPORT, HI US","","","","","","","","","","","516.7","0","161.1",",0","4",",0","0",",0","0",",0","0",",0","0",",0","0",",0","0",",0","0",",0","30",",0","0",",0","","","","","19690405",",,0","19690430","+,,0","19690430","+,,0","","","19690420",",,0","19690427",",,0","17.2",",0,05,","0",",,0,30,+","0",",,0,30,+","1.5",",,0,20,","30.0",",0,27,","1.7","0","0.0",",0","2.6",",,,0","69.3",",X","","","","","","","0",",,,0","23.70",",0","27.63",",,,0","19.78",",,,0","15780",",X","","","","","","","90",",X","90",",X","","","","","","","20.6",",X","13.4",",X"
"USW00022521","1969-05","21.32402","-157.93946","1.9","HONOLULU INTERNATIONAL AIRPORT, HI US","","","","","","","","","","","718.1","0","201.4",",0","5",",0","2",",0","0",",0","0",",0","0",",0","0",",0","0",",0","0",",0","31",",0","0",",0","","","","","19690508",",,0","19690531","+,,0","19690531","+,,0","","","19690509",",,0","19690527","+,,0","17.8",",0,08,","0",",,0,31,+","0",",,0,31,+","14.5",",,0,09,","31.1",",0,27,+","1.7","0","0.0",",0","20.7",",,,0","72.6",",X","","","","","","","0",",,,0","24.83",",0","29.13",",,,0","20.54",",,,0","17790",",X","","","","","","","45",",X","45",",X","","","","","","","18.0",",X","12.1",",X"
"USW00022521","1969-06","21.32402","-157.93946","1.9","HONOLULU INTERNATIONAL AIRPORT, HI US","","","","","","","","","","","951.8","0","233.7",",0","6",",0","0",",0","0",",0","0",",0","0",",0","0",",0","0",",0","0",",0","30",",0","1",",0","","","","","19690613","+,,0","19690630","+,,0","19690630","+,,0","","","19690627","+,,0","19690620",",,0","19.4",",0,13,+","0",",,0,30,+","0",",,0,30,+","1.5",",,0,27,+","32.2",",0,20,","1.7","0","0.0",",0","5.9",",,,0","68.0",",X","","","","","","","0",",,,0","26.12",",0","30.38",",,,0","21.86",",,,0","16416",",X","","","","","","","90",",X","90",",X","","","","","","","16.4",",X","11.2",",X"
"USW00022521","1969-07","21.32402","-157.93946","1.9","HONOLULU INTERNATIONAL AIRPORT, HI US","","","","","","","","","","","1224.5","0","272.7",",0","11",",0","2",",0","0",",0","0",",0","0",",0","0",",0","0",",0","0",",0","31",",0","5",",0","","","","","19690709","+,,0","19690731","+,,0","19690731","+,,0","","","19690726",",,0","19690728",",,0","22.2",",0,09,+","0",",,0,31,+","0",",,0,31,+","7.1",",,0,26,","33.3",",0,28,","0.0","0","0.0",",0","16.2",",,,0","70.2",",X","","","","","","","0",",,,0","27.13",",0","30.76",",,,0","23.50",",,,0","17358",",X","","","","","","","90",",X","45",",X","","","","","","","17.5",",X","13.4",",X"
"USW00022521","1969-08","21.32402","-157.93946","1.9","HONOLULU INTERNATIONAL AIRPORT, HI US","","","","","","","","","","","1538.1","0","313.6",",0","6",",0","0",",0","0",",0","0",",0","0",",0","0",",0","0",",0","0",",0","31",",0","28",",0","","","","","19690829","+,,0","19690831","+,,0","19690831","+,,0","","","19690826",",,0","19690827","+,,0","22.8",",0,29,+","0",",,0,31,+","0",",,0,31,+","1.3",",,0,26,","33.3",",0,27,+","0.0","0","0.0",",0","3.0",",,,0","76.2",",X","","","","","","","0",",,,0","28.45",",0","32.45",",,,0","24.45",",,,0","18234",",X","","","","","","","45",",X","90",",X","","","","","","","16.4",",X","13.4",",X"
"USW00022521","1969-09","21.32402","-157.93946","1.9","HONOLULU INTERNATIONAL AIRPORT, HI US","","","","","","","","","","","1820.7","0","282.6",",0","11",",0","1",",0","0",",0","0",",0","0",",0","0",",0","0",",0","0",",0","30",",0","11",",0","","","","","19690923",",,0","19690930","+,,0","19690930","+,,0","","","19690921",",,0","19690915","+,,0","22.2",",0,23,","0",",,0,30,+","0",",,0,30,+","14.5",",,0,21,","32.8",",0,15,+","0.0","0","0.0",",0","22.3",",,,0","66.9",",X","","","","","","","0",",,,0","27.75",",0","31.59",",,,0","23.92",",,,0","14784",",X","","","","","","","45",",X","45",",X","","","","","","","15.4",",X","13.0",",X"
"USW00022521","1969-10","21.32402","-157.93946","1.9","HONOLULU INTERNATIONAL AIRPORT, HI US","","","","","","","","","","","2087.6","0","266.9",",0","5",",0","2",",0","0",",0","0",",0","0",",0","0",",0","0",",0","0",",0","31",",0","6",",0","","","","","19691006","+,,0","19691031","+,,0","19691031","+,,0","","","19691021",",,0","19691028","+,,0","20.6",",0,06,+","0",",,0,31,+","0",",,0,31,+","17.3",",,0,21,","32.2",",0,28,+","0.0","0","0.0",",0","24.5",",,,0","64.8",",X","","","","","","","0",",,,0","26.94",",0","31.15",",,,0","22.74",",,,0","14028",",X","","","","","","","45",",X","45",",X","","","","","","","14.4",",X","10.3",",X"
"USW00022521","1969-11","21.32402","-157.93946","1.9","HONOLULU INTERNATIONAL AIRPORT, HI US","","","","","","","","","","","2316.5","0","228.9",",0","9",",0","4",",0","3",",0","0",",0","0",",0","0",",0","0",",0","0",",0","30",",0","1",",0","","","","","19691128","+,,0","19691130","+,,0","19691130","+,,0","2","","19691114",",,0","19691103",",,0","18.9",",0,28,+","0",",,0,30,+","0",",,0,30,+","61.7",",,0,14,","32.2",",0,03,","0.0","0","0.0",",0","146.7",",,,0","59.5",",X","","","","","","","0",",,,0","25.96",",0","30.01",",,,0","21.91",",,,0","11910",",X","","","","","","","45",",X","45",",X","","","","","","","19.0",",X","13.4",",X"
"USW00022521","1969-12","21.32402","-157.93946","1.9","HONOLULU INTERNATIONAL AIRPORT, HI US","","","","","","","","","","","2513.9","0","197.4",",0","10",",0","6",",0","0",",0","0",",0","0",",0","0",",0","0",",0","0",",0","31",",0","0",",0","","","","","19691222",",,0","19691231","+,,0","19691231","+,,0","","","19691229","+,,0","19691207","+,,0","16.7",",0,22,","0",",,0,31,+","0",",,0,31,+","7.4",",,0,29,+","30.6",",0,07,+","0.0","0","0.0",",0","34.0",",,,0","59.8",",X","","","","","","","0",",,,0","24.70",",0","28.81",",,,0","20.60",",,,0","12078",",X","","","","","","","45",",X","45",",X","","","","","","","20.0",",X","15.6",",X"
"USW00022521","1970-01","21.32402","-157.93946","1.9","HONOLULU INTERNATIONAL AIRPORT, HI US","","","","","","","","","","","158.4","0","158.4",",0","9",",0","4",",0","0",",0","0",",0","0",",0","0",",0","0",",0","0",",0","31",",0","0",",0","","","","","19700110",",,0","19700131","+,,0","19700131","+,,0","1","","19700106",",,0","19700131","+,,0","14.4",",0,10,","0",",,0,31,+","0",",,0,31,+","16.0",",,0,06,","29.4",",0,31,+","0.0","0","0.0",",0","46.0",",,,0","55.0",",X","","","","","","","0",",,,0","23.44",",0","27.26",",,,0","19.63",",,,0","11268",",X","","","","","","","225",",X","225",",X","","","","","","","20.0",",X","15.2",",X"
"USW00022521","1970-02","21.32402","-157.93946","1.9","HONOLULU INTERNATIONAL AIRPORT, HI US","","","","","","","","","","","286.5","0","128.1",",0","4",",0","3",",0","0",",0","0",",0","0",",0","0",",0","0",",0","0",",0","28",",0","0",",0","","","","","19700227","+,,0","19700228","+,,0","19700228","+,,0","","","19700214",",,0","19700201",",,0","16.7",",0,27,+","0",",,0,28,+","0",",,0,28,+","8.6",",,0,14,","30.0",",0,01,","0.0","0","0.0",",0","19.5",",,,0","72.0",",X","","","","","","","0",",,,0","22.91",",0","27.15",",,,0","18.67",",,,0","13848",",X","","","","","","","45",",X","45",",X","","","","","","","19.5",",X","14.8",",X"
"USW00022521","1970-03","21.32402","-157.93946","1.9","HONOLULU INTERNATIONAL AIRPORT, HI US","","","","","","","","","","","491.3","0","204.8",",0","3",",0","0",",0","0",",0","0",",0","0",",0","0",",0","0",",0","0",",0","31",",0","0",",0","","","","","19700311","+,,0","19700331","+,,0","19700331","+,,0","","","19700318",",,0","19700328","+,,0","18.3",",0,11,+","0",",,0,31,+","0",",,0,31,+","1.3",",,0,18,","30.0",",0,28,+","0.0","0","0.0",",0","1.9",",,,0","77.9",",X","","","","","","","0",",,,0","24.94",",0","28.91",",,,0","20.97",",,,0","17478",",X","","","","","","","45",",X","45",",X","","","","","","","17.5",",X","13.0",",X"
"USW00022521","1970-04","21.32402","-157.93946","1.9","HONOLULU INTERNATIONAL AIRPORT, HI US","","","","","","","","","","","713.3","0","222.0",",0","14",",0","1",",0","0",",0","0",",0","0",",0","0",",0","0",",0","0",",0","30",",0","0",",0","","","","","19700408",",,0","19700430","+,,0","19700430","+,,0","1","","19700410",",,0","19700430","+,,0","20.6",",0,08,","0",",,0,30,+","0",",,0,30,+","6.9",",,0,10,","30.0",",0,30,+","0.0","0","0.0",",0","19.1",",,,0","74.7",",X","","","","","","","0",",,,0","25.73",",0","29.44",",,,0","22.02",",,,0","17034",",X","","","","","","","45",",X","45",",X","","","","","","","21.1",",X","16.5",",X"
"USW00022521","1970-05","21.32402","-157.93946","1.9","HONOLULU INTERNATIONAL AIRPORT, HI US","","","","","","","","","","","978.6","0","265.3",",0","7",",0","1",",0","0",",0","0",",0","0",",0","0",",0","0",",0","0",",0","31",",0","0",",0","","","","","19700524",",,0","19700531","+,,0","19700531","+,,0","","","19700504",",,0","19700530","+,,0","21.1",",0,24,","0",",,0,31,+","0",",,0,31,+","2.5",",,0,04,","31.7",",0,30,+","0.0","0","0.0",",0","5.5",",,,0","67.9",",X","","","","","","","0",",,,0","26.89",",0","30.47",",,,0","23.31",",,,0","16674",",X","","","","","","","45",",X","45",",X","","","","","","","16.4",",X","12.5",",X"
"USW00022521","1970-06","21.32402","-157.93946","1.9","HONOLULU INTERNATIONAL AIRPORT, HI US","","","","","","","","","","","1246.8","0","268.2",",0","6",",0","1",",0","0",",0","0",",0","0",",0","0",",0","0",",0","0",",0","30",",0","2",",0","","","","","19700628",",,0","19700630","+,,0","19700630","+,,0","","","19700627",",,0","19700614","+,,0","21.1",",0,28,","0",",,0,30,+","0",",,0,30,+","3.0",",,0,27,","32.2",",0,14,+","0.0","0","0.0",",0","5.9",",,,0","65.4",",X","","","","","","","0",",,,0","27.27",",0","31.09",",,,0","23.45",",,,0","15774",",X","","","","","","","45",",X","45",",X","","","","","","","17.0",",X","11.6",",X"
"USW00022521","1970-07","21.32402","-157.93946","1.9","HONOLULU INTERNATIONAL AIRPORT, HI US","","","","","","","","","","","1542.3","0","295.5",",0","15",",0","6",",0","0",",0","0",",0","0",",0","0",",0","0",",0","0",",0","31",",0","12",",0","","","","","19700731","+,,0","19700731","+,,0","19700731","+,,0","","","19700713",",,0","19700731","+,,0","22.2",",0,31,+","0",",,0,31,+","0",",,0,31,+","15.5",",,0,13,","32.2",",0,31,+","0.0","0","0.0",",0","51.3",",,,0","74.1",",X","","","","","","","0",",,,0","27.86",",0","31.76",",,,0","23.97",",,,0","18306",",X","","","","","","","45",",X","45",",X","","","","","","","17.5",",X","13.0",",X"
"USW00022521","1970-08","21.32402","-157.93946","1.9","HONOLULU INTERNATIONAL AIRPORT, HI US","","","","","","","","","","","1865.4","0","323.1",",0","7",",0","0",",0","0",",0","0",",0","0",",0","0",",0","0",",0","0",",0","31",",0","29",",0","","","","","19700802",",,0","19700831","+,,0","19700831","+,,0","","","19700829",",,0","19700828","+,,0","23.3",",0,02,","0",",,0,31,+","0",",,0,31,+","2.0",",,0,29,","33.3",",0,28,+","0.0","0","0.0",",0","5.4",",,,0","74.9",",X","","","","","","","0",",,,0","28.76",",0","32.47",",,,0","25.04",",,,0","17898",",X","","","","","","","45",",X","45",",X","","","","","","","15.9",",X","14.8",",X"
"USW00022521","1970-09","21.32402","-157.93946","1.9","HONOLULU INTERNATIONAL AIRPORT, HI US","","","","","","","","","","","2099.3","0","233.9",",0","6",",0","2",",0","0",",0","0",",0","0",",0","0",",0","0",",0","0",",0","30",",0","0",",0","","","","","19700929",",,0","19700930","+,,0","19700930","+,,0","","","19700908",",,0","19700925","+,,0","20.0",",0,29,","0",",,0,30,+","0",",,0,30,+","3.8",",,0,08,","31.1",",0,25,+","0.0","0","0.0",",0","10.0",",,,0","75.3",",X","","","","","","","0",",,,0","26.13",",0","30.18",",,,0","22.08",",,,0","17070",",X","","","","","","","45",",X","45",",X","","","","","","","17.0",",X","13.0",",X"
"USW00022521","1970-10","21.32402","-157.93946","1.9","HONOLULU INTERNATIONAL AIRPORT, HI US","","","","","","","","","","","2330.5","0","231.2",",0","15",",0","4",",0","0",",0","0",",0","0",",0","0",",0","0",",0","0",",0","31",",0","0",",0","","","","","19701030",",,0","19701031","+,,0","19701031","+,,0","","","19701002",",,0","19701013",",,0","20.0",",0,30,","0",",,0,31,+","0",",,0,31,+","17.5",",,0,02,","31.1",",0,13,","0.0","0","0.0",",0","47.9",",,,0","70.2",",X","","","","","","","0",",,,0","25.79",",0","29.48",",,,0","22.11",",,,0","15174",",X","","","","","","","45",",X","45",",X","","","","","","","15.4",",X","12.1",",X"
"USW00022521","1970-11","21.32402","-157.93946","1.9","HONOLULU INTERNATIONAL AIRPORT, HI US","","","","","","","","","","","2510.6","0","180.1",",0","16",",0","10",",0","2",",0","0",",0","0",",0","0",",0","0",",0","0",",0","30",",0","0",",0","","","","","19701105",",,0","19701130","+,,0","19701130","+,,0","2","","19701105",",,0","19701117","+,,0","17.2",",0,05,","0",",,0,30,+","0",",,0,30,+","38.1",",,0,05,","29.4",",0,17,+","0.0","0","0.0",",0","150.9",",,,0","80.3",",X","","","","","","","0",",,,0","24.34",",0","28.00",",,,0","20.67",",,,0","16110",",X","","","","","","","45",",X","45",",X","","","","","","","15.9",",X","12.5",",X"
"USW00022521","1970-12","21.32402","-157.93946","1.9","HONOLULU INTERNATIONAL AIRPORT, HI US","","","","","","","","","","","2676.9","0","166.3",",0","18",",0","4",",0","0",",0","0",",0","0",",0","0",",0","0",",0","0",",0","31",",0","0",",0","","","","","19701229",",,0","19701231","+,,0","19701231","+,,0","","","19701226",",,0","19701214",",,0","18.3",",0,29,","0",",,0,31,+","0",",,0,31,+","10.4",",,0,26,","30.0",",0,14,","0.0","0","0.0",",0","31.5",",,,0","75.8",",X","","","","","","","0",",,,0","23.70",",0","26.58",",,,0","20.82",",,,0","15354",",X","","","","","","","45",",X","45",",X","","","","","","","22.1",",X","17.9",",X"
"USW00022521","1971-01","21.32402","-157.93946","1.9","HONOLULU INTERNATIONAL AIRPORT, HI US","","","","","","","","","","","114.8","0","114.8",",0","14",",0","11",",0","2",",0","0",",0","0",",0","0",",0","0",",0","0",",0","31",",0","0",",0","","","","","19710107",",,0","19710131","+,,0","19710131","+,,0","2","","19710116",",,0","19710129","+,,0","13.3",",0,07,","0",",,0,31,+","0",",,0,31,+","34.8",",,0,16,","27.8",",0,29,+","0.0","0","0.0",",0","157.2",",,,0","49.6",",X","","","","","","","0",",,,0","22.04",",0","26.04",",,,0","18.03",",,,0","10116",",X","","","","","","","225",",X","225",",X","","","","","","","20.0",",X","14.8",",X"
"USW00022521","1971-02","21.32402","-157.93946","1.9","HONOLULU INTERNATIONAL AIRPORT, HI US","","","","","","","","","","","260.4","0","145.6",",0","6",",0","4",",0","1",",0","0",",0","0",",0","0",",0","0",",0","0",",0","28",",0","0",",0","","","","","19710211","+,,0","19710228","+,,0","19710228","+,,0","1","","19710201",",,0","19710219","+,,0","17.8",",0,11,+","0",",,0,28,+","0",",,0,28,+","41.9",",,0,01,","28.9",",0,19,+","0.0","0","0.0",",0","60.1",",,,0","82.5",",X","","","","","","","0",",,,0","23.53",",0","27.51",",,,0","19.56",",,,0","15882",",X","","","","","","","45",",X","45",",X","","","","","","","21.6",",X","15.2",",X"
"USW00022521","1971-03","21.32402","-157.93946","1.9","HONOLULU INTERNATIONAL AIRPORT, HI US","","","","","","","","","","","413.7","0","153.3",",0","13",",0","6",",0","2",",0","0",",0","0",",0","0",",0","0",",0","0",",0","31",",0","0",",0","","","","","19710319",",,0","19710331","+,,0","19710331","+,,0","","","19710330",",,0","19710331","+,,0","17.8",",0,19,","0",",,0,31,+","0",",,0,31,+","46.5",",,0,30,","27.8",",0,31,+","0.0","0","0.0",",0","141.6",",,,0","65.0",",X","","","","","","","0",",,,0","23.28",",0","26.60",",,,0","19.95",",,,0","14478",",X","","","","","","","90",",X","45",",X","","","","","","","17.5",",X","13.0",",X"
"USW00022521","1971-04","21.32402","-157.93946","1.9","HONOLULU INTERNATIONAL AIRPORT, HI US","","","","","","","","","","","589.7","0","176.0",",0","8",",0","4",",0","0",",0","0",",0","0",",0","0",",0","0",",0","0",",0","30",",0","0",",0","","","","","19710419",",,0","19710430","+,,0","19710430","+,,0","2","","19710419",",,0","19710425",",,0","18.3",",0,19,","0",",,0,30,+","0",",,0,30,+","16.3",",,0,19,","31.1",",0,25,","0.0","0","0.0",",0","55.6",",,,0","61.1",",X","","","","","","","0",",,,0","24.20",",0","27.52",",,,0","20.88",",,,0","13914",",X","","","","","","","45",",X","45",",X","","","","","","","18.5",",X","14.8",",X"
"USW00022521","1971-05","21.32402","-157.93946","1.9","HONOLULU INTERNATIONAL AIRPORT, HI US","","","","","","","","","","","783.1","0","193.4",",0","8",",0","1",",0","0",",0","0",",0","0",",0","0",",0","0",",0","0",",0","31",",0","0",",0","","","","","19710511",",,0","19710531","+,,0","19710531","+,,0","","","19710519",",,0","19710517",",,0","18.3",",0,11,","0",",,0,31,+","0",",,0,31,+","4.6",",,0,19,","30.6",",0,17,","0.0","0","0.0",",0","11.2",",,,0","77.6",",X","","","","","","","0",",,,0","24.57",",0","28.13",",,,0","21.01",",,,0","19026",",X","","","","","","","45",",X","45",",X","","","","","","","17.0",",X","13.0",",X"
"USW00022521","1971-06","21.32402","-157.93946","1.9","HONOLULU INTERNATIONAL AIRPORT, HI US","","","","","","","","","","","987.3","0","204.2",",0","4",",0","2",",0","1",",0","0",",0","0",",0","0",",0","0",",0","0",",0","30",",0","0",",0","","","","","19710616",",,0","19710630","+,,0","19710630","+,,0","","","19710615",",,0","19710629","+,,0","18.3",",0,16,","0",",,0,30,+","0",",,0,30,+","50.8",",,0,15,","30.0",",0,29,+","0.0","0","0.0",",0","62.5",",,,0","75.9",",X","","","","","","","0",",,,0","25.14",",0","28.60",",,,0","21.67",",,,0","18366",",X","","","","","","","45",",X","45",",X","","","","","","","18.5",",X","13.9",",X"
"USW00022521","1971-07","21.32402","-157.93946","1.9","HONOLULU INTERNATIONAL AIRPORT, HI US","","","","","","","","","","","1225.1","0","237.8",",0","2",",0","0",",0","0",",0","0",",0","0",",0","0",",0","0",",0","0",",0","31",",0","0",",0","","","","","19710717","+,,0","19710731","+,,0","19710731","+,,0","","","19710707",",,0","19710726","+,,0","21.1",",0,17,+","0",",,0,31,+","0",",,0,31,+","0.8",",,0,07,","30.6",",0,26,+","0.0","0","0.0",",0","1.1",",,,0","79.4",",X","","","","","","","0",",,,0","26.00",",0","29.42",",,,0","22.59",",,,0","19638",",X","","","","","","","45",",X","45",",X","","","","","","","17.5",",X","12.5",",X"
"USW00022521","1971-08","21.32402","-157.93946","1.9","HONOLULU INTERNATIONAL AIRPORT, HI US","","","","","","","","","","","1475.0","0","249.9",",0","7",",0","0",",0","0",",0","0",",0","0",",0","0",",0","0",",0","0",",0","31",",0","0",",0","","","","","19710827",",,0","19710831","+,,0","19710831","+,,0","","","19710812",",,0","19710828",",,0","20.0",",0,27,","0",",,0,31,+","0",",,0,31,+","2.3",",,0,12,","31.7",",0,28,","0.0","0","0.0",",0","6.8",",,,0","80.0",",X","","","","","","","0",",,,0","26.39",",0","30.30",",,,0","22.49",",,,0","19116",",X","","","","","","","45",",X","45",",X","","","","","","","16.4",",X","13.0",",X"
"USW00022521","1971-09","21.32402","-157.93946","1.9","HONOLULU INTERNATIONAL AIRPORT, HI US","","","","","","","","","","","1710.3","0","235.3",",0","16",",0","3",",0","0",",0","0",",0","0",",0","0",",0","0",",0","0",",0","30",",0","0",",0","","","","","19710914",",,0","19710930","+,,0","19710930","+,,0","","","19710924",",,0","19710907","+,,0","20.0",",0,14,","0",",,0,30,+","0",",,0,30,+","12.4",",,0,24,","31.7",",0,07,+","0.0","0","0.0",",0","26.3",",,,0","73.5",",X","","","","","","","0",",,,0","26.18",",0","30.38",",,,0","21.97",",,,0","16248",",X","","","","","","","45",",X","45",",X","","","","","","","15.4",",X","11.6",",X"
"USW00022521","1971-10","21.32402","-157.93946","1.9","HONOLULU INTERNATIONAL AIRPORT, HI US","","","","","","","","","","","1933.5","0","223.2",",0","12",",0","4",",0","1",",0","0",",0","0",",0","0",",0","0",",0","0",",0","31",",0","0",",0","","","","","19711028",",,0","19711031","+,,0","19711031","+,,0","2","","19711029",",,0","19711006",",,0","17.8",",0,28,","0",",,0,31,+","0",",,0,31,+","28.4",",,0,29,","31.1",",0,06,","0.0","0","0.0",",0","57.9",",,,0","64.0",",X","","","","","","","0",",,,0","25.53",",0","29.55",",,,0","21.51",",,,0","13896",",X","","","","","","","45",",X","45",",X","","","","","","","15.9",",X","12.5",",X"
"USW00022521","1971-11","21.32402","-157.93946","1.9","HONOLULU INTERNATIONAL AIRPORT, HI US","","","","","","","","","","","2111.6","0","178.1",",0","8",",0","2",",0","0",",0","0",",0","0",",0","0",",0","0",",0","0",",0","30",",0","0",",0","","","","","19711130","+,,0","19711130","+,,0","19711130","+,,0","","","19711125",",,0","19711106",",,0","17.8",",0,30,+","0",",,0,30,+","0",",,0,30,+","10.4",",,0,25,","29.4",",0,06,","0.0","0","0.0",",0","24.2",",,,0","65.6",",X","","","","","","","0",",,,0","24.27",",0","27.76",",,,0","20.78",",,,0","13146",",X","","","","","","","45",",X","45",",X","","","","","","","17.5",",X","13.0",",X"
"USW00022521","1971-12","21.32402","-157.93946","1.9","HONOLULU INTERNATIONAL AIRPORT, HI US","","","","","","","","","","","2254.5","0","142.9",",0","12",",0","4",",0","1",",0","0",",0","0",",0","0",",0","0",",0","0",",0","31",",0","0",",0","","","","","19711224",",,0","19711231","+,,0","19711231","+,,0","1","","19711217",",,0","19711209","+,,0","15.6",",0,24,","0",",,0,31,+","0",",,0,31,+","37.3",",,0,17,","28.3",",0,09,+","0.0","0","0.0",",0","73.4",",,,0","65.3",",X","","","","","","","0",",,,0","22.94",",0","26.34",",,,0","19.55",",,,0","13218",",X","","","","","","","45",",X","45",",X","","","","","","","20.0",",X","14.8",",X"
"USW00022521","1972-01","21.32402","-157.93946","1.9","HONOLULU INTERNATIONAL AIRPORT, HI US","","","","","","","","","","","94.5","0","94.5",",0","6",",0","2",",0","1",",0","0",",0","0",",0","0",",0","0",",0","0",",0","31",",0","0",",0","","","","","19720131",",,0","19720131","+,,0","19720131","+,,0","1","","19720123",",,0","19720121","+,,0","11.7",",0,31,","0",",,0,31,+","0",",,0,31,+","120.7",",,0,23,","27.8",",0,21,+","1.4","0","1.4",",0","134.2",",,,0","60.7",",X","","","","","","","0",",,,0","21.34",",0","25.39",",,,0","17.28",",,,0","12432",",X","","","","","","","135",",X","90",",X","","","","","","","17.5",",X","14.3",",X"
"USW00022521","1972-02","21.32402","-157.93946","1.9","HONOLULU INTERNATIONAL AIRPORT, HI US","","","","","","","","","","","185.1","0","90.6",",0","8",",0","7",",0","2",",0","0",",0","0",",0","0",",0","0",",0","0",",0","29",",0","0",",0","","","","","19720202",",,0","19720229","+,,0","19720229","+,,0","2","","19720223",",,0","19720215","+,,0","12.2",",0,02,","0",",,0,29,+","0",",,0,29,+","63.2",",,0,23,","26.7",",0,15,+","1.4","0","0.0",",0","127.0",",,,0","56.3",",X","","","","","","","0",",,,0","21.46",",0","25.15",",,,0","17.76",",,,0","11130",",X","","","","","","","45",",X","45",",X","","","","","","","16.4",",X","12.1",",X"
"USW00022521","1972-03","21.32402","-157.93946","1.9","HONOLULU INTERNATIONAL AIRPORT, HI US","","","","","","","","","","","319.1","0","134.0",",0","8",",0","4",",0","1",",0","0",",0","0",",0","0",",0","0",",0","0",",0","31",",0","0",",0","","","","","19720330","+,,0","19720331","+,,0","19720331","+,,0","","","19720303",",,0","19720320",",,0","15.6",",0,30,+","0",",,0,31,+","0",",,0,31,+","46.5",",,0,03,","29.4",",0,20,","1.4","0","0.0",",0","62.4",",,,0","74.0",",X","","","","","","","0",",,,0","22.66",",0","26.47",",,,0","18.84",",,,0","16602",",X","","","","","","","135",",X","90",",X","","","","","","","15.4",",X","11.6",",X"
"USW00022521","1972-04","21.32402","-157.93946","1.9","HONOLULU INTERNATIONAL AIRPORT, HI US","","","","","","","","","","","485.2","0","166.1",",0","11",",0","5",",0","1",",0","0",",0","0",",0","0",",0","0",",0","0",",0","30",",0","0",",0","","","","","19720401",",,0","19720430","+,,0","19720430","+,,0","4","","19720414",",,0","19720430","+,,0","16.7",",0,01,","0",",,0,30,+","0",",,0,30,+","99.1",",,0,14,","28.9",",0,30,+","1.4","0","0.0",",0","130.9",",,,0","55.8",",X","","","","","","","0",",,,0","23.87",",0","27.30",",,,0","20.44",",,,0","12756",",X","","","","","","","45",",X","45",",X","","","","","","","19.0",",X","14.8",",X"
"USW00022521","1972-05","21.32402","-157.93946","1.9","HONOLULU INTERNATIONAL AIRPORT, HI US","","","","","","","","","","","695.3","0","210.1",",0","5",",0","0",",0","0",",0","0",",0","0",",0","0",",0","0",",0","0",",0","31",",0","0",",0","","","","","19720526",",,0","19720531","+,,0","19720531","+,,0","","","19720517",",,0","19720514",",,0","18.3",",0,26,","0",",,0,31,+","0",",,0,31,+","1.0",",,0,17,","30.6",",0,14,","1.4","0","0.0",",0","3.1",",,,0","74.0",",X","","","","","","","0",",,,0","25.11",",0","29.07",",,,0","21.15",",,,0","18096",",X","","","","","","","45",",X","45",",X","","","","","","","16.4",",X","12.1",",X"
"USW00022521","1972-06","21.32402","-157.93946","1.9","HONOLULU INTERNATIONAL AIRPORT, HI US","","","","","","","","","","","927.4","0","232.1",",0","8",",0","2",",0","0",",0","0",",0","0",",0","0",",0","0",",0","0",",0","30",",0","0",",0","","","","","19720605",",,0","19720630","+,,0","19720630","+,,0","","","19720603",",,0","19720622","+,,0","18.9",",0,05,","0",",,0,30,+","0",",,0,30,+","10.4",",,0,03,","31.1",",0,22,+","1.4","0","0.0",",0","20.2",",,,0","65.6",",X","","","","","","","0",",,,0","26.07",",0","29.85",",,,0","22.29",",,,0","15840",",X","","","","","","","45",",X","45",",X","","","","","","","18.0",",X","13.0",",X"
"USW00022521","1972-07","21.32402","-157.93946","1.9","HONOLULU INTERNATIONAL AIRPORT, HI US","","","","","","","","","","","1192.6","0","265.2",",0","6",",0","0",",0","0",",0","0",",0","0",",0","0",",0","0",",0","0",",0","31",",0","0",",0","","","","","19720731","+,,0","19720731","+,,0","19720731","+,,0","","","19720713",",,0","19720722","+,,0","21.7",",0,31,+","0",",,0,31,+","0",",,0,31,+","1.8",",,0,13,","31.7",",0,22,+","0.0","0","0.0",",0","5.2",",,,0","65.2",",X","","","","","","","0",",,,0","26.89",",0","30.56",",,,0","23.21",",,,0","16122",",X","","","","","","","45",",X","45",",X","","","","","","","16.4",",X","13.4",",X"
"USW00022521","1972-08","21.32402","-157.93946","1.9","HONOLULU INTERNATIONAL AIRPORT, HI US","","","","","","","","","","","1469.9","0","277.3",",0","8",",0","1",",0","0",",0","0",",0","0",",0","0",",0","0",",0","0",",0","31",",0","3",",0","","","","","19720804",",,0","19720831","+,,0","19720831","+,,0","","","19720830",",,0","19720815","+,,0","20.0",",0,04,","0",",,0,31,+","0",",,0,31,+","4.1",",,0,30,","32.2",",0,15,+","0.0","0","0.0",",0","11.7",",,,0","71.9",",X","","","","","","","0",",,,0","27.28",",0","31.27",",,,0","23.28",",,,0","17190",",X","","","","","","","45",",X","45",",X","","","","","","","16.4",",X","12.5",",X"
"USW00022521","1972-09","21.32402","-157.93946","1.9","HONOLULU INTERNATIONAL AIRPORT, HI US","","","","","","","","","","","1728.4","0","258.5",",0","7",",0","1",",0","0",",0","0",",0","0",",0","0",",0","0",",0","0",",0","30",",0","0",",0","","","","","19720913","+,,0","19720930","+,,0","19720930","+,,0","","","19720901",",,0","19720924","+,,0","20.6",",0,13,+","0",",,0,30,+","0",",,0,30,+","19.6",",,0,01,","31.7",",0,24,+","0.0","0","0.0",",0","23.5",",,,0","79.3",",X","","","","","","","0",",,,0","26.95",",0","30.82",",,,0","23.08",",,,0","17676",",X","","","","","","","45",",X","45",",X","","","","","","","15.9",",X","11.6",",X"
"USW00022521","1972-10","21.32402","-157.93946","1.9","HONOLULU INTERNATIONAL AIRPORT, HI US","","","","","","","","","","","1974.4","0","246.0",",0","8",",0","4",",0","0",",0","0",",0","0",",0","0",",0","0",",0","0",",0","31",",0","0",",0","","","","","19721029","+,,0","19721031","+,,0","19721031","+,,0","1","","19721028",",,0","19721016","+,,0","20.0",",0,29,+","0",",,0,31,+","0",",,0,31,+","25.1",",,0,28,","31.7",",0,16,+","0.0","0","0.0",",0","60.8",",,,0","66.7",",X","","","","","","","0",",,,0","26.27",",0","30.06",",,,0","22.47",",,,0","14472",",X","","","","","","","135",",X","135",",X","","","","","","","14.9",",X","13.4",",X"
"USW00022521","1972-11","21.32402","-157.93946","1.9","HONOLULU INTERNATIONAL AIRPORT, HI US","","","","","","","","","","","2168.5","0","194.1",",0","10",",0","2",",0","0",",0","0",",0","0",",0","0",",0","0",",0","0",",0","30",",0","0",",0","","","","","19721127",",,0","19721130","+,,0","19721130","+,,0","","","19721106",",,0","19721119","+,,0","14.4",",0,27,","0",",,0,30,+","0",",,0,30,+","5.1",",,0,06,","30.0",",0,19,+","0.0","0","0.0",",0","15.1",",,,0","63.1",",X","","","","","","","0",",,,0","24.80",",0","28.58",",,,0","21.02",",,,0","12678",",X","","","","","","","45",",X","45",",X","","","","","","","17.0",",X","13.4",",X"
"USW00022521","1972-12","21.32402","-157.93946","1.9","HONOLULU INTERNATIONAL AIRPORT, HI US","","","","","","","","","","","2281.4","0","112.9",",0","8",",0","4",",0","1",",0","0",",0","0",",0","0",",0","0",",0","0",",0","31",",0","0",",0","","","","","19721211",",,0","19721231","+,,0","19721231","+,,0","","","19721218",",,0","19721230","+,,0","12.8",",0,11,","0",",,0,31,+","0",",,0,31,+","63.5",",,0,18,","28.9",",0,30,+","0.0","0","0.0",",0","91.2",",,,0","38.4",",X","","","","","","","0",",,,0","21.97",",0","26.69",",,,0","17.25",",,,0","7776",",X","","","","","","","45",",X","45",",X","","","","","","","16.4",",X","12.5",",X"
"USW00022521","1973-01","21.32402","-157.93946","1.9","HONOLULU INTERNATIONAL AIRPORT, HI US","","","","","","","","","","","135.9","0","135.9",",0","3",",0","1",",0","0",",0","0",",0","0",",0","0",",0","0",",0","0",",0","31",",0","0",",0","","","","","19730101",",,0","19730131","+,,0","19730131","+,,0","","","19730106",",,0","19730103",",,0","12.8",",0,01,","0",",,0,31,+","0",",,0,31,+","15.5",",,0,06,","29.4",",0,03,","0.0","0","0.0",",0","17.0",",,,0","72.1",",X","","","","","","","0",",,,0","22.72",",0","27.11",",,,0","18.32",",,,0","14796",",X","","","","","","","45",",X","45",",X","","","","","","","18.0",",X","14.8",",X"
"USW00022521","1973-02","21.32402","-157.93946","1.9","HONOLULU INTERNATIONAL AIRPORT, HI US","","","","","","","","","","","253.8","0","117.9",",0","11",",0","3",",0","0",",0","0",",0","0",",0","0",",0","0",",0","0",",0","28",",0","0",",0","","","","","19730205",",,0","19730228","+,,0","19730228","+,,0","","","19730203",",,0","19730217","+,,0","15.0",",0,05,","0",",,0,28,+","0",",,0,28,+","4.8",",,0,03,","28.3",",0,17,+","0.0","0","0.0",",0","15.5",",,,0","73.9",",X","","","","","","","0",",,,0","22.54",",0","26.82",",,,0","18.27",",,,0","14220",",X","","","","","","","45",",X","45",",X","","","","","","","17.0",",X","13.0",",X"
"USW00022521","1973-03","21.32402","-157.93946","1.9","HONOLULU INTERNATIONAL AIRPORT, HI US","","","","","","","","","","","444.5","0","190.7",",0","10",",0","1",",0","0",",0","0",",0","0",",0","0",",0","0",",0","0",",0","31",",0","0",",0","","","","","19730322",",,0","19730331","+,,0","19730331","+,,0","1","","19730310",",,0","19730331","+,,0","18.9",",0,22,","0",",,0,31,+","0",",,0,31,+","2.8",",,0,10,","28.9",",0,31,+","0.0","0","0.0",",0","10.2",",,,0","80.2",",X","","","","","","","0",",,,0","24.48",",0","27.95",",,,0","21.02",",,,0","17934",",X","","","","","","","45",",X","45",",X","","","","","","","19.0",",X","14.8",",X"
"USW00022521","1973-04","21.32402","-157.93946","1.9","HONOLULU INTERNATIONAL AIRPORT, HI US","","","","","","","","","","","619.3","0","174.8",",0","9",",0","2",",0","0",",0","0",",0","0",",0","0",",0","0",",0","0",",0","30",",0","0",",0","","","","","19730407",",,0","19730430","+,,0","19730430","+,,0","","","19730421",",,0","19730414","+,,0","15.0",",0,07,","0",",,0,30,+","0",",,0,30,+","8.1",",,0,21,","30.0",",0,14,+","0.0","0","0.0",",0","18.3",",,,0","50.8",",X","","","","","","","0",",,,0","24.16",",0","28.19",",,,0","20.13",",,,0","11598",",X","","","","","","","45",",X","45",",X","","","","","","","19.0",",X","14.3",",X"
"USW00022521","1973-05","21.32402","-157.93946","1.9","HONOLULU INTERNATIONAL AIRPORT, HI US","","","","","","","","","","","827.0","0","207.7",",0","12",",0","2",",0","0",",0","0",",0","0",",0","0",",0","0",",0","0",",0","31",",0","0",",0","","","","","19730515",",,0","19730531","+,,0","19730531","+,,0","1","","19730511",",,0","19730531","+,,0","17.8",",0,15,","0",",,0,31,+","0",",,0,31,+","9.4",",,0,11,","30.6",",0,31,+","0.0","0","0.0",",0","22.7",",,,0","66.3",",X","","","","","","","0",",,,0","25.03",",0","29.10",",,,0","20.97",",,,0","16242",",X","","","","","","","45",",X","45",",X","","","","","","","16.4",",X","13.0",",X"
"USW00022521","1973-06","21.32402","-157.93946","1.9","HONOLULU INTERNATIONAL AIRPORT, HI US","","","","","","","","","","","1063.6","0","236.6",",0","7",",0","0",",0","0",",0","0",",0","0",",0","0",",0","0",",0","0",",0","30",",0","1",",0","","","","","19730627",",,0","19730630","+,,0","19730630","+,,0","","","19730604",",,0","19730628",",,0","19.4",",0,27,","0",",,0,30,+","0",",,0,30,+","0.8",",,0,04,","32.2",",0,28,","0.0","0","0.0",",0","2.6",",,,0","54.5",",X","","","","","","","0",",,,0","26.22",",0","30.19",",,,0","22.25",",,,0","13164",",X","","","","","","","45",",X","45",",X","","","","","","","17.0",",X","13.0",",X"
"USW00022521","1973-07","21.32402","-157.93946","1.9","HONOLULU INTERNATIONAL AIRPORT, HI US","","","","","","","","","","","1329.5","0","265.9",",0","9",",0","1",",0","0",",0","0",",0","0",",0","0",",0","0",",0","0",",0","31",",0","0",",0","","","","","19730719",",,0","19730731","+,,0","19730731","+,,0","","","19730702",",,0","19730730","+,,0","21.1",",0,19,","0",",,0,31,+","0",",,0,31,+","3.0",",,0,02,","31.7",",0,30,+","0.0","0","0.0",",0","11.7",",,,0","70.3",",X","","","","","","","0",",,,0","26.91",",0","30.83",",,,0","22.99",",,,0","17364",",X","","","","","","","45",",X","45",",X","","","","","","","20.0",",X","14.3",",X"
"USW00022521","1973-08","21.32402","-157.93946","1.9","HONOLULU INTERNATIONAL AIRPORT, HI US","","","","","","","","","","","1608.3","0","278.8",",0","11",",0","0",",0","0",",0","0",",0","0",",0","0",",0","0",",0","0",",0","31",",0","5",",0","","","","","19730811","+,,0","19730831","+,,0","19730831","+,,0","","","19730804",",,0","19730821","+,,0","21.1",",0,11,+","0",",,0,31,+","0",",,0,31,+","1.8",",,0,04,","32.8",",0,21,+","0.0","0","0.0",",0","8.4",",,,0","60.4",",X","","","","","","","0",",,,0","27.33",",0","31.19",",,,0","23.46",",,,0","14424",",X","","","","","","","45",",X","45",",X","","","","","","","18.5",",X","13.4",",X"
"USW00022521","1973-09","21.32402","-157.93946","1.9","HONOLULU INTERNATIONAL AIRPORT, HI US","","","","","","","","","","","1873.8","0","265.5",",0","6",",0","2",",0","0",",0","0",",0","0",",0","0",",0","0",",0","0",",0","30",",0","3",",0","","","","","19730913",",,0","19730930","+,,0","19730930","+,,0","","","19730929",",,0","19730925",",,0","20.0",",0,13,","0",",,0,30,+","0",",,0,30,+","9.4",",,0,29,","32.8",",0,25,","0.0","0","0.0",",0","16.3",",,,0","74.0",",X","","","","","","","0",",,,0","27.18",",0","31.44",",,,0","22.93",",,,0","16332",",X","","","","","","","45",",X","45",",X","","","","","","","16.4",",X","12.1",",X"
"USW00022521","1973-10","21.32402","-157.93946","1.9","HONOLULU INTERNATIONAL AIRPORT, HI US","","","","","","","","","","","2122.0","0","248.2",",0","9",",0","3",",0","0",",0","0",",0","0",",0","0",",0","0",",0","0",",0","31",",0","1",",0","","","","","19731031",",,0","19731031","+,,0","19731031","+,,0","","","19731018",",,0","19731005",",,0","19.4",",0,31,","0",",,0,31,+","0",",,0,31,+","17.3",",,0,18,","32.8",",0,05,","0.0","0","0.0",",0","45.3",",,,0","65.5",",X","","","","","","","0",",,,0","26.34",",0","30.17",",,,0","22.51",",,,0","14208",",X","","","","","","","45",",X","45",",X","","","","","","","17.0",",X","12.5",",X"
"USW00022521","1973-11","21.32402","-157.93946","1.9","HONOLULU INTERNATIONAL AIRPORT, HI US","","","","","","","","","","","2322.1","0","200.1",",0","13",",0","8",",0","1",",0","0",",0","0",",0","0",",0","0",",0","0",",0","30",",0","0",",0","","","","","19731114","+,,0","19731130","+,,0","19731130","+,,0","4","","19731129",",,0","19731117","+,,0","18.3",",0,14,+","0",",,0,30,+","0",",,0,30,+","36.3",",,0,29,","30.6",",0,17,+","0.0","0","0.0",",0","94.8",",,,0","38.1",",X","","","","","","","0",",,,0","25.00",",0","28.89",",,,0","21.12",",,,0","7656",",X","","","","","","","45",",X","45",",X","","","","","","","16.4",",X","13.0",",X"
"USW00022521","1973-12","21.32402","-157.93946","1.9","HONOLULU INTERNATIONAL AIRPORT, HI US","","","","","","","","","","","2472.7","0","150.6",",0","10",",0","6",",0","1",",0","0",",0","0",",0","0",",0","0",",0","0",",0","31",",0","0",",0","","","","","19731218",",,0","19731231","+,,0","19731231","+,,0","2","","19731230",",,0","19731212","+,,0","14.4",",0,18,","0",",,0,31,+","0",",,0,31,+","29.0",",,0,30,","29.4",",0,12,+","0.0","0","0.0",",0","100.1",",,,0","50.5",",X","","","","","","","0",",,,0","23.19",",0","27.44",",,,0","18.95",",,,0","10200",",X","","","","","","","45",",X","45",",X","","","","","","","18.0",",X","12.5",",X"
"USW00022521","1974-01","21.32402","-157.93946","1.9","HONOLULU INTERNATIONAL AIRPORT, HI US","","","","","","","","","","","163.9","0","163.9",",0","20",",0","9",",0","0",",0","0",",0","0",",0","0",",0","0",",0","0",",0","31",",0","0",",0","","","","","19740128",",,0","19740131","+,,0","19740131","+,,0","1","","19740111",",,0","19740127","+,,0","15.6",",0,28,","0",",,0,31,+","0",",,0,31,+","21.6",",,0,11,","28.3",",0,27,+","0.0","0","0.0",",0","107.1",",,,0","52.4",",X","","","","","","","0",",,,0","23.62",",0","26.98",",,,0","20.26",",,,0","10746",",X","","","","","","","90","1,X","45",",X","","","","","","","17.0","1,X","11.2",",X"
"USW00022521","1974-02","21.32402","-157.93946","1.9","HONOLULU INTERNATIONAL AIRPORT, HI US","","","","","","","","","","","310.0","0","146.1",",0","8",",0","4",",0","0",",0","0",",0","0",",0","0",",0","0",",0","0",",0","28",",0","0",",0","","","","","19740220",",,0","19740228","+,,0","19740228","+,,0","","","19740201",",,0","19740226","+,,0","15.6",",0,20,","0",",,0,28,+","0",",,0,28,+","15.5",",,0,01,","29.4",",0,26,+","0.0","0","0.0",",0","32.7",",,,0","78.0",",X","","","","","","","0",",,,0","23.55",",0","27.88",",,,0","19.23",",,,0","15018",",X","","","","","","","45","1,X","45",",X","","","","","","","15.9","1,X","12.1",",X"
"USW00022521","1974-03","21.32402","-157.93946","1.9","HONOLULU INTERNATIONAL AIRPORT, HI US","","","","","","","","","","","464.7","0","154.7",",0","8",",0","4",",0","2",",0","0",",0","0",",0","0",",0","0",",0","0",",0","31",",0","0",",0","","","","","19740324",",,0","19740331","+,,0","19740331","+,,0","1","","19740312",",,0","19740331",",,0","14.4",",0,24,","0",",,0,31,+","0",",,0,31,+","38.6",",,0,12,","30.6",",0,31,","0.0","0","0.0",",0","88.7",",,,0","62.5",",X","","","","","","","0",",,,0","23.32",",0","27.62",",,,0","19.03",",,,0","13986",",X","","","","","","","90",",X","45",",X","","","","","","","18.0",",X","11.6",",X"
"USW00022521","1974-04","21.32402","-157.93946","1.9","HONOLULU INTERNATIONAL AIRPORT, HI US","","","","","","","","","","","670.7","0","206.0",",0","9",",0","4",",0","1",",0","0",",0","0",",0","0",",0","0",",0","0",",0","30",",0","0",",0","","","","","19740427",",,0","19740430","+,,0","19740430","+,,0","2","","19740419",",,0","19740430","+,,0","17.2",",0,27,","0",",,0,30,+","0",",,0,30,+","79.8",",,0,19,","30.6",",0,30,+","0.0","0","0.0",",0","105.0",",,,0","60.1",",X","","","","","","","0",",,,0","25.20",",0","28.98",",,,0","21.42",",,,0","13710",",X","","","","","","","45",",X","45",",X","","","","","","","17.0",",X","13.4",",X"
"USW00022521","1974-05","21.32402","-157.93946","1.9","HONOLULU INTERNATIONAL AIRPORT, HI US","","","","","","","","","","","897.1","0","226.4",",0","13",",0","1",",0","0",",0","0",",0","0",",0","0",",0","0",",0","0",",0","31",",0","0",",0","","","","","19740527","+,,0","19740531","+,,0","19740531","+,,0","","","19740515",",,0","19740505","+,,0","18.9",",0,27,+","0",",,0,31,+","0",",,0,31,+","13.7",",,0,15,","31.1",",0,05,+","0.0","0","0.0",",0","21.0",",,,0","55.1",",X","","","","","","","0",",,,0","25.64",",0","29.81",",,,0","21.46",",,,0","13464",",X","","","","","","","90",",X","45",",X","","","","","","","16.4",",X","11.2",",X"
"USW00022521","1974-06","21.32402","-157.93946","1.9","HONOLULU INTERNATIONAL AIRPORT, HI US","","","","","","","","","","","1134.2","0","237.1",",0","6",",0","3",",0","0",",0","0",",0","0",",0","0",",0","0",",0","0",",0","30",",0","0",",0","","","","","19740619","+,,0","19740630","+,,0","19740630","+,,0","","","19740629",",,0","19740615",",,0","19.4",",0,19,+","0",",,0,30,+","0",",,0,30,+","18.8",",,0,29,","31.7",",0,15,","0.0","0","0.0",",0","38.8",",,,0","52.3",",X","","","","","","","0",",,,0","26.24",",0","30.39",",,,0","22.09",",,,0","12630",",X","","","","","","","45",",X","45",",X","","","","","","","13.9",",X","10.7",",X"
"USW00022521","1974-07","21.32402","-157.93946","1.9","HONOLULU INTERNATIONAL AIRPORT, HI US","","","","","","","","","","","1390.1","0","255.9",",0","9",",0","1",",0","0",",0","0",",0","0",",0","0",",0","0",",0","0",",0","31",",0","1",",0","","","","","19740720",",,0","19740731","+,,0","19740731","+,,0","","","19740721",",,0","19740729",",,0","19.4",",0,20,","0",",,0,31,+","0",",,0,31,+","4.8",",,0,21,","32.2",",0,29,","0.0","0","0.0",",0","11.2",",,,0","61.4",",X","","","","","","","0",",,,0","26.59",",0","30.80",",,,0","22.38",",,,0","15186",",X","","","","","","","90",",X","45",",X","","","","","","","15.9",",X","11.6",",X"
"USW00022521","1974-08","21.32402","-157.93946","1.9","HONOLULU INTERNATIONAL AIRPORT, HI US","","","","","","","","","","","1668.5","0","278.4",",0","0",",0","0",",0","0",",0","0",",0","0",",0","0",",0","0",",0","0",",0","31",",0","11",",0","","","","","19740826",",,0","19740831","+,,0","19740831","+,,0","","","19740828","+,,0","19740830","+,,0","19.4",",0,26,","0",",,0,31,+","0",",,0,31,+","0.0",",T,0,28,+","32.8",",0,30,+","0.0","0","0.0",",0","0.0",",T,,0","59.3",",X","","","","","","","0",",,,0","27.31",",0","31.68",",,,0","22.95",",,,0","14148",",X","","","","","","","45",",X","90",",X","","","","","","","17.0",",X","11.6",",X"
"USW00022521","1974-09","21.32402","-157.93946","1.9","HONOLULU INTERNATIONAL AIRPORT, HI US","","","","","","","","","","","1917.7","0","249.2",",0","11",",0","6",",0","0",",0","0",",0","0",",0","0",",0","0",",0","0",",0","30",",0","12",",0","","","","","19740923","+,,0","19740930","+,,0","19740930","+,,0","4","","19740902",",,0","19740923","+,,0","20.6",",0,23,+","0",",,0,30,+","0",",,0,30,+","19.1",",,0,02,","33.3",",0,23,+","0.0","0","0.0",",0","53.0",",,,0","66.7",",X","","","","","","","0",",,,0","26.64",",0","31.39",",,,0","21.88",",,,0","14760",",X","","","","","","","45",",X","90",",X","","","","","","","12.9",",X","9.4",",X"
"USW00022521","1974-10","21.32402","-157.93946","1.9","HONOLULU INTERNATIONAL AIRPORT, HI US","","","","","","","","","","","2167.7","0","250.0",",0","9",",0","5",",0","1",",0","0",",0","0",",0","0",",0","0",",0","0",",0","31",",0","1",",0","","","","","19741018","+,,0","19741031","+,,0","19741031","+,,0","","","19741027",",,0","19741015",",,0","20.0",",0,18,+","0",",,0,31,+","0",",,0,31,+","33.0",",,0,27,","32.2",",0,15,","0.0","0","0.0",",0","70.3",",,,0","65.2",",X","","","","","","","0",",,,0","26.40",",0","30.63",",,,0","22.17",",,,0","14148",",X","","","","","","","135",",X","45",",X","","","","","","","14.9",",X","11.6",",X"
"USW00022521","1974-11","21.32402","-157.93946","1.9","HONOLULU INTERNATIONAL AIRPORT, HI US","","","","","","","","","","","2345.3","0","177.6",",0","15",",0","6",",0","0",",0","0",",0","0",",0","0",",0","0",",0","0",",0","30",",0","0",",0","","","","","19741115",",,0","19741130","+,,0","19741130","+,,0","1","","19741121",",,0","19741102",",,0","15.6",",0,15,","0",",,0,30,+","0",",,0,30,+","22.1",",,0,21,","31.1",",0,02,","0.0","0","0.0",",0","68.4",",,,0","54.0",",X","","","","","","","0",",,,0","24.25",",0","28.56",",,,0","19.95",",,,0","10830",",X","","","","","","","45",",X","45",",X","","","","","","","16.4",",X","12.1",",X"
"USW00022521","1974-12","21.32402","-157.93946","1.9","HONOLULU INTERNATIONAL AIRPORT, HI US","","","","","","","","","","","2530.3","0","185.0",",0","10",",0","2",",0","0",",0","0",",0","0",",0","0",",0","0",",0","0",",0","31",",0","0",",0","","","","","19741230",",,0","19741231","+,,0","19741231","+,,0","","","19741226","+,,0","19741224","+,,0","15.0",",0,30,","0",",,0,31,+","0",",,0,31,+","4.3",",,0,26,+","29.4",",0,24,+","0.0","0","0.0",",0","15.2",",,,0","66.9",",X","","","","","","","0",",,,0","24.30",",0","28.45",",,,0","20.15",",,,0","13554",",X","","","","","","","45",",X","45",",X","","","","","","","18.0",",X","15.2",",X"
"USW00022521","1975-01","21.32402","-157.93946","1.9","HONOLULU INTERNATIONAL AIRPORT, HI US","","","","","","","","","","","126.9","0","126.9",",0","14",",0","7",",0","3",",0","0",",0","0",",0","0",",0","0",",0","0",",0","31",",0","0",",0","","","","","19750128",",,0","19750131","+,,0","19750131","+,,0","1","","19750111",",,0","19750129","+,,0","13.3",",0,28,","0",",,0,31,+","0",",,0,31,+","65.3",",,0,11,","28.9",",0,29,+","0.0","0","0.0",",0","163.2",",,,0","58.8",",X","","","","","","","0",",,,0","22.43",",0","26.73",",,,0","18.12",",,,0","12072",",X","","","","","","","135",",X","135",",X","","","","","","","17.0",",X","16.1",",X"
"USW00022521","1975-02","21.32402","-157.93946","1.9","HONOLULU INTERNATIONAL AIRPORT, HI US","","","","","","","","","","","248.1","0","121.2",",0","7",",0","2",",0","1",",0","0",",0","0",",0","0",",0","0",",0","0",",0","28",",0","0",",0","","","","","19750207","+,,0","19750228","+,,0","19750228","+,,0","1","","19750201",",,0","19750215",",,0","14.4",",0,07,+","0",",,0,28,+","0",",,0,28,+","46.0",",,0,01,","28.9",",0,15,","0.0","0","0.0",",0","60.1",",,,0","58.9",",X","","","","","","","0",",,,0","22.66",",0","27.05",",,,0","18.28",",,,0","11370",",X","","","","","","","135",",X","45",",X","","","","","","","15.9",",X","13.4",",X"
"USW00022521","1975-03","21.32402","-157.93946","1.9","HONOLULU INTERNATIONAL AIRPORT, HI US","","","","","","","","","","","384.6","0","136.5",",0","8",",0","2",",0","1",",0","0",",0","0",",0","0",",0","0",",0","0",",0","31",",0","0",",0","","","","","19750329",",,0","19750331","+,,0","19750331","+,,0","","","19750328",",,0","19750307",",,0","14.4",",0,29,","0",",,0,31,+","0",",,0,31,+","36.3",",,0,28,","28.9",",0,07,","0.0","0","0.0",",0","51.4",",,,0","48.5",",X","","","","","","","0",",,,0","22.74",",0","26.87",",,,0","18.61",",,,0","10860",",X","","","","","","","45",",X","45",",X","","","","","","","19.5",",X","12.5",",X"
"USW00022521","1975-04","21.32402","-157.93946","1.9","HONOLULU INTERNATIONAL AIRPORT, HI US","","","","","","","","","","","543.0","0","158.4",",0","9",",0","1",",0","0",",0","0",",0","0",",0","0",",0","0",",0","0",",0","30",",0","0",",0","","","","","19750411","+,,0","19750430","+,,0","19750430","+,,0","","","19750408",",,0","19750430","+,,0","15.6",",0,11,+","0",",,0,30,+","0",",,0,30,+","10.2",",,0,08,","29.4",",0,30,+","0.0","0","0.0",",0","13.2",",,,0","62.6",",X","","","","","","","0",",,,0","23.61",",0","27.76",",,,0","19.46",",,,0","14268",",X","","","","","","","45",",X","45",",X","","","","","","","19.0",",X","14.3",",X"
"USW00022521","1975-05","21.32402","-157.93946","1.9","HONOLULU INTERNATIONAL AIRPORT, HI US","","","","","","","","","","","726.2","0","183.2",",0","7",",0","1",",0","0",",0","0",",0","0",",0","0",",0","0",",0","0",",0","31",",0","0",",0","","","","","19750510",",,0","19750531","+,,0","19750531","+,,0","","","19750505",",,0","19750527",",,0","17.2",",0,10,","0",",,0,31,+","0",",,0,31,+","2.5",",,0,05,","30.0",",0,27,","0.0","0","0.0",",0","5.0",",,,0","60.8",",X","","","","","","","0",",,,0","24.24",",0","28.41",",,,0","20.07",",,,0","14904",",X","","","","","","","90","1,X","90","1,X","","","","","","","16.4","1,X","11.2","1,X"
"USW00022521","1975-06","21.32402","-157.93946","1.9","HONOLULU INTERNATIONAL AIRPORT, HI US","","","","","","","","","","","943.9","0","217.7",",0","3",",0","0",",0","0",",0","0",",0","0",",0","0",",0","0",",0","0",",0","30",",0","0",",0","","","","","19750622",",,0","19750630","+,,0","19750630","+,,0","","","19750627","+,,0","19750628",",,0","19.4",",0,22,","0",",,0,30,+","0",",,0,30,+","0.3",",,0,27,+","31.1",",0,28,","0.0","0","0.0",",0","0.9",",,,0","63.4",",X","","","","","","","0",",,,0","25.59",",0","29.41",",,,0","21.77",",,,0","15288",",X","","","","","","","45",",X","45",",X","","","","","","","17.0",",X","12.1",",X"
"USW00022521","1975-07","21.32402","-157.93946","1.9","HONOLULU INTERNATIONAL AIRPORT, HI US","","","","","","","","","","","1183.8","0","239.9",",0","7",",0","1",",0","0",",0","0",",0","0",",0","0",",0","0",",0","0",",0","31",",0","0",",0","","","","","19750711","+,,0","19750731","+,,0","19750731","+,,0","","","19750711",",,0","19750730","+,,0","20.6",",0,11,+","0",",,0,31,+","0",",,0,31,+","4.6",",,0,11,","30.6",",0,30,+","0.0","0","0.0",",0","10.2",",,,0","68.8",",X","","","","","","","0",",,,0","26.07",",0","29.76",",,,0","22.39",",,,0","17010",",X","","","","","","","45",",X","45",",X","","","","","","","20.0",",X","13.0",",X"
"USW00022521","1975-08","21.32402","-157.93946","1.9","HONOLULU INTERNATIONAL AIRPORT, HI US","","","","","","","","","","","1443.5","0","259.7",",0","2",",0","0",",0","0",",0","0",",0","0",",0","0",",0","0",",0","0",",0","31",",0","0",",0","","","","","19750811",",,0","19750831","+,,0","19750831","+,,0","","","19750821",",,0","19750831","+,,0","21.1",",0,11,","0",",,0,31,+","0",",,0,31,+","0.5",",,0,21,","31.7",",0,31,+","0.0","0","0.0",",0","0.8",",,,0","74.6",",X","","","","","","","0",",,,0","26.71",",0","30.63",",,,0","22.79",",,,0","17820",",X","","","","","","","45",",X","90",",X","","","","","","","16.4",",X","12.1",",X"
"USW00022521","1975-09","21.32402","-157.93946","1.9","HONOLULU INTERNATIONAL AIRPORT, HI US","","","","","","","","","","","1682.8","0","239.3",",0","4",",0","0",",0","0",",0","0",",0","0",",0","0",",0","0",",0","0",",0","30",",0","1",",0","","","","","19750929","+,,0","19750930","+,,0","19750930","+,,0","","","19750909",",,0","19750902",",,0","18.9",",0,29,+","0",",,0,30,+","0",",,0,30,+","1.3",",,0,09,","32.2",",0,02,","0.0","0","0.0",",0","2.9",",,,0","72.0",",X","","","","","","","0",",,,0","26.31",",0","30.66",",,,0","21.96",",,,0","15894",",X","","","","","","","45",",X","90",",X","","","","","","","14.9",",X","11.6",",X"
"USW00022521","1975-10","21.32402","-157.93946","1.9","HONOLULU INTERNATIONAL AIRPORT, HI US","","","","","","","","","","","1925.5","0","242.7",",0","4",",0","1",",0","0",",0","0",",0","0",",0","0",",0","0",",0","0",",0","31",",0","0",",0","","","","","19751031",",,0","19751031","+,,0","19751031","+,,0","1","","19751007",",,0","19751024","+,,0","17.8",",0,31,","0",",,0,31,+","0",",,0,31,+","2.8",",,0,07,","31.1",",0,24,+","0.0","0","0.0",",0","4.7",",,,0","63.9",",X","","","","","","","0",",,,0","26.16",",0","29.94",",,,0","22.39",",,,0","13854",",X","","","","","","","90",",X","45",",X","","","","","","","15.9",",X","12.1",",X"
"USW00022521","1975-11","21.32402","-157.93946","1.9","HONOLULU INTERNATIONAL AIRPORT, HI US","","","","","","","","","","","2127.4","0","201.9",",0","10",",0","4",",0","4",",0","0",",0","0",",0","0",",0","0",",0","0",",0","30",",0","0",",0","","","","","19751118","+,,0","19751130","+,,0","19751130","+,,0","3","","19751125",",,0","19751105","+,,0","17.8",",0,18,+","0",",,0,30,+","0",",,0,30,+","127.3",",,0,25,","30.6",",0,05,+","0.0","0","0.0",",0","293.2",",,,0","50.2",",X","","","","","","","0",",,,0","25.06",",0","29.06",",,,0","21.06",",,,0","10122",",X","","","","","","","180",",X","135",",X","","","","","","","16.4",",X","13.0",",X"
"USW00022521","1975-12","21.32402","-157.93946","1.9","HONOLULU INTERNATIONAL AIRPORT, HI US","","","","","","","","","","","2265.5","0","138.1",",0","7",",0","1",",0","0",",0","0",",0","0",",0","0",",0","0",",0","0",",0","31",",0","0",",0","","","","","19751209",",,0","19751231","+,,0","19751231","+,,0","2","","19751212",",,0","19751206","+,,0","13.3",",0,09,","0",",,0,31,+","0",",,0,31,+","9.4",",,0,12,","28.9",",0,06,+","0.0","0","0.0",",0","15.3",",,,0","56.0",",X","","","","","","","0",",,,0","22.79",",0","27.30",",,,0","18.28",",,,0","11328",",X","","","","","","","45",",X","45",",X","","","","","","","15.4",",X","9.8",",X"
"USW00022521","1976-01","21.32402","-157.93946","1.9","HONOLULU INTERNATIONAL AIRPORT, HI US","","","","","","","","","","","148.8","0","148.8",",0","8",",0","4",",0","0",",0","0",",0","0",",0","0",",0","0",",0","0",",0","31",",0","0",",0","","","","","19760118",",,0","19760131","+,,0","19760131","+,,0","","","19760130",",,0","19760111","+,,0","15.6",",0,18,","0",",,0,31,+","0",",,0,31,+","10.4",",,0,30,","28.9",",0,11,+","0.0","0","0.0",",0","32.8",",,,0","61.0",",X","","","","","","","0",",,,0","23.13",",0","27.28",",,,0","18.98",",,,0","12480",",X","","","","","","","360",",X","45",",X","","","","","","","16.4",",X","12.1",",X"
"USW00022521","1976-02","21.32402","-157.93946","1.9","HONOLULU INTERNATIONAL AIRPORT, HI US","","","","","","","","","","","261.7","0","112.9",",0","11",",0","5",",0","2",",0","0",",0","0",",0","0",",0","0",",0","0",",0","29",",0","0",",0","","","","","19760202","+,,0","19760229","+,,0","19760229","+,,0","1","","19760206",",,0","19760224","+,,0","11.7",",0,02,+","0",",,0,29,+","0",",,0,29,+","68.1",",,0,06,","27.8",",0,24,+","0.3","0","0.3",",0","154.5",",,,0","48.4",",X","","","","","","","0",",,,0","22.22",",0","26.39",",,,0","18.05",",,,0","9714",",X","","","","","","","45",",X","45",",X","","","","","","","23.6",",X","17.0",",X"
"USW00022521","1976-03","21.32402","-157.93946","1.9","HONOLULU INTERNATIONAL AIRPORT, HI US","","","","","","","","","","","409.7","0","148.0",",0","15",",0","5",",0","1",",0","0",",0","0",",0","0",",0","0",",0","0",",0","31",",0","0",",0","","","","","19760313","+,,0","19760331","+,,0","19760331","+,,0","","","19760317",",,0","19760308","+,,0","12.8",",0,13,+","0",",,0,31,+","0",",,0,31,+","32.8",",,0,17,","28.3",",0,08,+","0.3","0","0.0",",0","67.7",",,,0","51.7",",X","","","","","","","0",",,,0","23.11",",0","26.87",",,,0","19.35",",,,0","11658",",X","","","","","","","45",",X","45",",X","","","","","","","18.0",",X","14.3",",X"
"USW00022521","1976-04","21.32402","-157.93946","1.9","HONOLULU INTERNATIONAL AIRPORT, HI US","","","","","","","","","","","578.2","0","168.5",",0","15",",0","1",",0","0",",0","0",",0","0",",0","0",",0","0",",0","0",",0","30",",0","0",",0","","","","","19760426",",,0","19760430","+,,0","19760430","+,,0","","","19760417",",,0","19760425","+,,0","17.2",",0,26,","0",",,0,30,+","0",",,0,30,+","3.3",",,0,17,","29.4",",0,25,+","0.3","0","0.0",",0","18.2",",,,0","51.9",",X","","","","","","","0",",,,0","23.95",",0","27.67",",,,0","20.23",",,,0","11838",",X","","","","","","","45",",X","45",",X","","","","","","","18.5",",X","13.0",",X"
"USW00022521","1976-05","21.32402","-157.93946","1.9","HONOLULU INTERNATIONAL AIRPORT, HI US","","","","","","","","","","","792.5","0","214.3",",0","11",",0","0",",0","0",",0","0",",0","0",",0","0",",0","0",",0","0",",0","31",",0","0",",0","","","","","19760501",",,0","19760531","+,,0","19760531","+,,0","","","19760512",",,0","19760530","+,,0","18.9",",0,01,","0",",,0,31,+","0",",,0,31,+","1.5",",,0,12,","30.0",",0,30,+","0.3","0","0.0",",0","6.9",",,,0","64.4",",X","","","","","","","0",",,,0","25.25",",0","29.21",",,,0","21.28",",,,0","15774",",X","","","","","","","45",",X","90",",X","","","","","","","14.9",",X","11.6",",X"
"USW00022521","1976-06","21.32402","-157.93946","1.9","HONOLULU INTERNATIONAL AIRPORT, HI US","","","","","","","","","","","1011.6","0","219.1",",0","5",",0","1",",0","0",",0","0",",0","0",",0","0",",0","0",",0","0",",0","30",",0","0",",0","","","","","19760606",",,0","19760630","+,,0","19760630","+,,0","","","19760604",",,0","19760623",",,0","18.9",",0,06,","0",",,0,30,+","0",",,0,30,+","2.8",",,0,04,","31.1",",0,23,","0.3","0","0.0",",0","4.7",",,,0","56.0",",X","","","","","","","0",",,,0","25.64",",0","29.62",",,,0","21.65",",,,0","13572",",X","","","","","","","90",",X","90",",X","","","","","","","15.4",",X","12.5",",X"
"USW00022521","1976-07","21.32402","-157.93946","1.9","HONOLULU INTERNATIONAL AIRPORT, HI US","","","","","","","","","","","1266.1","0","254.5",",0","11",",0","0",",0","0",",0","0",",0","0",",0","0",",0","0",",0","0",",0","31",",0","0",",0","","","","","19760731","+,,0","19760731","+,,0","19760731","+,,0","","","19760726",",,0","19760730",",,0","21.1",",0,31,+","0",",,0,31,+","0",",,0,31,+","1.5",",,0,26,","31.7",",0,30,","0.0","0","0.0",",0","6.4",",,,0","65.6",",X","","","","","","","0",",,,0","26.54",",0","30.36",",,,0","22.73",",,,0","16224",",X","","","","","","","45",",X","45",",X","","","","","","","15.4",",X","12.5",",X"
"USW00022521","1976-08","21.32402","-157.93946","1.9","HONOLULU INTERNATIONAL AIRPORT, HI US","","","","","","","","","","","1538.5","0","272.4",",0","5",",0","0",",0","0",",0","0",",0","0",",0","0",",0","0",",0","0",",0","31",",0","1",",0","","","","","19760822","+,,0","19760831","+,,0","19760831","+,,0","","","19760817","+,,0","19760818",",,0","21.1",",0,22,+","0",",,0,31,+","0",",,0,31,+","1.3",",,0,17,+","32.2",",0,18,","0.0","0","0.0",",0","4.4",",,,0","70.9",",X","","","","","","","0",",,,0","27.12",",0","31.12",",,,0","23.12",",,,0","16944",",X","","","","","","","90",",X","45",",X","","","","","","","15.4",",X","13.0",",X"
"USW00022521","1976-09","21.32402","-157.93946","1.9","HONOLULU INTERNATIONAL AIRPORT, HI US","","","","","","","","","","","1800.0","0","261.5",",0","10",",0","1",",0","0",",0","0",",0","0",",0","0",",0","0",",0","0",",0","30",",0","7",",0","","","","","19760930",",,0","19760930","+,,0","19760930","+,,0","","","19760921",",,0","19760924","+,,0","20.0",",0,30,","0",",,0,30,+","0",",,0,30,+","3.3",",,0,21,","32.8",",0,24,+","0.0","0","0.0",",0","8.5",",,,0","65.9",",X","","","","","","","0",",,,0","27.05",",0","31.27",",,,0","22.83",",,,0","14556",",X","","","","","","","45",",X","45",",X","","","","","","","14.9",",X","11.6",",X"
"USW00022521","1976-10","21.32402","-157.93946","1.9","HONOLULU INTERNATIONAL AIRPORT, HI US","","","","","","","","","","","2043.1","0","243.1",",0","3",",0","2",",0","0",",0","0",",0","0",",0","0",",0","0",",0","0",",0","31",",0","1",",0","","","","","19761031",",,0","19761031","+,,0","19761031","+,,0","","","19761006",",,0","19761022",",,0","18.3",",0,31,","0",",,0,31,+","0",",,0,31,+","6.1",",,0,06,","32.2",",0,22,","0.0","0","0.0",",0","11.5",",,,0","68.1",",X","","","","","","","0",",,,0","26.17",",0","30.59",",,,0","21.76",",,,0","14778",",X","","","","","","","45",",X","45",",X","","","","","","","14.9",",X","13.0",",X"
"USW00022521","1976-11","21.32402","-157.93946","1.9","HONOLULU INTERNATIONAL AIRPORT, HI US","","","","","","","","","","","2213.3","0","170.2",",0","8",",0","2",",0","0",",0","0",",0","0",",0","0",",0","0",",0","0",",0","30",",0","0",",0","","","","","19761129","+,,0","19761130","+,,0","19761130","+,,0","","","19761125",",,0","19761110",",,0","16.7",",0,29,+","0",",,0,30,+","0",",,0,30,+","3.0",",,0,25,","30.6",",0,10,","0.0","0","0.0",",0","11.7",",,,0","53.4",",X","","","","","","","0",",,,0","24.01",",0","28.54",",,,0","19.47",",,,0","10734",",X","","","","","","","45",",X","45",",X","","","","","","","15.9",",X","13.4",",X"
"USW00022521","1976-12","21.32402","-157.93946","1.9","HONOLULU INTERNATIONAL AIRPORT, HI US","","","","","","","","","","","2389.4","0","176.1",",0","3",",0","0",",0","0",",0","0",",0","0",",0","0",",0","0",",0","0",",0","31",",0","0",",0","","","","","19761202",",,0","19761231","+,,0","19761231","+,,0","","","19761214",",,0","19761209",",,0","16.1",",0,02,","0",",,0,31,+","0",",,0,31,+","1.0",",,0,14,","30.6",",0,09,","0.0","0","0.0",",0","1.6",",,,0","62.5",",X","","","","","","","0",",,,0","24.01",",0","28.38",",,,0","19.64",",,,0","12642",",X","","","","","","","45",",X","45",",X","","","","","","","15.9",",X","11.6",",X"
"USW00022521","1977-01","21.32402","-157.93946","1.9","HONOLULU INTERNATIONAL AIRPORT, HI US","","","","","","","","","","","150.0","0","150.0",",0","10",",0","2",",0","0",",0","0",",0","0",",0","0",",0","0",",0","0",",0","31",",0","0",",0","","","","","19770122",",,0","19770131","+,,0","19770131","+,,0","","","19770127",",,0","19770129","+,,0","15.0",",0,22,","0",",,0,31,+","0",",,0,31,+","3.0",",,0,27,","28.3",",0,29,+","0.0","0","0.0",",0","13.3",",,,0","61.1",",X","","","","","","","0",",,,0","23.17",",0","27.62",",,,0","18.72",",,,0","12510",",X","","","","","","","180",",X","180",",X","","","","","","","13.4",",X","10.3",",X"
"USW00022521","1977-02","21.32402","-157.93946","1.9","HONOLULU INTERNATIONAL AIRPORT, HI US","","","","","","","","","","","314.2","0","164.2",",0","6",",0","1",",0","0",",0","0",",0","0",",0","0",",0","0",",0","0",",0","28",",0","0",",0","","","","","19770218","+,,0","19770228","+,,0","19770228","+,,0","","","19770201",",,0","19770221","+,,0","15.6",",0,18,+","0",",,0,28,+","0",",,0,28,+","6.1",",,0,01,","30.6",",0,21,+","0.0","0","0.0",",0","8.2",",,,0","68.6",",X","","","","","","","0",",,,0","24.20",",0","28.61",",,,0","19.79",",,,0","13194",",X","","","","","","","45",",X","45",",X","","","","","","","15.9",",X","12.5",",X"
"USW00022521","1977-03","21.32402","-157.93946","1.9","HONOLULU INTERNATIONAL AIRPORT, HI US","","","","","","","","","","","506.9","0","192.7",",0","12",",0","7",",0","0",",0","0",",0","0",",0","0",",0","0",",0","0",",0","31",",0","0",",0","","","","","19770327",",,0","19770331","+,,0","19770331","+,,0","","","19770331",",,0","19770303",",,0","17.2",",0,27,","0",",,0,31,+","0",",,0,31,+","17.5",",,0,31,","30.0",",0,03,","0.0","0","0.0",",0","59.9",",,,0","66.2",",X","","","","","","","0",",,,0","24.55",",0","28.36",",,,0","20.74",",,,0","14802",",X","","","","","","","45",",X","45",",X","","","","","","","22.1",",X","16.5",",X"
"USW00022521","1977-04","21.32402","-157.93946","1.9","HONOLULU INTERNATIONAL AIRPORT, HI US","","","","","","","","","","","695.3","0","188.4",",0","8",",0","4",",0","0",",0","0",",0","0",",0","0",",0","0",",0","0",",0","30",",0","0",",0","","","","","19770419","+,,0","19770430","+,,0","19770430","+,,0","","","19770419",",,0","19770428","+,,0","18.9",",0,19,+","0",",,0,30,+","0",",,0,30,+","15.7",",,0,19,","30.0",",0,28,+","0.0","0","0.0",",0","46.0",",,,0","65.8",",X","","","","","","","0",",,,0","24.61",",0","28.20",",,,0","21.03",",,,0","14994",",X","","","","","","","90",",X","90",",X","","","","","","","18.5",",X","14.8",",X"
"USW00022521","1977-05","21.32402","-157.93946","1.9","HONOLULU INTERNATIONAL AIRPORT, HI US","","","","","","","","","","","911.2","0","215.9",",0","11",",0","7",",0","2",",0","0",",0","0",",0","0",",0","0",",0","0",",0","31",",0","0",",0","","","","","19770517",",,0","19770531","+,,0","19770531","+,,0","","","19770514",",,0","19770529","+,,0","20.0",",0,17,","0",",,0,31,+","0",",,0,31,+","38.1",",,0,14,","30.0",",0,29,+","0.0","0","0.0",",0","121.0",",,,0","65.3",",X","","","","","","","0",",,,0","25.30",",0","28.92",",,,0","21.67",",,,0","16056",",X","","","","","","","90",",X","90",",X","","","","","","","18.0",",X","13.0",",X"
"USW00022521","1977-06","21.32402","-157.93946","1.9","HONOLULU INTERNATIONAL AIRPORT, HI US","","","","","","","","","","","1151.6","0","240.4",",0","3",",0","0",",0","0",",0","0",",0","0",",0","0",",0","0",",0","0",",0","30",",0","0",",0","","","","","19770628","+,,0","19770630","+,,0","19770630","+,,0","","","19770608",",,0","19770629",",,0","20.0",",0,28,+","0",",,0,30,+","0",",,0,30,+","2.0",",,0,08,","31.7",",0,29,","0.0","0","0.0",",0","2.8",",,,0","66.0",",X","","","","","","","0",",,,0","26.35",",0","30.15",",,,0","22.54",",,,0","15936",",X","","","","","","","90",",X","90",",X","","","","","","","17.5",",X","12.1",",X"
"USW00022521","1977-07","21.32402","-157.93946","1.9","HONOLULU INTERNATIONAL AIRPORT, HI US","","","","","","","","","","","1424.3","0","272.7",",0","6",",0","0",",0","0",",0","0",",0","0",",0","0",",0","0",",0","0",",0","31",",0","0",",0","","","","","19770701",",,0","19770731","+,,0","19770731","+,,0","","","19770728",",,0","19770728","+,,0","20.6",",0,01,","0",",,0,31,+","0",",,0,31,+","1.3",",,0,28,","31.7",",0,28,+","0.0","0","0.0",",0","3.7",",,,0","72.3",",X","","","","","","","0",",,,0","27.13",",0","30.95",",,,0","23.31",",,,0","17874",",X","","","","","","","90",",X","90",",X","","","","","","","18.5",",X","13.4",",X"
"USW00022521","1977-08","21.32402","-157.93946","1.9","HONOLULU INTERNATIONAL AIRPORT, HI US","","","","","","","","","","","1719.8","0","295.5",",0","4",",0","0",",0","0",",0","0",",0","0",",0","0",",0","0",",0","0",",0","31",",0","6",",0","","","","","19770811",",,0","19770831","+,,0","19770831","+,,0","","","19770825",",,0","19770813",",,0","21.1",",0,11,","0",",,0,31,+","0",",,0,31,+","0.8",",,0,25,","33.3",",0,13,","0.0","0","0.0",",0","2.1",",,,0","74.5",",X","","","","","","","0",",,,0","27.87",",0","31.52",",,,0","24.22",",,,0","17820",",X","","","","","","","90",",X","90",",X","","","","","","","16.4",",X","13.0",",X"
"USW00022521","1977-09","21.32402","-157.93946","1.9","HONOLULU INTERNATIONAL AIRPORT, HI US","","","","","","","","","","","1996.2","0","276.4",",0","2",",0","0",",0","0",",0","0",",0","0",",0","0",",0","0",",0","0",",0","30",",0","4",",0","","","","","19770928",",,0","19770930","+,,0","19770930","+,,0","","","19770929",",,0","19770915","+,,0","20.6",",0,28,","0",",,0,30,+","0",",,0,30,+","0.8",",,0,29,","32.2",",0,15,+","0.0","0","0.0",",0","1.3",",,,0","72.7",",X","","","","","","","0",",,,0","27.55",",0","31.33",",,,0","23.77",",,,0","16062",",X","","","","","","","45",",X","45",",X","","","","","","","17.0",",X","12.5",",X"
"USW00022521","1977-10","21.32402","-157.93946","1.9","HONOLULU INTERNATIONAL AIRPORT, HI US","","","","","","","","","","","2272.3","0","276.1",",0","4",",0","1",",0","0",",0","0",",0","0",",0","0",",0","0",",0","0",",0","31",",0","6",",0","","","","","19771023",",,0","19771031","+,,0","19771031","+,,0","","","19771025",",,0","19771022","+,,0","20.6",",0,23,","0",",,0,31,+","0",",,0,31,+","2.8",",,0,25,","32.2",",0,22,+","0.0","0","0.0",",0","3.9",",,,0","74.6",",X","","","","","","","0",",,,0","27.24",",0","31.15",",,,0","23.32",",,,0","16188",",X","","","","","","","360",",X","90",",X","","","","","","","15.9",",X","12.5",",X"
"USW00022521","1977-11","21.32402","-157.93946","1.9","HONOLULU INTERNATIONAL AIRPORT, HI US","","","","","","","","","","","2499.1","0","226.8",",0","7",",0","1",",0","0",",0","0",",0","0",",0","0",",0","0",",0","0",",0","30",",0","0",",0","","","","","19771119",",,0","19771130","+,,0","19771130","+,,0","","","19771124",",,0","19771109","+,,0","18.9",",0,19,","0",",,0,30,+","0",",,0,30,+","8.1",",,0,24,","31.7",",0,09,+","0.0","0","0.0",",0","15.5",",,,0","71.9",",X","","","","","","","0",",,,0","25.89",",0","29.93",",,,0","21.86",",,,0","14406",",X","","","","","","","90",",X","90",",X","","","","","","","15.4",",X","13.0",",X"
"USW00022521","1977-12","21.32402","-157.93946","1.9","HONOLULU INTERNATIONAL AIRPORT, HI US","","","","","","","","","","","2673.0","0","173.9",",0","8",",0","6",",0","0",",0","0",",0","0",",0","0",",0","0",",0","0",",0","31",",0","0",",0","","","","","19771222","+,,0","19771231","+,,0","19771231","+,,0","","","19771203",",,0","19771213",",,0","16.1",",0,22,+","0",",,0,31,+","0",",,0,31,+","9.9",",,0,03,","31.7",",0,13,","0.0","0","0.0",",0","36.8",",,,0","59.8",",X","","","","","","","0",",,,0","23.94",",0","27.98",",,,0","19.91",",,,0","12102",",X","","","","","","","225",",X","45",",X","","","","","","","16.4",",X","12.5",",X"
"USW00022521","1978-01","21.32402","-157.93946","1.9","HONOLULU INTERNATIONAL AIRPORT, HI US","","","","","","","","","","","157.7","0","157.7",",0","3",",0","2",",0","0",",0","0",",0","0",",0","0",",0","0",",0","0",",0","31",",0","0",",0","","","","","19780113","+,,0","19780131","+,,0","19780131","+,,0","","","19780116",",,0","19780122",",,0","13.9",",0,13,+","0",",,0,31,+","0",",,0,31,+","4.3",",,0,16,","30.6",",0,22,","0.0","0","0.0",",0","8.6",",,,0","68.0",",X","","","","","","","0",",,,0","23.42",",0","27.69",",,,0","19.15",",,,0","13956",",X","","","","","","","360",",X","90",",X","","","","","","","15.4",",X","11.2",",X"
"USW00022521","1978-02","21.32402","-157.93946","1.9","HONOLULU INTERNATIONAL AIRPORT, HI US","","","","","","","","","","","285.6","0","127.9",",0","5",",0","3",",0","0",",0","0",",0","0",",0","0",",0","0",",0","0",",0","28",",0","0",",0","","","","","19780220","+,,0","19780228","+,,0","19780228","+,,0","","","19780222",",,0","19780216","+,,0","15.0",",0,20,+","0",",,0,28,+","0",",,0,28,+","9.9",",,0,22,","30.0",",0,16,+","0.0","0","0.0",",0","19.1",",,,0","74.4",",X","","","","","","","0",",,,0","22.90",",0","28.02",",,,0","17.79",",,,0","14310",",X","","","","","","","45",",X","45",",X","","","","","","","16.4",",X","13.0",",X"
"USW00022521","1978-03","21.32402","-157.93946","1.9","HONOLULU INTERNATIONAL AIRPORT, HI US","","","","","","","","","","","468.8","0","183.2",",0","12",",0","4",",0","0",",0","0",",0","0",",0","0",",0","0",",0","0",",0","31",",0","0",",0","","","","","19780303",",,0","19780331","+,,0","19780331","+,,0","","","19780315",",,0","19780311",",,0","15.0",",0,03,","0",",,0,31,+","0",",,0,31,+","10.9",",,0,15,","31.1",",0,11,","0.0","0","0.0",",0","34.9",",,,0","68.7",",X","","","","","","","0",",,,0","24.24",",0","28.28",",,,0","20.21",",,,0","15360",",X","","","","","","","45",",X","45",",X","","","","","","","15.9",",X","12.1",",X"
"USW00022521","1978-04","21.32402","-157.93946","1.9","HONOLULU INTERNATIONAL AIRPORT, HI US","","","","","","","","","","","664.9","0","196.1",",0","9",",0","5",",0","1",",0","0",",0","0",",0","0",",0","0",",0","0",",0","30",",0","0",",0","","","","","19780421","+,,0","19780430","+,,0","19780430","+,,0","","","19780420",",,0","19780429",",,0","17.8",",0,21,+","0",",,0,30,+","0",",,0,30,+","29.5",",,0,20,","31.7",",0,29,","0.0","0","0.0",",0","52.7",",,,0","65.4",",X","","","","","","","0",",,,0","24.87",",0","28.96",",,,0","20.78",",,,0","14928",",X","","","","","","","90",",X","45",",X","","","","","","","18.0",",X","13.9",",X"
"USW00022521","1978-05","21.32402","-157.93946","1.9","HONOLULU INTERNATIONAL AIRPORT, HI US","","","","","","","","","","","891.7","0","226.8",",0","12",",0","4",",0","1",",0","0",",0","0",",0","0",",0","0",",0","0",",0","31",",0","0",",0","","","","","19780531","+,,0","19780531","+,,0","19780531","+,,0","2","","19780523",",,0","19780502",",,0","20.0",",0,31,+","0",",,0,31,+","0",",,0,31,+","48.3",",,0,23,","31.7",",0,02,","0.0","0","0.0",",0","86.3",",,,0","64.2",",X","","","","","","","0",",,,0","25.65",",0","29.39",",,,0","21.91",",,,0","15690",",X","","","","","","","90",",X","90",",X","","","","","","","18.0",",X","13.4",",X"
"USW00022521","1978-06","21.32402","-157.93946","1.9","HONOLULU INTERNATIONAL AIRPORT, HI US","","","","","","","","","","","1120.0","0","228.3",",0","7",",0","2",",0","0",",0","0",",0","0",",0","0",",0","0",",0","0",",0","30",",0","0",",0","","","","","19780603","+,,0","19780630","+,,0","19780630","+,,0","","","19780628",",,0","19780609",",,0","19.4",",0,03,+","0",",,0,30,+","0",",,0,30,+","17.3",",,0,28,","31.7",",0,09,","0.0","0","0.0",",0","27.0",",,,0","70.7",",X","","","","","","","0",",,,0","25.94",",0","29.87",",,,0","22.02",",,,0","17070",",X","","","","","","","90",",X","45",",X","","","","","","","17.0",",X","12.5",",X"
"USW00022521","1978-07","21.32402","-157.93946","1.9","HONOLULU INTERNATIONAL AIRPORT, HI US","","","","","","","","","","","1360.2","0","240.2",",0","4",",0","0",",0","0",",0","0",",0","0",",0","0",",0","0",",0","0",",0","31",",0","1",",0","","","","","19780717",",,0","19780731","+,,0","19780731","+,,0","","","19780718",",,0","19780725",",,0","20.6",",0,17,","0",",,0,31,+","0",",,0,31,+","2.3",",,0,18,","32.2",",0,25,","0.0","0","0.0",",0","5.1",",,,0","72.5",",X","","","","","","","0",",,,0","26.08",",0","30.01",",,,0","22.15",",,,0","17964",",X","","","","","","","90",",X","45",",X","","","","","","","22.6",",X","13.4",",X"
"USW00022521","1978-08","21.32402","-157.93946","1.9","HONOLULU INTERNATIONAL AIRPORT, HI US","","","","","","","","","","","1626.9","0","266.7",",0","10",",0","4",",0","0",",0","0",",0","0",",0","0",",0","0",",0","0",",0","31",",0","7",",0","","","","","19780818",",,0","19780831","+,,0","19780831","+,,0","","","19780821",",,0","19780814",",,0","21.7",",0,18,","0",",,0,31,+","0",",,0,31,+","6.9",",,0,21,","32.8",",0,14,","0.0","0","0.0",",0","21.2",",,,0","70.9",",X","","","","","","","0",",,,0","26.94",",0","31.13",",,,0","22.74",",,,0","16956",",X","","","","","","","45",",X","45",",X","","","","","","","16.4",",X","13.0",",X"
"USW00022521","1978-09","21.32402","-157.93946","1.9","HONOLULU INTERNATIONAL AIRPORT, HI US","","","","","","","","","","","1884.6","0","257.7",",0","5",",0","1",",0","0",",0","0",",0","0",",0","0",",0","0",",0","0",",0","30",",0","4",",0","","","","","19780928","+,,0","19780930","+,,0","19780930","+,,0","","","19780921",",,0","19780918","+,,0","21.1",",0,28,+","0",",,0,30,+","0",",,0,30,+","4.6",",,0,21,","32.2",",0,18,+","0.0","0","0.0",",0","7.2",",,,0","84.4",",X","","","","","","","0",",,,0","26.92",",0","31.21",",,,0","22.63",",,,0","18618",",X","","","","","","","45",",X","45",",X","","","","","","","15.9",",X","11.6",",X"
"USW00022521","1978-10","21.32402","-157.93946","1.9","HONOLULU INTERNATIONAL AIRPORT, HI US","","","","","","","","","","","2103.7","0","219.1",",0","6",",0","5",",0","2",",0","0",",0","0",",0","0",",0","0",",0","0",",0","31",",0","1",",0","","","","","19781031","+,,0","19781031","+,,0","19781031","+,,0","1","","19781030",",,0","19781004",",,0","18.9",",0,31,+","0",",,0,31,+","0",",,0,31,+","189.7",",,0,30,","32.2",",0,04,","0.0","0","0.0",",0","283.2",",,,0","75.5",",X","","","","","","","0",",,,0","25.40",",0","29.65",",,,0","21.15",",,,0","16440",",X","","","","","","","360",",X","135",",X","","","","","","","15.4",",X","13.0",",X"
"USW00022521","1978-11","21.32402","-157.93946","1.9","HONOLULU INTERNATIONAL AIRPORT, HI US","","","","","","","","","","","2264.4","0","160.7",",0","5",",0","2",",0","1",",0","0",",0","0",",0","0",",0","0",",0","0",",0","30",",0","0",",0","","","","","19781130","+,,0","19781130","+,,0","19781130","+,,0","","","19781102",",,0","19781130",",,0","17.2",",0,30,+","0",",,0,30,+","0",",,0,30,+","31.0",",,0,02,","30.0",",0,30,","0.0","0","0.0",",0","39.4",",,,0","67.3",",X","","","","","","","0",",,,0","23.69",",0","27.85",",,,0","19.53",",,,0","13446",",X","","","","","","","360",",X","135",",X","","","","","","","13.9",",X","12.1",",X"
"USW00022521","1978-12","21.32402","-157.93946","1.9","HONOLULU INTERNATIONAL AIRPORT, HI US","","","","","","","","","","","2391.9","0","127.5",",0","12",",0","3",",0","1",",0","0",",0","0",",0","0",",0","0",",0","0",",0","31",",0","0",",0","","","","","19781227","+,,0","19781231","+,,0","19781231","+,,0","","","19781204",",,0","19781201",",,0","15.0",",0,27,+","0",",,0,31,+","0",",,0,31,+","35.8",",,0,04,","28.9",",0,01,","0.0","0","0.0",",0","52.5",",,,0","49.2",",X","","","","","","","0",",,,0","22.45",",0","26.10",",,,0","18.80",",,,0","9966",",X","","","","","","","90",",X","90",",X","","","","","","","21.1",",X","15.2",",X"
"USW00022521","1979-01","21.32402","-157.93946","1.9","HONOLULU INTERNATIONAL AIRPORT, HI US","","","","","","","","","","","84.0","0","84.0",",0","12",",0","8",",0","1",",0","0",",0","0",",0","0",",0","0",",0","0",",0","29",",0","0",",0","","","","","19790103","+,,0","19790131","+,,0","19790131","+,,0","","","19790111",",,0","19790127",",,0","13.9",",0,03,+","0",",,0,31,+","0",",,0,31,+","47.5",",,0,11,","27.2",",0,27,","0.3","0","0.3",",0","116.2",",,,0","54.7",",X","","","","","","","0",",,,0","21.03",",0","24.73",",,,0","17.34",",,,0","11238",",X","","","","","","","45",",X","45",",X","","","","","","","19.5",",X","15.2",",X"
"USW00022521","1979-02","21.32402","-157.93946","1.9","HONOLULU INTERNATIONAL AIRPORT, HI US","","","","","","","","","","","194.7","0","110.7",",0","14",",0","10",",0","2",",0","0",",0","0",",0","0",",0","0",",0","0",",0","28",",0","0",",0","","","","","19790211",",,0","19790228","+,,0","19790228","+,,0","3","","19790203",",,0","19790223",",,0","16.1",",0,11,","0",",,0,28,+","0",",,0,28,+","51.6",",,0,03,","29.4",",0,23,","0.3","0","0.0",",0","183.4",",,,0","30.0",",X","","","","","","","0",",,,0","22.29",",0","25.63",",,,0","18.94",",,,0","5784",",X","","","","","","","45",",X","180",",X","","","","","","","19.0",",X","13.0",",X"
"USW00022521","1979-03","21.32402","-157.93946","1.9","HONOLULU INTERNATIONAL AIRPORT, HI US","","","","","","","","","","","328.8","0","134.1",",0","4",",0","2",",0","0",",0","0",",0","0",",0","0",",0","0",",0","0",",0","31",",0","0",",0","","","","","19790325",",,0","19790331","+,,0","19790331","+,,0","","","19790327",",,0","19790318","+,,0","14.4",",0,25,","0",",,0,31,+","0",",,0,31,+","14.5",",,0,27,","29.4",",0,18,+","0.3","0","0.0",",0","19.6",",,,0","77.2",",X","","","","","","","0",",,,0","22.66",",0","27.25",",,,0","18.07",",,,0","17310",",X","","","","","","","270",",X","45",",X","","","","","","","15.9",",X","12.5",",X"
"USW00022521","1979-04","21.32402","-157.93946","1.9","HONOLULU INTERNATIONAL AIRPORT, HI US","","","","","","","","","","","491.3","0","162.5",",0","7",",0","3",",0","0",",0","0",",0","0",",0","0",",0","0",",0","0",",0","30",",0","0",",0","","","","","19790428","+,,0","19790430","+,,0","19790430","+,,0","","","19790410",",,0","19790408",",,0","15.6",",0,28,+","0",",,0,30,+","0",",,0,30,+","5.6",",,0,10,","30.0",",0,08,","0.3","0","0.0",",0","14.0",",,,0","77.9",",X","","","","","","","0",",,,0","23.75",",0","28.33",",,,0","19.17",",,,0","17754",",X","","","","","","","90",",X","45",",X","","","","","","","15.4",",X","13.0",",X"
"USW00022521","1979-05","21.32402","-157.93946","1.9","HONOLULU INTERNATIONAL AIRPORT, HI US","","","","","","","","","","","715.1","0","223.8",",0","5",",0","0",",0","0",",0","0",",0","0",",0","0",",0","0",",0","0",",0","31",",0","2",",0","","","","","19790523",",,0","19790531","+,,0","19790531","+,,0","","","19790531",",,0","19790524","+,,0","18.3",",0,23,","0",",,0,31,+","0",",,0,31,+","2.3",",,0,31,","32.2",",0,24,+","0.3","0","0.0",",0","5.4",",,,0","70.0",",X","","","","","","","0",",,,0","25.55",",0","30.37",",,,0","20.73",",,,0","17148",",X","","","","","","","90",",X","45",",X","","","","","","","15.9",",X","12.1",",X"
"USW00022521","1979-06","21.32402","-157.93946","1.9","HONOLULU INTERNATIONAL AIRPORT, HI US","","","","","","","","","","","964.9","0","249.8",",0","8",",0","0",",0","0",",0","0",",0","0",",0","0",",0","0",",0","0",",0","30",",0","5",",0","","","","","19790607",",,0","19790630","+,,0","19790630","+,,0","","","19790616",",,0","19790622","+,,0","18.3",",0,07,","0",",,0,30,+","0",",,0,30,+","2.3",",,0,16,","32.2",",0,22,+","0.3","0","0.0",",0","8.2",",,,0","72.1",",X","","","","","","","0",",,,0","26.66",",0","31.16",",,,0","22.16",",,,0","17406",",X","","","","","","","90",",X","45",",X","","","","","","","15.9",",X","12.1",",X"
"USW00022521","1979-07","21.32402","-157.93946","1.9","HONOLULU INTERNATIONAL AIRPORT, HI US","","","","","","","","","","","1239.5","0","274.6",",0","5",",0","0",",0","0",",0","0",",0","0",",0","0",",0","0",",0","0",",0","31",",0","12",",0","","","","","19790711",",,0","19790731","+,,0","19790731","+,,0","","","19790728","+,,0","19790721","+,,0","20.0",",0,11,","0",",,0,31,+","0",",,0,31,+","0.8",",,0,28,+","32.8",",0,21,+","0.0","0","0.0",",0","3.5",",,,0","77.6",",X","","","","","","","0",",,,0","27.19",",0","31.53",",,,0","22.85",",,,0","19188",",X","","","","","","","90",",X","90",",X","","","","","","","17.0",",X","12.1",",X"
"USW00022521","1979-08","21.32402","-157.93946","1.9","HONOLULU INTERNATIONAL AIRPORT, HI US","","","","","","","","","","","1504.9","0","265.4",",0","2",",0","1",",0","0",",0","0",",0","0",",0","0",",0","0",",0","0",",0","31",",0","9",",0","","","","","19790826","+,,0","19790831","+,,0","19790831","+,,0","","","19790802",",,0","19790831","+,,0","20.0",",0,26,+","0",",,0,31,+","0",",,0,31,+","2.5",",,0,02,","33.3",",0,31,+","0.0","0","0.0",",0","3.8",",,,0","76.7",",X","","","","","","","0",",,,0","26.89",",0","31.44",",,,0","22.35",",,,0","18330",",X","","","","","","","90",",X","45",",X","","","","","","","14.9",",X","11.2",",X"
"USW00022521","1979-09","21.32402","-157.93946","1.9","HONOLULU INTERNATIONAL AIRPORT, HI US","","","","","","","","","","","1771.9","0","267.0",",0","7",",0","1",",0","0",",0","0",",0","0",",0","0",",0","0",",0","0",",0","30",",0","16",",0","","","","","19790918",",,0","19790930","+,,0","19790930","+,,0","","","19790904",",,0","19790915","+,,0","20.0",",0,18,","0",",,0,30,+","0",",,0,30,+","7.4",",,0,04,","33.3",",0,15,+","0.0","0","0.0",",0","12.1",",,,0","81.8",",X","","","","","","","0",",,,0","27.23",",0","31.87",",,,0","22.59",",,,0","18048",",X","","","","","","","90",",X","45",",X","","","","","","","14.9",",X","12.5",",X"
"USW00022521","1979-10","21.32402","-157.93946","1.9","HONOLULU INTERNATIONAL AIRPORT, HI US","","","","","","","","","","","2047.6","0","275.7",",0","4",",0","1",",0","0",",0","0",",0","0",",0","0",",0","0",",0","0",",0","31",",0","7",",0","","","","","19791024",",,0","19791031","+,,0","19791031","+,,0","2","","19791008",",,0","19791011",",,0","19.4",",0,24,","0",",,0,31,+","0",",,0,31,+","9.9",",,0,08,","33.9",",0,11,","0.0","0","0.0",",0","13.5",",,,0","63.3",",X","","","","","","","0",",,,0","27.23",",0","31.10",",,,0","23.35",",,,0","13734",",X","","","","","","","90",",X","45",",X","","","","","","","17.0",",X","11.6",",X"
"USW00022521","1979-11","21.32402","-157.93946","1.9","HONOLULU INTERNATIONAL AIRPORT, HI US","","","","","","","","","","","2253.4","0","205.8",",0","9",",0","1",",0","0",",0","0",",0","0",",0","0",",0","0",",0","0",",0","30",",0","0",",0","","","","","19791127",",,0","19791130","+,,0","19791130","+,,0","1","","19791101",",,0","19791122","+,,0","15.6",",0,27,","0",",,0,30,+","0",",,0,30,+","6.6",",,0,01,","31.1",",0,22,+","0.0","0","0.0",",0","13.4",",,,0","66.3",",X","","","","","","","0",",,,0","25.19",",0","29.34",",,,0","21.04",",,,0","13320",",X","","","","","","","45",",X","90",",X","","","","","","","17.5",",X","13.4",",X"
"USW00022521","1979-12","21.32402","-157.93946","1.9","HONOLULU INTERNATIONAL AIRPORT, HI US","","","","","","","","","","","2430.0","0","176.6",",0","12",",0","6",",0","0",",0","0",",0","0",",0","0",",0","0",",0","0",",0","31",",0","0",",0","","","","","19791206",",,0","19791231","+,,0","19791231","+,,0","","","19791209",",,0","19791201",",,0","16.1",",0,06,","0",",,0,31,+","0",",,0,31,+","11.7",",,0,09,","31.7",",0,01,","0.0","0","0.0",",0","38.2",",,,0","63.5",",X","","","","","","","0",",,,0","24.03",",0","28.23",",,,0","19.83",",,,0","12840",",X","","","","","","","270",",X","270",",X","","","","","","","20.6",",X","15.2",",X"
"USW00022521","1980-01","21.32402","-157.93946","1.9","HONOLULU INTERNATIONAL AIRPORT, HI US","","","","","","","","","","","118.5","0","118.5",",0","13",",0","7",",0","2",",0","0",",0","0",",0","0",",0","0",",0","0",",0","31",",0","0",",0","","","","","19800126",",,0","19800131","+,,0","19800131","+,,0","","","19800108",",,0","19800129","+,,0","13.3",",0,26,","0",",,0,31,+","0",",,0,31,+","93.7",",,0,08,","27.8",",0,29,+","0.0","0","0.0",",0","226.5",",,,0","56.1",",X","","","","","","","0",",,,0","22.16",",0","26.08",",,,0","18.24",",,,0","11550",",X","230",",X","","","","","225",",X","","","15.6",",X","","","","","23.1",",X","",""
"USW00022521","1980-02","21.32402","-157.93946","1.9","HONOLULU INTERNATIONAL AIRPORT, HI US","","","","","","","","","","","236.9","0","118.4",",0","10",",0","5",",0","1",",0","0",",0","0",",0","0",",0","0",",0","0",",0","29",",0","0",",0","","","","","19800226",",,0","19800229","+,,0","19800229","+,,0","","","19800227",",,0","19800210",",,0","14.4",",0,26,","0",",,0,29,+","0",",,0,29,+","32.8",",,0,27,","28.9",",0,10,","0.0","0","0.0",",0","57.5",",,,0","53.7",",X","","","","","","","0",",,,0","22.42",",0","26.59",",,,0","18.24",",,,0","10698",",X","290",",X","","","","","315",",X","","","11.2",",X","","","","","17.5",",X","",""
"USW00022521","1980-03","21.32402","-157.93946","1.9","HONOLULU INTERNATIONAL AIRPORT, HI US","","","","","","","","","","","409.3","0","172.4",",0","12",",0","5",",0","1",",0","0",",0","0",",0","0",",0","0",",0","0",",0","31",",0","0",",0","","","","","19800302",",,0","19800331","+,,0","19800331","+,,0","","","19800318",",,0","19800315",",,0","16.1",",0,02,","0",",,0,31,+","0",",,0,31,+","30.2",",,0,18,","28.3",",0,15,","0.0","0","0.0",",0","77.4",",,,0","67.6",",X","","","","","","","0",",,,0","23.90",",0","27.04",",,,0","20.75",",,,0","15132",",X","80",",X","","","","","45",",X","","","13.4",",X","","","","","19.5",",X","",""
"USW00022521","1980-04","21.32402","-157.93946","1.9","HONOLULU INTERNATIONAL AIRPORT, HI US","","","","","","","","","","","593.8","0","184.5",",0","14",",0","4",",0","0",",0","0",",0","0",",0","0",",0","0",",0","0",",0","30",",0","0",",0","","","","","19800406",",,0","19800430","+,,0","19800430","+,,0","","","19800422",",,0","19800429","+,,0","18.3",",0,06,","0",",,0,30,+","0",",,0,30,+","9.1",",,0,22,","29.4",",0,29,+","0.0","0","0.0",",0","28.8",",,,0","70.1",",X","","","","","","","0",",,,0","24.48",",0","28.01",",,,0","20.96",",,,0","16344",",X","60",",X","","","","","45",",X","","","13.9",",X","","","","","19.0",",X","",""
"USW00022521","1980-05","21.32402","-157.93946","1.9","HONOLULU INTERNATIONAL AIRPORT, HI US","","","","","","","","","","","821.7","0","227.9",",0","12",",0","3",",0","0",",0","0",",0","0",",0","0",",0","0",",0","0",",0","31",",0","0",",0","","","","","19800514",",,0","19800531","+,,0","19800531","+,,0","","","19800529",",,0","19800522","+,,0","19.4",",0,14,","0",",,0,31,+","0",",,0,31,+","6.4",",,0,29,","30.6",",0,22,+","0.0","0","0.0",",0","20.2",",,,0","71.0",",X","","","","","","","0",",,,0","25.69",",0","29.47",",,,0","21.90",",,,0","17376",",X","70",",X","","","","","45",",X","","","11.2",",X","","","","","15.9",",X","",""
"USW00022521","1980-06","21.32402","-157.93946","1.9","HONOLULU INTERNATIONAL AIRPORT, HI US","","","","","","","","","","","1063.2","0","241.5",",0","8",",0","3",",0","1",",0","0",",0","0",",0","0",",0","0",",0","0",",0","30",",0","0",",0","","","","","19800607",",,0","19800630","+,,0","19800630","+,,0","1","","19800615",",,0","19800630","+,,0","20.0",",0,07,","0",",,0,30,+","0",",,0,30,+","27.9",",,0,15,","31.1",",0,30,+","0.0","0","0.0",",0","44.8",",,,0","74.0",",X","","","","","","","0",",,,0","26.38",",0","30.18",",,,0","22.59",",,,0","17892",",X","70",",X","","","","","45",",X","","","11.6",",X","","","","","16.4",",X","",""
"USW00022521","1980-07","21.32402","-157.93946","1.9","HONOLULU INTERNATIONAL AIRPORT, HI US","","","","","","","","","","","1336.9","0","273.7",",0","10",",0","0",",0","0",",0","0",",0","0",",0","0",",0","0",",0","0",",0","31",",0","1",",0","","","","","19800720",",,0","19800731","+,,0","19800731","+,,0","","","19800704",",,0","19800713",",,0","21.1",",0,20,","0",",,0,31,+","0",",,0,31,+","2.3",",,0,04,","32.2",",0,13,","0.0","0","0.0",",0","9.5",",,,0","69.5",",X","","","","","","","0",",,,0","27.16",",0","31.00",",,,0","23.32",",,,0","17214",",X","70",",X","","","","","45",",X","","","12.5",",X","","","","","16.4",",X","",""
"USW00022521","1980-08","21.32402","-157.93946","1.9","HONOLULU INTERNATIONAL AIRPORT, HI US","","","","","","","","","","","1612.5","0","275.6",",0","6",",0","1",",0","0",",0","0",",0","0",",0","0",",0","0",",0","0",",0","31",",0","8",",0","","","","","19800811","+,,0","19800831","+,,0","19800831","+,,0","","","19800805",",,0","19800809",",,0","21.1",",0,11,+","0",",,0,31,+","0",",,0,31,+","6.1",",,0,05,","32.8",",0,09,","0.0","0","0.0",",0","9.3",",,,0","74.9",",X","","","","","","","0",",,,0","27.22",",0","31.49",",,,0","22.95",",,,0","17922",",X","70",",X","","","","","45",",X","","","10.3",",X","","","","","14.9",",X","",""
"USW00022521","1980-09","21.32402","-157.93946","1.9","HONOLULU INTERNATIONAL AIRPORT, HI US","","","","","","","","","","","1889.4","0","276.9",",0","5",",0","1",",0","0",",0","0",",0","0",",0","0",",0","0",",0","0",",0","30",",0","9",",0","","","","","19800930",",,0","19800930","+,,0","19800930","+,,0","","","19800917",",,0","19800929",",,0","20.6",",0,30,","0",",,0,30,+","0",",,0,30,+","7.4",",,0,17,","32.8",",0,29,","0.0","0","0.0",",0","10.6",",,,0","72.6",",X","","","","","","","0",",,,0","27.56",",0","31.68",",,,0","23.44",",,,0","16032",",X","70",",X","","","","","45",",X","","","11.6",",X","","","","","17.0",",X","",""
"USW00022521","1980-10","21.32402","-157.93946","1.9","HONOLULU INTERNATIONAL AIRPORT, HI US","","","","","","","","","","","2150.0","0","260.6",",0","10",",0","0",",0","0",",0","0",",0","0",",0","0",",0","0",",0","0",",0","31",",0","4",",0","","","","","19801006",",,0","19801031","+,,0","19801031","+,,0","","","19801012","+,,0","19801006","+,,0","19.4",",0,06,","0",",,0,31,+","0",",,0,31,+","1.8",",,0,12,+","32.8",",0,06,+","0.0","0","0.0",",0","7.8",",,,0","73.6",",X","","","","","","","0",",,,0","26.74",",0","31.04",",,,0","22.45",",,,0","15978",",X","80",",X","","","","","90",",X","","","11.2",",X","","","","","17.5",",X","",""
"USW00022521","1980-11","21.32402","-157.93946","1.9","HONOLULU INTERNATIONAL AIRPORT, HI US","","","","","","","","","","","2366.1","0","216.1",",0","5",",0","0",",0","0",",0","0",",0","0",",0","0",",0","0",",0","0",",0","30",",0","0",",0","","","","","19801130",",,0","19801130","+,,0","19801130","+,,0","","","19801111",",,0","19801126","+,,0","16.7",",0,30,","0",",,0,30,+","0",",,0,30,+","1.8",",,0,11,","31.1",",0,26,+","0.0","0","0.0",",0","5.4",",,,0","75.6",",X","","","","","","","0",",,,0","25.54",",0","29.94",",,,0","21.13",",,,0","15162",",X","80",",X","","","","","45",",X","","","10.3",",X","","","","","15.4",",X","",""
"USW00022521","1980-12","21.32402","-157.93946","1.9","HONOLULU INTERNATIONAL AIRPORT, HI US","","","","","","","","","","","2526.5","0","160.4",",0","10",",0","7",",0","3",",0","0",",0","0",",0","0",",0","0",",0","0",",0","31",",0","0",",0","","","","","19801217",",,0","19801231","+,,0","19801231","+,,0","","","19801214",",,0","19801228",",,0","13.9",",0,17,","0",",,0,31,+","0",",,0,31,+","94.2",",,0,14,","29.4",",0,28,","0.0","0","0.0",",0","187.2",",,,0","58.8",",X","","","","","","","0",",,,0","23.51",",0","27.81",",,,0","19.21",",,,0","11910",",X","180",",X","","","","","225",",X","","","9.8",",X","","","","","13.4",",X","",""
"USW00022521","1981-01","21.32402","-157.93946","1.9","HONOLULU INTERNATIONAL AIRPORT, HI US","","","","","","","","","","","141.0","0","141.0",",0","10",",0","5",",0","0",",0","0",",0","0",",0","0",",0","0",",0","0",",0","31",",0","0",",0","","","","","19810118","+,,0","19810131","+,,0","19810131","+,,0","","","19810103",",,0","19810125","+,,0","15.0",",0,18,+","0",",,0,31,+","0",",,0,31,+","4.6",",,0,03,","29.4",",0,25,+","0.0","0","0.0",",0","20.8",",,,0","73.7",",X","","","","","","","0",",,,0","22.88",",0","27.68",",,,0","18.08",",,,0","15072",",X","340",",X","","","","","225",",X","","","11.2",",X","","","","","18.5",",X","",""
"USW00022521","1981-02","21.32402","-157.93946","1.9","HONOLULU INTERNATIONAL AIRPORT, HI US","","","","","","","","","","","275.2","0","134.2",",0","9",",0","5",",0","0",",0","0",",0","0",",0","0",",0","0",",0","0",",0","28",",0","0",",0","","","","","19810209",",,0","19810228","+,,0","19810228","+,,0","","","19810205",",,0","19810215",",,0","11.7",",0,09,","0",",,0,28,+","0",",,0,28,+","6.6",",,0,05,","30.0",",0,15,","0.5","0","0.5",",0","24.8",",,,0","66.5",",X","","","","","","","0",",,,0","23.11",",0","27.51",",,,0","18.70",",,,0","12798",",X","80",",X","","","","","90",",X","","","13.4",",X","","","","","20.0",",X","",""
"USW00022521","1981-03","21.32402","-157.93946","1.9","HONOLULU INTERNATIONAL AIRPORT, HI US","","","","","","","","","","","442.4","0","167.2",",0","7",",0","1",",0","0",",0","0",",0","0",",0","0",",0","0",",0","0",",0","31",",0","0",",0","","","","","19810320",",,0","19810331","+,,0","19810331","+,,0","","","19810306",",,0","19810326",",,0","15.6",",0,20,","0",",,0,31,+","0",",,0,31,+","13.0",",,0,06,","30.6",",0,26,","0.5","0","0.0",",0","18.3",",,,0","78.5",",X","","","","","","","0",",,,0","23.73",",0","28.27",",,,0","19.18",",,,0","17574",",X","70",",X","","","","","45",",X","","","12.5",",X","","","","","16.4",",X","",""
"USW00022521","1981-04","21.32402","-157.93946","1.9","HONOLULU INTERNATIONAL AIRPORT, HI US","","","","","","","","","","","624.3","0","181.9",",0","7",",0","4",",0","0",",0","0",",0","0",",0","0",",0","0",",0","0",",0","30",",0","0",",0","","","","","19810410","+,,0","19810430","+,,0","19810430","+,,0","","","19810415",",,0","19810428","+,,0","17.2",",0,10,+","0",",,0,30,+","0",",,0,30,+","10.2",",,0,15,","30.6",",0,28,+","0.5","0","0.0",",0","25.7",",,,0","69.9",",X","","","","","","","0",",,,0","24.40",",0","28.79",",,,0","20.00",",,,0","15912",",X","70",",X","","","","","45",",X","","","10.7",",X","","","","","15.9",",X","",""
"USW00022521","1981-05","21.32402","-157.93946","1.9","HONOLULU INTERNATIONAL AIRPORT, HI US","","","","","","","","","","","835.3","0","211.0",",0","7",",0","2",",0","0",",0","0",",0","0",",0","0",",0","0",",0","0",",0","31",",0","0",",0","","","","","19810505","+,,0","19810531","+,,0","19810531","+,,0","","","19810507",",,0","19810530","+,,0","16.7",",0,05,+","0",",,0,31,+","0",",,0,31,+","14.7",",,0,07,","31.1",",0,30,+","0.5","0","0.0",",0","23.9",",,,0","70.9",",X","","","","","","","0",",,,0","25.14",",0","29.34",",,,0","20.94",",,,0","17370",",X","80",",X","","","","","45",",X","","","10.3",",X","","","","","14.9",",X","",""
"USW00022521","1981-06","21.32402","-157.93946","1.9","HONOLULU INTERNATIONAL AIRPORT, HI US","","","","","","","","","","","1095.0","0","259.7",",0","5",",0","0",",0","0",",0","0",",0","0",",0","0",",0","0",",0","0",",0","30",",0","2",",0","","","","","19810624",",,0","19810630","+,,0","19810630","+,,0","","","19810605",",,0","19810628","+,,0","20.6",",0,24,","0",",,0,30,+","0",",,0,30,+","1.3",",,0,05,","32.2",",0,28,+","0.5","0","0.0",",0","3.6",",,,0","73.5",",X","","","","","","","0",",,,0","26.99",",0","31.16",",,,0","22.81",",,,0","17772",",X","50",",X","","","","","360",",X","","","13.4",",X","","","","","19.0",",X","",""
"USW00022521","1981-07","21.32402","-157.93946","1.9","HONOLULU INTERNATIONAL AIRPORT, HI US","","","","","","","","","","","1348.2","0","253.2",",0","9",",0","1",",0","0",",0","0",",0","0",",0","0",",0","0",",0","0",",0","31",",0","2",",0","","","","","19810717","+,,0","19810731","+,,0","19810731","+,,0","","","19810714",",,0","19810706","+,,0","19.4",",0,17,+","0",",,0,31,+","0",",,0,31,+","4.6",",,0,14,","32.2",",0,06,+","0.0","0","0.0",",0","10.8",",,,0","76.9",",X","","","","","","","0",",,,0","26.50",",0","30.55",",,,0","22.46",",,,0","19014",",X","90",",X","","","","","90",",X","","","10.7",",X","","","","","14.9",",X","",""
"USW00022521","1981-08","21.32402","-157.93946","1.9","HONOLULU INTERNATIONAL AIRPORT, HI US","","","","","","","","","","","1608.3","0","260.1",",0","4",",0","1",",0","0",",0","0",",0","0",",0","0",",0","0",",0","0",",0","31",",0","2",",0","","","","","19810815",",,0","19810831","+,,0","19810831","+,,0","","","19810804",",,0","19810825","+,,0","20.0",",0,15,","0",",,0,31,+","0",",,0,31,+","15.0",",,0,04,","32.2",",0,25,+","0.0","0","0.0",",0","17.9",",,,0","73.7",",X","","","","","","","0",",,,0","26.72",",0","30.69",",,,0","22.76",",,,0","17598",",X","60",",X","","","","","90",",X","","","10.3",",X","","","","","17.0",",X","",""
"USW00022521","1981-09","21.32402","-157.93946","1.9","HONOLULU INTERNATIONAL AIRPORT, HI US","","","","","","","","","","","1870.2","0","261.9",",0","9",",0","2",",0","0",",0","0",",0","0",",0","0",",0","0",",0","0",",0","30",",0","3",",0","","","","","19810930",",,0","19810930","+,,0","19810930","+,,0","","","19810902",",,0","19810916","+,,0","19.4",",0,30,","0",",,0,30,+","0",",,0,30,+","2.8",",,0,02,","32.2",",0,16,+","0.0","0","0.0",",0","9.9",",,,0","82.6",",X","","","","","","","0",",,,0","27.06",",0","31.11",",,,0","23.01",",,,0","18240",",X","80",",X","","","","","90",",X","","","10.3",",X","","","","","17.0",",X","",""
"USW00022521","1981-10","21.32402","-157.93946","1.9","HONOLULU INTERNATIONAL AIRPORT, HI US","","","","","","","","","","","2099.4","0","229.2",",0","10",",0","4",",0","1",",0","0",",0","0",",0","0",",0","0",",0","0",",0","31",",0","0",",0","","","","","19811020",",,0","19811031","+,,0","19811031","+,,0","2","","19811027",",,0","19811012","+,,0","17.8",",0,20,","0",",,0,31,+","0",",,0,31,+","28.2",",,0,27,","31.1",",0,12,+","0.0","0","0.0",",0","46.9",",,,0","73.4",",X","","","","","","","0",",,,0","25.73",",0","29.97",",,,0","21.48",",,,0","15978",",X","70",",X","","","","","45",",X","","","11.2",",X","","","","","15.4",",X","",""
"USW00022521","1981-11","21.32402","-157.93946","1.9","HONOLULU INTERNATIONAL AIRPORT, HI US","","","","","","","","","","","2294.6","0","195.2",",0","12",",0","2",",0","0",",0","0",",0","0",",0","0",",0","0",",0","0",",0","30",",0","0",",0","","","","","19811115",",,0","19811130","+,,0","19811130","+,,0","1","","19811101",",,0","19811105",",,0","15.6",",0,15,","0",",,0,30,+","0",",,0,30,+","12.7",",,0,01,","30.0",",0,05,","0.0","0","0.0",",0","25.9",",,,0","66.8",",X","","","","","","","0",",,,0","24.84",",0","28.43",",,,0","21.24",",,,0","13422",",X","80",",X","","","","","90",",X","","","13.0",",X","","","","","20.0",",X","",""
"USW00022521","1981-12","21.32402","-157.93946","1.9","HONOLULU INTERNATIONAL AIRPORT, HI US","","","","","","","","","","","2448.8","0","154.2",",0","8",",0","5",",0","2",",0","0",",0","0",",0","0",",0","0",",0","0",",0","31",",0","0",",0","","","","","19811213",",,0","19811231","+,,0","19811231","+,,0","","","19811225",",,0","19811222","+,,0","16.1",",0,13,","0",",,0,31,+","0",",,0,31,+","47.2",",,0,25,","28.9",",0,22,+","0.0","0","0.0",",0","113.6",",,,0","56.2",",X","","","","","","","0",",,,0","23.31",",0","27.01",",,,0","19.60",",,,0","11352",",X","160",",X","","","","","45",",X","","","11.2",",X","","","","","17.0",",X","",""
"USW00022521","1982-01","21.32402","-157.93946","1.9","HONOLULU INTERNATIONAL AIRPORT, HI US","","","","","","","","","","","140.5","0","140.5",",0","15",",0","10",",0","5",",0","0",",0","0",",0","0",",0","0",",0","0",",0","31",",0","0",",0","","","","","19820131",",,0","19820131","+,,0","19820131","+,,0","2","","19820121",",,0","19820111","+,,0","14.4",",0,31,","0",",,0,31,+","0",",,0,31,+","78.7",",,0,21,","28.3",",0,11,+","0.0","0","0.0",",0","325.5",",,,0","53.1",",X","","","","","","","0",",,,0","22.87",",0","26.16",",,,0","19.57",",,,0","10896",",X","70",",X","","","","","90",",X","","","14.3",",X","","","","","20.0",",X","",""
"USW00022521","1982-02","21.32402","-157.93946","1.9","HONOLULU INTERNATIONAL AIRPORT, HI US","","","","","","","","","","","244.9","0","104.4",",0","12",",0","6",",0","0",",0","0",",0","0",",0","0",",0","0",",0","0",",0","28",",0","0",",0","","","","","19820204",",,0","19820228","+,,0","19820228","+,,0","5","","19820219",",,0","19820222","+,,0","14.4",",0,04,","0",",,0,28,+","0",",,0,28,+","13.7",",,0,19,","27.2",",0,22,+","0.0","0","0.0",",0","55.0",",,,0","62.3",",X","","","","","","","0",",,,0","22.06",",0","25.50",",,,0","18.63",",,,0","11988",",X","310",",X","","","","","225",",X","","","13.0",",X","","","","","20.6",",X","",""
"USW00022521","1982-03","21.32402","-157.93946","1.9","HONOLULU INTERNATIONAL AIRPORT, HI US","","","","","","","","","","","399.6","0","154.7",",0","17",",0","9",",0","1",",0","0",",0","0",",0","0",",0","0",",0","0",",0","31",",0","0",",0","","","","","19820305","+,,0","19820331","+,,0","19820331","+,,0","3","","19820312",",,0","19820316","+,,0","17.2",",0,05,+","0",",,0,31,+","0",",,0,31,+","32.0",",,0,12,","28.9",",0,16,+","0.0","0","0.0",",0","94.8",",,,0","53.4",",X","","","","","","","0",",,,0","23.32",",0","26.47",",,,0","20.17",",,,0","11916",",X","70",",X","","","","","90",",X","","","11.6",",X","","","","","17.0",",X","",""
"USW00022521","1982-04","21.32402","-157.93946","1.9","HONOLULU INTERNATIONAL AIRPORT, HI US","","","","","","","","","","","572.1","0","172.5",",0","13",",0","3",",0","0",",0","0",",0","0",",0","0",",0","0",",0","0",",0","30",",0","0",",0","","","","","19820411",",,0","19820430","+,,0","19820430","+,,0","1","","19820407",",,0","19820408",",,0","17.8",",0,11,","0",",,0,30,+","0",",,0,30,+","10.9",",,0,07,","30.0",",0,08,","0.0","0","0.0",",0","32.6",",,,0","45.7",",X","","","","","","","0",",,,0","24.08",",0","27.51",",,,0","20.65",",,,0","10482",",X","70",",X","","","","","45",",X","","","11.2",",X","","","","","15.4",",X","",""
"USW00022521","1982-05","21.32402","-157.93946","1.9","HONOLULU INTERNATIONAL AIRPORT, HI US","","","","","","","","","","","800.6","0","228.5",",0","6",",0","0",",0","0",",0","0",",0","0",",0","0",",0","0",",0","0",",0","31",",0","0",",0","","","","","19820531","+,,0","19820531","+,,0","19820531","+,,0","","","19820507",",,0","19820526",",,0","18.3",",0,31,+","0",",,0,31,+","0",",,0,31,+","1.0",",,0,07,","31.1",",0,26,","0.0","0","0.0",",0","3.5",",,,0","47.6",",X","","","","","","","0",",,,0","25.70",",0","29.72",",,,0","21.69",",,,0","11616",",X","60",",X","","","","","45",",X","","","10.3",",X","","","","","15.4",",X","",""
"USW00022521","1982-06","21.32402","-157.93946","1.9","HONOLULU INTERNATIONAL AIRPORT, HI US","","","","","","","","","","","1043.3","0","242.7",",0","6",",0","1",",0","0",",0","0",",0","0",",0","0",",0","0",",0","0",",0","30",",0","7",",0","","","","","19820602",",,0","19820630","+,,0","19820630","+,,0","1","","19820605",",,0","19820610",",,0","18.3",",0,02,","0",",,0,30,+","0",",,0,30,+","3.8",",,0,05,","32.8",",0,10,","0.0","0","0.0",",0","8.9",",,,0","54.1",",X","","","","","","","0",",,,0","26.42",",0","30.97",",,,0","21.87",",,,0","13110",",X","70",",X","","","","","45",",X","","","10.7",",X","","","","","12.9",",X","",""
"USW00022521","1982-07","21.32402","-157.93946","1.9","HONOLULU INTERNATIONAL AIRPORT, HI US","","","","","","","","","","","1312.3","0","269.0",",0","8",",0","0",",0","0",",0","0",",0","0",",0","0",",0","0",",0","0",",0","31",",0","3",",0","","","","","19820720",",,0","19820731","+,,0","19820731","+,,0","","","19820703",",,0","19820725",",,0","20.6",",0,20,","0",",,0,31,+","0",",,0,31,+","1.8",",,0,03,","32.8",",0,25,","0.0","0","0.0",",0","5.3",",,,0","59.8",",X","","","","","","","0",",,,0","27.01",",0","30.96",",,,0","23.06",",,,0","14802",",X","50",",X","","","","","45",",X","","","11.2",",X","","","","","14.9",",X","",""
"USW00022521","1982-08","21.32402","-157.93946","1.9","HONOLULU INTERNATIONAL AIRPORT, HI US","","","","","","","","","","","1594.8","0","282.5",",0","11",",0","3",",0","1",",0","0",",0","0",",0","0",",0","0",",0","0",",0","31",",0","6",",0","","","","","19820809",",,0","19820831","+,,0","19820831","+,,0","","","19820815",",,0","19820820","+,,0","22.2",",0,09,","0",",,0,31,+","0",",,0,31,+","30.5",",,0,15,","32.2",",0,20,+","0.0","0","0.0",",0","50.6",",,,0","65.5",",X","","","","","","","0",",,,0","27.45",",0","30.99",",,,0","23.90",",,,0","15702",",X","40",",X","","","","","45",",X","","","12.5",",X","","","","","18.5",",X","",""
"USW00022521","1982-09","21.32402","-157.93946","1.9","HONOLULU INTERNATIONAL AIRPORT, HI US","","","","","","","","","","","1867.6","0","272.8",",0","5",",0","1",",0","0",",0","0",",0","0",",0","0",",0","0",",0","0",",0","30",",0","5",",0","","","","","19820906",",,0","19820930","+,,0","19820930","+,,0","1","","19820901",",,0","19820907",",,0","20.0",",0,06,","0",",,0,30,+","0",",,0,30,+","11.2",",,0,01,","33.3",",0,07,","0.0","0","0.0",",0","13.3",",,,0","79.5",",X","","","","","","","0",",,,0","27.43",",0","31.29",",,,0","23.56",",,,0","17544",",X","80",",X","","","","","45",",X","","","9.8",",X","","","","","14.9",",X","",""
"USW00022521","1982-10","21.32402","-157.93946","1.9","HONOLULU INTERNATIONAL AIRPORT, HI US","","","","","","","","","","","2114.6","0","247.0",",0","12",",0","5",",0","3",",0","0",",0","0",",0","0",",0","0",",0","0",",0","31",",0","6",",0","","","","","19821029","+,,0","19821031","+,,0","19821031","+,,0","2","","19821027",",,0","19821015",",,0","18.9",",0,29,+","0",",,0,31,+","0",",,0,31,+","75.4",",,0,27,","32.8",",0,15,","0.0","0","0.0",",0","183.9",",,,0","64.6",",X","","","","","","","0",",,,0","26.30",",0","30.51",",,,0","22.09",",,,0","14064",",X","170",",X","","","","","45",",X","","","10.7",",X","","","","","14.4",",X","",""
"USW00022521","1982-11","21.32402","-157.93946","1.9","HONOLULU INTERNATIONAL AIRPORT, HI US","","","","","","","","","","","2292.0","0","177.4",",0","7",",0","3",",0","0",",0","0",",0","0",",0","0",",0","0",",0","0",",0","30",",0","0",",0","","","","","19821126",",,0","19821130","+,,0","19821130","+,,0","","","19821123",",,0","19821129","+,,0","18.3",",0,26,","0",",,0,30,+","0",",,0,30,+","15.5",",,0,23,","29.4",",0,29,+","0.0","0","0.0",",0","33.6",",,,0","49.7",",X","","","","","","","0",",,,0","24.25",",0","27.44",",,,0","21.06",",,,0","9996",",X","200",",X","","","","","225",",X","","","20.6",",X","","","","","36.0",",X","",""
"USW00022521","1982-12","21.32402","-157.93946","1.9","HONOLULU INTERNATIONAL AIRPORT, HI US","","","","","","","","","","","2412.9","0","120.9",",0","12",",0","4",",0","1",",0","0",",0","0",",0","0",",0","0",",0","0",",0","31",",0","0",",0","","","","","19821208",",,0","19821231","+,,0","19821231","+,,0","","","19821223",",,0","19821201",",,0","13.3",",0,08,","0",",,0,31,+","0",",,0,31,+","45.2",",,0,23,","29.4",",0,01,","0.0","0","0.0",",0","81.2",",,,0","30.0",",X","","","","","","","0",",,,0","22.23",",0","25.68",",,,0","18.78",",,,0","6090",",X","50",",X","","","","","45",",X","","","13.0",",X","","","","","19.5",",X","",""
"USW00022521","1983-01","21.32402","-157.93946","1.9","HONOLULU INTERNATIONAL AIRPORT, HI US","","","","","","","","","","","119.0","0","119.0",",0","10",",0","1",",0","0",",0","0",",0","0",",0","0",",0","0",",0","0",",0","31",",0","0",",0","","","","","19830129","+,,0","19830131","+,,0","19830131","+,,0","","","19830111",",,0","19830104",",,0","14.4",",0,29,+","0",",,0,31,+","0",",,0,31,+","2.8",",,0,11,","28.3",",0,04,","0.0","0","0.0",",0","8.3",",,,0","31.4",",X","","","","","","","0",",,,0","22.17",",0","26.89",",,,0","17.45",",,,0","6450",",X","50",",X","","","","","225",",X","","","10.3",",X","","","","","13.9",",X","",""
"USW00022521","1983-02","21.32402","-157.93946","1.9","HONOLULU INTERNATIONAL AIRPORT, HI US","","","","","","","","","","","216.6","0","97.6",",0","3",",0","0",",0","0",",0","0",",0","0",",0","0",",0","0",",0","0",",0","28",",0","0",",0","","","","","19830212",",,0","19830228","+,,0","19830228","+,,0","","","19830209",",,0","19830227","+,,0","11.7",",0,12,","0",",,0,28,+","0",",,0,28,+","0.8",",,0,09,","28.9",",0,27,+","0.0","0","0.0",",0","1.6",",,,0","62.6",",X","","","","","","","0",",,,0","21.82",",0","27.30",",,,0","16.33",",,,0","12066",",X","60",",X","","","","","315",",X","","","9.8",",X","","","","","14.4",",X","",""
"USW00022521","1983-03","21.32402","-157.93946","1.9","HONOLULU INTERNATIONAL AIRPORT, HI US","","","","","","","","","","","361.2","0","144.6",",0","4",",0","3",",0","0",",0","0",",0","0",",0","0",",0","0",",0","0",",0","31",",0","0",",0","","","","","19830302","+,,0","19830331","+,,0","19830331","+,,0","","","19830314",",,0","19830325",",,0","14.4",",0,02,+","0",",,0,31,+","0",",,0,31,+","4.8",",,0,14,","31.1",",0,25,","0.0","0","0.0",",0","13.5",",,,0","71.6",",X","","","","","","","0",",,,0","23.00",",0","27.98",",,,0","18.02",",,,0","16050",",X","70",",X","","","","","360",",X","","","10.3",",X","","","","","14.9",",X","",""
"USW00022521","1983-04","21.32402","-157.93946","1.9","HONOLULU INTERNATIONAL AIRPORT, HI US","","","","","","","","","","","521.3","0","160.1",",0","7",",0","1",",0","0",",0","0",",0","0",",0","0",",0","0",",0","0",",0","30",",0","0",",0","","","","","19830409",",,0","19830430","+,,0","19830430","+,,0","","","19830422",",,0","19830402",",,0","15.6",",0,09,","0",",,0,30,+","0",",,0,30,+","4.6",",,0,22,","30.6",",0,02,","0.0","0","0.0",",0","10.7",",,,0","58.9",",X","","","","","","","0",",,,0","23.67",",0","28.10",",,,0","19.24",",,,0","13404",",X","50",",X","","","","","45",",X","","","10.3",",X","","","","","15.4",",X","",""
"USW00022521","1983-05","21.32402","-157.93946","1.9","HONOLULU INTERNATIONAL AIRPORT, HI US","","","","","","","","","","","704.4","0","183.1",",0","8",",0","1",",0","0",",0","0",",0","0",",0","0",",0","0",",0","0",",0","31",",0","0",",0","","","","","19830522","+,,0","19830531","+,,0","19830531","+,,0","","","19830520",",,0","19830510",",,0","17.8",",0,22,+","0",",,0,31,+","0",",,0,31,+","6.1",",,0,20,","31.1",",0,10,","0.0","0","0.0",",0","9.2",",,,0","59.8",",X","","","","","","","0",",,,0","24.24",",0","28.83",",,,0","19.65",",,,0","14628",",X","40",",X","","","","","45",",X","","","10.3",",X","","","","","14.9",",X","",""
"USW00022521","1983-06","21.32402","-157.93946","1.9","HONOLULU INTERNATIONAL AIRPORT, HI US","","","","","","","","","","","935.6","0","231.2",",0","7",",0","1",",0","0",",0","0",",0","0",",0","0",",0","0",",0","0",",0","30",",0","0",",0","","","","","19830605",",,0","19830630","+,,0","19830630","+,,0","","","19830601",",,0","19830627",",,0","20.0",",0,05,","0",",,0,30,+","0",",,0,30,+","2.8",",,0,01,","31.7",",0,27,","0.0","0","0.0",",0","6.7",",,,0","72.3",",X","","","","","","","0",",,,0","26.04",",0","30.42",",,,0","21.65",",,,0","17490",",X","40",",X","","","","","90",",X","","","9.4",",X","","","","","14.9",",X","",""
"USW00022521","1983-07","21.32402","-157.93946","1.9","HONOLULU INTERNATIONAL AIRPORT, HI US","","","","","","","","","","","1187.8","0","252.2",",0","6",",0","1",",0","0",",0","0",",0","0",",0","0",",0","0",",0","0",",0","31",",0","0",",0","","","","","19830718","+,,0","19830731","+,,0","19830731","+,,0","","","19830718",",,0","19830731",",,0","21.7",",0,18,+","0",",,0,31,+","0",",,0,31,+","2.8",",,0,18,","31.7",",0,31,","0.0","0","0.0",",0","5.7",",,,0","68.8",",X","","","","","","","0",",,,0","26.47",",0","30.27",",,,0","22.66",",,,0","17010",",X","40",",X","","","","","90",",X","","","9.8",",X","","","","","18.5",",X","",""
"USW00022521","1983-08","21.32402","-157.93946","1.9","HONOLULU INTERNATIONAL AIRPORT, HI US","","","","","","","","","","","1485.9","0","298.1",",0","9",",0","1",",0","0",",0","0",",0","0",",0","0",",0","0",",0","0",",0","31",",0","17",",0","","","","","19830820","+,,0","19830831","+,,0","19830831","+,,0","","","19830802",",,0","19830823","+,,0","21.7",",0,20,+","0",",,0,31,+","0",",,0,31,+","2.8",",,0,02,","33.3",",0,23,+","0.0","0","0.0",",0","7.6",",,,0","72.7",",X","","","","","","","0",",,,0","27.95",",0","31.92",",,,0","23.98",",,,0","17376",",X","60",",X","","","","","45",",X","","","9.4",",X","","","","","13.9",",X","",""
"USW00022521","1983-09","21.32402","-157.93946","1.9","HONOLULU INTERNATIONAL AIRPORT, HI US","","","","","","","","","","","1773.5","0","287.6",",0","10",",0","3",",0","0",",0","0",",0","0",",0","0",",0","0",",0","0",",0","30",",0","21",",0","","","","","19830923","+,,0","19830930","+,,0","19830930","+,,0","","","19830924",",,0","19830905","+,,0","21.1",",0,23,+","0",",,0,30,+","0",",,0,30,+","17.3",",,0,24,","33.3",",0,05,+","0.0","0","0.0",",0","29.8",",,,0","71.8",",X","","","","","","","0",",,,0","27.92",",0","32.17",",,,0","23.67",",,,0","15876",",X","50",",X","","","","","45",",X","","","9.8",",X","","","","","14.4",",X","",""
"USW00022521","1983-10","21.32402","-157.93946","1.9","HONOLULU INTERNATIONAL AIRPORT, HI US","","","","","","","","","","","2050.9","0","277.4",",0","7",",0","0",",0","0",",0","0",",0","0",",0","0",",0","0",",0","0",",0","31",",0","5",",0","","","","","19831011",",,0","19831031","+,,0","19831031","+,,0","","","19831019",",,0","19831017",",,0","19.4",",0,11,","0",",,0,31,+","0",",,0,31,+","2.0",",,0,19,","32.8",",0,17,","0.0","0","0.0",",0","5.9",",,,0","68.0",",X","","","","","","","0",",,,0","27.28",",0","30.83",",,,0","23.74",",,,0","14766",",X","50",",X","","","","","45",",X","","","10.3",",X","","","","","14.9",",X","",""
"USW00022521","1983-11","21.32402","-157.93946","1.9","HONOLULU INTERNATIONAL AIRPORT, HI US","","","","","","","","","","","2303.2","0","252.3",",0","2",",0","1",",0","0",",0","0",",0","0",",0","0",",0","0",",0","0",",0","30",",0","1",",0","","","","","19831118",",,0","19831130","+,,0","19831130","+,,0","","","19831119",",,0","19831113",",,0","19.4",",0,18,","0",",,0,30,+","0",",,0,30,+","3.0",",,0,19,","32.2",",0,13,","0.0","0","0.0",",0","3.3",",,,0","63.2",",X","","","","","","","0",",,,0","26.74",",0","30.74",",,,0","22.74",",,,0","12666",",X","40",",X","","","","","90",",X","","","8.0",",X","","","","","11.8",",X","",""
"USW00022521","1983-12","21.32402","-157.93946","1.9","HONOLULU INTERNATIONAL AIRPORT, HI US","","","","","","","","","","","2476.9","0","173.7",",0","5",",0","3",",0","0",",0","0",",0","0",",0","0",",0","0",",0","0",",0","31",",0","0",",0","","","","","19831223",",,0","19831231","+,,0","19831231","+,,0","1","","19831225",",,0","19831208",",,0","12.8",",0,23,","0",",,0,31,+","0",",,0,31,+","13.0",",,0,25,","31.7",",0,08,","0.0","0","0.0",",0","26.9",",,,0","63.4",",X","","","","","","","0",",,,0","23.94",",0","28.43",",,,0","19.44",",,,0","12858",",X","310",",X","","","","","315",",X","","","9.4",",X","","","","","14.4",",X","",""
"USW00022521","1984-01","21.32402","-157.93946","1.9","HONOLULU INTERNATIONAL AIRPORT, HI US","","","","","","","","","3.7",",X","164.7","0","164.7",",0","5",",0","0",",0","0",",0","0",",0","0",",0","0",",0","0",",0","0",",0","31",",0","0",",0","","","","","19840107",",,0","19840131","+,,0","19840131","+,,0","1","","19840116",",,0","19840122",",,0","16.1",",0,07,","0",",,0,31,+","0",",,0,31,+","2.3",",,0,16,","30.0",",0,22,","0.0","0","0.0",",0","5.4",",,,0","","","","","","","","","0",",,,0","23.65",",0","27.66",",,,0","19.63",",,,0","13340",",X","50",",X","","","","","45",",X","","","9.8",",X","","","","","13.4",",X","",""
"USW00022521","1984-02","21.32402","-157.93946","1.9","HONOLULU INTERNATIONAL AIRPORT, HI US","","","","","","","","","4.6",",X","319.4","0","154.7",",0","9",",0","3",",0","0",",0","0",",0","0",",0","0",",0","0",",0","0",",0","29",",0","0",",0","","","","","19840204",",,0","19840229","+,,0","19840229","+,,0","","","19840202",",,0","19840211",",,0","13.9",",0,04,","0",",,0,29,+","0",",,0,29,+","4.3",",,0,02,","31.1",",0,11,","0.0","0","0.0",",0","15.4",",,,0","","","","","","","","","0",",,,0","23.67",",0","27.82",",,,0","19.51",",,,0","14821",",X","80",",X","","","","","45",",X","","","11.2",",X","","","","","15.4",",X","",""
"USW00022521","1984-03","21.32402","-157.93946","1.9","HONOLULU INTERNATIONAL AIRPORT, HI US","","","","","","","","","4.2",",X","503.9","0","184.5",",0","6",",0","3",",0","0",",0","0",",0","0",",0","0",",0","0",",0","0",",0","31",",0","0",",0","","","","","19840307","+,,0","19840331","+,,0","19840331","+,,0","","","19840302",",,0","19840326","+,,0","15.6",",0,07,+","0",",,0,31,+","0",",,0,31,+","14.2",",,0,02,","30.6",",0,26,+","0.0","0","0.0",",0","27.4",",,,0","","","","","","","","","0",",,,0","24.29",",0","28.70",",,,0","19.87",",,,0","15401",",X","220",",X","","","","","225",",X","","","11.2",",X","","","","","15.4",",X","",""
"USW00022521","1984-04","21.32402","-157.93946","1.9","HONOLULU INTERNATIONAL AIRPORT, HI US","","","","","","","","","5.4",",X","704.0","0","200.1",",0","11",",0","4",",0","0",",0","0",",0","0",",0","0",",0","0",",0","0",",0","30",",0","0",",0","","","","","19840427","+,,0","19840430","+,,0","19840430","+,,0","","","19840425",",,0","19840412","+,,0","20.6",",0,27,+","0",",,0,30,+","0",",,0,30,+","22.4",",,0,25,","30.0",",0,12,+","0.0","0","0.0",",0","61.3",",,,0","","","","","","","","","0",",,,0","25.00",",0","28.53",",,,0","21.48",",,,0","15938",",X","50",",X","","","","","45",",X","","","10.7",",X","","","","","16.4",",X","",""
"USW00022521","1984-05","21.32402","-157.93946","1.9","HONOLULU INTERNATIONAL AIRPORT, HI US","","","","","","","","","5.2",",X","939.6","0","235.6",",0","5",",0","0",",0","0",",0","0",",0","0",",0","0",",0","0",",0","0",",0","31",",0","0",",0","","","","","19840512",",,0","19840531","+,,0","19840531","+,,0","","","19840523",",,0","19840525",",,0","19.4",",0,12,","0",",,0,31,+","0",",,0,31,+","1.5",",,0,23,","31.7",",0,25,","0.0","0","0.0",",0","4.1",",,,0","","","","","","","","","0",",,,0","25.93",",0","29.82",",,,0","22.05",",,,0","18015",",X","80",",X","","","","","45",",X","","","9.4",",X","","","","","14.4",",X","",""
"USW00022521","1984-06","21.32402","-157.93946","1.9","HONOLULU INTERNATIONAL AIRPORT, HI US","","","","","","","","","5.5",",X","1178.5","0","238.9",",0","5",",0","0",",0","0",",0","0",",0","0",",0","0",",0","0",",0","0",",0","30",",0","0",",0","","","","","19840626",",,0","19840630","+,,0","19840630","+,,0","","","19840621",",,0","19840611",",,0","20.6",",0,26,","0",",,0,30,+","0",",,0,30,+","0.8",",,0,21,","31.7",",0,11,","0.0","0","0.0",",0","2.2",",,,0","","","","","","","","","0",",,,0","26.30",",0","30.13",",,,0","22.46",",,,0","15938",",X","80",",X","","","","","45",",X","","","9.4",",X","","","","","15.4",",X","",""
"USW00022521","1984-07","21.32402","-157.93946","1.9","HONOLULU INTERNATIONAL AIRPORT, HI US","","","","","","","","","4.9",",X","1453.5","0","275.0",",0","5",",0","0",",0","0",",0","0",",0","0",",0","0",",0","0",",0","0",",0","31",",0","12",",0","","","","","19840711",",,0","19840731","+,,0","19840731","+,,0","","","19840720",",,0","19840727","+,,0","20.0",",0,11,","0",",,0,31,+","0",",,0,31,+","2.3",",,0,20,","32.8",",0,27,+","0.0","0","0.0",",0","5.9",",,,0","","","","","","","","","0",",,,0","27.20",",0","31.53",",,,0","22.88",",,,0","18780",",X","40",",X","","","","","45",",X","","","9.8",",X","","","","","18.0",",X","",""
"USW00022521","1984-08","21.32402","-157.93946","1.9","HONOLULU INTERNATIONAL AIRPORT, HI US","","","","","","","","","5.0",",X","1740.6","0","287.1",",0","2",",0","0",",0","0",",0","0",",0","0",",0","0",",0","0",",0","0",",0","31",",0","22",",0","","","","","19840809",",,0","19840831","+,,0","19840831","+,,0","","","19840812",",,0","19840831",",,0","19.4",",0,09,","0",",,0,31,+","0",",,0,31,+","0.8",",,0,12,","33.9",",0,31,","0.0","0","0.0",",0","1.1",",,,0","","","","","","","","","0",",,,0","27.59",",0","32.21",",,,0","22.98",",,,0","19312",",X","70",",X","","","","","90",",X","","","10.3",",X","","","","","15.4",",X","",""
"USW00022521","1984-09","21.32402","-157.93946","1.9","HONOLULU INTERNATIONAL AIRPORT, HI US","","","","","","","","","4.0",",X","2011.7","0","271.1",",0","5",",0","2",",0","1",",0","0",",0","0",",0","0",",0","0",",0","0",",0","30",",0","18",",0","","","","","19840921","+,,0","19840930","+,,0","19840930","+,,0","","","19840917",",,0","19840906","+,,0","21.1",",0,21,+","0",",,0,30,+","0",",,0,30,+","30.2",",,0,17,","33.9",",0,06,+","0.0","0","0.0",",0","34.5",",,,0","","","","","","","","","0",",,,0","27.37",",0","32.09",",,,0","22.65",",,,0","16093",",X","70",",X","","","","","45",",X","","","9.4",",X","","","","","12.9",",X","",""
"USW00022521","1984-10","21.32402","-157.93946","1.9","HONOLULU INTERNATIONAL AIRPORT, HI US","","","","","","","","","3.4",",X","2272.9","0","261.2",",0","4",",0","2",",0","1",",0","0",",0","0",",0","0",",0","0",",0","0",",0","31",",0","11",",0","","","","","19841030","+,,0","19841031","+,,0","19841031","+,,0","1","","19841029",",,0","19841006",",,0","20.6",",0,30,+","0",",,0,31,+","0",",,0,31,+","33.0",",,0,29,","34.4",",0,06,","0.0","0","0.0",",0","48.0",",,,0","","","","","","","","","0",",,,0","26.76",",0","31.33",",,,0","22.19",",,,0","16137",",X","140",",X","","","","","45",",X","","","9.4",",X","","","","","12.9",",X","",""
"USW00022521","1984-11","21.32402","-157.93946","1.9","HONOLULU INTERNATIONAL AIRPORT, HI US","","","","","","","","","4.7",",X","2505.1","0","232.2",",0","11",",0","6",",0","1",",0","0",",0","0",",0","0",",0","0",",0","0",",0","30",",0","0",",0","","","","","19841126","+,,0","19841130","+,,0","19841130","+,,0","","","19841125",",,0","19841101",",,0","20.0",",0,26,+","0",",,0,30,+","0",",,0,30,+","51.3",",,0,25,","31.1",",0,01,","0.0","0","0.0",",0","91.0",",,,0","","","","","","","","","0",",,,0","26.07",",0","29.37",",,,0","22.77",",,,0","11665",",X","80",",X","","","","","90",",X","","","9.4",",X","","","","","14.4",",X","",""
"USW00022521","1984-12","21.32402","-157.93946","1.9","HONOLULU INTERNATIONAL AIRPORT, HI US","","","","","","","","","4.2",",X","2662.0","0","156.9",",0","13",",0","7",",0","2",",0","0",",0","0",",0","0",",0","0",",0","0",",0","31",",0","0",",0","","","","","19841231",",,0","19841231","+,,0","19841231","+,,0","1","","19841225",",,0","19841201",",,0","14.4",",0,31,","0",",,0,31,+","0",",,0,31,+","73.2",",,0,25,","29.4",",0,01,","0.0","0","0.0",",0","138.2",",,,0","","","","","","","","","0",",,,0","23.40",",0","27.39",",,,0","19.40",",,,0","15213",",X","70",",X","","","","","45",",X","","","12.5",",X","","","","","17.5",",X","",""
"USW00022521","1985-01","21.32402","-157.93946","1.9","HONOLULU INTERNATIONAL AIRPORT, HI US","","","","","","","","","3.3",",X","109.3","0","109.3",",0","10",",0","4",",0","0",",0","0",",0","0",",0","0",",0","0",",0","0",",0","31",",0","0",",0","","","","","19850131",",,0","19850131","+,,0","19850131","+,,0","","","19850111",",,0","19850120",",,0","13.9",",0,31,","0",",,0,31,+","0",",,0,31,+","12.4",",,0,11,","28.3",",0,20,","0.0","0","0.0",",0","37.4",",,,0","","","","","","","","","0",",,,0","21.86",",0","26.46",",,,0","17.26",",,,0","13695",",X","270",",X","","","","","180",",X","","","13.0",",X","","","","","17.0",",X","",""
"USW00022521","1985-02","21.32402","-157.93946","1.9","HONOLULU INTERNATIONAL AIRPORT, HI US","","","","","","","","","4.5",",X","247.6","0","138.3",",0","8",",0","6",",0","2",",0","0",",0","0",",0","0",",0","0",",0","0",",0","28",",0","0",",0","","","","","19850201",",,0","19850228","+,,0","19850228","+,,0","4","","19850226",",,0","19850225","+,,0","12.2",",0,01,","0",",,0,28,+","0",",,0,28,+","30.7",",,0,26,","28.3",",0,25,+","0.3","0","0.3",",0","98.4",",,,0","","","","","","","","","0",",,,0","23.26",",0","27.24",",,,0","19.29",",,,0","11699",",X","170",",X","","","","","90",",X","","","11.2",",X","","","","","15.4",",X","",""
"USW00022521","1985-03","21.32402","-157.93946","1.9","HONOLULU INTERNATIONAL AIRPORT, HI US","","","","","","","","","6.7",",X","410.9","0","163.3",",0","12",",0","4",",0","0",",0","0",",0","0",",0","0",",0","0",",0","0",",0","31",",0","0",",0","","","","","19850331","+,,0","19850331","+,,0","19850331","+,,0","","","19850306",",,0","19850331","+,,0","18.3",",0,31,+","0",",,0,31,+","0",",,0,31,+","6.9",",,0,06,","28.9",",0,31,+","0.3","0","0.0",",0","32.2",",,,0","","","","","","","","","0",",,,0","23.60",",0","26.78",",,,0","20.42",",,,0","13141",",X","80",",X","","","","","45",",X","","","13.4",",X","","","","","20.6",",X","",""
"USW00022521","1985-04","21.32402","-157.93946","1.9","HONOLULU INTERNATIONAL AIRPORT, HI US","","","","","","","","","4.9",",X","569.7","0","158.8",",0","4",",0","1",",0","0",",0","0",",0","0",",0","0",",0","0",",0","0",",0","30",",0","0",",0","","","","","19850407",",,0","19850430","+,,0","19850430","+,,0","","","19850422",",,0","19850413",",,0","13.9",",0,07,","0",",,0,30,+","0",",,0,30,+","3.6",",,0,22,","30.0",",0,13,","0.3","0","0.0",",0","5.2",",,,0","","","","","","","","","0",",,,0","23.63",",0","28.12",",,,0","19.13",",,,0","16450",",X","50",",X","","","","","90",",X","","","10.3",",X","","","","","14.9",",X","",""
"USW00022521","1985-05","21.32402","-157.93946","1.9","HONOLULU INTERNATIONAL AIRPORT, HI US","","","","","","","","","5.7",",X","767.6","0","197.9",",0","9",",0","3",",0","0",",0","0",",0","0",",0","0",",0","0",",0","0",",0","31",",0","0",",0","","","","","19850520",",,0","19850531","+,,0","19850531","+,,0","","","19850506",",,0","19850524","+,,0","15.6",",0,20,","0",",,0,31,+","0",",,0,31,+","14.2",",,0,06,","30.6",",0,24,+","0.3","0","0.0",",0","28.4",",,,0","","","","","","","","","0",",,,0","24.72",",0","28.74",",,,0","20.69",",,,0","15929",",X","130",",X","","","","","90",",X","","","13.4",",X","","","","","17.5",",X","",""
"USW00022521","1985-06","21.32402","-157.93946","1.9","HONOLULU INTERNATIONAL AIRPORT, HI US","","","","","","","","","5.2",",X","1004.9","0","237.3",",0","4",",0","0",",0","0",",0","0",",0","0",",0","0",",0","0",",0","0",",0","30",",0","1",",0","","","","","19850627","+,,0","19850630","+,,0","19850630","+,,0","","","19850619",",,0","19850628",",,0","19.4",",0,27,+","0",",,0,30,+","0",",,0,30,+","1.8",",,0,19,","32.2",",0,28,","0.3","0","0.0",",0","3.4",",,,0","","","","","","","","","0",",,,0","26.24",",0","30.85",",,,0","21.63",",,,0","19261",",X","50",",X","","","","","45",",X","","","9.4",",X","","","","","14.9",",X","",""
"USW00022521","1985-07","21.32402","-157.93946","1.9","HONOLULU INTERNATIONAL AIRPORT, HI US","","","","","","","","","5.6",",X","1290.0","0","285.1",",0","6",",0","3",",0","0",",0","0",",0","0",",0","0",",0","0",",0","0",",0","31",",0","14",",0","","","","","19850706",",,0","19850731","+,,0","19850731","+,,0","1","","19850731",",,0","19850713",",,0","20.6",",0,06,","0",",,0,31,+","0",",,0,31,+","4.3",",,0,31,","33.3",",0,13,","0.0","0","0.0",",0","13.5",",,,0","","","","","","","","","0",",,,0","27.53",",0","32.02",",,,0","23.04",",,,0","19999",",X","50",",X","","","","","45",",X","","","10.3",",X","","","","","14.4",",X","",""
"USW00022521","1985-08","21.32402","-157.93946","1.9","HONOLULU INTERNATIONAL AIRPORT, HI US","","","","","","","","","5.2",",X","1581.1","0","291.1",",0","3",",0","1",",0","0",",0","0",",0","0",",0","0",",0","0",",0","0",",0","31",",0","22",",0","","","","","19850818",",,0","19850831","+,,0","19850831","+,,0","","","19850825",",,0","19850811",",,0","20.6",",0,18,","0",",,0,31,+","0",",,0,31,+","2.5",",,0,25,","33.3",",0,11,","0.0","0","0.0",",0","4.1",",,,0","","","","","","","","","0",",,,0","27.72",",0","32.12",",,,0","23.33",",,,0","18308",",X","50",",X","","","","","45",",X","","","9.8",",X","","","","","13.9",",X","",""
"USW00022521","1985-09","21.32402","-157.93946","1.9","HONOLULU INTERNATIONAL AIRPORT, HI US","","","","","","","","","4.2",",X","1849.0","0","267.9",",0","10",",0","2",",0","0",",0","0",",0","0",",0","0",",0","0",",0","0",",0","30",",0","12",",0","","","","","19850912",",,0","19850930","+,,0","19850930","+,,0","1","","19850923",",,0","19850916","+,,0","18.9",",0,12,","0",",,0,30,+","0",",,0,30,+","19.8",",,0,23,","33.9",",0,16,+","0.0","0","0.0",",0","32.6",",,,0","","","","","","","","","0",",,,0","27.26",",0","31.93",",,,0","22.59",",,,0","16270",",X","80",",X","","","","","45",",X","","","9.8",",X","","","","","14.4",",X","",""
"USW00022521","1985-10","21.32402","-157.93946","1.9","HONOLULU INTERNATIONAL AIRPORT, HI US","","","","","","","","","4.5",",X","2103.3","0","254.3",",0","8",",0","4",",0","2",",0","0",",0","0",",0","0",",0","0",",0","0",",0","31",",0","4",",0","","","","","19851018","+,,0","19851031","+,,0","19851031","+,,0","1","","19851020",",,0","19851005",",,0","20.0",",0,18,+","0",",,0,31,+","0",",,0,31,+","78.5",",,0,20,","32.8",",0,05,","0.0","0","0.0",",0","129.2",",,,0","","","","","","","","","0",",,,0","26.54",",0","30.61",",,,0","22.46",",,,0","13236",",X","70",",X","","","","","45",",X","","","10.3",",X","","","","","14.4",",X","",""
"USW00022521","1985-11","21.32402","-157.93946","1.9","HONOLULU INTERNATIONAL AIRPORT, HI US","","","","","","","","","3.3",",X","2270.9","0","167.6",",0","11",",0","8",",0","0",",0","0",",0","0",",0","0",",0","0",",0","0",",0","30",",0","0",",0","","","","","19851129","+,,0","19851130","+,,0","19851130","+,,0","1","","19851118",",,0","19851114",",,0","15.0",",0,29,+","0",",,0,30,+","0",",,0,30,+","11.7",",,0,18,","30.6",",0,14,","0.0","0","0.0",",0","53.7",",,,0","","","","","","","","","0",",,,0","23.92",",0","28.21",",,,0","19.63",",,,0","12099",",X","320",",X","","","","","360",",X","","","10.7",",X","","","","","17.5",",X","",""
"USW00022521","1985-12","21.32402","-157.93946","1.9","HONOLULU INTERNATIONAL AIRPORT, HI US","","","","","","","","","4.0",",X","2412.5","0","141.6",",0","2",",0","1",",0","0",",0","0",",0","0",",0","0",",0","0",",0","0",",0","31",",0","0",",0","","","","","19851216",",,0","19851231","+,,0","19851231","+,,0","","","19851224",",,0","19851222","+,,0","14.4",",0,16,","0",",,0,31,+","0",",,0,31,+","4.1",",,0,24,","28.9",",0,22,+","0.0","0","0.0",",0","4.9",",,,0","","","","","","","","","0",",,,0","22.90",",0","27.43",",,,0","18.37",",,,0","14575",",X","70",",X","","","","","45",",X","","","12.5",",X","","","","","18.0",",X","",""
"USW00022521","1986-01","21.32402","-157.93946","1.9","HONOLULU INTERNATIONAL AIRPORT, HI US","","","","","","","","","3.6",",X","134.2","0","134.2",",0","3",",0","0",",0","0",",0","0",",0","0",",0","0",",0","0",",0","0",",0","31",",0","0",",0","","","","","19860128","+,,0","19860131","+,,0","19860131","+,,0","","","19860129",",,0","19860120",",,0","14.4",",0,28,+","0",",,0,31,+","0",",,0,31,+","2.3",",,0,29,","30.6",",0,20,","0.0","0","0.0",",0","4.6",",,,0","","","","","","","","","0",",,,0","22.66",",0","27.78",",,,0","17.55",",,,0","17053",",X","60",",X","","","","","45",",X","","","9.4",",X","","","","","15.4",",X","",""
"USW00022521","1986-02","21.32402","-157.93946","1.9","HONOLULU INTERNATIONAL AIRPORT, HI US","","","","","","","","","3.5",",X","250.9","0","116.7",",0","7",",0","3",",0","0",",0","0",",0","0",",0","0",",0","0",",0","0",",0","28",",0","0",",0","","","","","19860217","+,,0","19860228","+,,0","19860228","+,,0","","","19860215",",,0","19860203",",,0","13.3",",0,17,+","0",",,0,28,+","0",",,0,28,+","16.5",",,0,15,","30.0",",0,03,","0.0","0","0.0",",0","35.2",",,,0","","","","","","","","","0",",,,0","22.50",",0","27.97",",,,0","17.03",",,,0","14846",",X","270",",X","","","","","270",",X","","","11.2",",X","","","","","17.5",",X","",""
"USW00022521","1986-03","21.32402","-157.93946","1.9","HONOLULU INTERNATIONAL AIRPORT, HI US","","","","","","","","","4.4",",X","448.8","0","197.9",",0","8",",0","0",",0","0",",0","0",",0","0",",0","0",",0","0",",0","0",",0","31",",0","0",",0","","","","","19860303",",,0","19860331","+,,0","19860331","+,,0","1","","19860316",",,0","19860309",",,0","16.1",",0,03,","0",",,0,31,+","0",",,0,31,+","1.5",",,0,16,","31.1",",0,09,","0.0","0","0.0",",0","4.5",",,,0","","","","","","","","","0",",,,0","24.72",",0","29.15",",,,0","20.29",",,,0","17925",",X","40",",X","","","","","45",",X","","","9.8",",X","","","","","14.9",",X","",""
"USW00022521","1986-04","21.32402","-157.93946","1.9","HONOLULU INTERNATIONAL AIRPORT, HI US","","","","","","","","","5.8",",X","657.1","0","208.3",",0","6",",0","2",",0","0",",0","0",",0","0",",0","0",",0","0",",0","0",",0","30",",0","0",",0","","","","","19860418",",,0","19860430","+,,0","19860430","+,,0","","","19860403",",,0","19860420","+,,0","19.4",",0,18,","0",",,0,30,+","0",",,0,30,+","4.3",",,0,03,","31.1",",0,20,+","0.0","0","0.0",",0","8.9",",,,0","","","","","","","","","0",",,,0","25.28",",0","29.05",",,,0","21.50",",,,0","15978",",X","70",",X","","","","","45",",X","","","11.2",",X","","","","","18.5",",X","",""
"USW00022521","1986-05","21.32402","-157.93946","1.9","HONOLULU INTERNATIONAL AIRPORT, HI US","","","","","","","","","4.4",",X","885.5","0","228.4",",0","5",",0","3",",0","0",",0","0",",0","0",",0","0",",0","0",",0","0",",0","31",",0","0",",0","1","","","","19860523",",,0","19860531","+,,0","19860531","+,,0","","","19860510",",,0","19860524","+,,0","18.9",",0,23,","0",",,0,31,+","0",",,0,31,+","9.4",",,0,10,","31.1",",0,24,+","0.0","0","0.0",",0","20.6",",,,0","","","","","","","","","0",",,,0","25.70",",0","30.13",",,,0","21.28",",,,0","18944",",X","60",",X","","","","","45",",X","","","11.2",",X","","","","","15.4",",X","",""
"USW00022521","1986-06","21.32402","-157.93946","1.9","HONOLULU INTERNATIONAL AIRPORT, HI US","","","","","","","","","5.7",",X","1136.1","0","250.6",",0","7",",0","1",",0","0",",0","0",",0","0",",0","0",",0","0",",0","0",",0","30",",0","0",",0","","","","","19860601",",,0","19860630","+,,0","19860630","+,,0","","","19860610",",,0","19860630","+,,0","20.0",",0,01,","0",",,0,30,+","0",",,0,30,+","6.1",",,0,10,","31.7",",0,30,+","0.0","0","0.0",",0","9.3",",,,0","","","","","","","","","0",",,,0","26.69",",0","30.80",",,,0","22.57",",,,0","19731",",X","30",",X","","","","","45",",X","","","11.2",",X","","","","","15.4",",X","",""
"USW00022521","1986-07","21.32402","-157.93946","1.9","HONOLULU INTERNATIONAL AIRPORT, HI US","","","","","","","","","5.4",",X","1420.7","0","284.6",",0","11",",0","2",",0","0",",0","0",",0","0",",0","0",",0","0",",0","0",",0","31",",0","9",",0","","","","","19860720",",,0","19860731","+,,0","19860731","+,,0","2","","19860725",",,0","19860723",",,0","21.1",",0,20,","0",",,0,31,+","0",",,0,31,+","18.3",",,0,25,","33.3",",0,23,","0.0","0","0.0",",0","39.5",",,,0","","","","","","","","","0",",,,0","27.51",",0","31.61",",,,0","23.42",",,,0","19188",",X","70",",X","","","","","45",",X","","","10.3",",X","","","","","14.4",",X","",""
"USW00022521","1986-08","21.32402","-157.93946","1.9","HONOLULU INTERNATIONAL AIRPORT, HI US","","","","","","","","","5.0",",X","1728.6","0","307.9",",0","7",",0","2",",0","0",",0","0",",0","0",",0","0",",0","0",",0","0",",0","31",",0","20",",0","","","","","19860820",",,0","19860831","+,,0","19860831","+,,0","","","19860819",",,0","19860820",",,0","21.1",",0,20,","0",",,0,31,+","0",",,0,31,+","15.5",",,0,19,","33.9",",0,20,","0.0","0","0.0",",0","22.9",",,,0","","","","","","","","","0",",,,0","28.26",",0","32.31",",,,0","24.22",",,,0","18189",",X","50",",X","","","","","45",",X","","","9.4",",X","","","","","13.4",",X","",""
"USW00022521","1986-09","21.32402","-157.93946","1.9","HONOLULU INTERNATIONAL AIRPORT, HI US","","","","","","","","","3.4",",X","2013.4","0","284.8",",0","8",",0","5",",0","0",",0","0",",0","0",",0","0",",0","0",",0","0",",0","30",",0","20",",0","","","","","19860919",",,0","19860930","+,,0","19860930","+,,0","3","","19860913",",,0","19860907","+,,0","21.1",",0,19,","0",",,0,30,+","0",",,0,30,+","22.1",",,0,13,","34.4",",0,07,+","0.0","0","0.0",",0","50.8",",,,0","","","","","","","","","0",",,,0","27.83",",0","32.31",",,,0","23.35",",,,0","16896",",X","70",",X","","","","","45",",X","","","8.9",",X","","","","","14.4",",X","",""
"USW00022521","1986-10","21.32402","-157.93946","1.9","HONOLULU INTERNATIONAL AIRPORT, HI US","","","","","","","","","4.1",",X","2280.8","0","267.4",",0","7",",0","4",",0","0",",0","0",",0","0",",0","0",",0","0",",0","0",",0","31",",0","12",",0","","","","","19861029",",,0","19861031","+,,0","19861031","+,,0","","","19861019",",,0","19861001",",,0","19.4",",0,29,","0",",,0,31,+","0",",,0,31,+","15.0",",,0,19,","33.3",",0,01,","0.0","0","0.0",",0","31.3",",,,0","","","","","","","","","0",",,,0","26.96",",0","31.38",",,,0","22.54",",,,0","16184",",X","60",",X","","","","","45",",X","","","8.9",",X","","","","","13.9",",X","",""
"USW00022521","1986-11","21.32402","-157.93946","1.9","HONOLULU INTERNATIONAL AIRPORT, HI US","","","","","","","","","5.1",",X","2517.3","0","236.5",",0","10",",0","4",",0","2",",0","0",",0","0",",0","0",",0","0",",0","0",",0","30",",0","3",",0","","","","","19861106","+,,0","19861130","+,,0","19861130","+,,0","1","","19861111",",,0","19861106",",,0","19.4",",0,06,+","0",",,0,30,+","0",",,0,30,+","50.5",",,0,11,","33.9",",0,06,","0.0","0","0.0",",0","107.4",",,,0","","","","","","","","","0",",,,0","26.22",",0","30.00",",,,0","22.43",",,,0","13048",",X","60",",X","","","","","45",",X","","","13.4",",X","","","","","18.0",",X","",""
"USW00022521","1986-12","21.32402","-157.93946","1.9","HONOLULU INTERNATIONAL AIRPORT, HI US","","","","","","","","","4.0",",X","2689.8","0","172.5",",0","9",",0","3",",0","0",",0","0",",0","0",",0","0",",0","0",",0","0",",0","31",",0","0",",0","","","","","19861207",",,0","19861231","+,,0","19861231","+,,0","1","","19861205",",,0","19861224","+,,0","14.4",",0,07,","0",",,0,31,+","0",",,0,31,+","7.6",",,0,05,","30.0",",0,24,+","0.0","0","0.0",",0","19.8",",,,0","","","","","","","","","0",",,,0","23.90",",0","28.42",",,,0","19.37",",,,0","15089",",X","30",",X","","","","","360",",X","","","11.2",",X","","","","","15.4",",X","",""
"USW00022521","1987-01","21.32402","-157.93946","1.9","HONOLULU INTERNATIONAL AIRPORT, HI US","","","","","","","","","4.1",",X","143.8","0","143.8",",0","7",",0","1",",0","0",",0","0",",0","0",",0","0",",0","0",",0","0",",0","31",",0","0",",0","","","","","19870130","+,,0","19870131","+,,0","19870131","+,,0","","","19870125",",,0","19870103",",,0","17.2",",0,30,+","0",",,0,31,+","0",",,0,31,+","4.8",",,0,25,","30.6",",0,03,","0.0","0","0.0",",0","10.6",",,,0","","","","","","","","","0",",,,0","22.97",",0","27.18",",,,0","18.76",",,,0","14429",",X","40",",X","","","","","45",",X","","","13.0",",X","","","","","18.5",",X","",""
"USW00022521","1987-02","21.32402","-157.93946","1.9","HONOLULU INTERNATIONAL AIRPORT, HI US","","","","","","","","","3.3",",X","239.2","0","95.4",",0","8",",0","3",",0","0",",0","0",",0","0",",0","0",",0","0",",0","0",",0","28",",0","0",",0","","","","","19870228","+,,0","19870228","+,,0","19870228","+,,0","","","19870213",",,0","19870211","+,,0","12.8",",0,28,+","0",",,0,28,+","0",",,0,28,+","10.2",",,0,13,","28.9",",0,11,+","0.0","0","0.0",",0","21.9",",,,0","","","","","","","","","0",",,,0","21.74",",0","26.87",",,,0","16.61",",,,0","14065",",X","60",",X","","","","","270",",X","","","9.4",",X","","","","","13.9",",X","",""
"USW00022521","1987-03","21.32402","-157.93946","1.9","HONOLULU INTERNATIONAL AIRPORT, HI US","","","","","","","","","4.5",",X","393.6","0","154.4",",0","6",",0","2",",0","0",",0","0",",0","0",",0","0",",0","0",",0","0",",0","31",",0","0",",0","","","","","19870301",",,0","19870331","+,,0","19870331","+,,0","","","19870324",",,0","19870316",",,0","14.4",",0,01,","0",",,0,31,+","0",",,0,31,+","3.8",",,0,24,","31.1",",0,16,","0.0","0","0.0",",0","8.0",",,,0","","","","","","","","","0",",,,0","23.31",",0","28.16",",,,0","18.46",",,,0","17739",",X","270",",X","","","","","270",",X","","","12.5",",X","","","","","16.4",",X","",""
"USW00022521","1987-04","21.32402","-157.93946","1.9","HONOLULU INTERNATIONAL AIRPORT, HI US","","","","","","","","","4.8",",X","575.4","0","181.8",",0","10",",0","2",",0","0",",0","0",",0","0",",0","0",",0","0",",0","0",",0","30",",0","0",",0","","","","","19870422",",,0","19870430","+,,0","19870430","+,,0","","","19870421",",,0","19870419","+,,0","17.8",",0,22,","0",",,0,30,+","0",",,0,30,+","7.6",",,0,21,","30.0",",0,19,+","0.0","0","0.0",",0","16.7",",,,0","","","","","","","","","0",",,,0","24.39",",0","28.64",",,,0","20.15",",,,0","18021",",X","40",",X","","","","","45",",X","","","12.5",",X","","","","","17.0",",X","",""
"USW00022521","1987-05","21.32402","-157.93946","1.9","HONOLULU INTERNATIONAL AIRPORT, HI US","","","","","","","","","4.1",",X","758.3","0","182.9",",0","8",",0","3",",0","0",",0","0",",0","0",",0","0",",0","0",",0","0",",0","31",",0","1",",0","","","","","19870510",",,0","19870531","+,,0","19870531","+,,0","1","","19870522",",,0","19870529",",,0","16.1",",0,10,","0",",,0,31,+","0",",,0,31,+","8.6",",,0,22,","33.3",",0,29,","0.0","0","0.0",",0","18.6",",,,0","","","","","","","","","0",",,,0","24.23",",0","28.88",",,,0","19.58",",,,0","19141",",X","40",",X","","","","","45",",X","","","11.2",",X","","","","","16.4",",X","",""
"USW00022521","1987-06","21.32402","-157.93946","1.9","HONOLULU INTERNATIONAL AIRPORT, HI US","","","","","","","","","5.1",",X","1013.7","0","255.4",",0","6",",0","2",",0","0",",0","0",",0","0",",0","0",",0","0",",0","0",",0","30",",0","10",",0","","","","","19870602",",,0","19870630","+,,0","19870630","+,,0","","","19870612",",,0","19870626","+,,0","18.9",",0,02,","0",",,0,30,+","0",",,0,30,+","7.1",",,0,12,","33.3",",0,26,+","0.0","0","0.0",",0","11.7",",,,0","","","","","","","","","0",",,,0","26.85",",0","31.26",",,,0","22.44",",,,0","20889",",X","60",",X","","","","","45",",X","","","10.3",",X","","","","","14.4",",X","",""
"USW00022521","1987-07","21.32402","-157.93946","1.9","HONOLULU INTERNATIONAL AIRPORT, HI US","","","","","","","","","5.3",",X","1307.4","0","293.7",",0","7",",0","1",",0","0",",0","0",",0","0",",0","0",",0","0",",0","0",",0","31",",0","20",",0","","","","","19870727","+,,0","19870731","+,,0","19870731","+,,0","","","19870714",",,0","19870729","+,,0","22.2",",0,27,+","0",",,0,31,+","0",",,0,31,+","4.6",",,0,14,","33.3",",0,29,+","0.0","0","0.0",",0","8.5",",,,0","","","","","","","","","0",",,,0","27.81",",0","32.20",",,,0","23.41",",,,0","21634",",X","60",",X","","","","","45",",X","","","9.8",",X","","","","","14.4",",X","",""
"USW00022521","1987-08","21.32402","-157.93946","1.9","HONOLULU INTERNATIONAL AIRPORT, HI US","","","","","","","","","4.5",",X","1612.1","0","304.7",",0","4",",0","1",",0","0",",0","0",",0","0",",0","0",",0","0",",0","0",",0","31",",0","28",",0","","","","","19870830",",,0","19870831","+,,0","19870831","+,,0","1","","19870816",",,0","19870825","+,,0","20.0",",0,30,","0",",,0,31,+","0",",,0,31,+","3.0",",,0,16,","33.9",",0,25,+","0.0","0","0.0",",0","5.5",",,,0","","","","","","","","","0",",,,0","28.16",",0","32.83",",,,0","23.49",",,,0","21016",",X","60",",X","","","","","45",",X","","","9.8",",X","","","","","13.9",",X","",""
"USW00022521","1987-09","21.32402","-157.93946","1.9","HONOLULU INTERNATIONAL AIRPORT, HI US","","","","","","","","","4.6",",X","1910.4","0","298.3",",0","4",",0","1",",0","1",",0","0",",0","0",",0","0",",0","0",",0","0",",0","30",",0","24",",0","","","","","19870921",",,0","19870930","+,,0","19870930","+,,0","4","","19870911",",,0","19870905",",,0","20.0",",0,21,","0",",,0,30,+","0",",,0,30,+","26.4",",,0,11,","34.4",",0,05,","0.0","0","0.0",",0","28.7",",,,0","","","","","","","","","0",",,,0","28.28",",0","32.59",",,,0","23.96",",,,0","17279",",X","70",",X","","","","","45",",X","","","9.8",",X","","","","","12.9",",X","",""
"USW00022521","1987-10","21.32402","-157.93946","1.9","HONOLULU INTERNATIONAL AIRPORT, HI US","","","","","","","","","4.3",",X","2192.8","0","282.4",",0","9",",0","0",",0","0",",0","0",",0","0",",0","0",",0","0",",0","0",",0","31",",0","9",",0","","","","","19871014",",,0","19871031","+,,0","19871031","+,,0","1","","19871018",",,0","19871010",",,0","19.4",",0,14,","0",",,0,31,+","0",",,0,31,+","1.3",",,0,18,","33.3",",0,10,","0.0","0","0.0",",0","5.4",",,,0","","","","","","","","","0",",,,0","27.44",",0","31.48",",,,0","23.40",",,,0","12035",",X","60",",X","","","","","45",",X","","","8.9",",X","","","","","12.9",",X","",""
"USW00022521","1987-11","21.32402","-157.93946","1.9","HONOLULU INTERNATIONAL AIRPORT, HI US","","","","","","","","","4.7",",X","2422.0","0","229.2",",0","12",",0","3",",0","0",",0","0",",0","0",",0","0",",0","0",",0","0",",0","30",",0","1",",0","","","","","19871116",",,0","19871130","+,,0","19871130","+,,0","","","19871114",",,0","19871112",",,0","18.9",",0,16,","0",",,0,30,+","0",",,0,30,+","9.4",",,0,14,","32.2",",0,12,","0.0","0","0.0",",0","23.6",",,,0","","","","","","","","","0",",,,0","25.97",",0","29.87",",,,0","22.07",",,,0","12353",",X","50",",X","","","","","45",",X","","","10.3",",X","","","","","14.9",",X","",""
"USW00022521","1987-12","21.32402","-157.93946","1.9","HONOLULU INTERNATIONAL AIRPORT, HI US","","","","","","","","","3.9",",X","2606.9","0","184.9",",0","18",",0","10",",0","4",",0","0",",0","0",",0","0",",0","0",",0","0",",0","31",",0","0",",0","","","","","19871228",",,0","19871231","+,,0","19871231","+,,0","3","","19871212",",,0","19871209","+,,0","17.8",",0,28,","0",",,0,31,+","0",",,0,31,+","200.4",",,0,12,","30.0",",0,09,+","0.0","0","0.0",",0","439.3",",,,0","","","","","","","","","0",",,,0","24.30",",0","27.88",",,,0","20.71",",,,0","6797",",X","120",",X","","","","","135",",X","","","11.6",",X","","","","","16.4",",X","",""
"USW00022521","1988-01","21.32402","-157.93946","1.9","HONOLULU INTERNATIONAL AIRPORT, HI US","","","","","","","","","3.4",",X","139.0","0","139.0",",0","6",",0","6",",0","1",",0","0",",0","0",",0","0",",0","0",",0","0",",0","31",",0","0",",0","","","","","19880105",",,0","19880131","+,,0","19880131","+,,0","","","19880118",",,0","19880112",",,0","15.6",",0,05,","0",",,0,31,+","0",",,0,31,+","30.7",",,0,18,","30.0",",0,12,","0.0","0","0.0",",0","77.5",",,,0","","","","","","","","","0",",,,0","22.82",",0","26.83",",,,0","18.80",",,,0","15247",",X","60",",X","","","","","360",",X","","","8.9",",X","","","","","15.4",",X","",""
"USW00022521","1988-02","21.32402","-157.93946","1.9","HONOLULU INTERNATIONAL AIRPORT, HI US","","","","","","","","","3.7",",X","295.9","0","156.9",",0","6",",0","2",",0","1",",0","0",",0","0",",0","0",",0","0",",0","0",",0","29",",0","0",",0","","","","","19880219",",,0","19880229","+,,0","19880229","+,,0","","","19880221",",,0","19880224","+,,0","16.7",",0,19,","0",",,0,29,+","0",",,0,29,+","25.9",",,0,21,","28.9",",0,24,+","0.0","0","0.0",",0","33.3",",,,0","","","","","","","","","0",",,,0","23.74",",0","27.79",",,,0","19.69",",,,0","16833",",X","40",",X","","","","","45",",X","","","10.7",",X","","","","","17.0",",X","",""
"USW00022521","1988-03","21.32402","-157.93946","1.9","HONOLULU INTERNATIONAL AIRPORT, HI US","","","","","","","","","3.7",",X","484.7","0","188.8",",0","8",",0","3",",0","0",",0","0",",0","0",",0","0",",0","0",",0","0",",0","31",",0","0",",0","","","","","19880313",",,0","19880331","+,,0","19880331","+,,0","3","","19880316",",,0","19880328",",,0","16.7",",0,13,","0",",,0,31,+","0",",,0,31,+","4.3",",,0,16,","30.6",",0,28,","0.0","0","0.0",",0","17.1",",,,0","","","","","","","","","0",",,,0","24.42",",0","28.81",",,,0","20.04",",,,0","19959",",X","70",",X","","","","","45",",X","","","8.9",",X","","","","","13.4",",X","",""
"USW00022521","1988-04","21.32402","-157.93946","1.9","HONOLULU INTERNATIONAL AIRPORT, HI US","","","","","","","","","4.6",",X","688.8","0","204.1",",0","7",",0","2",",0","0",",0","0",",0","0",",0","0",",0","0",",0","0",",0","30",",0","0",",0","","","","","19880414",",,0","19880430","+,,0","19880430","+,,0","","","19880403",",,0","19880408",",,0","18.3",",0,14,","0",",,0,30,+","0",",,0,30,+","4.3",",,0,03,","31.7",",0,08,","0.0","0","0.0",",0","12.7",",,,0","","","","","","","","","0",",,,0","25.14",",0","29.32",",,,0","20.95",",,,0","18583",",X","30",",X","","","","","45",",X","","","9.4",",X","","","","","13.4",",X","",""
"USW00022521","1988-05","21.32402","-157.93946","1.9","HONOLULU INTERNATIONAL AIRPORT, HI US","","","","","","","","","4.3",",X","928.4","0","239.6",",0","14",",0","3",",0","0",",0","0",",0","0",",0","0",",0","0",",0","0",",0","31",",0","2",",0","","","","","19880511",",,0","19880531","+,,0","19880531","+,,0","","","19880504",",,0","19880531",",,0","20.0",",0,11,","0",",,0,31,+","0",",,0,31,+","12.4",",,0,04,","33.9",",0,31,","0.0","0","0.0",",0","32.0",",,,0","","","","","","","","","0",",,,0","26.06",",0","30.11",",,,0","22.02",",,,0","15123",",X","60",",X","","","","","45",",X","","","8.0",",X","","","","","12.9",",X","",""
"USW00022521","1988-06","21.32402","-157.93946","1.9","HONOLULU INTERNATIONAL AIRPORT, HI US","","","","","","","","","4.9",",X","1191.5","0","263.1",",0","1",",0","0",",0","0",",0","0",",0","0",",0","0",",0","0",",0","0",",0","30",",0","3",",0","","","","","19880608",",,0","19880630","+,,0","19880630","+,,0","","","19880605",",,0","19880630","+,,0","21.1",",0,08,","0",",,0,30,+","0",",,0,30,+","1.0",",,0,05,","32.2",",0,30,+","0.0","0","0.0",",0","1.0",",,,0","","","","","","","","","0",",,,0","27.10",",0","31.19",",,,0","23.02",",,,0","18260",",X","70",",X","","","","","45",",X","","","9.4",",X","","","","","14.4",",X","",""
"USW00022521","1988-07","21.32402","-157.93946","1.9","HONOLULU INTERNATIONAL AIRPORT, HI US","","","","","","","","","5.1",",X","1479.9","0","288.4",",0","5",",0","0",",0","0",",0","0",",0","0",",0","0",",0","0",",0","0",",0","31",",0","12",",0","","","","","19880725","+,,0","19880731","+,,0","19880731","+,,0","","","19880707",",,0","19880724","+,,0","21.1",",0,25,+","0",",,0,31,+","0",",,0,31,+","1.8",",,0,07,","32.8",",0,24,+","0.0","0","0.0",",0","3.2",",,,0","","","","","","","","","0",",,,0","27.64",",0","31.83",",,,0","23.45",",,,0","19540",",X","40",",X","","","","","45",",X","","","9.8",",X","","","","","15.9",",X","",""
"USW00022521","1988-08","21.32402","-157.93946","1.9","HONOLULU INTERNATIONAL AIRPORT, HI US","","","","","","","","","4.8",",X","1774.3","0","294.4",",0","7",",0","1",",0","0",",0","0",",0","0",",0","0",",0","0",",0","0",",0","31",",0","21",",0","","","","","19880824",",,0","19880831","+,,0","19880831","+,,0","1","","19880811",",,0","19880825","+,,0","21.1",",0,24,","0",",,0,31,+","0",",,0,31,+","2.8",",,0,11,","32.8",",0,25,+","0.0","0","0.0",",0","8.8",",,,0","","","","","","","","","0",",,,0","27.83",",0","32.10",",,,0","23.56",",,,0","17867",",X","70",",X","","","","","45",",X","","","9.4",",X","","","","","13.4",",X","",""
"USW00022521","1988-09","21.32402","-157.93946","1.9","HONOLULU INTERNATIONAL AIRPORT, HI US","","","","","","","","","4.9",",X","2058.6","0","284.3",",0","8",",0","4",",0","0",",0","0",",0","0",",0","0",",0","0",",0","0",",0","30",",0","21",",0","","","","","19880914","+,,0","19880930","+,,0","19880930","+,,0","","","19880911",",,0","19880906",",,0","21.1",",0,14,+","0",",,0,30,+","0",",,0,30,+","7.4",",,0,11,","34.4",",0,06,","0.0","0","0.0",",0","22.1",",,,0","","","","","","","","","0",",,,0","27.81",",0","32.20",",,,0","23.41",",,,0","16479",",X","40",",X","","","","","45",",X","","","9.4",",X","","","","","13.9",",X","",""
"USW00022521","1988-10","21.32402","-157.93946","1.9","HONOLULU INTERNATIONAL AIRPORT, HI US","","","","","","","","","3.8",",X","2318.4","0","259.8",",0","4",",0","1",",0","0",",0","0",",0","0",",0","0",",0","0",",0","0",",0","31",",0","11",",0","","","","","19881019",",,0","19881031","+,,0","19881031","+,,0","","","19881009",",,0","19881011","+,,0","19.4",",0,19,","0",",,0,31,+","0",",,0,31,+","4.3",",,0,09,","33.3",",0,11,+","0.0","0","0.0",",0","5.9",",,,0","","","","","","","","","0",",,,0","26.71",",0","31.62",",,,0","21.81",",,,0","15060",",X","60",",X","","","","","45",",X","","","9.4",",X","","","","","12.3",",X","",""
"USW00022521","1988-11","21.32402","-157.93946","1.9","HONOLULU INTERNATIONAL AIRPORT, HI US","","","","","","","","","5.1",",X","2566.2","0","247.8",",0","8",",0","3",",0","0",",0","0",",0","0",",0","0",",0","0",",0","0",",0","30",",0","0",",0","","","","","19881126",",,0","19881130","+,,0","19881130","+,,0","5","","19881104",",,0","19881117","+,,0","19.4",",0,26,","0",",,0,30,+","0",",,0,30,+","23.9",",,0,04,","31.7",",0,17,+","0.0","0","0.0",",0","35.5",",,,0","","","","","","","","","0",",,,0","26.59",",0","30.42",",,,0","22.77",",,,0","12060",",X","160",",X","","","","","45",",X","","","11.2",",X","","","","","14.9",",X","",""
"USW00022521","1988-12","21.32402","-157.93946","1.9","HONOLULU INTERNATIONAL AIRPORT, HI US","","","","","","","","","4.3",",X","2747.9","0","181.7",",0","14",",0","5",",0","2",",0","0",",0","0",",0","0",",0","0",",0","0",",0","31",",0","0",",0","","","","","19881218",",,0","19881231","+,,0","19881231","+,,0","1","","19881206",",,0","19881209","+,,0","13.9",",0,18,","0",",,0,31,+","0",",,0,31,+","104.4",",,0,06,","30.6",",0,09,+","0.0","0","0.0",",0","170.5",",,,0","","","","","","","","","0",",,,0","24.19",",0","28.38",",,,0","20.00",",,,0","14135",",X","160",",X","","","","","45",",X","","","13.0",",X","","","","","17.5",",X","",""
"USW00022521","1989-01","21.32402","-157.93946","1.9","HONOLULU INTERNATIONAL AIRPORT, HI US","","","","","","","","","4.7",",X","163.4","0","163.4",",0","9",",0","4",",0","1",",0","0",",0","0",",0","0",",0","0",",0","0",",0","31",",0","0",",0","","","","","19890131",",,0","19890131","+,,0","19890131","+,,0","2","","19890111",",,0","19890112",",,0","14.4",",0,31,","0",",,0,31,+","0",",,0,31,+","25.9",",,0,11,","29.4",",0,12,","0.0","0","0.0",",0","52.5",",,,0","","","","","","","","","0",",,,0","23.60",",0","27.76",",,,0","19.45",",,,0","16807",",X","80",",X","","","","","45",",X","","","11.2",",X","","","","","17.0",",X","",""
"USW00022521","1989-02","21.32402","-157.93946","1.9","HONOLULU INTERNATIONAL AIRPORT, HI US","","","","","","","","","4.1",",X","296.2","0","132.8",",0","15",",0","5",",0","2",",0","0",",0","0",",0","0",",0","0",",0","0",",0","28",",0","0",",0","","","","","19890215","+,,0","19890228","+,,0","19890228","+,,0","2","","19890211",",,0","19890208",",,0","16.7",",0,15,+","0",",,0,28,+","0",",,0,28,+","63.0",",,0,11,","29.4",",0,08,","0.0","0","0.0",",0","164.5",",,,0","","","","","","","","","0",",,,0","23.08",",0","27.34",",,,0","18.81",",,,0","13591",",X","330",",X","","","","","45",",X","","","10.3",",X","","","","","15.4",",X","",""
"USW00022521","1989-03","21.32402","-157.93946","1.9","HONOLULU INTERNATIONAL AIRPORT, HI US","","","","","","","","","4.4",",X","472.3","0","176.1",",0","5",",0","3",",0","2",",0","0",",0","0",",0","0",",0","0",",0","0",",0","31",",0","0",",0","","","","","19890310","+,,0","19890331","+,,0","19890331","+,,0","1","","19890302",",,0","19890327",",,0","16.1",",0,10,+","0",",,0,31,+","0",",,0,31,+","28.7",",,0,02,","30.6",",0,27,","0.0","0","0.0",",0","65.5",",,,0","","","","","","","","","0",",,,0","24.01",",0","28.43",",,,0","19.59",",,,0","18464",",X","260",",X","","","","","225",",X","","","9.8",",X","","","","","14.4",",X","",""
"USW00022521","1989-04","21.32402","-157.93946","1.9","HONOLULU INTERNATIONAL AIRPORT, HI US","","","","","","","","","5.3",",X","630.1","0","157.8",",0","9",",0","6",",0","0",",0","0",",0","0",",0","0",",0","0",",0","0",",0","30",",0","0",",0","","","","","19890411","+,,0","19890430","+,,0","19890430","+,,0","1","","19890402",",,0","19890424",",,0","16.1",",0,11,+","0",",,0,30,+","0",",,0,30,+","8.6",",,0,02,","30.0",",0,24,","0.0","0","0.0",",0","31.4",",,,0","","","","","","","","","0",",,,0","23.59",",0","27.70",",,,0","19.48",",,,0","15402",",X","60",",X","","","","","45",",X","","","10.3",",X","","","","","15.9",",X","",""
"USW00022521","1989-05","21.32402","-157.93946","1.9","HONOLULU INTERNATIONAL AIRPORT, HI US","","","","","","","","","5.2",",X","860.7","0","230.6",",0","3",",0","1",",0","0",",0","0",",0","0",",0","0",",0","0",",0","0",",0","31",",0","0",",0","","","","","19890503","+,,0","19890531","+,,0","19890531","+,,0","","","19890522",",,0","19890529","+,,0","15.6",",0,03,+","0",",,0,31,+","0",",,0,31,+","5.8",",,0,22,","31.7",",0,29,+","0.0","0","0.0",",0","7.3",",,,0","","","","","","","","","0",",,,0","25.77",",0","30.17",",,,0","21.37",",,,0","19425",",X","60",",X","","","","","45",",X","","","9.8",",X","","","","","13.9",",X","",""
"USW00022521","1989-06","21.32402","-157.93946","1.9","HONOLULU INTERNATIONAL AIRPORT, HI US","","","","","","","","","5.2",",X","1125.0","0","264.3",",0","4",",0","0",",0","0",",0","0",",0","0",",0","0",",0","0",",0","0",",0","30",",0","6",",0","","","","","19890623","+,,0","19890630","+,,0","19890630","+,,0","","","19890629",",,0","19890623",",,0","20.6",",0,23,+","0",",,0,30,+","0",",,0,30,+","1.3",",,0,29,","32.8",",0,23,","0.0","0","0.0",",0","2.9",",,,0","","","","","","","","","0",",,,0","27.14",",0","31.55",",,,0","22.74",",,,0","20143",",X","60",",X","","","","","45",",X","","","9.4",",X","","","","","13.9",",X","",""
"USW00022521","1989-07","21.32402","-157.93946","1.9","HONOLULU INTERNATIONAL AIRPORT, HI US","","","","","","","","","6.0",",X","1410.6","0","285.6",",0","6",",0","1",",0","1",",0","0",",0","0",",0","0",",0","0",",0","0",",0","31",",0","5",",0","","","","","19890709",",,0","19890731","+,,0","19890731","+,,0","1","","19890720",",,0","19890709",",,0","21.7",",0,09,","0",",,0,31,+","0",",,0,31,+","55.4",",,0,20,","32.8",",0,09,","0.0","0","0.0",",0","59.2",",,,0","","","","","","","","","0",",,,0","27.55",",0","31.36",",,,0","23.74",",,,0","20147",",X","70",",X","","","","","45",",X","","","10.3",",X","","","","","14.9",",X","",""
"USW00022521","1989-08","21.32402","-157.93946","1.9","HONOLULU INTERNATIONAL AIRPORT, HI US","","","","","","","","","4.9",",X","1693.2","0","282.6",",0","6",",0","0",",0","0",",0","0",",0","0",",0","0",",0","0",",0","0",",0","31",",0","11",",0","","","","","19890828",",,0","19890831","+,,0","19890831","+,,0","","","19890819","+,,0","19890811",",,0","21.1",",0,28,","0",",,0,31,+","0",",,0,31,+","0.5",",,0,19,+","33.3",",0,11,","0.0","0","0.0",",0","2.2",",,,0","","","","","","","","","0",",,,0","27.45",",0","31.80",",,,0","23.09",",,,0","20827",",X","60",",X","","","","","45",",X","","","8.9",",X","","","","","12.3",",X","",""
"USW00022521","1989-09","21.32402","-157.93946","1.9","HONOLULU INTERNATIONAL AIRPORT, HI US","","","","","","","","","5.0",",X","1974.0","0","280.8",",0","5",",0","1",",0","0",",0","0",",0","0",",0","0",",0","0",",0","0",",0","30",",0","12",",0","","","","","19890912",",,0","19890930","+,,0","19890930","+,,0","","","19890907",",,0","19890925","+,,0","21.1",",0,12,","0",",,0,30,+","0",",,0,30,+","2.8",",,0,07,","32.8",",0,25,+","0.0","0","0.0",",0","4.0",",,,0","","","","","","","","","0",",,,0","27.69",",0","31.90",",,,0","23.49",",,,0","19094",",X","60",",X","","","","","45",",X","","","8.9",",X","","","","","12.9",",X","",""
"USW00022521","1989-10","21.32402","-157.93946","1.9","HONOLULU INTERNATIONAL AIRPORT, HI US","","","","","","","","","3.6",",X","2208.0","0","234.0",",0","12",",0","8",",0","2",",0","0",",0","0",",0","0",",0","0",",0","0",",0","31",",0","0",",0","","","","","19891028",",,0","19891031","+,,0","19891031","+,,0","3","","19891003",",,0","19891002","+,,0","18.9",",0,28,","0",",,0,31,+","0",",,0,31,+","141.2",",,0,03,","31.7",",0,02,+","0.0","0","0.0",",0","263.6",",,,0","","","","","","","","","0",",,,0","25.88",",0","29.85",",,,0","21.91",",,,0","16347",",X","60",",X","","","","","315",",X","","","9.4",",X","","","","","13.9",",X","",""
"USW00022521","1989-11","21.32402","-157.93946","1.9","HONOLULU INTERNATIONAL AIRPORT, HI US","","","","","","","","","4.0",",X","2402.7","0","194.7",",0","4",",0","1",",0","0",",0","0",",0","0",",0","0",",0","0",",0","0",",0","30",",0","0",",0","","","","","19891128","+,,0","19891130","+,,0","19891130","+,,0","","","19891115",",,0","19891104",",,0","17.8",",0,28,+","0",",,0,30,+","0",",,0,30,+","9.4",",,0,15,","31.1",",0,04,","0.0","0","0.0",",0","13.0",",,,0","","","","","","","","","0",",,,0","24.82",",0","28.95",",,,0","20.69",",,,0","14640",",X","70",",X","","","","","45",",X","","","10.3",",X","","","","","13.9",",X","",""
"USW00022521","1989-12","21.32402","-157.93946","1.9","HONOLULU INTERNATIONAL AIRPORT, HI US","","","","","","","","","3.6",",X","2538.7","0","136.0",",0","4",",0","1",",0","1",",0","0",",0","0",",0","0",",0","0",",0","0",",0","31",",0","0",",0","","","","","19891216",",,0","19891231","+,,0","19891231","+,,0","","","19891209",",,0","19891207",",,0","13.3",",0,16,","0",",,0,31,+","0",",,0,31,+","31.2",",,0,09,","31.1",",0,07,","0.0","0","0.0",",0","33.5",",,,0","","","","","","","","","0",",,,0","22.72",",0","27.91",",,,0","17.53",",,,0","15551",",X","310",",X","","","","","315",",X","","","13.4",",X","","","","","18.5",",X","",""
"USW00022521","1990-01","21.32402","-157.93946","1.9","HONOLULU INTERNATIONAL AIRPORT, HI US","","","","","","","","","5.1",",X","166.2","0","166.2",",0","12",",0","6",",0","2",",0","0",",0","0",",0","0",",0","0",",0","0",",0","31",",0","0",",0","","","","","19900108",",,0","19900131","+,,0","19900131","+,,0","2","","19900116",",,0","19900108","+,,0","16.1",",0,08,","0",",,0,31,+","0",",,0,31,+","41.1",",,0,16,","29.4",",0,08,+","0.0","0","0.0",",0","109.6",",,,0","","","","","","","","","0",",,,0","23.69",",0","26.90",",,,0","20.49",",,,0","10118",",X","130",",X","","","","","45",",X","","","10.7",",X","","","","","16.4",",X","",""
"USW00022521","1990-02","21.32402","-157.93946","1.9","HONOLULU INTERNATIONAL AIRPORT, HI US","","","","","","","","","5.1",",X","267.0","0","100.8",",0","9",",0","2",",0","2",",0","0",",0","0",",0","0",",0","0",",0","0",",0","28",",0","0",",0","","","","","19900219",",,0","19900228","+,,0","19900228","+,,0","","","19900225",",,0","19900216","+,,0","13.9",",0,19,","0",",,0,28,+","0",",,0,28,+","71.6",",,0,25,","28.3",",0,16,+","0.0","0","0.0",",0","105.5",",,,0","","","","","","","","","0",",,,0","21.93",",0","25.91",",,,0","17.96",",,,0","12648",",X","70",",X","","","","","45",",X","","","15.6",",X","","","","","20.6",",X","",""
"USW00022521","1990-03","21.32402","-157.93946","1.9","HONOLULU INTERNATIONAL AIRPORT, HI US","","","","","","","","","5.4",",X","405.9","0","138.9",",0","12",",0","5",",0","0",",0","0",",0","0",",0","0",",0","0",",0","0",",0","31",",0","0",",0","","","","","19900321","+,,0","19900331","+,,0","19900331","+,,0","1","","19900327",",,0","19900326",",,0","16.1",",0,21,+","0",",,0,31,+","0",",,0,31,+","5.6",",,0,27,","28.9",",0,26,","0.0","0","0.0",",0","22.0",",,,0","","","","","","","","","0",",,,0","22.81",",0","26.74",",,,0","18.89",",,,0","18256",",X","60",",X","","","","","45",",X","","","13.4",",X","","","","","17.5",",X","",""
"USW00022521","1990-04","21.32402","-157.93946","1.9","HONOLULU INTERNATIONAL AIRPORT, HI US","","","","","","","","","4.0",",X","598.4","0","192.5",",0","7",",0","1",",0","0",",0","0",",0","0",",0","0",",0","0",",0","0",",0","30",",0","0",",0","","","","","19900408","+,,0","19900430","+,,0","19900430","+,,0","1","","19900404",",,0","19900430",",,0","17.2",",0,08,+","0",",,0,30,+","0",",,0,30,+","4.3",",,0,04,","31.7",",0,30,","0.0","0","0.0",",0","7.7",",,,0","","","","","","","","","0",",,,0","24.75",",0","29.20",",,,0","20.30",",,,0","19083",",X","60",",X","","","","","45",",X","","","9.4",",X","","","","","15.4",",X","",""
"USW00022521","1990-05","21.32402","-157.93946","1.9","HONOLULU INTERNATIONAL AIRPORT, HI US","","","","","","","","","5.5",",X","823.3","0","224.9",",0","8",",0","0",",0","0",",0","0",",0","0",",0","0",",0","0",",0","0",",0","31",",0","0",",0","","","","","19900509",",,0","19900531","+,,0","19900531","+,,0","","","19900517",",,0","19900528",",,0","19.4",",0,09,","0",",,0,31,+","0",",,0,31,+","2.0",",,0,17,","31.7",",0,28,","0.0","0","0.0",",0","7.7",",,,0","","","","","","","","","0",",,,0","25.59",",0","29.66",",,,0","21.52",",,,0","21110",",X","70",",X","","","","","45",",X","","","10.3",",X","","","","","14.9",",X","",""
"USW00022521","1990-06","21.32402","-157.93946","1.9","HONOLULU INTERNATIONAL AIRPORT, HI US","","","","","","","","","6.3",",X","1072.7","0","249.4",",0","5",",0","0",",0","0",",0","0",",0","0",",0","0",",0","0",",0","0",",0","30",",0","0",",0","","","","","19900625","+,,0","19900630","+,,0","19900630","+,,0","","","19900618","+,,0","19900627","+,,0","21.7",",0,25,+","0",",,0,30,+","0",",,0,30,+","0.5",",,0,18,+","31.7",",0,27,+","0.0","0","0.0",",0","2.1",",,,0","","","","","","","","","0",",,,0","26.65",",0","30.48",",,,0","22.81",",,,0","20649",",X","60",",X","","","","","90",",X","","","9.8",",X","","","","","14.9",",X","",""
"USW00022521","1990-07","21.32402","-157.93946","1.9","HONOLULU INTERNATIONAL AIRPORT, HI US","","","","","","","","","5.1",",X","1343.6","0","270.9",",0","7",",0","2",",0","0",",0","0",",0","0",",0","0",",0","0",",0","0",",0","31",",0","7",",0","","","","","19900707","+,,0","19900731","+,,0","19900731","+,,0","","","19900727",",,0","19900730",",,0","18.9",",0,07,+","0",",,0,31,+","0",",,0,31,+","5.8",",,0,27,","33.3",",0,30,","0.0","0","0.0",",0","12.5",",,,0","","","","","","","","","0",",,,0","27.07",",0","31.36",",,,0","22.78",",,,0","21799",",X","50",",X","","","","","45",",X","","","9.8",",X","","","","","16.4",",X","",""
"USW00022521","1990-08","21.32402","-157.93946","1.9","HONOLULU INTERNATIONAL AIRPORT, HI US","","","","","","","","","5.2",",X","1642.1","0","298.5",",0","1",",0","0",",0","0",",0","0",",0","0",",0","0",",0","0",",0","0",",0","31",",0","21",",0","","","","","19900830","+,,0","19900831","+,,0","19900831","+,,0","","","19900819",",,0","19900829","+,,0","21.1",",0,30,+","0",",,0,31,+","0",",,0,31,+","0.3",",,0,19,","33.3",",0,29,+","0.0","0","0.0",",0","0.3",",,,0","","","","","","","","","0",",,,0","27.96",",0","32.18",",,,0","23.74",",,,0","21755",",X","70",",X","","","","","45",",X","","","10.3",",X","","","","","15.4",",X","",""
"USW00022521","1990-09","21.32402","-157.93946","1.9","HONOLULU INTERNATIONAL AIRPORT, HI US","","","","","","","","","5.2",",X","1929.8","0","287.7",",0","10",",0","3",",0","0",",0","0",",0","0",",0","0",",0","0",",0","0",",0","30",",0","12",",0","","","","","19900901",",,0","19900930","+,,0","19900930","+,,0","","","19900917",",,0","19900904",",,0","21.1",",0,01,","0",",,0,30,+","0",",,0,30,+","7.6",",,0,17,","33.9",",0,04,","0.0","0","0.0",",0","25.2",",,,0","","","","","","","","","0",",,,0","27.92",",0","32.00",",,,0","23.85",",,,0","19775",",X","60",",X","","","","","45",",X","","","9.4",",X","","","","","14.4",",X","",""
"USW00022521","1990-10","21.32402","-157.93946","1.9","HONOLULU INTERNATIONAL AIRPORT, HI US","","","","","","","","","4.8",",X","2203.8","0","274.0",",0","9",",0","1",",0","0",",0","0",",0","0",",0","0",",0","0",",0","0",",0","31",",0","5",",0","","","","","19901027",",,0","19901031","+,,0","19901031","+,,0","","","19901023",",,0","19901019","+,,0","20.0",",0,27,","0",",,0,31,+","0",",,0,31,+","4.8",",,0,23,","32.8",",0,19,+","0.0","0","0.0",",0","12.0",",,,0","","","","","","","","","0",",,,0","27.17",",0","31.23",",,,0","23.11",",,,0","18532",",X","50",",X","","","","","45",",X","","","9.4",",X","","","","","13.4",",X","",""
"USW00022521","1990-11","21.32402","-157.93946","1.9","HONOLULU INTERNATIONAL AIRPORT, HI US","","","","","","","","","3.5",",X","2408.5","0","204.7",",0","14",",0","7",",0","1",",0","0",",0","0",",0","0",",0","0",",0","0",",0","30",",0","2",",0","","","","","19901125",",,0","19901130","+,,0","19901130","+,,0","","","19901117",",,0","19901102","+,,0","13.9",",0,25,","0",",,0,30,+","0",",,0,30,+","34.0",",,0,17,","32.2",",0,02,+","0.0","0","0.0",",0","75.2",",,,0","","","","","","","","","0",",,,0","25.16",",0","29.11",",,,0","21.20",",,,0","11600",",X","90",",X","","","","","45",",X","","","9.4",",X","","","","","13.9",",X","",""
"USW00022521","1990-12","21.32402","-157.93946","1.9","HONOLULU INTERNATIONAL AIRPORT, HI US","","","","","","","","","4.7",",X","2565.4","0","156.9",",0","15",",0","8",",0","1",",0","0",",0","0",",0","0",",0","0",",0","0",",0","31",",0","0",",0","","","","","19901230",",,0","19901231","+,,0","19901231","+,,0","1","","19901218",",,0","19901207",",,0","13.9",",0,30,","0",",,0,31,+","0",",,0,31,+","44.2",",,0,18,","30.0",",0,07,","0.0","0","0.0",",0","125.1",",,,0","","","","","","","","","0",",,,0","23.39",",0","27.19",",,,0","19.60",",,,0","10409",",X","250",",X","","","","","225",",X","","","12.5",",X","","","","","16.4",",X","",""
"USW00022521","1991-01","21.32402","-157.93946","1.9","HONOLULU INTERNATIONAL AIRPORT, HI US","","","","","","","","","3.6",",X","126.6","0","126.6",",0","4",",0","1",",0","0",",0","0",",0","0",",0","0",",0","0",",0","0",",0","31",",0","0",",0","","","","","19910103",",,0","19910131","+,,0","19910131","+,,0","","","19910127",",,0","19910113",",,0","15.0",",0,03,","0",",,0,31,+","0",",,0,31,+","18.5",",,0,27,","29.4",",0,13,","0.0","0","0.0",",0","20.3",",,,0","","","","","","","","","0",",,,0","22.42",",0","26.82",",,,0","18.01",",,,0","13151",",X","160",",X","","","","","135",",X","","","11.6",",X","","","","","15.4",",X","",""
"USW00022521","1991-02","21.32402","-157.93946","1.9","HONOLULU INTERNATIONAL AIRPORT, HI US","","","","","","","","","3.3",",X","257.2","0","130.6",",0","10",",0","4",",0","0",",0","0",",0","0",",0","0",",0","0",",0","0",",0","28",",0","0",",0","","","","","19910226",",,0","19910228","+,,0","19910228","+,,0","2","","19910203",",,0","19910216",",,0","12.8",",0,26,","0",",,0,28,+","0",",,0,28,+","20.8",",,0,03,","29.4",",0,16,","0.0","0","0.0",",0","53.2",",,,0","","","","","","","","","0",",,,0","23.00",",0","27.25",",,,0","18.75",",,,0","11359",",X","50",",X","","","","","45",",X","","","10.3",",X","","","","","13.4",",X","",""
"USW00022521","1991-03","21.32402","-157.93946","1.9","HONOLULU INTERNATIONAL AIRPORT, HI US","","","","","","","","","5.7",",X","393.5","0","136.3",",0","13",",0","6",",0","3",",0","0",",0","0",",0","0",",0","0",",0","0",",0","31",",0","0",",0","","","","","19910303",",,0","19910331","+,,0","19910331","+,,0","2","","19910323",",,0","19910328","+,,0","14.4",",0,03,","0",",,0,31,+","0",",,0,31,+","52.8",",,0,23,","27.8",",0,28,+","0.0","0","0.0",",0","158.6",",,,0","","","","","","","","","0",",,,0","22.73",",0","26.11",",,,0","19.35",",,,0","9874",",X","50",",X","","","","","90",",X","","","12.5",",X","","","","","17.5",",X","",""
"USW00022521","1991-04","21.32402","-157.93946","1.9","HONOLULU INTERNATIONAL AIRPORT, HI US","","","","","","","","","5.1",",X","574.4","0","180.9",",0","8",",0","3",",0","0",",0","0",",0","0",",0","0",",0","0",",0","0",",0","30",",0","0",",0","","","","","19910419",",,0","19910430","+,,0","19910430","+,,0","","","19910409",",,0","19910426",",,0","18.3",",0,19,","0",",,0,30,+","0",",,0,30,+","11.4",",,0,09,","30.0",",0,26,","0.0","0","0.0",",0","25.4",",,,0","","","","","","","","","0",",,,0","24.36",",0","28.08",",,,0","20.64",",,,0","14685",",X","60",",X","","","","","45",",X","","","10.3",",X","","","","","15.4",",X","",""
"USW00022521","1991-05","21.32402","-157.93946","1.9","HONOLULU INTERNATIONAL AIRPORT, HI US","","","","","","","","","4.7",",X","794.7","0","220.3",",0","6",",0","1",",0","0",",0","0",",0","0",",0","0",",0","0",",0","0",",0","31",",0","0",",0","","","","","19910503",",,0","19910531","+,,0","19910531","+,,0","","","19910521",",,0","19910523","+,,0","17.8",",0,03,","0",",,0,31,+","0",",,0,31,+","8.6",",,0,21,","31.1",",0,23,+","0.0","0","0.0",",0","12.2",",,,0","","","","","","","","","0",",,,0","25.44",",0","29.60",",,,0","21.28",",,,0","18424",",X","60",",X","","","","","45",",X","","","9.4",",X","","","","","13.9",",X","",""
"USW00022521","1991-06","21.32402","-157.93946","1.9","HONOLULU INTERNATIONAL AIRPORT, HI US","","","","","","","","","5.2",",X","1034.0","0","239.3",",0","9",",0","0",",0","0",",0","0",",0","0",",0","0",",0","0",",0","0",",0","30",",0","0",",0","","","","","19910619","+,,0","19910630","+,,0","19910630","+,,0","","","19910605",",,0","19910625","+,,0","20.0",",0,19,+","0",",,0,30,+","0",",,0,30,+","1.8",",,0,05,","31.7",",0,25,+","0.0","0","0.0",",0","6.8",",,,0","","","","","","","","","0",",,,0","26.31",",0","30.60",",,,0","22.02",",,,0","18636",",X","70",",X","","","","","45",",X","","","10.3",",X","","","","","13.9",",X","",""
"USW00022521","1991-07","21.32402","-157.93946","1.9","HONOLULU INTERNATIONAL AIRPORT, HI US","","","","","","","","","4.9",",X","1312.0","0","278.0",",0","6",",0","0",",0","0",",0","0",",0","0",",0","0",",0","0",",0","0",",0","31",",0","4",",0","","","","","19910723","+,,0","19910731","+,,0","19910731","+,,0","","","19910710",",,0","19910725","+,,0","21.1",",0,23,+","0",",,0,31,+","0",",,0,31,+","1.8",",,0,10,","32.8",",0,25,+","0.0","0","0.0",",0","4.3",",,,0","","","","","","","","","0",",,,0","27.30",",0","31.50",",,,0","23.10",",,,0","17959",",X","80",",X","","","","","45",",X","","","9.4",",X","","","","","14.9",",X","",""
"USW00022521","1991-08","21.32402","-157.93946","1.9","HONOLULU INTERNATIONAL AIRPORT, HI US","","","","","","","","","5.0",",X","1612.1","0","300.1",",0","6",",0","0",",0","0",",0","0",",0","0",",0","0",",0","0",",0","0",",0","31",",0","13",",0","","","","","19910830","+,,0","19910831","+,,0","19910831","+,,0","","","19910808",",,0","19910823",",,0","22.8",",0,30,+","0",",,0,31,+","0",",,0,31,+","1.5",",,0,08,","33.3",",0,23,","0.0","0","0.0",",0","4.2",",,,0","","","","","","","","","0",",,,0","28.01",",0","31.85",",,,0","24.17",",,,0","17692",",X","60",",X","","","","","45",",X","","","9.4",",X","","","","","14.4",",X","",""
"USW00022521","1991-09","21.32402","-157.93946","1.9","HONOLULU INTERNATIONAL AIRPORT, HI US","","","","","","","","","4.3",",X","1886.6","0","274.5",",0","4",",0","1",",0","0",",0","0",",0","0",",0","0",",0","0",",0","0",",0","30",",0","13",",0","","","","","19910929","+,,0","19910930","+,,0","19910930","+,,0","","","19910921",",,0","19910925",",,0","21.1",",0,29,+","0",",,0,30,+","0",",,0,30,+","11.4",",,0,21,","33.9",",0,25,","0.0","0","0.0",",0","14.2",",,,0","","","","","","","","","0",",,,0","27.48",",0","31.79",",,,0","23.18",",,,0","16594",",X","60",",X","","","","","45",",X","","","8.0",",X","","","","","13.4",",X","",""
"USW00022521","1991-10","21.32402","-157.93946","1.9","HONOLULU INTERNATIONAL AIRPORT, HI US","","","","","","","","","3.9",",X","2145.3","0","258.7",",0","5",",0","4",",0","1",",0","0",",0","0",",0","0",",0","0",",0","0",",0","31",",0","5",",0","","","","","19911030",",,0","19911031","+,,0","19911031","+,,0","","","19911016",",,0","19911007","+,,0","20.0",",0,30,","0",",,0,31,+","0",",,0,31,+","53.8",",,0,16,","32.8",",0,07,+","0.0","0","0.0",",0","87.1",",,,0","","","","","","","","","0",",,,0","26.68",",0","30.80",",,,0","22.56",",,,0","11992",",X","150",",X","","","","","135",",X","","","10.3",",X","","","","","15.4",",X","",""
"USW00022521","1991-11","21.32402","-157.93946","1.9","HONOLULU INTERNATIONAL AIRPORT, HI US","","","","","","","","","3.8",",X","2387.6","0","242.3",",0","5",",0","4",",0","0",",0","0",",0","0",",0","0",",0","0",",0","0",",0","30",",0","0",",0","","","","","19911128","+,,0","19911130","+,,0","19911130","+,,0","","","19911129",",,0","19911105","+,,0","20.0",",0,28,+","0",",,0,30,+","0",",,0,30,+","16.3",",,0,29,","31.7",",0,05,+","0.0","0","0.0",",0","38.7",",,,0","","","","","","","","","0",",,,0","26.41",",0","30.25",",,,0","22.57",",,,0","13532",",X","70",",X","","","","","45",",X","","","8.9",",X","","","","","11.8",",X","",""
"USW00022521","1991-12","21.32402","-157.93946","1.9","HONOLULU INTERNATIONAL AIRPORT, HI US","","","","","","","","","4.1",",X","2579.6","0","192.0",",0","10",",0","2",",0","0",",0","0",",0","0",",0","0",",0","0",",0","0",",0","31",",0","0",",0","","","","","19911231","+,,0","19911231","+,,0","19911231","+,,0","","","19911218",",,0","19911201",",,0","19.4",",0,31,+","0",",,0,31,+","0",",,0,31,+","19.3",",,0,18,","30.6",",0,01,","0.0","0","0.0",",0","31.7",",,,0","","","","","","","","","0",",,,0","24.53",",0","27.79",",,,0","21.26",",,,0","15544",",X","60",",X","","","","","90",",X","","","10.7",",X","","","","","17.0",",X","",""
"USW00022521","1992-01","21.32402","-157.93946","1.9","HONOLULU INTERNATIONAL AIRPORT, HI US","","","","","","","","","2.9",",X","135.1","0","135.1",",0","6",",0","2",",0","0",",0","0",",0","0",",0","0",",0","0",",0","0",",0","31",",0","0",",0","","","","","19920121",",,0","19920131","+,,0","19920131","+,,0","","","19920111",",,0","19920129","+,,0","15.0",",0,21,","0",",,0,31,+","0",",,0,31,+","4.6",",,0,11,","28.3",",0,29,+","0.0","0","0.0",",0","11.0",",,,0","","","","","","","","","0",",,,0","22.69",",0","27.37",",,,0","18.01",",,,0","17331",",X","60",",X","","","","","360",",X","","","10.3",",X","","","","","15.9",",X","",""
"USW00022521","1992-02","21.32402","-157.93946","1.9","HONOLULU INTERNATIONAL AIRPORT, HI US","","","","","","","","","3.5",",X","266.8","0","131.7",",0","9",",0","2",",0","0",",0","0",",0","0",",0","0",",0","0",",0","0",",0","29",",0","0",",0","","","","","19920209",",,0","19920229","+,,0","19920229","+,,0","1","","19920214",",,0","19920221",",,0","14.4",",0,09,","0",",,0,29,+","0",",,0,29,+","21.6",",,0,14,","28.9",",0,21,","0.0","0","0.0",",0","34.3",",,,0","","","","","","","","","0",",,,0","22.87",",0","26.96",",,,0","18.79",",,,0","16211",",X","100",",X","","","","","45",",X","","","10.3",",X","","","","","16.4",",X","",""
"USW00022521","1992-03","21.32402","-157.93946","1.9","HONOLULU INTERNATIONAL AIRPORT, HI US","","","","","","","","","3.6",",X","437.3","0","170.5",",0","9",",0","2",",0","0",",0","0",",0","0",",0","0",",0","0",",0","0",",0","31",",0","0",",0","","","","","19920331","+,,0","19920331","+,,0","19920331","+,,0","","","19920312",",,0","19920331","+,,0","17.2",",0,31,+","0",",,0,31,+","0",",,0,31,+","7.1",",,0,12,","30.0",",0,31,+","0.0","0","0.0",",0","18.3",",,,0","","","","","","","","","0",",,,0","23.83",",0","28.15",",,,0","19.51",",,,0","20425",",X","60",",X","","","","","90",",X","","","7.6",",X","","","","","15.9",",X","",""
"USW00022521","1992-04","21.32402","-157.93946","1.9","HONOLULU INTERNATIONAL AIRPORT, HI US","","","","","","","","","2.9",",X","614.0","0","176.7",",0","3",",0","0",",0","0",",0","0",",0","0",",0","0",",0","0",",0","0",",0","30",",0","0",",0","","","","","19920412",",,0","19920430","+,,0","19920430","+,,0","","","19920418",",,0","19920421",",,0","17.2",",0,12,","0",",,0,30,+","0",",,0,30,+","2.0",",,0,18,","31.1",",0,21,","0.0","0","0.0",",0","2.8",",,,0","","","","","","","","","0",",,,0","24.22",",0","29.17",",,,0","19.27",",,,0","20701",",X","50",",X","","","","","45",",X","","","9.4",",X","","","","","13.9",",X","",""
"USW00022521","1992-05","21.32402","-157.93946","1.9","HONOLULU INTERNATIONAL AIRPORT, HI US","","","","","","","","","3.8",",X","833.9","0","219.9",",0","6",",0","4",",0","0",",0","0",",0","0",",0","0",",0","0",",0","0",",0","31",",0","3",",0","","","","","19920509",",,0","19920531","+,,0","19920531","+,,0","","","19920517",",,0","19920531","+,,0","16.7",",0,09,","0",",,0,31,+","0",",,0,31,+","17.0",",,0,17,","33.3",",0,31,+","0.0","0","0.0",",0","28.7",",,,0","","","","","","","","","0",",,,0","25.43",",0","29.62",",,,0","21.24",",,,0","21470",",X","40",",X","","","","","45",",X","","","10.3",",X","","","","","14.9",",X","",""
"USW00022521","1992-06","21.32402","-157.93946","1.9","HONOLULU INTERNATIONAL AIRPORT, HI US","","","","","","","","","5.7",",X","1105.2","0","271.3",",0","7",",0","0",",0","0",",0","0",",0","0",",0","0",",0","0",",0","0",",0","30",",0","4",",0","","","","","19920630","+,,0","19920630","+,,0","19920630","+,,0","","","19920616","+,,0","19920604",",,0","21.7",",0,30,+","0",",,0,30,+","0",",,0,30,+","0.5",",,0,16,+","33.3",",0,04,","0.0","0","0.0",",0","2.7",",,,0","","","","","","","","","0",",,,0","27.38",",0","31.42",",,,0","23.33",",,,0","19036",",X","50",",X","","","","","45",",X","","","10.3",",X","","","","","14.9",",X","",""
"USW00022521","1992-07","21.32402","-157.93946","1.9","HONOLULU INTERNATIONAL AIRPORT, HI US","","","","","","","","","5.2",",X","1388.9","0","283.7",",0","7",",0","4",",0","1",",0","0",",0","0",",0","0",",0","0",",0","0",",0","31",",0","7",",0","","","","","19920729","+,,0","19920731","+,,0","19920731","+,,0","","","19920709",",,0","19920724",",,0","21.7",",0,29,+","0",",,0,31,+","0",",,0,31,+","37.6",",,0,09,","33.3",",0,24,","0.0","0","0.0",",0","51.1",",,,0","","","","","","","","","0",",,,0","27.49",",0","31.40",",,,0","23.57",",,,0","18723",",X","40",",X","","","","","45",",X","","","9.8",",X","","","","","13.4",",X","",""
"USW00022521","1992-08","21.32402","-157.93946","1.9","HONOLULU INTERNATIONAL AIRPORT, HI US","","","","","","","","","6.0",",X","1685.3","0","296.4",",0","5",",0","2",",0","0",",0","0",",0","0",",0","0",",0","0",",0","0",",0","31",",0","4",",0","","","","","19920808",",,0","19920831","+,,0","19920831","+,,0","","","19920816",",,0","19920811","+,,0","22.2",",0,08,","0",",,0,31,+","0",",,0,31,+","13.7",",,0,16,","32.8",",0,11,+","0.0","0","0.0",",0","24.7",",,,0","","","","","","","","","0",",,,0","27.89",",0","31.50",",,,0","24.29",",,,0","","","40",",X","","","","","45",",X","","","11.2",",X","","","","","14.9",",X","",""
"USW00022521","1992-09","21.32402","-157.93946","1.9","HONOLULU INTERNATIONAL AIRPORT, HI US","","","","","","","","","4.7",",X","1956.9","0","271.6",",0","11",",0","5",",0","1",",0","0",",0","0",",0","0",",0","0",",0","0",",0","30",",0","9",",0","","","","","19920930",",,0","19920930","+,,0","19920930","+,,0","","","19920911",",,0","19920910",",,0","20.6",",0,30,","0",",,0,30,+","0",",,0,30,+","27.4",",,0,11,","33.3",",0,10,","0.0","0","0.0",",0","52.9",",,,0","","","","","","","","","0",",,,0","27.39",",0","31.28",",,,0","23.49",",,,0","17926",",X","130",",X","","","","","135",",X","","","17.0",",X","","","","","22.1",",X","",""
"USW00022521","1992-10","21.32402","-157.93946","1.9","HONOLULU INTERNATIONAL AIRPORT, HI US","","","","","","","","","4.0",",X","2204.6","0","247.7",",0","13",",0","4",",0","1",",0","0",",0","0",",0","0",",0","0",",0","0",",0","31",",0","1",",0","","","","","19921026",",,0","19921031","+,,0","19921031","+,,0","2","","19921012",",,0","19921006",",,0","19.4",",0,26,","0",",,0,31,+","0",",,0,31,+","43.2",",,0,12,","32.2",",0,06,","0.0","0","0.0",",0","65.6",",,,0","","","","","","","","","0",",,,0","26.32",",0","30.44",",,,0","22.21",",,,0","16923",",X","50",",X","","","","","45",",X","","","10.3",",X","","","","","13.9",",X","",""
"USW00022521","1992-11","21.32402","-157.93946","1.9","HONOLULU INTERNATIONAL AIRPORT, HI US","","","","","","","","","4.3",",X","2404.6","0","200.0",",0","7",",0","4",",0","0",",0","0",",0","0",",0","0",",0","0",",0","0",",0","30",",0","0",",0","","","","","19921104",",,0","19921130","+,,0","19921130","+,,0","","","19921101",",,0","19921106",",,0","16.1",",0,04,","0",",,0,30,+","0",",,0,30,+","9.7",",,0,01,","31.1",",0,06,","0.0","0","0.0",",0","26.4",",,,0","","","","","","","","","0",",,,0","25.00",",0","28.90",",,,0","21.10",",,,0","15436",",X","50",",X","","","","","45",",X","","","10.3",",X","","","","","14.4",",X","",""
"USW00022521","1992-12","21.32402","-157.93946","1.9","HONOLULU INTERNATIONAL AIRPORT, HI US","","","","","","","","","4.4",",X","2605.3","0","200.7",",0","15",",0","5",",0","2",",0","0",",0","0",",0","0",",0","0",",0","0",",0","31",",0","0",",0","","","","","19921214",",,0","19921231","+,,0","19921231","+,,0","1","","19921230",",,0","19921217",",,0","17.2",",0,14,","0",",,0,31,+","0",",,0,31,+","67.6",",,0,30,","31.1",",0,17,","0.0","0","0.0",",0","165.1",",,,0","","","","","","","","","0",",,,0","24.81",",0","28.36",",,,0","21.26",",,,0","14952",",X","40",",X","","","","","45",",X","","","11.2",",X","","","","","15.4",",X","",""
"USW00022521","1993-01","21.32402","-157.93946","1.9","HONOLULU INTERNATIONAL AIRPORT, HI US","","","","","","","","","4.0",",X","102.4","0","102.4",",0","7",",0","1",",0","0",",0","0",",0","0",",0","0",",0","0",",0","0",",0","31",",0","0",",0","","","","","19930130",",,0","19930131","+,,0","19930131","+,,0","","","19930106",",,0","19930126",",,0","13.3",",0,30,","0",",,0,31,+","0",",,0,31,+","13.5",",,0,06,","28.3",",0,26,","0.0","0","0.0",",0","18.0",",,,0","","","","","","","","","0",",,,0","21.64",",0","26.19",",,,0","17.08",",,,0","16992",",X","280",",X","","","","","270",",X","","","10.7",",X","","","","","17.0",",X","",""
"USW00022521","1993-02","21.32402","-157.93946","1.9","HONOLULU INTERNATIONAL AIRPORT, HI US","","","","","","","","","4.2",",X","197.2","0","94.8",",0","3",",0","1",",0","0",",0","0",",0","0",",0","0",",0","0",",0","0",",0","28",",0","0",",0","","","","","19930204",",,0","19930228","+,,0","19930228","+,,0","","","19930209",",,0","19930227",",,0","12.2",",0,04,","0",",,0,28,+","0",",,0,28,+","7.9",",,0,09,","28.9",",0,27,","0.0","0","0.0",",0","10.4",",,,0","","","","","","","","","0",",,,0","21.72",",0","26.53",",,,0","16.91",",,,0","17224",",X","310",",X","","","","","45",",X","","","10.3",",X","","","","","13.4",",X","",""
"USW00022521","1993-03","21.32402","-157.93946","1.9","HONOLULU INTERNATIONAL AIRPORT, HI US","","","","","","","","","5.4",",X","352.5","0","155.3",",0","1",",0","0",",0","0",",0","0",",0","0",",0","0",",0","0",",0","0",",0","31",",0","0",",0","","","","","19930314","+,,0","19930331","+,,0","19930331","+,,0","","","19930330",",,0","19930328","+,,0","13.3",",0,14,+","0",",,0,31,+","0",",,0,31,+","0.5",",,0,30,","29.4",",0,28,+","0.0","0","0.0",",0","0.5",",,,0","","","","","","","","","0",",,,0","23.34",",0","27.72",",,,0","18.97",",,,0","20225",",X","290",",X","","","","","270",",X","","","13.0",",X","","","","","18.5",",X","",""
"USW00022521","1993-04","21.32402","-157.93946","1.9","HONOLULU INTERNATIONAL AIRPORT, HI US","","","","","","","","","5.6",",X","559.0","0","206.5",",0","5",",0","1",",0","0",",0","0",",0","0",",0","0",",0","0",",0","0",",0","30",",0","0",",0","","","","","19930418",",,0","19930430","+,,0","19930430","+,,0","","","19930425",",,0","19930418",",,0","17.8",",0,18,","0",",,0,30,+","0",",,0,30,+","2.8",",,0,25,","30.6",",0,18,","0.0","0","0.0",",0","5.9",",,,0","","","","","","","","","0",",,,0","25.22",",0","29.09",",,,0","21.34",",,,0","18700",",X","40",",X","","","","","45",",X","","","10.7",",X","","","","","14.4",",X","",""
"USW00022521","1993-05","21.32402","-157.93946","1.9","HONOLULU INTERNATIONAL AIRPORT, HI US","","","","","","","","","5.1",",X","769.2","0","210.2",",0","8",",0","0",",0","0",",0","0",",0","0",",0","0",",0","0",",0","0",",0","31",",0","0",",0","","","","","19930522",",,0","19930531","+,,0","19930531","+,,0","","","19930517",",,0","19930530","+,,0","18.3",",0,22,","0",",,0,31,+","0",",,0,31,+","1.5",",,0,17,","30.6",",0,30,+","0.0","0","0.0",",0","5.0",",,,0","","","","","","","","","0",",,,0","25.11",",0","29.18",",,,0","21.05",",,,0","22021",",X","50",",X","","","","","45",",X","","","11.2",",X","","","","","14.4",",X","",""
"USW00022521","1993-06","21.32402","-157.93946","1.9","HONOLULU INTERNATIONAL AIRPORT, HI US","","","","","","","","","5.5",",X","1022.4","0","253.2",",0","5",",0","0",",0","0",",0","0",",0","0",",0","0",",0","0",",0","0",",0","30",",0","0",",0","","","","","19930615","+,,0","19930630","+,,0","19930630","+,,0","","","19930608",",,0","19930630","+,,0","21.1",",0,15,+","0",",,0,30,+","0",",,0,30,+","1.3",",,0,08,","31.7",",0,30,+","0.0","0","0.0",",0","3.0",",,,0","","","","","","","","","0",",,,0","26.77",",0","30.80",",,,0","22.75",",,,0","21752",",X","40",",X","","","","","45",",X","","","10.3",",X","","","","","15.4",",X","",""
"USW00022521","1993-07","21.32402","-157.93946","1.9","HONOLULU INTERNATIONAL AIRPORT, HI US","","","","","","","","","5.4",",X","1290.7","0","268.3",",0","7",",0","3",",0","0",",0","0",",0","0",",0","0",",0","0",",0","0",",0","31",",0","2",",0","","","","","19930712","+,,0","19930731","+,,0","19930731","+,,0","2","","19930721",",,0","19930716","+,,0","21.1",",0,12,+","0",",,0,31,+","0",",,0,31,+","6.6",",,0,21,","32.2",",0,16,+","0.0","0","0.0",",0","17.7",",,,0","","","","","","","","","0",",,,0","26.99",",0","30.95",",,,0","23.02",",,,0","21764",",X","70",",X","","","","","90",",X","","","10.3",",X","","","","","15.9",",X","",""
"USW00022521","1993-08","21.32402","-157.93946","1.9","HONOLULU INTERNATIONAL AIRPORT, HI US","","","","","","","","","4.9",",X","1570.8","0","280.1",",0","8",",0","3",",0","0",",0","0",",0","0",",0","0",",0","0",",0","0",",0","31",",0","6",",0","","","","","19930827",",,0","19930831","+,,0","19930831","+,,0","","","19930831",",,0","19930828","+,,0","21.1",",0,27,","0",",,0,31,+","0",",,0,31,+","15.5",",,0,31,","32.8",",0,28,+","0.0","0","0.0",",0","26.3",",,,0","","","","","","","","","0",",,,0","27.37",",0","31.39",",,,0","23.35",",,,0","21298",",X","70",",X","","","","","45",",X","","","9.8",",X","","","","","14.9",",X","",""
"USW00022521","1993-09","21.32402","-157.93946","1.9","HONOLULU INTERNATIONAL AIRPORT, HI US","","","","","","","","","3.9",",X","1839.5","0","268.7",",0","5",",0","0",",0","0",",0","0",",0","0",",0","0",",0","0",",0","0",",0","30",",0","10",",0","","","","","19930922","+,,0","19930930","+,,0","19930930","+,,0","3","","19930923",",,0","19930929",",,0","20.6",",0,22,+","0",",,0,30,+","0",",,0,30,+","0.8",",,0,23,","33.9",",0,29,","0.0","0","0.0",",0","2.6",",,,0","","","","","","","","","0",",,,0","27.29",",0","31.59",",,,0","22.99",",,,0","19750",",X","50",",X","","","","","45",",X","","","8.9",",X","","","","","13.4",",X","",""
"USW00022521","1993-10","21.32402","-157.93946","1.9","HONOLULU INTERNATIONAL AIRPORT, HI US","","","","","","","","","4.2",",X","2093.2","0","253.7",",0","8",",0","5",",0","0",",0","0",",0","0",",0","0",",0","0",",0","0",",0","31",",0","5",",0","","","","","19931027",",,0","19931031","+,,0","19931031","+,,0","1","","19931025",",,0","19931006",",,0","16.1",",0,27,","0",",,0,31,+","0",",,0,31,+","20.3",",,0,25,","33.9",",0,06,","0.0","0","0.0",",0","41.4",",,,0","","","","","","","","","0",",,,0","26.52",",0","30.64",",,,0","22.40",",,,0","19120",",X","50",",X","","","","","45",",X","","","10.3",",X","","","","","14.4",",X","",""
"USW00022521","1993-11","21.32402","-157.93946","1.9","HONOLULU INTERNATIONAL AIRPORT, HI US","","","","","","","","","5.0",",X","2281.0","0","187.8",",0","11",",0","1",",0","0",",0","0",",0","0",",0","0",",0","0",",0","0",",0","30",",0","0",",0","","","","","19931126","+,,0","19931130","+,,0","19931130","+,,0","","","19931108",",,0","19931115","+,,0","17.2",",0,26,+","0",",,0,30,+","0",",,0,30,+","5.8",",,0,08,","30.6",",0,15,+","0.0","0","0.0",",0","11.9",",,,0","","","","","","","","","0",",,,0","24.59",",0","28.33",",,,0","20.86",",,,0","17799",",X","70",",X","","","","","90",",X","","","11.2",",X","","","","","16.4",",X","",""
"USW00022521","1993-12","21.32402","-157.93946","1.9","HONOLULU INTERNATIONAL AIRPORT, HI US","","","","","","","","","5.3",",X","2452.5","0","171.5",",0","8",",0","1",",0","0",",0","0",",0","0",",0","0",",0","0",",0","0",",0","31",",0","0",",0","1","","","","19931231","+,,0","19931231","+,,0","19931231","+,,0","","","19931218",",,0","19931201",",,0","16.7",",0,31,+","0",",,0,31,+","0",",,0,31,+","2.5",",,0,18,","29.4",",0,01,","0.0","0","0.0",",0","6.9",",,,0","","","","","","","","","0",",,,0","23.86",",0","27.55",",,,0","20.18",",,,0","17452",",X","60",",X","","","","","45",",X","","","14.8",",X","","","","","20.6",",X","",""
"USW00022521","1994-01","21.32402","-157.93946","1.9","HONOLULU INTERNATIONAL AIRPORT, HI US","","","","","","","","","4.1",",X","120.5","0","120.5",",0","8",",0","2",",0","0",",0","0",",0","0",",0","0",",0","0",",0","0",",0","31",",0","0",",0","","","","","19940129",",,0","19940131","+,,0","19940131","+,,0","","","19940124",",,0","19940127","+,,0","13.3",",0,29,","0",",,0,31,+","0",",,0,31,+","11.2",",,0,24,","28.9",",0,27,+","0.0","0","0.0",",0","19.9",",,,0","","","","","","","","","0",",,,0","22.22",",0","26.36",",,,0","18.08",",,,0","17394",",X","70",",X","","","","","45",",X","","","13.0",",X","","","","","17.0",",X","",""
"USW00022521","1994-02","21.32402","-157.93946","1.9","HONOLULU INTERNATIONAL AIRPORT, HI US","","","","","","","","","4.0",",X","253.9","0","133.4",",0","11",",0","6",",0","3",",0","0",",0","0",",0","0",",0","0",",0","0",",0","28",",0","0",",0","","","","","19940228",",,0","19940228","+,,0","19940228","+,,0","2","","19940214",",,0","19940209",",,0","16.7",",0,28,","0",",,0,28,+","0",",,0,28,+","72.4",",,0,14,","28.9",",0,09,","0.0","0","0.0",",0","179.0",",,,0","","","","","","","","","0",",,,0","23.10",",0","26.67",",,,0","19.52",",,,0","15695",",X","50",",X","","","","","45",",X","","","11.6",",X","","","","","15.4",",X","",""
"USW00022521","1994-03","21.32402","-157.93946","1.9","HONOLULU INTERNATIONAL AIRPORT, HI US","","","","","","","","","5.5",",X","394.4","0","140.5",",0","7",",0","5",",0","1",",0","0",",0","0",",0","0",",0","0",",0","0",",0","31",",0","0",",0","1","","","","19940306","+,,0","19940331","+,,0","19940331","+,,0","","","19940324",",,0","19940309",",,0","16.7",",0,06,+","0",",,0,31,+","0",",,0,31,+","65.5",",,0,24,","29.4",",0,09,","0.0","0","0.0",",0","95.7",",,,0","","","","","","","","","0",",,,0","22.86",",0","26.44",",,,0","19.29",",,,0","19536",",X","50",",X","","","","","45",",X","","","13.0",",X","","","","","22.6",",X","",""
"USW00022521","1994-04","21.32402","-157.93946","1.9","HONOLULU INTERNATIONAL AIRPORT, HI US","","","","","","","","","5.5",",X","577.0","0","182.6",",0","9",",0","2",",0","0",",0","0",",0","0",",0","0",",0","0",",0","0",",0","30",",0","0",",0","1","","","","19940417","+,,0","19940430","+,,0","19940430","+,,0","","","19940428",",,0","19940426",",,0","17.8",",0,17,+","0",",,0,30,+","0",",,0,30,+","4.8",",,0,28,","30.6",",0,26,","0.0","0","0.0",",0","11.8",",,,0","","","","","","","","","0",",,,0","24.42",",0","28.09",",,,0","20.75",",,,0","20500",",X","50",",X","","","","","45",",X","","","10.3",",X","","","","","15.4",",X","",""
"USW00022521","1994-05","21.32402","-157.93946","1.9","HONOLULU INTERNATIONAL AIRPORT, HI US","","","","","","","","","5.2",",X","823.0","0","246.0",",0","5",",0","0",",0","0",",0","0",",0","0",",0","0",",0","0",",0","0",",0","31",",0","0",",0","","","","","19940510",",,0","19940531","+,,0","19940531","+,,0","","","19940523",",,0","19940512",",,0","19.4",",0,10,","0",",,0,31,+","0",",,0,31,+","1.0",",,0,23,","31.7",",0,12,","0.0","0","0.0",",0","2.4",",,,0","","","","","","","","","0",",,,0","26.27",",0","30.17",",,,0","22.37",",,,0","22314",",X","50",",X","","","","","45",",X","","","10.3",",X","","","","","13.9",",X","",""
"USW00022521","1994-06","21.32402","-157.93946","1.9","HONOLULU INTERNATIONAL AIRPORT, HI US","","","","","","","","","5.6",",X","1088.0","0","265.0",",0","4",",0","1",",0","0",",0","0",",0","0",",0","0",",0","0",",0","0",",0","30",",0","1",",0","","","","","19940601",",,0","19940630","+,,0","19940630","+,,0","","","19940625",",,0","19940626",",,0","20.0",",0,01,","0",",,0,30,+","0",",,0,30,+","3.6",",,0,25,","32.2",",0,26,","0.0","0","0.0",",0","6.0",",,,0","","","","","","","","","0",",,,0","27.17",",0","31.06",",,,0","23.27",",,,0","21942",",X","70",",X","","","","","90",",X","","","10.3",",X","","","","","13.4",",X","",""
"USW00022521","1994-07","21.32402","-157.93946","1.9","HONOLULU INTERNATIONAL AIRPORT, HI US","","","","","","","","","5.2",",X","1396.6","0","308.6",",0","6",",0","1",",0","0",",0","0",",0","0",",0","0",",0","0",",0","0",",0","31",",0","17",",0","","","","","19940709",",,0","19940731","+,,0","19940731","+,,0","","","19940724",",,0","19940730","+,,0","22.8",",0,09,","0",",,0,31,+","0",",,0,31,+","8.9",",,0,24,","32.8",",0,30,+","0.0","0","0.0",",0","12.3",",,,0","","","","","","","","","0",",,,0","28.29",",0","31.90",",,,0","24.67",",,,0","22205",",X","50",",X","","","","","45",",X","","","11.2",",X","","","","","15.4",",X","",""
"USW00022521","1994-08","21.32402","-157.93946","1.9","HONOLULU INTERNATIONAL AIRPORT, HI US","","","","","","","","","6.2",",X","1729.7","0","333.1",",0","2",",0","1",",0","0",",0","0",",0","0",",0","0",",0","0",",0","0",",0","31",",0","30",",0","","","","","19940811","+,,0","19940831","+,,0","19940831","+,,0","","","19940831",",,0","19940819","+,,0","23.3",",0,11,+","0",",,0,31,+","0",",,0,31,+","3.3",",,0,31,","33.9",",0,19,+","0.0","0","0.0",",0","3.6",",,,0","","","","","","","","","0",",,,0","29.08",",0","32.85",",,,0","25.31",",,,0","21896",",X","60",",X","","","","","90",",X","","","10.7",",X","","","","","15.9",",X","",""
"USW00022521","1994-09","21.32402","-157.93946","1.9","HONOLULU INTERNATIONAL AIRPORT, HI US","","","","","","","","","5.3",",X","2045.4","0","315.7",",0","8",",0","1",",0","0",",0","0",",0","0",",0","0",",0","0",",0","0",",0","30",",0","25",",0","","","","","19940924",",,0","19940930","+,,0","19940930","+,,0","","","19940920",",,0","19940919",",,0","22.8",",0,24,","0",",,0,30,+","0",",,0,30,+","3.3",",,0,20,","35.0",",0,19,","0.0","0","0.0",",0","10.0",",,,0","","","","","","","","","0",",,,0","28.86",",0","32.56",",,,0","25.16",",,,0","19941",",X","60",",X","","","","","45",",X","","","10.7",",X","","","","","13.9",",X","",""
"USW00022521","1994-10","21.32402","-157.93946","1.9","HONOLULU INTERNATIONAL AIRPORT, HI US","","","","","","","","","5.0",",X","2345.4","0","300.0",",0","5",",0","3",",0","0",",0","0",",0","0",",0","0",",0","0",",0","0",",0","31",",0","12",",0","1","","","","19941030",",,0","19941031","+,,0","19941031","+,,0","","","19941003",",,0","19941008",",,0","21.1",",0,30,","0",",,0,31,+","0",",,0,31,+","22.6",",,0,03,","33.3",",0,08,","0.0","0","0.0",",0","39.6",",,,0","","","","","","","","","0",",,,0","28.01",",0","31.82",",,,0","24.20",",,,0","19613",",X","80",",X","","","","","45",",X","","","10.3",",X","","","","","15.4",",X","",""
"USW00022521","1994-11","21.32402","-157.93946","1.9","HONOLULU INTERNATIONAL AIRPORT, HI US","","","","","","","","","6.4",",X","2608.9","0","263.5",",0","5",",0","1",",0","0",",0","0",",0","0",",0","0",",0","0",",0","0",",0","30",",0","0",",0","","","","","19941122",",,0","19941130","+,,0","19941130","+,,0","2","","19941116",",,0","19941106","+,,0","22.2",",0,22,","0",",,0,30,+","0",",,0,30,+","2.8",",,0,16,","31.7",",0,06,+","0.0","0","0.0",",0","5.2",",,,0","","","","","","","","","0",",,,0","27.12",",0","30.41",",,,0","23.82",",,,0","18019",",X","80",",X","","","","","45",",X","","","12.5",",X","","","","","15.4",",X","",""
"USW00022521","1994-12","21.32402","-157.93946","1.9","HONOLULU INTERNATIONAL AIRPORT, HI US","","","","","","","","","5.7",",X","2807.8","0","198.9",",0","10",",0","2",",0","0",",0","0",",0","0",",0","0",",0","0",",0","0",",0","31",",0","0",",0","","","","","19941231","+,,0","19941231","+,,0","19941231","+,,0","","","19941201",",,0","19941221",",,0","16.7",",0,31,+","0",",,0,31,+","0",",,0,31,+","3.8",",,0,01,","30.0",",0,21,","0.0","0","0.0",",0","11.6",",,,0","","","","","","","","","0",",,,0","24.75",",0","28.52",",,,0","20.98",",,,0","17943",",X","60",",X","","","","","90",",X","","","13.9",",X","","","","","19.0",",X","",""
"USW00022521","1995-01","21.32402","-157.93946","1.9","HONOLULU INTERNATIONAL AIRPORT, HI US","","","","","","","","","4.0",",X","158.3","0","158.3",",0","7",",0","2",",0","0",",0","0",",0","0",",0","0",",0","0",",0","0",",0","31",",0","0",",0","","","","","19950107",",,0","19950131","+,,0","19950131","+,,0","","","19950111",",,0","19950130","+,,0","14.4",",0,07,","0",",,0,31,+","0",",,0,31,+","4.3",",,0,11,","28.9",",0,30,+","0.0","0","0.0",",0","13.8",",,,0","","","","","","","","","0",",,,0","23.44",",0","27.68",",,,0","19.19",",,,0","17475",",X","60",",X","","","","","45",",X","","","11.6",",X","","","","","14.9",",X","",""
"USW00022521","1995-02","21.32402","-157.93946","1.9","HONOLULU INTERNATIONAL AIRPORT, HI US","","","","","","","","","3.7",",X","288.8","0","130.5",",0","11",",0","7",",0","1",",0","0",",0","0",",0","0",",0","0",",0","0",",0","28",",0","0",",0","","","","","19950212",",,0","19950228","+,,0","19950228","+,,0","2","","19950227",",,0","19950225",",,0","13.3",",0,12,","0",",,0,28,+","0",",,0,28,+","97.0",",,0,27,","29.4",",0,25,","0.0","0","0.0",",0","165.8",",,,0","","","","","","","","","0",",,,0","22.99",",0","27.44",",,,0","18.55",",,,0","16786",",X","320",",X","","","","","315",",X","","","11.6",",X","","","","","17.5",",X","",""
"USW00022521","1995-03","21.32402","-157.93946","1.9","HONOLULU INTERNATIONAL AIRPORT, HI US","","","","","","","","","4.3",",X","470.7","0","181.9",",0","10",",0","6",",0","0",",0","0",",0","0",",0","0",",0","0",",0","0",",0","31",",0","0",",0","","","","","19950310",",,0","19950331","+,,0","19950331","+,,0","","","19950301",",,0","19950319",",,0","16.7",",0,10,","0",",,0,31,+","0",",,0,31,+","8.4",",,0,01,","30.0",",0,19,","0.0","0","0.0",",0","34.0",",,,0","","","","","","","","","0",",,,0","24.20",",0","28.24",",,,0","20.16",",,,0","20150",",X","270",",X","","","","","270",",X","","","12.5",",X","","","","","14.9",",X","",""
"USW00022521","1995-04","21.32402","-157.93946","1.9","HONOLULU INTERNATIONAL AIRPORT, HI US","","","","","","","","","5.1",",X","660.3","0","189.6",",0","11",",0","3",",0","0",",0","0",",0","0",",0","0",",0","0",",0","0",",0","30",",0","0",",0","","","","","19950429","+,,0","19950430","+,,0","19950430","+,,0","","","19950402",",,0","19950410",",,0","16.7",",0,29,+","0",",,0,30,+","0",",,0,30,+","10.9",",,0,02,","31.1",",0,10,","0.0","0","0.0",",0","29.4",",,,0","","","","","","","","","0",",,,0","24.65",",0","28.73",",,,0","20.58",",,,0","20182",",X","60",",X","","","","","90",",X","","","12.5",",X","","","","","18.5",",X","",""
"USW00022521","1995-05","21.32402","-157.93946","1.9","HONOLULU INTERNATIONAL AIRPORT, HI US","","","","","","","","","5.3",",X","893.3","0","233.0",",0","3",",0","1",",0","0",",0","0",",0","0",",0","0",",0","0",",0","0",",0","31",",0","1",",0","","","","","19950501",",,0","19950531","+,,0","19950531","+,,0","","","19950506",",,0","19950523",",,0","16.7",",0,01,","0",",,0,31,+","0",",,0,31,+","7.4",",,0,06,","32.8",",0,23,","0.0","0","0.0",",0","11.4",",,,0","","","","","","","","","0",",,,0","25.85",",0","30.15",",,,0","21.55",",,,0","21905",",X","70",",X","","","","","90",",X","","","10.3",",X","","","","","15.4",",X","",""
"USW00022521","1995-06","21.32402","-157.93946","1.9","HONOLULU INTERNATIONAL AIRPORT, HI US","","","","","","","","","5.5",",X","1165.2","0","271.9",",0","3",",0","0",",0","0",",0","0",",0","0",",0","0",",0","0",",0","0",",0","30",",0","6",",0","","","","","19950608",",,0","19950630","+,,0","19950630","+,,0","","","19950607","+,,0","19950628",",,0","21.1",",0,08,","0",",,0,30,+","0",",,0,30,+","0.5",",,0,07,+","33.3",",0,28,","0.0","0","0.0",",0","1.3",",,,0","","","","","","","","","0",",,,0","27.40",",0","31.41",",,,0","23.38",",,,0","21687",",X","60",",X","","","","","90",",X","","","10.3",",X","","","","","15.4",",X","",""
"USW00022521","1995-07","21.32402","-157.93946","1.9","HONOLULU INTERNATIONAL AIRPORT, HI US","","","","","","","","","6.0",",X","1479.1","0","313.9",",0","6",",0","0",",0","0",",0","0",",0","0",",0","0",",0","0",",0","0",",0","31",",0","27",",0","","","","","19950718",",,0","19950731","+,,0","19950731","+,,0","","","19950724","+,,0","19950715",",,0","21.7",",0,18,","0",",,0,31,+","0",",,0,31,+","1.5",",,0,24,+","34.4",",0,15,","0.0","0","0.0",",0","4.9",",,,0","","","","","","","","","0",",,,0","28.46",",0","32.55",",,,0","24.37",",,,0","22640",",X","70",",X","","","","","90",",X","","","10.7",",X","","","","","15.4",",X","",""
"USW00022521","1995-08","21.32402","-157.93946","1.9","HONOLULU INTERNATIONAL AIRPORT, HI US","","","","","","","","","6.1",",X","1794.9","0","315.8",",0","8",",0","1",",0","0",",0","0",",0","0",",0","0",",0","0",",0","0",",0","31",",0","28",",0","","","","","19950819","+,,0","19950831","+,,0","19950831","+,,0","","","19950823",",,0","19950822","+,,0","23.3",",0,19,+","0",",,0,31,+","0",",,0,31,+","2.5",",,0,23,","33.9",",0,22,+","0.0","0","0.0",",0","11.2",",,,0","","","","","","","","","0",",,,0","28.52",",0","32.67",",,,0","24.36",",,,0","21849",",X","60",",X","","","","","90",",X","","","11.2",",X","","","","","14.9",",X","",""
"USW00022521","1995-09","21.32402","-157.93946","1.9","HONOLULU INTERNATIONAL AIRPORT, HI US","","","","","","","","","4.5",",X","2097.8","0","302.9",",0","4",",0","2",",0","0",",0","0",",0","0",",0","0",",0","0",",0","0",",0","30",",0","30",",0","","","","","19950912","+,,0","19950930","+,,0","19950930","+,,0","","","19950928",",,0","19950923","+,,0","21.7",",0,12,+","0",",,0,30,+","0",",,0,30,+","4.3",",,0,28,","33.9",",0,23,+","0.0","0","0.0",",0","8.4",",,,0","","","","","","","","","0",",,,0","28.43",",0","32.95",",,,0","23.91",",,,0","19867",",X","70",",X","","","","","45",",X","","","10.3",",X","","","","","13.9",",X","",""
"USW00022521","1995-10","21.32402","-157.93946","1.9","HONOLULU INTERNATIONAL AIRPORT, HI US","","","","","","","","","5.5",",X","2401.6","0","303.8",",0","6",",0","1",",0","0",",0","0",",0","0",",0","0",",0","0",",0","0",",0","31",",0","18",",0","","","","","19951028",",,0","19951031","+,,0","19951031","+,,0","","","19951007",",,0","19951016","+,,0","20.6",",0,28,","0",",,0,31,+","0",",,0,31,+","6.4",",,0,07,","33.3",",0,16,+","0.0","0","0.0",",0","9.3",",,,0","","","","","","","","","0",",,,0","28.13",",0","32.05",",,,0","24.22",",,,0","19623",",X","80",",X","","","","","45",",X","","","10.7",",X","","","","","14.9",",X","",""
"USW00022521","1995-11","21.32402","-157.93946","1.9","HONOLULU INTERNATIONAL AIRPORT, HI US","","","","","","","","","3.8",",X","2654.5","0","252.9",",0","6",",0","3",",0","0",",0","0",",0","0",",0","0",",0","0",",0","0",",0","30",",0","6",",0","1","","","","19951122","+,,0","19951130","+,,0","19951130","+,,0","4","","19951103",",,0","19951101",",,0","20.6",",0,22,+","0",",,0,30,+","0",",,0,30,+","14.5",",,0,03,","32.8",",0,01,","0.0","0","0.0",",0","23.5",",,,0","","","","","","","","","0",",,,0","26.76",",0","30.80",",,,0","22.73",",,,0","16784",",X","80",",X","","","","","90",",X","","","8.9",",X","","","","","11.8",",X","",""
"USW00022521","1995-12","21.32402","-157.93946","1.9","HONOLULU INTERNATIONAL AIRPORT, HI US","","","","","","","","","3.5",",X","2897.3","0","242.8",",0","6",",0","3",",0","0",",0","0",",0","0",",0","0",",0","0",",0","0",",0","31",",0","0",",0","","","","","19951222",",,0","19951231","+,,0","19951231","+,,0","","","19951230",",,0","19951215","+,,0","18.3",",0,22,","0",",,0,31,+","0",",,0,31,+","19.1",",,0,30,","31.7",",0,15,+","0.0","0","0.0",",0","33.4",",,,0","","","","","","","","","0",",,,0","26.17",",0","30.48",",,,0","21.85",",,,0","17958",",X","180",",X","","","","","180",",X","","","10.7",",X","","","","","13.4",",X","",""
"USW00022521","1996-01","21.32402","-157.93946","1.9","HONOLULU INTERNATIONAL AIRPORT, HI US","","","","","","","","","3.5",",X","191.6","0","191.6",",0","12",",0","9",",0","0",",0","0",",0","0",",0","0",",0","0",",0","0",",0","31",",0","0",",0","1","","","","19960131",",,0","19960131","+,,0","19960131","+,,0","2","","19960124",",,0","19960121",",,0","16.7",",0,31,","0",",,0,31,+","0",",,0,31,+","22.6",",,0,24,","31.1",",0,21,","0.0","0","0.0",",0","89.4",",,,0","","","","","","","","","0",",,,0","24.51",",0","28.88",",,,0","20.15",",,,0","","","60",",X","","","","","270",",X","","","9.8",",X","","","","","12.9",",X","",""
"USW00022521","1996-02","21.32402","-157.93946","1.9","HONOLULU INTERNATIONAL AIRPORT, HI US","","","","","","","","","5.0",",X","336.9","0","145.3",",0","6",",0","2",",0","0",",0","0",",0","0",",0","0",",0","0",",0","0",",0","29",",0","0",",0","2","","","","19960219",",,0","19960229","+,,0","19960229","+,,0","","","19960227",",,0","19960207",",,0","14.4",",0,19,","0",",,0,29,+","0",",,0,29,+","13.5",",,0,27,","30.6",",0,07,","0.0","0","0.0",",0","25.4",",,,0","","","","","","","","","0",",,,0","23.34",",0","26.99",",,,0","19.70",",,,0","16745",",X","90",",X","","","","","90",",X","","","12.5",",X","","","","","18.0",",X","",""
"USW00022521","1996-03","21.32402","-157.93946","1.9","HONOLULU INTERNATIONAL AIRPORT, HI US","","","","","","","","","4.2",",X","496.8","0","159.9",",0","7",",0","2",",0","1",",0","0",",0","0",",0","0",",0","0",",0","0",",0","31",",0","0",",0","2","","","","19960308",",,0","19960331","+,,0","19960331","+,,0","","","19960303",",,0","19960315",",,0","14.4",",0,08,","0",",,0,31,+","0",",,0,31,+","54.4",",,0,03,","30.6",",0,15,","0.0","0","0.0",",0","68.1",",,,0","","","","","","","","","0",",,,0","23.49",",0","28.12",",,,0","18.86",",,,0","20414",",X","230",",X","","","","","225",",X","","","11.6",",X","","","","","18.0",",X","",""
"USW00022521","1996-04","21.32402","-157.93946","1.9","HONOLULU INTERNATIONAL AIRPORT, HI US","","","","","","","","","4.4",",X","745.1","0","248.3",",0","4",",0","1",",0","0",",0","0",",0","0",",0","0",",0","0",",0","0",",0","30",",0","4",",0","","","","","19960430",",,0","19960430","+,,0","19960430","+,,0","","","19960404",",,0","19960428",",,0","19.4",",0,30,","0",",,0,30,+","0",",,0,30,+","6.9",",,0,04,","32.8",",0,28,","0.0","0","0.0",",0","8.7",",,,0","","","","","","","","","0",",,,0","26.61",",0","30.83",",,,0","22.39",",,,0","18756","2,X","90",",X","","","","","90",",X","","","9.4",",X","","","","","13.4",",X","",""
"USW00022521","1996-05","21.32402","-157.93946","1.9","HONOLULU INTERNATIONAL AIRPORT, HI US","","","","","","","","","3.9",",X","985.8","0","240.7",",0","2",",0","0",",0","0",",0","0",",0","0",",0","0",",0","0",",0","0",",0","31",",0","4",",0","","","","","19960510","+,,0","19960531","+,,0","19960531","+,,0","1","","19960525",",,0","19960522",",,0","17.2",",0,10,+","0",",,0,31,+","0",",,0,31,+","2.3",",,0,25,","32.8",",0,22,","0.0","0","0.0",",0","3.3",",,,0","","","","","","","","","0",",,,0","26.10",",0","30.65",",,,0","21.55",",,,0","21964",",X","250",",X","","","","","225",",X","","","10.3",",X","","","","","13.4",",X","",""
"USW00022521","1996-06","21.32402","-157.93946","1.9","HONOLULU INTERNATIONAL AIRPORT, HI US","","","","","","","","","4.8",",X","1256.0","0","270.2",",0","13",",0","3",",0","0",",0","0",",0","0",",0","0",",0","0",",0","0",",0","30",",0","10",",0","","","","","19960602",",,0","19960630","+,,0","19960630","+,,0","3","","19960623",",,0","19960611",",,0","20.6",",0,02,","0",",,0,30,+","0",",,0,30,+","7.1",",,0,23,","33.3",",0,11,","0.0","0","0.0",",0","25.8",",,,0","","","","","","","","","0",",,,0","27.34",",0","31.54",",,,0","23.14",",,,0","21525",",X","50",",X","","","","","90",",X","","","10.3",",X","","","","","15.4",",X","",""
"USW00022521","1996-07","21.32402","-157.93946","1.9","HONOLULU INTERNATIONAL AIRPORT, HI US","","","","","","","","","5.5",",X","1550.8","0","294.8",",0","14",",0","3",",0","0",",0","0",",0","0",",0","0",",0","0",",0","0",",0","31",",0","9",",0","","","","","19960715","+,,0","19960731","+,,0","19960731","+,,0","","","19960705",",,0","19960728","+,,0","22.8",",0,15,+","0",",,0,31,+","0",",,0,31,+","4.3",",,0,05,","32.8",",0,28,+","0.0","0","0.0",",0","19.0",",,,0","","","","","","","","","0",",,,0","27.84",",0","31.59",",,,0","24.10",",,,0","22000",",X","","","60",",X","","","50",",X","","","","","10.3",",X","","","14.8",",X","",""
"USW00022521","1996-08","21.32402","-157.93946","1.9","HONOLULU INTERNATIONAL AIRPORT, HI US","","","","","","","","","4.6",",X","1857.3","0","306.5",",0","7",",0","4",",0","1",",0","0",",0","0",",0","0",",0","0",",0","0",",0","31",",0","26",",0","","","","","19960823","+,,0","19960831","+,,0","19960831","+,,0","1","","19960831",",,0","19960826","+,,0","21.7",",0,23,+","0",",,0,31,+","0",",,0,31,+","43.4",",,0,31,","33.9",",0,26,+","0.0","0","0.0",",0","55.1",",,,0","","","","","","","","","0",",,,0","28.22",",0","32.52",",,,0","23.92",",,,0","21923",",X","","","60",",X","","","50",",X","","","","","9.4",",X","","","14.8",",X","",""
"USW00022521","1996-09","21.32402","-157.93946","1.9","HONOLULU INTERNATIONAL AIRPORT, HI US","","","","","","","","","4.1",",X","2130.5","0","273.2",",0","8",",0","4",",0","0",",0","0",",0","0",",0","0",",0","0",",0","0",",0","30",",0","4",",0","","","","","19960927",",,0","19960930","+,,0","19960930","+,,0","","","19960906",",,0","19960925","+,,0","20.0",",0,27,","0",",,0,30,+","0",",,0,30,+","5.3",",,0,06,","32.2",",0,25,+","0.0","0","0.0",",0","19.9",",,,0","","","","","","","","","0",",,,0","27.44",",0","31.36",",,,0","23.51",",,,0","20120",",X","","","60",",X","","","90",",X","","","","","9.4",",X","","","13.9",",X","",""
"USW00022521","1996-10","21.32402","-157.93946","1.9","HONOLULU INTERNATIONAL AIRPORT, HI US","","","","","","","","","3.9",",X","2418.4","0","287.9",",0","3",",0","0",",0","0",",0","0",",0","0",",0","0",",0","0",",0","0",",0","31",",0","12",",0","","","","","19961004",",,0","19961031","+,,0","19961031","+,,0","2","","19961019",",,0","19961028","+,,0","21.1",",0,04,","0",",,0,31,+","0",",,0,31,+","1.0",",,0,19,","32.8",",0,28,+","0.0","0","0.0",",0","1.8",",,,0","","","","","","","","","0",",,,0","27.62",",0","31.70",",,,0","23.55",",,,0","20115",",X","","","40",",X","","","90",",X","","","","","10.3",",X","","","14.3",",X","",""
"USW00022521","1996-11","21.32402","-157.93946","1.9","HONOLULU INTERNATIONAL AIRPORT, HI US","","","","","","","","","3.8",",X","2617.3","0","198.9",",0","14",",0","9",",0","7",",0","0",",0","0",",0","0",",0","0",",0","0",",0","30",",0","0",",0","5","","","","19961118",",,0","19961130","+,,0","19961130","+,,0","5","","19961105",",,0","19961101",",,0","18.3",",0,18,","0",",,0,30,+","0",",,0,30,+","114.6",",,0,05,","31.7",",0,01,","0.0","0","0.0",",0","477.2",",,,0","","","","","","","","","0",",,,0","24.96",",0","27.96",",,,0","21.96",",,,0","14774",",X","","","170",",X","","","50",",X","","","","","10.3",",X","","","14.8",",X","",""
"USW00022521","1996-12","21.32402","-157.93946","1.9","HONOLULU INTERNATIONAL AIRPORT, HI US","","","","","","","","","3.7",",X","2756.5","0","139.2",",0","16",",0","8",",0","0",",0","0",",0","0",",0","0",",0","0",",0","0",",0","31",",0","0",",0","4","","","","19961228",",,0","19961231","+,,0","19961231","+,,0","","","19961227",",,0","19961230","+,,0","13.3",",0,28,","0",",,0,31,+","0",",,0,31,+","8.4",",,0,27,","27.8",",0,30,+","0.0","0","0.0",",0","48.1",",,,0","","","","","","","","","0",",,,0","22.82",",0","26.61",",,,0","19.04",",,,0","16366",",X","","","300",",X","","","90",",X","","","","","11.2",",X","","","16.5",",X","",""
"USW00022521","1997-01","21.32402","-157.93946","1.9","HONOLULU INTERNATIONAL AIRPORT, HI US","","","","","","","","","3.9",",X","125.3","0","125.3",",0","11",",0","6",",0","2",",0","0",",0","0",",0","0",",0","0",",0","0",",0","31",",0","0",",0","6","","","","19970123",",,0","19970131","+,,0","19970131","+,,0","1","","19970103",",,0","19970115",",,0","13.9",",0,23,","0",",,0,31,+","0",",,0,31,+","79.5",",,0,03,","28.3",",0,15,","0.0","0","0.0",",0","175.8",",,,0","","","","","","","","","0",",,,0","22.38",",0","26.33",",,,0","18.42",",,,0","16422",",X","","","250",",X","","","270",",X","","","","","14.3",",X","","","14.8",",X","",""
"USW00022521","1997-02","21.32402","-157.93946","1.9","HONOLULU INTERNATIONAL AIRPORT, HI US","","","","","","","","","4.4",",X","275.7","0","150.4",",0","4",",0","4",",0","0",",0","0",",0","0",",0","0",",0","0",",0","0",",0","28",",0","0",",0","","","","","19970204",",,0","19970228","+,,0","19970228","+,,0","","","19970226",",,0","19970228","+,,0","16.7",",0,04,","0",",,0,28,+","0",",,0,28,+","7.6",",,0,26,","29.4",",0,28,+","0.0","0","0.0",",0","24.1",",,,0","","","","","","","","","0",",,,0","23.71",",0","27.85",",,,0","19.56",",,,0","17839",",X","","","170",",X","","","50",",X","","","","","11.2",",X","","","16.1",",X","",""
"USW00022521","1997-03","21.32402","-157.93946","1.9","HONOLULU INTERNATIONAL AIRPORT, HI US","","","","","","","","","4.3",",X","452.9","0","177.2",",0","16",",0","7",",0","1",",0","0",",0","0",",0","0",",0","0",",0","0",",0","31",",0","0",",0","2","","","","19970319",",,0","19970331","+,,0","19970331","+,,0","","","19970323",",,0","19970316","+,,0","15.0",",0,19,","0",",,0,31,+","0",",,0,31,+","56.6",",,0,23,","29.4",",0,16,+","0.0","0","0.0",",0","124.5",",,,0","","","","","","","","","0",",,,0","24.05",",0","27.80",",,,0","20.29",",,,0","18107",",X","","","70",",X","","","90",",X","","","","","12.5",",X","","","16.5",",X","",""
"USW00022521","1997-04","21.32402","-157.93946","1.9","HONOLULU INTERNATIONAL AIRPORT, HI US","","","","","","","","","3.8",",X","641.5","0","188.6",",0","11",",0","5",",0","0",",0","0",",0","0",",0","0",",0","0",",0","0",",0","30",",0","0",",0","1","","","","19970407",",,0","19970430","+,,0","19970430","+,,0","","","19970401",",,0","19970424",",,0","17.8",",0,07,","0",",,0,30,+","0",",,0,30,+","8.9",",,0,01,","30.6",",0,24,","0.0","0","0.0",",0","26.0",",,,0","","","","","","","","","0",",,,0","24.62",",0","28.79",",,,0","20.45",",,,0","20268",",X","","","","","","","50",",X","","","","","","","","","15.6",",X","",""
"USW00022521","1997-05","21.32402","-157.93946","1.9","HONOLULU INTERNATIONAL AIRPORT, HI US","","","","","","","","","4.0",",X","834.2","0","192.7",",0","6",",0","1",",0","0",",0","0",",0","0",",0","0",",0","0",",0","0",",0","31",",0","0",",0","","","","","19970511","+,,0","19970531","+,,0","19970531","+,,0","","","19970522",",,0","19970531",",,0","17.2",",0,11,+","0",",,0,31,+","0",",,0,31,+","11.7",",,0,22,","31.7",",0,31,","0.0","0","0.0",",0","16.1",",,,0","","","","","","","","","0",",,,0","24.55",",0","28.98",",,,0","20.12",",,,0","22307",",X","","","70",",X","","","90",",X","","","","","9.8",",X","","","14.3",",X","",""
"USW00022521","1997-06","21.32402","-157.93946","1.9","HONOLULU INTERNATIONAL AIRPORT, HI US","","","","","","","","","5.9",",X","1102.4","0","268.2",",0","7",",0","1",",0","0",",0","0",",0","0",",0","0",",0","0",",0","0",",0","30",",0","2",",0","1","","","","19970604",",,0","19970630","+,,0","19970630","+,,0","","","19970624",",,0","19970608","+,,0","20.6",",0,04,","0",",,0,30,+","0",",,0,30,+","4.8",",,0,24,","32.2",",0,08,+","0.0","0","0.0",",0","10.2",",,,0","","","","","","","","","0",",,,0","27.27",",0","31.09",",,,0","23.45",",,,0","22001",",X","","","70",",X","","","50",",X","","","","","11.2",",X","","","16.1",",X","",""
"USW00022521","1997-07","21.32402","-157.93946","1.9","HONOLULU INTERNATIONAL AIRPORT, HI US","","","","","","","","","5.6",",X","1387.3","0","284.9",",0","6",",0","1",",0","0",",0","0",",0","0",",0","0",",0","0",",0","0",",0","31",",0","4",",0","","","","","19970714",",,0","19970731","+,,0","19970731","+,,0","","","19970722",",,0","19970731","+,,0","21.1",",0,14,","0",",,0,31,+","0",",,0,31,+","9.1",",,0,22,","33.3",",0,31,+","0.0","0","0.0",",0","13.3",",,,0","","","","","","","","","0",",,,0","27.52",",0","31.48",",,,0","23.56",",,,0","22593",",X","","","50",",X","","","50",",X","","","","","11.2",",X","","","17.0",",X","",""
"USW00022521","1997-08","21.32402","-157.93946","1.9","HONOLULU INTERNATIONAL AIRPORT, HI US","","","","","","","","","4.7",",X","1689.4","0","302.1",",0","2",",0","1",",0","0",",0","0",",0","0",",0","0",",0","0",",0","0",",0","31",",0","22",",0","","","","","19970813",",,0","19970831","+,,0","19970831","+,,0","1","","19970817",",,0","19970830","+,,0","20.6",",0,13,","0",",,0,31,+","0",",,0,31,+","3.0",",,0,17,","33.9",",0,30,+","0.0","0","0.0",",0","3.3",",,,0","","","","","","","","","0",",,,0","28.08",",0","32.37",",,,0","23.79",",,,0","22017",",X","","","80",",X","","","90",",X","","","","","9.4",",X","","","13.4",",X","",""
"USW00022521","1997-09","21.32402","-157.93946","1.9","HONOLULU INTERNATIONAL AIRPORT, HI US","","","","","","","","","4.6",",X","1983.6","0","294.2",",0","8",",0","2",",0","0",",0","0",",0","0",",0","0",",0","0",",0","0",",0","30",",0","19",",0","","","","","19970921",",,0","19970930","+,,0","19970930","+,,0","","","19970914",",,0","19970902",",,0","21.7",",0,21,","0",",,0,30,+","0",",,0,30,+","6.6",",,0,14,","34.4",",0,02,","0.0","0","0.0",",0","17.2",",,,0","","","","","","","","","0",",,,0","28.14",",0","32.34",",,,0","23.94",",,,0","20395",",X","","","80",",X","","","90",",X","","","","","10.3",",X","","","13.9",",X","",""
"USW00022521","1997-10","21.32402","-157.93946","1.9","HONOLULU INTERNATIONAL AIRPORT, HI US","","","","","","","","","4.1",",X","2252.5","0","268.9",",0","13",",0","6",",0","0",",0","0",",0","0",",0","0",",0","0",",0","0",",0","31",",0","3",",0","2","","","","19971019",",,0","19971031","+,,0","19971031","+,,0","2","","19971011",",,0","19971007","+,,0","20.6",",0,19,","0",",,0,31,+","0",",,0,31,+","21.3",",,0,11,","32.8",",0,07,+","0.0","0","0.0",",0","65.5",",,,0","","","","","","","","","0",",,,0","27.01",",0","31.10",",,,0","22.92",",,,0","19519",",X","","","70",",X","","","90",",X","","","","","9.8",",X","","","13.0",",X","",""
"USW00022521","1997-11","21.32402","-157.93946","1.9","HONOLULU INTERNATIONAL AIRPORT, HI US","","","","","","","","","4.2",",X","2442.6","0","190.1",",0","10",",0","2",",0","0",",0","0",",0","0",",0","0",",0","0",",0","0",",0","30",",0","0",",0","2","","","","19971121",",,0","19971130","+,,0","19971130","+,,0","1","","19971118",",,0","19971114","+,,0","17.8",",0,21,","0",",,0,30,+","0",",,0,30,+","8.1",",,0,18,","30.6",",0,14,+","0.0","0","0.0",",0","21.6",",,,0","","","","","","","","","0",",,,0","24.67",",0","28.58",",,,0","20.76",",,,0","17442",",X","","","50",",X","","","50",",X","","","","","9.8",",X","","","16.5",",X","",""
"USW00022521","1997-12","21.32402","-157.93946","1.9","HONOLULU INTERNATIONAL AIRPORT, HI US","","","","","","","","","4.3",",X","2597.6","0","155.0",",0","11",",0","1",",0","0",",0","0",",0","0",",0","0",",0","0",",0","0",",0","31",",0","0",",0","1","","","","19971213",",,0","19971231","+,,0","19971231","+,,0","","","19971218",",,0","19971221",",,0","15.6",",0,13,","0",",,0,31,+","0",",,0,31,+","3.8",",,0,18,","28.9",",0,21,","0.0","0","0.0",",0","11.3",",,,0","","","","","","","","","0",",,,0","23.33",",0","27.17",",,,0","19.50",",,,0","17127",",X","","","50",",X","","","50",",X","","","","","13.0",",X","","","18.3",",X","",""
"USW00022521","1998-01","21.32402","-157.93946","1.9","HONOLULU INTERNATIONAL AIRPORT, HI US","","","","","","","","","2.7",",X","128.2","0","128.2",",0","5",",0","3",",0","0",",0","0",",0","0",",0","0",",0","0",",0","0",",0","31",",0","0",",0","3","","","","19980131",",,0","19980131","+,,0","19980131","+,,0","","","19980117",",,0","19980115",",,0","11.7",",0,31,","0",",,0,31,+","0",",,0,31,+","6.4",",,0,17,","30.6",",0,15,","0.0","0","0.0",",0","19.6",",,,0","","","","","","","","","0",",,,0","22.47",",0","27.57",",,,0","17.37",",,,0","17877",",X","","","290",",X","","","270",",X","","","","","9.4",",X","","","15.6",",X","",""
"USW00022521","1998-02","21.32402","-157.93946","1.9","HONOLULU INTERNATIONAL AIRPORT, HI US","","","","","","","","","3.8",",X","249.2","0","121.0",",0","4",",0","1",",0","0",",0","","","","","0",",0","0",",0","0",",0","28",",0","0",",0","5","","","","19980206",",,0","","","","","","","19980204",",,0","19980220","+,,0","13.3",",0,06,","","","","","2.8",",,0,04,","28.9",",0,20,+","0.0","0","0.0",",0","5.4",",,,0","","","","","","","","","","","22.65",",0","26.95",",,,0","18.35",",,,0","17495",",X","","","320",",X","340",",X","","","","","","","13.4",",X","16.1",",X","","","",""
"USW00022521","1998-03","21.32402","-157.93946","1.9","HONOLULU INTERNATIONAL AIRPORT, HI US","","","","","","","","","4.2",",X","423.7","0","174.5",",0","3",",0","0",",0","0",",0","","","","","0",",0","0",",0","0",",0","31",",0","0",",0","1","","","","19980322",",,0","","","","","","","19980330","+,,0","19980320",",,0","17.8",",0,22,","","","","","0.3",",,0,30,+","31.1",",0,20,","0.0","0","0.0",",0","0.9",",,,0","","","","","","","","","","","23.96",",0","27.95",",,,0","19.97",",,,0","20030","1,X","","","60",",X","80",",X","","","","","","","14.3",",X","16.5",",X","","","",""
"USW00022521","1998-04","21.32402","-157.93946","1.9","HONOLULU INTERNATIONAL AIRPORT, HI US","","","","","","","","","6.0",",X","592.3","0","168.6",",0","11",",0","2",",0","0",",0","","","","","0",",0","0",",0","0",",0","30",",0","0",",0","4","","","","19980430",",,0","","","","","","","19980412",",,0","19980423","+,,0","17.8",",0,30,","","","","","4.3",",,0,12,","28.9",",0,23,+","0.0","0","0.0",",0","14.0",",,,0","","","","","","","","","","","23.95",",0","27.28",",,,0","20.63",",,,0","","","","","60",",X","80",",X","","","","","","","13.4",",X","16.5",",X","","","",""
"USW00022521","1998-05","21.32402","-157.93946","1.9","HONOLULU INTERNATIONAL AIRPORT, HI US","","","","","","","","","6.1",",X","791.9","0","199.6",",0","8",",0","0",",0","0",",0","","","","","0",",0","0",",0","0",",0","31",",0","0",",0","2","","","","19980503","+,,0","","","","","","","19980501",",,0","19980530",",,0","20.0",",0,03,+","","","","","1.0",",,0,01,","30.0",",0,30,","0.0","0","0.0",",0","4.3",",,,0","","","","","","","","","","","24.77",",0","28.17",",,,0","21.37",",,,0","","","","","70",",X","60",",X","","","","","","","13.0",",X","16.5",",X","","","",""
"USW00022521","1998-06","21.32402","-157.93946","1.9","HONOLULU INTERNATIONAL AIRPORT, HI US","","","","","","","","","5.4",",X","1012.9","0","221.0",",0","7",",0","0",",0","0",",0","","","","","0",",0","0",",0","0",",0","30",",0","0",",0","3","","","","19980618",",,0","","","","","","","19980623",",,0","19980616",",,0","20.6",",0,18,","","","","","2.0",",,0,23,","30.6",",0,16,","0.0","0","0.0",",0","7.4",",,,0","","","","","","","","","","","25.70",",0","29.11",",,,0","22.29",",,,0","","","","","70",",X","60",",X","","","","","","","11.6",",X","14.8",",X","","","",""
"USW00022521","1998-07","21.32402","-157.93946","1.9","HONOLULU INTERNATIONAL AIRPORT, HI US","","","","","","","","","5.5",",X","1265.5","0","252.6",",0","4",",0","1",",0","0",",0","","","","","0",",0","0",",0","0",",0","31",",0","0",",0","1","","","","19980725","+,,0","","","","","","","19980715",",,0","19980727",",,0","21.7",",0,25,+","","","","","3.6",",,0,15,","31.7",",0,27,","0.0","0","0.0",",0","5.0",",,,0","","","","","","","","","","","26.48",",0","29.92",",,,0","23.05",",,,0","","","","","50",",X","50",",X","","","","","","","13.4",",X","16.5",",X","","","",""
"USW00022521","1998-08","21.32402","-157.93946","1.9","HONOLULU INTERNATIONAL AIRPORT, HI US","","","","","","","","","5.1",",X","1542.5","0","277.0",",0","4",",0","1",",0","0",",0","","","","","0",",0","0",",0","0",",0","31",",0","0",",0","2","","","","19980809",",,0","","","","","","","19980822",",,0","19980822","+,,0","21.1",",0,09,","","","","","2.5",",,0,22,","31.7",",0,22,+","0.0","0","0.0",",0","3.9",",,,0","","","","","","","","","","","27.27",",0","30.80",",,,0","23.74",",,,0","","","","","70",",X","50",",X","","","","","","","11.2",",X","14.3",",X","","","",""
"USW00022521","1998-09","21.32402","-157.93946","1.9","HONOLULU INTERNATIONAL AIRPORT, HI US","","","","","","","","","4.9",",X","1809.7","0","267.2",",0","2",",0","0",",0","0",",0","","","","","0",",0","0",",0","0",",0","30",",0","0",",0","2","","","","19980929","+,,0","","","","","","","19980906",",,0","19980922","+,,0","21.7",",0,29,+","","","","","0.8",",,0,06,","31.7",",0,22,+","0.0","0","0.0",",0","1.3",",,,0","","","","","","","","","","","27.24",",0","31.02",",,,0","23.45",",,,0","","","","","90",",X","60",",X","","","","","","","12.5",",X","14.8",",X","","","",""
"USW00022521","1998-10","21.32402","-157.93946","1.9","HONOLULU INTERNATIONAL AIRPORT, HI US","","","","","","","","","5.2",",X","2063.1","0","253.4",",0","3",",0","0",",0","0",",0","","","","","0",",0","0",",0","0",",0","31",",0","0",",0","1","","","","19981022",",,0","","","","","","","19981025",",,0","19981002",",,0","20.0",",0,22,","","","","","1.8",",,0,25,","31.7",",0,02,","0.0","0","0.0",",0","3.4",",,,0","","","","","","","","","","","26.51",",0","30.04",",,,0","22.97",",,,0","","","","","60",",X","40",",X","","","","","","","12.5",",X","14.8",",X","","","",""
"USW00022521","1998-11","21.32402","-157.93946","1.9","HONOLULU INTERNATIONAL AIRPORT, HI US","","","","","","","","","5.1",",X","2275.3","0","212.2",",0","15",",0","2",",0","0",",0","","","","","0",",0","0",",0","0",",0","30",",0","0",",0","6","","","","19981129",",,0","","","","","","","19981113",",,0","19981106","+,,0","20.6",",0,29,","","","","","6.1",",,0,13,","30.6",",0,06,+","0.0","0","0.0",",0","21.6",",,,0","","","","","","","","","","","25.41",",0","28.58",",,,0","22.23",",,,0","","","","","60",",X","60",",X","","","","","","","13.9",",X","17.0",",X","","","",""
"USW00022521","1998-12","21.32402","-157.93946","1.9","HONOLULU INTERNATIONAL AIRPORT, HI US","","","","","","","","","4.8",",X","2443.2","0","167.9",",0","8",",0","2",",0","0",",0","","","","","0",",0","0",",0","0",",0","31",",0","0",",0","4","","","","19981228",",,0","","","","","1","","19981231",",,0","19981220",",,0","16.7",",0,28,","","","","","21.3",",,0,31,","28.9",",0,20,","0.0","0","0.0",",0","29.2",",,,0","","","","","","","","","","","23.75",",0","27.15",",,,0","20.35",",,,0","","","","","60",",X","70",",X","","","","","","","15.2",",X","17.9",",X","","","",""
"USW00022521","1999-01","21.32402","-157.93946","1.9","HONOLULU INTERNATIONAL AIRPORT, HI US","","","","","","","","","4.2",",X","143.8","0","143.8",",0","8",",0","4",",0","0",",0","","","","","0",",0","0",",0","0",",0","31",",0","0",",0","6","","","","19990111","+,,0","","","","","1","","19990105",",,0","19990116",",,0","16.1",",0,11,+","","","","","22.6",",,0,05,","28.3",",0,16,","0.0","0","0.0",",0","53.9",",,,0","","","","","","","","","","","22.97",",0","26.43",",,,0","19.51",",,,0","","","","","60",",X","50",",X","","","","","","","13.4",",X","16.5",",X","","","",""
"USW00022521","1999-02","21.32402","-157.93946","1.9","HONOLULU INTERNATIONAL AIRPORT, HI US","","","","","","","","","5.0",",X","279.2","0","135.4",",0","7",",0","1",",0","0",",0","","","","","0",",0","0",",0","0",",0","28",",0","0",",0","2","","","","19990225","+,,0","","","","","","","19990221",",,0","19990218",",,0","17.2",",0,25,+","","","","","15.0",",,0,21,","28.3",",0,18,","0.0","0","0.0",",0","18.7",",,,0","","","","","","","","","","","23.17",",0","26.69",",,,0","19.65",",,,0","","","","","60",",X","70",",X","","","","","","","14.8",",X","19.2",",X","","","",""
"USW00022521","1999-03","21.32402","-157.93946","1.9","HONOLULU INTERNATIONAL AIRPORT, HI US","","","","","","","","","5.8",",X","444.6","0","165.4",",0","10",",0","0",",0","0",",0","","","","","0",",0","0",",0","0",",0","31",",0","0",",0","5","","","","19990304","+,,0","","","","","","","19990320","+,,0","19990308","+,,0","17.8",",0,04,+","","","","","2.3",",,0,20,+","28.3",",0,08,+","0.0","0","0.0",",0","11.8",",,,0","","","","","","","","","","","23.67",",0","27.04",",,,0","20.30",",,,0","","","","","60",",X","60",",X","","","","","","","13.9",",X","17.0",",X","","","",""
"USW00022521","1999-04","21.32402","-157.93946","1.9","HONOLULU INTERNATIONAL AIRPORT, HI US","","","","","","","","","5.1",",X","617.9","0","173.3",",0","10",",0","3",",0","0",",0","","","","","0",",0","0",",0","0",",0","30",",0","0",",0","3","","","","19990421","+,,0","","","","","","","19990404",",,0","19990427",",,0","18.9",",0,21,+","","","","","5.3",",,0,04,","29.4",",0,27,","0.0","0","0.0",",0","17.3",",,,0","","","","","","","","","","","24.11",",0","27.78",",,,0","20.44",",,,0","","","","","70",",X","40",",X","","","","","","","12.5",",X","16.1",",X","","","",""
"USW00022521","1999-05","21.32402","-157.93946","1.9","HONOLULU INTERNATIONAL AIRPORT, HI US","","","","","","","","","4.3",",X","826.4","0","208.5",",0","5",",0","4",",0","0",",0","","","","","0",",0","0",",0","0",",0","31",",0","0",",0","5","","","","19990517",",,0","","","","","","","19990516",",,0","19990529","+,,0","18.9",",0,17,","","","","","24.4",",,0,16,","30.0",",0,29,+","0.0","0","0.0",",0","54.2",",,,0","","","","","","","","","","","25.06",",0","28.44",",,,0","21.67",",,,0","","","","","70",",X","80",",X","","","","","","","11.2",",X","13.4",",X","","","",""
"USW00022521","1999-06","21.32402","-157.93946","1.9","HONOLULU INTERNATIONAL AIRPORT, HI US","","","","","","","","","5.5",",X","1054.9","0","228.5",",0","7",",0","0",",0","0",",0","","","","","0",",0","0",",0","0",",0","30",",0","0",",0","2","","","","19990613",",,0","","","","","","","19990622",",,0","19990628","+,,0","19.4",",0,13,","","","","","0.8",",,0,22,","30.6",",0,28,+","0.0","0","0.0",",0","3.0",",,,0","","","","","","","","","","","25.95",",0","29.53",",,,0","22.37",",,,0","","","","","70",",X","70",",X","","","","","","","13.4",",X","16.5",",X","","","",""
"USW00022521","1999-07","21.32402","-157.93946","1.9","HONOLULU INTERNATIONAL AIRPORT, HI US","","","","","","","","","5.4",",X","1300.8","0","245.9",",0","11",",0","1",",0","0",",0","","","","","0",",0","0",",0","0",",0","31",",0","0",",0","6","","","","19990717","+,,0","","","","","","","19990717",",,0","19990729","+,,0","21.1",",0,17,+","","","","","7.1",",,0,17,","31.1",",0,29,+","0.0","0","0.0",",0","14.8",",,,0","","","","","","","","","","","26.27",",0","29.92",",,,0","22.62",",,,0","","","","","60",",X","80",",X","","","","","","","13.4",",X","16.1",",X","","","",""
"USW00022521","1999-08","21.32402","-157.93946","1.9","HONOLULU INTERNATIONAL AIRPORT, HI US","","","","","","","","","5.7",",X","1573.2","0","272.4",",0","4",",0","0",",0","0",",0","","","","","0",",0","0",",0","0",",0","31",",0","0",",0","1","","","","19990802",",,0","","","","","","","19990830",",,0","19990821","+,,0","21.1",",0,02,","","","","","1.5",",,0,30,","31.7",",0,21,+","0.0","0","0.0",",0","3.1",",,,0","","","","","","","","","","","27.12",",0","30.81",",,,0","23.43",",,,0","","","","","70",",X","80",",X","","","","","","","13.0",",X","16.1",",X","","","",""
"USW00022521","1999-09","21.32402","-157.93946","1.9","HONOLULU INTERNATIONAL AIRPORT, HI US","","","","","","","","","5.0",",X","1826.0","0","252.8",",0","5",",0","1",",0","0",",0","","","","","0",",0","0",",0","0",",0","30",",0","0",",0","1","","","","19990928","+,,0","","","","","","","19990911",",,0","19990928","+,,0","21.1",",0,28,+","","","","","2.8",",,0,11,","31.7",",0,28,+","0.0","0","0.0",",0","5.2",",,,0","","","","","","","","","","","26.76",",0","30.69",",,,0","22.83",",,,0","","","","","60",",X","40",",X","","","","","","","11.6",",X","14.8",",X","","","",""
"USW00022521","1999-10","21.32402","-157.93946","1.9","HONOLULU INTERNATIONAL AIRPORT, HI US","","","","","","","","","4.2",",X","2055.5","0","229.5",",0","7",",0","1",",0","1",",0","","","","","0",",0","0",",0","0",",0","31",",0","0",",0","3","","","","19991018",",,0","","","","","1","","19991019",",,0","19991002",",,0","18.9",",0,18,","","","","","47.2",",,0,19,","31.1",",0,02,","0.0","0","0.0",",0","51.1",",,,0","","","","","","","","","","","25.74",",0","29.35",",,,0","22.12",",,,0","","","","","60",",X","50",",X","","","","","","","10.7",",X","13.4",",X","","","",""
"USW00022521","1999-11","21.32402","-157.93946","1.9","HONOLULU INTERNATIONAL AIRPORT, HI US","","","","","","","","","4.7",",X","2252.6","0","197.1",",0","8",",0","0",",0","0",",0","","","","","0",",0","0",",0","0",",0","30",",0","0",",0","2","","","","19991119",",,0","","","","","","","19991120",",,0","19991102","+,,0","18.3",",0,19,","","","","","2.0",",,0,20,","30.0",",0,02,+","0.0","0","0.0",",0","5.4",",,,0","","","","","","","","","","","24.90",",0","28.31",",,,0","21.50",",,,0","","","","","70",",X","70",",X","","","","","","","11.6",",X","14.8",",X","","","",""
"USW00022521","1999-12","21.32402","-157.93946","1.9","HONOLULU INTERNATIONAL AIRPORT, HI US","","","","","","","","","4.0",",X","2409.0","0","156.4",",0","12",",0","7",",0","0",",0","","","","","0",",0","0",",0","0",",0","31",",0","0",",0","8","","","","19991227",",,0","","","","","2","","19991210",",,0","19991203",",,0","15.6",",0,27,","","","","","22.4",",,0,10,","28.3",",0,03,","0.0","0","0.0",",0","67.3",",,,0","","","","","","","","","","","23.38",",0","26.49",",,,0","20.27",",,,0","","","","","60",",X","50",",X","","","","","","","12.5",",X","16.1",",X","","","",""
"USW00022521","2000-01","21.32402","-157.93946","1.9","HONOLULU INTERNATIONAL AIRPORT, HI US","","","","","","","","","4.8",",X","130.1","0","130.1",",0","7",",0","3",",0","0",",0","","","","","0",",0","0",",0","0",",0","31",",0","0",",0","3","","","","20000124",",,0","","","","","","","20000119",",,0","20000131",",,0","15.0",",0,24,","","","","","12.7",",,0,19,","28.9",",0,31,","0.0","0","0.0",",0","32.1",",,,0","","","","","","","","","","","22.53",",0","25.88",",,,0","19.18",",,,0","","","","","60",",Z","50",",Z","","","","","","","14.3",",Z","17.0",",Z","","","",""
"USW00022521","2000-02","21.32402","-157.93946","1.9","HONOLULU INTERNATIONAL AIRPORT, HI US","","","","","","","","","3.8",",X","268.9","0","138.8",",0","1",",0","0",",0","0",",0","","","","","0",",0","0",",0","0",",0","29",",0","0",",0","1","","","","20000203",",,0","","","","","","","20000201",",,0","20000217",",,0","16.7",",0,03,","","","","","1.8",",,0,01,","29.4",",0,17,","0.0","0","0.0",",0","1.8",",,,0","","","","","","","","","","","23.12",",0","26.88",",,,0","19.36",",,,0","","","","","90",",X","90",",X","","","","","","","11.2",",X","14.3",",X","","","",""
"USW00022521","2000-03","21.32402","-157.93946","1.9","HONOLULU INTERNATIONAL AIRPORT, HI US","","","","","","","","","4.8",",X","447.7","0","178.8",",0","7",",0","1",",0","0",",0","","","","","0",",0","0",",0","0",",0","31",",0","0",",0","4","","","","20000309",",,0","","","","","","","20000326",",,0","20000315","+,,0","17.8",",0,09,","","","","","4.3",",,0,26,","29.4",",0,15,+","0.0","0","0.0",",0","9.7",",,,0","","","","","","","","","","","24.10",",0","27.79",",,,0","20.41",",,,0","","","","","70",",X","90",",X","","","","","","","12.5",",X","16.1",",X","","","",""
"USW00022521","2000-04","21.32402","-157.93946","1.9","HONOLULU INTERNATIONAL AIRPORT, HI US","","","","","","","","","6.1",",X","619.8","0","172.1",",0","6",",0","2",",0","0",",0","","","","","0",",0","0",",0","0",",0","30",",0","0",",0","4","","","","20000408",",,0","","","","","","","20000408",",,0","20000425",",,0","17.2",",0,08,","","","","","4.3",",,0,08,","29.4",",0,25,","0.0","0","0.0",",0","11.8",",,,0","","","","","","","","","","","24.07",",0","27.41",",,,0","20.73",",,,0","","","","","50",",X","70",",X","","","","","","","15.6",",X","19.7",",X","","","",""
"USW00022521","2000-05","21.32402","-157.93946","1.9","HONOLULU INTERNATIONAL AIRPORT, HI US","","","","","","","","","5.1",",X","847.8","0","228.0",",0","2",",0","0",",0","0",",0","","","","","0",",0","0",",0","0",",0","31",",0","0",",0","","","","","20000515",",,0","","","","","","","20000528",",,0","20000531","+,,0","19.4",",0,15,","","","","","0.5",",,0,28,","30.6",",0,31,+","0.0","0","0.0",",0","0.8",",,,0","","","","","","","","","","","25.69",",0","29.51",",,,0","21.86",",,,0","","","","","60",",X","80",",X","","","","","","","11.6",",X","15.6",",X","","","",""
"USW00022521","2000-06","21.32402","-157.93946","1.9","HONOLULU INTERNATIONAL AIRPORT, HI US","","","","","","","","","4.8",",X","1104.8","0","257.0",",0","3",",0","0",",0","0",",0","","","","","0",",0","0",",0","0",",0","30",",0","1",",0","","","","","20000603",",,0","","","","","","","20000618","+,,0","20000626",",,0","21.1",",0,03,","","","","","0.3",",,0,18,+","32.2",",0,26,","0.0","0","0.0",",0","0.9",",,,0","","","","","","","","","","","26.90",",0","30.83",",,,0","22.97",",,,0","","","","","70",",X","40",",X","","","","","","","10.7",",X","13.4",",X","","","",""
"USW00022521","2000-07","21.32402","-157.93946","1.9","HONOLULU INTERNATIONAL AIRPORT, HI US","","","","","","","","","5.7",",X","1380.9","0","276.1",",0","9",",0","0",",0","0",",0","","","","","0",",0","0",",0","0",",0","31",",0","1",",0","4","","","","20000703",",,0","","","","","","","20000720",",,0","20000728",",,0","22.2",",0,03,","","","","","2.3",",,0,20,","32.2",",0,28,","0.0","0","0.0",",0","10.5",",,,0","","","","","","","","","","","27.24",",0","30.79",",,,0","23.69",",,,0","","","","","80",",X","80",",X","","","","","","","11.6",",X","14.8",",X","","","",""
"USW00022521","2000-08","21.32402","-157.93946","1.9","HONOLULU INTERNATIONAL AIRPORT, HI US","","","","","","","","","5.6",",X","1662.9","0","282.0",",0","7",",0","4",",0","0",",0","","","","","0",",0","0",",0","0",",0","31",",0","2",",0","5","","","","20000814",",,0","","","","","1","","20000828",",,0","20000816","+,,0","21.1",",0,14,","","","","","8.4",",,0,28,","32.2",",0,16,+","0.0","0","0.0",",0","29.7",",,,0","","","","","","","","","","","27.43",",0","30.98",",,,0","23.88",",,,0","","","","","70",",X","70",",X","","","","","","","13.0",",X","15.6",",X","","","",""
"USW00022521","2000-09","21.32402","-157.93946","1.9","HONOLULU INTERNATIONAL AIRPORT, HI US","","","","","","","","","4.2",",X","1921.8","0","258.9",",0","5",",0","3",",0","0",",0","","","","","0",",0","0",",0","0",",0","30",",0","0",",0","3","","","","20000930","+,,0","","","","","","","20000928","+,,0","20000919","+,,0","21.1",",0,30,+","","","","","7.4",",,0,28,+","31.7",",0,19,+","0.0","0","0.0",",0","19.8",",,,0","","","","","","","","","","","26.96",",0","30.64",",,,0","23.28",",,,0","","","","","60",",X","60",",X","","","","","","","11.2",",X","14.3",",X","","","",""
"USW00022521","2000-10","21.32402","-157.93946","1.9","HONOLULU INTERNATIONAL AIRPORT, HI US","","","","","","","","","5.4",",X","2186.8","0","265.0",",0","6",",0","0",",0","0",",0","","","","","0",",0","0",",0","0",",0","31",",0","0",",0","1","","","","20001030",",,0","","","","","","","20001026","+,,0","20001019",",,0","21.7",",0,30,","","","","","2.3",",,0,26,+","31.7",",0,19,","0.0","0","0.0",",0","6.5",",,,0","","","","","","","","","","","26.88",",0","30.33",",,,0","23.43",",,,0","","","","","80",",X","70",",X","","","","","","","11.6",",X","14.8",",X","","","",""
"USW00022521","2000-11","21.32402","-157.93946","1.9","HONOLULU INTERNATIONAL AIRPORT, HI US","","","","","","","","","5.2",",X","2395.4","0","208.6",",0","10",",0","3",",0","0",",0","","","","","0",",0","0",",0","0",",0","30",",0","0",",0","4","","","","20001130",",,0","","","","","1","","20001102",",,0","20001115","+,,0","18.9",",0,30,","","","","","20.6",",,0,02,","29.4",",0,15,+","0.0","0","0.0",",0","53.3",",,,0","","","","","","","","","","","25.29",",0","28.36",",,,0","22.21",",,,0","","","","","70",",X","60",",X","","","","","","","13.4",",X","16.5",",X","","","",""
"USW00022521","2000-12","21.32402","-157.93946","1.9","HONOLULU INTERNATIONAL AIRPORT, HI US","","","","","","","","","3.2",",X","2562.1","0","166.7",",0","4",",0","1",",0","0",",0","","","","","0",",0","0",",0","0",",0","31",",0","0",",0","1","","","","20001231","+,,0","","","","","","","20001221",",,0","20001216",",,0","17.2",",0,31,+","","","","","3.3",",,0,21,","29.4",",0,16,","0.0","0","0.0",",0","4.4",",,,0","","","","","","","","","","","23.71",",0","27.73",",,,0","19.69",",,,0","","","","","60",",X","30",",X","","","","","","","11.6",",X","15.6",",X","","","",""
"USW00022521","2001-01","21.32402","-157.93946","1.9","HONOLULU INTERNATIONAL AIRPORT, HI US","","","","","","","","","4.0",",X","179.6","0","179.6",",0","5",",0","0",",0","0",",0","","","","","0",",0","0",",0","0",",0","31",",0","0",",0","","","","","20010117",",,0","","","","","","","20010129",",,0","20010111","+,,0","17.2",",0,17,","","","","","1.8",",,0,29,","28.9",",0,11,+","0.0","0","0.0",",0","4.7",",,,0","","","","","","","","","","","24.13",",0","27.84",",,,0","20.41",",,,0","","","","","70",",X","70",",X","","","","","","","13.0",",X","16.1",",X","","","",""
"USW00022521","2001-02","21.32402","-157.93946","1.9","HONOLULU INTERNATIONAL AIRPORT, HI US","","","","","","","","","4.0",",X","321.1","0","141.5",",0","9",",0","3",",0","0",",0","","","","","0",",0","0",",0","0",",0","28",",0","0",",0","4","","","","20010207",",,0","","","","","","","20010215",",,0","20010227",",,0","15.0",",0,07,","","","","","3.3",",,0,15,","29.4",",0,27,","0.0","0","0.0",",0","14.6",",,,0","","","","","","","","","","","23.39",",0","27.03",",,,0","19.74",",,,0","","","","","80",",X","80",",X","","","","","","","13.0",",X","17.0",",X","","","",""
"USW00022521","2001-03","21.32402","-157.93946","1.9","HONOLULU INTERNATIONAL AIRPORT, HI US","","","","","","","","","4.4",",X","493.3","0","172.2",",0","5",",0","1",",0","0",",0","","","","","0",",0","0",",0","0",",0","31",",0","0",",0","2","","","","20010321",",,0","","","","","1","","20010324",",,0","20010327",",,0","16.1",",0,21,","","","","","13.5",",,0,24,","29.4",",0,27,","0.0","0","0.0",",0","15.9",",,,0","","","","","","","","","","","23.89",",0","27.54",",,,0","20.24",",,,0","","","","","70",",X","40",",X","","","","","","","11.6",",X","14.3",",X","","","",""
"USW00022521","2001-04","21.32402","-157.93946","1.9","HONOLULU INTERNATIONAL AIRPORT, HI US","","","","","","","","","5.9",",X","686.6","0","193.3",",0","8",",0","0",",0","0",",0","","","","","0",",0","0",",0","0",",0","30",",0","0",",0","3","","","","20010417","+,,0","","","","","","","20010410","+,,0","20010423","+,,0","20.0",",0,17,+","","","","","2.0",",,0,10,+","29.4",",0,23,+","0.0","0","0.0",",0","7.4",",,,0","","","","","","","","","","","24.78",",0","28.17",",,,0","21.38",",,,0","","","","","70",",X","80",",X","","","","","","","13.0",",X","15.6",",X","","","",""
"USW00022521","2001-05","21.32402","-157.93946","1.9","HONOLULU INTERNATIONAL AIRPORT, HI US","","","","","","","","","4.6",",X","913.4","0","226.8",",0","6",",0","0",",0","0",",0","","","","","0",",0","0",",0","0",",0","31",",0","0",",0","1","","","","20010506",",,0","","","","","","","20010529",",,0","20010526","+,,0","20.6",",0,06,","","","","","2.0",",,0,29,","31.1",",0,26,+","0.0","0","0.0",",0","3.7",",,,0","","","","","","","","","","","25.65",",0","29.37",",,,0","21.93",",,,0","","","","","70",",X","70",",X","","","","","","","11.2",",X","14.8",",X","","","",""
"USW00022521","2001-06","21.32402","-157.93946","1.9","HONOLULU INTERNATIONAL AIRPORT, HI US","","","","","","","","","5.3",",X","1157.9","0","244.5",",0","9",",0","1",",0","0",",0","","","","","0",",0","0",",0","0",",0","30",",0","0",",0","2","","","","20010605","+,,0","","","","","1","","20010605",",,0","20010625","+,,0","21.1",",0,05,+","","","","","25.1",",,0,05,","31.1",",0,25,+","0.0","0","0.0",",0","29.7",",,,0","","","","","","","","","","","26.48",",0","29.90",",,,0","23.06",",,,0","","","","","70",",X","60",",X","","","","","","","11.2",",X","13.9",",X","","","",""
"USW00022521","2001-07","21.32402","-157.93946","1.9","HONOLULU INTERNATIONAL AIRPORT, HI US","","","","","","","","","5.4",",X","1441.3","0","283.4",",0","5",",0","0",",0","0",",0","","","","","0",",0","0",",0","0",",0","31",",0","3",",0","","","","","20010714","+,,0","","","","","","","20010729","+,,0","20010730","+,,0","22.2",",0,14,+","","","","","0.8",",,0,29,+","32.2",",0,30,+","0.0","0","0.0",",0","3.5",",,,0","","","","","","","","","","","27.48",",0","31.04",",,,0","23.91",",,,0","","","","","80",",X","80",",X","","","","","","","13.0",",X","16.1",",X","","","",""
"USW00022521","2001-08","21.32402","-157.93946","1.9","HONOLULU INTERNATIONAL AIRPORT, HI US","","","","","","","","","5.9",",X","1737.4","0","296.1",",0","4",",0","0",",0","0",",0","","","","","0",",0","0",",0","0",",0","31",",0","6",",0","1","","","","20010826",",,0","","","","","","","20010827",",,0","20010828",",,0","22.2",",0,26,","","","","","0.5",",,0,27,","32.8",",0,28,","0.0","0","0.0",",0","1.4",",,,0","","","","","","","","","","","27.88",",0","31.41",",,,0","24.36",",,,0","","","","","70",",X","70",",X","","","","","","","13.9",",X","16.5",",X","","","",""
"USW00022521","2001-09","21.32402","-157.93946","1.9","HONOLULU INTERNATIONAL AIRPORT, HI US","","","","","","","","","5.2",",X","2022.7","0","285.3",",0","5",",0","1",",0","0",",0","","","","","0",",0","0",",0","0",",0","30",",0","9",",0","2","","","","20010913",",,0","","","","","1","","20010920",",,0","20010915",",,0","22.2",",0,13,","","","","","3.3",",,0,20,","33.3",",0,15,","0.0","0","0.0",",0","7.1",",,,0","","","","","","","","","","","27.84",",0","31.59",",,,0","24.10",",,,0","","","","","30",",X","50",",X","","","","","","","11.2",",X","14.8",",X","","","",""
"USW00022521","2001-10","21.32402","-157.93946","1.9","HONOLULU INTERNATIONAL AIRPORT, HI US","","","","","","","","","5.2",",X","2278.6","0","255.9",",0","10",",0","1",",0","0",",0","","","","","0",",0","0",",0","0",",0","31",",0","1",",0","4","","","","20011023","+,,0","","","","","","","20011027",",,0","20011004",",,0","20.6",",0,23,+","","","","","18.0",",,0,27,","32.8",",0,04,","0.0","0","0.0",",0","26.8",",,,0","","","","","","","","","","","26.59",",0","30.06",",,,0","23.11",",,,0","","","","","60",",X","70",",X","","","","","","","13.0",",X","16.5",",X","","","",""
"USW00022521","2001-11","21.32402","-157.93946","1.9","HONOLULU INTERNATIONAL AIRPORT, HI US","","","","","","","","","4.4",",X","2483.9","0","205.3",",0","6",",0","3",",0","1",",0","","","","","0",",0","0",",0","0",",0","30",",0","0",",0","3","","","","20011118",",,0","","","","","1","","20011127",",,0","20011121","+,,0","18.3",",0,18,","","","","","82.3",",,0,27,","29.4",",0,21,+","0.0","0","0.0",",0","99.3",",,,0","","","","","","","","","","","25.18",",0","28.37",",,,0","21.98",",,,0","","","","","270","1,X","280",",X","","","","","","","12.5","1,X","15.6",",X","","","",""
"USW00022521","2001-12","21.32402","-157.93946","1.9","HONOLULU INTERNATIONAL AIRPORT, HI US","","","","","","","","","6.0",",X","2679.7","0","195.8",",0","12",",0","2",",0","0",",0","","","","","0",",0","0",",0","0",",0","31",",0","0",",0","3","","","","20011231",",,0","","","","","","","20011229",",,0","20011229","+,,0","17.2",",0,31,","","","","","5.3",",,0,29,","28.9",",0,29,+","0.0","0","0.0",",0","19.3",",,,0","","","","","","","","","","","24.65",",0","27.62",",,,0","21.68",",,,0","","","","","70",",X","80",",X","","","","","","","15.6",",X","17.9",",X","","","",""
"USW00022521","2002-01","21.32402","-157.93946","1.9","HONOLULU INTERNATIONAL AIRPORT, HI US","","","","","","","","","4.2",",X","157.4","0","157.4",",0","13",",0","5",",0","1",",0","","","","","0",",0","0",",0","0",",0","31",",0","0",",0","5","","","","20020101",",,0","","","","","1","","20020129",",,0","20020112",",,0","16.1",",0,01,","","","","","53.3",",,0,29,","29.4",",0,12,","0.0","0","0.0",",0","99.4",",,,0","","","","","","","","","","","23.41",",0","26.75",",,,0","20.07",",,,0","0",",W","","","70",",X","70",",X","","","","","","","16.1",",X","20.1",",X","","","",""
"USW00022521","2002-02","21.32402","-157.93946","1.9","HONOLULU INTERNATIONAL AIRPORT, HI US","","","","","","","","","4.6",",X","283.1","0","125.7",",0","2",",0","1",",0","0",",0","","","","","0",",0","0",",0","0",",0","28",",0","0",",0","2","","","","20020228",",,0","","","","","","","20020208",",,0","20020219",",,0","15.6",",0,28,","","","","","17.3",",,0,08,","30.0",",0,19,","0.0","0","0.0",",0","17.6",",,,0","","","","","","","","","","","22.82",",0","26.20",",,,0","19.45",",,,0","0",",W","","","60",",X","60",",X","","","","","","","13.4",",X","17.0",",X","","","",""
"USW00022521","2002-03","21.32402","-157.93946","1.9","HONOLULU INTERNATIONAL AIRPORT, HI US","","","","","","","","","4.1",",X","439.4","0","156.3",",0","8",",0","4",",0","1",",0","","","","","0",",0","0",",0","0",",0","31",",0","0",",0","5","","","","20020302",",,0","","","","","","","20020316",",,0","20020324","+,,0","15.6",",0,02,","","","","","31.0",",,0,16,","28.9",",0,24,+","0.0","0","0.0",",0","63.7",",,,0","","","","","","","","","","","23.37",",0","26.90",",,,0","19.85",",,,0","0","3,W","","","30",",X","20",",X","","","","","","","13.0",",X","17.4",",X","","","",""
"USW00022521","2002-04","21.32402","-157.93946","1.9","HONOLULU INTERNATIONAL AIRPORT, HI US","","","","","","","","","3.6",",X","633.7","0","194.3",",0","3",",0","0",",0","0",",0","","","","","0",",0","0",",0","0",",0","30",",0","0",",0","2","","","","20020402","+,,0","","","","","","","20020429",",,0","20020421","+,,0","16.7",",0,02,+","","","","","1.3",",,0,29,","30.0",",0,21,+","0.0","0","0.0",",0","2.1",",,,0","","","","","","","","","","","24.81",",0","28.22",",,,0","21.40",",,,0","","","","","80",",X","80",",X","","","","","","","11.2",",X","13.4",",X","","","",""
"USW00022521","2002-05","21.32402","-157.93946","1.9","HONOLULU INTERNATIONAL AIRPORT, HI US","","","","","","","","","4.1",",X","859.4","0","225.7",",0","8",",0","6",",0","0",",0","","","","","0",",0","0",",0","0",",0","31",",0","0",",0","6","","","","20020506",",,0","","","","","","","20020507",",,0","20020531","+,,0","20.6",",0,06,","","","","","14.0",",,0,07,","31.1",",0,31,+","0.0","0","0.0",",0","50.0",",,,0","","","","","","","","","","","25.61",",0","28.75",",,,0","22.48",",,,0","","","","","70",",X","80",",X","","","","","","","11.6",",X","13.4",",X","","","",""
"USW00022521","2002-06","21.32402","-157.93946","1.9","HONOLULU INTERNATIONAL AIRPORT, HI US","","","","","","","","","5.8",",X","1122.5","0","263.1",",0","2",",0","0",",0","0",",0","","","","","0",",0","0",",0","0",",0","30",",0","0",",0","","","","","20020616","+,,0","","","","","","","20020611",",,0","20020604","+,,0","22.8",",0,16,+","","","","","1.3",",,0,11,","31.7",",0,04,+","0.0","0","0.0",",0","1.8",",,,0","","","","","","","","","","","27.10",",0","30.57",",,,0","23.64",",,,0","","","","","70",",X","70",",X","","","","","","","12.5",",X","15.6",",X","","","",""
"USW00022521","2002-07","21.32402","-157.93946","1.9","HONOLULU INTERNATIONAL AIRPORT, HI US","","","","","","","","","5.7",",X","1397.4","0","274.9",",0","6",",0","0",",0","0",",0","","","","","0",",0","0",",0","0",",0","31",",0","1",",0","3","","","","20020719","+,,0","","","","","","","20020717",",,0","20020731",",,0","22.8",",0,19,+","","","","","1.0",",,0,17,","32.2",",0,31,","0.0","0","0.0",",0","3.2",",,,0","","","","","","","","","","","27.20",",0","30.60",",,,0","23.80",",,,0","","","","","80",",X","50",",X","","","","","","","12.5",",X","16.1",",X","","","",""
"USW00022521","2002-08","21.32402","-157.93946","1.9","HONOLULU INTERNATIONAL AIRPORT, HI US","","","","","","","","","5.3",",X","1692.5","0","295.1",",0","4",",0","1",",0","0",",0","","","","","0",",0","0",",0","0",",0","31",",0","4",",0","2","","","","20020822","+,,0","","","","","","","20020812",",,0","20020830","+,,0","23.3",",0,22,+","","","","","2.8",",,0,12,","32.2",",0,30,+","0.0","0","0.0",",0","6.9",",,,0","","","","","","","","","","","27.85",",0","31.20",",,,0","24.50",",,,0","0","1,W","","","70",",X","60",",X","","","","","","","11.2",",X","13.9",",X","","","",""
"USW00022521","2002-09","21.32402","-157.93946","1.9","HONOLULU INTERNATIONAL AIRPORT, HI US","","","","","","","","","4.7",",X","1962.6","0","270.1",",0","3",",0","0",",0","0",",0","","","","","0",",0","0",",0","0",",0","30",",0","3",",0","","","","","20020924",",,0","","","","","","","20020919",",,0","20020917","+,,0","21.1",",0,24,","","","","","2.0",",,0,19,","32.2",",0,17,+","0.0","0","0.0",",0","2.6",",,,0","","","","","","","","","","","27.34",",0","31.06",",,,0","23.61",",,,0","0","3,","","","70",",X","50",",X","","","","","","","13.0",",X","16.5",",X","","","",""
"USW00022521","2002-10","21.32402","-157.93946","1.9","HONOLULU INTERNATIONAL AIRPORT, HI US","","","","","","","","","4.6",",X","2223.6","0","261.0",",0","8",",0","4",",0","0",",0","","","","","0",",0","0",",0","0",",0","31",",0","1",",0","3","","","","20021027",",,0","","","","","1","","20021015",",,0","20021004",",,0","20.0",",0,27,","","","","","17.5",",,0,15,","32.2",",0,04,","0.0","0","0.0",",0","53.7",",,,0","","","","","","","","","","","26.75",",0","30.02",",,,0","23.49",",,,0","0","4,W","","","60",",X","50",",X","","","","","","","11.2",",X","13.9",",X","","","",""
"USW00022521","2002-11","21.32402","-157.93946","1.9","HONOLULU INTERNATIONAL AIRPORT, HI US","","","","","","","","","3.6",",X","2431.7","0","208.1",",0","6",",0","1",",0","0",",0","","","","","0",",0","0",",0","0",",0","30",",0","0",",0","4","","","","20021130",",,0","","","","","","","20021115",",,0","20021110","+,,0","17.8",",0,30,","","","","","4.8",",,0,15,","30.0",",0,10,+","0.0","0","0.0",",0","9.2",",,,0","","","","","","","","","","","25.27",",0","28.90",",,,0","21.64",",,,0","","","","","40",",X","80",",X","","","","","","","9.8",",X","13.0",",X","","","",""
"USW00022521","2002-12","21.32402","-157.93946","1.9","HONOLULU INTERNATIONAL AIRPORT, HI US","","","","","","","","","4.1",",X","2611.0","0","179.3",",0","2",",0","0",",0","0",",0","","","","","0",",0","0",",0","0",",0","31",",0","0",",0","","","","","20021215","+,,0","","","","","","","20021229","+,,0","20021222","+,,0","17.2",",0,15,+","","","","","0.5",",,0,29,+","29.4",",0,22,+","0.0","0","0.0",",0","1.0",",,,0","","","","","","","","","","","24.12",",0","27.93",",,,0","20.31",",,,0","0",",W","","","70",",X","70",",X","","","","","","","13.0",",X","14.8",",X","","","",""
"USW00022521","2003-01","21.32402","-157.93946","1.9","HONOLULU INTERNATIONAL AIRPORT, HI US","","","","","","","","","3.7",",X","129.4","0","129.4",",0","10",",0","4",",0","0",",0","","","","","0",",0","0",",0","0",",0","31",",0","0",",0","9","","","","20030117",",,0","","","","","","","20030120",",,0","20030104",",,0","13.9",",0,17,","","","","","8.6",",,0,20,","28.9",",0,04,","0.0","0","0.0",",0","30.8",",,,0","","","","","","","","","","","22.51",",0","26.35",",,,0","18.66",",,,0","","","","","250",",X","330",",X","","","","","","","14.3",",X","17.0",",X","","","",""
"USW00022521","2003-02","21.32402","-157.93946","1.9","HONOLULU INTERNATIONAL AIRPORT, HI US","","","","","","","","","4.6",",X","265.2","0","135.8",",0","11",",0","2",",0","0",",0","","","","","0",",0","0",",0","0",",0","28",",0","0",",0","5","","","","20030207",",,0","","","","","","","20030214",",,0","20030201",",,0","14.4",",0,07,","","","","","13.7",",,0,14,","28.9",",0,01,","0.0","0","0.0",",0","27.9",",,,0","","","","","","","","","","","23.18",",0","26.94",",,,0","19.42",",,,0","","","","","80",",X","80",",X","","","","","","","12.5",",X","14.8",",X","","","",""
"USW00022521","2003-03","21.32402","-157.93946","1.9","HONOLULU INTERNATIONAL AIRPORT, HI US","","","","","","","","","3.9",",X","449.1","0","183.9",",0","7",",0","4",",0","0",",0","","","","","0",",0","0",",0","0",",0","31",",0","0",",0","4","","","","20030303",",,0","","","","","","","20030306",",,0","20030322","+,,0","16.1",",0,03,","","","","","21.6",",,0,06,","29.4",",0,22,+","0.0","0","0.0",",0","49.6",",,,0","","","","","","","","","","","24.27",",0","27.60",",,,0","20.93",",,,0","","","","","80",",X","60",",X","","","","","","","12.5",",X","15.6",",X","","","",""
"USW00022521","2003-04","21.32402","-157.93946","1.9","HONOLULU INTERNATIONAL AIRPORT, HI US","","","","","","","","","5.2",",X","653.8","0","204.7",",0","7",",0","2",",0","0",",0","","","","","0",",0","0",",0","0",",0","30",",0","0",",0","2","","","","20030428",",,0","","","","","1","","20030404",",,0","20030410","+,,0","19.4",",0,28,","","","","","11.7",",,0,04,","30.0",",0,10,+","0.0","0","0.0",",0","20.6",",,,0","","","","","","","","","","","25.16",",0","28.66",",,,0","21.65",",,,0","","","","","70",",X","70",",X","","","","","","","13.4",",X","16.5",",X","","","",""
"USW00022521","2003-05","21.32402","-157.93946","1.9","HONOLULU INTERNATIONAL AIRPORT, HI US","","","","","","","","","4.8",",X","894.2","0","240.4",",0","1",",0","0",",0","0",",0","","","","","0",",0","0",",0","0",",0","31",",0","0",",0","1","","","","20030526",",,0","","","","","","","20030507",",,0","20030530","+,,0","20.6",",0,26,","","","","","2.3",",,0,07,","31.1",",0,30,+","0.0","0","0.0",",0","2.3",",,,0","","","","","","","","","","","26.09",",0","29.73",",,,0","22.45",",,,0","","","","","70",",X","70",",X","","","","","","","11.6",",X","14.8",",X","","","",""
"USW00022521","2003-06","21.32402","-157.93946","1.9","HONOLULU INTERNATIONAL AIRPORT, HI US","","","","","","","","","4.7",",X","1151.6","0","257.4",",0","7",",0","0",",0","0",",0","","","","","0",",0","0",",0","0",",0","30",",0","1",",0","1","","","","20030615","+,,0","","","","","","","20030606",",,0","20030609",",,0","21.7",",0,15,+","","","","","1.8",",,0,06,","32.2",",0,09,","0.0","0","0.0",",0","5.3",",,,0","","","","","","","","","","","26.91",",0","30.59",",,,0","23.23",",,,0","","","","","40",",X","30",",X","","","","","","","11.2",",X","14.3",",X","","","",""
"USW00022521","2003-07","21.32402","-157.93946","1.9","HONOLULU INTERNATIONAL AIRPORT, HI US","","","","","","","","","5.6",",X","1450.3","0","298.7",",0","6",",0","2",",0","0",",0","","","","","0",",0","0",",0","0",",0","31",",0","8",",0","1","","","","20030704",",,0","","","","","1","","20030726",",,0","20030731","+,,0","22.2",",0,04,","","","","","8.1",",,0,26,","33.3",",0,31,+","0.0","0","0.0",",0","13.3",",,,0","","","","","","","","","","","27.97",",0","31.40",",,,0","24.54",",,,0","","","","","80",",X","70",",X","","","","","","","12.5",",X","14.8",",X","","","",""
"USW00022521","2003-08","21.32402","-157.93946","1.9","HONOLULU INTERNATIONAL AIRPORT, HI US","","","","","","","","","6.3",",X","1763.9","0","313.6",",0","2",",0","0",",0","0",",0","","","","","0",",0","0",",0","0",",0","31",",0","14",",0","","","","","20030829",",,0","","","","","","","20030823","+,,0","20030806",",,0","22.8",",0,29,","","","","","0.3",",,0,23,+","33.3",",0,06,","0.0","0","0.0",",0","0.6",",,,0","","","","","","","","","","","28.45",",0","31.89",",,,0","25.01",",,,0","","","","","60",",X","80",",X","","","","","","","13.0",",X","16.5",",X","","","",""
"USW00022521","2003-09","21.32402","-157.93946","1.9","HONOLULU INTERNATIONAL AIRPORT, HI US","","","","","","","","","4.5",",X","2047.7","0","283.8",",0","4",",0","2",",0","0",",0","","","","","0",",0","0",",0","0",",0","30",",0","10",",0","","","","","20030928",",,0","","","","","","","20030910",",,0","20030927","+,,0","21.7",",0,28,","","","","","3.3",",,0,10,","32.2",",0,27,+","0.0","0","0.0",",0","7.1",",,,0","","","","","","","","","","","27.79",",0","31.38",",,,0","24.21",",,,0","0",",W","","","80",",X","80",",X","","","","","","","13.4",",X","16.1",",X","","","",""
"USW00022521","2003-10","21.32402","-157.93946","1.9","HONOLULU INTERNATIONAL AIRPORT, HI US","","","","","","","","","3.9",",X","2323.8","0","276.1",",0","9",",0","4",",0","0",",0","","","","","0",",0","0",",0","0",",0","31",",0","2",",0","5","","","","20031021","+,,0","","","","","","","20031003",",,0","20031012","+,,0","21.1",",0,21,+","","","","","9.4",",,0,03,","32.2",",0,12,+","0.0","0","0.0",",0","29.1",",,,0","","","","","","","","","","","27.24",",0","30.43",",,,0","24.05",",,,0","0",",W","","","80",",X","60",",X","","","","","","","11.6",",X","13.9",",X","","","",""
"USW00022521","2003-11","21.32402","-157.93946","1.9","HONOLULU INTERNATIONAL AIRPORT, HI US","","","","","","","","","4.8",",X","2553.0","0","229.2",",0","9",",0","2",",0","0",",0","","","","","0",",0","0",",0","0",",0","30",",0","0",",0","4","","","","20031127","+,,0","","","","","","","20031125",",,0","20031107",",,0","19.4",",0,27,+","","","","","6.1",",,0,25,","31.7",",0,07,","0.0","0","0.0",",0","14.7",",,,0","","","","","","","","","","","25.97",",0","29.46",",,,0","22.49",",,,0","0","1,W","","","80",",X","60",",X","","","","","","","13.0",",X","16.1",",X","","","",""
"USW00022521","2003-12","21.32402","-157.93946","1.9","HONOLULU INTERNATIONAL AIRPORT, HI US","","","","","","","","","4.0",",X","2736.4","0","183.4",",0","14",",0","7",",0","2",",0","","","","","0",",0","0",",0","0",",0","31",",0","0",",0","7","","","","20031221",",,0","","","","","4","","20031231",",,0","20031225","+,,0","17.2",",0,21,","","","","","35.8",",,0,31,","28.9",",0,25,+","0.0","0","0.0",",0","122.4",",,,0","","","","","","","","","","","24.25",",0","27.54",",,,0","20.96",",,,0","0","2,W","","","60",",X","50",",X","","","","","","","13.0",",X","16.1",",X","","","",""
"USW00022521","2004-01","21.32402","-157.93946","1.9","HONOLULU INTERNATIONAL AIRPORT, HI US","","","","","","","","","3.4",",X","148.4","0","148.4",",0","12",",0","8",",0","2",",0","","","","","0",",0","0",",0","0",",0","31",",0","0",",0","9","","","","20040105",",,0","","","","","3","","20040102",",,0","20040127",",,0","15.6",",0,05,","","","","","95.5",",,0,02,","28.9",",0,27,","0.0","0","0.0",",0","174.8",",,,0","","","","","","","","","","","23.12",",0","26.47",",,,0","19.77",",,,0","","","","","250",",X","250",",X","","","","","","","17.9",",X","21.0",",X","","","",""
"USW00022521","2004-02","21.32402","-157.93946","1.9","HONOLULU INTERNATIONAL AIRPORT, HI US","","","","","","","","","3.8",",X","324.5","0","176.1",",0","9",",0","4",",0","2",",0","","","","","0",",0","0",",0","0",",0","29",",0","0",",0","6","","1","","20040228",",,0","","","","","2","","20040227",",,0","20040219",",,0","17.2",",0,28,","","","","","137.9",",,0,27,","30.6",",0,19,","0.0","0","0.0",",0","240.6",",,,0","","","","","","","","","","","24.41",",0","27.81",",,,0","21.00",",,,0","0",",W","","","240",",X","250",",X","","","","","","","16.5",",X","21.0",",X","","","",""
"USW00022521","2004-03","21.32402","-157.93946","1.9","HONOLULU INTERNATIONAL AIRPORT, HI US","","","","","","","","","4.4",",X","496.3","0","171.8",",0","10",",0","1",",0","0",",0","","","","","0",",0","0",",0","0",",0","31",",0","0",",0","4","","","","20040319",",,0","","","","","1","","20040326",",,0","20040331",",,0","16.1",",0,19,","","","","","4.8",",,0,26,","30.6",",0,31,","0.0","0","0.0",",0","14.3",",,,0","","","","","","","","","","","23.88",",0","27.23",",,,0","20.53",",,,0","","","","","40",",X","40",",X","","","","","","","13.0",",X","16.5",",X","","","",""
"USW00022521","2004-04","21.32402","-157.93946","1.9","HONOLULU INTERNATIONAL AIRPORT, HI US","","","","","","","","","4.6",",X","697.9","0","201.6",",0","5",",0","2",",0","0",",0","","","","","0",",0","0",",0","0",",0","30",",0","0",",0","3","","","","20040429",",,0","","","","","","","20040407",",,0","20040422","+,,0","17.8",",0,29,","","","","","7.4",",,0,07,","30.6",",0,22,+","0.0","0","0.0",",0","14.8",",,,0","","","","","","","","","","","25.05",",0","28.70",",,,0","21.41",",,,0","","","","","70",",X","90",",X","","","","","","","13.4",",X","16.1",",X","","","",""
"USW00022521","2004-05","21.32402","-157.93946","1.9","HONOLULU INTERNATIONAL AIRPORT, HI US","","","","","","","","","4.6",",X","945.8","0","247.9",",0","6",",0","1",",0","1",",0","","","","","0",",0","0",",0","0",",0","31",",0","0",",0","3","","","","20040509","+,,0","","","","","","","20040515",",,0","20040521",",,0","20.0",",0,09,+","","","","","26.2",",,0,15,","31.7",",0,21,","0.0","0","0.0",",0","32.7",",,,0","","","","","","","","","","","26.33",",0","29.62",",,,0","23.04",",,,0","","","","","70",",X","40",",X","","","","","","","13.0",",X","16.1",",X","","","",""
"USW00022521","2004-06","21.32402","-157.93946","1.9","HONOLULU INTERNATIONAL AIRPORT, HI US","","","","","","","","","5.4",",X","1217.7","0","271.9",",0","12",",0","0",",0","0",",0","","","","","0",",0","0",",0","0",",0","30",",0","0",",0","1","","","","20040616","+,,0","","","","","","","20040622",",,0","20040626",",,0","22.8",",0,16,+","","","","","2.0",",,0,22,","31.7",",0,26,","0.0","0","0.0",",0","8.1",",,,0","","","","","","","","","","","27.40",",0","30.75",",,,0","24.04",",,,0","","","","","70",",X","40",",X","","","","","","","11.6",",X","14.3",",X","","","",""
"USW00022521","2004-07","21.32402","-157.93946","1.9","HONOLULU INTERNATIONAL AIRPORT, HI US","","","","","","","","","5.2",",X","1522.1","0","304.4",",0","6",",0","0",",0","0",",0","","","","","0",",0","0",",0","0",",0","31",",0","15",",0","","","","","20040721","+,,0","","","","","","","20040711",",,0","20040730","+,,0","23.3",",0,21,+","","","","","1.0",",,0,11,","32.8",",0,30,+","0.0","0","0.0",",0","2.5",",,,0","","","","","","","","","","","28.15",",0","31.81",",,,0","24.49",",,,0","","","","","60",",X","60",",X","","","","","","","11.2",",X","13.9",",X","","","",""
"USW00022521","2004-08","21.32402","-157.93946","1.9","HONOLULU INTERNATIONAL AIRPORT, HI US","","","","","","","","","4.9",",X","1827.4","0","305.3",",0","13",",0","3",",0","1",",0","","","","","0",",0","0",",0","0",",0","31",",0","14",",0","6","","","","20040804",",,0","","","","","1","","20040804",",,0","20040818",",,0","22.2",",0,04,","","","","","74.2",",,0,04,","33.3",",0,18,","0.0","0","0.0",",0","95.1",",,,0","","","","","","","","","","","28.18",",0","31.69",",,,0","24.67",",,,0","","","","","70",",X","70",",X","","","","","","","11.6",",X","14.3",",X","","","",""
"USW00022521","2004-09","21.32402","-157.93946","1.9","HONOLULU INTERNATIONAL AIRPORT, HI US","","","","","","","","","4.5",",X","2123.5","0","296.1",",0","13",",0","4",",0","0",",0","","","","","0",",0","0",",0","0",",0","30",",0","19",",0","5","","","","20040927",",,0","","","","","","","20040906",",,0","20040908","+,,0","22.2",",0,27,","","","","","8.4",",,0,06,","33.3",",0,08,+","0.0","0","0.0",",0","25.9",",,,0","","","","","","","","","","","28.20",",0","32.01",",,,0","24.39",",,,0","0","1,W","","","80",",X","50",",X","","","","","","","12.5",",X","15.6",",X","","","",""
"USW00022521","2004-10","21.32402","-157.93946","1.9","HONOLULU INTERNATIONAL AIRPORT, HI US","","","","","","","","","4.3",",X","2405.9","0","282.4",",0","13",",0","4",",0","0",",0","","","","","0",",0","0",",0","0",",0","31",",0","5",",0","3","","","","20041025","+,,0","","","","","2","","20041025",",,0","20041010","+,,0","21.7",",0,25,+","","","","","16.5",",,0,25,","33.3",",0,10,+","0.0","0","0.0",",0","31.8",",,,0","","","","","","","","","","","27.44",",0","31.09",",,,0","23.80",",,,0","","","","","50",",X","50",",X","","","","","","","11.6",",X","14.3",",X","","","",""
"USW00022521","2004-11","21.32402","-157.93946","1.9","HONOLULU INTERNATIONAL AIRPORT, HI US","","","","","","","","","3.2",",X","2614.0","0","208.1",",0","12",",0","8",",0","3",",0","","","","","0",",0","0",",0","0",",0","30",",0","0",",0","7","","","","20041119",",,0","","","","","2","","20041105",",,0","20041110",",,0","18.3",",0,19,","","","","","89.4",",,0,05,","30.6",",0,10,","0.0","0","0.0",",0","200.0",",,,0","","","","","","","","","","","25.27",",0","28.52",",,,0","22.02",",,,0","","","","","40",",X","60",",X","","","","","","","12.5",",X","15.6",",X","","","",""
"USW00022521","2004-12","21.32402","-157.93946","1.9","HONOLULU INTERNATIONAL AIRPORT, HI US","","","","","","","","","3.8",",X","2790.2","0","176.2",",0","11",",0","5",",0","2",",0","","","","","0",",0","0",",0","0",",0","31",",0","0",",0","6","","","","20041213",",,0","","","","","2","","20041227",",,0","20041218","+,,0","16.7",",0,13,","","","","","84.8",",,0,27,","28.9",",0,18,+","0.0","0","0.0",",0","151.5",",,,0","","","","","","","","","","","24.02",",0","27.17",",,,0","20.86",",,,0","","","","","50",",X","50",",X","","","","","","","13.4",",X","16.5",",X","","","",""
"USW00022521","2005-01","21.32402","-157.93946","1.9","HONOLULU INTERNATIONAL AIRPORT, HI US","","","","","","","","","3.4",",X","132.5","0","132.5",",0","13",",0","8",",0","3",",0","","","","","0",",0","0",",0","0",",0","31",",0","0",",0","13","","1","","20050122",",,0","","","","","3","","20050129",",,0","20050126",",,0","15.0",",0,22,","","","","","49.5",",,0,29,","27.8",",0,26,","0.0","0","0.0",",0","158.4",",,,0","","","","","","","","","","","22.61",",0","25.92",",,,0","19.30",",,,0","0","4,","","","320",",X","310",",X","","","","","","","14.3",",X","17.0",",X","","","",""
"USW00022521","2005-02","21.32402","-157.93946","1.9","HONOLULU INTERNATIONAL AIRPORT, HI US","","","","","","","","","4.1",",X","269.9","0","137.4",",0","8",",0","4",",0","0",",0","","","","","0",",0","0",",0","0",",0","28",",0","0",",0","4","","","","20050222","+,,0","","","","","3","","20050211",",,0","20050210","+,,0","17.2",",0,22,+","","","","","11.2",",,0,11,","28.3",",0,10,+","0.0","0","0.0",",0","32.7",",,,0","","","","","","","","","","","23.24",",0","26.70",",,,0","19.78",",,,0","","","","","70",",X","60",",X","","","","","","","11.6",",X","14.3",",X","","","",""
"USW00022521","2005-03","21.32402","-157.93946","1.9","HONOLULU INTERNATIONAL AIRPORT, HI US","","","","","","","","","4.3",",X","421.0","0","151.1",",0","7",",0","4",",0","0",",0","","","","","0",",0","0",",0","0",",0","31",",0","0",",0","4","","","","20050316",",,0","","","","","","","20050312",",,0","20050331","+,,0","14.4",",0,16,","","","","","22.1",",,0,12,","29.4",",0,31,+","0.0","0","0.0",",0","47.8",",,,0","","","","","","","","","","","23.21",",0","26.92",",,,0","19.50",",,,0","","","","","310",",X","290",",X","","","","","","","14.3",",X","17.4",",X","","","",""
"USW00022521","2005-04","21.32402","-157.93946","1.9","HONOLULU INTERNATIONAL AIRPORT, HI US","","","","","","","","","5.5",",X","649.4","0","228.4",",0","9",",0","3",",0","0",",0","","","","","0",",0","0",",0","0",",0","30",",0","0",",0","1","","","","20050429",",,0","","","","","","","20050401",",,0","20050418",",,0","20.0",",0,29,","","","","","4.8",",,0,01,","31.1",",0,18,","0.0","0","0.0",",0","16.3",",,,0","","","","","","","","","","","25.95",",0","29.54",",,,0","22.36",",,,0","","","","","70",",X","70",",X","","","","","","","13.0",",X","15.6",",X","","","",""
"USW00022521","2005-05","21.32402","-157.93946","1.9","HONOLULU INTERNATIONAL AIRPORT, HI US","","","","","","","","","4.6",",X","930.1","0","280.7",",0","5",",0","1",",0","0",",0","","","","","0",",0","0",",0","0",",0","31",",0","6",",0","1","","","","20050501",",,0","","","","","","","20050519",",,0","20050528","+,,0","20.0",",0,01,","","","","","2.5",",,0,19,","32.2",",0,28,+","0.0","0","0.0",",0","6.9",",,,0","","","","","","","","","","","27.39",",0","31.09",",,,0","23.68",",,,0","","","","","70",",X","70",",X","","","","","","","11.6",",X","14.8",",X","","","",""
"USW00022521","2005-06","21.32402","-157.93946","1.9","HONOLULU INTERNATIONAL AIRPORT, HI US","","","","","","","","","5.9",",X","1224.8","0","294.7",",0","6",",0","2",",0","0",",0","","","","","0",",0","0",",0","0",",0","30",",0","5",",0","","","","","20050603",",,0","","","","","","","20050603",",,0","20050629","+,,0","23.3",",0,03,","","","","","2.8",",,0,03,","32.2",",0,29,+","0.0","0","0.0",",0","7.2",",,,0","","","","","","","","","","","28.16",",0","31.54",",,,0","24.77",",,,0","","","","","70",",X","30",",X","","","","","","","12.5",",X","16.5",",X","","","",""
"USW00022521","2005-07","21.32402","-157.93946","1.9","HONOLULU INTERNATIONAL AIRPORT, HI US","","","","","","","","","5.9",",X","1537.0","0","312.2",",0","6",",0","0",",0","0",",0","","","","","0",",0","0",",0","0",",0","31",",0","17",",0","1","","","","20050721","+,,0","","","","","","","20050721",",,0","20050731","+,,0","22.8",",0,21,+","","","","","2.0",",,0,21,","32.8",",0,31,+","0.0","0","0.0",",0","7.3",",,,0","","","","","","","","","","","28.40",",0","31.83",",,,0","24.98",",,,0","","","","","70",",X","50",",X","","","","","","","11.6",",X","17.0",",X","","","",""
"USW00022521","2005-08","21.32402","-157.93946","1.9","HONOLULU INTERNATIONAL AIRPORT, HI US","","","","","","","","","5.1",",X","1857.8","0","320.8",",0","3",",0","0",",0","0",",0","","","","","0",",0","0",",0","0",",0","31",",0","24",",0","1","","","","20050829","+,,0","","","","","","","20050801",",,0","20050831","+,,0","23.3",",0,29,+","","","","","2.0",",,0,01,","33.3",",0,31,+","0.0","0","0.0",",0","2.6",",,,0","","","","","","","","","","","28.68",",0","32.53",",,,0","24.84",",,,0","","","","","70",",X","80",",X","","","","","","","12.5",",X","16.1",",X","","","",""
"USW00022521","2005-09","21.32402","-157.93946","1.9","HONOLULU INTERNATIONAL AIRPORT, HI US","","","","","","","","","5.4",",X","2126.2","0","268.4",",0","13",",0","3",",0","0",",0","","","","","0",",0","0",",0","0",",0","30",",0","3",",0","6","","","","20050920","+,,0","","","","","","","20050910",",,0","20050903","+,,0","22.2",",0,20,+","","","","","6.4",",,0,10,","33.9",",0,03,+","0.0","0","0.0",",0","23.2",",,,0","","","","","","","","","","","27.28",",0","30.90",",,,0","23.66",",,,0","","","","","60",",X","70",",X","","","","","","","11.6",",X","14.8",",X","","","",""
"USW00022521","2005-10","21.32402","-157.93946","1.9","HONOLULU INTERNATIONAL AIRPORT, HI US","","","","","","","","","5.1",",X","2359.5","0","233.3",",0","8",",0","5",",0","0",",0","","","","","0",",0","0",",0","0",",0","31",",0","0",",0","5","","","","20051028",",,0","","","","","2","","20051019",",,0","20051016",",,0","20.6",",0,28,","","","","","16.8",",,0,19,","31.7",",0,16,","0.0","0","0.0",",0","40.8",",,,0","","","","","","","","","","","25.86",",0","29.30",",,,0","22.42",",,,0","","","","","50",",X","60",",X","","","","","","","11.6",",X","16.1",",X","","","",""
"USW00022521","2005-11","21.32402","-157.93946","1.9","HONOLULU INTERNATIONAL AIRPORT, HI US","","","","","","","","","4.2",",X","2561.3","0","201.8",",0","11",",0","4",",0","0",",0","","","","","0",",0","0",",0","0",",0","30",",0","0",",0","5","","","","20051113",",,0","","","","","","","20051122",",,0","20051115","+,,0","18.9",",0,13,","","","","","23.9",",,0,22,","29.4",",0,15,+","0.0","0","0.0",",0","45.1",",,,0","","","","","","","","","","","25.06",",0","28.16",",,,0","21.95",",,,0","","","","","50",",X","60",",X","","","","","","","12.5",",X","14.8",",X","","","",""
"USW00022521","2005-12","21.32402","-157.93946","1.9","HONOLULU INTERNATIONAL AIRPORT, HI US","","","","","","","","","3.3",",X","2706.9","0","145.6",",0","1",",0","1",",0","0",",0","","","","","0",",0","0",",0","0",",0","31",",0","0",",0","1","","","","20051224","+,,0","","","","","1","","20051204",",,0","20051231",",,0","15.0",",0,24,+","","","","","9.1",",,0,04,","28.9",",0,31,","0.0","0","0.0",",0","9.1",",,,0","","","","","","","","","","","23.03",",0","27.17",",,,0","18.89",",,,0","","","","","260",",X","260",",X","","","","","","","13.9",",X","16.1",",X","","","",""
"USW00022521","2006-01","21.32402","-157.93946","1.9","HONOLULU INTERNATIONAL AIRPORT, HI US","17.82",",,,W","1017.7",",,,W","1017.1",",,,W","19.78",",,,W","4.7",",W","159.4","0","159.4",",0","11",",0","4",",0","0",",0","","","","","0",",0","0",",0","0",",0","31",",0","0",",0","10","","","","20060129",",,0","","","","","1","","20060126",",,0","20060103",",,0","17.2",",0,29,","","","","","22.6",",,0,26,","28.9",",0,03,","0.0","0","0.0",",0","39.0",",,,0","","","73",",,,W","58",",,,W","87",",,,W","","","23.47",",0","26.89",",,,0","20.06",",,,0","","","","","80",",X","80",",X","","","","","","","11.6",",X","14.3",",X","","","",""
"USW00022521","2006-02","21.32402","-157.93946","1.9","HONOLULU INTERNATIONAL AIRPORT, HI US","15.94",",,,W","1016.3",",,,W","1014.1",",,,W","18.31",",,,W","3.7",",W","269.6","0","110.2",",0","10",",0","5",",0","0",",0","","","","","0",",0","0",",0","0",",0","28",",0","0",",0","9","","","","20060212",",,0","","","","","2","","20060221",",,0","20060218","+,,0","15.6",",0,12,","","","","","24.4",",,0,21,","27.8",",0,18,+","0.0","0","0.0",",0","66.6",",,,0","","","70",",,,W","55",",,,W","86",",,,W","","","22.27",",0","25.78",",,,0","18.75",",,,0","","","","","70",",X","60",",X","","","","","","","12.5",",X","14.8",",X","","","",""
"USW00022521","2006-03","21.32402","-157.93946","1.9","HONOLULU INTERNATIONAL AIRPORT, HI US","19.49",",,,W","1014.8",",,,W","1014.2",",,,W","20.65",",,,W","3.3",",W","417.3","0","147.7",",0","23",",0","16",",0","6",",0","","","","","0",",0","0",",0","0",",0","31",",0","0",",0","22","","","","20060330","+,,0","","","","","7","","20060330",",,0","20060308",",,0","17.8",",0,30,+","","","","","74.7",",,0,30,","28.3",",0,08,","0.0","0","0.0",",0","429.9",",,,0","","","82",",,,W","70",",,,W","92",",,,W","","","23.10",",0","25.76",",,,0","20.44",",,,0","","","","","70",",X","40",",X","","","","","","","12.5",",X","14.8",",X","","","",""
"USW00022521","2006-04","21.32402","-157.93946","1.9","HONOLULU INTERNATIONAL AIRPORT, HI US","16.65",",,,W","1018.7",",,,W","1018.2",",,,W","19.11",",,,W","5.5",",W","580.6","0","163.3",",0","7",",0","3",",0","0",",0","","","","","0",",0","0",",0","0",",0","30",",0","0",",0","4","","","","20060430",",,0","","","","","1","","20060401",",,0","20060428",",,0","18.3",",0,30,","","","","","9.7",",,0,01,","28.9",",0,28,","0.0","0","0.0",",0","19.2",",,,0","","","66",",,,W","53",",,,W","79",",,,W","","","23.78",",0","26.95",",,,0","20.60",",,,0","","","","","60",",X","50",",X","","","","","","","12.5",",X","16.5",",X","","","",""
"USW00022521","2006-05","21.32402","-157.93946","1.9","HONOLULU INTERNATIONAL AIRPORT, HI US","16.72",",,,W","1017.5",",,,W","1016.9",",,,W","19.35",",,,W","4.7",",W","757.5","0","176.9",",0","4",",0","2",",0","0",",0","","","","","0",",0","0",",0","0",",0","31",",0","0",",0","2","","","","20060502",",,0","","","","","","","20060505",",,0","20060531","+,,0","15.6",",0,02,","","","","","24.4",",,0,05,","29.4",",0,31,+","0.0","0","0.0",",0","28.2",",,,0","","","66",",,,W","51",",,,W","80",",,,W","","","24.04",",0","27.44",",,,0","20.65",",,,0","","","","","60",",X","50",",X","","","","","","","12.5",",X","14.3",",X","","","",""
"USW00022521","2006-06","21.32402","-157.93946","1.9","HONOLULU INTERNATIONAL AIRPORT, HI US","18.10",",,,W","1016.9","1,,,W","1016.3","1,,,W","21.02",",,,W","5.0",",W","1008.5","0","251.0",",0","3",",0","0",",0","0",",0","","","","","0",",0","0",",0","0",",0","30",",0","0",",0","","","","","20060625","+,,0","","","","","","","20060622",",,0","20060624","+,,0","21.7",",0,25,+","","","","","1.8",",,0,22,","31.1",",0,24,+","0.0","0","0.0",",0","2.4",",,,0","","","61",",,,W","47",",,,W","76",",,,W","","","26.70",",0","30.16",",,,0","23.24",",,,0","","","","","90",",X","90",",X","","","","","","","11.6",",X","14.8",",X","","","",""
"USW00022521","2006-07","21.32402","-157.93946","1.9","HONOLULU INTERNATIONAL AIRPORT, HI US","18.57",",,,W","1016.9",",,,W","1016.3",",,,W","21.39",",,,W","5.4",",W","1278.7","0","270.2",",0","5",",0","0",",0","0",",0","","","","","0",",0","0",",0","0",",0","31",",0","0",",0","1","","","","20060719",",,0","","","","","","","20060715",",,0","20060730","+,,0","22.2",",0,19,","","","","","0.8",",,0,15,","31.7",",0,30,+","0.0","0","0.0",",0","2.2",",,,0","","","62",",,,W","48",",,,W","75",",,,W","","","27.05",",0","30.37",",,,0","23.73",",,,0","","","","","60",",X","70",",X","","","","","","","12.5",",X","16.1",",X","","","",""
"USW00022521","2006-08","21.32402","-157.93946","1.9","HONOLULU INTERNATIONAL AIRPORT, HI US","19.14",",,,W","1015.3",",,,W","1014.7",",,,W","21.78",",,,W","5.3",",W","1556.8","0","278.1",",0","6",",0","0",",0","0",",0","","","","","0",",0","0",",0","0",",0","31",",0","1",",0","","","","","20060825",",,0","","","","","","","20060805",",,0","20060802",",,0","21.7",",0,25,","","","","","1.0",",,0,05,","32.2",",0,02,","0.0","0","0.0",",0","3.0",",,,0","","","63",",,,W","49",",,,W","76",",,,W","","","27.30",",0","30.73",",,,0","23.87",",,,0","","","","","80",",X","50",",X","","","","","","","13.0",",X","15.6",",X","","","",""
"USW00022521","2006-09","21.32402","-157.93946","1.9","HONOLULU INTERNATIONAL AIRPORT, HI US","19.01",",,,W","1015.3",",,,W","1014.7",",,,W","21.52",",,,W","4.7",",W","1809.8","0","253.0",",0","10",",0","4",",0","0",",0","","","","","0",",0","0",",0","0",",0","30",",0","0",",0","5","","","","20060926","+,,0","","","","","","","20060906",",,0","20060905",",,0","21.7",",0,26,+","","","","","3.8",",,0,06,","31.7",",0,05,","0.0","0","0.0",",0","16.9",",,,0","","","66",",,,W","49",",,,W","81",",,,W","","","26.77",",0","30.30",",,,0","23.23",",,,0","","","","","60",",X","60",",X","","","","","","","11.6",",X","13.9",",X","","","",""
"USW00022521","2006-10","21.32402","-157.93946","1.9","HONOLULU INTERNATIONAL AIRPORT, HI US","20.13",",,,W","1013.4",",,,W","1012.8",",,,W","22.12",",,,W","3.4",",W","2052.7","0","242.9",",0","8",",0","6",",0","1",",0","","","","","0",",0","0",",0","0",",0","31",",0","0",",0","6","","","","20061028","+,,0","","","","","","","20061015",",,0","20061002",",,0","21.1",",0,28,+","","","","","30.5",",,0,15,","31.1",",0,02,","0.0","0","0.0",",0","63.6",",,,0","","","71",",,,W","57",",,,W","83",",,,W","","","26.17",",0","29.40",",,,0","22.94",",,,0","","","","","70",",X","70",",X","","","","","","","10.3",",X","15.6",",X","","","",""
"USW00022521","2006-11","21.32402","-157.93946","1.9","HONOLULU INTERNATIONAL AIRPORT, HI US","19.68",",,,W","1014.6",",,,W","1014.0",",,,W","21.65",",,,W","3.1",",W","2271.3","0","218.6",",0","3",",0","2",",0","1",",0","","","","","0",",0","0",",0","0",",0","30",",0","0",",0","3","","","","20061129","+,,0","","","","","2","","20061102",",,0","20061116","+,,0","20.0",",0,29,+","","","","","59.7",",,0,02,","30.6",",0,16,+","0.0","0","0.0",",0","63.5",",,,0","","","71",",,,W","57",",,,W","84",",,,W","","","25.62",",0","28.97",",,,0","22.27",",,,0","","","","","80",",X","80",",X","","","","","","","11.6",",X","16.1",",X","","","",""
"USW00022521","2006-12","21.32402","-157.93946","1.9","HONOLULU INTERNATIONAL AIRPORT, HI US","17.08",",,,W","1018.5",",,,W","1018.0",",,,W","19.67",",,,W","4.4",",W","2462.0","0","190.7",",0","7",",0","2",",0","0",",0","","","","","0",",0","0",",0","0",",0","31",",0","0",",0","4","","","","20061225","+,,0","","","","","","","20061202",",,0","20061227",",,0","17.8",",0,25,+","","","","","7.6",",,0,02,","30.6",",0,27,","0.0","0","0.0",",0","14.9",",,,0","","","65",",,,W","50",",,,W","80",",,,W","","","24.48",",0","28.09",",,,0","20.88",",,,0","","","","","60",",X","60",",X","","","","","","","13.9",",X","17.4",",X","","","",""
"USW00022521","2007-01","21.32402","-157.93946","1.9","HONOLULU INTERNATIONAL AIRPORT, HI US","17.34",",,,W","1015.9",",,,W","1015.3",",,,W","19.70",",,,W","4.5",",W","169.4","0","169.4",",0","9",",0","3",",0","0",",0","","","","","0",",0","0",",0","0",",0","31",",0","0",",0","6","","","","20070122",",,0","","","","","","","20070130",",,0","20070102","+,,0","16.1",",0,22,","","","","","13.2",",,0,30,","28.9",",0,02,+","0.0","0","0.0",",0","28.1",",,,0","","","68",",,,W","55",",,,W","83",",,,W","","","23.80",",0","27.16",",,,0","20.44",",,,0","","","","","70",",X","60",",X","","","","","","","13.0",",X","17.0",",X","","","",""
"USW00022521","2007-02","21.32402","-157.93946","1.9","HONOLULU INTERNATIONAL AIRPORT, HI US","15.71",",,,W","1017.8",",,,W","1017.1",",,,W","18.47",",,,W","4.7",",W","300.5","0","131.1",",0","8",",0","0",",0","0",",0","","","","","0",",0","0",",0","0",",0","28",",0","0",",0","6","","","","20070204",",,0","","","","","","","20070224",",,0","20070228","+,,0","13.9",",0,04,","","","","","2.3",",,0,24,","28.3",",0,28,+","0.0","0","0.0",",0","10.2",",,,0","","","65",",,,W","50",",,,W","81",",,,W","","","23.02",",0","26.78",",,,0","19.25",",,,0","","","","","260",",X","260",",X","","","","","","","13.4",",X","17.4",",X","","","",""
"USW00022521","2007-03","21.32402","-157.93946","1.9","HONOLULU INTERNATIONAL AIRPORT, HI US","17.73",",,,W","1015.8",",,,W","1015.3",",,,W","19.82",",,,W","3.7",",W","459.4","0","158.9",",0","12",",0","1",",0","0",",0","","","","","0",",0","0",",0","0",",0","31",",0","0",",0","9","","","","20070331","+,,0","","","","","","","20070312",",,0","20070329","+,,0","17.2",",0,31,+","","","","","2.5",",,0,12,","28.3",",0,29,+","0.0","0","0.0",",0","17.4",",,,0","","","72",",,,W","57",",,,W","86",",,,W","","","23.46",",0","26.95",",,,0","19.96",",,,0","","","","","260",",X","250",",X","","","","","","","13.9",",X","18.3",",X","","","",""
"USW00022521","2007-04","21.32402","-157.93946","1.9","HONOLULU INTERNATIONAL AIRPORT, HI US","16.01",",,,W","1019.2",",,,W","1018.6",",,,W","19.18",",,,W","5.2",",W","653.4","0","194.0",",0","9",",0","0",",0","0",",0","","","","","0",",0","0",",0","0",",0","30",",0","0",",0","4","","","","20070405","+,,0","","","","","","","20070401",",,0","20070414","+,,0","17.2",",0,05,+","","","","","1.5",",,0,01,","30.0",",0,14,+","0.0","0","0.0",",0","5.4",",,,0","","","61",",,,W","45",",,,W","77",",,,W","","","24.80",",0","28.67",",,,0","20.93",",,,0","","","","","70",",X","60",",X","","","","","","","12.5",",X","15.6",",X","","","",""
"USW00022521","2007-05","21.32402","-157.93946","1.9","HONOLULU INTERNATIONAL AIRPORT, HI US","17.47",",,,W","1017.9",",,,W","1017.3",",,,W","20.34",",,,W","4.7",",W","882.9","0","229.5",",0","3",",0","0",",0","0",",0","","","","","0",",0","0",",0","0",",0","31",",0","0",",0","3","","","","20070520",",,0","","","","","","","20070520",",,0","20070531","+,,0","18.9",",0,20,","","","","","1.3",",,0,20,","31.1",",0,31,+","0.0","0","0.0",",0","3.1",",,,0","","","62",",,,W","47",",,,W","77",",,,W","","","25.74",",0","29.47",",,,0","22.01",",,,0","","","","","60",",X","70",",X","","","","","","","12.5",",X","14.8",",X","","","",""
"USW00022521","2007-06","21.32402","-157.93946","1.9","HONOLULU INTERNATIONAL AIRPORT, HI US","17.92",",,,W","1016.9",",,,W","1016.3",",,,W","20.99",",,,W","5.7",",W","1144.4","0","261.5",",0","4",",0","1",",0","0",",0","","","","","0",",0","0",",0","0",",0","30",",0","0",",0","2","","","","20070603","+,,0","","","","","","","20070605",",,0","20070619","+,,0","21.1",",0,03,+","","","","","2.8",",,0,05,","31.7",",0,19,+","0.0","0","0.0",",0","4.1",",,,0","","","60",",,,W","45",",,,W","74",",,,W","","","27.05",",0","30.70",",,,0","23.40",",,,0","","","","","70",",X","50",",X","","","","","","","13.0",",X","14.8",",X","","","",""
"USW00022521","2007-07","21.32402","-157.93946","1.9","HONOLULU INTERNATIONAL AIRPORT, HI US","18.88",",,,W","1016.9",",,,W","1016.3",",,,W","21.68",",,,W","5.7",",W","1429.9","0","285.5",",0","3",",0","0",",0","0",",0","","","","","0",",0","0",",0","0",",0","31",",0","0",",0","3","","","","20070726","+,,0","","","","","","","20070726","+,,0","20070730","+,,0","22.8",",0,26,+","","","","","0.5",",,0,26,+","31.7",",0,30,+","0.0","0","0.0",",0","1.3",",,,0","","","62",",,,W","47",",,,W","77",",,,W","","","27.54",",0","31.07",",,,0","24.01",",,,0","","","","","70",",X","80",",X","","","","","","","11.6",",X","14.8",",X","","","",""
"USW00022521","2007-08","21.32402","-157.93946","1.9","HONOLULU INTERNATIONAL AIRPORT, HI US","18.74",",,,W","1016.2",",,,W","1015.6",",,,W","21.73",",,,W","5.5",",W","1723.1","0","293.2",",0","3",",0","0",",0","0",",0","","","","","0",",0","0",",0","0",",0","31",",0","7",",0","1","","","","20070826",",,0","","","","","","","20070831",",,0","20070830","+,,0","22.8",",0,26,","","","","","1.3",",,0,31,","32.2",",0,30,+","0.0","0","0.0",",0","2.3",",,,0","","","61",",,,W","46",",,,W","74",",,,W","","","27.79",",0","31.26",",,,0","24.32",",,,0","","","","","70",",X","80",",X","","","","","","","13.4",",X","16.5",",X","","","",""
"USW00022521","2007-09","21.32402","-157.93946","1.9","HONOLULU INTERNATIONAL AIRPORT, HI US","18.98",",,,W","1015.9",",,,W","1015.3",",,,W","21.75",",,,W","5.2",",W","1998.9","0","275.8",",0","8",",0","2",",0","0",",0","","","","","0",",0","0",",0","0",",0","30",",0","4",",0","3","","","","20070907","+,,0","","","","","","","20070901",",,0","20070907",",,0","22.2",",0,07,+","","","","","6.1",",,0,01,","32.8",",0,07,","0.0","0","0.0",",0","12.8",",,,0","","","62",",,,W","46",",,,W","77",",,,W","","","27.53",",0","31.23",",,,0","23.82",",,,0","","","","","70",",X","70",",X","","","","","","","13.0",",X","14.3",",X","","","",""
"USW00022521","2007-10","21.32402","-157.93946","1.9","HONOLULU INTERNATIONAL AIRPORT, HI US","18.27",",,,W","1016.9",",,,W","1016.3",",,,W","21.05",",,,W","5.3",",W","2260.2","0","261.3",",0","4",",0","0",",0","0",",0","0",",0","0",",0","0",",0","0",",0","0",",0","31",",0","0",",0","1","","","","20071022",",,0","20071031","+,,0","20071031","+,,0","","","20071006",",,0","20071020","+,,0","20.6",",0,22,","0",",,0,31,+","0",",,0,31,+","1.5",",,0,06,","31.1",",0,20,+","0.0","0","0.0",",0","3.9",",,,0","","","62",",,,W","48",",,,W","76",",,,W","0",",,,0","26.76",",0","30.15",",,,0","23.37",",,,0","","","","","80",",X","70",",X","","","","","","","13.9",",X","16.1",",X","","","",""
"USW00022521","2007-11","21.32402","-157.93946","1.9","HONOLULU INTERNATIONAL AIRPORT, HI US","18.70",",,,W","1014.7",",,,W","1014.0",",,,W","20.82",",,,W","3.7",",W","2453.8","0","193.6",",0","8",",0","7",",0","1",",0","0",",0","0",",0","0",",0","0",",0","0",",0","30",",0","0",",0","8","","","","20071104",",,0","20071130","+,,0","20071130","+,,0","2","","20071104",",,0","20071108","+,,0","17.8",",0,04,","0",",,0,30,+","0",",,0,30,+","96.8",",,0,04,","30.0",",0,08,+","0.0","0","0.0",",0","138.6",",,,0","","","70",",,,W","56",",,,W","83",",,,W","0",",,,0","24.79",",0","28.18",",,,0","21.39",",,,0","","","","","210",",X","220",",X","","","","","","","12.5",",X","17.0",",X","","","",""
"USW00022521","2007-12","21.32402","-157.93946","1.9","HONOLULU INTERNATIONAL AIRPORT, HI US","18.21",",,,W","1016.5",",,,W","1015.8",",,,W","20.21",",,,W","5.8",",W","2635.3","0","181.5",",0","12",",0","7",",0","1",",0","0",",0","0",",0","0",",0","0",",0","0",",0","31",",0","0",",0","9","","","","20071205",",,0","20071231","+,,0","20071231","+,,0","1","","20071205",",,0","20071212","+,,0","19.4",",0,05,","0",",,0,31,+","0",",,0,31,+","25.9",",,0,05,","27.8",",0,12,+","0.0","0","0.0",",0","78.4",",,,0","","","71",",,,W","60",",,,W","82",",,,W","0",",,,0","24.19",",0","26.65",",,,0","21.73",",,,0","","","","","250",",X","250",",X","","","","","","","17.4",",X","21.5",",X","","","",""
"USW00022521","2008-01","21.32402","-157.93946","1.9","HONOLULU INTERNATIONAL AIRPORT, HI US","15.69",",,,W","1018.3",",,,W","1017.7",",,,W","18.44",",,,W","4.7",",W","147.4","0","147.4",",0","6",",0","1",",0","0",",0","","","","","0",",0","0",",0","0",",0","31",",0","0",",0","2","","","","20080118",",,0","","","","","","","20080130",",,0","20080121","+,,0","16.7",",0,18,","","","","","3.0",",,0,30,","27.8",",0,21,+","0.0","0","0.0",",0","7.4",",,,0","","","65",",,,W","52",",,,W","79",",,,W","","","23.09",",0","26.41",",,,0","19.77",",,,0","","","","","80",",X","70",",X","","","","","","","13.4",",X","15.6",",X","","","",""
"USW00022521","2008-02","21.32402","-157.93946","1.9","HONOLULU INTERNATIONAL AIRPORT, HI US","17.07",",,,W","1018.1",",,,W","1017.4",",,,W","19.47",",,,W","3.8",",W","304.6","0","157.2",",0","7",",0","1",",0","0",",0","","","","","0",",0","0",",0","0",",0","29",",0","0",",0","6","","","","20080226",",,0","","","","","1","","20080203",",,0","20080229",",,0","17.8",",0,26,","","","","","5.8",",,0,03,","29.4",",0,29,","0.0","0","0.0",",0","10.8",",,,0","","","67",",,,W","53",",,,W","81",",,,W","","","23.75",",0","27.28",",,,0","20.23",",,,0","","","","","50",",X","80",",X","","","","","","","11.2",",X","13.9",",X","","","",""
"USW00022521","2008-03","21.32402","-157.93946","1.9","HONOLULU INTERNATIONAL AIRPORT, HI US","16.71",",,,W","1018.8",",,,W","1018.2",",,,W","19.70",",,,W","4.7",",W","515.9","0","211.3",",0","3",",0","0",",0","0",",0","","","","","0",",0","0",",0","0",",0","31",",0","0",",0","1","","","","20080301",",,0","","","","","","","20080317",",,0","20080329","+,,0","18.9",",0,01,","","","","","1.5",",,0,17,","30.0",",0,29,+","0.0","0","0.0",",0","2.1",",,,0","","","62",",,,W","47",",,,W","76",",,,W","","","25.15",",0","28.80",",,,0","21.50",",,,0","","","","","70",",X","50",",X","","","","","","","11.6",",X","14.8",",X","","","",""
"USW00022521","2008-04","21.32402","-157.93946","1.9","HONOLULU INTERNATIONAL AIRPORT, HI US","16.66",",,,W","1017.7",",,,W","1017.1",",,,W","19.76",",,,W","4.6",",W","719.7","0","203.8",",0","5",",0","1",",0","0",",0","","","","","0",",0","0",",0","0",",0","30",",0","0",",0","2","","","","20080405",",,0","","","","","1","","20080409",",,0","20080427",",,0","18.9",",0,05,","","","","","3.0",",,0,09,","31.1",",0,27,","0.0","0","0.0",",0","5.2",",,,0","","","62",",,,W","48",",,,W","77",",,,W","","","25.13",",0","28.74",",,,0","21.51",",,,0","","","","","60",",X","60",",X","","","","","","","13.0",",X","14.8",",X","","","",""
"USW00022521","2008-05","21.32402","-157.93946","1.9","HONOLULU INTERNATIONAL AIRPORT, HI US","17.16",",,,W","1017.9",",,,W","1017.3",",,,W","20.34",",,,W","4.7",",W","965.0","0","245.3",",0","5",",0","2",",0","0",",0","","","","","0",",0","0",",0","0",",0","31",",0","1",",0","3","","","","20080514",",,0","","","","","","","20080521",",,0","20080518",",,0","20.0",",0,14,","","","","","9.7",",,0,21,","32.2",",0,18,","0.0","0","0.0",",0","13.6",",,,0","","","59",",,,W","46",",,,W","72",",,,W","","","26.25",",0","29.75",",,,0","22.74",",,,0","","","","","60",",X","70",",X","","","","","","","12.5",",X","15.6",",X","","","",""
"USW00022521","2008-06","21.32402","-157.93946","1.9","HONOLULU INTERNATIONAL AIRPORT, HI US","17.79",",,,W","1017.5",",,,W","1017.0",",,,W","20.95",",,,W","4.9",",W","1222.6","0","257.6",",0","6",",0","1",",0","0",",0","","","","","0",",0","0",",0","0",",0","30",",0","0",",0","3","","","","20080613","+,,0","","","","","","","20080612",",,0","20080629","+,,0","21.7",",0,13,+","","","","","11.2",",,0,12,","31.1",",0,29,+","0.0","0","0.0",",0","14.1",",,,0","","","59",",,,W","45",",,,W","74",",,,W","","","26.92",",0","30.42",",,,0","23.42",",,,0","","","","","80",",X","60",",X","","","","","","","11.2",",X","13.4",",X","","","",""
"USW00022521","2008-07","21.32402","-157.93946","1.9","HONOLULU INTERNATIONAL AIRPORT, HI US","18.66",",,,W","1016.7",",,,W","1016.0",",,,W","21.67",",,,W","4.8",",W","1518.2","0","295.6",",0","11",",0","2",",0","0",",0","","","","","0",",0","0",",0","0",",0","31",",0","9",",0","3","","","","20080715",",,0","","","","","","","20080720",",,0","20080731","+,,0","21.7",",0,15,","","","","","10.7",",,0,20,","32.2",",0,31,+","0.0","0","0.0",",0","20.6",",,,0","","","60",",,,W","44",",,,W","75",",,,W","","","27.87",",0","31.59",",,,0","24.15",",,,0","","","","","70",",X","70",",X","","","","","","","12.5",",X","15.6",",X","","","",""
"USW00022521","2008-08","21.32402","-157.93946","1.9","HONOLULU INTERNATIONAL AIRPORT, HI US","18.33",",,,W","1016.9",",,,W","1016.2",",,,W","21.45",",,,W","5.3",",W","1804.0","0","285.8",",0","12",",0","1",",0","0",",0","","","","","0",",0","0",",0","0",",0","31",",0","1",",0","1","","","","20080803",",,0","","","","","","","20080829",",,0","20080824",",,0","21.7",",0,03,","","","","","2.8",",,0,29,","32.2",",0,24,","0.0","0","0.0",",0","10.0",",,,0","","","59",",,,W","44",",,,W","74",",,,W","","","27.55",",0","31.32",",,,0","23.78",",,,0","","","","","50",",X","60",",X","","","","","","","11.6",",X","14.3",",X","","","",""
"USW00022521","2008-09","21.32402","-157.93946","1.9","HONOLULU INTERNATIONAL AIRPORT, HI US","18.41",",,,W","1015.6",",,,W","1015.0",",,,W","21.34",",,,W","4.1",",W","2061.5","0","257.5",",0","6",",0","2",",0","0",",0","","","","","0",",0","0",",0","0",",0","30",",0","1",",0","1","","","","20080929","+,,0","","","","","","","20080922",",,0","20080905",",,0","21.7",",0,29,+","","","","","5.3",",,0,22,","32.2",",0,05,","0.0","0","0.0",",0","11.1",",,,0","","","62",",,,W","47",",,,W","77",",,,W","","","26.92",",0","30.76",",,,0","23.07",",,,0","","","","","80",",X","20","2,Z","","","","","","","10.7",",X","15.6","2,Z","","","",""
"USW00022521","2008-10","21.32402","-157.93946","1.9","HONOLULU INTERNATIONAL AIRPORT, HI US","18.63",",,,W","1016.6",",,,W","1016.0",",,,W","21.31",",,,W","4.2",",W","2314.3","0","252.8",",0","6",",0","2",",0","0",",0","","","","","0",",0","0",",0","0",",0","31",",0","0",",0","3","","","","20081027",",,0","","","","","","","20081014",",,0","20081003",",,0","20.6",",0,27,","","","","","6.6",",,0,14,","31.7",",0,03,","0.0","0","0.0",",0","14.4",",,,0","","","64",",,,W","50",",,,W","78",",,,W","","","26.49",",0","29.79",",,,0","23.18",",,,0","","","","","60",",X","50",",X","","","","","","","11.6",",X","14.3",",X","","","",""
"USW00022521","2008-11","21.32402","-157.93946","1.9","HONOLULU INTERNATIONAL AIRPORT, HI US","18.08",",,,W","1017.5",",,,W","1016.8",",,,W","20.57",",,,W","4.1",",W","2518.1","0","203.8",",0","9",",0","4",",0","1",",0","","","","","0",",0","0",",0","0",",0","30",",0","0",",0","5","","","","20081129",",,0","","","","","","","20081122",",,0","20081111","+,,0","18.9",",0,29,","","","","","28.7",",,0,22,","30.0",",0,11,+","0.0","0","0.0",",0","74.6",",,,0","","","67",",,,W","53",",,,W","81",",,,W","","","25.13",",0","28.45",",,,0","21.80",",,,0","","","","","50",",X","60",",X","","","","","","","12.5",",X","16.1",",X","","","",""
"USW00022521","2008-12","21.32402","-157.93946","1.9","HONOLULU INTERNATIONAL AIRPORT, HI US","18.74",",,,W","1015.5",",,,W","1014.8",",,,W","20.58",",,,W","3.9",",W","2693.9","0","175.8",",0","16",",0","6",",0","2",",0","","","","","0",",0","0",",0","0",",0","31",",0","0",",0","13","","","","20081222",",,0","","","","","4","","20081211",",,0","20081204",",,0","18.9",",0,22,","","","","","85.1",",,0,11,","29.4",",0,04,","0.0","0","0.0",",0","192.8",",,,0","","","74",",,,W","61",",,,W","87",",,,W","","","24.00",",0","26.85",",,,0","21.16",",,,0","","","","","140",",X","140",",X","","","","","","","16.5",",X","18.3",",X","","","",""
"USW00022521","2009-01","21.32402","-157.93946","1.9","HONOLULU INTERNATIONAL AIRPORT, HI US","16.67",",,,W","1016.6",",,,W","1016.1",",,,W","18.83",",,,W","3.9",",W","129.8","0","129.8",",0","8",",0","6",",0","1",",0","","","","","0",",0","0",",0","0",",0","31",",0","0",",0","7","","","","20090118",",,0","","","","","1","","20090111",",,0","20090130",",,0","14.4",",0,18,","","","","","50.8",",,0,11,","27.8",",0,30,","0.0","0","0.0",",0","93.8",",,,0","","","71",",,,W","58",",,,W","84",",,,W","","","22.52",",0","25.92",",,,0","19.12",",,,0","","","","","350",",X","340",",X","","","","","","","13.4",",X","16.5",",X","","","",""
"USW00022521","2009-02","21.32402","-157.93946","1.9","HONOLULU INTERNATIONAL AIRPORT, HI US","14.69",",,,W","1019.1",",,,W","1018.5",",,,W","17.89",",,,W","4.9",",W","260.0","0","130.2",",0","4",",0","0",",0","0",",0","","","","","0",",0","0",",0","0",",0","28",",0","0",",0","2","","","","20090223",",,0","","","","","2","","20090212",",,0","20090215","+,,0","16.1",",0,23,","","","","","2.3",",,0,12,","27.8",",0,15,+","0.0","0","0.0",",0","6.4",",,,0","","","62",",,,W","49",",,,W","75",",,,W","","","22.98",",0","26.26",",,,0","19.70",",,,0","","","","","20",",X","20",",X","","","","","","","13.0",",X","15.6",",X","","","",""
"USW00022521","2009-03","21.32402","-157.93946","1.9","HONOLULU INTERNATIONAL AIRPORT, HI US","15.83",",,,W","1017.0",",,,W","1016.4",",,,W","18.50",",,,W","5.3",",W","410.1","0","150.1",",0","12",",0","3",",0","1",",0","","","","","0",",0","0",",0","0",",0","31",",0","0",",0","4","","","","20090313",",,0","","","","","","","20090314",",,0","20090318",",,0","15.0",",0,13,","","","","","40.4",",,0,14,","28.9",",0,18,","0.0","0","0.0",",0","57.4",",,,0","","","66",",,,W","51",",,,W","80",",,,W","","","23.18",",0","26.49",",,,0","19.86",",,,0","","","","","60",",X","80",",X","","","","","","","13.4",",X","15.6",",X","","","",""
"USW00022521","2009-04","21.32402","-157.93946","1.9","HONOLULU INTERNATIONAL AIRPORT, HI US","16.01",",,,W","1017.4",",,,W","1016.8",",,,W","18.86",",,,W","4.9",",W","571.7","0","161.6",",0","6",",0","3",",0","0",",0","","","","","0",",0","0",",0","0",",0","30",",0","0",",0","5","","","","20090427","+,,0","","","","","1","","20090420",",,0","20090430",",,0","17.2",",0,27,+","","","","","6.6",",,0,20,","28.9",",0,30,","0.0","0","0.0",",0","14.1",",,,0","","","64",",,,W","51",",,,W","77",",,,W","","","23.72",",0","26.98",",,,0","20.45",",,,0","","","","","70",",X","90",",X","","","","","","","12.5",",X","16.1",",X","","","",""
"USW00022521","2009-05","21.32402","-157.93946","1.9","HONOLULU INTERNATIONAL AIRPORT, HI US","18.19",",,,W","1015.1",",,,W","1014.5",",,,W","20.81",",,,W","3.1",",W","796.7","0","225.0",",0","3",",0","1",",0","0",",0","","","","","0",",0","0",",0","0",",0","31",",0","1",",0","1","","","","20090522",",,0","","","","","","","20090517",",,0","20090531",",,0","19.4",",0,22,","","","","","2.5",",,0,17,","33.3",",0,31,","0.0","0","0.0",",0","3.8",",,,0","","","64",",,,W","52",",,,W","77",",,,W","","","25.59",",0","29.17",",,,0","22.01",",,,0","","","","","250",",X","280",",X","","","","","","","9.8",",X","12.5",",X","","","",""
"USW00022521","2009-06","21.32402","-157.93946","1.9","HONOLULU INTERNATIONAL AIRPORT, HI US","18.49",",,,W","1016.4",",,,W","1015.8",",,,W","21.71",",,,W","5.2",",W","","","","","2",",0","0",",0","0",",0","","","","","","","","","","","","","","","2","","","","","","","","","","","","20090626",",,0","","","","","","","","","0.8",",,0,26,","","","","","","","1.1",",,,0","","","58",",,,W","44",",,,W","73",",,,W","","","","","","","","","","","","","70",",X","80",",X","","","","","","","13.0",",X","17.0",",X","","","",""
"USW00022521","2009-07","21.32402","-157.93946","1.9","HONOLULU INTERNATIONAL AIRPORT, HI US","18.99",",,,W","1016.0",",,,W","1015.4",",,,W","21.85",",,,W","5.4",",W","","","290.4",",0","8",",0","1",",0","0",",0","","","","","0",",0","0",",0","0",",0","31",",0","5",",0","2","","","","20090701",",,0","","","","","","","20090702",",,0","20090725","+,,0","21.1",",0,01,","","","","","6.1",",,0,02,","32.8",",0,25,+","0.0","0","0.0",",0","8.9",",,,0","","","62",",,,W","47",",,,W","75",",,,W","","","27.70",",0","31.32",",,,0","24.09",",,,0","","","","","40",",X","60",",X","","","","","","","12.5",",X","17.9",",X","","","",""
"USW00022521","2009-08","21.32402","-157.93946","1.9","HONOLULU INTERNATIONAL AIRPORT, HI US","19.30",",,,W","1014.8","1,,,W","1014.3","1,,,W","22.10",",,,W","5.6",",W","","","286.4",",0","5",",0","1",",0","0",",0","","","","","0",",0","0",",0","0",",0","31",",0","10",",0","2","","","","20090819",",,0","","","","","","","20090812",",,0","20090819",",,0","18.3",",0,19,","","","","","12.7",",,0,12,","32.8",",0,19,","0.0","0","0.0",",0","14.1",",,,0","","","63",",,,W","48",",,,W","78",",,,W","","","27.57",",0","31.40",",,,0","23.74",",,,0","","","","","60",",X","70",",X","","","","","","","13.0",",X","16.5",",X","","","",""
"USW00022521","2009-09","21.32402","-157.93946","1.9","HONOLULU INTERNATIONAL AIRPORT, HI US","18.84",",,,W","1015.2",",,,W","1014.5",",,,W","21.85",",,,W","5.1",",W","","","292.1",",0","5",",0","0",",0","0",",0","","","","","0",",0","0",",0","0",",0","30",",0","12",",0","2","","","","20090915",",,0","","","","","","","20090923",",,0","20090910",",,0","21.7",",0,15,","","","","","1.5",",,0,23,","33.3",",0,10,","0.0","0","0.0",",0","3.8",",,,0","","","60",",,,W","44",",,,W","75",",,,W","","","28.07",",0","31.84",",,,0","24.30",",,,0","","","","","70",",X","60",",X","","","","","","","13.0",",X","15.6",",X","","","",""
"USW00022521","2009-10","21.32402","-157.93946","1.9","HONOLULU INTERNATIONAL AIRPORT, HI US","20.35",",,,W","1014.0",",,,W","1013.3",",,,W","22.58",",,,W","3.4",",W","","","278.8",",0","6",",0","4",",0","0",",0","","","","","0",",0","0",",0","0",",0","31",",0","4",",0","6","","","","20091028","+,,0","","","","","1","","20091009",",,0","20091020",",,0","22.2",",0,28,+","","","","","18.3",",,0,09,","32.8",",0,20,","0.0","0","0.0",",0","32.3",",,,0","","","67",",,,W","53",",,,W","81",",,,W","","","27.33",",0","30.74",",,,0","23.91",",,,0","","","","","70",",X","80",",X","","","","","","","11.6",",X","14.8",",X","","","",""
"USW00022521","2009-11","21.32402","-157.93946","1.9","HONOLULU INTERNATIONAL AIRPORT, HI US","18.20",",,,W","1015.5",",,,W","1015.0",",,,W","20.83",",,,W","5.2",",W","","","231.7",",0","11",",0","4",",0","1",",0","","","","","0",",0","0",",0","0",",0","30",",0","0",",0","7","","","","20091112",",,0","","","","","1","","20091125",",,0","20091110","+,,0","20.0",",0,12,","","","","","25.9",",,0,25,","30.6",",0,10,+","0.0","0","0.0",",0","39.7",",,,0","","","64",",,,W","50",",,,W","78",",,,W","","","26.06",",0","29.22",",,,0","22.89",",,,0","","","","","70",",X","80",",X","","","","","","","15.6",",X","19.7",",X","","","",""
"USW00022521","2009-12","21.32402","-157.93946","1.9","HONOLULU INTERNATIONAL AIRPORT, HI US","17.32",",,,W","1014.6",",,,W","1013.9",",,,W","19.61",",,,W","2.6",",W","","","156.0",",0","4",",0","1",",0","0",",0","","","","","0",",0","0",",0","0",",0","31",",0","0",",0","4","","","","20091209","+,,0","","","","","1","","20091203",",,0","20091227","+,,0","16.7",",0,09,+","","","","","18.3",",,0,03,","28.9",",0,27,+","0.0","0","0.0",",0","19.2",",,,0","","","69",",,,W","53",",,,W","84",",,,W","","","23.36",",0","27.44",",,,0","19.29",",,,0","","","","","260",",X","40",",X","","","","","","","10.3",",X","13.0",",X","","","",""
"USW00022521","2010-01","21.32402","-157.93946","1.9","HONOLULU INTERNATIONAL AIRPORT, HI US","17.05",",,,W","1014.5",",,,W","1013.8",",,,W","19.54",",,,W","3.1",",W","166.7","0","166.7",",0","6",",0","2",",0","0",",0","","","","","0",",0","0",",0","0",",0","31",",0","0",",0","6","","","","20100115","+,,0","","","","","","","20100130",",,0","20100126",",,0","16.1",",0,15,+","","","","","10.9",",,0,30,","28.9",",0,26,","0.0","0","0.0",",0","18.1",",,,0","","","68",",,,W","54",",,,W","82",",,,W","","","23.71",",0","27.35",",,,0","20.07",",,,0","","","","","260",",X","40","1,X","","","","","","","11.2",",X","14.8","1,X","","","",""
"USW00022521","2010-02","21.32402","-157.93946","1.9","HONOLULU INTERNATIONAL AIRPORT, HI US","15.22",",,,W","1017.7","3,,,W","1017.2","3,,,W","18.18",",,,W","3.6",",W","291.8","0","125.1",",0","3",",0","1",",0","0",",0","","","","","0",",0","0",",0","0",",0","28",",0","0",",0","4","","","","20100216",",,0","","","","","","","20100202",",,0","20100216",",,0","16.1",",0,16,","","","","","15.0",",,0,02,","29.4",",0,16,","0.0","0","0.0",",0","17.0",",,,0","","","64",",,,W","48",",,,W","81",",,,W","","","22.80",",0","26.64",",,,0","18.96",",,,0","","","","","340",",X","10",",X","","","","","","","10.7",",X","14.3",",X","","","",""
"USW00022521","2010-03","21.32402","-157.93946","1.9","HONOLULU INTERNATIONAL AIRPORT, HI US","15.43",",,,W","1019.5",",,,W","1018.9",",,,W","18.42",",,,W","5.9",",W","463.5","0","171.7",",0","9",",0","2",",0","0",",0","","","","","0",",0","0",",0","0",",0","31",",0","0",",0","4","","","","20100317",",,0","","","","","","","20100315",",,0","20100323","+,,0","18.3",",0,17,","","","","","5.1",",,0,15,","28.9",",0,23,+","0.0","0","0.0",",0","15.0",",,,0","","","63",",,,W","47",",,,W","77",",,,W","","","23.87",",0","27.43",",,,0","20.31",",,,0","","","","","60",",X","70",",X","","","","","","","14.8",",X","20.1",",X","","","",""
"USW00022521","2010-04","21.32402","-157.93946","1.9","HONOLULU INTERNATIONAL AIRPORT, HI US","15.78","1,,,W","1019.3","1,,,W","1018.7","1,,,W","18.94","1,,,W","5.3",",W","646.0","0","182.5",",0","7",",0","0",",0","0",",0","","","","","0",",0","0",",0","0",",0","30",",0","0",",0","2","","","","20100416","+,,0","","","","","","","20100403",",,0","20100430","+,,0","18.3",",0,16,+","","","","","1.8",",,0,03,","29.4",",0,30,+","0.0","0","0.0",",0","7.2",",,,0","","","62",",,,W","47",",,,W","76",",,,W","","","24.42",",0","27.86",",,,0","20.97",",,,0","","","","","60",",X","70",",X","","","","","","","13.4",",X","17.0",",X","","","",""
"USW00022521","2010-05","21.32402","-157.93946","1.9","HONOLULU INTERNATIONAL AIRPORT, HI US","17.43",",,,W","1018.2",",,,W","1017.5",",,,W","20.25",",,,W","5.3",",W","878.0","0","232.0",",0","10",",0","2",",0","0",",0","","","","","0",",0","0",",0","0",",0","31",",0","0",",0","4","","","","20100529",",,0","","","","","","","20100528",",,0","20100522",",,0","20.0",",0,29,","","","","","17.8",",,0,28,","30.6",",0,22,","0.0","0","0.0",",0","35.9",",,,0","","","63",",,,W","48",",,,W","77",",,,W","","","25.82",",0","29.31",",,,0","22.33",",,,0","","","","","70",",X","60",",X","","","","","","","12.5",",X","16.1",",X","","","",""
"USW00022521","2010-06","21.32402","-157.93946","1.9","HONOLULU INTERNATIONAL AIRPORT, HI US","17.46",",,,W","1018.8",",,,W","1018.2",",,,W","20.55",",,,W","5.4",",W","1123.9","0","245.9",",0","4",",0","1",",0","0",",0","","","","","0",",0","0",",0","0",",0","30",",0","0",",0","1","","","","20100619",",,0","","","","","","","20100618",",,0","20100624","+,,0","20.6",",0,19,","","","","","2.8",",,0,18,","30.6",",0,24,+","0.0","0","0.0",",0","5.7",",,,0","","","60",",,,W","46",",,,W","73",",,,W","","","26.53",",0","29.93",",,,0","23.13",",,,0","","","","","70",",X","70",",X","","","","","","","12.5",",X","16.5",",X","","","",""
"USW00022521","2010-07","21.32402","-157.93946","1.9","HONOLULU INTERNATIONAL AIRPORT, HI US","17.97",",,,W","1017.6",",,,W","1017.0",",,,W","20.91",",,,W","4.8",",W","1376.2","0","252.3",",0","10",",0","1",",0","0",",0","","","","","0",",0","0",",0","0",",0","31",",0","0",",0","4","","","","20100728",",,0","","","","","","","20100709",",,0","20100724",",,0","20.6",",0,28,","","","","","3.0",",,0,09,","31.7",",0,24,","0.0","0","0.0",",0","9.9",",,,0","","","62",",,,W","46",",,,W","78",",,,W","","","26.47",",0","30.20",",,,0","22.74",",,,0","","","","","70",",X","80",",X","","","","","","","11.6",",X","17.0",",X","","","",""
"USW00022521","2010-08","21.32402","-157.93946","1.9","HONOLULU INTERNATIONAL AIRPORT, HI US","17.97",",,,W","1017.6",",,,W","1017.1",",,,W","20.97",",,,W","5.3",",W","1646.7","0","270.5",",0","8",",0","0",",0","0",",0","","","","","0",",0","0",",0","0",",0","31",",0","1",",0","3","","","","20100806",",,0","","","","","","","20100817",",,0","20100828",",,0","21.1",",0,06,","","","","","0.8",",,0,17,","32.2",",0,28,","0.0","0","0.0",",0","3.5",",,,0","","","60",",,,W","44",",,,W","76",",,,W","","","27.06",",0","30.78",",,,0","23.34",",,,0","","","","","60",",X","70",",X","","","","","","","11.6",",X","16.5",",X","","","",""
"USW00022521","2010-09","21.32402","-157.93946","1.9","HONOLULU INTERNATIONAL AIRPORT, HI US","18.29",",,,W","1016.6",",,,W","1015.9",",,,W","21.13",",,,W","4.3",",W","1905.6","0","258.9",",0","5",",0","2",",0","0",",0","","","","","0",",0","0",",0","0",",0","30",",0","0",",0","6","","","","20100930","+,,0","","","","","","","20100922",",,0","20100921","+,,0","21.7",",0,30,+","","","","","8.4",",,0,22,","31.7",",0,21,+","0.0","0","0.0",",0","16.0",",,,0","","","62",",,,W","46",",,,W","77",",,,W","","","26.96",",0","30.78",",,,0","23.15",",,,0","","","","","40",",X","30",",X","","","","","","","10.7",",X","14.8",",X","","","",""
"USW00022521","2010-10","21.32402","-157.93946","1.9","HONOLULU INTERNATIONAL AIRPORT, HI US","18.44",",,,W","1017.3",",,,W","1016.7",",,,W","21.21",",,,W","4.6",",W","2164.4","0","258.8",",0","6",",0","0",",0","0",",0","","","","","0",",0","0",",0","0",",0","31",",0","0",",0","","","","","20101020",",,0","","","","","","","20101004",",,0","20101023","+,,0","20.6",",0,20,","","","","","1.0",",,0,04,","31.7",",0,23,+","0.0","0","0.0",",0","2.9",",,,0","","","63",",,,W","47",",,,W","78",",,,W","","","26.68",",0","30.45",",,,0","22.91",",,,0","","","","","60",",X","80",",X","","","","","","","12.5",",X","17.9",",X","","","",""
"USW00022521","2010-11","21.32402","-157.93946","1.9","HONOLULU INTERNATIONAL AIRPORT, HI US","18.69",",,,W","1016.7",",,,W","1016.1",",,,W","20.94",",,,W","3.8",",W","2373.9","0","209.5",",0","8",",0","2",",0","0",",0","","","","","0",",0","0",",0","0",",0","30",",0","0",",0","6","","","","20101122",",,0","","","","","2","","20101118",",,0","20101111",",,0","18.9",",0,22,","","","","","3.8",",,0,18,","30.6",",0,11,","0.0","0","0.0",",0","14.0",",,,0","","","69",",,,W","53",",,,W","84",",,,W","","","25.32",",0","29.02",",,,0","21.61",",,,0","","","","","80",",X","80",",X","","","","","","","13.0",",X","16.1",",X","","","",""
"USW00022521","2010-12","21.32402","-157.93946","1.9","HONOLULU INTERNATIONAL AIRPORT, HI US","19.31","1,,,W","1014.5","1,,,W","1013.9","1,,,W","20.88","1,,,W","3.0","1,W","2540.0","0","166.1",",0","12",",0","10",",0","3",",0","","","","","0",",0","0",",0","0",",0","31",",0","0",",0","15","","","","20101206",",,0","","","","","6","","20101219",",,0","20101215","+,,0","17.8",",0,06,","","","","","137.4",",,0,19,","28.9",",0,15,+","0.0","0","0.0",",0","298.0",",,,0","","","78","1,,,W","63","1,,,W","92","1,,,W","","","23.69",",0","26.81",",,,0","20.57",",,,0","","","","","120","1,X","110","1,X","","","","","","","14.3","1,X","18.3","1,X","","","",""
"USW00022521","2011-01","21.32402","-157.93946","1.9","HONOLULU INTERNATIONAL AIRPORT, HI US","17.19",",,,W","1014.7","1,,,W","1013.9","1,,,W","19.41",",,,W","3.4",",W","144.5","X","144.5",",X","5",",X","2",",X","2",",X","","","","","0",",X","0",",X","0",",X","31",",X","0",",X","4","","","","20110111",",,X","","","","","2","","20110112",",,X","20110120",",,X","15.0",",X,11,","","","","","43.4",",,X,12,","28.9",",X,20,","0.0","X","0.0",",X","73.0",",,,X","","","70",",,,W","55",",,,W","85",",,,W","","","23.00",",X","26.64",",,,X","19.35",",,,X","","","","","320",",X","320",",X","","","","","","","13.9",",X","17.4",",X","","","",""
"USW00022521","2011-02","21.32402","-157.93946","1.9","HONOLULU INTERNATIONAL AIRPORT, HI US","18.90",",,,W","1016.0",",,,W","1015.3",",,,W","20.68",",,,W","2.5",",W","299.6","X","155.1",",X","7",",X","3",",X","1",",X","","","","","0",",X","0",",X","0",",X","28",",X","0",",X","5","","","","20110201",",,X","","","","","3","","20110206",",,X","20110226","+,,X","17.2",",X,01,","","","","","27.7",",,X,06,","29.4",",X,26,+","0.0","X","0.0",",X","47.1",",,,X","","","75",",,,W","61",",,,W","89",",,,W","","","23.87",",X","27.26",",,,X","20.48",",,,X","","","","","220",",X","200",",X","","","","","","","11.2",",X","15.6",",X","","","",""
"USW00022521","2011-03","21.32402","-157.93946","1.9","HONOLULU INTERNATIONAL AIRPORT, HI US","17.90",",,,W","1018.6",",,,W","1018.0",",,,W","20.18",",,,W","5.2",",W","497.0","X","197.4",",X","8",",Z","1",",Z","0",",Z","","","","","0",",X","0",",X","0",",X","31",",X","0",",X","8","","","","20110312",",,X","","","","","1","","20110304",",,Z","20110331","+,,X","19.4",",X,12,","","","","","19.3",",,Z,04,","29.4",",X,31,+","0.0","X","0.0",",X","24.3",",,,Z","","","68",",,,W","53",",,,W","82",",,,W","","","24.70",",X","28.01",",,,X","21.39",",,,X","","","","","250",",X","250",",X","","","","","","","17.4",",X","20.6",",X","","","",""
"USW00022521","2011-04","21.32402","-157.93946","1.9","HONOLULU INTERNATIONAL AIRPORT, HI US","18.86",",,,W","1017.1","1,,,W","1016.5","1,,,W","21.00",",,,W","3.5",",W","700.4","X","203.4",",X","12",",Z","6",",Z","0",",Z","","","","","0",",X","0",",X","0",",X","30",",X","0",",X","10","","","","20110407",",,X","","","","","3","","20110429",",,Z","20110428","+,,X","18.3",",X,07,","","","","","22.1",",,Z,29,","30.6",",X,28,+","0.0","X","0.0",",X","67.1",",,,Z","","","70",",,,W","54",",,,W","86",",,,W","","","25.11",",X","28.72",",,,X","21.51",",,,X","","","","","70",",X","70",",X","","","","","","","9.8",",X","13.4",",X","","","",""
"USW00022521","2011-05","21.32402","-157.93946","1.9","HONOLULU INTERNATIONAL AIRPORT, HI US","19.06",",,,W","1018.3",",,,W","1017.7",",,,W","21.38",",,,W","5.1",",W","937.5","X","237.1",",X","19",",X","7",",X","0",",X","","","","","0",",X","0",",X","0",",X","31",",X","0",",X","10","","","","20110508",",,X","","","","","6","","20110508",",,X","20110514",",,X","20.6",",X,08,","","","","","20.8",",,X,08,","31.1",",X,14,","0.0","X","0.0",",X","79.0",",,,X","","","68",",,,W","53",",,,W","82",",,,W","","","25.98",",X","29.26",",,,X","22.70",",,,X","","","","","60",",X","60",",X","","","","","","","13.0",",X","17.0",",X","","","",""
"USW00022521","2011-06","21.32402","-157.93946","1.9","HONOLULU INTERNATIONAL AIRPORT, HI US","19.50",",,,W","1017.8",",,,W","1017.2",",,,W","21.73",",,,W","5.4",",W","1182.3","X","244.8",",X","8",",Z","2",",Z","0",",Z","","","","","0",",X","0",",X","0",",X","30",",X","0",",X","6","","","","20110603",",,X","","","","","4","","20110603",",,Z","20110630","+,,X","20.0",",X,03,","","","","","23.4",",,Z,03,","30.6",",X,30,+","0.0","X","0.0",",X","34.7",",,,Z","","","68",",,,W","52",",,,W","84",",,,W","","","26.49",",X","29.76",",,,X","23.23",",,,X","","","","","60",",X","70",",X","","","","","","","11.6",",X","17.0",",X","","","",""
"USW00022521","2011-07","21.32402","-157.93946","1.9","HONOLULU INTERNATIONAL AIRPORT, HI US","19.53",",,,W","1016.9",",,,W","1016.3",",,,W","21.91",",,,W","5.2",",W","1449.6","X","267.3",",X","14",",X","2",",X","0",",X","","","","","0",",X","0",",X","0",",X","31",",X","0",",X","8","","","","20110729","+,,X","","","","","","","20110729",",,X","20110725",",,X","22.2",",X,29,+","","","","","5.1",",,X,29,","31.7",",X,25,","0.0","X","0.0",",X","14.9",",,,X","","","66",",,,W","50",",,,W","84",",,,W","","","26.96",",X","30.55",",,,X","23.36",",,,X","","","","","70",",X","70",",X","","","","","","","11.6",",X","17.0",",X","","","",""
"USW00022521","2011-08","21.32402","-157.93946","1.9","HONOLULU INTERNATIONAL AIRPORT, HI US","19.45",",,,W","1016.9",",,,W","1016.2",",,,W","22.01",",,,W","5.1",",W","1733.8","X","284.2",",X","5",",X","0",",X","0",",X","","","","","0",",X","0",",X","0",",X","31",",X","0",",X","5","","","","20110829","+,,X","","","","","","","20110827","+,,X","20110830","+,,X","22.8",",X,29,+","","","","","0.5",",,X,27,+","31.7",",X,30,+","0.0","X","0.0",",X","1.9",",,,X","","","64",",,,W","47",",,,W","81",",,,W","","","27.50",",X","31.07",",,,X","23.93",",,,X","","","","","70",",X","50",",X","","","","","","","12.5",",X","16.1",",X","","","",""
"USW00022521","2011-09","21.32402","-157.93946","1.9","HONOLULU INTERNATIONAL AIRPORT, HI US","19.38",",,,W","1016.9",",,,W","1016.3",",,,W","21.95",",,,W","4.0",",W","2006.6","X","272.8",",X","3",",X","0",",X","0",",X","","","","","0",",X","0",",X","0",",X","30",",X","4",",X","1","","","","20110925","+,,X","","","","","","","20110917","+,,X","20110925","+,,X","21.1",",X,25,+","","","","","0.8",",,X,17,+","32.2",",X,25,+","0.0","X","0.0",",X","1.9",",,,X","","","64",",,,W","47",",,,W","81",",,,W","","","27.43",",X","31.32",",,,X","23.53",",,,X","","","","","80",",X","70",",X","","","","","","","10.7",",X","15.6",",X","","","",""
"USW00022521","2011-10","21.32402","-157.93946","1.9","HONOLULU INTERNATIONAL AIRPORT, HI US","19.39",",,,W","1016.4",",,,W","1015.7",",,,W","21.80",",,,W","4.3",",W","2274.1","X","267.5",",X","7",",X","1",",X","0",",X","","","","","0",",X","0",",X","0",",X","31",",X","4",",X","","","","","20111018","+,,X","","","","","","","20111023",",,X","20111008","+,,X","21.1",",X,18,+","","","","","4.6",",,X,23,","32.2",",X,08,+","0.0","X","0.0",",X","6.4",",,,X","","","66",",,,W","49",",,,W","84",",,,W","","","26.96",",X","30.81",",,,X","23.12",",,,X","","","","","50",",X","40",",X","","","","","","","11.6",",X","15.6",",X","","","",""
"USW00022521","2011-11","21.32402","-157.93946","1.9","HONOLULU INTERNATIONAL AIRPORT, HI US","18.62","2,,,W","1017.2","2,,,W","1016.6","2,,,W","21.13","2,,,W","5.5",",W","2505.1","X","231.0",",X","8",",X","1",",X","0",",X","","","","","0",",X","0",",X","0",",X","30",",X","0",",X","3","","","","20111130",",,X","","","","","1","","20111101",",,X","20111115","+,,X","18.9",",X,30,","","","","","18.5",",,X,01,","30.6",",X,15,+","0.0","X","0.0",",X","22.7",",,,X","","","66",",,,W","50",",,,W","81",",,,W","","","26.03",",X","29.14",",,,X","22.92",",,,X","","","","","60",",X","50",",X","","","","","","","13.9",",X","17.9",",X","","","",""
"USW00022521","2011-12","21.32402","-157.93946","1.9","HONOLULU INTERNATIONAL AIRPORT, HI US","18.20",",,,W","1017.6",",,,W","1016.9",",,,W","20.44",",,,W","5.0",",W","2701.2","X","196.1",",X","12",",X","3",",X","0",",X","","","","","0",",X","0",",X","0",",X","31",",X","0",",X","5","","","","20111231",",,X","","","","","3","","20111213",",,X","20111203","+,,X","18.3",",X,31,","","","","","11.2",",,X,13,","29.4",",X,03,+","0.0","X","0.0",",X","28.0",",,,X","","","70",",,,W","54",",,,W","85",",,,W","","","24.66",",X","27.98",",,,X","21.33",",,,X","","","","","60",",X","70",",X","","","","","","","14.8",",X","21.5",",X","","","",""
"USW00022521","2012-01","21.32402","-157.93946","1.9","HONOLULU INTERNATIONAL AIRPORT, HI US","18.62",",,,W","1017.1",",,,W","1016.5",",,,W","20.43",",,,W","3.4",",W","163.0","X","163.0",",X","3",",X","2",",X","0",",X","","","","","0",",X","0",",X","0",",X","31",",X","0",",X","5","","","","20120114","+,,X","","","","","","","20120116",",,X","20120128","+,,X","16.1",",X,14,+","","","","","6.4",",,X,16,","28.3",",X,28,+","0.0","X","0.0",",X","14.2",",,,X","","","75",",,,W","59",",,,W","90",",,,W","","","23.59",",X","27.21",",,,X","19.98",",,,X","","","","","70",",X","70","2,X","","","","","","","11.2",",X","14.8","2,X","","","",""
"USW00022521","2012-02","21.32402","-157.93946","1.9","HONOLULU INTERNATIONAL AIRPORT, HI US","17.17",",,,W","1017.9",",,,W","1017.3",",,,W","19.34",",,,W","4.4",",W","305.7","X","142.7",",X","6",",X","4",",X","0",",X","","","","","0",",X","0",",X","0",",X","29",",X","0",",X","4","","","","20120209","+,,X","","","","","","","20120207",",,X","20120222","+,,X","15.6",",X,09,+","","","","","8.9",",,X,07,","28.3",",X,22,+","0.0","X","0.0",",X","29.0",",,,X","","","71",",,,W","54",",,,W","87",",,,W","","","23.26",",X","27.11",",,,X","19.40",",,,X","","","","","60",",X","270",",X","","","","","","","13.0",",X","17.4",",X","","","",""
"USW00022521","2012-03","21.32402","-157.93946","1.9","HONOLULU INTERNATIONAL AIRPORT, HI US","16.41",",,,W","1017.9",",,,W","1017.3",",,,W","18.93",",,,W","5.1",",W","465.4","X","159.7",",X","6",",X","3",",X","2",",X","","","","","0",",X","0",",X","0",",X","31",",X","0",",X","3","","","","20120328","+,,X","","","","","4","","20120305",",,X","20120320",",,X","18.3",",X,28,+","","","","","93.7",",,X,05,","28.9",",X,20,","0.0","X","0.0",",X","139.8",",,,X","","","67",",,,W","53",",,,W","80",",,,W","","","23.48",",X","26.64",",,,X","20.33",",,,X","","","","","70",",X","70",",X","","","","","","","13.4",",X","18.3",",X","","","",""
"USW00022521","2012-04","21.32402","-157.93946","1.9","HONOLULU INTERNATIONAL AIRPORT, HI US","16.67",",,,W","1018.9",",,,W","1018.4",",,,W","19.42",",,,W","4.9",",W","647.3","X","181.9",",X","4",",X","1",",X","0",",X","","","","","0",",X","0",",X","0",",X","30",",X","0",",X","5","","","","20120410",",,X","","","","","","","20120410",",,X","20120401",",,X","18.9",",X,10,","","","","","2.8",",,X,10,","30.0",",X,01,","0.0","X","0.0",",X","6.1",",,,X","","","65",",,,W","50",",,,W","80",",,,W","","","24.40",",X","27.83",",,,X","20.96",",,,X","","","","","70",",X","70",",X","","","","","","","12.5",",X","15.6",",X","","","",""
"USW00022521","2012-05","21.32402","-157.93946","1.9","HONOLULU INTERNATIONAL AIRPORT, HI US","16.70",",,,W","1018.4",",,,W","1017.9",",,,W","19.69",",,,W","5.7",",W","864.8","X","217.5",",X","3",",X","0",",X","0",",X","","","","","0",",X","0",",X","0",",X","31",",X","0",",X","1","","","","20120514","+,,X","","","","","","","20120531",",,X","20120520",",,X","18.9",",X,14,+","","","","","0.5",",,X,31,","30.6",",X,20,","0.0","X","0.0",",X","1.1",",,,X","","","61",",,,W","46",",,,W","76",",,,W","","","25.35",",X","28.75",",,,X","21.95",",,,X","","","","","70",",X","70",",X","","","","","","","13.4",",X","17.0",",X","","","",""
"USW00022521","2012-06","21.32402","-157.93946","1.9","HONOLULU INTERNATIONAL AIRPORT, HI US","18.38",",,,W","1018.0",",,,W","1017.4",",,,W","20.89",",,,W","5.6",",W","1093.4","X","228.6",",X","4",",X","0",",X","0",",X","","","","","0",",X","0",",X","0",",X","30",",X","0",",X","3","","","","20120627","+,,X","","","","","","","20120612",",,X","20120615",",,X","21.1",",X,27,+","","","","","0.8",",,X,12,","30.6",",X,15,","0.0","X","0.0",",X","1.7",",,,X","","","66",",,,W","49",",,,W","84",",,,W","","","25.95",",X","29.30",",,,X","22.61",",,,X","","","","","70",",X","60",",X","","","","","","","13.0",",X","17.0",",X","","","",""
"USW00022521","2012-07","21.32402","-157.93946","1.9","HONOLULU INTERNATIONAL AIRPORT, HI US","18.82",",,,W","1016.8",",,,W","1016.2",",,,W","21.36",",,,W","5.8",",W","1347.1","X","253.7",",X","5",",X","0",",X","0",",X","","","","","0",",X","0",",X","0",",X","31",",X","0",",X","3","","","","20120722",",,X","","","","","","","20120703",",,X","20120720",",,X","20.6",",X,22,","","","","","1.5",",,X,03,","31.1",",X,20,","0.0","X","0.0",",X","3.4",",,,X","","","66",",,,W","50",",,,W","79",",,,W","","","26.52",",X","29.97",",,,X","23.06",",,,X","","","","","70",",X","70",",X","","","","","","","13.0",",X","16.5",",X","","","",""
"USW00022521","2012-08","21.32402","-157.93946","1.9","HONOLULU INTERNATIONAL AIRPORT, HI US","19.34",",,,W","1017.1",",,,W","1016.5",",,,W","21.79",",,,W","5.3",",X","1617.9","X","270.8",",X","4",",X","0",",X","0",",X","","","","","0",",X","0",",X","0",",X","31",",X","0",",X","3","","","","20120827","+,,X","","","","","","","20120827",",,X","20120825","+,,X","22.8",",X,27,+","","","","","1.0",",,X,27,","31.7",",X,25,+","0.0","X","0.0",",X","1.9",",,,X","","","65",",,,W","50",",,,W","79",",,,W","","","27.07",",X","30.60",",,,X","23.54",",,,X","","","","","80",",X","60",",X","","","","","","","11.6",",X","14.8",",X","","","",""
"USW00022521","2012-09","21.32402","-157.93946","1.9","HONOLULU INTERNATIONAL AIRPORT, HI US","19.23",",,,W","1016.6",",,,W","1016.0",",,,W","21.58",",,,W","4.9",",X","1867.1","X","249.2",",X","6",",X","3",",X","0",",X","","","","","0",",X","0",",X","0",",X","30",",X","0",",X","6","","","","20120921",",,X","","","","","","","20120907",",,X","20120919","+,,X","21.1",",X,21,","","","","","4.8",",,X,07,","31.7",",X,19,+","0.0","X","0.0",",X","13.2",",,,X","","","67",",,,W","50",",,,W","82",",,,W","","","26.64",",X","30.10",",,,X","23.18",",,,X","","","","","90",",X","40",",X","","","","","","","11.6",",X","16.5",",X","","","",""
"USW00022521","2012-10","21.32402","-157.93946","1.9","HONOLULU INTERNATIONAL AIRPORT, HI US","19.64",",,,W","1015.5",",,,W","1014.8",",,,W","21.86",",,,W","3.6",",X","2115.9","X","248.8",",X","3",",X","0",",X","0",",X","","","","","0",",X","0",",X","0",",X","31",",X","0",",X","4","","","","20121017",",,X","","","","","","","20121026",",,X","20121011","+,,X","21.1",",X,17,","","","","","1.8",",,X,26,","31.7",",X,11,+","0.0","X","0.0",",X","2.4",",,,X","","","69",",,,W","54",",,,W","83",",,,W","","","26.36",",X","29.80",",,,X","22.92",",,,X","","","","","60",",X","60",",X","","","","","","","10.7",",X","13.9",",X","","","",""
"USW00022521","2012-11","21.32402","-157.93946","1.9","HONOLULU INTERNATIONAL AIRPORT, HI US","17.86",",,,W","1016.4","1,,,W","1015.8","1,,,W","20.09",",,,W","3.9",",X","2294.3","X","178.4",",X","6",",X","0",",X","0",",X","","","","","0",",X","0",",X","0",",X","30",",X","0",",X","4","","","","20121128",",,X","","","","","1","","20121113",",,X","20121107",",,X","17.2",",X,28,","","","","","1.8",",,X,13,","30.0",",X,07,","0.0","X","0.0",",X","5.7",",,,X","","","70",",,,W","54",",,,W","86",",,,W","","","24.28",",X","27.88",",,,X","20.68",",,,X","","","","","90",",X","70",",X","","","","","","","11.6",",X","16.5",",X","","","",""
"USW00022521","2012-12","21.32402","-157.93946","1.9","HONOLULU INTERNATIONAL AIRPORT, HI US","18.60",",,,W","1016.5",",,,W","1015.8",",,,W","20.38",",,,W","4.5",",X","2468.8","X","174.5",",X","1",",X","0",",X","0",",X","","","","","0",",X","0",",X","0",",X","31",",X","0",",X","3","","","","20121230","+,,X","","","","","2","","20121204",",,X","20121230","+,,X","17.2",",X,30,+","","","","","0.3",",,X,04,","28.3",",X,30,+","0.0","X","0.0",",X","0.3",",,,X","","","74",",,,W","59",",,,W","87",",,,W","","","23.96",",X","27.26",",,,X","20.66",",,,X","","","","","70",",X","70",",X","","","","","","","13.4",",X","17.4",",X","","","",""
"USW00022521","2013-01","21.32402","-157.93946","1.9","HONOLULU INTERNATIONAL AIRPORT, HI US","17.24",",,,W","1015.8",",,,W","1015.1",",,,W","19.26",",,,W","4.1",",X","136.4","W","136.4",",X","9",",X","4",",X","0",",X","","","","","0",",X","0",",X","0",",X","31",",X","0",",X","8","","","","20130116",",,X","","","","","","","20130127",",,X","20130118","+,,X","15.0",",X,16,","","","","","23.6",",,X,27,","28.3",",X,18,+","0.0","W","0.0",",X","61.6",",,,X","","","72",",,,W","57",",,,W","87",",,,W","","","22.73",",X","26.46",",,,X","19.00",",,,X","","","","","70",",X","40","1,X","","","","","","","14.8",",X","19.7","1,X","","","",""
"USW00022521","2013-02","21.32402","-157.93946","1.9","HONOLULU INTERNATIONAL AIRPORT, HI US","15.59",",,,W","1019.5",",,,W","1019.0",",,,W","18.51",",,,W","5.9",",X","289.4","W","153.0",",X","4",",X","2",",X","0",",X","","","","","0",",X","0",",X","0",",X","28",",X","0",",X","2","","","","20130203",",,X","","","","","","","20130221",",,X","20130215","+,,X","16.7",",X,03,","","","","","11.7",",,X,21,","28.3",",X,15,+","0.0","W","0.0",",X","16.6",",,,X","","","63",",,,W","49",",,,W","76",",,,W","","","23.80",",X","26.95",",,,X","20.65",",,,X","","","","","80",",X","70",",X","","","","","","","15.6",",X","19.2",",X","","","",""
"USW00022521","2013-03","21.32402","-157.93946","1.9","HONOLULU INTERNATIONAL AIRPORT, HI US","16.41",",,,W","1016.8",",,,W","1016.1",",,,W","18.84",",,,W","3.6",",X","427.2","W","137.8",",X","7",",X","4",",X","1",",X","","","","","0",",X","0",",X","0",",X","31",",X","0",",X","4","","","","20130318",",,X","","","","","","","20130310",",,X","20130330","+,,X","16.1",",X,18,","","","","","42.4",",,X,10,","27.8",",X,30,+","0.0","W","0.0",",X","74.9",",,,X","","","69",",,,W","55",",,,W","84",",,,W","","","22.78",",X","26.35",",,,X","19.21",",,,X","","","","","70",",X","60",",X","","","","","","","13.0",",X","16.5",",X","","","",""
"USW00022521","2013-04","21.32402","-157.93946","1.9","HONOLULU INTERNATIONAL AIRPORT, HI US","18.91",",,,W","1016.8",",,,W","1016.2",",,,W","20.84",",,,W","3.2",",W","608.5","W","181.3",",W","6",",W","4",",W","0",",W","","","","","0",",W","0",",W","0",",W","30",",W","0",",W","4","","","","20130402",",,W","","","","","","","20130414",",,W","20130407",",,W","16.1",",W,02,","","","","","18.8",",,W,14,","30.0",",W,07,","0.0","W","0.0",",W","44.5",",,,W","","","73",",,,W","59",",,,W","87",",,,W","","","24.38",",W","27.80",",,,W","20.95",",,,W","","","","","70",",W","70",",W","","","","","","","10.7",",W","13.4",",W","","","",""
"USW00022521","2013-05","21.32402","-157.93946","1.9","HONOLULU INTERNATIONAL AIRPORT, HI US","18.25",",,,W","1016.7","1,,,W","1016.1","1,,,W","20.55",",,,W","3.8",",W","811.3","W","202.8",",W","7",",W","3",",W","0",",W","","","","","0",",W","0",",W","0",",W","31",",W","0",",W","6","","","","20130521",",,W","","","","","","","20130529",",,W","20130523",",,W","18.3",",W,21,","","","","","4.8",",,W,29,","31.7",",W,23,","0.0","W","0.0",",W","17.6",",,,W","","","69",",,,W","54",",,,W","84",",,,W","","","24.87",",W","28.42",",,,W","21.33",",,,W","","","","","60",",W","60",",W","","","","","","","11.2",",W","14.3",",W","","","",""
"USW00022521","2013-06","21.32402","-157.93946","1.9","HONOLULU INTERNATIONAL AIRPORT, HI US","18.14",",,,W","1017.2",",,,W","1016.6",",,,W","20.73",",,,W","5.5",",W","1034.9","W","223.6",",W","8",",W","0",",W","0",",W","","","","","0",",W","0",",W","0",",W","30",",W","0",",W","6","","","","20130626",",,W","","","","","","","20130626",",,W","20130630","+,,W","20.6",",W,26,","","","","","1.5",",,W,26,","30.0",",W,30,+","0.0","W","0.0",",W","4.6",",,,W","","","65",",,,W","50",",,,W","81",",,,W","","","25.79",",W","29.09",",,,W","22.48",",,,W","","","","","70",",W","70",",W","","","","","","","11.6",",W","14.8",",W","","","",""
"USW00022521","2013-07","21.32402","-157.93946","1.9","HONOLULU INTERNATIONAL AIRPORT, HI US","18.71",",,,W","1015.9",",,,W","1015.3",",,,W","21.42",",,,W","4.7",",W","1298.9","W","264.0",",W","6",",W","2",",W","0",",W","","","","","0",",W","0",",W","0",",W","31",",W","0",",W","1","","","","20130705",",,W","","","","","","","20130729",",,W","20130730","+,,W","21.1",",W,05,","","","","","3.8",",,W,29,","31.7",",W,30,+","0.0","W","0.0",",W","9.0",",,,W","","","64",",,,W","48",",,,W","79",",,,W","","","26.85",",W","30.53",",,,W","23.17",",,,W","","","","","70",",W","70",",W","","","","","","","11.6",",W","15.7",",W","","","",""
"USW00022521","2013-08","21.32402","-157.93946","1.9","HONOLULU INTERNATIONAL AIRPORT, HI US","18.43","1,,,W","1016.0","1,,,W","1015.3","1,,,W","21.38","1,,,W","5.2",",W","1577.2","W","278.3",",W","5",",W","0",",W","0",",W","","","0",",W","0",",W","0",",W","0",",W","31",",W","1",",W","1","","","","20130829","+,,W","","","20130831","+,,W","","","20130829",",,W","20130816",",,W","22.2",",W,29,+","","","0",",,W,31,+","1.0",",,W,29,","32.2",",W,16,","0.0","W","0.0",",W","2.6",",,,W","","","61",",,,W","45",",,,W","76",",,,W","0",",,,W","27.31",",W","31.06",",,,W","23.55",",,,W","","","","","70",",W","60",",W","","","","","","","12.5",",W","17.9",",W","","","",""
"USW00022521","2013-09","21.32402","-157.93946","1.9","HONOLULU INTERNATIONAL AIRPORT, HI US","18.99",",,,W","1015.8",",,,W","1015.2",",,,W","21.60",",,,W","4.6",",W","1839.5","W","262.3",",W","12",",W","3",",W","0",",W","","","0",",W","0",",W","0",",W","0",",W","30",",W","2",",W","6","","","","20130905",",,W","","","20130930","+,,W","","","20130930",",,W","20130915","+,,W","21.7",",W,05,","","","0",",,W,30,+","11.4",",,W,30,","32.2",",W,15,+","0.0","W","0.0",",W","33.9",",,,W","","","64",",,,W","47",",,,W","81",",,,W","0",",,,W","27.08",",W","30.73",",,,W","23.42",",,,W","","","","","60",",W","50",",W","","","","","","","10.7",",W","15.7",",W","","","",""
"USW00022521","2013-10","21.32402","-157.93946","1.9","HONOLULU INTERNATIONAL AIRPORT, HI US","","","","","","","","","3.4",",W","2078.7","W","239.2",",W","3",",W","1",",W","0",",W","","","","","0",",W","0",",W","0",",W","31",",W","0",",W","","","","","20131021",",,W","","","","","3","","20131014",",,W","20131031","+,,W","19.4",",W,21,","","","","","3.6",",,W,14,","31.7",",W,31,+","0.0","W","0.0",",W","4.6",",,,W","","","","","","","","","","","26.05",",W","30.02",",,,W","22.08",",,,W","","","","","80",",W","70",",W","","","","","","","11.6",",W","14.3",",W","","","",""
"USW00022521","2013-11","21.32402","-157.93946","1.9","HONOLULU INTERNATIONAL AIRPORT, HI US","18.14",",,,W","1014.9",",,,W","1014.3",",,,W","20.53",",,,W","3.4",",W","2275.6","W","196.9",",W","9",",W","4",",W","0",",W","","","","","0",",W","0",",W","0",",W","30",",W","0",",W","2","","","","20131124",",,W","","","","","1","","20131109",",,W","20131105","+,,W","17.2",",W,24,","","","","","17.8",",,W,09,","30.6",",W,05,+","0.0","W","0.0",",W","49.6",",,,W","","","68",",,,W","52",",,,W","83",",,,W","","","24.90",",W","28.57",",,,W","21.22",",,,W","","","","","30",",W","20",",W","","","","","","","11.6",",W","16.1",",W","","","",""
"USW00022521","2013-12","21.32402","-157.93946","1.9","HONOLULU INTERNATIONAL AIRPORT, HI US","18.15",",,,W","1015.2",",,,W","1014.5",",,,W","20.30",",,,W","2.9",",W","2457.5","W","181.9",",W","7",",W","2",",W","2",",W","","","","","0",",W","0",",W","0",",W","31",",W","0",",W","1","","","","20131218","+,,W","","","","","","","20131215",",,W","20131209",",,W","18.3",",W,18,+","","","","","52.3",",,W,15,","31.1",",W,09,","0.0","W","0.0",",W","92.6",",,,W","","","71",",,,W","55",",,,W","85",",,,W","","","24.20",",W","27.90",",,,W","20.50",",,,W","","","","","320",",W","70",",W","","","","","","","10.7",",W","13.4",",W","","","",""
"USW00022521","2014-01","21.32402","-157.93946","1.9","HONOLULU INTERNATIONAL AIRPORT, HI US","16.66",",,,W","1013.4",",,,W","1012.7",",,,W","18.93",",,,W","3.2",",W","132.5","W","132.5",",W","13",",W","6",",W","1",",W","","","","","0",",W","0",",W","0",",W","31",",W","0",",W","6","","","","20140124","+,,W","","","","","1","","20140102",",,W","20140110",",,W","16.1",",W,24,+","","","","","31.8",",,W,02,","27.8",",W,10,","0.0","W","0.0",",W","62.5",",,,W","","","71",",,,W","55",",,,W","87",",,,W","","","22.61",",W","26.25",",,,W","18.97",",,,W","","","","","260",",W","260",",W","","","","","","","16.1",",W","20.6",",W","","","",""
"USW00022521","2014-02","21.32402","-157.93946","1.9","HONOLULU INTERNATIONAL AIRPORT, HI US","18.55",",,,W","1013.9",",,,W","1013.1",",,,W","20.33",",,,W","2.6",",W","280.7","W","148.2",",W","8",",W","4",",W","0",",W","","","","","0",",W","0",",W","0",",W","28",",W","0",",W","6","","","","20140225",",,W","","","","","","","20140203",",,W","20140224",",,W","17.8",",W,25,","","","","","9.1",",,W,03,","28.9",",W,24,","0.0","W","0.0",",W","31.2",",,,W","","","74",",,,W","61",",,,W","86",",,,W","","","23.63",",W","26.70",",,,W","20.56",",,,W","","","","","310",",W","310",",W","","","","","","","10.7",",W","13.0",",W","","","",""
"USW00022521","2014-03","21.32402","-157.93946","1.9","HONOLULU INTERNATIONAL AIRPORT, HI US","16.88",",,,W","1016.5",",,,W","1015.9",",,,W","19.30",",,,W","3.6",",W","448.4","W","167.7",",W","11",",W","5",",W","0",",W","","","","","0",",W","0",",W","0",",W","31",",W","0",",W","7","","","","20140319","+,,W","","","","","","","20140308",",,W","20140325",",,W","18.3",",W,19,+","","","","","17.3",",,W,08,","29.4",",W,25,","0.0","W","0.0",",W","66.3",",,,W","","","68",",,,W","52",",,,W","83",",,,W","","","23.74",",W","27.25",",,,W","20.23",",,,W","","","","","50",",W","20",",W","","","","","","","11.6",",W","16.1",",W","","","",""
"USW00022521","2014-04","21.32402","-157.93946","1.9","HONOLULU INTERNATIONAL AIRPORT, HI US","16.68",",,,W","1018.2",",,,W","1017.6",",,,W","19.58",",,,W","5.6",",W","648.4","W","200.0",",W","8",",W","0",",W","0",",W","","","","","0",",W","0",",W","0",",W","30",",W","0",",W","3","","","","20140412","+,,W","","","","","","","20140412",",,W","20140424","+,,W","19.4",",W,12,+","","","","","2.0",",,W,12,","29.4",",W,24,+","0.0","W","0.0",",W","8.5",",,,W","","","63",",,,W","50",",,,W","77",",,,W","","","25.00",",W","28.22",",,,W","21.78",",,,W","","","","","50",",W","60",",W","","","","","","","13.9",",W","20.1",",W","","","",""
"USW00022521","2014-05","21.32402","-157.93946","1.9","HONOLULU INTERNATIONAL AIRPORT, HI US","19.02",",,,W","1016.4",",,,W","1015.8",",,,W","21.16",",,,W","3.3",",W","874.3","W","225.9",",W","9",",W","3",",W","2",",W","","","","","0",",W","0",",W","0",",W","31",",W","0",",W","3","","","","20140525","+,,W","","","","","1","","20140525",",,W","20140516",",,W","20.6",",W,25,+","","","","","49.3",",,W,25,","31.7",",W,16,","0.0","W","0.0",",W","85.2",",,,W","","","69",",,,W","53",",,,W","83",",,,W","","","25.62",",W","29.02",",,,W","22.22",",,,W","","","","","70",",W","70",",W","","","","","","","11.6",",W","13.9",",W","","","",""
"USW00022521","2014-06","21.32402","-157.93946","1.9","HONOLULU INTERNATIONAL AIRPORT, HI US","18.33",",,,W","1016.4",",,,W","1015.8",",,,W","21.12",",,,W","4.8",",W","1125.9","W","251.6",",W","9",",W","2",",W","0",",W","","","","","0",",W","0",",W","0",",W","30",",W","0",",W","7","","","","20140620",",,W","","","","","","","20140617",",,W","20140629","+,,W","21.1",",W,20,","","","","","4.8",",,W,17,","31.7",",W,29,+","0.0","W","0.0",",W","14.9",",,,W","","","62",",,,W","47",",,,W","78",",,,W","","","26.72",",W","30.29",",,,W","23.15",",,,W","","","","","80",",W","70",",W","","","","","","","11.2",",W","16.5",",W","","","",""
"USW00022521","2014-07","21.32402","-157.93946","1.9","HONOLULU INTERNATIONAL AIRPORT, HI US","19.33",",,,W","1016.0",",,,W","1015.4",",,,W","22.10",",,,W","5.0",",W","1422.5","W","296.6",",W","9",",W","2",",W","0",",W","","","","","0",",W","0",",W","0",",W","31",",W","6",",W","3","","","","20140720",",,W","","","","","","","20140720",",,W","20140731","+,,W","22.2",",W,20,","","","","","21.8",",,W,20,","32.2",",W,31,+","0.0","W","0.0",",W","28.6",",,,W","","","62",",,,W","47",",,,W","79",",,,W","","","27.90",",W","31.41",",,,W","24.40",",,,W","","","","","80",",W","60",",W","","","","","","","12.5",",W","18.3",",W","","","",""
"USW00022521","2014-08","21.32402","-157.93946","1.9","HONOLULU INTERNATIONAL AIRPORT, HI US","19.53",",,,W","1014.7",",,,W","1014.1",",,,W","22.19",",,,W","4.6",",W","1722.2","W","299.7",",W","6",",W","1",",W","0",",W","","","","","0",",W","0",",W","0",",W","31",",W","7",",W","5","","","","20140828","+,,W","","","","","","","20140808",",,W","20140829","+,,W","22.8",",W,28,+","","","","","8.6",",,W,08,","32.2",",W,29,+","0.0","W","0.0",",W","14.2",",,,W","","","62",",,,W","46",",,,W","78",",,,W","","","28.00",",W","31.50",",,,W","24.50",",,,W","","","","","80",",W","60",",W","","","","","","","13.9",",W","18.3",",W","","","",""
"USW00022521","2014-09","21.32402","-157.93946","1.9","HONOLULU INTERNATIONAL AIRPORT, HI US","20.34",",,,W","1014.5",",,,W","1013.8",",,,W","22.72",",,,W","3.5",",W","2021.1","W","298.9",",W","8",",W","2",",W","0",",W","","","","","0",",W","0",",W","0",",W","30",",W","21",",W","5","","","","20140914",",,W","","","","","2","","20140925",",,W","20140907",",,W","22.2",",W,14,","","","","","5.1",",,W,25,","33.9",",W,07,","0.0","W","0.0",",W","14.8",",,,W","","","64",",,,W","48",",,,W","81",",,,W","","","28.30",",W","32.14",",,,W","24.45",",,,W","","","","","70",",W","70",",W","","","","","","","10.7",",W","14.3",",W","","","",""
"USW00022521","2014-10","21.32402","-157.93946","1.9","HONOLULU INTERNATIONAL AIRPORT, HI US","20.84","1,,,W","1014.8","1,,,W","1014.2","1,,,W","22.90","1,,,W","3.8",",W","2305.6","W","284.5",",W","9",",W","4",",W","2",",W","","","","","0",",W","0",",W","0",",W","31",",W","6",",W","4","","","","20141027",",,W","","","","","3","","20141019",",,W","20141017","+,,W","22.2",",W,27,","","","","","95.0",",,W,19,","32.8",",W,17,+","0.0","W","0.0",",W","140.1",",,,W","","","69","1,,,W","54","1,,,W","84","1,,,W","","","27.51",",W","30.87",",,,W","24.15",",,,W","","","","","110",",W","60",",W","","","","","","","11.6",",W","14.3",",W","","","",""
"USW00022521","2014-11","21.32402","-157.93946","1.9","HONOLULU INTERNATIONAL AIRPORT, HI US","18.73",",,,W","1015.4",",,,W","1014.7",",,,W","21.07",",,,W","4.0",",W","2525.8","W","220.2",",W","8",",W","4",",W","0",",W","","","","","0",",W","0",",W","0",",W","30",",W","0",",W","7","","","","20141111",",,W","","","","","2","","20141114",",,W","20141101",",,W","18.9",",W,11,","","","","","23.9",",,W,14,","31.1",",W,01,","0.0","W","0.0",",W","36.6",",,,W","","","68",",,,W","53",",,,W","82",",,,W","","","25.67",",W","28.92",",,,W","22.42",",,,W","","","","","40",",W","40",",W","","","","","","","13.4",",W","17.0",",W","","","",""
"USW00022521","2014-12","21.32402","-157.93946","1.9","HONOLULU INTERNATIONAL AIRPORT, HI US","17.35",",,,W","1015.6",",,,W","1014.9",",,,W","19.55",",,,W","3.6",",W","2681.3","W","155.5",",W","6",",W","3",",W","0",",W","","","","","0",",W","0",",W","0",",W","31",",W","0",",W","7","","","","20141229",",,W","","","","","","","20141230",",,W","20141210",",,W","15.6",",W,29,","","","","","13.2",",,W,30,","30.0",",W,10,","0.0","W","0.0",",W","27.3",",,,W","","","70",",,,W","54",",,,W","85",",,,W","","","23.35",",W","27.04",",,,W","19.65",",,,W","","","","","290",",W","50",",W","","","","","","","11.2",",W","16.1",",W","","","",""
"USW00022521","2015-01","21.32402","-157.93946","1.9","HONOLULU INTERNATIONAL AIRPORT, HI US","17.08",",,,W","1014.1",",,,W","1013.4",",,,W","19.08",",,,W","2.8",",W","124.2","W","124.2","1,W","6",",W","2",",W","0",",W","","","","","0","1,W","0","1,W","0",",W","31",",W","0",",W","6","","","","20150105",",1,W","","","","","1","","20150102",",,W","20150118",",,W","13.9","1,W,05,","","","","","18.0",",,W,02,","29.4",",W,18,","0.0","W","0.0",",W","23.6",",,,W","","","72",",,,W","56",",,,W","89",",,,W","","","22.47","1,W","26.42",",,,W","18.51","1,,,W","","","","","230",",W","310",",W","","","","","","","17.0",",W","21.5",",W","","","",""
"USW00022521","2015-02","21.32402","-157.93946","1.9","HONOLULU INTERNATIONAL AIRPORT, HI US","","","","","","","","","3.9",",W","276.7","W","152.5",",W","15",",W","2",",W","0",",W","","","","","0",",W","0",",W","0",",W","28",",W","0",",W","8","","","","20150208",",,W","","","","","","","20150214",",,W","20150223",",,W","15.6",",W,08,","","","","","7.6",",,W,14,","30.0",",W,23,","0.0","W","0.0",",W","21.6",",,,W","","","","","","","","","","","23.78",",W","27.50",",,,W","20.06",",,,W","","","","","220",",W","220",",W","","","","","","","14.8",",W","17.9",",W","","","",""
"USW00022521","2015-03","21.32402","-157.93946","1.9","HONOLULU INTERNATIONAL AIRPORT, HI US","15.96",",,,W","1017.0",",,,W","1016.3",",,,W","18.63",",,,W","3.9",",W","426.2","W","149.5",",W","15",",W","2",",W","0",",W","","","","","0",",W","0",",W","0",",W","31",",W","0",",W","5","","","","20150310",",,W","","","","","","","20150304",",,W","20150323",",,W","14.4",",W,10,","","","","","5.1",",,W,04,","30.6",",W,23,","0.0","W","0.0",",W","16.0",",,,W","","","67",",,,W","51",",,,W","81",",,,W","","","23.15",",W","26.94",",,,W","19.37",",,,W","","","","","80",",W","90",",W","","","","","","","10.7",",W","16.1",",W","","","",""
"USW00022521","2015-04","21.32402","-157.93946","1.9","HONOLULU INTERNATIONAL AIRPORT, HI US","17.99",",,,W","1017.1",",,,W","1016.4",",,,W","20.27",",,,W","5.4",",W","611.9","W","185.7",",W","11",",W","0",",W","0",",W","","","","","0",",W","0",",W","0",",W","30",",W","0",",W","6","","","","20150426","+,,W","","","","","","","20150421","+,,W","20150416",",,W","18.9",",W,26,+","","","","","2.0",",,W,21,+","30.0",",W,16,","0.0","W","0.0",",W","8.9",",,,W","","","70",",,,W","53",",,,W","85",",,,W","","","24.52",",W","28.06",",,,W","20.99",",,,W","","","","","70",",W","60",",W","","","","","","","11.6",",W","16.5",",W","","","",""
"USW00022521","2015-05","21.32402","-157.93946","1.9","HONOLULU INTERNATIONAL AIRPORT, HI US","17.41",",,,W","1016.7",",,,W","1016.1",",,,W","19.85",",,,W","5.0",",W","808.6","W","196.7",",W","8",",W","0",",W","0",",W","","","","","0",",W","0",",W","0",",W","31",",W","0",",W","4","","","","20150502","+,,W","","","","","","","20150522",",,W","20150530",",,W","19.4",",W,02,+","","","","","1.8",",,W,22,","30.6",",W,30,","0.0","W","0.0",",W","5.3",",,,W","","","67",",,,W","51",",,,W","83",",,,W","","","24.68",",W","28.25",",,,W","21.10",",,,W","","","","","60",",W","80",",W","","","","","","","12.5",",W","16.5",",W","","","",""
"USW00022521","2015-06","21.32402","-157.93946","1.9","HONOLULU INTERNATIONAL AIRPORT, HI US","19.32",",,,W","1015.5",",,,W","1014.8",",,,W","21.86",",,,W","4.2",",W","1071.4","W","262.8",",W","5",",W","1",",W","0",",W","","","","","0",",W","0",",W","0",",W","30",",W","4",",W","3","","","","20150613",",,W","","","","","","","20150624",",,W","20150627","+,,W","21.1",",W,13,","","","","","3.0",",,W,24,","32.2",",W,27,+","0.0","W","0.0",",W","5.9",",,,W","","","65",",,,W","49",",,,W","81",",,,W","","","27.09",",W","30.96",",,,W","23.23",",,,W","","","","","70",",W","60",",W","","","","","","","10.7",",W","14.8",",W","","","",""
"USW00022521","2015-07","21.32402","-157.93946","1.9","HONOLULU INTERNATIONAL AIRPORT, HI US","20.89",",,,W","1014.2",",,,W","1013.6",",,,W","23.22",",,,W","4.4",",W","1387.5","W","316.1",",W","7",",W","2",",W","0",",W","","","","","0",",W","0",",W","0",",W","31",",W","20",",W","5","","","","20150726","+,,W","","","","","","","20150717",",,W","20150730","+,,W","22.8",",W,26,+","","","","","3.3",",,W,17,","33.3",",W,30,+","0.0","W","0.0",",W","10.9",",,,W","","","66",",,,W","50",",,,W","80",",,,W","","","28.53",",W","32.18",",,,W","24.88",",,,W","","","","","60",",W","70",",W","","","","","","","11.2",",W","14.3",",W","","","",""
"USW00022521","2015-08","21.32402","-157.93946","1.9","HONOLULU INTERNATIONAL AIRPORT, HI US","22.29",",,,W","1012.5",",,,W","1011.9",",,,W","24.07",",,,W","4.0",",W","1705.6","W","318.1",",W","10",",W","5",",W","2",",W","","","","","0",",W","0",",W","0",",W","31",",W","19",",W","9","","1","","20150824","+,,W","","","","","6","","20150824",",,W","20150812",",,W","22.8",",W,24,+","","","","","91.2",",,W,24,","33.9",",W,12,","0.0","W","0.0",",W","194.0",",,,W","","","71",",,,W","57",",,,W","85",",,,W","","","28.59",",W","32.02",",,,W","25.17",",,,W","","","","","80",",W","70",",W","","","","","","","11.2",",W","15.7",",W","","","",""
"USW00022521","2015-09","21.32402","-157.93946","1.9","HONOLULU INTERNATIONAL AIRPORT, HI US","22.40",",,,W","1012.1",",,,W","1011.4",",,,W","24.17",",,,W","4.0",",W","2010.1","W","304.5",",W","12",",W","7",",W","1",",W","","","","","0",",W","0",",W","0",",W","30",",W","12",",W","6","","","","20150904",",,W","","","","","2","","20150911",",,W","20150922","+,,W","22.2",",W,04,","","","","","34.5",",,W,11,","32.8",",W,22,+","0.0","W","0.0",",W","114.0",",,,W","","","71",",,,W","59",",,,W","85",",,,W","","","28.48",",W","31.55",",,,W","25.41",",,,W","","","","","60",",W","60","4,W","","","","","","","12.5",",W","17.0","4,W","","","",""
"USW00022521","2015-10","21.32402","-157.93946","1.9","HONOLULU INTERNATIONAL AIRPORT, HI US","20.87",",,,W","1013.1",",,,W","1012.4",",,,W","22.87",",,,W","3.4",",W","2296.6","W","286.5",",W","9",",W","4",",W","0",",W","","","","","0",",W","0",",W","0",",W","31",",W","8",",W","8","","","","20151025",",,W","","","","","1","","20151012",",,W","20151030","+,,W","21.1",",W,25,","","","","","8.6",",,W,12,","33.3",",W,30,+","0.0","W","0.0",",W","23.2",",,,W","","","69",",,,W","53",",,,W","84",",,,W","","","27.57",",W","31.18",",,,W","23.97",",,,W","","","","","50",",W","40",",W","","","","","","","11.2",",W","13.9",",W","","","",""
"USW00022521","2015-11","21.32402","-157.93946","1.9","HONOLULU INTERNATIONAL AIRPORT, HI US","20.48",",,,W","1015.4",",,,W","1014.7",",,,W","22.50",",,,W","5.0",",W","2550.0","W","253.4",",W","18",",W","5",",W","1",",W","","","","","0",",W","0",",W","0",",W","30",",W","1",",W","7","","","","20151117",",,W","","","","","","","20151120",",,W","20151103",",,W","20.6",",W,17,","","","","","44.2",",,W,20,","32.2",",W,03,","0.0","W","0.0",",W","105.9",",,,W","","","71",",,,W","57",",,,W","84",",,,W","","","26.78",",W","29.69",",,,W","23.87",",,,W","","","","","60",",W","50",",W","","","","","","","11.6",",W","16.1",",W","","","",""
"USW00022521","2015-12","21.32402","-157.93946","1.9","HONOLULU INTERNATIONAL AIRPORT, HI US","18.93",",,,W","1017.4",",,,W","1016.8",",,,W","21.15",",,,W","4.5",",W","2771.4","W","221.4",",W","6",",W","1",",W","0",",W","","","","","0",",W","0",",W","0",",W","31",",W","0",",W","4","","","","20151214",",,W","","","","","","","20151226",",,W","20151215","+,,W","19.4",",W,14,","","","","","4.6",",,W,26,","30.0",",W,15,+","0.0","W","0.0",",W","7.0",",,,W","","","69",",,,W","55",",,,W","82",",,,W","","","25.48",",W","28.70",",,,W","22.25",",,,W","","","","","50",",W","70",",W","","","","","","","13.9",",W","17.4",",W","","","",""
"USW00022521","2016-01","21.32402","-157.93946","1.9","HONOLULU INTERNATIONAL AIRPORT, HI US","17.92",",,,W","1017.2",",,,W","1016.5",",,,W","19.95",",,,W","2.4",",W","158.3","W","158.3",",W","1",",W","0",",W","0",",W","","","","","0",",W","0",",W","0",",W","31",",W","0",",W","2","","","","20160119","+,,W","","","","","","","20160125",",,W","20160131",",,W","17.2",",W,19,+","","","","","0.8",",,W,25,","29.4",",W,31,","0.0","W","0.0",",W","0.8",",,,W","","","72",",,,W","55",",,,W","86",",,,W","","","23.44",",W","27.53",",,,W","19.35",",,,W","","","","","320",",W","340",",W","","","","","","","10.7",",W","13.4",",W","","","",""
"USW00022521","2016-02","21.32402","-157.93946","1.9","HONOLULU INTERNATIONAL AIRPORT, HI US","16.96",",,,W","1016.6",",,,W","1016.0",",,,W","19.47",",,,W","3.7",",W","314.4","W","156.1",",W","6",",W","1",",W","0",",W","","","","","0",",W","0",",W","0",",W","29",",W","0",",W","4","","","","20160208",",,W","","","","","","","20160216",",,W","20160213",",,W","15.0",",W,08,","","","","","3.3",",,W,16,","30.6",",W,13,","0.0","W","0.0",",W","10.1",",,,W","","","67",",,,W","50",",,,W","83",",,,W","","","23.72",",W","27.72",",,,W","19.71",",,,W","","","","","60",",W","60",",W","","","","","","","12.5",",W","16.1",",W","","","",""
"USW00022521","2016-03","21.32402","-157.93946","1.9","HONOLULU INTERNATIONAL AIRPORT, HI US","16.84",",,,W","1017.3",",,,W","1016.7",",,,W","19.38",",,,W","4.0",",W","477.7","W","163.3",",W","2",",W","1",",W","0",",W","","","","","0",",W","0",",W","0",",W","31",",W","0",",W","3","","","","20160305",",,W","","","","","1","","20160325",",,W","20160320","+,,W","17.8",",W,05,","","","","","5.1",",,W,25,","28.9",",W,20,+","0.0","W","0.0",",W","5.6",",,,W","","","67",",,,W","53",",,,W","82",",,,W","","","23.60",",W","27.38",",,,W","19.82",",,,W","","","","","70",",W","20",",W","","","","","","","13.4",",W","17.4",",W","","","",""
"USW00022521","2016-04","21.32402","-157.93946","1.9","HONOLULU INTERNATIONAL AIRPORT, HI US","18.01",",,,W","1018.4",",,,W","1017.8",",,,W","20.54",",,,W","5.1",",W","693.2","W","215.5",",W","7",",W","1",",W","0",",W","","","","","0",",W","0",",W","0",",W","30",",W","0",",W","3","","","","20160406",",,W","","","","","","","20160417",",,W","20160428","+,,W","19.4",",W,06,","","","","","2.5",",,W,17,","30.6",",W,28,+","0.0","W","0.0",",W","5.7",",,,W","","","66",",,,W","50",",,,W","80",",,,W","","","25.52",",W","29.15",",,,W","21.88",",,,W","","","","","40",",W","40",",W","","","","","","","13.4",",W","17.4",",W","","","",""
"USW00022521","2016-05","21.32402","-157.93946","1.9","HONOLULU INTERNATIONAL AIRPORT, HI US","18.97",",,,W","1017.3",",,,W","1016.7",",,,W","21.30",",,,W","4.4",",W","930.9","W","237.7",",W","9",",W","4",",W","1",",W","","","","","0",",W","0",",W","0",",W","31",",W","0",",W","6","","","","20160530","+,,W","","","","","","","20160526",",,W","20160524",",,W","21.1",",W,30,+","","","","","31.0",",,W,26,","31.1",",W,24,","0.0","W","0.0",",W","80.6",",,,W","","","68",",,,W","53",",,,W","82",",,,W","","","26.00",",W","29.32",",,,W","22.68",",,,W","","","","","60",",W","60",",W","","","","","","","11.6",",W","14.8",",W","","","",""
"USW00022521","2016-06","21.32402","-157.93946","1.9","HONOLULU INTERNATIONAL AIRPORT, HI US","18.84",",,,W","1016.9",",,,W","1016.2",",,,W","21.27",",,,W","5.2",",W","1166.7","W","235.8",",W","10",",W","0",",W","0",",W","","","","","0",",W","0",",W","0",",W","30",",W","0",",W","9","","","","20160604",",,W","","","","","","","20160624",",,W","20160630","+,,W","20.6",",W,04,","","","","","1.0",",,W,24,","31.7",",W,30,+","0.0","W","0.0",",W","5.1",",,,W","","","66",",,,W","52",",,,W","82",",,,W","","","26.19",",W","29.53",",,,W","22.85",",,,W","","","","","70",",W","80",",W","","","","","","","12.5",",W","15.7",",W","","","",""
"USW00022521","2016-07","21.32402","-157.93946","1.9","HONOLULU INTERNATIONAL AIRPORT, HI US","19.89",",,,W","1015.7",",,,W","1015.1",",,,W","22.26",",,,W","5.1",",W","1443.5","W","276.8",",W","12",",W","6",",W","1",",W","","","","","0",",W","0",",W","0",",W","31",",W","2",",W","10","","","","20160726",",,W","","","","","2","","20160724",",,W","20160714",",,W","20.6",",W,26,","","","","","37.3",",,W,24,","32.8",",W,14,","0.0","W","0.0",",W","68.9",",,,W","","","67",",,,W","51",",,,W","82",",,,W","","","27.26",",W","30.54",",,,W","23.99",",,,W","","","","","80",",W","40",",W","","","","","","","13.0",",W","17.0",",W","","","",""
"USW00022521","2016-08","21.32402","-157.93946","1.9","HONOLULU INTERNATIONAL AIRPORT, HI US","20.46",",,,W","1015.0",",,,W","1014.4",",,,W","22.64",",,,W","5.1",",W","1727.5","W","284.0",",W","9",",W","3",",W","1",",W","","","","","0",",W","0",",W","0",",W","31",",W","1",",W","7","","","","20160817","+,,W","","","","","2","","20160824",",,W","20160812",",,W","23.3",",W,17,+","","","","","27.2",",,W,24,","32.8",",W,12,","0.0","W","0.0",",W","40.2",",,,W","","","68",",,,W","53",",,,W","82",",,,W","","","27.49",",W","30.62",",,,W","24.37",",,,W","","","","","70",",W","60",",W","","","","","","","12.5",",W","16.5",",W","","","",""
"USW00022521","2016-09","21.32402","-157.93946","1.9","HONOLULU INTERNATIONAL AIRPORT, HI US","20.12",",,,W","1015.2",",,,W","1014.6",",,,W","22.25",",,,W","5.0",",W","1986.7","W","259.2",",W","14",",W","4",",W","2",",W","","","","","0",",W","0",",W","0",",W","30",",W","1",",W","10","","","","20160921",",,W","","","","","","","20160914",",,W","20160901",",,W","21.7",",W,21,","","","","","29.5",",,W,14,","32.2",",W,01,","0.0","W","0.0",",W","74.4",",,,W","","","68",",,,W","53",",,,W","84",",,,W","","","26.97",",W","30.29",",,,W","23.65",",,,W","","","","","80",",W","70",",W","","","","","","","13.4",",W","17.4",",W","","","",""
"USW00022521","2016-10","21.32402","-157.93946","1.9","HONOLULU INTERNATIONAL AIRPORT, HI US","18.74",",,,W","1016.4",",,,W","1015.7",",,,W","21.30",",,,W","5.6",",W","2242.5","W","255.8",",W","9",",W","0",",W","0",",W","","","","","0",",W","0",",W","0",",W","31",",W","0",",W","3","","","","20161026","+,,W","","","","","","","20161027","+,,W","20161005",",,W","21.7",",W,26,+","","","","","0.5",",,W,27,+","31.7",",W,05,","0.0","W","0.0",",W","3.3",",,,W","","","65",",,,W","51",",,,W","79",",,,W","","","26.58",",W","29.79",",,,W","23.38",",,,W","","","","","60",",W","50",",W","","","","","","","12.5",",W","16.1",",W","","","",""
"USW00022521","2016-11","21.32402","-157.93946","1.9","HONOLULU INTERNATIONAL AIRPORT, HI US","17.72","1,,,W","1017.6","1,,,W","1016.9","1,,,W","20.32","1,,,W","5.2",",W","2448.4","W","205.9",",W","7",",W","1",",W","0",",W","","","","","0",",W","0",",W","0",",W","30",",W","0",",W","7","","","","20161107",",,W","","","","","","","20161121",",,W","20161113",",,W","18.9",",W,07,","","","","","14.2",",,W,21,","30.0",",W,13,","0.0","W","0.0",",W","18.6",",,,W","","","66","1,,,W","50","1,,,W","80","1,,,W","","","25.20",",W","28.47",",,,W","21.92",",,,W","","","","","50",",W","70",",W","","","","","","","13.0",",W","18.3",",W","","","",""
"USW00022521","2016-12","21.32402","-157.93946","1.9","HONOLULU INTERNATIONAL AIRPORT, HI US","17.88",",,,W","1014.7",",,,W","1014.1",",,,W","19.88",",,,W","3.9",",W","2613.0","W","164.6",",W","11",",W","3",",W","0",",W","","","","","0",",W","0",",W","0",",W","31",",W","0",",W","8","","","","20161216",",,W","","","","","","","20161208",",,W","20161219",",,W","15.6",",W,16,","","","","","6.4",",,W,08,","30.0",",W,19,","0.0","W","0.0",",W","22.3",",,,W","","","73",",,,W","58",",,,W","86",",,,W","","","23.64",",W","26.91",",,,W","20.38",",,,W","","","","","50",",W","60",",W","","","","","","","12.5",",W","14.8",",W","","","",""
"USW00022521","2017-01","21.32402","-157.93946","1.9","HONOLULU INTERNATIONAL AIRPORT, HI US","15.63",",,,W","1017.6",",,,W","1017.0",",,,W","18.42",",,,W","3.6",",W","147.0","W","147.0",",W","4",",W","1",",W","0",",W","","","","","0",",W","0",",W","0",",W","31",",W","0",",W","","","","","20170108","+,,W","","","","","","","20170121",",,W","20170119","+,,W","16.7",",W,08,+","","","","","2.8",",,W,21,","28.9",",W,19,+","0.0","W","0.0",",W","5.4",",,,W","","","65",",,,W","49",",,,W","80",",,,W","","","23.07",",W","26.99",",,,W","19.15",",,,W","","","","","70",",W","60",",W","","","","","","","14.8",",W","21.9",",W","","","",""
"USW00022521","2017-02","21.32402","-157.93946","1.9","HONOLULU INTERNATIONAL AIRPORT, HI US","16.40","1,,,W","1016.2","1,,,W","1015.5","1,,,W","19.10","1,,,W","4.3",",W","283.2","W","136.2",",W","5",",W","3",",W","2",",W","","","","","0",",W","0",",W","0",",W","28",",W","0",",W","4","","1","","20170209","+,,W","","","","","1","","20170211",",,W","20170227","+,,W","16.7",",W,09,+","","","","","127.8",",,W,11,","28.9",",W,27,+","0.0","W","0.0",",W","180.9",",,,W","","","67","1,,,W","54","1,,,W","79","1,,,W","","","23.20",",W","26.65",",,,W","19.75",",,,W","","","","","70",",W","70",",W","","","","","","","13.0",",W","17.9",",W","","","",""
"USW00022521","2017-03","21.32402","-157.93946","1.9","HONOLULU INTERNATIONAL AIRPORT, HI US","18.06",",,,W","1017.4",",,,W","1016.7",",,,W","20.39",",,,W","3.7",",W","477.8","W","194.6",",W","4",",W","2",",W","1",",W","","","","","0",",W","0",",W","0",",W","31",",W","0",",W","6","","","","20170307","+,,W","","","","","1","","20170301",",,W","20170331",",,W","18.3",",W,07,+","","","","","60.7",",,W,01,","30.6",",W,31,","0.0","W","0.0",",W","69.8",",,,W","","","68",",,,W","54",",,,W","81",",,,W","","","24.61",",W","28.24",",,,W","20.99",",,,W","","","","","220",",W","220",",W","","","","","","","14.3",",W","18.3",",W","","","",""
"USW00022521","2017-04","21.32402","-157.93946","1.9","HONOLULU INTERNATIONAL AIRPORT, HI US","17.81",",,,W","1016.8",",,,W","1016.2",",,,W","20.46",",,,W","4.0",",W","691.4","W","213.6",",W","9",",W","4",",W","2",",W","","","","","0",",W","0",",W","0",",W","30",",W","0",",W","4","","","","20170430",",,W","","","","","","","20170428",",,W","20170426","+,,W","16.1",",W,30,","","","","","34.3",",,W,28,","30.6",",W,26,+","0.0","W","0.0",",W","77.6",",,,W","","","66",",,,W","50",",,,W","81",",,,W","","","25.45",",W","28.97",",,,W","21.93",",,,W","","","","","50",",W","50",",W","","","","","","","11.6",",W","14.8",",W","","","",""
"USW00022521","2017-05","21.32402","-157.93946","1.9","HONOLULU INTERNATIONAL AIRPORT, HI US","18.24",",,,W","1017.4",",,,W","1016.8",",,,W","20.81",",,,W","4.6",",W","922.7","W","231.3",",W","7",",W","2",",W","0",",W","","","","","0",",W","0",",W","0",",W","31",",W","0",",W","2","","","","20170501",",,W","","","","","","","20170523",",,W","20170503",",,W","18.3",",W,01,","","","","","3.0",",,W,23,","31.1",",W,03,","0.0","W","0.0",",W","9.3",",,,W","","","65",",,,W","49",",,,W","80",",,,W","","","25.79",",W","29.57",",,,W","22.02",",,,W","","","","","60",",W","60",",W","","","","","","","12.5",",W","16.5",",W","","","",""
"USW00022521","2017-06","21.32402","-157.93946","1.9","HONOLULU INTERNATIONAL AIRPORT, HI US","18.85",",,,W","1017.0",",,,W","1016.4",",,,W","21.41",",,,W","5.0",",W","1174.4","W","251.7",",W","8",",W","3",",W","0",",W","","","","","0",",W","0",",W","0",",W","30",",W","0",",W","4","","","","20170624","+,,W","","","","","2","","20170620",",,W","20170625","+,,W","21.7",",W,24,+","","","","","5.8",",,W,20,","31.1",",W,25,+","0.0","W","0.0",",W","13.5",",,,W","","","64",",,,W","49",",,,W","78",",,,W","","","26.72",",W","30.11",",,,W","23.33",",,,W","","","","","60",",W","60",",W","","","","","","","13.4",",W","17.4",",W","","","",""
"USW00022521","2017-07","21.32402","-157.93946","1.9","HONOLULU INTERNATIONAL AIRPORT, HI US","19.12",",,,W","1016.8",",,,W","1016.2",",,,W","21.87",",,,W","5.4",",W","1461.8","W","287.4",",W","2",",W","0",",W","0",",W","","","","","0",",W","0",",W","0",",W","31",",W","0",",W","","","","","20170711",",,W","","","","","","","20170712","+,,W","20170730","+,,W","22.8",",W,11,","","","","","0.3",",,W,12,+","31.7",",W,30,+","0.0","W","0.0",",W","0.6",",,,W","","","62",",,,W","47",",,,W","76",",,,W","","","27.60",",W","30.98",",,,W","24.22",",,,W","","","","","80",",W","60",",W","","","","","","","12.5",",W","16.5",",W","","","",""
"USW00022521","2017-08","21.32402","-157.93946","1.9","HONOLULU INTERNATIONAL AIRPORT, HI US","19.05",",,,W","1016.1",",,,W","1015.4",",,,W","21.79",",,,W","5.4",",W","1743.2","W","281.4",",W","4",",W","1",",W","1",",W","","","","","0",",W","0",",W","0",",W","31",",W","8",",W","2","","","","20170828","+,,W","","","","","1","","20170829",",,W","20170828","+,,W","21.1",",W,28,+","","","","","45.7",",,W,29,","32.8",",W,28,+","0.0","W","0.0",",W","47.1",",,,W","","","63",",,,W","46",",,,W","79",",,,W","","","27.41",",W","31.22",",,,W","23.60",",,,W","","","","","70",",W","60",",W","","","","","","","12.5",",W","16.5",",W","","","",""
"USW00022521","2017-09","21.32402","-157.93946","1.9","HONOLULU INTERNATIONAL AIRPORT, HI US","19.46",",,,W","1014.8",",,,W","1014.2",",,,W","22.10",",,,W","4.0",",W","2021.2","W","278.0",",W","2",",W","0",",W","0",",W","","","","","0",",W","0",",W","0",",W","30",",W","6",",W","1","","","","20170903",",,W","","","","","","","20170910","+,,W","20170906",",,W","22.2",",W,03,","","","","","1.3",",,W,10,+","32.8",",W,06,","0.0","W","0.0",",W","2.6",",,,W","","","63",",,,W","48",",,,W","77",",,,W","","","27.60",",W","31.41",",,,W","23.79",",,,W","","","","","60",",W","60",",W","","","","","","","13.0",",W","15.7",",W","","","",""
"USW00022521","2017-10","21.32402","-157.93946","1.9","HONOLULU INTERNATIONAL AIRPORT, HI US","19.29",",,,W","1013.7",",,,W","1013.1",",,,W","21.67",",,,W","4.5",",W","2270.2","W","249.0","2,W","14",",W","1",",W","1",",W","","","","","0","2,W","0","2,W","0",",W","31",",W","0",",W","2","","","","20171026",",2,W","","","","","1","","20171023",",,W","20171014","+,,W","20.0","2,W,26,","","","","","63.2",",,W,23,","31.7",",W,14,+","0.0","W","0.0",",W","70.9",",,,W","","","66",",,,W","51",",,,W","80",",,,W","","","26.83","2,W","30.21",",,,W","23.45","2,,,W","","","","","70",",W","60",",W","","","","","","","16.1",",W","18.8",",W","","","",""
"USW00022521","2017-11","21.32402","-157.93946","1.9","HONOLULU INTERNATIONAL AIRPORT, HI US","17.66",",,,W","1015.5",",,,W","1014.8",",,,W","20.63",",,,W","4.6",",W","2500.4","W","230.2",",W","5",",W","1",",W","0",",W","","","","","0",",W","0",",W","0",",W","30",",W","0",",W","","","","","20171121",",,W","","","","","1","","20171111",",,W","20171106","+,,W","17.2",",W,21,","","","","","9.1",",,W,11,","31.7",",W,06,+","0.0","W","0.0",",W","11.5",",,,W","","","61",",,,W","48",",,,W","75",",,,W","","","26.01",",W","29.43",",,,W","22.59",",,,W","","","","","70",",W","50",",W","","","","","","","13.9",",W","17.0",",W","","","",""
"USW00022521","2017-12","21.32402","-157.93946","1.9","HONOLULU INTERNATIONAL AIRPORT, HI US","15.89",",,,W","1015.1",",,,W","1014.5",",,,W","18.87",",,,W","3.4",",W","2665.8","W","165.4",",W","8",",W","3",",W","1",",W","","","","","0",",W","0",",W","0",",W","31",",W","0",",W","2","","","","20171207",",,W","","","","","1","","20171226",",,W","20171209","+,,W","16.7",",W,07,","","","","","68.6",",,W,26,","28.9",",W,09,+","0.0","W","0.0",",W","86.4",",,,W","","","64",",,,W","50",",,,W","78",",,,W","","","23.67",",W","27.32",",,,W","20.01",",,,W","","","","","250",",W","360",",W","","","","","","","10.7",",W","14.8",",W","","","",""
"USW00022521","2018-01","21.32402","-157.93946","1.9","HONOLULU INTERNATIONAL AIRPORT, HI US","16.97",",,,W","1016.3","1,,,W","1015.6","1,,,W","19.77",",,,W","4.1",",W","201.6","W","201.6",",W","1",",W","0",",W","0",",W","","","","","0",",W","0",",W","0",",W","31",",W","0",",W","","","","","20180130",",,W","","","","","","","20180120",",,W","20180125","+,,W","18.3",",W,30,","","","","","1.5",",,W,20,","29.4",",W,25,+","0.0","W","0.0",",W","1.5",",,,W","","","63",",,,W","50",",,,W","75",",,,W","","","24.84",",W","28.44",",,,W","21.24",",,,W","","","","","70",",W","70",",W","","","","","","","14.8",",W","20.1",",W","","","",""
"USW00022521","2018-02","21.32402","-157.93946","1.9","HONOLULU INTERNATIONAL AIRPORT, HI US","17.98","3,,,W","1013.4","3,,,W","1013.0","3,,,W","20.04","3,,,W","3.2",",W","363.7","W","162.1",",W","12",",W","7",",W","1",",W","","","","","0",",W","0",",W","0",",W","28",",W","0",",W","1","","","","20180219","+,,W","","","","","1","","20180214",",,W","20180223",",,W","17.2",",W,19,+","","","","","37.1",",,W,14,","30.0",",W,23,","0.0","W","0.0",",W","104.7",",,,W","","","71","3,,,W","58","3,,,W","83","3,,,W","","","24.12",",W","27.34",",,,W","20.90",",,,W","","","","","70",",W","70",",W","","","","","","","11.2",",W","14.3",",W","","","",""
"USW00022521","2018-03","21.32402","-157.93946","1.9","HONOLULU INTERNATIONAL AIRPORT, HI US","17.21",",,,W","1015.1",",,,W","1014.4",",,,W","19.65",",,,W","3.8",",W","536.0","W","172.3",",W","8",",W","4",",W","1",",W","","","","","0",",W","0",",W","0",",W","31",",W","0",",W","6","","","","20180310",",,W","","","","","1","","20180324",",,W","20180317",",,W","17.8",",W,10,","","","","","39.1",",,W,24,","31.1",",W,17,","0.0","W","0.0",",W","65.3",",,,W","","","68",",,,W","56",",,,W","80",",,,W","","","23.89",",W","26.94",",,,W","20.84",",,,W","","","","","80",",W","60",",W","","","","","","","11.6",",W","15.2",",W","","","",""
"USW00022521","2018-04","21.32402","-157.93946","1.9","HONOLULU INTERNATIONAL AIRPORT, HI US","18.99",",,,W","1016.2",",,,W","1015.6",",,,W","21.06",",,,W","5.0",",W","743.5","W","207.5",",W","10",",W","2",",W","0",",W","","","","","0",",W","0",",W","0",",W","30",",W","0",",W","4","","","","20180429",",,W","","","","","2","","20180402",",,W","20180413",",,W","17.2",",W,29,","","","","","17.3",",,W,02,","30.0",",W,13,","0.0","W","0.0",",W","30.4",",,,W","","","71",",,,W","59",",,,W","83",",,,W","","","25.25",",W","28.09",",,,W","22.41",",,,W","","","","","70",",W","70",",W","","","","","","","13.0",",W","16.1",",W","","","",""
"USW00022521","2018-05","21.32402","-157.93946","1.9","HONOLULU INTERNATIONAL AIRPORT, HI US","18.59",",,,W","1017.5",",,,W","1016.9",",,,W","21.03",",,,W","5.0",",W","978.5","W","235.0",",W","4",",W","1",",W","0",",W","","","","","0",",W","0",",W","0",",W","31",",W","0",",W","","","","","20180501",",,W","","","","","","","20180502",",,W","20180517",",,W","18.3",",W,01,","","","","","5.3",",,W,02,","31.1",",W,17,","0.0","W","0.0",",W","6.4",",,,W","","","66",",,,W","53",",,,W","79",",,,W","","","25.91",",W","29.18",",,,W","22.65",",,,W","","","","","70",",W","70",",W","","","","","","","13.9",",W","17.9",",W","","","",""
"USW00022521","2018-06","21.32402","-157.93946","1.9","HONOLULU INTERNATIONAL AIRPORT, HI US","19.15",",,,W","1016.5",",,,W","1015.9",",,,W","21.80",",,,W","5.4",",W","1242.5","W","264.0",",W","5",",W","0",",W","0",",W","","","","","0",",W","0",",W","0",",W","30",",W","3",",W","1","","","","20180614",",,W","","","","","","","20180613",",,W","20180620","+,,W","20.6",",W,14,","","","","","2.0",",,W,13,","32.2",",W,20,+","0.0","W","0.0",",W","3.9",",,,W","","","64",",,,W","47",",,,W","79",",,,W","","","27.13",",W","30.78",",,,W","23.49",",,,W","","","","","60",",W","70",",W","","","","","","","11.6",",W","17.4",",W","","","",""
"USW00022521","2018-07","21.32402","-157.93946","1.9","HONOLULU INTERNATIONAL AIRPORT, HI US","20.08",",,,W","1015.9",",,,W","1015.3",",,,W","22.58",",,,W","5.6",",W","1545.6","W","303.1",",W","5",",W","1",",W","0",",W","","","","","0",",W","0",",W","0",",W","31",",W","7",",W","3","","","","20180702",",,W","","","","","","","20180723",",,W","20180731",",,W","22.8",",W,02,","","","","","3.0",",,W,23,","32.8",",W,31,","0.0","W","0.0",",W","5.9",",,,W","","","64",",,,W","50",",,,W","77",",,,W","","","28.11",",W","31.50",",,,W","24.73",",,,W","","","","","70",",W","60",",W","","","","","","","11.6",",W","16.5",",W","","","",""
"USW00022521","2018-08","21.32402","-157.93946","1.9","HONOLULU INTERNATIONAL AIRPORT, HI US","20.53",",,,W","1014.5",",,,W","1013.8",",,,W","22.85",",,,W","5.7",",W","1854.3","W","308.7",",W","9",",W","2",",W","0",",W","","","","","0",",W","0",",W","0",",W","31",",W","15",",W","6","","","","20180828","+,,W","","","","","","","20180828",",,W","20180819","+,,W","23.3",",W,28,+","","","","","14.2",",,W,28,","33.3",",W,19,+","0.0","W","0.0",",W","26.0",",,,W","","","65",",,,W","51",",,,W","79",",,,W","","","28.29",",W","31.60",",,,W","24.98",",,,W","","","","","60",",W","50",",W","","","","","","","14.8",",W","20.1",",W","","","",""
"USW00022521","2018-09","21.32402","-157.93946","1.9","HONOLULU INTERNATIONAL AIRPORT, HI US","21.26",",,,W","1012.8",",,,W","1012.2",",,,W","23.22",",,,W","4.1",",W","2128.9","W","274.6",",W","9",",W","3",",W","0",",W","","","","","0",",W","0",",W","0",",W","30",",W","5",",W","8","","","","20180919","+,,W","","","","","","","20180913",",,W","20180929","+,,W","22.2",",W,19,+","","","","","19.6",",,W,13,","32.8",",W,29,+","0.0","W","0.0",",W","45.3",",,,W","","","71",",,,W","57",",,,W","84",",,,W","","","27.49",",W","30.84",",,,W","24.13",",,,W","","","","","40",",W","50",",W","","","","","","","13.4",",W","18.3",",W","","","",""
"USW00022521","2018-10","21.32402","-157.93946","1.9","HONOLULU INTERNATIONAL AIRPORT, HI US","20.92",",,,W","1013.7",",,,W","1013.1",",,,W","22.81",",,,W","3.6",",W","2395.8","W","266.9",",W","11",",W","6",",W","1",",W","","","","","0",",W","0",",W","0",",W","31",",W","1",",W","7","","","","20181014",",,W","","","","","","","20181030",",,W","20181008",",,W","20.6",",W,14,","","","","","78.5",",,W,30,","32.2",",W,08,","0.0","W","0.0",",W","117.5",",,,W","","","72",",,,W","57",",,,W","86",",,,W","","","26.94",",W","30.25",",,,W","23.64",",,,W","","","","","50",",W","50",",W","","","","","","","10.3",",W","13.4",",W","","","",""
"USW00022521","2018-11","21.32402","-157.93946","1.9","HONOLULU INTERNATIONAL AIRPORT, HI US","19.51",",,,W","1015.6",",,,W","1015.0",",,,W","21.36",",,,W","3.8",",W","2603.7","W","207.9",",W","11",",W","1",",W","0",",W","","","","","0",",W","0",",W","0",",W","30",",W","0",",W","8","","","","20181129","+,,W","","","","","","","20181130",",,W","20181126","+,,W","19.4",",W,29,+","","","","","3.0",",,W,30,","30.0",",W,26,+","0.0","W","0.0",",W","9.3",",,,W","","","72",",,,W","57",",,,W","87",",,,W","","","25.26",",W","28.58",",,,W","21.94",",,,W","","","","","60",",W","50","1,W","","","","","","","11.6",",W","15.7","1,W","","","",""
"USW00022521","2018-12","21.32402","-157.93946","1.9","HONOLULU INTERNATIONAL AIRPORT, HI US","17.92",",,,W","1017.4",",,,W","1016.9",",,,W","20.29",",,,W","4.9",",W","2803.8","W","200.1",",W","13",",W","2",",W","0",",W","","","","","0",",W","0",",W","0",",W","31",",W","0",",W","6","","","","20181218",",,W","","","","","","","20181228",",,W","20181231",",,W","18.3",",W,18,","","","","","5.6",",,W,28,","30.0",",W,31,","0.0","W","0.0",",W","15.7",",,,W","","","68",",,,W","54",",,,W","81",",,,W","","","24.79",",W","27.99",",,,W","21.59",",,,W","","","","","70",",W","60",",W","","","","","","","12.5",",W","17.0",",W","","","",""
"USW00022521","2019-01","21.32402","-157.93946","1.9","HONOLULU INTERNATIONAL AIRPORT, HI US","16.60",",,,W","1016.5",",,,W","1015.8",",,,W","19.32",",,,W","3.8",",W","180.2","W","180.2",",W","6",",W","1",",W","0",",W","","","","","0",",W","0",",W","0",",W","31",",W","0",",W","1","","","","20190128","+,,W","","","","","","","20190117",",,W","20190125","+,,W","18.3",",W,28,+","","","","","4.3",",,W,17,","29.4",",W,25,+","0.0","W","0.0",",W","8.5",",,,W","","","64",",,,W","49",",,,W","78",",,,W","","","24.15",",W","28.05",",,,W","20.24",",,,W","","","","","360",",W","70",",W","","","","","","","11.6",",W","16.1",",W","","","",""
"USW00022521","2019-02","21.32402","-157.93946","1.9","HONOLULU INTERNATIONAL AIRPORT, HI US","15.91",",,,W","1013.8",",,,W","1013.2",",,,W","18.36",",,,W","3.8",",W","293.2","W","113.0",",W","16",",W","9",",W","0",",W","","","","","0",",W","0",",W","0",",W","28",",W","0",",W","7","","","","20190214","+,,W","","","","","1","","20190219",",,W","20190207",",,W","16.1",",W,14,+","","","","","13.5",",,W,19,","28.9",",W,07,","0.0","W","0.0",",W","55.2",",,,W","","","69",",,,W","51",",,,W","86",",,,W","","","22.37",",W","26.49",",,,W","18.24",",,,W","","","","","280",",W","280",",W","","","","","","","17.4",",W","21.5",",W","","","",""
"USW00022521","2019-03","21.32402","-157.93946","1.9","HONOLULU INTERNATIONAL AIRPORT, HI US","15.89",",,,W","1017.8",",,,W","1017.2",",,,W","18.75",",,,W","4.5",",W","456.8","W","163.6",",W","6",",W","0",",W","0",",W","","","","","0",",W","0",",W","0",",W","31",",W","0",",W","2","","","","20190302",",,W","","","","","","","20190313","+,,W","20190315",",,W","16.1",",W,02,","","","","","0.5",",,W,13,+","30.0",",W,15,","0.0","W","0.0",",W","2.2",",,,W","","","63",",,,W","47",",,,W","82",",,,W","","","23.61",",W","28.00",",,,W","19.22",",,,W","","","","","50",",W","40",",W","","","","","","","12.5",",W","17.0",",W","","","",""
"USW00022521","2019-04","21.32402","-157.93946","1.9","HONOLULU INTERNATIONAL AIRPORT, HI US","17.79",",,,W","1018.1",",,,W","1017.5",",,,W","20.29",",,,W","4.9",",W","657.4","W","200.6",",W","7",",W","0",",W","0",",W","","","","","0",",W","0",",W","0",",W","30",",W","0",",W","5","","","","20190406","+,,W","","","","","","","20190413",",,W","20190409",",,W","17.8",",W,06,+","","","","","2.0",",,W,13,","31.1",",W,09,","0.0","W","0.0",",W","5.2",",,,W","","","66",",,,W","50",",,,W","84",",,,W","","","25.02",",W","29.27",",,,W","20.77",",,,W","","","","","70",",W","70",",W","","","","","","","13.9",",W","17.4",",W","","","",""
"USW00022521","2019-05","21.32402","-157.93946","1.9","HONOLULU INTERNATIONAL AIRPORT, HI US","19.08",",,,W","1015.9",",,,W","1015.2",",,,W","21.60",",,,W","3.8",",W","912.7","W","255.3",",W","5",",W","1",",W","0",",W","","","","","0",",W","0",",W","0",",W","31",",W","5",",W","5","","","","20190505",",,W","","","","","","","20190504",",,W","20190529","+,,W","18.3",",W,05,","","","","","6.1",",,W,04,","32.8",",W,29,+","0.0","W","0.0",",W","7.8",",,,W","","","65",",,,W","50",",,,W","83",",,,W","","","26.57",",W","30.67",",,,W","22.47",",,,W","","","","","240",",W","250",",W","","","","","","","13.9",",W","16.5",",W","","","",""
"USW00022521","2019-06","21.32402","-157.93946","1.9","HONOLULU INTERNATIONAL AIRPORT, HI US","20.22",",,,W","1015.3",",,,W","1014.7",",,,W","22.70",",,,W","4.3",",W","1191.4","W","278.7",",W","10",",W","2",",W","2",",W","","","","","0",",W","0",",W","0",",W","30",",W","12",",W","8","","","","20190622",",,W","","","","","1","","20190625",",,W","20190619","+,,W","21.1",",W,22,","","","","","106.7",",,W,25,","33.3",",W,19,+","0.0","W","0.0",",W","144.5",",,,W","","","66",",,,W","51",",,,W","82",",,,W","","","27.62",",W","31.36",",,,W","23.88",",,,W","","","","","70",",W","60",",W","","","","","","","11.2",",W","15.2",",W","","","",""
"USW00022521","2019-07","21.32402","-157.93946","1.9","HONOLULU INTERNATIONAL AIRPORT, HI US","20.35",",,,W","1015.4",",,,W","1014.9",",,,W","23.03",",,,W","5.4",",W","1520.5","W","329.1",",W","1",",W","1",",W","0",",W","","","","","0",",W","0",",W","0",",W","31",",W","25",",W","1","","","","20190704","+,,W","","","","","","","20190711",",,W","20190716","+,,W","23.9",",W,04,+","","","","","3.0",",,W,11,","33.3",",W,16,+","0.0","W","0.0",",W","3.0",",,,W","","","62",",,,W","48",",,,W","75",",,,W","","","28.95",",W","32.27",",,,W","25.62",",,,W","","","","","70",",W","80",",W","","","","","","","13.0",",W","16.5",",W","","","",""
"USW00022521","2019-08","21.32402","-157.93946","1.9","HONOLULU INTERNATIONAL AIRPORT, HI US","20.48","1,,,W","1014.8","1,,,W","1014.2","1,,,W","23.13","1,,,W","4.5",",W","1852.2","W","331.7",",W","4",",W","1",",W","0",",W","","","","","0",",W","0",",W","0",",W","31",",W","27",",W","","","","","20190808",",,W","","","","","","","20190805",",,W","20190831",",,W","21.1",",W,08,","","","","","3.6",",,W,05,","35.0",",W,31,","0.0","W","0.0",",W","4.7",",,,W","","","63",",,,W","48",",,,W","77",",,,W","","","29.03",",W","32.77",",,,W","25.30",",,,W","","","","","70",",W","70",",W","","","","","","","13.0",",W","16.5",",W","","","",""
"USW00022521","2019-09","21.32402","-157.93946","1.9","HONOLULU INTERNATIONAL AIRPORT, HI US","20.78",",,,W","1014.4",",,,W","1013.7",",,,W","23.09",",,,W","4.6",",W","2150.4","W","298.2",",W","8",",W","3",",W","1",",W","","","","","0",",W","0",",W","0",",W","30",",W","18",",W","6","","","","20190922",",,W","","","","","1","","20190925",",,W","20190915","+,,W","17.8",",W,22,","","","","","28.2",",,W,25,","33.9",",W,15,+","0.0","W","0.0",",W","54.3",",,,W","","","66",",,,W","52",",,,W","81",",,,W","","","28.27",",W","31.74",",,,W","24.81",",,,W","","","","","70",",W","60","1,W","","","","","","","11.6",",W","16.1","1,W","","","",""
"USW00022521","2019-10","21.32402","-157.93946","1.9","HONOLULU INTERNATIONAL AIRPORT, HI US","20.46",",,,W","1013.9",",,,W","1013.3",",,,W","22.74",",,,W","4.0",",W","2444.7","W","294.3",",W","9",",W","2",",W","0",",W","","","","","0",",W","0",",W","0",",W","31",",W","8",",W","4","","","","20191006",",,W","","","","","1","","20191011",",,W","20191026","+,,W","21.7",",W,06,","","","","","20.3",",,W,11,","32.8",",W,26,+","0.0","W","0.0",",W","29.3",",,,W","","","67",",,,W","52",",,,W","82",",,,W","","","27.83",",W","31.41",",,,W","24.25",",,,W","","","","","60",",W","70",",W","","","","","","","11.2",",W","14.3",",W","","","",""
"USW00022521","2019-11","21.32402","-157.93946","1.9","HONOLULU INTERNATIONAL AIRPORT, HI US","19.70",",,,W","1014.0",",,,W","1013.4",",,,W","21.89",",,,W","3.6",",W","2691.5","W","246.8",",W","6",",W","3",",W","1",",W","","","","","0",",W","0",",W","0",",W","30",",W","0",",W","2","","","","20191109",",,W","","","","","2","","20191119",",,W","20191113","+,,W","20.6",",W,09,","","","","","43.9",",,W,19,","31.7",",W,13,+","0.0","W","0.0",",W","65.6",",,,W","","","68",",,,W","53",",,,W","82",",,,W","","","26.56",",W","30.19",",,,W","22.93",",,,W","","","","","60",",W","50",",W","","","","","","","13.4",",W","17.0",",W","","","",""
"USW00022521","2019-12","21.32402","-157.93946","1.9","HONOLULU INTERNATIONAL AIRPORT, HI US","18.72","3,,,W","1015.3","3,,,W","1014.7","3,,,W","20.99","3,,,W","4.5",",W","2905.0","W","213.5",",W","7",",W","5",",W","0",",W","","","","","0",",W","0",",W","0",",W","31",",W","0",",W","7","","","","20191210","+,,W","","","","","","","20191225",",,W","20191229","+,,W","20.0",",W,10,+","","","","","14.0",",,W,25,","29.4",",W,29,+","0.0","W","0.0",",W","43.0",",,,W","","","68","3,,,W","54","3,,,W","83","3,,,W","","","25.22",",W","28.52",",,,W","21.92",",,,W","","","","","170",",W","70",",W","","","","","","","13.4",",W","18.3",",W","","","",""
"USW00022521","2020-01","21.32402","-157.93946","1.9","HONOLULU INTERNATIONAL AIRPORT, HI US","17.59",",,,W","1017.3",",,,W","1016.7",",,,W","19.91",",,,W","4.5",",W","184.0","W","184.0",",W","8",",W","4",",W","0",",W","","","","","0",",W","0",",W","0",",W","31",",W","0",",W","5","","","","20200128","+,,W","","","","","","","20200112",",,W","20200126",",,W","17.8",",W,28,+","","","","","14.2",",,W,12,","29.4",",W,26,","0.0","W","0.0",",W","28.7",",,,W","","","68",",,,W","54",",,,W","82",",,,W","","","24.27",",W","27.67",",,,W","20.86",",,,W","","","","","60",",W","60",",W","","","","","","","16.1",",W","20.6",",W","","","",""
"USW00022521","2020-02","21.32402","-157.93946","1.9","HONOLULU INTERNATIONAL AIRPORT, HI US","16.06",",,,W","1016.4",",,,W","1015.7",",,,W","18.90",",,,W","5.3",",W","343.1","W","159.1",",W","10",",W","4",",W","0",",W","","","","","0",",W","0",",W","0",",W","29",",W","0",",W","1","","","","20200208",",,W","","","","","","","20200205",",,W","20200213",",,W","15.6",",W,08,","","","","","9.4",",,W,05,","30.6",",W,13,","0.0","W","0.0",",W","22.5",",,,W","","","64",",,,W","48",",,,W","79",",,,W","","","23.82",",W","27.52",",,,W","20.11",",,,W","","","","","60",",W","70",",W","","","","","","","14.8",",W","20.6",",W","","","",""
"USW00022521","2020-03","21.32402","-157.93946","1.9","HONOLULU INTERNATIONAL AIRPORT, HI US","17.48",",,,W","1017.8",",,,W","1017.1",",,,W","19.73",",,,W","4.7",",W","515.5","W","172.4",",W","16",",W","5",",W","1",",W","","","","","0",",W","0",",W","0",",W","31",",W","0",",W","8","","","","20200311",",,W","","","","","","","20200317",",,W","20200305","+,,W","18.3",",W,11,","","","","","61.5",",,W,17,","28.9",",W,05,+","0.0","W","0.0",",W","95.9",",,,W","","","70",",,,W","57",",,,W","83",",,,W","","","23.89",",W","27.21",",,,W","20.58",",,,W","","","","","60",",W","80",",W","","","","","","","14.3",",W","18.8",",W","","","",""
"USW00022521","2020-04","21.32402","-157.93946","1.9","HONOLULU INTERNATIONAL AIRPORT, HI US","17.83",",,,W","1017.1",",,,W","1016.5",",,,W","20.34",",,,W","3.9",",W","710.4","W","194.9",",W","6",",W","3",",W","1",",W","","","","","0",",W","0",",W","0",",W","30",",W","0",",W","4","","","","20200409","+,,W","","","","","1","","20200414",",,W","20200417","+,,W","18.9",",W,09,+","","","","","40.6",",,W,14,","30.0",",W,17,+","0.0","W","0.0",",W","65.1",",,,W","","","66",",,,W","52",",,,W","81",",,,W","","","24.83",",W","28.37",",,,W","21.29",",,,W","","","","","70",",W","70",",W","","","","","","","11.2",",W","15.7",",W","","","",""
"USW00022521","2020-05","21.32402","-157.93946","1.9","HONOLULU INTERNATIONAL AIRPORT, HI US","17.53",",,,W","1018.3",",,,W","1017.7",",,,W","20.52",",,,W","4.7",",W","951.1","W","240.7",",W","7",",W","2",",W","0",",W","","","","","0",",W","0",",W","0",",W","31",",W","0",",W","1","","","","20200509","+,,W","","","","","","","20200527",",,W","20200531","+,,W","20.6",",W,09,+","","","","","8.4",",,W,27,","31.1",",W,31,+","0.0","W","0.0",",W","14.2",",,,W","","","61",",,,W","46",",,,W","76",",,,W","","","26.10",",W","29.86",",,,W","22.33",",,,W","","","","","70",",W","60",",W","","","","","","","12.5",",W","15.7",",W","","","",""
"USW00022521","2020-06","21.32402","-157.93946","1.9","HONOLULU INTERNATIONAL AIRPORT, HI US","18.59",",,,W","1017.2",",,,W","1016.6",",,,W","21.49",",,,W","5.4",",W","1222.7","W","271.6",",W","1",",W","1",",W","0",",W","","","","","0",",W","0",",W","0",",W","30",",W","1",",W","2","","","","20200623",",,W","","","","","","","20200616",",,W","20200624",",,W","22.2",",W,23,","","","","","2.5",",,W,16,","32.2",",W,24,","0.0","W","0.0",",W","2.5",",,,W","","","61",",,,W","46",",,,W","76",",,,W","","","27.39",",W","31.03",",,,W","23.74",",,,W","","","","","60",",W","70",",W","","","","","","","13.4",",W","17.9",",W","","","",""
"USW00022521","2020-07","21.32402","-157.93946","1.9","HONOLULU INTERNATIONAL AIRPORT, HI US","19.19",",,,W","1015.9",",,,W","1015.3",",,,W","22.02",",,,W","5.2",",W","1512.7","W","290.0",",W","11",",W","3",",W","0",",W","","","","","0",",W","0",",W","0",",W","31",",W","9",",W","4","","","","20200705","+,,W","","","","","","","20200704",",,W","20200718",",,W","22.2",",W,05,+","","","","","9.1",",,W,04,","32.8",",W,18,","0.0","W","0.0",",W","19.9",",,,W","","","62",",,,W","47",",,,W","79",",,,W","","","27.69",",W","31.41",",,,W","23.97",",,,W","","","","","80",",W","70",",W","","","","","","","13.4",",W","17.4",",W","","","",""
"USW00022521","2020-08","21.32402","-157.93946","1.9","HONOLULU INTERNATIONAL AIRPORT, HI US","18.94",",,,W","1015.9",",,,W","1015.2",",,,W","21.95",",,,W","5.5",",W","1824.6","W","311.9",",W","3",",W","1",",W","0",",W","","","","","0",",W","0",",W","0",",W","31",",W","19",",W","1","","","","20200803",",,W","","","","","","","20200828",",,W","20200825",",,W","22.8",",W,03,","","","","","2.5",",,W,28,","33.3",",W,25,","0.0","W","0.0",",W","3.3",",,,W","","","59",",,,W","44",",,,W","73",",,,W","","","28.39",",W","31.98",",,,W","24.80",",,,W","","","","","80",",W","80",",W","","","","","","","12.5",",W","15.7",",W","","","",""
"USW00022521","2020-09","21.32402","-157.93946","1.9","HONOLULU INTERNATIONAL AIRPORT, HI US","18.69",",,,W","1015.7",",,,W","1015.1",",,,W","21.72",",,,W","4.8",",W","2114.8","W","290.2",",W","5",",W","0",",W","0",",W","","","","","0",",W","0",",W","0",",W","30",",W","20",",W","1","","","","20200921",",,W","","","","","","","20200921","+,,W","20200929",",,W","20.6",",W,21,","","","","","0.8",",,W,21,+","33.9",",W,29,","0.0","W","0.0",",W","2.7",",,,W","","","60",",,,W","43",",,,W","75",",,,W","","","28.01",",W","31.96",",,,W","24.05",",,,W","","","","","70",",W","60",",W","","","","","","","13.0",",W","17.4",",W","","","",""
"USW00022521","2020-10","21.32402","-157.93946","1.9","HONOLULU INTERNATIONAL AIRPORT, HI US","20.49",",,,W","1013.5",",,,W","1012.8",",,,W","22.47",",,,W","3.0",",W","2372.2","W","257.4",",W","11",",W","4",",W","1",",W","","","","","0",",W","0",",W","0",",W","31",",W","2",",W","3","","","","20201003",",,W","","","","","","","20201021",",,W","20201007",",,W","19.4",",W,03,","","","","","57.4",",,W,21,","32.8",",W,07,","0.0","W","0.0",",W","81.3",",,,W","","","70",",,,W","56",",,,W","85",",,,W","","","26.64",",W","30.35",",,,W","22.93",",,,W","","","","","70",",W","70",",W","","","","","","","11.2",",W","13.0",",W","","","",""
"USW00022521","2020-11","21.32402","-157.93946","1.9","HONOLULU INTERNATIONAL AIRPORT, HI US","19.00",",,,W","1017.1",",,,W","1016.5",",,,W","21.45",",,,W","4.8",",W","2619.7","W","247.5",",W","6",",W","0",",W","0",",W","","","","","0",",W","0",",W","0",",W","30",",W","0",",W","1","","","","20201130","+,,W","","","","","","","20201118",",,W","20201103",",,W","20.6",",W,30,+","","","","","1.3",",,W,18,","31.7",",W,03,","0.0","W","0.0",",W","4.2",",,,W","","","65",",,,W","51",",,,W","79",",,,W","","","26.58",",W","30.01",",,,W","23.16",",,,W","","","","","80",",W","70",",W","","","","","","","13.4",",W","17.4",",W","","","",""
"USW00022521","2020-12","21.32402","-157.93946","1.9","HONOLULU INTERNATIONAL AIRPORT, HI US","18.27",",,,W","1017.2",",,,W","1016.5",",,,W","20.69",",,,W","3.8",",W","2832.4","W","212.7",",W","5",",W","1",",W","0",",W","","","","","0",",W","0",",W","0",",W","31",",W","0",",W","2","","","","20201202",",,W","","","","","","","20201226",",,W","20201207","+,,W","17.8",",W,02,","","","","","3.8",",,W,26,","30.6",",W,07,+","0.0","W","0.0",",W","7.9",",,,W","","","67",",,,W","51",",,,W","82",",,,W","","","25.19",",W","29.00",",,,W","21.38",",,,W","","","","","70",",W","70",",W","","","","","","","14.8",",W","18.3",",W","","","",""
"USW00022521","2021-01","21.32402","-157.93946","1.9","HONOLULU INTERNATIONAL AIRPORT, HI US","17.55",",,,W","1017.1",",,,W","1016.5",",,,W","20.01",",,,W","4.5",",W","199.8","W","199.8",",W","6",",W","2",",W","1",",W","","","","","0",",W","0",",W","0",",W","31",",W","0",",W","4","","","","20210108",",,W","","","","","","","20210125",",,W","20210115",",,W","18.3",",W,08,","","","","","71.4",",,W,25,","30.0",",W,15,","0.0","W","0.0",",W","82.2",",,,W","","","66",",,,W","51",",,,W","80",",,,W","","","24.78",",W","28.19",",,,W","21.36",",,,W","","","","","80",",W","80",",W","","","","","","","13.0",",W","16.5",",W","","","",""
"USW00022521","2021-02","21.32402","-157.93946","1.9","HONOLULU INTERNATIONAL AIRPORT, HI US","16.58",",,,W","1016.5",",,,W","1015.8",",,,W","19.14",",,,W","4.2",",W","345.0","W","145.2",",W","10",",W","3",",W","0",",W","","","","","0",",W","0",",W","0",",W","28",",W","0",",W","8","","","","20210210","+,,W","","","","","1","","20210203",",,W","20210202",",,W","15.6",",W,10,+","","","","","14.0",",,W,03,","30.0",",W,02,","0.0","W","0.0",",W","39.2",",,,W","","","67",",,,W","52",",,,W","84",",,,W","","","23.52",",W","27.39",",,,W","19.65",",,,W","","","","","260",",W","250",",W","","","","","","","16.1",",W","19.2",",W","","","",""
"USW00022521","2021-03","21.32402","-157.93946","1.9","HONOLULU INTERNATIONAL AIRPORT, HI US","17.26",",,,W","1017.8",",,,W","1017.2",",,,W","19.48",",,,W","4.7",",W","505.5","W","160.5",",W","18",",W","9",",W","1",",W","","","","","0",",W","0",",W","0",",W","31",",W","0",",W","14","","","","20210311",",,W","","","","","1","","20210310",",,W","20210327","+,,W","17.2",",W,11,","","","","","26.2",",,W,10,","29.4",",W,27,+","0.0","W","0.0",",W","107.3",",,,W","","","71",",,,W","56",",,,W","86",",,,W","","","23.51",",W","26.88",",,,W","20.14",",,,W","","","","","70",",W","70",",W","","","","","","","13.4",",W","18.3",",W","","","",""
"USW00022521","2021-04","21.32402","-157.93946","1.9","HONOLULU INTERNATIONAL AIRPORT, HI US","15.96","1,,,W","1017.1","1,,,W","1016.5","1,,,W","19.14","1,,,W","4.3",",W","693.4","W","187.9",",W","2",",W","2",",W","0",",W","","","","","0",",W","0",",W","0",",W","30",",W","0",",W","1","","","","20210412",",,W","","","","","","","20210411",",,W","20210421",",,W","17.8",",W,12,","","","","","8.1",",,W,11,","31.1",",W,21,","0.0","W","0.0",",W","11.1",",,,W","","","61","1,,,W","46","1,,,W","77","1,,,W","","","24.60",",W","28.35",",,,W","20.84",",,,W","","","","","50",",W","40","1,W","","","","","","","12.5",",W","16.5","1,W","","","",""
"USW00022521","2021-05","21.32402","-157.93946","1.9","HONOLULU INTERNATIONAL AIRPORT, HI US","17.44",",,,W","1017.7",",,,W","1017.1",",,,W","20.44",",,,W","4.8",",W","937.4","W","244.0",",W","2",",W","0",",W","0",",W","","","","","0",",W","0",",W","0",",W","31",",W","0",",W","","","","","20210529","+,,W","","","","","","","20210515",",,W","20210527","+,,W","21.7",",W,29,+","","","","","0.5",",,W,15,","31.7",",W,27,+","0.0","W","0.0",",W","0.8",",,,W","","","61",",,,W","47",",,,W","74",",,,W","","","26.20",",W","29.78",",,,W","22.62",",,,W","","","","","80",",W","70",",W","","","","","","","13.0",",W","15.7",",W","","","",""
"USW00022521","2021-06","21.32402","-157.93946","1.9","HONOLULU INTERNATIONAL AIRPORT, HI US","17.73",",,,W","1017.8",",,,W","1017.1",",,,W","20.96",",,,W","4.8",",W","1199.8","W","262.4",",W","3",",W","0",",W","0",",W","","","","","0",",W","0",",W","0",",W","30",",W","2",",W","","","","","20210625",",,W","","","","","","","20210617",",,W","20210627","+,,W","21.7",",W,25,","","","","","1.0",",,W,17,","32.2",",W,27,+","0.0","W","0.0",",W","1.6",",,,W","","","59",",,,W","43",",,,W","75",",,,W","","","27.08",",W","30.98",",,,W","23.18",",,,W","","","","","70",",W","50",",W","","","","","","","13.0",",W","18.8",",W","","","",""
"USW00022521","2021-07","21.32402","-157.93946","1.9","HONOLULU INTERNATIONAL AIRPORT, HI US","18.74",",,,W","1016.9",",,,W","1016.3",",,,W","21.59",",,,W","6.1",",W","1489.5","W","289.7",",W","5",",W","0",",W","0",",W","","","","","0",",W","0",",W","0",",W","31",",W","2",",W","1","","","","20210707",",,W","","","","","","","20210715","+,,W","20210729","+,,W","22.2",",W,07,","","","","","0.5",",,W,15,+","32.2",",W,29,+","0.0","W","0.0",",W","2.1",",,,W","","","61",",,,W","47",",,,W","74",",,,W","","","27.68",",W","31.03",",,,W","24.33",",,,W","","","","","80",",W","70",",W","","","","","","","13.0",",W","17.4",",W","","","",""
"USW00022521","2021-08","21.32402","-157.93946","1.9","HONOLULU INTERNATIONAL AIRPORT, HI US","18.42",",,,W","1016.7",",,,W","1016.1",",,,W","21.43",",,,W","5.1",",W","1772.8","W","283.3",",W","7",",W","1",",W","0",",W","","","","","0",",W","0",",W","0",",W","31",",W","6",",W","1","","","","20210818",",,W","","","","","","","20210816",",,W","20210811","+,,W","21.1",",W,18,","","","","","3.3",",,W,16,","32.8",",W,11,+","0.0","W","0.0",",W","7.5",",,,W","","","61",",,,W","45",",,,W","75",",,,W","","","27.47",",W","31.26",",,,W","23.68",",,,W","","","","","80",",W","70",",W","","","","","","","13.0",",W","16.5",",W","","","",""
"USW00022521","2021-09","21.32402","-157.93946","1.9","HONOLULU INTERNATIONAL AIRPORT, HI US","18.49",",,,W","1016.5",",,,W","1016.0",",,,W","21.43",",,,W","5.2",",W","2049.5","W","276.7",",W","5",",W","0",",W","0",",W","","","","","0",",W","0",",W","0",",W","30",",W","5",",W","1","","","","20210915","+,,W","","","","","","","20210924",",,W","20210926","+,,W","22.2",",W,15,+","","","","","1.0",",,W,24,","32.2",",W,26,+","0.0","W","0.0",",W","3.1",",,,W","","","61",",,,W","45",",,,W","75",",,,W","","","27.56",",W","31.37",",,,W","23.74",",,,W","","","","","60",",W","50",",W","","","","","","","13.4",",W","16.5",",W","","","",""
"USW00022521","2021-10","21.32402","-157.93946","1.9","HONOLULU INTERNATIONAL AIRPORT, HI US","18.15",",,,W","1016.8",",,,W","1016.1",",,,W","21.04",",,,W","5.5",",W","2314.0","W","264.5",",W","4",",W","0",",W","0",",W","","","","","0",",W","0",",W","0",",W","31",",W","0",",W","","","","","20211031","+,,W","","","","","","","20211024",",,W","20211005","+,,W","20.6",",W,31,+","","","","","0.5",",,W,24,","31.7",",W,05,+","0.0","W","0.0",",W","1.4",",,,W","","","62",",,,W","47",",,,W","75",",,,W","","","26.87",",W","30.47",",,,W","23.26",",,,W","","","","","60",",W","60",",W","","","","","","","13.4",",W","18.3",",W","","","",""
"USW00022521","2021-11","21.32402","-157.93946","1.9","HONOLULU INTERNATIONAL AIRPORT, HI US","18.39",",,,W","1016.1",",,,W","1015.5",",,,W","20.93",",,,W","3.7",",W","2534.7","W","220.7",",W","6",",W","0",",W","0",",W","","","","","0",",W","0",",W","0",",W","30",",W","0",",W","","","","","20211128","+,,W","","","","","","","20211116",",,W","20211119","+,,W","20.0",",W,28,+","","","","","0.8",",,W,16,","31.1",",W,19,+","0.0","W","0.0",",W","2.5",",,,W","","","66",",,,W","51",",,,W","80",",,,W","","","25.69",",W","29.47",",,,W","21.91",",,,W","","","","","70",",W","80",",W","","","","","","","12.5",",W","15.2",",W","","","",""
"USW00022521","2021-12","21.32402","-157.93946","1.9","HONOLULU INTERNATIONAL AIRPORT, HI US","17.74",",,,W","1014.7",",,,W","1014.1",",,,W","19.87",",,,W","4.8",",W","2694.1","W","159.4","1,W","14",",W","8",",W","1",",W","","","","","0","1,W","0","1,W","0",",W","30",",W","0",",W","7","","","","20211204",",1,W","","","","","","","20211206",",,W","20211201",",,W","13.3","1,W,04,","","","","","201.2",",,W,06,","30.0",",W,01,","1.1","W","1.1",",W","284.6",",,,W","","","71",",,,W","57",",,,W","85",",,,W","","","23.58","1,W","26.84",",,,W","20.31","1,,,W","","","","","160",",W","160",",W","","","","","","","13.9",",W","18.3",",W","","","",""
"USW00022521","2022-01","21.32402","-157.93946","1.9","HONOLULU INTERNATIONAL AIRPORT, HI US","17.65",",,,W","1015.6",",,,W","1015.0",",,,W","19.61",",,,W","2.6",",W","141.5","W","141.5",",W","8",",W","6",",W","2",",W","","","","","0",",W","0",",W","0",",W","31",",W","0",",W","5","","","","20220108",",,W","","","","","1","","20220101",",,W","20220121",",,W","17.2",",W,08,","","","","","84.6",",,W,01,","28.9",",W,21,","1.1","W","0.0",",W","161.0",",,,W","","","73",",,,W","59",",,,W","87",",,,W","","","22.90",",W","26.68",",,,W","19.12",",,,W","","","","","230",",W","240",",W","","","","","","","13.0",",W","16.1",",W","","","",""
"USW00022521","2022-02","21.32402","-157.93946","1.9","HONOLULU INTERNATIONAL AIRPORT, HI US","16.63",",,,W","1016.7",",,,W","1016.0",",,,W","19.14",",,,W","3.5",",W","296.4","W","154.9",",W","2",",W","0",",W","0",",W","","","","","0",",W","0",",W","0",",W","28",",W","0",",W","1","","","","20220214",",,W","","","","","","","20220215",",,W","20220225","+,,W","16.1",",W,14,","","","","","1.0",",,W,15,","29.4",",W,25,+","1.1","W","0.0",",W","1.3",",,,W","","","66",",,,W","48",",,,W","82",",,,W","","","23.87",",W","28.01",",,,W","19.72",",,,W","","","","","70",",W","70",",W","","","","","","","11.2",",W","14.8",",W","","","",""
"USW00022521","2022-03","21.32402","-157.93946","1.9","HONOLULU INTERNATIONAL AIRPORT, HI US","17.16",",,,W","1017.7",",,,W","1017.1",",,,W","19.82",",,,W","3.8",",W","486.5","W","190.1",",W","5",",W","1",",W","0",",W","","","","","0",",W","0",",W","0",",W","31",",W","0",",W","3","","","","20220304",",,W","","","","","","","20220325",",,W","20220330","+,,W","17.2",",W,04,","","","","","4.3",",,W,25,","30.0",",W,30,+","1.1","W","0.0",",W","9.9",",,,W","","","66",",,,W","49",",,,W","81",",,,W","","","24.47",",W","28.36",",,,W","20.57",",,,W","","","","","80",",W","70",",W","","","","","","","11.6",",W","15.7",",W","","","",""
"USW00022521","2022-04","21.32402","-157.93946","1.9","HONOLULU INTERNATIONAL AIRPORT, HI US","16.93",",,,W","1018.0",",,,W","1017.4",",,,W","19.92",",,,W","6.0",",W","705.8","W","219.3",",W","4",",W","0",",W","0",",W","","","","","0",",W","0",",W","0",",W","30",",W","0",",W","","","","","20220406",",,W","","","","","","","20220426","+,,W","20220429","+,,W","20.6",",W,06,","","","","","0.3",",,W,26,+","30.0",",W,29,+","1.1","W","0.0",",W","1.2",",,,W","","","61",",,,W","47",",,,W","74",",,,W","","","25.64",",W","28.97",",,,W","22.31",",,,W","","","","","60",",W","50",",W","","","","","","","12.5",",W","17.4",",W","","","",""
"USW00022521","2022-05","21.32402","-157.93946","1.9","HONOLULU INTERNATIONAL AIRPORT, HI US","18.10","1,,,W","1017.8","1,,,W","1017.2","1,,,W","20.79","1,,,W","5.0",",W","933.1","W","227.3",",W","7",",W","3",",W","0",",W","","","","","0",",W","0",",W","0",",W","31",",W","0",",W","4","","","","20220517",",,W","","","","","","","20220520",",,W","20220521",",,W","19.4",",W,17,","","","","","24.9",",,W,20,","31.7",",W,21,","1.1","W","0.0",",W","35.6",",,,W","","","66",",,,W","51",",,,W","80",",,,W","","","25.67",",W","29.06",",,,W","22.27",",,,W","","","","","80",",W","60",",W","","","","","","","13.0",",W","17.4",",W","","","",""
"USW00022521","2022-06","21.32402","-157.93946","1.9","HONOLULU INTERNATIONAL AIRPORT, HI US","18.24",",,,W","1017.2",",,,W","1016.5",",,,W","21.03",",,,W","5.1",",W","1184.4","W","251.3",",W","1",",W","0",",W","0",",W","","","","","0",",W","0",",W","0",",W","30",",W","0",",W","","","","","20220605",",,W","","","","","","","20220615",",,W","20220630","+,,W","20.6",",W,05,","","","","","0.3",",,W,15,","31.1",",W,30,+","1.1","W","0.0",",W","0.3",",,,W","","","62",",,,W","47",",,,W","76",",,,W","","","26.71",",W","30.53",",,,W","22.89",",,,W","","","","","70",",W","70",",W","","","","","","","13.4",",W","16.1",",W","","","",""
"USW00022521","2022-07","21.32402","-157.93946","1.9","HONOLULU INTERNATIONAL AIRPORT, HI US","19.29",",,,W","1018.0",",,,W","1017.4",",,,W","21.84",",,,W","6.3",",W","1461.9","W","277.5",",W","5",",W","1",",W","0",",W","","","","","0",",W","0",",W","0",",W","31",",W","0",",W","4","","","","20220729","+,,W","","","","","","","20220703",",,W","20220730","+,,W","22.2",",W,29,+","","","","","4.3",",,W,03,","31.7",",W,30,+","0.0","W","0.0",",W","6.2",",,,W","","","64",",,,W","51",",,,W","76",",,,W","","","27.29",",W","30.64",",,,W","23.93",",,,W","","","","","70",",W","80",",W","","","","","","","14.3",",W","17.0",",W","","","",""
"USW00022521","2022-08","21.32402","-157.93946","1.9","HONOLULU INTERNATIONAL AIRPORT, HI US","19.89",",,,W","1016.1",",,,W","1015.5",",,,W","22.28",",,,W","4.8",",W","1747.0","W","285.1",",W","4",",W","0",",W","0",",W","","","","","0",",W","0",",W","0",",W","31",",W","6",",W","2","","","","20220831","+,,W","","","","","","","20220823",",,W","20220818",",,W","22.2",",W,31,+","","","","","1.0",",,W,23,","32.8",",W,18,","0.0","W","0.0",",W","1.9",",,,W","","","65",",,,W","50",",,,W","79",",,,W","","","27.53",",W","31.30",",,,W","23.76",",,,W","","","","","80",",W","80",",W","","","","","","","12.5",",W","17.0",",W","","","",""
"USW00022521","2022-09","21.32402","-157.93946","1.9","HONOLULU INTERNATIONAL AIRPORT, HI US","20.56",",,,W","1015.4",",,,W","1014.8",",,,W","22.80",",,,W","4.2",",W","2030.8","W","283.8",",W","9",",W","1",",W","0",",W","","","","","0",",W","0",",W","0",",W","30",",W","10",",W","7","","","","20220926","+,,W","","","","","1","","20220925",",,W","20220930","+,,W","22.8",",W,26,+","","","","","3.8",",,W,25,","32.8",",W,30,+","0.0","W","0.0",",W","11.1",",,,W","","","67",",,,W","51",",,,W","84",",,,W","","","27.79",",W","31.66",",,,W","23.93",",,,W","","","","","80",",W","60",",W","","","","","","","11.2",",W","15.7",",W","","","",""
"USW00022521","2022-10","21.32402","-157.93946","1.9","HONOLULU INTERNATIONAL AIRPORT, HI US","20.92",",,,W","1015.3",",,,W","1014.6",",,,W","22.79",",,,W","3.5",",W","2302.9","W","272.1",",W","10",",W","1",",W","0",",W","","","","","0",",W","0",",W","0",",W","31",",W","2",",W","8","","","","20221019","+,,W","","","","","","","20221020",",,W","20221017","+,,W","21.1",",W,19,+","","","","","15.2",",,W,20,","32.2",",W,17,+","0.0","W","0.0",",W","20.3",",,,W","","","71",",,,W","55",",,,W","86",",,,W","","","27.11",",W","30.79",",,,W","23.43",",,,W","","","","","80",",W","70",",W","","","","","","","11.2",",W","14.8",",W","","","",""
"USW00022521","2022-11","21.32402","-157.93946","1.9","HONOLULU INTERNATIONAL AIRPORT, HI US","18.98",",,,W","1017.2",",,,W","1016.6",",,,W","21.34",",,,W","4.2",",W","2529.2","W","226.3",",W","8",",W","0",",W","0",",W","","","","","0",",W","0",",W","0",",W","30",",W","1",",W","6","","","","20221126",",,W","","","","","","","20221118",",,W","20221109",",,W","17.8",",W,26,","","","","","1.0",",,W,18,","32.2",",W,09,","0.0","W","0.0",",W","4.1",",,,W","","","68",",,,W","53",",,,W","83",",,,W","","","25.88",",W","29.55",",,,W","22.20",",,,W","","","","","60",",W","60",",W","","","","","","","13.4",",W","17.4",",W","","","",""
"USW00022521","2022-12","21.32402","-157.93946","1.9","HONOLULU INTERNATIONAL AIRPORT, HI US","19.33",",,,W","1014.6",",,,W","1013.9",",,,W","20.87",",,,W","4.0",",W","2706.8","W","177.6",",W","9",",W","4",",W","1",",W","","","","","0",",W","0",",W","0",",W","31",",W","0",",W","9","","","","20221229","+,,W","","","","","4","","20221218",",,W","20221206","+,,W","17.2",",W,29,+","","","","","31.8",",,W,18,","30.0",",W,06,+","0.0","W","0.0",",W","57.0",",,,W","","","76",",,,W","61",",,,W","91",",,,W","","","24.06",",W","27.67",",,,W","20.45",",,,W","","","","","250",",W","250",",W","","","","","","","14.8",",W","21.5",",W","","","",""
"USW00022521","2023-01","21.32402","-157.93946","1.9","HONOLULU INTERNATIONAL AIRPORT, HI US","18.56",",,,W","1017.1",",,,W","1016.5",",,,W","20.32",",,,W","2.9",",W","161.2","W","161.2",",W","5",",W","1",",W","0",",W","","","","","0",",W","0",",W","0",",W","31",",W","0",",W","7","","","","20230109","+,,W","","","","","1","","20230129",",,W","20230110",",,W","15.6",",W,09,+","","","","","7.9",",,W,29,","30.6",",W,10,","0.0","W","0.0",",W","11.1",",,,W","","","75",",,,W","59",",,,W","90",",,,W","","","23.53",",W","27.65",",,,W","19.41",",,,W","","","","","40",",W","50","1,W","","","","","","","9.8",",W","13.0","1,W","","","",""
"USW00022521","2023-02","21.32402","-157.93946","1.9","HONOLULU INTERNATIONAL AIRPORT, HI US","18.69",",,,W","1017.5",",,,W","1016.8",",,,W","20.68",",,,W","5.0",",W","341.5","W","180.3",",W","15",",W","7",",W","1",",W","","","","","0",",W","0",",W","0",",W","28",",W","0",",W","9","","","","20230215","+,,W","","","","","3","","20230204",",,W","20230206",",,W","19.4",",W,15,+","","","","","30.5",",,W,04,","31.1",",W,06,","0.0","W","0.0",",W","80.5",",,,W","","","72",",,,W","60",",,,W","84",",,,W","","","24.77",",W","27.91",",,,W","21.63",",,,W","","","","","80",",W","70",",W","","","","","","","16.5",",W","21.9",",W","","","",""
"USW00022521","2023-03","21.32402","-157.93946","1.9","HONOLULU INTERNATIONAL AIRPORT, HI US","19.77",",,,W","1015.5",",,,W","1014.8",",,,W","21.54",",,,W","3.3",",W","547.1","W","205.6",",W","11",",W","3",",W","1",",W","","","","","0",",W","0",",W","0",",W","31",",W","0",",W","10","","","","20230310",",,W","","","","","1","","20230323",",,W","20230320",",,W","18.3",",W,10,","","","","","46.0",",,W,23,","31.1",",W,20,","0.0","W","0.0",",W","67.4",",,,W","","","74",",,,W","62",",,,W","88",",,,W","","","24.96",",W","28.24",",,,W","21.69",",,,W","","","","","230",",W","230","1,W","","","","","","","13.0",",W","17.9","1,W","","","",""
"USW00022521","2023-04","21.32402","-157.93946","1.9","HONOLULU INTERNATIONAL AIRPORT, HI US","19.55",",,,W","1016.7",",,,W","1016.0",",,,W","21.51",",,,W","4.4",",W","767.8","W","220.7",",W","11",",W","3",",W","1",",W","","","","","0",",W","0",",W","0",",W","30",",W","0",",W","7","","","","20230402",",,W","","","","","1","","20230402",",,W","20230430","+,,W","20.6",",W,02,","","","","","29.5",",,W,02,","31.7",",W,30,+","0.0","W","0.0",",W","55.3",",,,W","","","71",",,,W","59",",,,W","86",",,,W","","","25.69",",W","28.96",",,,W","22.42",",,,W","","","","","160",",W","170",",W","","","","","","","16.5",",W","21.0",",W","","","",""
"USW00022521","2023-05","21.32402","-157.93946","1.9","HONOLULU INTERNATIONAL AIRPORT, HI US","19.08",",,,W","1017.1",",,,W","1016.5",",,,W","21.21",",,,W","4.9",",W","997.1","W","229.3",",W","6",",W","1",",W","0",",W","","","","","0",",W","0",",W","0",",W","31",",W","0",",W","5","","","","20230527","+,,W","","","","","1","","20230519",",,W","20230531",",,W","20.0",",W,27,+","","","","","11.7",",,W,19,","31.1",",W,31,","0.0","W","0.0",",W","17.1",",,,W","","","69",",,,W","54",",,,W","84",",,,W","","","25.73",",W","29.35",",,,W","22.12",",,,W","","","","","60",",W","60",",W","","","","","","","13.0",",W","17.0",",W","","","",""
"USW00022521","2023-06","21.32402","-157.93946","1.9","HONOLULU INTERNATIONAL AIRPORT, HI US","19.72",",,,W","1017.6",",,,W","1017.0",",,,W","22.04",",,,W","5.4",",W","1257.3","W","260.2",",W","8",",W","1",",W","0",",W","","","","","0",",W","0",",W","0",",W","30",",W","0",",W","6","","","","20230603",",,W","","","","","","","20230615",",,W","20230621","+,,W","21.1",",W,03,","","","","","3.0",",,W,15,","31.7",",W,21,+","0.0","W","0.0",",W","10.0",",,,W","","","67",",,,W","52",",,,W","83",",,,W","","","27.01",",W","30.72",",,,W","23.29",",,,W","","","","","60",",W","20",",W","","","","","","","12.5",",W","15.7",",W","","","",""
"USW00022521","2023-07","21.32402","-157.93946","1.9","HONOLULU INTERNATIONAL AIRPORT, HI US","20.35",",,,W","1017.4",",,,W","1016.8",",,,W","22.62",",,,W","5.7",",W","1547.8","W","290.5",",W","7",",W","1",",W","0",",W","","","","","0",",W","0",",W","0",",W","31",",W","2",",W","5","","","","20230716","+,,W","","","","","","","20230710",",,W","20230730","+,,W","22.2",",W,16,+","","","","","2.8",",,W,10,","32.2",",W,30,+","0.0","W","0.0",",W","5.3",",,,W","","","67",",,,W","52",",,,W","82",",,,W","","","27.70",",W","31.24",",,,W","24.17",",,,W","","","","","70",",W","40",",W","","","","","","","12.5",",W","17.0",",W","","","",""
"USW00022521","2023-08","21.32402","-157.93946","1.9","HONOLULU INTERNATIONAL AIRPORT, HI US","19.98",",,,W","1016.8",",,,W","1016.2",",,,W","22.58",",,,W","6.0",",W","1851.3","W","303.5",",W","3",",W","0",",W","0",",W","","","","","0",",W","0",",W","0",",W","31",",W","11",",W","1","","","","20230825",",,W","","","","","","","20230825",",,W","20230821","+,,W","21.1",",W,25,","","","","","2.0",",,W,25,","32.8",",W,21,+","0.0","W","0.0",",W","2.8",",,,W","","","64",",,,W","48",",,,W","78",",,,W","","","28.12",",W","31.86",",,,W","24.38",",,,W","","","","","60",",W","80",",W","","","","","","","16.5",",W","21.9",",W","","","",""
"USW00022521","2023-09","21.32402","-157.93946","1.9","HONOLULU INTERNATIONAL AIRPORT, HI US","20.59",",,,W","1016.1","2,,,W","1015.5","2,,,W","22.86",",,,W","5.4",",W","2141.5","W","290.2",",W","5",",W","0",",W","0",",W","","","","","0",",W","0",",W","0",",W","30",",W","13",",W","5","","","","20230927","+,,W","","","","","","","20230922",",,W","20230916","+,,W","22.8",",W,27,+","","","","","1.0",",,W,22,","32.8",",W,16,+","0.0","W","0.0",",W","2.6",",,,W","","","67",",,,W","51",",,,W","82",",,,W","","","28.01",",W","31.88",",,,W","24.13",",,,W","","","","","70",",W","360",",W","","","","","","","13.4",",W","18.8",",W","","","",""
"USW00022521","2023-10","21.32402","-157.93946","1.9","HONOLULU INTERNATIONAL AIRPORT, HI US","21.12",",,,W","1015.2",",,,W","1014.6",",,,W","22.72",",,,W","3.3",",W","2389.8","W","248.3",",W","8",",W","2",",W","0",",W","","","","","0",",W","0",",W","0",",W","31",",W","1",",W","8","","","","20231019","+,,W","","","","","","","20231024",",,W","20231001",",,W","20.6",",W,19,+","","","","","8.1",",,W,24,","32.2",",W,01,","0.0","W","0.0",",W","14.8",",,,W","","","75",",,,W","59",",,,W","90",",,,W","","","26.34",",W","30.26",",,,W","22.42",",,,W","","","","","60",",W","20",",W","","","","","","","10.3",",W","15.7",",W","","","",""
"USW00022521","2023-11","21.32402","-157.93946","1.9","HONOLULU INTERNATIONAL AIRPORT, HI US","","","","","","","","","4.5",",W","2604.8","W","215.0",",W","9",",W","2",",W","1",",W","","","","","0",",W","0",",W","0",",W","30",",W","0",",W","","","","","20231118",",,W","","","","","","","20231129",",,W","20231103",",,W","18.9",",W,18,","","","","","39.1",",,W,29,","31.7",",W,03,","0.0","W","0.0",",W","54.6",",,,W","","","","","","","","","","","25.50",",W","28.83",",,,W","22.17",",,,W","","","","","80",",W","20",",W","","","","","","","13.9",",W","21.0",",W","","","",""
"USW00022521","2023-12","21.32402","-157.93946","1.9","HONOLULU INTERNATIONAL AIRPORT, HI US","","","","","","","","","3.8",",W","2764.9","W","160.1",",W","7",",W","3",",W","0",",W","","","","","0",",W","0",",W","0",",W","31",",W","0",",W","5","","","","20231228",",,W","","","","","","","20231201",",,W","20231210",",,W","16.7",",W,28,","","","","","8.9",",,W,01,","30.0",",W,10,","0.0","W","0.0",",W","22.5",",,,W","","","","","","","","","","","23.50",",W","26.92",",,,W","20.08",",,,W","","","","","320",",W","320",",W","","","","","","","12.5",",W","16.5",",W","","","",""
"USW00022521","2024-01","21.32402","-157.93946","1.9","HONOLULU INTERNATIONAL AIRPORT, HI US","18.86",",,,W","1013.1",",,,W","1012.5",",,,W","20.33",",,,W","3.7",",W","141.4","","141.4",",W","9",",W","2",",W","1",",W","","","","","0",",W","0",",W","0",",W","31",",W","0",",W","5","","","","20240113",",,W","","","","","","","20240108",",,W","20240103",",,W","14.4",",W,13,","","","","","60.5",",,W,08,","28.9",",W,03,","0.0","","0.0",",W","67.3",",,,W","","","78",",,,W","64",",,,W","93",",,,W","","","22.90",",W","26.55",",,,W","19.24",",,,W","","","","","320",",W","330",",W","","","","","","","12.5",",W","17.4",",W","","","",""
"USW00022521","2024-02","21.32402","-157.93946","1.9","HONOLULU INTERNATIONAL AIRPORT, HI US","15.46",",,,W","1019.0",",,,W","1018.3",",,,W","18.37",",,,W","5.0",",W","280.8","","139.4",",W","9",",W","0",",W","0",",W","","","","","0",",W","0",",W","0",",W","29",",W","0",",W","5","","","","20240212",",,W","","","","","","","20240228",",,W","20240223","+,,W","17.2",",W,12,","","","","","2.3",",,W,28,","28.3",",W,23,+","0.0","","0.0",",W","7.8",",,,W","","","65",",,,W","50",",,,W","80",",,,W","","","23.14",",W","26.60",",,,W","19.68",",,,W","","","","","80",",W","360",",W","","","","","","","13.4",",W","19.7",",W","","","",""
"USW00022521","2024-03","21.32402","-157.93946","1.9","HONOLULU INTERNATIONAL AIRPORT, HI US","16.21",",,,W","1019.4",",,,W","1018.7",",,,W","18.98",",,,W","5.4",",W","458.7","","177.9",",W","5",",W","1",",W","0",",W","","","","","0",",W","0",",W","0",",W","31",",W","0",",W","4","","","","20240316",",,W","","","","","","","20240306",",,W","20240326",",,W","17.2",",W,16,","","","","","3.0",",,W,06,","29.4",",W,26,","0.0","","0.0",",W","5.9",",,,W","","","64",",,,W","50",",,,W","79",",,,W","","","24.07",",W","27.36",",,,W","20.78",",,,W","","","","","70",",W","80",",W","","","","","","","13.0",",W","19.2",",W","","","",""
"USW00022521","2024-04","21.32402","-157.93946","1.9","HONOLULU INTERNATIONAL AIRPORT, HI US","","","","","","","","","","","644.7","","186.0",",D","8",",D","2",",D","0",",D","","","","","0",",D","0",",D","0",",D","30",",D","0",",D","","","","","20240416",",,D","","","","","","","20240414",",,D","20240429",",,D","18.9",",D,16,","","","","","21.8",",,D,14,","29.4",",D,29,","0.0","","0.0",",D","36.0",",,,D","","","","","","","","","","","24.53",",D","27.92",",,,D","21.14",",,,D","","","","","","","","","","","","","","","","","","","","","",""
"USW00022521","2024-05","21.32402","-157.93946","1.9","HONOLULU INTERNATIONAL AIRPORT, HI US","","","","","","","","","4.6",",W","861.6","","216.9",",W","11",",W","7",",W","2",",W","","","","","0",",W","0",",W","0",",W","31",",W","0",",W","9","","","","20240512","+,,W","","","","","1","","20240516",",,W","20240522","+,,W","20.0",",W,12,+","","","","","45.7",",,W,16,","30.0",",W,22,+","0.0","","0.0",",W","124.6",",,,W","","","","","","","","","","","25.33",",W","28.59",",,,W","22.07",",,,W","","","","","70",",W","80",",W","","","","","","","13.0",",W","20.6",",W","","","",""
