"STATION","DATE","LATITUDE","LONGITUDE","ELEVATION","NAME","AWND","AWND_ATTRIBUTES","CDSD","CDSD_ATTRIBUTES","CLDD","CLDD_ATTRIBUTES","DP01","DP01_ATTRIBUTES","DP10","DP10_ATTRIBUTES","DP1X","DP1X_ATTRIBUTES","DT00","DT00_ATTRIBUTES","DT32","DT32_ATTRIBUTES","DX32","DX32_ATTRIBUTES","DX70","DX70_ATTRIBUTES","DX90","DX90_ATTRIBUTES","DYFG","DYFG_ATTRIBUTES","DYHF","DYHF_ATTRIBUTES","DYNT","DYNT_ATTRIBUTES","DYTS","DYTS_ATTRIBUTES","DYXP","DYXP_ATTRIBUTES","DYXT","DYXT_ATTRIBUTES","EMNT","EMNT_ATTRIBUTES","EMXP","EMXP_ATTRIBUTES","EMXT","EMXT_ATTRIBUTES","HDSD","HDSD_ATTRIBUTES","HTDD","HTDD_ATTRIBUTES","PRCP","PRCP_ATTRIBUTES","TAVG","TAVG_ATTRIBUTES","TMAX","TMAX_ATTRIBUTES","TMIN","TMIN_ATTRIBUTES","TSUN","TSUN_ATTRIBUTES","WDF2","WDF2_ATTRIBUTES","WDF5","WDF5_ATTRIBUTES","WSF2","WSF2_ATTRIBUTES","WSF5","WSF5_ATTRIBUTES"
"USW00004780","1997-10","42.55495","-71.75699","102.3","FITCHBURG MUNICIPAL AIRPORT, MA US","","","","","2.2","2,M","","","","","","","0","2,M","8","2,M","0","2,M","6","2,M","0","2,M","","","","","19971022",",2,M","","","","","19971006",",2,M","-4.4","2,M,22,","","","28.3","2,M,06,","","","249.7","2,M","","","9.80","2,M","16.17","2,,,M","3.42","2,,,M","","","","","","","","","",""
"USW00004780","1997-11","42.55495","-71.75699","102.3","FITCHBURG MUNICIPAL AIRPORT, MA US","","","","","0.0",",M","","","","","","","0",",M","21",",M","2",",M","0",",M","0",",M","","","","","19971119",",,M","","","","","19971102",",,M","-8.3",",M,19,","","","19.4",",M,02,","","","457.6",",M","","","3.08",",M","7.47",",,,M","-1.32",",,,M","","","","","","","","","",""
"USW00004780","1997-12","42.55495","-71.75699","102.3","FITCHBURG MUNICIPAL AIRPORT, MA US","","","","","0.0","3,M","","","","","","","0","3,M","28","3,M","2","3,M","0","3,M","0","3,M","","","","","19971229",",3,M","","","","","19971217",",3,M","-15.0","3,M,29,","","","10.6","3,M,17,","","","537.8","3,M","","","-0.88","3,M","4.30","3,,,M","-6.05","3,,,M","","","","","","","","","",""
"USW00004780","1998-02","42.55495","-71.75699","102.3","FITCHBURG MUNICIPAL AIRPORT, MA US","","","","","0.0",",M","","","","","","","0",",M","20",",M","2",",M","0",",M","0",",M","","","","","19980215",",,M","","","","","19980228","+,,M","-14.4",",M,15,","","","12.8",",M,28,+","","","483.4",",M","","","1.07",",M","6.03",",,,M","-3.89",",,,M","","","","","","","","","",""
"USW00004780","1998-03","42.55495","-71.75699","102.3","FITCHBURG MUNICIPAL AIRPORT, MA US","","","","","8.9",",M","","","","","","","0",",M","22",",M","3",",M","5",",M","0",",M","","","","","19980313",",,M","","","","","19980331",",,M","-14.4",",M,13,","","","31.7",",M,31,","","","461.9",",M","","","3.72",",M","9.15",",,,M","-1.70",",,,M","","","","","","","","","",""
"USW00004780","1998-04","42.55495","-71.75699","102.3","FITCHBURG MUNICIPAL AIRPORT, MA US","3.0",",W","","","0.0",",W","10",",W","10",",W","0",",W","0",",W","9",",W","0",",W","3",",W","0",",W","","","","","19980411",",,W","","","19980423",",,W","19980430",",,W","-3.3",",W,11,","17.8",",,W,23,","26.1",",W,30,","","","276.3",",W","78.7",",,,W","9.12",",W","15.63",",,,W","2.62",",,,W","","","360",",W","330",",W","11.2",",W","14.8",",W"
"USW00004780","1998-05","42.55495","-71.75699","102.3","FITCHBURG MUNICIPAL AIRPORT, MA US","2.9",",W","","","18.9",",W","13",",W","12",",W","2",",W","0",",W","1",",W","0",",W","18",",W","1",",W","","","","","19980514",",,W","","","19980531",",,W","19980529",",,W","0.0",",W,14,","57.4",",,W,31,","32.2",",W,29,","","","85.5",",W","187.3",",,,W","16.19",",W","22.33",",,,W","10.05",",,,W","","","270",",W","280",",W","17.0",",W","22.8",",W"
"USW00004780","1998-06","42.55495","-71.75699","102.3","FITCHBURG MUNICIPAL AIRPORT, MA US","2.8",",W","","","46.8",",W","19",",W","13",",W","2",",W","0",",W","0",",W","0",",W","20",",W","0",",W","","","","","19980604",",,W","","","19980613",",,W","19980626","+,,W","5.0",",W,04,","63.5",",,W,13,","30.0",",W,26,+","","","44.7",",W","185.1",",,,W","18.40",",W","22.89",",,,W","13.91",",,,W","","","280",",W","280",",W","13.0",",W","16.5",",W"
"USW00004780","1998-07","42.55495","-71.75699","102.3","FITCHBURG MUNICIPAL AIRPORT, MA US","2.6",",W","","","114.6","1,W","8",",W","5",",W","0",",W","0","1,W","0","1,W","0","1,W","30","1,W","4","1,W","","","","","19980727",",1,W","","","19980701",",,W","19980722",",1,W","11.7","1,W,27,","15.7",",,W,01,","33.3","1,W,22,","0.0","W","0.0","1,W","43.0",",,,W","22.15","1,W","28.21","1,,,W","16.09","1,,,W","","","280",",W","280",",W","10.3",",W","14.3",",W"
"USW00004780","1998-08","42.55495","-71.75699","102.3","FITCHBURG MUNICIPAL AIRPORT, MA US","2.1",",W","","","113.8",",W","13",",W","7",",W","1",",W","0",",W","0",",W","0",",W","31",",W","0",",W","","","","","19980820",",,W","","","19980806",",,W","19980824",",,W","10.0",",W,20,","32.8",",,W,06,","31.7",",W,24,","3.6","W","3.6",",W","89.0",",,,W","21.89",",W","27.65",",,,W","16.13",",,,W","","","350",",W","350",",W","10.3",",W","13.9",",W"
"USW00004780","1998-09","42.55495","-71.75699","102.3","FITCHBURG MUNICIPAL AIRPORT, MA US","2.4",",W","","","30.4",",W","10",",W","3",",W","1",",W","0",",W","0",",W","0",",W","27",",W","0",",W","","","","","19980924",",,W","","","19980922",",,W","19980906",",,W","2.8",",W,24,","25.7",",,W,22,","31.7",",W,06,","51.4","W","47.8",",W","43.8",",,,W","17.76",",W","24.63",",,,W","10.88",",,,W","","","330",",W","260",",W","11.2",",W","14.3",",W"
"USW00004780","1998-10","42.55495","-71.75699","102.3","FITCHBURG MUNICIPAL AIRPORT, MA US","3.1",",W","","","0.0",",W","8",",W","4",",W","2",",W","0",",W","5",",W","0",",W","5",",W","0",",W","","","","","19981027","+,,W","","","19981008",",,W","19981018",",,W","-1.1",",W,27,+","39.9",",,W,08,","25.6",",W,18,","292.5","W","241.1",",W","115.4",",,,W","10.55",",W","16.49",",,,W","4.62",",,,W","","","260",",W","270",",W","15.2",",W","20.1",",W"
"USW00004780","1998-11","42.55495","-71.75699","102.3","FITCHBURG MUNICIPAL AIRPORT, MA US","2.6",",W","","","0.0",",W","10",",W","4",",W","1",",W","0",",W","18",",W","0",",W","0",",W","0",",W","","","","","19981106",",,W","","","19981126",",,W","19981111",",,W","-6.1",",W,06,","25.9",",,W,26,","17.8",",W,11,","710.8","W","418.3",",W","65.3",",,,W","4.39",",W","9.62",",,,W","-0.84",",,,W","","","280",",W","260",",W","13.4",",W","17.4",",W"
"USW00004780","1998-12","42.55495","-71.75699","102.3","FITCHBURG MUNICIPAL AIRPORT, MA US","2.5",",W","","","0.0",",W","7",",W","4",",W","0",",W","1",",W","26",",W","3",",W","1",",W","0",",W","","","","","19981231",",,W","","","19981208",",,W","19981207",",,W","-17.8",",W,31,","10.2",",,W,08,","23.3",",W,07,","1235.4","W","524.6",",W","33.4",",,,W","1.41",",W","7.22",",,,W","-4.40",",,,W","","","270",",W","280",",W","17.4",",W","21.5",",W"
"USW00004780","1999-01","42.55495","-71.75699","102.3","FITCHBURG MUNICIPAL AIRPORT, MA US","2.8",",W","0.0","W","0.0",",W","15",",W","10",",W","1",",W","2",",W","28",",W","13",",W","0",",W","0",",W","","","","","19990102",",,W","","","19990115",",,W","19990124",",,W","-21.7",",W,02,","35.8",",,W,15,","13.9",",W,24,","1931.0","W","695.6",",W","140.0",",,,W","-4.10",",W","1.27",",,,W","-9.48",",,,W","","","280",",W","290",",W","16.1",",W","19.2",",W"
"USW00004780","1999-02","42.55495","-71.75699","102.3","FITCHBURG MUNICIPAL AIRPORT, MA US","2.8",",W","0.0","W","0.0",",W","7",",W","6",",W","1",",W","0",",W","27",",W","5",",W","0",",W","0",",W","","","","","19990223",",,W","","","19990202",",,W","19990212",",,W","-15.0",",W,23,","31.8",",,W,02,","13.9",",W,12,","2460.0","W","529.0",",W","82.0",",,,W","-0.56",",W","4.40",",,,W","-5.51",",,,W","","","280",",W","340",",W","11.6",",W","17.0",",W"
"USW00004780","1999-03","42.55495","-71.75699","102.3","FITCHBURG MUNICIPAL AIRPORT, MA US","4.1",",W","0.0","W","0.0",",W","12",",W","9",",W","0",",W","0",",W","24",",W","2",",W","1",",W","0",",W","","","","","19990308",",,W","","","19990322",",,W","19990331",",,W","-11.7",",W,08,","23.6",",,W,22,","21.7",",W,31,","2945.7","W","485.7",",W","106.8",",,,W","2.67",",W","8.14",",,,W","-2.81",",,,W","","","290",",W","280",",W","14.3",",W","21.5",",W"
"USW00004780","1999-04","42.55495","-71.75699","102.3","FITCHBURG MUNICIPAL AIRPORT, MA US","3.5",",W","0.0","W","0.0",",W","7",",W","2",",W","0",",W","0",",W","9",",W","0",",W","2",",W","0",",W","","","","","19990411",",,W","","","19990416",",,W","19990408",",,W","-3.9",",W,11,","8.9",",,W,16,","23.9",",W,08,","3242.6","W","296.9",",W","21.0",",,,W","8.44",",W","15.07",",,,W","1.80",",,,W","","","270",",W","290",",W","16.1",",W","19.7",",W"
"USW00004780","1999-05","42.55495","-71.75699","102.3","FITCHBURG MUNICIPAL AIRPORT, MA US","2.6",",W","10.0","W","10.0",",W","11",",W","5",",W","1",",W","0",",W","0",",W","0",",W","16",",W","1",",W","","","","","19990501",",,W","","","19990519",",,W","19990531",",,W","0.6",",W,01,","26.4",",,W,19,","32.2",",W,31,","3361.2","W","118.6",",W","71.8",",,,W","14.83",",W","21.49",",,,W","8.17",",,,W","","","190",",W","190",",W","11.2",",W","15.2",",W"
"USW00004780","1999-06","42.55495","-71.75699","102.3","FITCHBURG MUNICIPAL AIRPORT, MA US","2.9",",W","111.6","W","101.6",",W","7",",W","4",",W","0",",W","0",",W","0",",W","0",",W","29",",W","5",",W","","","","","19990616",",,W","","","19990629",",,W","19990607",",,W","6.7",",W,16,","12.7",",,W,29,","36.1",",W,07,","3379.2","W","18.0",",W","35.6",",,,W","21.12",",W","27.94",",,,W","14.29",",,,W","","","260",",W","260",",W","12.5",",W","16.1",",W"
"USW00004780","1999-07","42.55495","-71.75699","102.3","FITCHBURG MUNICIPAL AIRPORT, MA US","2.6",",W","280.5","W","168.9",",W","14",",W","6",",W","0",",W","0",",W","0",",W","0",",W","31",",W","10",",W","","","","","19990712",",,W","","","19990724",",,W","19990706",",,W","10.0",",W,12,","11.9",",,W,24,","35.6",",W,06,","0.6","W","0.6",",W","43.7",",,,W","23.76",",W","30.04",",,,W","17.49",",,,W","","","280",",W","290",",W","17.4",",W","23.2",",W"
"USW00004780","1999-08","42.55495","-71.75699","102.3","FITCHBURG MUNICIPAL AIRPORT, MA US","2.4",",W","367.6","W","87.1",",W","13",",W","7",",W","1",",W","0",",W","0",",W","0",",W","27",",W","3",",W","","","","","19990810",",,W","","","19990827",",,W","19990801",",,W","9.4",",W,10,","27.9",",,W,27,","34.4",",W,01,","12.5","W","11.9",",W","68.3",",,,W","20.76",",W","26.77",",,,W","14.75",",,,W","","","340",",W","350",",W","10.7",",W","14.8",",W"
"USW00004780","1999-09","42.55495","-71.75699","102.3","FITCHBURG MUNICIPAL AIRPORT, MA US","2.3",",W","416.5","W","48.9",",W","18",",W","7",",W","2",",W","0",",W","0",",W","0",",W","24",",W","2",",W","","","","","19990926","+,,W","","","19990916",",,W","19990903",",,W","5.0",",W,26,+","99.6",",,W,16,","32.8",",W,03,","62.4","W","49.9",",W","230.4",",,,W","18.30",",W","24.21",",,,W","12.39",",,,W","","","290",",W","280",",W","13.9",",W","17.9",",W"
"USW00004780","1999-10","42.55495","-71.75699","102.3","FITCHBURG MUNICIPAL AIRPORT, MA US","2.6","1,W","416.5","W","0.0",",W","12",",W","8",",W","0",",W","0",",W","10",",W","0",",W","4",",W","0",",W","","","","","19991028",",,W","","","19991004",",,W","19991017",",,W","-3.3",",W,28,","18.0",",,W,04,","23.9",",W,17,","346.7","W","284.3",",W","80.5",",,,W","9.16",",W","15.97",",,,W","2.35",",,,W","","","290","1,W","280",",W","13.4","1,W","17.4",",W"
"USW00004780","1999-11","42.55495","-71.75699","102.3","FITCHBURG MUNICIPAL AIRPORT, MA US","3.1","2,W","416.5","W","0.0","2,W","12","1,W","7","1,W","0","1,W","0","2,W","15","2,W","0","1,W","0","1,W","0","1,W","","","","","19991112",",2,W","","","19991127",",1,W","19991110",",1,W","-6.1","2,W,12,","18.5","1,,W,27,","20.6","1,W,10,","671.8","W","325.1","1,W","60.0","1,,,W","6.79","2,W","12.49","1,,,W","1.09","2,,,W","","","140","1,W","140","1,W","13.9","1,W","19.2","1,W"
"USW00004780","1999-12","42.55495","-71.75699","102.3","FITCHBURG MUNICIPAL AIRPORT, MA US","2.9","1,W","416.5","W","0.0","1,W","10","1,W","6","1,W","0","1,W","0","1,W","24","1,W","4","1,W","0","1,W","0","1,W","","","","","19991225",",1,W","","","19991207",",1,W","19991205",",1,W","-13.9","1,W,25,","12.2","1,,W,07,","15.6","1,W,05,","1201.0","W","529.2","1,W","50.3","1,,,W","0.69","1,W","5.41","1,,,W","-4.03","1,,,W","","","260","1,W","260","1,W","16.5","1,W","20.6","1,W"
"USW00004780","2000-01","42.55495","-71.75699","102.3","FITCHBURG MUNICIPAL AIRPORT, MA US","3.7",",W","0.0","W","0.0",",W","12",",W","6",",W","0",",W","7",",W","27",",W","14",",W","0",",W","0",",W","","","","","20000123",",,W","","","20000110",",,W","20000104","+,,W","-20.6",",W,23,","24.9",",,W,10,","15.6",",W,04,+","1918.5","W","717.5",",W","83.3",",,,W","-4.81",",W","0.68",",,,W","-10.31",",,,W","","","310",",W","280",",W","13.4",",W","17.9",",W"
"USW00004780","2000-02","42.55495","-71.75699","102.3","FITCHBURG MUNICIPAL AIRPORT, MA US","2.9",",W","0.0","W","0.0",",W","13",",W","7",",W","1",",W","0",",W","24",",W","8",",W","0",",W","0",",W","","","","","20000208",",,W","","","20000214",",,W","20000224",",,W","-16.7",",W,08,","35.8",",,W,14,","15.0",",W,24,","2493.6","W","575.1",",W","88.3",",,,W","-1.50",",W","3.74",",,,W","-6.73",",,,W","","","210",",W","280",",W","11.6",",W","16.5",",W"
"USW00004780","2000-03","42.55495","-71.75699","102.3","FITCHBURG MUNICIPAL AIRPORT, MA US","3.4",",W","0.0","W","0.0",",W","10",",W","6",",W","1",",W","0",",W","20",",W","0",",W","2",",W","0",",W","","","","","20000318",",,W","","","20000311",",,W","20000309",",,W","-12.2",",W,18,","30.7",",,W,11,","25.0",",W,09,","2911.2","W","417.6",",W","106.5",",,,W","4.86",",W","11.25",",,,W","-1.53",",,,W","","","270",",W","250",",W","12.5",",W","16.1",",W"
"USW00004780","2000-04","42.55495","-71.75699","102.3","FITCHBURG MUNICIPAL AIRPORT, MA US","3.6",",W","0.0","W","0.0",",W","17",",W","7",",W","0",",W","0",",W","8",",W","0",",W","4",",W","0",",W","","","","","20000413",",,W","","","20000409",",,W","20000408",",,W","-4.4",",W,13,","23.4",",,W,09,","24.4",",W,08,","3227.3","W","316.1",",W","114.4",",,,W","7.80",",W","13.00",",,,W","2.59",",,,W","","","170",",W","180",",W","16.5",",W","21.5",",W"
"USW00004780","2000-05","42.55495","-71.75699","102.3","FITCHBURG MUNICIPAL AIRPORT, MA US","3.0",",W","14.1","W","14.1",",W","14",",W","6",",W","0",",W","0",",W","0",",W","0",",W","14",",W","2",",W","","","","","20000503","+,,W","","","20000510",",,W","20000509",",,W","0.6",",W,03,+","23.4",",,W,10,","33.9",",W,09,","3379.2","W","151.9",",W","90.3",",,,W","13.89",",W","20.23",",,,W","7.55",",,,W","","","260",",W","290",",W","13.0",",W","17.9",",W"
"USW00004780","2000-06","42.55495","-71.75699","102.3","FITCHBURG MUNICIPAL AIRPORT, MA US","2.7",",W","85.5","W","71.4",",W","16",",W","10",",W","1",",W","0",",W","0",",W","0",",W","24",",W","2",",W","","","","","20000608","+,,W","","","20000606",",,W","20000610",",,W","6.7",",W,08,+","81.8",",,W,06,","33.3",",W,10,","3430.8","W","51.6",",W","156.6",",,,W","18.99",",W","24.78",",,,W","13.20",",,,W","","","190",",W","170",",W","12.5",",W","17.9",",W"
"USW00004780","2000-07","42.55495","-71.75699","102.3","FITCHBURG MUNICIPAL AIRPORT, MA US","2.6",",W","144.6","W","59.1","1,W","12",",W","9",",W","2",",W","0","1,W","0","1,W","0","1,W","27","1,W","0","1,W","","","","","20000708",",1,W","","","20000731",",,W","20000713","+,1,W","10.0","1,W,08,","31.2",",,W,31,","30.0","1,W,13,+","6.1","W","6.1","1,W","125.1",",,,W","20.10","1,W","25.77","1,,,W","14.43","1,,,W","","","290",",W","280",",W","9.4",",W","12.5",",W"
"USW00004780","2000-08","42.55495","-71.75699","102.3","FITCHBURG MUNICIPAL AIRPORT, MA US","2.2",",W","206.5","W","61.9",",W","17",",W","6",",W","0",",W","0",",W","0",",W","0",",W","28",",W","0",",W","","","","","20000818",",,W","","","20000814",",,W","20000807",",,W","8.9",",W,18,","16.8",",,W,14,","30.6",",W,07,","18.7","W","12.6",",W","54.2",",,,W","19.92",",W","25.51",",,,W","14.34",",,,W","","","270",",W","270",",W","10.3",",W","13.9",",W"
"USW00004780","2000-10","42.55495","-71.75699","102.3","FITCHBURG MUNICIPAL AIRPORT, MA US","2.7",",W","","","0.0",",W","14",",W","5",",W","0",",W","0",",W","5",",W","0",",W","9",",W","0",",W","","","","","20001023",",,W","","","20001018",",,W","20001014","+,,W","-2.2",",W,23,","17.0",",,W,18,","26.1",",W,14,+","","","255.7",",W","61.7",",,,W","10.09",",W","16.26",",,,W","3.91",",,,W","","","340",",W","340",",W","14.8",",W","20.1",",W"
"USW00004780","2000-11","42.55495","-71.75699","102.3","FITCHBURG MUNICIPAL AIRPORT, MA US","3.0",",W","","","0.0",",W","7",",W","6",",W","1",",W","0",",W","12",",W","1",",W","0",",W","0",",W","","","","","20001125",",,W","","","20001110",",,W","20001104",",,W","-12.2",",W,25,","38.4",",,W,10,","17.8",",W,04,","","","412.5",",W","94.3",",,,W","4.58",",W","8.91",",,,W","0.26",",,,W","","","280",",W","240",",W","11.6",",W","14.8",",W"
"USW00004780","2000-12","42.55495","-71.75699","102.3","FITCHBURG MUNICIPAL AIRPORT, MA US","3.4",",W","","","0.0","1,W","10",",W","5",",W","1",",W","0","1,W","29","1,W","17","1,W","0","1,W","0","1,W","","","","","20001208",",1,W","","","20001217",",,W","20001217",",1,W","-15.6","1,W,08,","47.5",",,W,17,","16.7","1,W,17,","","","666.8","1,W","86.2",",,,W","-3.90","1,W","1.16","1,,,W","-8.95","1,,,W","","","260",",W","270",",W","15.6",",W","22.8",",W"
"USW00004780","2001-01","42.55495","-71.75699","102.3","FITCHBURG MUNICIPAL AIRPORT, MA US","2.4",",W","0.0","W","0.0",",W","7",",W","5",",W","0",",W","3",",W","31",",W","11",",W","0",",W","0",",W","","","","","20010123","+,,W","","","20010130",",,W","20010131",",,W","-18.3",",W,23,+","13.2",",,W,30,","6.1",",W,31,","","","720.7",",W","38.6",",,,W","-4.92",",W","1.25",",,,W","-11.08",",,,W","","","300",",W","300",",W","10.7",",W","14.8",",W"
"USW00004780","2001-02","42.55495","-71.75699","102.3","FITCHBURG MUNICIPAL AIRPORT, MA US","3.7",",W","0.0","W","0.0",",W","12",",W","5",",W","0",",W","0",",W","28",",W","9",",W","0",",W","0",",W","","","","","20010212",",,W","","","20010205",",,W","20010210",",,W","-15.6",",W,12,","20.1",",,W,05,","11.1",",W,10,","","","596.1",",W","49.2",",,,W","-2.96",",W","2.24",",,,W","-8.15",",,,W","","","280",",W","280",",W","20.1",",W","25.0",",W"
"USW00004780","2001-03","42.55495","-71.75699","102.3","FITCHBURG MUNICIPAL AIRPORT, MA US","3.5",",W","0.0","W","0.0",",W","14",",W","9",",W","3",",W","0",",W","26",",W","6",",W","0",",W","0",",W","","","","","20010302",",,W","","","20010322",",,W","20010320",",,W","-12.8",",W,02,","56.1",",,W,22,","11.7",",W,20,","","","561.9",",W","195.2",",,,W","0.21",",W","4.12",",,,W","-3.70",",,,W","","","280",",W","280",",W","13.9",",W","17.4",",W"
"USW00004780","2001-04","42.55495","-71.75699","102.3","FITCHBURG MUNICIPAL AIRPORT, MA US","3.3",",W","3.6","W","3.6",",W","6",",W","4",",W","0",",W","0",",W","13",",W","0",",W","5",",W","0",",W","","","","","20010420","+,,W","","","20010408",",,W","20010424",",,W","-2.8",",W,20,+","13.2",",,W,08,","31.1",",W,24,","","","310.6",",W","31.0",",,,W","8.10",",W","14.96",",,,W","1.24",",,,W","","","270",",W","280",",W","14.3",",W","19.7",",W"
"USW00004780","2001-05","42.55495","-71.75699","102.3","FITCHBURG MUNICIPAL AIRPORT, MA US","3.1",",W","26.4","W","22.8",",W","10",",W","7",",W","0",",W","0",",W","2",",W","0",",W","17",",W","4",",W","","","","","20010507",",,W","","","20010522",",,W","20010502",",,W","-1.7",",W,07,","18.0",",,W,22,","33.3",",W,02,","","","125.2",",W","63.5",",,,W","15.03",",W","21.74",",,,W","8.32",",,,W","","","280",",W","230",",W","13.0",",W","17.4",",W"
"USW00004780","2001-06","42.55495","-71.75699","102.3","FITCHBURG MUNICIPAL AIRPORT, MA US","2.7",",W","115.7","W","89.3",",W","10",",W","6",",W","2",",W","0",",W","0",",W","0",",W","26",",W","4",",W","","","","","20010601",",,W","","","20010617",",,W","20010630","+,,W","4.4",",W,01,","74.7",",,W,17,","32.8",",W,30,+","","","20.2",",W","180.2",",,,W","20.63",",W","26.67",",,,W","14.60",",,,W","","","270",",W","260",",W","12.5",",W","15.6",",W"
"USW00004780","2001-07","42.55495","-71.75699","102.3","FITCHBURG MUNICIPAL AIRPORT, MA US","2.8",",W","187.1","W","71.4",",W","11",",W","5",",W","1",",W","0",",W","0",",W","0",",W","30",",W","2",",W","","","","","20010731",",,W","","","20010701",",,W","20010725",",,W","8.3",",W,31,","52.3",",,W,01,","34.4",",W,25,","12.5","W","12.5",",W","96.0",",,,W","20.24",",W","26.38",",,,W","14.09",",,,W","","","300",",W","300",",W","15.6",",W","20.6",",W"
"USW00004780","2001-08","42.55495","-71.75699","102.3","FITCHBURG MUNICIPAL AIRPORT, MA US","2.5",",W","315.0","W","127.9","3,W","8",",W","3",",W","0",",W","0","3,W","0","3,W","0","1,W","29","1,W","6","1,W","","","","","20010830",",3,W","","","20010820",",,W","20010809",",1,W","10.0","3,W,30,","25.1",",,W,20,","36.1","1,W,09,","13.1","W","0.6","1,W","55.0",",,,W","22.96","3,W","28.95","1,,,W","16.96","3,,,W","","","290",",W","290",",W","10.3",",W","13.0",",W"
"USW00004780","2001-09","42.55495","-71.75699","102.3","FITCHBURG MUNICIPAL AIRPORT, MA US","2.5",",W","339.2","W","24.2",",W","11",",W","5",",W","1",",W","0",",W","0",",W","0",",W","23",",W","0",",W","","","","","20010915",",,W","","","20010925",",,W","20010909","+,,W","3.9",",W,15,","103.4",",,W,25,","30.6",",W,09,+","80.4","W","67.3",",W","146.3",",,,W","16.90",",W","23.60",",,,W","10.19",",,,W","","","190",",W","180",",W","12.5",",W","15.6",",W"
"USW00004780","2001-10","42.55495","-71.75699","102.3","FITCHBURG MUNICIPAL AIRPORT, MA US","2.8",",W","342.6","W","3.4",",W","6",",W","2",",W","0",",W","0",",W","8",",W","0",",W","11",",W","0",",W","","","","","20011031",",,W","","","20011015",",,W","20011004",",,W","-6.1",",W,31,","7.1",",,W,15,","27.2",",W,04,","310.1","W","229.7",",W","15.2",",,,W","11.03",",W","18.20",",,,W","3.86",",,,W","0","2,","260",",W","240",",W","13.9",",W","18.3",",W"
"USW00004780","2001-11","42.55495","-71.75699","102.3","FITCHBURG MUNICIPAL AIRPORT, MA US","2.6",",W","342.6","W","0.0",",W","13",",W","3",",W","0",",W","0",",W","15",",W","0",",W","1",",W","0",",W","","","","","20011113",",,W","","","20011125",",,W","20011102",",,W","-8.3",",W,13,","8.6",",,W,25,","22.8",",W,02,","657.5","W","347.4",",W","25.3",",,,W","6.75",",W","13.02",",,,W","0.48",",,,W","","","290",",W","290",",W","13.0",",W","14.8",",W"
"USW00004780","2001-12","42.55495","-71.75699","102.3","FITCHBURG MUNICIPAL AIRPORT, MA US","2.6",",W","342.6","W","0.0",",W","10",",W","7",",W","0",",W","0",",W","25",",W","2",",W","1",",W","0",",W","","","","","20011228",",,W","","","20011214",",,W","20011206",",,W","-11.7",",W,28,","15.7",",,W,14,","22.8",",W,06,","1165.6","W","508.1",",W","65.5",",,,W","1.94",",W","6.95",",,,W","-3.07",",,,W","","","300",",W","320",",W","11.6",",W","14.8",",W"
"USW00004780","2002-01","42.55495","-71.75699","102.3","FITCHBURG MUNICIPAL AIRPORT, MA US","2.7",",W","0.0","W","0.0",",W","13",",W","6",",W","0",",W","0",",W","30",",W","4",",W","0",",W","0",",W","","","","","20020120",",,W","","","20020131",",,W","20020129",",,W","-16.7",",W,20,","14.0",",,W,31,","15.6",",W,29,","1735.8","W","570.2",",W","55.9",",,,W","-0.06",",W","4.82",",,,W","-4.94",",,,W","0","2,W","270",",W","270",",W","13.9",",W","17.9",",W"
"USW00004780","2002-02","42.55495","-71.75699","102.3","FITCHBURG MUNICIPAL AIRPORT, MA US","3.3",",W","0.0","W","0.0",",W","7",",W","7",",W","0",",W","0",",W","26",",W","2",",W","0",",W","0",",W","","","","","20020214",",,W","","","20020221",",,W","20020226",",,W","-11.7",",W,14,","8.9",",,W,21,","16.7",",W,26,","2236.6","W","500.8",",W","43.1",",,,W","0.45",",W","6.49",",,,W","-5.59",",,,W","0","1,W","280",",W","280",",W","16.5",",W","23.7",",W"
"USW00004780","2002-03","42.55495","-71.75699","102.3","FITCHBURG MUNICIPAL AIRPORT, MA US","3.2",",W","0.0","W","0.0","2,W","12",",W","8",",W","0",",W","0","2,W","22","2,W","2","2,W","0","2,W","0","2,W","","","","","20020322",",2,W","","","20020326",",,W","20020309",",2,W","-10.6","2,W,22,","24.9",",,W,26,","20.0","2,W,09,","2687.3","W","450.7","2,W","103.1",",,,W","2.79","2,W","8.34","2,,,W","-2.76","2,,,W","0","2,W","180",",W","260",",W","14.3",",W","19.2",",W"
"USW00004780","2002-04","42.55495","-71.75699","102.3","FITCHBURG MUNICIPAL AIRPORT, MA US","3.5",",W","10.8","W","10.8",",W","13",",W","7",",W","1",",W","0",",W","9",",W","0",",W","8",",W","2",",W","","","","","20020407",",,W","","","20020401",",,W","20020417",",,W","-5.0",",W,07,","25.4",",,W,01,","33.9",",W,17,","2959.6","W","272.3",",W","99.8",",,,W","9.62",",W","15.92",",,,W","3.32",",,,W","","","270",",W","270",",W","13.4",",W","16.5",",W"
"USW00004780","2002-05","42.55495","-71.75699","102.3","FITCHBURG MUNICIPAL AIRPORT, MA US","3.5",",W","23.9","W","13.1",",W","13",",W","8",",W","2",",W","0",",W","1",",W","0",",W","14",",W","0",",W","","","","","20020520",",,W","","","20020513",",,W","20020524",",,W","0.0",",W,20,","52.8",",,W,13,","28.9",",W,24,","3126.2","W","166.6",",W","129.6",",,,W","13.38",",W","19.45",",,,W","7.31",",,,W","0","3,W","260",",W","280",",W","17.9",",W","23.2",",W"
"USW00004780","2002-06","42.55495","-71.75699","102.3","FITCHBURG MUNICIPAL AIRPORT, MA US","2.8",",W","79.3","W","55.4",",W","18",",W","8",",W","1",",W","0",",W","0",",W","0",",W","23",",W","3",",W","","","","","20020604",",,W","","","20020606",",,W","20020626","+,,W","3.9",",W,04,","29.7",",,W,06,","32.8",",W,26,+","3183.1","W","56.9",",W","112.4",",,,W","18.28",",W","24.62",",,,W","11.95",",,,W","0","1,W","300",",W","290",",W","13.9",",W","17.4",",W"
"USW00004780","2002-07","42.55495","-71.75699","102.3","FITCHBURG MUNICIPAL AIRPORT, MA US","3.0",",W","227.4","W","148.1",",W","8",",W","5",",W","0",",W","0",",W","0",",W","0",",W","31",",W","11",",W","","","","","20020726","+,,W","","","20020723",",,W","20020704","+,,W","10.0",",W,26,+","18.8",",,W,23,","36.1",",W,04,+","5.9","W","5.9",",W","48.7",",,,W","22.92",",W","29.04",",,,W","16.81",",,,W","","","290",",W","270",",W","13.9",",W","18.3",",W"
"USW00004780","2002-08","42.55495","-71.75699","102.3","FITCHBURG MUNICIPAL AIRPORT, MA US","2.6",",W","365.5","W","138.1","2,W","8",",W","5",",W","1",",W","0","2,W","0","2,W","0","2,W","26","2,W","11","2,W","","","","","20020831",",2,W","","","20020829",",,W","20020814",",2,W","8.3","2,W,31,","35.8",",,W,29,","36.7","2,W,14,","17.0","W","11.1","2,W","61.8",",,,W","22.71","2,W","29.11","2,,,W","16.31","2,,,W","0","4,W","270",",W","280",",W","17.9",",W","21.9",",W"
"USW00004780","2002-09","42.55495","-71.75699","102.3","FITCHBURG MUNICIPAL AIRPORT, MA US","2.6",",W","423.6","W","58.1",",W","12",",W","7",",W","0",",W","0",",W","0",",W","0",",W","25",",W","3",",W","","","","","20020929",",,W","","","20020927",",,W","20020909",",,W","4.4",",W,29,","21.8",",,W,27,","34.4",",W,09,","56.1","W","39.1",",W","79.4",",,,W","18.97",",W","25.05",",,,W","12.88",",,,W","0","2,W","290",",W","290",",W","16.1",",W","24.1",",W"
"USW00004780","2002-10","42.55495","-71.75699","102.3","FITCHBURG MUNICIPAL AIRPORT, MA US","2.5",",W","429.4","W","5.8",",W","8",",W","7",",W","1",",W","0",",W","12",",W","0",",W","5",",W","0",",W","","","","","20021031",",,W","","","20021016",",,W","20021002",",,W","-5.0",",W,31,","32.5",",,W,16,","28.9",",W,02,","354.1","W","298.0",",W","105.7",",,,W","8.91",",W","14.45",",,,W","3.36",",,,W","0","3,W","270",",W","230",",W","12.5",",W","15.6",",W"
"USW00004780","2002-11","42.55495","-71.75699","102.3","FITCHBURG MUNICIPAL AIRPORT, MA US","2.9",",W","429.4","W","0.0",",W","15",",W","8",",W","2",",W","0",",W","21",",W","1",",W","1",",W","0",",W","","","","","20021128",",,W","","","20021117",",,W","20021110",",,W","-10.6",",W,28,","32.5",",,W,17,","21.1",",W,10,","793.5","W","439.4",",W","120.6",",,,W","3.69",",W","8.18",",,,W","-0.81",",,,W","0","3,W","280",",W","280",",W","13.4",",W","17.9",",W"
"USW00004780","2002-12","42.55495","-71.75699","102.3","FITCHBURG MUNICIPAL AIRPORT, MA US","3.3",",W","429.4","W","0.0",",W","13",",W","7",",W","2",",W","0",",W","26",",W","6",",W","0",",W","0",",W","","","","","20021207",",,W","","","20021220",",,W","20021220",",,W","-15.6",",W,07,","31.8",",,W,20,","13.3",",W,20,","1422.9","W","629.4",",W","121.8",",,,W","-1.97",",W","2.78",",,,W","-6.72",",,,W","0",",W","280",",W","280",",W","13.4",",W","17.9",",W"
"USW00004780","2003-01","42.55495","-71.75699","102.3","FITCHBURG MUNICIPAL AIRPORT, MA US","2.9",",W","0.0","W","0.0",",W","10",",W","4",",W","0",",W","7",",W","31",",W","27",",W","0",",W","0",",W","","","","","20030119",",,W","","","20030101",",,W","20030101",",,W","-22.8",",W,19,","17.5",",,W,01,","5.6",",W,01,","2243.8","W","820.9",",W","58.8",",,,W","-8.15",",W","-2.91",",,,W","-13.38",",,,W","0","3,W","280","1,W","290",",W","13.4","1,W","17.0",",W"
"USW00004780","2003-02","42.55495","-71.75699","102.3","FITCHBURG MUNICIPAL AIRPORT, MA US","3.2",",W","0.0","W","0.0",",W","10",",W","6",",W","0",",W","6",",W","25",",W","14",",W","0",",W","0",",W","","","","","20030214",",,W","","","20030222",",,W","20030221",",,W","-23.9",",W,14,","21.3",",,W,22,","11.7",",W,21,","2916.1","W","672.3",",W","92.5",",,,W","-5.68",",W","-0.47",",,,W","-10.88",",,,W","","","290",",W","240",",W","15.6",",W","21.5",",W"
"USW00004780","2003-03","42.55495","-71.75699","102.3","FITCHBURG MUNICIPAL AIRPORT, MA US","3.2",",W","0.0","W","0.0",",W","11",",W","8",",W","1",",W","1",",W","24",",W","3",",W","0",",W","0",",W","","","","","20030307",",,W","","","20030302",",,W","20030329","+,,W","-24.4",",W,07,","25.7",",,W,02,","20.6",",W,29,+","3428.4","W","512.3",",W","87.1",",,,W","1.81",",W","8.51",",,,W","-4.90",",,,W","0","1,W","280",",W","290",",W","14.3",",W","19.7",",W"
"USW00004780","2003-04","42.55495","-71.75699","102.3","FITCHBURG MUNICIPAL AIRPORT, MA US","3.2",",W","1.4","W","1.4",",W","12",",W","8",",W","1",",W","0",",W","17",",W","0",",W","5",",W","0",",W","","","","","20030407",",,W","","","20030426",",,W","20030416",",,W","-5.0",",W,07,","26.2",",,W,26,","28.9",",W,16,","3783.2","W","354.8",",W","80.6",",,,W","6.55",",W","12.47",",,,W","0.64",",,,W","0",",W","270",",W","260",",W","12.5",",W","16.1",",W"
"USW00004780","2003-05","42.55495","-71.75699","102.3","FITCHBURG MUNICIPAL AIRPORT, MA US","2.6",",W","2.2","W","0.8",",W","17",",W","12",",W","1",",W","0",",W","1",",W","0",",W","9",",W","0",",W","","","","","20030518",",,W","","","20030526",",,W","20030520",",,W","0.0",",W,18,","41.7",",,W,26,","29.4",",W,20,","3951.1","W","167.9",",W","115.2",",,,W","12.95",",W","18.35",",,,W","7.54",",,,W","0",",W","280",",W","270",",W","9.8",",W","13.0",",W"
"USW00004780","2003-06","42.55495","-71.75699","102.3","FITCHBURG MUNICIPAL AIRPORT, MA US","2.6",",W","66.1","W","63.9",",W","13",",W","10",",W","1",",W","0",",W","0",",W","0",",W","21",",W","4",",W","","","","","20030603",",,W","","","20030622",",,W","20030625",",,W","5.6",",W,03,","34.3",",,W,22,","34.4",",W,25,","3990.3","W","39.2",",W","102.8",",,,W","19.16",",W","24.33",",,,W","13.98",",,,W","","","280",",W","280",",W","11.2",",W","13.9",",W"
"USW00004780","2003-07","42.55495","-71.75699","102.3","FITCHBURG MUNICIPAL AIRPORT, MA US","2.7",",W","204.9","W","138.8","2,W","8",",W","3",",W","0",",W","0","2,W","0","2,W","0","2,W","28","2,W","3","2,W","","","","","20030710",",2,W","","","20030711",",,W","20030706","+,2,W","12.8","2,W,10,","16.8",",,W,11,","33.9","2,W,06,+","1.7","W","1.7","2,W","29.2",",,,W","23.06","2,W","28.88","2,,,W","17.24","2,,,W","0","5,W","190",",W","260",",W","9.8",",W","13.0",",W"
"USW00004780","2003-08","42.55495","-71.75699","102.3","FITCHBURG MUNICIPAL AIRPORT, MA US","2.3",",W","335.6","W","130.7",",W","15",",W","12",",W","1",",W","0",",W","0",",W","0",",W","30",",W","1",",W","","","","","20030824",",,W","","","20030804",",,W","20030822",",,W","7.2",",W,24,","28.4",",,W,04,","32.2",",W,22,","10.7","W","9.0",",W","145.3",",,,W","22.26",",W","27.47",",,,W","17.05",",,,W","","","280",",W","270",",W","10.7",",W","13.0",",W"
"USW00004780","2003-09","42.55495","-71.75699","102.3","FITCHBURG MUNICIPAL AIRPORT, MA US","1.9",",W","348.7","W","13.1","1,W","17",",W","8",",W","1",",W","0","1,W","0","1,W","0","1,W","21","1,W","0","1,W","","","","","20030930",",1,W","","","20030923",",,W","20030914",",1,W","5.6","1,W,30,","42.7",",,W,23,","28.3","1,W,14,","60.6","W","49.9","1,W","120.2",",,,W","17.06","1,W","22.53","1,,,W","11.60","1,,,W","0","3,W","150",",W","150",",W","9.4",",W","12.5",",W"
"USW00004780","2003-10","42.55495","-71.75699","102.3","FITCHBURG MUNICIPAL AIRPORT, MA US","2.6",",W","348.7","W","0.0",",W","12",",W","6",",W","3",",W","0",",W","6",",W","0",",W","3",",W","0",",W","","","","","20031025",",,W","","","20031029",",,W","20031009",",,W","-3.9",",W,25,","43.7",",,W,29,","23.9",",W,09,","338.1","W","277.5",",W","133.6",",,,W","9.38",",W","15.18",",,,W","3.58",",,,W","0","4,W","240",",W","280",",W","14.8",",W","20.6",",W"
"USW00004780","2003-11","42.55495","-71.75699","102.3","FITCHBURG MUNICIPAL AIRPORT, MA US","2.8",",W","348.7","W","0.0",",W","12",",W","6",",W","0",",W","0",",W","14",",W","0",",W","1",",W","0",",W","","","","","20031110","+,,W","","","20031105",",,W","20031101",",,W","-6.7",",W,10,+","9.9",",,W,05,","24.4",",W,01,","703.3","W","365.2",",W","47.0",",,,W","6.16",",W","11.50",",,,W","0.81",",,,W","0","1,W","240",",W","270",",W","14.3",",W","19.7",",W"
"USW00004780","2003-12","42.55495","-71.75699","102.3","FITCHBURG MUNICIPAL AIRPORT, MA US","3.4",",W","348.7","W","0.0",",W","10",",W","6",",W","1",",W","0",",W","27",",W","8",",W","0",",W","0",",W","","","","","20031209",",,W","","","20031211",",,W","20031229",",,W","-14.4",",W,09,","26.9",",,W,11,","13.3",",W,29,","1290.6","W","587.3",",W","110.2",",,,W","-0.61",",W","4.32",",,,W","-5.54",",,,W","0","3,W","290",",W","280",",W","17.0",",W","22.8",",W"
"USW00004780","2004-01","42.55495","-71.75699","102.3","FITCHBURG MUNICIPAL AIRPORT, MA US","3.9",",W","0.0","W","0.0",",W","8",",W","3",",W","0",",W","9",",W","31",",W","25",",W","0",",W","0",",W","","","","","20040116",",,W","","","20040105",",,W","20040104",",,W","-23.3",",W,16,","7.1",",,W,05,","8.3",",W,04,","2120.4","W","829.8",",W","19.1",",,,W","-8.44",",W","-4.45",",,,W","-12.43",",,,W","","","260",",W","270",",W","14.3",",W","19.2",",W"
"USW00004780","2004-02","42.55495","-71.75699","102.3","FITCHBURG MUNICIPAL AIRPORT, MA US","3.5",",W","0.0","W","0.0",",W","5",",W","2",",W","0",",W","0",",W","29",",W","6",",W","0",",W","0",",W","","","","","20040216",",,W","","","20040206",",,W","20040229",",,W","-17.2",",W,16,","17.3",",,W,06,","11.1",",W,29,","2723.2","W","602.8",",W","33.6",",,,W","-2.45",",W","2.64",",,,W","-7.55",",,,W","0","1,W","290",",W","290",",W","13.9",",W","17.0",",W"
"USW00004780","2004-03","42.55495","-71.75699","102.3","FITCHBURG MUNICIPAL AIRPORT, MA US","3.3",",W","0.0","W","0.0",",W","18",",W","6",",W","1",",W","0",",W","21",",W","4",",W","1",",W","0",",W","","","","","20040320",",,W","","","20040331",",,W","20040326",",,W","-10.6",",W,20,","40.9",",,W,31,","22.2",",W,26,","3206.0","W","482.8",",W","75.6",",,,W","2.76",",W","7.56",",,,W","-2.04",",,,W","","","250",",W","260",",W","13.9",",W","17.9",",W"
"USW00004780","2004-04","42.55495","-71.75699","102.3","FITCHBURG MUNICIPAL AIRPORT, MA US","3.5",",W","3.1","W","3.1",",W","14",",W","9",",W","2",",W","0",",W","6",",W","0",",W","5",",W","0",",W","","","","","20040406",",,W","","","20040401",",,W","20040419",",,W","-2.8",",W,06,","67.8",",,W,01,","31.1",",W,19,","3488.3","W","282.3",",W","194.6",",,,W","9.03",",W","14.87",",,,W","3.19",",,,W","0",",W","280",",W","280",",W","14.8",",W","19.2",",W"
"USW00004780","2004-05","42.55495","-71.75699","102.3","FITCHBURG MUNICIPAL AIRPORT, MA US","3.1",",W","17.0","W","13.9",",W","19",",W","10",",W","0",",W","0",",W","0",",W","0",",W","18",",W","0",",W","","","","","20040505",",,W","","","20040524",",,W","20040515",",,W","0.6",",W,05,","15.5",",,W,24,","31.7",",W,15,","3603.6","W","115.3",",W","89.8",",,,W","15.06",",W","21.32",",,,W","8.80",",,,W","","","270",",W","280",",W","13.4",",W","18.3",",W"
"USW00004780","2004-06","42.55495","-71.75699","102.3","FITCHBURG MUNICIPAL AIRPORT, MA US","3.0",",W","63.4","W","46.4",",W","14",",W","8",",W","0",",W","0",",W","0",",W","0",",W","27",",W","1",",W","","","","","20040611","+,,W","","","20040610",",,W","20040609",",,W","6.7",",W,11,+","6.4",",,W,10,","33.9",",W,09,","3646.2","W","42.6",",W","43.2",",,,W","18.46",",W","24.66",",,,W","12.26",",,,W","","","280",",W","280",",W","10.7",",W","13.9",",W"
"USW00004780","2004-07","42.55495","-71.75699","102.3","FITCHBURG MUNICIPAL AIRPORT, MA US","2.5",",W","155.9","W","92.5",",W","15",",W","9",",W","1",",W","0",",W","0",",W","0",",W","28",",W","0",",W","","","","","20040725",",,W","","","20040708",",,W","20040731",",,W","12.2",",W,25,","58.7",",,W,08,","31.1",",W,31,","4.7","W","4.7",",W","121.4",",,,W","21.16",",W","26.20",",,,W","16.13",",,,W","","","270",",W","270",",W","14.8",",W","19.2",",W"
"USW00004780","2004-08","42.55495","-71.75699","102.3","FITCHBURG MUNICIPAL AIRPORT, MA US","2.5",",W","261.8","W","105.9",",W","14",",W","7",",W","1",",W","0",",W","0",",W","0",",W","29",",W","3",",W","","","","","20040826",",,W","","","20040821",",,W","20040829","+,,W","8.9",",W,26,","26.2",",,W,21,","32.2",",W,29,+","13.5","W","8.8",",W","74.7",",,,W","21.46",",W","26.80",",,,W","16.13",",,,W","0",",W","150",",W","280",",W","9.4",",W","11.6",",W"
"USW00004780","2004-09","42.55495","-71.75699","102.3","FITCHBURG MUNICIPAL AIRPORT, MA US","2.3",",W","279.1","W","17.3",",W","13",",W","8",",W","3",",W","0",",W","0",",W","0",",W","24",",W","0",",W","","","","","20040919",",,W","","","20040918",",,W","20040904",",,W","5.0",",W,19,","79.5",",,W,18,","28.9",",W,04,","65.4","W","51.9",",W","189.6",",,,W","17.18",",W","23.33",",,,W","11.02",",,,W","0","1,W","330",",W","290",",W","11.2",",W","14.3",",W"
"USW00004780","2004-10","42.55495","-71.75699","102.3","FITCHBURG MUNICIPAL AIRPORT, MA US","2.5",",W","279.1","W","0.0",",W","9",",W","5",",W","0",",W","0",",W","4",",W","0",",W","5",",W","0",",W","","","","","20041028",",,W","","","20041015",",,W","20041008",",,W","-2.2",",W,28,","19.1",",,W,15,","25.0",",W,08,","317.2","W","251.8",",W","50.7",",,,W","10.21",",W","15.50",",,,W","4.92",",,,W","","","300",",W","290",",W","10.7",",W","14.3",",W"
"USW00004780","2004-11","42.55495","-71.75699","102.3","FITCHBURG MUNICIPAL AIRPORT, MA US","2.9",",W","279.1","W","0.0",",W","11",",W","6",",W","1",",W","0",",W","20",",W","0",",W","0",",W","0",",W","","","","","20041110",",,W","","","20041128",",,W","20041107",",,W","-7.8",",W,10,","36.8",",,W,28,","18.9",",W,07,","730.4","W","413.2",",W","92.5",",,,W","4.56",",W","10.27",",,,W","-1.15",",,,W","","","270",",W","260",",W","15.6",",W","21.0",",W"
"USW00004780","2004-12","42.55495","-71.75699","102.3","FITCHBURG MUNICIPAL AIRPORT, MA US","2.9",",W","279.1","W","0.0",",W","13",",W","6",",W","1",",W","1",",W","26",",W","7",",W","0",",W","0",",W","","","","","20041221",",,W","","","20041201",",,W","20041223",",,W","-17.8",",W,21,","30.7",",,W,01,","14.4",",W,23,","1339.1","W","608.7",",W","106.5",",,,W","-1.30",",W","3.67",",,,W","-6.27",",,,W","0","2,W","260",",W","240",",W","17.0",",W","22.8",",W"
"USW00004780","2005-01","42.55495","-71.75699","102.3","FITCHBURG MUNICIPAL AIRPORT, MA US","3.0",",W","0.0","B","0.0",",W","16",",W","10",",W","0",",W","7",",W","29",",W","18",",W","0",",W","0",",W","","","","","20050122",",,W","","","20050106",",,W","20050114",",,W","-21.7",",W,22,","20.3",",,W,06,","15.6",",W,14,","2074.4","B","735.3",",W","97.2",",,,W","-5.39",",W","-0.66",",,,W","-10.11",",,,W","0",",W","260",",W","270",",W","14.3",",W","19.7",",W"
"USW00004780","2005-02","42.55495","-71.75699","102.3","FITCHBURG MUNICIPAL AIRPORT, MA US","2.7",",W","0.0","B","0.0",",W","11",",W","7",",W","0",",W","0",",W","28",",W","10",",W","0",",W","0",",W","","","","","20050202","+,,W","","","20050210",",,W","20050205",",,W","-16.1",",W,02,+","17.3",",,W,10,","13.3",",W,05,","2657.7","B","583.3",",W","58.6",",,,W","-2.50",",W","3.37",",,,W","-8.37",",,,W","","","270",",W","270",",W","16.1",",W","20.1",",W"
"USW00004780","2005-03","42.55495","-71.75699","102.3","FITCHBURG MUNICIPAL AIRPORT, MA US","3.3",",W","0.0","B","0.0",",W","8",",W","6",",W","2",",W","0",",W","28",",W","6",",W","0",",W","0",",W","","","","","20050310",",,W","","","20050328",",,W","20050330",",,W","-16.1",",W,10,","44.2",",,W,28,","16.7",",W,30,","3235.1","B","577.4",",W","119.9",",,,W","-0.29",",W","5.04",",,,W","-5.63",",,,W","","","280",",W","270",",W","15.6",",W","23.7",",W"
"USW00004780","2005-04","42.55495","-71.75699","102.3","FITCHBURG MUNICIPAL AIRPORT, MA US","3.2",",W","2.0","B","2.0",",W","16",",W","8",",W","1",",W","0",",W","8",",W","0",",W","6",",W","0",",W","","","","","20050416",",,W","","","20050423",",,W","20050420",",,W","-2.8",",W,16,","30.7",",,W,23,","30.6",",W,20,","3497.3","B","262.2",",W","140.2",",,,W","9.66",",W","16.48",",,,W","2.84",",,,W","","","260",",W","260",",W","11.6",",W","15.6",",W"
"USW00004780","2005-05","42.55495","-71.75699","102.3","FITCHBURG MUNICIPAL AIRPORT, MA US","2.9",",W","2.0","B","0.0",",W","17",",W","9",",W","0",",W","0",",W","2",",W","0",",W","5",",W","0",",W","","","","","20050513","+,,W","","","20050525",",,W","20050511",",,W","-0.6",",W,13,+","24.4",",,W,25,","28.3",",W,11,","3720.7","B","223.4",",W","110.9",",,,W","11.13",",W","16.23",",,,W","6.02",",,,W","","","310",",W","310",",W","11.6",",W","14.8",",W"
"USW00004780","2005-06","42.55495","-71.75699","102.3","FITCHBURG MUNICIPAL AIRPORT, MA US","2.3",",W","110.1","B","108.1",",W","16",",W","9",",W","1",",W","0",",W","0",",W","0",",W","26",",W","6",",W","","","","","20050623",",,W","","","20050608",",,W","20050626",",,W","8.3",",W,23,","39.9",",,W,08,","35.0",",W,26,","3749.4","B","28.7",",W","111.9",",,,W","20.98",",W","26.92",",,,W","15.04",",,,W","","","210",",W","220",",W","14.8",",W","20.6",",W"
"USW00004780","2005-07","42.55495","-71.75699","102.3","FITCHBURG MUNICIPAL AIRPORT, MA US","2.7",",W","244.9","B","134.8",",W","10",",W","6",",W","1",",W","0",",W","0",",W","0",",W","28",",W","4",",W","","","","","20050703",",,W","","","20050708",",,W","20050727",",,W","11.1",",W,03,","48.0",",,W,08,","35.0",",W,27,","5.0","B","5.0",",W","99.4",",,,W","22.52",",W","27.93",",,,W","17.11",",,,W","","","260",",W","260",",W","13.0",",W","17.0",",W"
"USW00004780","2005-08","42.55495","-71.75699","102.3","FITCHBURG MUNICIPAL AIRPORT, MA US","2.3",",B","390.2","B","145.3",",B","14",",B","7",",B","0",",B","0",",B","0",",B","0",",B","30",",B","5",",B","","","","","20050818",",,B","","","20050814",",,B","20050813",",,B","11.7",",B,18,","23.6",",,B,14,","33.9",",B,13,","5.0","B","0.0",",B","69.6",",,,B","23.02",",B","28.68",",,,B","17.36",",,,B","","","170",",B","170",",B","10.3",",B","13.9",",B"
"USW00004780","2005-09","42.55495","-71.75699","102.3","FITCHBURG MUNICIPAL AIRPORT, MA US","2.5",",B","440.2","B","50.0",",B","10",",B","5",",B","0",",B","0",",B","0",",B","0",",B","27",",B","1",",B","","","","","20050925",",,B","","","20050916",",,B","20050912",",,B","4.4",",B,25,","12.2",",,B,16,","32.2",",B,12,","42.2","B","37.2",",B","41.9",",,,B","18.76",",B","25.12",",,,B","12.40",",,,B","","","250",",B","260",",B","13.4",",B","18.3",",B"
"USW00004780","2005-10","42.55495","-71.75699","102.3","FITCHBURG MUNICIPAL AIRPORT, MA US","3.0",",B","445.2","B","5.0",",B","18",",B","13",",B","4",",B","0",",B","2",",B","0",",B","8",",B","0",",B","","","","","20051029",",,B","","","20051008",",,B","20051005",",,B","-0.6",",B,29,","95.3",",,B,08,","27.2",",B,05,","264.3","B","222.1",",B","343.5",",,,B","11.33",",B","15.75",",,,B","6.91",",,,B","","","250",",B","240",",B","14.3",",B","19.7",",B"
"USW00004780","2005-11","42.55495","-71.75699","102.3","FITCHBURG MUNICIPAL AIRPORT, MA US","2.5",",B","445.2","B","0.0",",B","14",",B","9",",B","1",",B","0",",B","19",",B","2",",B","2",",B","0",",B","","","","","20051126",",,B","","","20051122",",,B","20051105","+,,B","-12.8",",B,26,","30.0",",,B,22,","22.2",",B,05,+","669.5","B","405.2",",B","118.5",",,,B","4.83",",B","11.03",",,,B","-1.38",",,,B","","","300",",B","310",",B","13.9",",B","19.2",",B"
"USW00004780","2005-12","42.55495","-71.75699","102.3","FITCHBURG MUNICIPAL AIRPORT, MA US","2.5",",B","445.2","B","0.0",",B","8",",B","5",",B","2",",B","1",",B","30",",B","10",",B","0",",B","0",",B","","","","","20051214",",,B","","","20051216",",,B","20051224",",,B","-18.3",",B,14,","29.0",",,B,16,","8.3",",B,24,","1317.6","B","648.1",",B","96.6",",,,B","-2.57",",B","2.06",",,,B","-7.21",",,,B","","","310",",B","290",",B","13.4",",B","18.3",",B"
"USW00004780","2006-01","42.55495","-71.75699","102.3","FITCHBURG MUNICIPAL AIRPORT, MA US","2.6",",W","0.0","W","0.0",",W","17",",W","9",",W","1",",W","0",",W","30",",W","4",",W","0",",W","0",",W","21","","10","","20060116",",,W","","","20060118",",,W","20060121","+,,W","-13.8",",W,16,","26.7",",,W,18,","14.4",",W,21,+","1879.7","W","562.1",",W","117.3",",,,W","0.20",",W","5.09",",,,W","-4.68",",,,W","","","290",",W","290",",W","15.7",",W","23.3",",W"
"USW00004780","2006-02","42.55495","-71.75699","102.3","FITCHBURG MUNICIPAL AIRPORT, MA US","3.4",",W","0.0","W","0.0",",W","7",",W","5",",W","0",",W","0",",W","26",",W","10",",W","0",",W","0",",W","14","","4","","20060213",",,W","","","20060204",",,W","20060216",",,W","-16.6",",W,13,","19.0",",,W,04,","15.6",",W,16,","2459.7","W","580.0",",W","60.2",",,,W","-2.38",",W","2.74",",,,W","-7.51",",,,W","","","300",",W","310",",W","19.7",",W","26.8",",W"
"USW00004780","2006-03","42.55495","-71.75699","102.3","FITCHBURG MUNICIPAL AIRPORT, MA US","3.6",",W","0.0","W","0.0",",W","3",",W","1",",W","0",",W","0",",W","26",",W","2",",W","1",",W","0",",W","3","","2","","20060301",",,W","1","","20060313",",,W","20060331",",,W","-12.1",",W,01,","10.7",",,W,13,","23.3",",W,31,","2954.3","W","494.6",",W","13.5",",,,W","2.38",",W","8.39",",,,W","-3.63",",,,W","","","290",",W","300",",W","14.3",",W","20.1",",W"
"USW00004780","2006-04","42.55495","-71.75699","102.3","FITCHBURG MUNICIPAL AIRPORT, MA US","3.2",",W","0.0","W","0.0",",W","12",",W","6",",W","0",",W","0",",W","10",",W","0",",W","7",",W","0",",W","9","","","","20060409","+,,W","3","","20060404",",,W","20060420",",,W","-2.1",",W,09,+","23.4",",,W,04,","25.0",",W,20,","3214.9","W","260.6",",W","59.5",",,,W","9.65",",W","16.69",",,,W","2.60",",,,W","","","310",",W","300",",W","13.9",",W","19.2",",W"
"USW00004780","2006-05","42.55495","-71.75699","102.3","FITCHBURG MUNICIPAL AIRPORT, MA US","2.8",",W","18.1","W","18.1",",W","15",",W","12",",W","2",",W","0",",W","0",",W","0",",W","12",",W","0",",W","17","","1","","20060501",",,W","1","","20060513",",,W","20060531","+,,W","1.7",",W,01,","40.9",",,W,13,","30.0",",W,31,+","3377.0","W","162.1",",W","201.0",",,,W","13.69",",W","18.96",",,,W","8.41",",,,W","","","300",",W","310",",W","15.7",",W","21.0",",W"
"USW00004780","2006-06","42.55495","-71.75699","102.3","FITCHBURG MUNICIPAL AIRPORT, MA US","2.3",",W","99.3","W","81.2",",W","20",",W","13",",W","4",",W","0",",W","0",",W","0",",W","21",",W","2",",W","22","","1","","20060611",",,W","7","","20060607",",,W","20060618",",,W","10.6",",W,11,","48.5",",,W,07,","33.9",",W,18,","3411.1","W","34.1",",W","255.6",",,,W","19.90",",W","24.40",",,,W","15.40",",,,W","","","360",",W","10",",W","16.5",",W","20.1",",W"
"USW00004780","2006-07","42.55495","-71.75699","102.3","FITCHBURG MUNICIPAL AIRPORT, MA US","2.3",",W","265.0","W","165.7",",W","11",",W","6",",W","0",",W","0",",W","0",",W","0",",W","31",",W","6",",W","11","","","","20060707",",,W","5","","20060712",",,W","20060718",",,W","13.3",",W,07,","21.8",",,W,12,","34.4",",W,18,","0.0","W","0.0",",W","51.6",",,,W","23.68",",W","29.44",",,,W","17.92",",,,W","","","280",",W","260",",W","9.4",",W","11.6",",W"
"USW00004780","2006-08","42.55495","-71.75699","102.3","FITCHBURG MUNICIPAL AIRPORT, MA US","2.3","2,W","355.5","W","90.5","1,W","13","1,W","9","1,W","1","1,W","0","1,W","0","1,W","0","1,W","27","1,W","3","1,W","11","","","","20060813",",1,W","5","","20060820",",1,W","20060802",",1,W","8.9","1,W,13,","31.7","1,,W,20,","37.8","1,W,02,","15.0","W","15.0","1,W","114.2","1,,,W","20.85","1,W","26.57","1,,,W","15.12","1,,,W","","","280","1,W","330","1,W","11.2","1,W","13.9","1,W"
"USW00004780","2006-09","42.55495","-71.75699","102.3","FITCHBURG MUNICIPAL AIRPORT, MA US","2.1",",W","368.9","W","13.4",",W","14",",W","6",",W","1",",W","0",",W","0",",W","0",",W","15",",W","0",",W","12","","","","20060930",",,W","1","","20060903",",,W","20060909",",,W","2.8",",W,30,","33.8",",,W,03,","27.8",",W,09,","92.5","W","77.5",",W","73.2",",,,W","16.20",",W","21.75",",,,W","10.64",",,,W","","","300",",W","300",",W","14.3",",W","19.2",",W"
"USW00004780","2006-10","42.55495","-71.75699","102.3","FITCHBURG MUNICIPAL AIRPORT, MA US","2.8",",W","368.9","W","0.0",",W","10",",W","6",",W","2",",W","0",",W","4",",W","0",",W","5",",W","0",",W","11","","1","","20061027",",,W","1","","20061028",",,W","20061009",",,W","-2.1",",W,27,","55.4",",,W,28,","26.1",",W,09,","337.3","W","244.8",",W","142.1",",,,W","10.44",",W","16.25",",,,W","4.62",",,,W","","","270",",W","260",",W","13.4",",W","20.6",",W"
"USW00004780","2006-11","42.55495","-71.75699","102.3","FITCHBURG MUNICIPAL AIRPORT, MA US","2.1",",W","368.9","W","0.0",",W","12",",W","8",",W","2",",W","0",",W","12",",W","0",",W","0",",W","0",",W","18","","2","","20061122","+,,W","","","20061108",",,W","20061109",",,W","-4.9",",W,22,+","52.6",",,W,08,","20.6",",W,09,","658.1","W","320.8",",W","151.2",",,,W","7.64",",W","12.68",",,,W","2.59",",,,W","","","300",",W","200",",W","10.3",",W","13.0",",W"
"USW00004780","2006-12","42.55495","-71.75699","102.3","FITCHBURG MUNICIPAL AIRPORT, MA US","2.7","1,W","368.9","W","0.0",",W","8",",W","6",",W","0",",W","0",",W","21",",W","1",",W","0",",W","0",",W","13","","1","","20061208","+,,W","1","","20061223",",,W","20061201",",,W","-8.2",",W,08,+","16.5",",,W,23,","19.4",",W,01,","1140.1","W","482.0",",W","45.1",",,,W","2.79",",W","7.64",",,,W","-2.07",",,,W","","","290",",W","290",",W","13.9",",W","20.1",",W"
"USW00004780","2007-01","42.55495","-71.75699","102.3","FITCHBURG MUNICIPAL AIRPORT, MA US","2.9",",W","0.0","W","0.0",",W","11",",W","5",",W","0",",W","0",",W","26",",W","10",",W","0",",W","0",",W","11","","","","20070126",",,W","","","20070108",",,W","20070106",",,W","-17.7",",W,26,","20.6",",,W,08,","20.6",",W,06,","1755.8","W","615.7",",W","69.5",",,,W","-1.53",",W","3.03",",,,W","-6.08",",,,W","","","320",",W","290",",W","13.9",",W","17.9",",W"
"USW00004780","2007-02","42.55495","-71.75699","102.3","FITCHBURG MUNICIPAL AIRPORT, MA US","3.9",",W","0.0","W","0.0","2,W","5",",W","3",",W","0",",W","0","2,W","26","2,W","13","2,W","0","2,W","0","2,W","9","","2","","20070219","+,2,W","","","20070214",",,W","20070211",",2,W","-15.5","2,W,19,+","24.6",",,W,14,","8.9","2,W,11,","2366.5","W","610.7","2,W","33.6",",,,W","-5.15","2,W","-0.12","2,,,W","-10.18","2,,,W","","","290",",W","290",",W","15.7",",W","21.9",",W"
"USW00004780","2007-03","42.55495","-71.75699","102.3","FITCHBURG MUNICIPAL AIRPORT, MA US","3.8",",W","0.0","W","0.0",",W","14",",W","7",",W","1",",W","0",",W","26",",W","3",",W","1",",W","0",",W","16","","3","","20070306",",,W","","","20070302",",,W","20070314",",,W","-17.1",",W,06,","46.5",",,W,02,","22.2",",W,14,","2890.0","W","523.5",",W","105.4",",,,W","1.45",",W","7.42",",,,W","-4.53",",,,W","","","300",",W","290",",W","14.8",",W","21.5",",W"
"USW00004780","2007-04","42.55495","-71.75699","102.3","FITCHBURG MUNICIPAL AIRPORT, MA US","3.2",",W","1.1","W","1.1",",W","15",",W","9",",W","2",",W","0",",W","10",",W","0",",W","7",",W","0",",W","17","","2","","20070407",",,W","","","20070415",",,W","20070423",",,W","-4.9",",W,07,","51.6",",,W,15,","30.0",",W,23,","3236.9","W","346.9",",W","180.7",",,,W","6.81",",W","11.91",",,,W","1.70",",,,W","","","290",",W","300",",W","13.9",",W","19.2",",W"
"USW00004780","2007-05","42.55495","-71.75699","102.3","FITCHBURG MUNICIPAL AIRPORT, MA US","2.8",",W","35.2","W","34.1",",W","9",",W","8",",W","1",",W","0",",W","0",",W","0",",W","17",",W","1",",W","8","","1","","20070507","+,,W","6","","20070516",",,W","20070525",",,W","1.7",",W,07,+","43.7",",,W,16,","33.3",",W,25,","3355.9","W","119.0",",W","111.2",",,,W","15.59",",W","22.54",",,,W","8.64",",,,W","","","290",",W","300",",W","13.0",",W","17.0",",W"
"USW00004780","2007-06","42.55495","-71.75699","102.3","FITCHBURG MUNICIPAL AIRPORT, MA US","2.6","1,W","109.1","W","73.9",",W","10",",W","4",",W","0",",W","0",",W","0",",W","0",",W","25",",W","3",",W","11","","","","20070607",",,W","7","","20070604",",,W","20070627",",,W","5.6",",W,07,","23.9",",,W,04,","34.4",",W,27,","3389.8","W","33.9",",W","61.0",",,,W","19.67",",W","25.61",",,,W","13.73",",,,W","","","320",",W","330",",W","11.6",",W","16.5",",W"
"USW00004780","2007-07","42.55495","-71.75699","102.3","FITCHBURG MUNICIPAL AIRPORT, MA US","2.2",",W","229.3","W","120.2",",W","17",",W","12",",W","2",",W","0",",W","0",",W","0",",W","30",",W","1",",W","18","","2","","20070702","+,,W","7","","20070729",",,W","20070727",",,W","10.0",",W,02,+","37.8",",,W,29,","32.2",",W,27,","6.4","W","6.4",",W","161.0",",,,W","22.00",",W","27.69",",,,W","16.32",",,,W","","","290",",W","310",",W","13.4",",W","19.7",",W"
"USW00004780","2007-08","42.55495","-71.75699","102.3","FITCHBURG MUNICIPAL AIRPORT, MA US","2.0",",W","342.6","W","113.3",",W","11",",W","5",",W","0",",W","0",",W","0",",W","0",",W","30",",W","3",",W","9","","","","20070822","+,,W","4","","20070808",",,W","20070825",",,W","7.8",",W,22,+","14.2",",,W,08,","34.4",",W,25,","25.8","W","19.4",",W","35.7",",,,W","21.36",",W","27.83",",,,W","14.89",",,,W","","","320",",W","40",",W","12.5",",W","17.0",",W"
"USW00004780","2007-09","42.55495","-71.75699","102.3","FITCHBURG MUNICIPAL AIRPORT, MA US","2.0",",W","380.8","W","38.2",",W","8",",W","5",",W","1",",W","0",",W","0",",W","0",",W","23",",W","3",",W","10","","","","20070919","+,,W","1","","20070911",",,W","20070908",",,W","3.3",",W,19,+","25.7",",,W,11,","34.4",",W,08,","85.5","W","59.7",",W","57.3",",,,W","17.62",",W","24.78",",,,W","10.45",",,,W","","","300",",W","300",",W","12.5",",W","19.2",",W"
"USW00004780","2007-10","42.55495","-71.75699","102.3","FITCHBURG MUNICIPAL AIRPORT, MA US","2.0",",W","392.5","W","11.7",",W","12",",W","8",",W","0",",W","0",",W","3",",W","0",",W","13",",W","0",",W","16","","3","","20071029",",,W","1","","20071027",",,W","20071005",",,W","-3.8",",W,29,","19.0",",,W,27,","30.6",",W,05,","251.2","W","165.7",",W","84.9",",,,W","13.37",",W","19.64",",,,W","7.09",",,,W","","","290",",W","300",",W","12.5",",W","19.7",",W"
"USW00004780","2007-11","42.55495","-71.75699","102.3","FITCHBURG MUNICIPAL AIRPORT, MA US","2.6",",W","392.5","W","0.0",",W","11",",W","6",",W","0",",W","0",",W","23",",W","0",",W","0",",W","0",",W","12","","4","","20071124",",,W","","","20071106",",,W","20071127",",,W","-8.2",",W,24,","19.6",",,W,06,","17.2",",W,27,","701.5","W","450.3",",W","67.9",",,,W","3.32",",W","8.56",",,,W","-1.91",",,,W","","","310",",W","300",",W","13.0",",W","17.4",",W"
"USW00004780","2007-12","42.55495","-71.75699","102.3","FITCHBURG MUNICIPAL AIRPORT, MA US","2.3",",W","392.5","W","0.0",",W","16",",W","9",",W","0",",W","1",",W","30",",W","12",",W","0",",W","0",",W","22","","5","","20071218",",,W","","","20071216",",,W","20071224",",,W","-21.0",",W,18,","20.8",",,W,16,","13.3",",W,24,","1353.0","W","651.5",",W","94.1",",,,W","-2.68",",W","2.17",",,,W","-7.54",",,,W","","","310",",W","280",",W","16.5",",W","23.3",",W"
"USW00004780","2008-01","42.55495","-71.75699","102.3","FITCHBURG MUNICIPAL AIRPORT, MA US","2.5",",W","0.0","W","0.0",",W","7",",W","5",",W","0",",W","1",",W","30",",W","12",",W","0",",W","0",",W","14","","4","","20080104",",,W","1","","20080111",",,W","20080108",",,W","-18.2",",W,04,","24.4",",,W,11,","18.9",",W,08,","1998.4","W","645.4",",W","60.4",",,,W","-2.49",",W","2.80",",,,W","-7.77",",,,W","","","290",",W","280",",W","13.9",",W","19.2",",W"
"USW00004780","2008-02","42.55495","-71.75699","102.3","FITCHBURG MUNICIPAL AIRPORT, MA US","2.8",",W","0.0","W","0.0",",W","15",",W","12",",W","3",",W","0",",W","27",",W","9",",W","0",",W","0",",W","18","","5","","20080229",",,W","1","","20080213",",,W","20080218",",,W","-16.6",",W,29,","70.9",",,W,13,","13.9",",W,18,","2605.9","W","607.5",",W","224.9",",,,W","-2.61",",W","1.96",",,,W","-7.19",",,,W","","","290",",W","290",",W","14.8",",W","21.0",",W"
"USW00004780","2008-03","42.55495","-71.75699","102.3","FITCHBURG MUNICIPAL AIRPORT, MA US","3.3",",W","0.0","W","0.0",",W","13",",W","10",",W","1",",W","0",",W","27",",W","0",",W","0",",W","0",",W","15","","2","","20080303",",,W","","","20080308",",,W","20080326",",,W","-12.1",",W,03,","29.5",",,W,08,","12.8",",W,26,","3122.9","W","517.0",",W","134.5",",,,W","1.66",",W","6.86",",,,W","-3.55",",,,W","","","300",",W","320",",W","16.1",",W","23.3",",W"
"USW00004780","2008-04","42.55495","-71.75699","102.3","FITCHBURG MUNICIPAL AIRPORT, MA US","2.7",",W","2.0","W","2.0",",W","8",",W","6",",W","1",",W","0",",W","8",",W","0",",W","10",",W","0",",W","8","","","","20080415",",,W","2","","20080428",",,W","20080423",",,W","-3.2",",W,15,","44.2",",,W,28,","28.9",",W,23,","3391.9","W","269.0",",W","91.4",",,,W","9.43",",W","16.26",",,,W","2.60",",,,W","","","280",",W","280",",W","16.5",",W","21.9",",W"
"USW00004780","2008-05","42.55495","-71.75699","102.3","FITCHBURG MUNICIPAL AIRPORT, MA US","2.9",",W","8.1","W","6.1",",W","11",",W","6",",W","0",",W","0",",W","1",",W","0",",W","15",",W","0",",W","8","","1","","20080501",",,W","2","","20080516",",,W","20080527",",,W","-1.6",",W,01,","13.2",",,W,16,","31.1",",W,27,","3545.8","W","153.9",",W","50.5",",,,W","13.57",",W","20.12",",,,W","7.01",",,,W","","","310",",W","300",",W","14.8",",W","20.6",",W"
"USW00004780","2008-06","42.55495","-71.75699","102.3","FITCHBURG MUNICIPAL AIRPORT, MA US","2.2",",W","86.7","W","78.6",",W","14",",W","8",",W","0",",W","0",",W","0",",W","0",",W","26",",W","4",",W","19","","1","","20080613",",,W","8","","20080615",",,W","20080610",",,W","8.9",",W,13,","18.8",",,W,15,","37.2",",W,10,","3558.3","W","12.5",",W","85.5",",,,W","20.54",",W","26.24",",,,W","14.83",",,,W","","","290",",W","290",",W","18.3",",W","23.7",",W"
"USW00004780","2008-07","42.55495","-71.75699","102.3","FITCHBURG MUNICIPAL AIRPORT, MA US","2.1",",W","235.1","W","148.4",",W","14",",W","10",",W","1",",W","0",",W","0",",W","0",",W","31",",W","3",",W","19","","2","","20080716",",,W","13","","20080724",",,W","20080719",",,W","13.9",",W,16,","28.2",",,W,24,","33.3",",W,19,","0.0","W","0.0",",W","145.9",",,,W","23.12",",W","28.60",",,,W","17.64",",,,W","","","270",",W","280",",W","11.2",",W","17.9",",W"
"USW00004780","2008-08","42.55495","-71.75699","102.3","FITCHBURG MUNICIPAL AIRPORT, MA US","1.9",",W","300.3","W","65.2",",W","19",",W","9",",W","1",",W","0",",W","0",",W","0",",W","29",",W","0",",W","14","","1","","20080820",",,W","12","","20080810",",,W","20080818","+,,W","8.3",",W,20,","46.7",",,W,10,","29.4",",W,18,+","6.2","W","6.2",",W","118.8",",,,W","20.24",",W","25.88",",,,W","14.60",",,,W","","","330",",W","340",",W","9.8",",W","14.8",",W"
"USW00004780","2008-09","42.55495","-71.75699","102.3","FITCHBURG MUNICIPAL AIRPORT, MA US","1.9",",W","340.1","W","39.8",",W","14",",W","9",",W","2",",W","0",",W","0",",W","0",",W","17",",W","0",",W","14","","1","","20080920",",,W","1","","20080906",",,W","20080905","+,,W","2.8",",W,20,","95.8",",,W,06,","31.7",",W,05,+","77.6","W","71.4",",W","204.9",",,,W","17.28",",W","22.87",",,,W","11.69",",,,W","","","300",",W","360",",W","11.6",",W","17.0",",W"
"USW00004780","2008-10","42.55495","-71.75699","102.3","FITCHBURG MUNICIPAL AIRPORT, MA US","2.2",",W","340.1","W","0.0",",W","9",",W","3",",W","0",",W","0",",W","7",",W","0",",W","5",",W","0",",W","10","","2","","20081031",",,W","","","20081026",",,W","20081009",",,W","-4.9",",W,31,","15.7",",,W,26,","22.8",",W,09,","349.4","W","271.8",",W","45.6",",,,W","9.56",",W","16.28",",,,W","2.85",",,,W","","","160",",W","160",",W","12.5",",W","17.9",",W"
"USW00004780","2008-11","42.55495","-71.75699","102.3","FITCHBURG MUNICIPAL AIRPORT, MA US","2.4",",W","340.1","W","0.0",",W","13",",W","6",",W","1",",W","0",",W","18",",W","3",",W","0",",W","0",",W","16","","1","","20081121",",,W","","","20081125",",,W","20081115",",,W","-11.0",",W,21,","39.1",",,W,25,","20.0",",W,15,","768.8","W","419.4",",W","93.5",",,,W","4.35",",W","9.15",",,,W","-0.44",",,,W","","","320",",W","330",",W","13.0",",W","17.9",",W"
"USW00004780","2008-12","42.55495","-71.75699","102.3","FITCHBURG MUNICIPAL AIRPORT, MA US","3.4",",W","340.1","W","0.0",",W","14",",W","9",",W","0",",W","1",",W","26",",W","8",",W","0",",W","0",",W","17","","4","","20081223",",,W","","","20081211",",,W","20081215",",,W","-21.6",",W,23,","24.6",",,W,11,","16.7",",W,15,","1356.0","W","587.2",",W","104.4",",,,W","-0.61",",W","4.53",",,,W","-5.75",",,,W","","","310",",W","290",",W","16.1",",W","23.7",",W"
"USW00004780","2009-01","42.55495","-71.75699","102.3","FITCHBURG MUNICIPAL AIRPORT, MA US","2.7",",W","0.0","W","0.0",",W","8",",W","5",",W","2",",W","6",",W","31",",W","18",",W","0",",W","0",",W","16","","4","","20090117","+,,W","","","20090128",",,W","20090124",",,W","-21.6",",W,17,+","30.0",",,W,28,","5.0",",W,24,","2141.5","W","785.5",",W","83.7",",,,W","-7.01",",W","-1.65",",,,W","-12.37",",,,W","","","310",",W","320",",W","15.7",",W","19.7",",W"
"USW00004780","2009-02","42.55495","-71.75699","102.3","FITCHBURG MUNICIPAL AIRPORT, MA US","3.6",",W","0.0","W","0.0",",W","6",",W","5",",W","0",",W","0",",W","27",",W","5",",W","0",",W","0",",W","9","","1","","20090205",",,W","","","20090222",",,W","20090227",",,W","-16.6",",W,05,","15.2",",,W,22,","15.0",",W,27,","2694.2","W","552.7",",W","40.6",",,,W","-1.41",",W","4.28",",,,W","-7.10",",,,W","","","280",",W","290",",W","16.1",",W","20.6",",W"
"USW00004780","2009-03","42.55495","-71.75699","102.3","FITCHBURG MUNICIPAL AIRPORT, MA US","2.7",",W","0.0","W","0.0",",W","11",",W","6",",W","0",",W","0",",W","21",",W","4",",W","0",",W","0",",W","14","","3","","20090304",",,W","","","20090329",",,W","20090328","+,,W","-14.3",",W,04,","17.5",",,W,29,","17.8",",W,28,+","3186.8","W","492.6",",W","70.9",",,,W","2.44",",W","8.13",",,,W","-3.24",",,,W","","","290",",W","290",",W","13.9",",W","21.9",",W"
"USW00004780","2009-04","42.55495","-71.75699","102.3","FITCHBURG MUNICIPAL AIRPORT, MA US","3.4",",W","13.9","W","13.9",",W","12",",W","7",",W","1",",W","0",",W","6",",W","0",",W","7",",W","1",",W","10","","1","","20090416",",,W","1","","20090421",",,W","20090428",",,W","-1.6",",W,16,","31.7",",,W,21,","34.4",",W,28,","3447.8","W","261.0",",W","99.6",",,,W","10.10",",W","16.14",",,,W","4.05",",,,W","","","280",",W","280",",W","14.3",",W","19.2",",W"
"USW00004780","2009-05","42.55495","-71.75699","102.3","FITCHBURG MUNICIPAL AIRPORT, MA US","2.7",",W","27.3","W","13.4",",W","16",",W","9",",W","1",",W","0",",W","0",",W","0",",W","15",",W","1",",W","17","","","","20090526","+,,W","4","","20090507",",,W","20090521",",,W","3.9",",W,26,+","27.4",",,W,07,","32.8",",W,21,","3564.7","W","116.9",",W","99.1",",,,W","15.00",",W","21.13",",,,W","8.86",",,,W","","","310",",W","310",",W","16.5",",W","22.8",",W"
"USW00004780","2009-06","42.55495","-71.75699","102.3","FITCHBURG MUNICIPAL AIRPORT, MA US","2.0",",W","56.5","W","29.2",",W","18",",W","12",",W","0",",W","0",",W","0",",W","0",",W","18",",W","0",",W","21","","1","","20090601",",,W","4","","20090612",",,W","20090607",",,W","2.2",",W,01,","23.9",",,W,12,","27.8",",W,07,","3603.9","W","39.2",",W","154.2",",,,W","18.00",",W","22.47",",,,W","13.53",",,,W","","","130",",W","100",",W","9.8",",W","17.9",",W"
"USW00004780","2009-07","42.55495","-71.75699","102.3","FITCHBURG MUNICIPAL AIRPORT, MA US","2.3",",W","135.7","W","79.2",",W","19",",W","14",",W","2",",W","0",",W","0",",W","0",",W","26",",W","0",",W","19","","1","","20090710",",,W","12","","20090724",",,W","20090728","+,,W","10.0",",W,10,","59.7",",,W,24,","31.1",",W,28,+","10.0","W","10.0",",W","240.8",",,,W","20.57",",W","25.74",",,,W","15.39",",,,W","","","280",",W","290",",W","13.0",",W","17.0",",W"
"USW00004780","2009-08","42.55495","-71.75699","102.3","FITCHBURG MUNICIPAL AIRPORT, MA US","2.0",",W","279.0","W","143.3",",W","12",",W","6",",W","0",",W","0",",W","0",",W","0",",W","30",",W","6",",W","17","","","","20090831",",,W","4","","20090829",",,W","20090818","+,,W","9.4",",W,31,","25.1",",,W,29,","34.4",",W,18,+","19.5","W","9.5",",W","65.9",",,,W","22.65",",W","28.33",",,,W","16.97",",,,W","","","180",",W","230",",W","10.3",",W","13.4",",W"
"USW00004780","2009-09","42.55495","-71.75699","102.3","FITCHBURG MUNICIPAL AIRPORT, MA US","2.2",",W","293.5","W","14.5",",W","9",",W","4",",W","0",",W","0",",W","0",",W","0",",W","18",",W","0",",W","6","","1","","20090926",",,W","","","20090912",",,W","20090905","+,,W","2.2",",W,26,","11.9",",,W,12,","28.3",",W,05,+","106.4","W","86.9",",W","30.3",",,,W","15.92",",W","22.31",",,,W","9.52",",,,W","","","190",",W","300",",W","9.8",",W","13.9",",W"
"USW00004780","2009-10","42.55495","-71.75699","102.3","FITCHBURG MUNICIPAL AIRPORT, MA US","2.4",",W","293.5","W","0.0",",W","13",",W","8",",W","2",",W","0",",W","8",",W","0",",W","4",",W","0",",W","15","","1","","20091015",",,W","1","","20091028",",,W","20091022","+,,W","-2.7",",W,15,","27.9",",,W,28,","23.3",",W,22,+","376.5","W","270.1",",W","113.0",",,,W","9.62",",W","15.16",",,,W","4.08",",,,W","","","310",",W","270",",W","16.5",",W","21.5",",W"
"USW00004780","2009-11","42.55495","-71.75699","102.3","FITCHBURG MUNICIPAL AIRPORT, MA US","2.2",",W","293.5","W","0.0",",W","11",",W","5",",W","1",",W","0",",W","10",",W","0",",W","1",",W","0",",W","13","","2","","20091107",",,W","1","","20091114",",,W","20091109",",,W","-4.3",",W,07,","54.9",",,W,14,","21.7",",W,09,","708.4","W","331.9",",W","94.5",",,,W","7.27",",W","12.39",",,,W","2.15",",,,W","","","320",",W","300",",W","16.1",",W","23.3",",W"
"USW00004780","2009-12","42.55495","-71.75699","102.3","FITCHBURG MUNICIPAL AIRPORT, MA US","3.3",",W","293.5","W","0.0",",W","10",",W","8",",W","2",",W","0",",W","28",",W","12",",W","0",",W","0",",W","14","","4","","20091218",",,W","1","","20091209",",,W","20091203",",,W","-14.3",",W,18,","38.1",",,W,09,","20.0",",W,03,","1326.4","W","618.0",",W","112.6",",,,W","-1.60",",W","2.70",",,,W","-5.91",",,,W","","","300",",W","330",",W","16.5",",W","21.5",",W"
"USW00004780","2010-01","42.55495","-71.75699","102.3","FITCHBURG MUNICIPAL AIRPORT, MA US","3.3",",W","0.0","W","0.0",",W","9",",W","5",",W","0",",W","0",",W","29",",W","13",",W","0",",W","0",",W","10","","2","","20100130",",,W","","","20100125",",,W","20100125",",,W","-16.0",",W,30,","24.6",",,W,25,","12.8",",W,25,","1987.4","W","661.0",",W","60.0",",,,W","-2.99",",W","1.46",",,,W","-7.44",",,,W","","","300",",W","270",",W","16.1",",W","21.9",",W"
"USW00004780","2010-02","42.55495","-71.75699","102.3","FITCHBURG MUNICIPAL AIRPORT, MA US","3.8",",W","0.0","W","0.0",",W","8",",W","5",",W","2",",W","0",",W","25",",W","8",",W","0",",W","0",",W","9","","4","","20100207","+,,W","1","","20100225",",,W","20100220",",,W","-11.0",",W,07,+","55.1",",,W,25,","8.9",",W,20,","2528.4","W","541.0",",W","133.2",",,,W","-0.99",",W","2.87",",,,W","-4.84",",,,W","","","290",",W","50",",W","11.6",",W","16.5",",W"
"USW00004780","2010-03","42.55495","-71.75699","102.3","FITCHBURG MUNICIPAL AIRPORT, MA US","3.2",",W","0.0","W","0.0",",W","12",",W","9",",W","5",",W","0",",W","14",",W","0",",W","2",",W","0",",W","11","","1","","20100327",",,W","","","20100314",",,W","20100320",",,W","-6.6",",W,27,","78.7",",,W,14,","21.7",",W,20,","2918.6","W","390.2",",W","278.8",",,,W","5.75",",W","10.93",",,,W","0.56",",,,W","","","290",",W","320",",W","13.4",",W","19.2",",W"
"USW00004780","2010-04","42.55495","-71.75699","102.3","FITCHBURG MUNICIPAL AIRPORT, MA US","2.9",",W","0.3","W","0.3",",W","8",",W","4",",W","0",",W","0",",W","2",",W","0",",W","10",",W","0",",W","10","","","","20100413",",,W","","","20100409",",,W","20100407",",,W","-0.5",",W,13,","14.2",",,W,09,","31.7",",W,07,","3135.3","W","216.7",",W","33.9",",,,W","11.12",",W","18.11",",,,W","4.13",",,,W","","","320",",W","330",",W","17.0",",W","21.5",",W"
"USW00004780","2010-05","42.55495","-71.75699","102.3","FITCHBURG MUNICIPAL AIRPORT, MA US","2.9",",W","43.3","W","43.0",",W","11",",W","7",",W","0",",W","0",",W","1",",W","0",",W","23",",W","3",",W","10","","","","20100511",",,W","5","","20100508",",,W","20100526",",,W","-1.0",",W,11,","24.6",",,W,08,","36.7",",W,26,","3218.0","W","82.7",",W","83.6",",,,W","17.05",",W","24.05",",,,W","10.06",",,,W","","","290",",W","280",",W","17.0",",W","22.8",",W"
"USW00004780","2010-06","42.55495","-71.75699","102.3","FITCHBURG MUNICIPAL AIRPORT, MA US","2.4",",W","135.8","W","92.5",",W","14",",W","11",",W","0",",W","0",",W","0",",W","0",",W","27",",W","1",",W","17","","1","","20100609",",,W","5","","20100605",",,W","20100624",",,W","8.3",",W,09,","11.7",",,W,05,","32.8",",W,24,","3234.9","W","16.9",",W","76.8",",,,W","20.85",",W","26.72",",,,W","14.98",",,,W","","","280",",W","280",",W","14.8",",W","22.8",",W"
"USW00004780","2010-07","42.55495","-71.75699","102.3","FITCHBURG MUNICIPAL AIRPORT, MA US","2.7",",W","330.4","W","194.6",",W","8",",W","7",",W","1",",W","0",",W","0",",W","0",",W","31",",W","10",",W","10","","1","","20100731","+,,W","5","","20100719",",,W","20100706",",,W","12.2",",W,31,+","47.2",",,W,19,","37.8",",W,06,","0.6","W","0.6",",W","109.1",",,,W","24.59",",W","30.81",",,,W","18.37",",,,W","","","310",",W","180",",W","13.4",",W","24.6",",W"
"USW00004780","2010-08","42.55495","-71.75699","102.3","FITCHBURG MUNICIPAL AIRPORT, MA US","2.4",",W","458.4","W","128.0",",W","13",",W","7",",W","0",",W","0",",W","0",",W","0",",W","28",",W","8",",W","12","","1","","20100821",",,W","3","","20100824","+,,W","20100831",",,W","10.0",",W,21,","13.2",",,W,24,+","36.1",",W,31,","2.0","W","1.4",",W","70.8",",,,W","22.42",",W","28.68",",,,W","16.15",",,,W","","","290",",W","310",",W","12.5",",W","16.1",",W"
"USW00004780","2010-09","42.55495","-71.75699","102.3","FITCHBURG MUNICIPAL AIRPORT, MA US","2.6",",W","520.1","W","61.7",",W","11",",W","6",",W","1",",W","0",",W","0",",W","0",",W","25",",W","2",",W","15","","2","","20100921",",,W","2","","20100913",",,W","20100902",",,W","5.0",",W,21,","29.0",",,W,13,","35.0",",W,02,","38.9","W","36.9",",W","68.2",",,,W","19.16",",W","25.02",",,,W","13.30",",,,W","","","250",",W","290",",W","10.3",",W","15.7",",W"
"USW00004780","2010-10","42.55495","-71.75699","102.3","FITCHBURG MUNICIPAL AIRPORT, MA US","2.8",",W","521.7","W","1.6",",W","14",",W","6",",W","3",",W","0",",W","4",",W","0",",W","6",",W","0",",W","13","","2","","20101031","+,,W","","","20101001",",,W","20101026","+,,W","-0.5",",W,31,+","38.1",",,W,01,","25.0",",W,26,+","278.5","W","239.6",",W","121.4",",,,W","10.66",",W","16.54",",,,W","4.77",",,,W","","","320",",W","330",",W","13.9",",W","18.3",",W"
"USW00004780","2010-11","42.55495","-71.75699","102.3","FITCHBURG MUNICIPAL AIRPORT, MA US","2.6",",W","521.7","W","0.0",",W","10",",W","5",",W","2",",W","0",",W","20",",W","0",",W","0",",W","0",",W","10","","","","20101125",",,W","","","20101117",",,W","20101113",",,W","-6.0",",W,25,","30.2",",,W,17,","18.9",",W,13,","671.9","W","393.4",",W","93.6",",,,W","5.22",",W","10.71",",,,W","-0.27",",,,W","","","310",",W","310",",W","13.9",",W","19.7",",W"
"USW00004780","2010-12","42.55495","-71.75699","102.3","FITCHBURG MUNICIPAL AIRPORT, MA US","3.7",",W","521.7","W","0.0",",W","5",",W","4",",W","1",",W","0",",W","29",",W","7",",W","0",",W","0",",W","7","","2","","20101210",",,W","","","20101212",",,W","20101201",",,W","-14.3",",W,10,","49.8",",,W,12,","13.9",",W,01,","1285.1","W","613.2",",W","81.3",",,,W","-1.45",",W","3.03",",,,W","-5.93",",,,W","","","330",",W","320",",W","15.7",",W","21.9",",W"
"USW00004780","2011-01","42.55495","-71.75699","102.3","FITCHBURG MUNICIPAL AIRPORT, MA US","2.7",",W","0.0","W","0.0","1,W","8",",W","4",",W","0",",W","5",",W","29",",W","18","1,W","0","1,W","0","1,W","15","","4","","20110124",",,W","","","20110118",",,W","20110101",",1,W","-21.6",",W,24,","18.5",",,W,18,","16.1","1,W,01,","1988.5","W","703.4","1,W","52.6",",,,W","-5.09","1,W","0.10","1,,,W","-10.28",",,,W","","","290",",W","290",",W","13.0",",W","16.5",",W"
"USW00004780","2011-02","42.55495","-71.75699","102.3","FITCHBURG MUNICIPAL AIRPORT, MA US","3.2",",W","0.0","W","0.0",",W","12",",W","7",",W","1",",W","2",",W","28",",W","9",",W","0",",W","0",",W","16","","4","","20110211",",,W","1","","20110225",",,W","20110218",",,W","-22.7",",W,11,","34.5",",,W,25,","15.6",",W,18,","2610.8","W","622.3",",W","100.7",",,,W","-3.89",",W","2.65",",,,W","-10.44",",,,W","","","300",",W","310",",W","17.9",",W","25.9",",W"
"USW00004780","2011-03","42.55495","-71.75699","102.3","FITCHBURG MUNICIPAL AIRPORT, MA US","3.3",",W","0.0","W","0.0",",W","9",",W","7",",W","1",",W","0",",W","24",",W","1",",W","0",",W","0",",W","13","","4","","20110304","+,,W","","","20110307",",,W","20110318",",,W","-13.8",",W,04,+","35.8",",,W,07,","20.0",",W,18,","3117.8","W","507.0",",W","106.7",",,,W","1.98",",W","7.06",",,,W","-3.10",",,,W","","","300",",W","310",",W","16.1",",W","21.5",",W"
"USW00004780","2011-04","42.55495","-71.75699","102.3","FITCHBURG MUNICIPAL AIRPORT, MA US","3.1",",W","2.2","W","2.2",",W","18",",W","9",",W","1",",W","0",",W","9",",W","0",",W","5",",W","0",",W","15","","4","","20110407",",,W","4","","20110417",",,W","20110427","+,,W","-3.8",",W,07,","36.8",",,W,17,","26.7",",W,27,+","3383.6","W","265.8",",W","112.9",",,,W","9.55",",W","15.09",",,,W","4.00",",,,W","","","300",",W","290",",W","16.5",",W","23.3",",W"
"USW00004780","2011-05","42.55495","-71.75699","102.3","FITCHBURG MUNICIPAL AIRPORT, MA US","2.6",",W","38.9","W","36.7",",W","16",",W","7",",W","0",",W","0",",W","0",",W","0",",W","17",",W","2",",W","17","","1","","20110506",",,W","4","","20110515",",,W","20110527",",,W","2.8",",W,06,","22.4",",,W,15,","33.3",",W,27,","3499.7","W","116.1",",W","69.0",",,,W","15.77",",W","21.38",",,,W","10.16",",,,W","","","290",",W","290",",W","11.6",",W","14.8",",W"
"USW00004780","2011-06","42.55495","-71.75699","102.3","FITCHBURG MUNICIPAL AIRPORT, MA US","2.3",",W","107.0","W","68.1",",W","17",",W","10",",W","1",",W","0",",W","0",",W","0",",W","25",",W","3",",W","14","","1","","20110605",",,W","6","","20110622",",,W","20110608",",,W","6.1",",W,05,","52.3",",,W,22,","33.9",",W,08,","3533.9","W","34.2",",W","147.0",",,,W","19.47",",W","25.32",",,,W","13.61",",,,W","","","340",",W","340",",W","17.9",",W","23.3",",W"
"USW00004780","2011-07","42.55495","-71.75699","102.3","FITCHBURG MUNICIPAL AIRPORT, MA US","2.3",",W","290.1","W","183.1",",W","9",",W","4",",W","0",",W","0",",W","0",",W","0",",W","31",",W","12",",W","8","","","","20110710",",,W","4","","20110725",",,W","20110722",",,W","12.8",",W,10,","13.5",",,W,25,","39.4",",W,22,","0.0","W","0.0",",W","26.9",",,,W","24.24",",W","30.70",",,,W","17.78",",,,W","","","300",",W","300",",W","11.2",",W","17.0",",W"
"USW00004780","2011-08","42.55495","-71.75699","102.3","FITCHBURG MUNICIPAL AIRPORT, MA US","2.2",",W","410.2","W","120.1",",W","14",",W","8",",W","3",",W","0",",W","0",",W","0",",W","31",",W","1",",W","14","","1","","20110830","+,,W","8","","20110828",",,W","20110801",",,W","12.2",",W,30,+","80.8",",,W,28,","32.2",",W,01,","0.0","W","0.0",",W","201.1",",,,W","22.21",",W","27.77",",,,W","16.64",",,,W","","","150",",W","140",",W","14.8",",W","20.6",",W"
"USW00004780","2011-09","42.55495","-71.75699","102.3","FITCHBURG MUNICIPAL AIRPORT, MA US","1.7",",W","467.6","W","57.4",",W","14",",W","8",",W","4",",W","0",",W","0",",W","0",",W","22",",W","0",",W","19","","2","","20110917",",,W","1","","20110908",",,W","20110904","+,,W","3.3",",W,17,","46.7",",,W,08,","30.0",",W,04,+","39.8","W","39.8",",W","186.9",",,,W","18.92",",W","24.27",",,,W","13.57",",,,W","","","310",",W","310",",W","10.3",",W","13.4",",W"
"USW00004780","2011-10","42.55495","-71.75699","102.3","FITCHBURG MUNICIPAL AIRPORT, MA US","2.3","1,W","474.9","W","7.3","1,W","16","1,W","7","1,W","1","1,W","0","1,W","3","1,W","0","1,W","4","1,W","0","1,W","16","","2","","20111031",",1,W","1","","20111019",",1,W","20111009",",1,W","-3.2","1,W,31,","30.0","1,,W,19,","30.0","1,W,09,","244.9","W","205.1","1,W","119.9","1,,,W","11.74","1,W","16.76","1,,,W","6.72","1,,,W","","","330","1,W","330","1,W","12.5","1,W","17.0","1,W"
"USW00004780","2011-11","42.55495","-71.75699","102.3","FITCHBURG MUNICIPAL AIRPORT, MA US","2.1","2,W","474.9","W","0.0","1,W","7","1,W","5","1,W","1","1,W","0","1,W","15","1,W","0","1,W","1","1,W","0","1,W","15","","2","","20111106",",1,W","","","20111123",",1,W","20111109",",1,W","-5.5","1,W,06,","35.8","1,,W,23,","21.7","1,W,09,","554.4","W","309.5","1,W","75.0","1,,,W","7.66","1,W","13.87","1,,,W","1.45","1,,,W","","","280","1,W","220","1,W","11.6","1,W","15.7","1,W"
"USW00004780","2011-12","42.55495","-71.75699","102.3","FITCHBURG MUNICIPAL AIRPORT, MA US","2.4",",W","474.9","W","0.0",",W","12",",W","5",",W","1",",W","0",",W","25",",W","3",",W","0",",W","0",",W","14","","","","20111219",",,W","1","","20111207",",,W","20111206",",,W","-11.6",",W,19,","35.6",",,W,07,","18.3",",W,06,","1043.3","W","488.9",",W","87.0",",,,W","2.56",",W","8.29",",,,W","-3.17",",,,W","","","310",",W","300",",W","14.3",",W","19.7",",W"
"USW00004780","2012-01","42.55495","-71.75699","102.3","FITCHBURG MUNICIPAL AIRPORT, MA US","2.8",",W","0.0","W","0.0",",W","12",",W","5",",W","0",",W","0",",W","28",",W","9",",W","0",",W","0",",W","13","","","","20120122",",,W","","","20120127",",,W","20120107",",,W","-17.1",",W,22,","24.9",",,W,27,","14.4",",W,07,","1643.9","W","600.6",",W","57.5",",,,W","-1.04",",W","3.80",",,,W","-5.88",",,,W","","","300",",W","30",",W","13.9",",W","46.9",",W"
"USW00004780","2012-02","42.55495","-71.75699","102.3","FITCHBURG MUNICIPAL AIRPORT, MA US","2.8","1,W","0.0","W","0.0","1,W","5","1,W","2","1,W","0","1,W","0","1,W","28","1,W","1","1,W","0","1,W","0","1,W","7","","","","20120213","+,1,W","","","20120224",",1,W","20120201",",1,W","-9.9","1,W,13,+","19.3","1,,W,24,","13.9","1,W,01,","2124.8","W","480.9","1,W","28.9","1,,,W","1.16","1,W","6.76","1,,,W","-4.45","1,,,W","","","290","1,W","290","1,W","16.1","1,W","24.6","1,W"
"USW00004780","2012-03","42.55495","-71.75699","102.3","FITCHBURG MUNICIPAL AIRPORT, MA US","2.8","2,W","5.5","W","5.5","2,W","9","2,W","2","2,W","0","2,W","0","2,W","13","2,W","1","2,W","7","2,W","0","2,W","10","","3","","20120306",",2,W","","","20120303",",2,W","20120322",",2,W","-12.1","2,W,06,","12.7","2,,W,03,","28.3","2,W,22,","2450.8","W","326.0","2,W","31.6","2,,,W","7.28","2,W","13.15","2,,,W","1.42","2,,,W","","","330","2,W","290","2,W","13.9","2,W","19.2","2,W"
"USW00004780","2012-04","42.55495","-71.75699","102.3","FITCHBURG MUNICIPAL AIRPORT, MA US","3.5","1,W","14.4","W","8.9",",W","10",",W","2",",W","2",",W","0",",W","8",",W","0",",W","7",",W","1",",W","8","","1","","20120407","+,,W","","","20120422",",,W","20120416",",,W","-2.7",",W,07,+","37.8",",,W,22,","33.3",",W,16,","2695.5","W","244.7",",W","77.5",",,,W","10.47",",W","17.48",",,,W","3.47",",,,W","","","280",",W","10",",W","13.0",",W","38.0",",W"
"USW00004780","2012-05","42.55495","-71.75699","102.3","FITCHBURG MUNICIPAL AIRPORT, MA US","2.1",",W","46.1","W","31.7",",W","15",",W","8",",W","0",",W","0",",W","0",",W","0",",W","20",",W","0",",W","17","","1","","20120518","+,,W","3","","20120501",",,W","20120526",",,W","5.0",",W,18,+","17.0",",,W,01,","30.0",",W,26,","2773.5","W","78.0",",W","87.9",",,,W","16.84",",W","22.24",",,,W","11.45",",,,W","","","280",",W","330",",W","9.8",",W","13.4",",W"
"USW00004780","2012-06","42.55495","-71.75699","102.3","FITCHBURG MUNICIPAL AIRPORT, MA US","2.4",",W","114.4","W","68.3",",W","14",",W","7",",W","1",",W","0",",W","0",",W","0",",W","25",",W","5",",W","10","","1","","20120607",",,W","5","","20120602",",,W","20120620",",,W","8.9",",W,07,","50.8",",,W,02,","36.7",",W,20,","2806.9","W","33.4",",W","108.3",",,,W","19.50",",W","25.35",",,,W","13.64",",,,W","","","320",",W","310",",W","13.9",",W","21.0",",W"
"USW00004780","2012-07","42.55495","-71.75699","102.3","FITCHBURG MUNICIPAL AIRPORT, MA US","2.3",",W","295.5","W","181.1",",W","10",",W","4",",W","0",",W","0",",W","0",",W","0",",W","31",",W","9",",W","8","","","","20120721",",,W","2","","20120704",",,W","20120717",",,W","10.6",",W,21,","14.0",",,W,04,","35.6",",W,17,","0.0","W","0.0",",W","37.3",",,,W","24.18",",W","30.57",",,,W","17.78",",,,W","","","310",",W","250",",W","8.9",",W","16.5",",W"
"USW00004780","2012-08","42.55495","-71.75699","102.3","FITCHBURG MUNICIPAL AIRPORT, MA US","1.9",",W","448.0","W","152.5",",W","12",",W","10",",W","0",",W","0",",W","0",",W","0",",W","31",",W","6",",W","13","","1","","20120830","+,,W","8","","20120810",",,W","20120804","+,,W","11.7",",W,30,+","22.1",",,W,10,","35.0",",W,04,+","0.3","W","0.3",",W","125.0",",,,W","23.24",",W","29.60",",,,W","16.88",",,,W","","","30",",W","30",",W","12.5",",W","17.4",",W"
"USW00004780","2012-09","42.55495","-71.75699","102.3","FITCHBURG MUNICIPAL AIRPORT, MA US","2.1",",W","483.3","W","35.3",",W","13",",W","5",",W","1",",W","0",",W","0",",W","0",",W","23",",W","0",",W","11","","","","20120925",",,W","3","","20120918",",,W","20120907",",,W","2.8",",W,25,","27.7",",,W,18,","30.0",",W,07,","66.3","W","66.0",",W","82.4",",,,W","17.31",",W","23.39",",,,W","11.22",",,,W","","","180",",W","190",",W","11.2",",W","16.1",",W"
"USW00004780","2012-10","42.55495","-71.75699","102.3","FITCHBURG MUNICIPAL AIRPORT, MA US","2.0",",W","484.1","W","0.8",",W","18",",W","8",",W","2",",W","0",",W","3",",W","0",",W","4",",W","0",",W","20","","5","","20121013",",,W","1","","20121029",",,W","20121006",",,W","-3.2",",W,13,","57.4",",,W,29,","26.1",",W,06,","258.5","W","192.2",",W","150.8",",,,W","12.16",",W","17.65",",,,W","6.68",",,,W","","","50",",W","80",",W","12.5",",W","20.1",",W"
"USW00004780","2012-11","42.55495","-71.75699","102.3","FITCHBURG MUNICIPAL AIRPORT, MA US","2.5",",W","484.1","W","0.0",",W","4",",W","2",",W","0",",W","0",",W","24",",W","0",",W","0",",W","0",",W","8","","","","20121119","+,,W","","","20121108",",,W","20121112",",,W","-6.0",",W,19,+","6.9",",,W,08,","20.0",",W,12,","688.2","W","429.7",",W","12.1",",,,W","4.01",",W","9.53",",,,W","-1.51",",,,W","","","290",",W","290",",W","12.5",",W","19.2",",W"
"USW00004780","2012-12","42.55495","-71.75699","102.3","FITCHBURG MUNICIPAL AIRPORT, MA US","2.5",",W","484.1","W","0.0",",W","18",",W","10",",W","0",",W","0",",W","27",",W","4",",W","0",",W","0",",W","18","","6","","20121231",",,W","","","20121221",",,W","20121205",",,W","-12.7",",W,31,","22.4",",,W,21,","15.0",",W,05,","1214.9","W","526.7",",W","95.9",",,,W","1.34",",W","6.00",",,,W","-3.31",",,,W","","","300",",W","310",",W","13.9",",W","19.2",",W"
"USW00004780","2013-01","42.55495","-71.75699","102.3","FITCHBURG MUNICIPAL AIRPORT, MA US","3.0",",W","0.0","W","0.0",",W","8",",W","3",",W","0",",W","0",",W","27",",W","11",",W","0",",W","0",",W","12","","4","","20130124",",,W","","","20130131",",,W","20130131",",,W","-17.1",",W,24,","18.8",",,W,31,","16.1",",W,31,","1856.6","W","641.7",",W","37.9",",,,W","-2.37",",W","2.82",",,,W","-7.55",",,,W","","","270",",W","280",",W","14.8",",W","20.6",",W"
"USW00004780","2013-02","42.55495","-71.75699","102.3","FITCHBURG MUNICIPAL AIRPORT, MA US","3.3",",W","0.0","W","0.0",",W","10",",W","6",",W","1",",W","0",",W","26",",W","11",",W","0",",W","0",",W","14","","3","","20130210",",,W","","","20130227",",,W","20130215",",,W","-14.3",",W,10,","32.0",",,W,27,","10.6",",W,15,","2419.7","W","563.1",",W","76.7",",,,W","-1.78",",W","2.49",",,,W","-6.05",",,,W","","","300",",W","290",",W","16.5",",W","22.8",",W"
"USW00004780","2013-03","42.55495","-71.75699","102.3","FITCHBURG MUNICIPAL AIRPORT, MA US","3.5",",W","0.0","W","0.0",",W","7",",W","6",",W","0",",W","0",",W","27",",W","0",",W","0",",W","0",",W","11","","3","","20130321","+,,W","","","20130319",",,W","20130331",",,W","-9.9",",W,21,+","23.1",",,W,19,","15.0",",W,31,","2928.0","W","508.3",",W","64.0",",,,W","1.94",",W","6.76",",,,W","-2.89",",,,W","","","300",",W","320",",W","12.5",",W","16.1",",W"
"USW00004780","2013-04","42.55495","-71.75699","102.3","FITCHBURG MUNICIPAL AIRPORT, MA US","3.5",",W","0.0","W","0.0",",W","9",",W","4",",W","0",",W","0",",W","10",",W","0",",W","6",",W","0",",W","11","","","","20130407",",,W","2","","20130412",",,W","20130424",",,W","-4.3",",W,07,","12.4",",,W,12,","25.0",",W,24,","3210.7","W","282.7",",W","39.3",",,,W","8.91",",W","15.53",",,,W","2.29",",,,W","","","300",",W","300",",W","14.3",",W","19.2",",W"
"USW00004780","2013-05","42.55495","-71.75699","102.3","FITCHBURG MUNICIPAL AIRPORT, MA US","2.6",",W","17.8","W","17.8",",W","14",",W","9",",W","2",",W","0",",W","0",",W","0",",W","21",",W","1",",W","15","","1","","20130505",",,W","4","","20130523",",,W","20130531",",,W","0.6",",W,05,","35.3",",,W,23,","34.4",",W,31,","3320.5","W","109.8",",W","136.7",",,,W","15.36",",W","22.57",",,,W","8.16",",,,W","","","290",",W","290",",W","13.9",",W","17.9",",W"
"USW00004780","2013-06","42.55495","-71.75699","102.3","FITCHBURG MUNICIPAL AIRPORT, MA US","2.5",",W","103.6","W","85.8",",W","16",",W","11",",W","2",",W","0",",W","0",",W","0",",W","27",",W","5",",W","14","","","","20130605",",,W","5","","20130607",",,W","20130624",",,W","8.9",",W,05,","40.6",",,W,07,","34.4",",W,24,","3340.9","W","20.4",",W","216.6",",,,W","20.52",",W","26.14",",,,W","14.89",",,,W","","","320",",W","320",",W","16.1",",W","20.1",",W"
"USW00004780","2013-07","42.55495","-71.75699","102.3","FITCHBURG MUNICIPAL AIRPORT, MA US","2.0",",W","309.1","W","205.5",",W","7",",W","4",",W","2",",W","0",",W","0",",W","0",",W","30",",W","12",",W","12","","","","20130725",",,W","4","","20130723",",,W","20130719","+,,W","14.4",",W,25,","43.2",",,W,23,","36.1",",W,19,+","2.2","W","2.2",",W","88.2",",,,W","24.89",",W","30.21",",,,W","19.57",",,,W","","","250",",W","260",",W","8.9",",W","12.5",",W"
"USW00004780","2013-08","42.55495","-71.75699","102.3","FITCHBURG MUNICIPAL AIRPORT, MA US","2.2",",W","408.7","W","99.6",",W","10",",W","3",",W","1",",W","0",",W","0",",W","0",",W","30",",W","0",",W","9","","","","20130806",",,W","2","","20130809",",,W","20130821",",,W","10.0",",W,06,","32.3",",,W,09,","31.7",",W,21,","3.0","W","0.8",",W","54.5",",,,W","21.52",",W","27.49",",,,W","15.55",",,,W","","","320",",W","350",",W","10.3",",W","13.4",",W"
"USW00004780","2013-09","42.55495","-71.75699","102.3","FITCHBURG MUNICIPAL AIRPORT, MA US","2.1",",W","449.8","W","41.1",",W","13",",W","3",",W","0",",W","0",",W","0",",W","0",",W","24",",W","1",",W","10","","2","","20130917",",,W","2","","20130922",",,W","20130911",",,W","2.2",",W,17,","18.5",",,W,22,","35.6",",W,11,","79.9","W","76.9",",W","41.9",",,,W","17.14",",W","24.08",",,,W","10.20",",,,W","","","290",",W","280",",W","12.5",",W","16.1",",W"
"USW00004780","2013-10","42.55495","-71.75699","102.3","FITCHBURG MUNICIPAL AIRPORT, MA US","1.9","1,W","451.2","W","1.4",",W","10","1,W","4","1,W","0","1,W","0",",W","8",",W","0",",W","6",",W","0",",W","13","","","","20131029",",,W","","","20131006",",1,W","20131002","+,,W","-4.3",",W,29,","9.4","1,,W,06,","27.2",",W,02,+","307.5","W","227.6",",W","32.6","1,,,W","11.04",",W","17.85",",,,W","4.22",",,,W","","","310",",W","180",",W","11.2",",W","16.5",",W"
"USW00004780","2013-11","42.55495","-71.75699","102.3","FITCHBURG MUNICIPAL AIRPORT, MA US","3.2",",W","451.2","W","0.0",",W","10",",W","5",",W","1",",W","0",",W","21",",W","2",",W","0",",W","0",",W","","","","","20131130",",,W","","","20131127",",,W","20131101",",,W","-12.1",",W,30,","48.5",",,W,27,","20.6",",W,01,","743.1","W","435.6",",W","67.8",",,,W","3.81",",W","9.65",",,,W","-2.02",",,,W","","","310",",W","300",",W","16.1",",W","22.8",",W"
"USW00004780","2013-12","42.55495","-71.75699","102.3","FITCHBURG MUNICIPAL AIRPORT, MA US","2.1",",W","451.2","W","0.0",",W","14",",W","7",",W","1",",W","1",",W","28",",W","11",",W","0",",W","0",",W","","","","","20131217",",,W","","","20131229",",,W","20131206",",,W","-21.0",",W,17,","25.7",",,W,29,","13.9",",W,06,","1374.2","W","631.1",",W","87.9",",,,W","-2.03",",W","2.71",",,,W","-6.76",",,,W","","","280",",W","290",",W","11.6",",W","15.2",",W"
"USW00004780","2014-01","42.55495","-71.75699","102.3","FITCHBURG MUNICIPAL AIRPORT, MA US","3.2",",W","0.0","W","0.0","1,W","11",",W","6",",W","0",",W","2","1,W","27","1,W","15","1,W","0","1,W","0","1,W","","","","","20140104","+,1,W","","","20140114",",,W","20140111",",1,W","-18.8","1,W,04,+","14.5",",,W,14,","13.9","1,W,11,","2052.6","W","678.4","1,W","55.3",",,,W","-4.28","1,W","0.70","1,,,W","-9.26","1,,,W","","","290",",W","280",",W","14.8",",W","21.9",",W"
"USW00004780","2014-02","42.55495","-71.75699","102.3","FITCHBURG MUNICIPAL AIRPORT, MA US","2.7",",W","0.0","W","0.0",",W","11",",W","9",",W","0",",W","3",",W","28",",W","15",",W","0",",W","0",",W","","","","","20140212",",,W","","","20140205",",,W","20140202",",,W","-21.0",",W,12,","19.6",",,W,05,","11.7",",W,02,","2699.2","W","646.6",",W","80.4",",,,W","-4.76",",W","1.24",",,,W","-10.76",",,,W","","","290",",W","260",",W","13.9",",W","19.7",",W"
"USW00004780","2014-03","42.55495","-71.75699","102.3","FITCHBURG MUNICIPAL AIRPORT, MA US","3.5",",W","0.0","W","0.0",",W","10",",W","6",",W","1",",W","0",",W","24",",W","5",",W","0",",W","0",",W","","","","","20140306","+,,W","","","20140330",",,W","20140322",",,W","-17.7",",W,06,+","38.9",",,W,30,","12.8",",W,22,","3295.3","W","596.1",",W","105.8",",,,W","-0.90",",W","4.63",",,,W","-6.42",",,,W","","","320",",W","330",",W","15.7",",W","21.5",",W"
"USW00004780","2014-04","42.55495","-71.75699","102.3","FITCHBURG MUNICIPAL AIRPORT, MA US","3.5",",W","0.0","W","0.0",",W","15",",W","8",",W","0",",W","0",",W","12",",W","0",",W","4",",W","0",",W","","","","","20140418","+,,W","","","20140430",",,W","20140414",",,W","-3.8",",W,18,+","19.1",",,W,30,","26.1",",W,14,","3588.6","W","293.3",",W","86.8",",,,W","8.56",",W","15.16",",,,W","1.96",",,,W","","","340",",W","180",",W","14.8",",W","21.5",",W"
"USW00004780","2014-05","42.55495","-71.75699","102.3","FITCHBURG MUNICIPAL AIRPORT, MA US","3.0",",W","11.2","W","11.2",",W","15",",W","8",",W","1",",W","0",",W","0",",W","0",",W","16",",W","0",",W","","","","","20140529","+,,W","","","20140527",",,W","20140512",",,W","2.8",",W,29,+","26.9",",,W,27,","31.1",",W,12,","3707.2","W","118.6",",W","85.5",",,,W","14.87",",W","21.04",",,,W","8.70",",,,W","","","300",",W","290",",W","13.4",",W","18.8",",W"
"USW00004780","2014-06","42.55495","-71.75699","102.3","FITCHBURG MUNICIPAL AIRPORT, MA US","2.6",",W","81.9","W","70.7",",W","8",",W","5",",W","0",",W","0",",W","0",",W","0",",W","26",",W","0",",W","","","","","20140601",",,W","","","20140613",",,W","20140625","+,,W","6.7",",W,01,","17.3",",,W,13,","31.7",",W,25,+","3718.3","W","11.1",",W","51.2",",,,W","20.32",",W","26.74",",,,W","13.89",",,,W","","","310",",W","310",",W","11.6",",W","16.1",",W"
"USW00004780","2014-07","42.55495","-71.75699","102.3","FITCHBURG MUNICIPAL AIRPORT, MA US","2.6",",W","230.6","W","148.7",",W","15",",W","9",",W","1",",W","0",",W","0",",W","0",",W","31",",W","5",",W","","","","","20140725",",,W","","","20140707",",,W","20140702",",,W","11.7",",W,25,","33.0",",,W,07,","33.9",",W,02,","0.0","W","0.0",",W","111.9",",,,W","23.13",",W","28.89",",,,W","17.37",",,,W","","","360",",W","360",",W","14.8",",W","24.6",",W"
"USW00004780","2014-08","42.55495","-71.75699","102.3","FITCHBURG MUNICIPAL AIRPORT, MA US","2.3",",W","313.5","W","82.9",",W","9",",W","3",",W","1",",W","0",",W","0",",W","0",",W","31",",W","1",",W","","","","","20140830","+,,W","","","20140813",",,W","20140827",",,W","10.6",",W,30,+","57.4",",,W,13,","32.2",",W,27,","0.5","W","0.5",",W","66.8",",,,W","20.99",",W","27.32",",,,W","14.66",",,,W","","","340",",W","110",",W","8.9",",W","13.0",",W"
"USW00004780","2014-09","42.55495","-71.75699","102.3","FITCHBURG MUNICIPAL AIRPORT, MA US","2.2",",W","360.6","W","47.1",",W","8",",W","3",",W","0",",W","0",",W","0",",W","0",",W","23",",W","2",",W","","","","","20140920",",,W","","","20140906",",,W","20140902",",,W","1.7",",W,20,","18.3",",,W,06,","32.8",",W,02,","75.5","W","75.0",",W","46.0",",,,W","17.40",",W","24.01",",,,W","10.80",",,,W","","","310",",W","300",",W","14.3",",W","18.8",",W"
"USW00004780","2014-10","42.55495","-71.75699","102.3","FITCHBURG MUNICIPAL AIRPORT, MA US","2.7",",W","364.2","W","3.6",",W","12",",W","7",",W","1",",W","0",",W","0",",W","0",",W","9",",W","0",",W","","","","","20141020","+,,W","","","20141023",",,W","20141015",",,W","0.6",",W,20,+","60.5",",,W,23,","26.7",",W,15,","264.8","W","189.3",",W","132.7",",,,W","12.34",",W","17.69",",,,W","6.99",",,,W","","","320",",W","40",",W","10.3",",W","15.2",",W"
"USW00004780","2014-11","42.55495","-71.75699","102.3","FITCHBURG MUNICIPAL AIRPORT, MA US","2.9",",W","364.2","W","0.0",",W","10",",W","5",",W","2",",W","0",",W","17",",W","0",",W","0",",W","0",",W","","","","","20141129",",,W","","","20141126",",,W","20141112",",,W","-11.0",",W,29,","30.0",",,W,26,","20.6",",W,12,","691.4","W","426.6",",W","91.4",",,,W","4.11",",W","9.56",",,,W","-1.33",",,,W","","","320",",W","320",",W","13.0",",W","19.2",",W"
"USW00004780","2014-12","42.55495","-71.75699","102.3","FITCHBURG MUNICIPAL AIRPORT, MA US","2.8",",W","364.2","W","0.0",",W","15",",W","10",",W","1",",W","0",",W","21",",W","3",",W","0",",W","0",",W","","","","","20141231",",,W","","","20141209",",,W","20141225",",,W","-12.1",",W,31,","37.1",",,W,09,","16.7",",W,25,","1210.3","W","518.9",",W","112.7",",,,W","1.60",",W","5.31",",,,W","-2.12",",,,W","","","300",",W","290",",W","13.4",",W","19.2",",W"
"USW00004780","2015-01","42.55495","-71.75699","102.3","FITCHBURG MUNICIPAL AIRPORT, MA US","3.2","1,W","0.0","W","0.0","1,W","9","2,W","5","2,W","0","2,W","5","1,W","30","1,W","13","1,W","0","1,W","0","1,W","","","","","20150129",",1,W","","","20150118",",2,W","20150104",",1,W","-23.2","1,W,29,","23.1","2,,W,18,","10.0","1,W,04,","1923.2","W","712.9","1,W","69.6","2,,,W","-5.43","1,W","-0.02","1,,,W","-10.84","1,,,W","","","290","1,W","310","1,W","16.1","1,W","21.5","1,W"
"USW00004780","2015-02","42.55495","-71.75699","102.3","FITCHBURG MUNICIPAL AIRPORT, MA US","3.2",",W","0.0","W","0.0",",W","14",",W","7",",W","0",",W","14",",W","28",",W","23",",W","0",",W","0",",W","","","","","20150224",",,W","","","20150202",",,W","20150222",",,W","-26.0",",W,24,","19.3",",,W,02,","5.0",",W,22,","2719.0","W","795.8",",W","58.4",",,,W","-10.09",",W","-3.20",",,,W","-16.98",",,,W","","","300",",W","320",",W","14.3",",W","19.2",",W"
"USW00004780","2015-03","42.55495","-71.75699","102.3","FITCHBURG MUNICIPAL AIRPORT, MA US","3.4","1,W","0.0","W","0.0",",W","12",",W","5",",W","0",",W","1",",W","28",",W","6",",W","0",",W","0",",W","","","","","20150306",",,W","","","20150326",",,W","20150311",",,W","-19.3",",W,06,","12.2",",,W,26,","12.8",",W,11,","3314.4","W","595.4",",W","44.2",",,,W","-0.87",",W","4.80",",,,W","-6.54",",,,W","","","340",",W","340",",W","17.9",",W","24.1",",W"
"USW00004780","2015-04","42.55495","-71.75699","102.3","FITCHBURG MUNICIPAL AIRPORT, MA US","3.6",",W","0.0","W","0.0",",W","12",",W","5",",W","1",",W","0",",W","9",",W","0",",W","2",",W","0",",W","","","","","20150402",",,W","","","20150420",",,W","20150418",",,W","-6.0",",W,02,","25.4",",,W,20,","23.9",",W,18,","3602.3","W","287.9",",W","58.4",",,,W","8.74",",W","14.60",",,,W","2.88",",,,W","","","320",",W","330",",W","16.1",",W","22.4",",W"
"USW00004780","2015-05","42.55495","-71.75699","102.3","FITCHBURG MUNICIPAL AIRPORT, MA US","3.1",",W","48.6","W","48.6",",W","4",",W","3",",W","0",",W","0",",W","0",",W","0",",W","26",",W","2",",W","","","","","20150502",",,W","","","20150531",",,W","20150510",",,W","0.6",",W,02,","10.7",",,W,31,","32.8",",W,10,","3665.2","W","62.9",",W","21.9",",,,W","17.87",",W","25.74",",,,W","10.01",",,,W","","","280",",W","200",",W","11.2",",W","15.7",",W"
"USW00004780","2015-06","42.55495","-71.75699","102.3","FITCHBURG MUNICIPAL AIRPORT, MA US","2.6",",W","102.1","W","53.5",",W","11",",W","8",",W","3",",W","0",",W","0",",W","0",",W","24",",W","0",",W","","","","","20150607","+,,W","","","20150628",",,W","20150612","+,,W","5.6",",W,07,+","37.6",",,W,28,","31.1",",W,12,+","3711.0","W","45.8",",W","159.2",",,,W","18.59",",W","24.48",",,,W","12.70",",,,W","","","200",",W","210",",W","10.3",",W","14.8",",W"
"USW00004780","2015-07","42.55495","-71.75699","102.3","FITCHBURG MUNICIPAL AIRPORT, MA US","2.3",",W","236.9","W","134.8",",W","11",",W","6",",W","0",",W","0",",W","0",",W","0",",W","31",",W","5",",W","","","","","20150717",",,W","","","20150701",",,W","20150729",",,W","11.1",",W,17,","14.5",",,W,01,","35.0",",W,29,","1.1","W","1.1",",W","58.8",",,,W","22.65",",W","28.79",",,,W","16.50",",,,W","","","340",",W","330",",W","10.7",",W","13.9",",W"
"USW00004780","2015-08","42.55495","-71.75699","102.3","FITCHBURG MUNICIPAL AIRPORT, MA US","2.4",",W","376.9","W","140.0",",W","5",",W","3",",W","0",",W","0",",W","0",",W","0",",W","31",",W","4",",W","","","","","20150808","+,,W","","","20150804",",,W","20150818",",,W","12.2",",W,08,+","21.1",",,W,04,","34.4",",W,18,","1.1","W","0.0",",W","48.7",",,,W","22.85",",W","29.04",",,,W","16.66",",,,W","","","340",",W","350",",W","14.3",",W","18.3",",W"
"USW00004780","2015-09","42.55495","-71.75699","102.3","FITCHBURG MUNICIPAL AIRPORT, MA US","2.3",",W","452.4","W","75.5",",W","8",",W","5",",W","1",",W","0",",W","0",",W","0",",W","27",",W","6",",W","","","","","20150927",",,W","","","20150930",",,W","20150908",",,W","2.2",",W,27,","65.5",",,W,30,","35.6",",W,08,","33.5","W","32.4",",W","121.2",",,,W","19.77",",W","27.05",",,,W","12.49",",,,W","","","300",",W","270",",W","10.3",",W","13.4",",W"
"USW00004780","2015-10","42.55495","-71.75699","102.3","FITCHBURG MUNICIPAL AIRPORT, MA US","2.4",",W","452.4","W","0.0",",W","10",",W","3",",W","1",",W","0",",W","8",",W","0",",W","6",",W","0",",W","","","","","20151019",",,W","","","20151028",",,W","20151012",",,W","-6.0",",W,19,","29.7",",,W,28,","26.1",",W,12,","289.2","W","255.7",",W","49.7",",,,W","10.09",",W","16.52",",,,W","3.65",",,,W","","","270",",W","260",",W","11.2",",W","16.1",",W"
"USW00004780","2015-11","42.55495","-71.75699","102.3","FITCHBURG MUNICIPAL AIRPORT, MA US","2.4",",W","452.4","W","0.0",",W","8",",W","5",",W","0",",W","0",",W","16",",W","0",",W","3",",W","0",",W","","","","","20151124",",,W","","","20151111",",,W","20151106","+,,W","-7.7",",W,24,","22.1",",,W,11,","23.9",",W,06,+","635.5","W","346.3",",W","62.1",",,,W","6.79",",W","13.33",",,,W","0.25",",,,W","","","310",",W","300",",W","14.3",",W","19.7",",W"
"USW00004780","2015-12","42.55495","-71.75699","102.3","FITCHBURG MUNICIPAL AIRPORT, MA US","2.1",",W","452.4","W","0.0",",W","14",",W","10",",W","1",",W","0",",W","14",",W","2",",W","1",",W","0",",W","7","","","","20151201",",,W","","","20151223",",,W","20151224",",,W","-6.0",",W,01,","26.4",",,W,23,","21.1",",W,24,","1047.8","W","412.3",",W","122.3",",,,W","5.03",",W","9.65",",,,W","0.42",",,,W","","","300",",W","260",",W","12.5",",W","17.0",",W"
"USW00004780","2016-01","42.55495","-71.75699","102.3","FITCHBURG MUNICIPAL AIRPORT, MA US","3.3",",W","0.0","W","0.0",",W","5",",W","3",",W","0",",W","0",",W","29",",W","10",",W","0",",W","0",",W","","","","","20160105",",,W","","","20160110",",,W","20160131",",,W","-14.9",",W,05,","22.4",",,W,10,","13.9",",W,31,","1666.6","W","618.8",",W","37.5",",,,W","-1.63",",W","3.02",",,,W","-6.28",",,,W","","","300",",W","300",",W","14.8",",W","20.1",",W"
"USW00004780","2016-02","42.55495","-71.75699","102.3","FITCHBURG MUNICIPAL AIRPORT, MA US","3.5",",W","0.0","W","0.0",",W","10",",W","7",",W","1",",W","3",",W","24",",W","6",",W","0",",W","0",",W","","","","","20160214",",,W","","","20160224",",,W","20160225",",,W","-24.3",",W,14,","28.4",",,W,24,","17.8",",W,25,","2220.0","W","553.4",",W","85.4",",,,W","-0.75",",W","5.61",",,,W","-7.10",",,,W","","","180",",W","170",",W","14.3",",W","20.6",",W"
"USW00004780","2016-03","42.55495","-71.75699","102.3","FITCHBURG MUNICIPAL AIRPORT, MA US","3.3",",W","0.0","W","0.0",",W","11",",W","8",",W","0",",W","0",",W","18",",W","1",",W","2",",W","0",",W","","","","","20160320",",,W","","","20160328",",,W","20160309",",,W","-8.2",",W,20,","17.5",",,W,28,","26.1",",W,09,","2618.6","W","398.6",",W","79.3",",,,W","5.48",",W","11.35",",,,W","-0.40",",,,W","","","300",",W","290",",W","17.0",",W","21.5",",W"
"USW00004780","2016-04","42.55495","-71.75699","102.3","FITCHBURG MUNICIPAL AIRPORT, MA US","3.2","3,W","2.0","W","2.0",",W","9",",W","6",",W","0",",W","0",",W","14",",W","1",",W","5",",W","0",",W","","","","","20160406",",,W","","","20160407",",,W","20160422",",,W","-9.3",",W,06,","16.5",",,W,07,","26.7",",W,22,","2931.0","W","312.4",",W","48.1",",,,W","7.99",",W","14.86",",,,W","1.12",",,,W","","","300","1,W","300","1,W","15.7","1,W","19.7","1,W"
"USW00004780","2016-05","42.55495","-71.75699","102.3","FITCHBURG MUNICIPAL AIRPORT, MA US","2.8",",W","36.2","W","34.2",",W","11",",W","8",",W","0",",W","0",",W","0",",W","0",",W","19",",W","3",",W","","","","","20160510",",,W","","","20160502",",,W","20160528",",,W","1.1",",W,10,","8.9",",,W,02,","36.7",",W,28,","3062.4","W","131.4",",W","51.7",",,,W","15.20",",W","21.67",",,,W","8.73",",,,W","","","280",",W","270",",W","13.9",",W","20.1",",W"
"USW00004780","2016-06","42.55495","-71.75699","102.3","FITCHBURG MUNICIPAL AIRPORT, MA US","3.1",",W","116.0","W","79.8",",W","4",",W","1",",W","0",",W","0",",W","0",",W","0",",W","27",",W","2",",W","","","","","20160611",",,W","","","20160605",",,W","20160626",",,W","8.9",",W,11,","23.1",",,W,05,","32.8",",W,26,","3072.6","W","10.2",",W","26.4",",,,W","20.65",",W","27.53",",,,W","13.78",",,,W","","","290",",W","270",",W","13.4",",W","18.8",",W"
"USW00004780","2016-07","42.55495","-71.75699","102.3","FITCHBURG MUNICIPAL AIRPORT, MA US","2.7",",W","304.6","W","188.6",",W","9",",W","5",",W","0",",W","0",",W","0",",W","0",",W","29",",W","15",",W","","","","","20160703",",,W","","","20160709",",,W","20160722",",,W","12.2",",W,03,","18.0",",,W,09,","36.7",",W,22,","2.2","W","2.2",",W","48.8",",,,W","24.35",",W","30.86",",,,W","17.83",",,,W","","","10",",W","10",",W","14.8",",W","21.0",",W"
"USW00004780","2016-08","42.55495","-71.75699","102.3","FITCHBURG MUNICIPAL AIRPORT, MA US","2.5",",W","478.5","W","173.9",",W","9",",W","8",",W","0",",W","0",",W","0",",W","0",",W","31",",W","7",",W","","","","","20160830",",,W","","","20160810",",,W","20160812",",,W","12.2",",W,30,","22.9",",,W,10,","35.6",",W,12,","2.2","W","0.0",",W","64.8",",,,W","23.94",",W","30.36",",,,W","17.53",",,,W","","","280",",W","280",",W","10.7",",W","15.2",",W"
"USW00004780","2016-09","42.55495","-71.75699","102.3","FITCHBURG MUNICIPAL AIRPORT, MA US","2.1",",W","535.8","W","57.3",",W","","","","","","","0",",W","0",",W","0",",W","25",",W","1",",W","","","","","20160926",",,W","","","","","20160909",",,W","3.3",",W,26,","","","32.8",",W,09,","40.8","W","38.6",",W","","","18.96",",W","25.02",",,,W","12.89",",,,W","","","290",",W","300",",W","16.1",",W","22.8",",W"
"USW00004780","2016-10","42.55495","-71.75699","102.3","FITCHBURG MUNICIPAL AIRPORT, MA US","2.5",",W","538.3","W","2.5",",W","","","","","","","0",",W","4",",W","0",",W","10",",W","0",",W","","","","","20161027",",,W","","","","","20161019","+,,W","-2.7",",W,27,","","","26.1",",W,19,+","253.0","W","212.2",",W","","","11.57",",W","17.56",",,,W","5.58",",,,W","","","310",",W","330",",W","13.4",",W","19.7",",W"
"USW00004780","2016-11","42.55495","-71.75699","102.3","FITCHBURG MUNICIPAL AIRPORT, MA US","2.5",",W","538.3","W","0.0",",W","9","1,W","5","1,W","1","1,W","0",",W","18",",W","0",",W","2",",W","0",",W","","","","","20161129",",,W","","","20161115",",1,W","20161108",",,W","-3.8",",W,29,","27.9","1,,W,15,","21.7",",W,08,","618.4","W","365.4",",W","83.0","1,,,W","6.15",",W","11.90",",,,W","0.40",",,,W","","","330",",W","290",",W","13.0",",W","19.7",",W"
"USW00004780","2016-12","42.55495","-71.75699","102.3","FITCHBURG MUNICIPAL AIRPORT, MA US","3.0",",W","538.3","W","0.0",",W","13",",W","9",",W","0",",W","0",",W","27",",W","5",",W","0",",W","0",",W","4","","","","20161216",",,W","","","20161229",",,W","20161227",",,W","-17.1",",W,16,","20.8",",,W,29,","13.9",",W,27,","1198.4","W","580.0",",W","86.5",",,,W","-0.38",",W","4.67",",,,W","-5.43",",,,W","","","290",",W","230",",W","14.3",",W","21.9",",W"
"USW00004780","2017-01","42.55495","-71.75699","102.3","FITCHBURG MUNICIPAL AIRPORT, MA US","2.9",",W","0.0","W","0.0",",W","15","1,W","8","1,W","0","1,W","1",",W","24",",W","7",",W","0",",W","0",",W","","","","","20170109",",,W","","","20170103",",1,W","20170112",",,W","-18.8",",W,09,","24.1","1,,W,03,","16.1",",W,12,","1767.8","W","569.4",",W","76.3","1,,,W","-0.03",",W","4.25",",,,W","-4.32",",,,W","","","300",",W","220",",W","13.0",",W","19.2",",W"
"USW00004780","2017-02","42.55495","-71.75699","102.3","FITCHBURG MUNICIPAL AIRPORT, MA US","3.4",",W","0.0","W","0.0",",W","9",",W","6",",W","0",",W","0",",W","23",",W","5",",W","1",",W","0",",W","1","","","","20170210",",,W","","","20170212",",,W","20170224",",,W","-16.0",",W,10,","18.3",",,W,12,","22.8",",W,24,","2252.8","W","485.0",",W","59.5",",,,W","1.01",",W","6.80",",,,W","-4.78",",,,W","","","320",",W","320",",W","13.9",",W","19.7",",W"
"USW00004780","2017-03","42.55495","-71.75699","102.3","FITCHBURG MUNICIPAL AIRPORT, MA US","4.0",",W","0.0","W","0.0","2,W","9","1,W","5","1,W","2","1,W","0","2,W","22","2,W","5","2,W","0","2,W","0","2,W","","","","","20170312",",2,W","","","20170314",",1,W","20170301",",2,W","-14.3","2,W,12,","32.3","1,,W,14,","18.9","2,W,01,","2781.9","W","529.1","2,W","98.1","1,,,W","0.09","2,W","5.35","2,,,W","-5.18","2,,,W","","","290",",W","300",",W","17.9",",W","25.9",",W"
"USW00004780","2017-04","42.55495","-71.75699","102.3","FITCHBURG MUNICIPAL AIRPORT, MA US","3.0",",W","15.8","W","15.8",",W","11",",W","7",",W","1",",W","0",",W","2",",W","0",",W","11",",W","0",",W","","","","","20170403",",,W","","","20170406",",,W","20170416","+,,W","-2.1",",W,03,","26.7",",,W,06,","31.1",",W,16,+","3005.8","W","223.9",",W","123.3",",,,W","11.40",",W","17.07",",,,W","5.72",",,,W","","","280",",W","290",",W","12.5",",W","17.0",",W"
"USW00004780","2017-05","42.55495","-71.75699","102.3","FITCHBURG MUNICIPAL AIRPORT, MA US","2.9",",W","33.9","W","18.1",",W","14",",W","12",",W","1",",W","0",",W","0",",W","0",",W","13",",W","2",",W","","","","","20170509",",,W","","","20170526",",,W","20170518",",,W","1.1",",W,09,","43.9",",,W,26,","35.6",",W,18,","3160.0","W","154.2",",W","157.8",",,,W","13.94",",W","19.33",",,,W","8.55",",,,W","","","310",",W","310",",W","15.7",",W","21.5",",W"
"USW00004780","2017-06","42.55495","-71.75699","102.3","FITCHBURG MUNICIPAL AIRPORT, MA US","2.8",",W","128.0","W","94.1",",W","11",",W","7",",W","1",",W","0",",W","0",",W","0",",W","27",",W","4",",W","","","","","20170603","+,,W","","","20170606",",,W","20170612",",,W","7.2",",W,03,+","31.8",",,W,06,","36.1",",W,12,","3184.2","W","24.2",",W","100.8",",,,W","20.66",",W","26.96",",,,W","14.37",",,,W","","","290",",W","310",",W","10.7",",W","15.2",",W"
"USW00004780","2017-07","42.55495","-71.75699","102.3","FITCHBURG MUNICIPAL AIRPORT, MA US","2.2","1,W","261.2","W","133.2","1,W","11","2,W","5","2,W","1","2,W","0","1,W","0","1,W","0","1,W","27","1,W","5","1,W","","","","","20170730",",1,W","","","20170724",",2,W","20170721","+,1,W","11.1","1,W,30,","39.6","2,,W,24,","33.3","1,W,21,+","4.7","W","4.7","1,W","85.6","2,,,W","22.61","1,W","28.37","1,,,W","16.86","1,,,W","","","260","1,W","270","1,W","12.5","1,W","19.2","1,W"
"USW00004780","2017-08","42.55495","-71.75699","102.3","FITCHBURG MUNICIPAL AIRPORT, MA US","2.1",",W","366.7","W","105.5",",W","14",",W","5",",W","0",",W","0",",W","0",",W","0",",W","30",",W","3",",W","","","","","20170829","+,,W","","","20170802",",,W","20170822",",,W","9.4",",W,29,+","16.3",",,W,02,","32.8",",W,22,","10.5","W","5.8",",W","61.4",",,,W","21.55",",W","27.76",",,,W","15.34",",,,W","","","10",",W","20",",W","11.2",",W","15.2",",W"
"USW00004780","2017-09","42.55495","-71.75699","102.3","FITCHBURG MUNICIPAL AIRPORT, MA US","2.3",",W","440.2","W","73.5",",W","9",",W","6",",W","1",",W","0",",W","0",",W","0",",W","27",",W","3",",W","","","","","20170930",",,W","","","20170906",",,W","20170927","+,,W","6.7",",W,30,","69.6",",,W,06,","32.2",",W,27,+","41.3","W","30.8",",W","115.3",",,,W","19.76",",W","25.47",",,,W","14.04",",,,W","","","310",",W","290",",W","10.3",",W","13.9",",W"
"USW00004780","2017-10","42.55495","-71.75699","102.3","FITCHBURG MUNICIPAL AIRPORT, MA US","2.5",",W","459.7","W","19.5",",W","9",",W","7",",W","5",",W","0",",W","0",",W","0",",W","20",",W","0",",W","","","","","20171031","+,,W","","","20171030",",,W","20171007",",,W","1.7",",W,31,+","48.8",",,W,30,","27.8",",W,07,","141.5","W","100.2",",W","231.6",",,,W","15.73",",W","22.27",",,,W","9.19",",,,W","","","260",",W","290",",W","12.5",",W","18.8",",W"
"USW00004780","2017-11","42.55495","-71.75699","102.3","FITCHBURG MUNICIPAL AIRPORT, MA US","2.7",",W","459.7","W","0.0",",W","9",",W","3",",W","0",",W","0",",W","16",",W","0",",W","3",",W","0",",W","","","","","20171128","+,,W","","","20171116",",,W","20171103",",,W","-6.6",",W,28,+","9.9",",,W,16,","25.0",",W,03,","519.9","W","378.4",",W","31.0",",,,W","5.72",",W","11.35",",,,W","0.09",",,,W","","","300",",W","280",",W","13.9",",W","20.6",",W"
"USW00004780","2017-12","42.55495","-71.75699","102.3","FITCHBURG MUNICIPAL AIRPORT, MA US","2.6",",W","459.7","W","0.0",",W","9",",W","7",",W","0",",W","1",",W","29",",W","11",",W","0",",W","0",",W","5","","","","20171227",",,W","","","20171223",",,W","20171206","+,,W","-18.8",",W,27,","15.5",",,W,23,","15.6",",W,06,+","1157.7","W","637.8",",W","63.6",",,,W","-2.24",",W","1.97",",,,W","-6.45",",,,W","","","300",",W","270",",W","12.5",",W","18.3",",W"
"USW00004780","2018-01","42.55495","-71.75699","102.3","FITCHBURG MUNICIPAL AIRPORT, MA US","3.3","2,W","0.0","W","0.0","2,W","7","2,W","5","2,W","0","2,W","2","2,W","27","2,W","9","2,W","0","2,W","0","2,W","","","","","20180102",",2,W","","","20180112",",2,W","20180113",",2,W","-21.6","2,W,02,","18.3","2,,W,12,","16.7","2,W,13,","1748.8","W","591.1","2,W","55.7","2,,,W","-2.05","2,W","3.19","2,,,W","-7.29","2,,,W","","","280","2,W","310","2,W","14.8","2,W","22.8","2,W"
"USW00004780","2018-02","42.55495","-71.75699","102.3","FITCHBURG MUNICIPAL AIRPORT, MA US","2.6",",W","1.4","W","1.4",",W","14",",W","9",",W","0",",W","0",",W","22",",W","3",",W","2",",W","0",",W","4","","","","20180209","+,,W","","","20180211",",,W","20180221",",,W","-13.2",",W,09,+","23.1",",,W,11,","26.7",",W,21,","2195.9","W","447.1",",W","97.9",",,,W","2.41",",W","8.20",",,,W","-3.37",",,,W","","","300",",W","310",",W","13.0",",W","17.9",",W"
"USW00004780","2018-03","42.55495","-71.75699","102.3","FITCHBURG MUNICIPAL AIRPORT, MA US","3.9",",W","1.4","W","0.0",",W","11",",W","5",",W","1",",W","0",",W","19",",W","0",",W","0",",W","0",",W","","","","","20180318",",,W","","","20180302",",,W","20180301",",,W","-11.6",",W,18,","39.4",",,W,02,","17.2",",W,01,","2665.4","W","469.5",",W","73.4",",,,W","3.19",",W","7.64",",,,W","-1.26",",,,W","","","290",",W","290",",W","13.4",",W","18.8",",W"
"USW00004780","2018-04","42.55495","-71.75699","102.3","FITCHBURG MUNICIPAL AIRPORT, MA US","3.2",",W","1.4","W","0.0",",W","17",",W","10",",W","1",",W","0",",W","14",",W","0",",W","3",",W","0",",W","","","","","20180406",",,W","","","20180416",",,W","20180428",",,W","-6.0",",W,06,","54.9",",,W,16,","23.3",",W,28,","2991.4","W","326.0",",W","133.5",",,,W","7.47",",W","13.08",",,,W","1.85",",,,W","","","290",",W","300",",W","17.4",",W","22.4",",W"
"USW00004780","2018-05","42.55495","-71.75699","102.3","FITCHBURG MUNICIPAL AIRPORT, MA US","2.7",",W","38.7","W","37.3",",W","11",",W","6",",W","0",",W","0",",W","0",",W","0",",W","21",",W","1",",W","","","","","20180519",",,W","","","20180506",",,W","20180502",",,W","3.3",",W,19,","11.7",",,W,06,","33.3",",W,02,","3075.7","W","84.3",",W","44.8",",,,W","16.82",",W","23.84",",,,W","9.80",",,,W","","","290",",W","240",",W","14.8",",W","21.9",",W"
"USW00004780","2018-06","42.55495","-71.75699","102.3","FITCHBURG MUNICIPAL AIRPORT, MA US","2.5",",W","86.2","W","47.5",",W","10",",W","5",",W","3",",W","0",",W","0",",W","0",",W","25",",W","2",",W","","","","","20180626",",,W","","","20180618",",,W","20180618",",,W","7.8",",W,26,","40.9",",,W,18,","33.3",",W,18,","3111.0","W","35.3",",W","120.7",",,,W","18.74",",W","25.11",",,,W","12.37",",,,W","","","290",",W","290",",W","14.8",",W","18.8",",W"
"USW00004780","2018-07","42.55495","-71.75699","102.3","FITCHBURG MUNICIPAL AIRPORT, MA US","2.4",",W","242.5","W","156.3",",W","10","2,W","9","2,W","1","2,W","0",",W","0",",W","0",",W","31",",W","8",",W","","","","","20180707",",,W","","","20180717",",2,W","20180703",",,W","9.4",",W,07,","32.5","2,,W,17,","35.0",",W,03,","0.3","W","0.3",",W","88.8","2,,,W","23.37",",W","29.69",",,,W","17.04",",,,W","","","290",",W","280",",W","12.5",",W","18.8",",W"
"USW00004780","2018-08","42.55495","-71.75699","102.3","FITCHBURG MUNICIPAL AIRPORT, MA US","2.1",",W","387.9","W","145.4",",W","14",",W","12",",W","3",",W","0",",W","0",",W","0",",W","30",",W","5",",W","","","","","20180824","+,,W","","","20180811",",,W","20180829",",,W","13.3",",W,24,+","75.2",",,W,11,","33.9",",W,29,","0.9","W","0.6",",W","264.5",",,,W","23.00",",W","28.11",",,,W","17.90",",,,W","","","300",",W","300",",W","10.3",",W","13.4",",W"
"USW00004780","2018-09","42.55495","-71.75699","102.3","FITCHBURG MUNICIPAL AIRPORT, MA US","1.8",",W","444.5","W","56.6",",W","11",",W","8",",W","3",",W","0",",W","0",",W","0",",W","18",",W","2",",W","1","","","","20180930","+,,W","","","20180918",",,W","20180906",",,W","5.6",",W,30,+","88.4",",,W,18,","33.3",",W,06,","65.6","W","64.7",",W","198.0",",,,W","18.06",",W","22.86",",,,W","13.27",",,,W","","","280",",W","270",",W","13.0",",W","17.9",",W"
"USW00004780","2018-10","42.55495","-71.75699","102.3","FITCHBURG MUNICIPAL AIRPORT, MA US","2.5",",W","450.6","W","6.1",",W","17",",W","7",",W","2",",W","0",",W","11",",W","0",",W","5",",W","0",",W","","","","","20181022",",,W","","","20181011",",,W","20181010",",,W","-5.5",",W,22,","33.8",",,W,11,","27.8",",W,10,","351.5","W","285.9",",W","104.7",",,,W","9.30",",W","14.55",",,,W","4.06",",,,W","","","290",",W","280",",W","15.7",",W","20.1",",W"
"USW00004780","2018-11","42.55495","-71.75699","102.3","FITCHBURG MUNICIPAL AIRPORT, MA US","3.0",",W","450.6","W","0.0",",W","16",",W","14",",W","4",",W","0",",W","19",",W","3",",W","0",",W","0",",W","7","","1","","20181122",",,W","","","20181103",",,W","20181102",",,W","-13.8",",W,22,","36.6",",,W,03,","18.9",",W,02,","826.9","W","475.4",",W","229.5",",,,W","2.49",",W","6.22",",,,W","-1.24",",,,W","","","280",",W","280",",W","15.7",",W","21.0",",W"
"USW00004780","2018-12","42.55495","-71.75699","102.3","FITCHBURG MUNICIPAL AIRPORT, MA US","2.7",",W","450.6","W","0.0",",W","8",",W","5",",W","1",",W","0",",W","29",",W","2",",W","0",",W","0",",W","7","","","","20181213","+,,W","","","20181221",",,W","20181221",",,W","-12.1",",W,13,+","32.5",",,W,21,","16.7",",W,21,","1406.8","W","579.9",",W","92.0",",,,W","-0.37",",W","4.54",",,,W","-5.29",",,,W","","","300",",W","300",",W","15.7",",W","21.9",",W"
"USW00004780","2019-01","42.55495","-71.75699","102.3","FITCHBURG MUNICIPAL AIRPORT, MA US","3.5",",W","0.0","W","0.0",",W","11",",W","8",",W","1",",W","2",",W","31",",W","14",",W","0",",W","0",",W","4","","","","20190131","+,,W","","","20190124",",,W","20190124",",,W","-19.3",",W,31,+","40.9",",,W,24,","13.3",",W,24,","2111.5","W","704.7",",W","86.3",",,,W","-4.40",",W","0.46",",,,W","-9.26",",,,W","","","310",",W","280",",W","14.8",",W","22.4",",W"
"USW00004780","2019-02","42.55495","-71.75699","102.3","FITCHBURG MUNICIPAL AIRPORT, MA US","3.2",",W","0.0","W","0.0",",W","12",",W","7",",W","0",",W","0",",W","28",",W","10",",W","0",",W","0",",W","","","","","20190202","+,,W","","","20190212",",,W","20190204",",,W","-17.1",",W,02,+","19.6",",,W,12,","16.1",",W,04,","2695.8","W","584.3",",W","76.1",",,,W","-2.54",",W","2.23",",,,W","-7.30",",,,W","","","290",",W","300",",W","19.7",",W","26.8",",W"
"USW00004780","2019-03","42.55495","-71.75699","102.3","FITCHBURG MUNICIPAL AIRPORT, MA US","3.5",",W","0.0","W","0.0",",W","9",",W","5",",W","0",",W","0",",W","23",",W","3",",W","1",",W","0",",W","1","","","","20190308",",,W","","","20190310",",,W","20190330",",,W","-17.7",",W,08,","10.7",",,W,10,","21.1",",W,30,","3228.2","W","532.4",",W","49.5",",,,W","1.16",",W","7.01",",,,W","-4.69",",,,W","","","290",",W","310",",W","14.8",",W","19.2",",W"
"USW00004780","2019-04","42.55495","-71.75699","102.3","FITCHBURG MUNICIPAL AIRPORT, MA US","3.6",",W","0.3","W","0.3",",W","19",",W","11",",W","3",",W","0",",W","8",",W","0",",W","5",",W","0",",W","1","","","","20190402",",,W","","","20190415",",,W","20190419",",,W","-6.6",",W,02,","42.7",",,W,15,","25.6",",W,19,","3508.6","W","280.4",",W","170.6",",,,W","9.00",",W","14.86",",,,W","3.14",",,,W","","","290",",W","300",",W","15.7",",W","22.8",",W"
"USW00004780","2019-05","42.55495","-71.75699","102.3","FITCHBURG MUNICIPAL AIRPORT, MA US","2.9",",W","8.7","W","8.4",",W","17",",W","11",",W","0",",W","0",",W","0",",W","0",",W","12",",W","0",",W","1","","","","20190509",",,W","","","20190513",",,W","20190526",",,W","1.7",",W,09,","12.7",",,W,13,","30.0",",W,26,","3666.7","W","158.1",",W","79.2",",,,W","13.50",",W","19.18",",,,W","7.83",",,,W","","","320",",W","320",",W","14.8",",W","20.6",",W"
"USW00004780","2019-06","42.55495","-71.75699","102.3","FITCHBURG MUNICIPAL AIRPORT, MA US","2.7",",W","67.5","W","58.8",",W","14",",W","9",",W","1",",W","0",",W","0",",W","0",",W","27",",W","1",",W","1","","","","20190604",",,W","1","","20190602",",,W","20190628",",,W","7.2",",W,04,","39.9",",,W,02,","32.2",",W,28,","3686.5","W","19.8",",W","141.3",",,,W","19.63",",W","25.41",",,,W","13.86",",,,W","","","320",",W","320",",W","14.3",",W","17.4",",W"
"USW00004780","2019-07","42.55495","-71.75699","102.3","FITCHBURG MUNICIPAL AIRPORT, MA US","2.1",",W","249.7","W","182.2",",W","8","1,W","7","1,W","2","1,W","0",",W","0",",W","0",",W","31",",W","11",",W","6","","","","20190708",",,W","3","","20190723",",1,W","20190720",",,W","12.2",",W,08,","31.8","1,,W,23,","36.1",",W,20,","0.0","W","0.0",",W","92.4","1,,,W","24.21",",W","30.46",",,,W","17.96",",,,W","","","300",",W","310",",W","11.2",",W","14.8",",W"
"USW00004780","2019-08","42.55495","-71.75699","102.3","FITCHBURG MUNICIPAL AIRPORT, MA US","2.2",",W","351.6","W","101.9",",W","8",",W","5",",W","3",",W","0",",W","0",",W","0",",W","31",",W","1",",W","3","","","","20190826",",,W","2","","20190807",",,W","20190819",",,W","7.8",",W,26,","32.8",",,W,07,","32.8",",W,19,","7.2","W","7.2",",W","101.5",",,,W","21.39",",W","28.03",",,,W","14.75",",,,W","","","270",",W","270",",W","12.5",",W","18.3",",W"
"USW00004780","2019-09","42.55495","-71.75699","102.3","FITCHBURG MUNICIPAL AIRPORT, MA US","","","","","","","6",",W","2",",W","0",",W","","","","","","","","","","","1","","","","","","","","20190926",",,W","","","","","4.3",",,W,26,","","","","","","","12.1",",,,W","","","","","","","","","","","","","","","",""
"USW00004780","2019-10","42.55495","-71.75699","102.3","FITCHBURG MUNICIPAL AIRPORT, MA US","2.4",",W","","","1.6",",W","17",",W","10",",W","3",",W","0",",W","5",",W","0",",W","5",",W","0",",W","1","","","","20191020","+,,W","","","20191017",",,W","20191007","+,,W","-0.5",",W,20,+","37.1",",,W,17,","24.4",",W,07,+","","","221.4",",W","152.6",",,,W","11.24",",W","16.66",",,,W","5.82",",,,W","","","240",",W","190",",W","11.6",",W","16.5",",W"
"USW00004780","2019-11","42.55495","-71.75699","102.3","FITCHBURG MUNICIPAL AIRPORT, MA US","3.0",",W","","","0.0",",W","9",",W","2",",W","0",",W","0",",W","24",",W","1",",W","1",",W","0",",W","3","","2","","20191117","+,,W","","","20191101",",,W","20191101",",,W","-9.9",",W,17,+","5.6",",,W,01,","22.2",",W,01,","","","471.2",",W","15.8",",,,W","2.63",",W","8.00",",,,W","-2.74",",,,W","","","180",",W","180",",W","13.9",",W","20.6",",W"
"USW00004780","2019-12","42.55495","-71.75699","102.3","FITCHBURG MUNICIPAL AIRPORT, MA US","2.8","1,W","","","0.0","1,W","11","1,W","0","1,W","0","1,W","1","1,W","26","1,W","7","1,W","0","1,W","0","1,W","6","","","","20191208",",1,W","","","20191210","+,1,W","20191210",",1,W","-19.3","1,W,08,","1.0","1,,W,10,+","13.3","1,W,10,","","","580.3","1,W","7.1","1,,,W","-1.01","1,W","3.76","1,,,W","-5.78","1,,,W","","","290","1,W","280","1,W","14.3","1,W","21.0","1,W"
"USW00004780","2020-01","42.55495","-71.75699","102.3","FITCHBURG MUNICIPAL AIRPORT, MA US","2.9",",W","0.0","W","0.0",",W","5",",W","3",",W","0",",W","0",",W","24",",W","5",",W","1",",W","0",",W","1","","","","20200121",",,W","","","20200125",",,W","20200112",",,W","-17.1",",W,21,","21.1",",,W,25,","21.1",",W,12,","","","574.2",",W","42.7",",,,W","-0.19",",W","4.49",",,,W","-4.87",",,,W","","","310",",W","300",",W","14.8",",W","22.8",",W"
"USW00004780","2020-02","42.55495","-71.75699","102.3","FITCHBURG MUNICIPAL AIRPORT, MA US","2.5",",W","0.0","W","0.0",",W","9",",W","6",",W","0",",W","0",",W","27",",W","5",",W","0",",W","0",",W","","","","","20200215",",,W","","","20200227",",,W","20200224",",,W","-15.5",",W,15,","21.8",",,W,27,","16.7",",W,24,","","","537.9",",W","77.5",",,,W","-0.22",",W","4.50",",,,W","-4.93",",,,W","","","290",",W","270",",W","15.7",",W","23.3",",W"
"USW00004780","2020-03","42.55495","-71.75699","102.3","FITCHBURG MUNICIPAL AIRPORT, MA US","3.4",",W","0.0","W","0.0",",W","12",",W","5",",W","1",",W","0",",W","20",",W","0",",W","2",",W","0",",W","1","","","","20200301",",,W","","","20200323",",,W","20200309",",,W","-8.8",",W,01,","30.5",",,W,23,","22.2",",W,09,","","","419.0",",W","84.9",",,,W","4.82",",W","10.82",",,,W","-1.19",",,,W","","","280",",W","280",",W","13.9",",W","21.0",",W"
"USW00004780","2020-04","42.55495","-71.75699","102.3","FITCHBURG MUNICIPAL AIRPORT, MA US","3.8",",W","0.0","W","0.0",",W","15",",W","9",",W","1",",W","0",",W","10",",W","0",",W","0",",W","0",",W","2","","","","20200401",",,W","","","20200413",",,W","20200425",",,W","-3.8",",W,01,","37.6",",,W,13,","18.3",",W,25,","","","346.7",",W","137.4",",,,W","6.78",",W","11.78",",,,W","1.77",",,,W","","","180",",W","190",",W","15.7",",W","21.9",",W"
"USW00004780","2020-05","42.55495","-71.75699","102.3","FITCHBURG MUNICIPAL AIRPORT, MA US","3.6",",W","29.2","W","29.2",",W","7",",W","4",",W","0",",W","0",",W","2",",W","0",",W","14",",W","1",",W","","","","","20200513","+,,W","","","20200515",",,W","20200527",",,W","0.0",",W,13,+","19.6",",,W,15,","32.2",",W,27,","","","153.8",",W","47.1",",,,W","14.31",",W","21.14",",,,W","7.48",",,,W","","","300",",W","300",",W","18.3",",W","24.6",",W"
"USW00004780","2020-06","42.55495","-71.75699","102.3","FITCHBURG MUNICIPAL AIRPORT, MA US","2.5",",W","125.3","W","96.1",",W","9",",W","5",",W","0",",W","0",",W","0",",W","0",",W","29",",W","3",",W","1","","","","20200602",",,W","","","20200628",",,W","20200621",",,W","3.9",",W,02,","16.8",",,W,28,","33.9",",W,21,","","","20.0",",W","49.2",",,,W","20.87",",W","27.74",",,,W","14.00",",,,W","","","340",",W","350",",W","9.4",",W","13.0",",W"
"USW00004780","2020-07","42.55495","-71.75699","102.3","FITCHBURG MUNICIPAL AIRPORT, MA US","2.5",",W","322.2","W","196.9",",W","12",",W","7",",W","0",",W","0",",W","0",",W","0",",W","31",",W","12",",W","1","","","","20200717",",,W","1","","20200722",",,W","20200719",",,W","13.3",",W,17,","23.9",",,W,22,","35.6",",W,19,","0.0","W","0.0",",W","74.7",",,,W","24.69",",W","30.44",",,,W","18.93",",,,W","","","180",",W","190",",W","10.3",",W","13.4",",W"
"USW00004780","2020-08","42.55495","-71.75699","102.3","FITCHBURG MUNICIPAL AIRPORT, MA US","2.4",",W","464.5","W","142.3",",W","8",",W","4",",W","0",",W","0",",W","0",",W","0",",W","30",",W","9",",W","1","","","","20200831",",,W","1","","20200829",",,W","20200811",",,W","9.4",",W,31,","9.4",",,W,29,","35.0",",W,11,","4.8","W","4.8",",W","29.2",",,,W","22.77",",W","29.42",",,,W","16.12",",,,W","","","340",",W","140",",W","15.7",",W","23.3",",W"
"USW00004780","2020-09","42.55495","-71.75699","102.3","FITCHBURG MUNICIPAL AIRPORT, MA US","2.5",",W","502.1","W","37.6",",W","5",",W","3",",W","0",",W","0",",W","1",",W","0",",W","24",",W","0",",W","1","","","","20200921",",,W","","","20200930",",,W","20200908",",,W","0.0",",W,21,","17.0",",,W,30,","30.6",",W,08,","65.9","W","61.1",",W","31.2",",,,W","17.55",",W","24.69",",,,W","10.41",",,,W","","","180",",W","150",",W","11.2",",W","16.5",",W"
"USW00004780","2020-10","42.55495","-71.75699","102.3","FITCHBURG MUNICIPAL AIRPORT, MA US","2.2",",W","502.6","W","0.5",",W","11",",W","8",",W","1",",W","0",",W","5",",W","0",",W","7",",W","0",",W","4","","","","20201031",",,W","","","20201013",",,W","20201010",",,W","-9.3",",W,31,","26.7",",,W,13,","25.6",",W,10,","300.2","W","234.3",",W","106.2",",,,W","10.79",",W","16.75",",,,W","4.83",",,,W","","","290",",W","290",",W","17.9",",W","26.8",",W"
"USW00004780","2020-11","42.55495","-71.75699","102.3","FITCHBURG MUNICIPAL AIRPORT, MA US","2.4",",W","502.6","W","0.0",",W","9",",W","6",",W","2",",W","0",",W","15",",W","0",",W","7",",W","0",",W","1","","","","20201119",",,W","","","20201130",",,W","20201109","+,,W","-9.3",",W,19,","45.7",",,W,30,","25.6",",W,09,+","652.0","W","351.8",",W","118.6",",,,W","6.61",",W","13.21",",,,W","0.00",",,,W","","","270",",W","280",",W","13.9",",W","20.1",",W"
"USW00004780","2020-12","42.55495","-71.75699","102.3","FITCHBURG MUNICIPAL AIRPORT, MA US","3.0",",W","502.6","W","0.0",",W","10",",W","5",",W","2",",W","0",",W","27",",W","4",",W","0",",W","0",",W","1","","","","20201219",",,W","","","20201225",",,W","20201201",",,W","-16.6",",W,19,","51.1",",,W,25,","17.8",",W,01,","1215.9","W","563.9",",W","131.0",",,,W","0.14",",W","5.14",",,,W","-4.85",",,,W","","","300",",W","300",",W","16.1",",W","20.6",",W"
"USW00004780","2021-01","42.55495","-71.75699","102.3","FITCHBURG MUNICIPAL AIRPORT, MA US","3.2",",W","0.0","W","0.0",",W","7",",W","4",",W","1",",W","1",",W","28",",W","9",",W","0",",W","0",",W","","","","","20210131",",,W","","","20210116",",,W","20210116",",,W","-18.2",",W,31,","34.0",",,W,16,","10.0",",W,16,","1836.4","W","620.5",",W","63.0",",,,W","-1.68",",W","2.37",",,,W","-5.73",",,,W","","","300",",W","310",",W","13.9",",W","17.0",",W"
"USW00004780","2021-02","42.55495","-71.75699","102.3","FITCHBURG MUNICIPAL AIRPORT, MA US","2.8",",W","0.0","W","0.0",",W","12",",W","7",",W","0",",W","0",",W","27",",W","13",",W","0",",W","0",",W","2","","","","20210210",",,W","","","20210216",",,W","20210224",",,W","-15.5",",W,10,","21.1",",,W,16,","8.9",",W,24,","2440.7","W","604.3",",W","56.6",",,,W","-3.25",",W","1.41",",,,W","-7.91",",,,W","","","290",",W","310",",W","14.3",",W","19.2",",W"
"USW00004780","2021-03","42.55495","-71.75699","102.3","FITCHBURG MUNICIPAL AIRPORT, MA US","4.0",",W","0.0","W","0.0",",W","7",",W","4",",W","0",",W","0",",W","24",",W","4",",W","3",",W","0",",W","","","","","20210302",",,W","","","20210328",",,W","20210326",",,W","-12.1",",W,02,","16.8",",,W,28,","24.4",",W,26,","2886.8","W","446.1",",W","43.8",",,,W","3.94",",W","10.76",",,,W","-2.87",",,,W","","","300",",W","290",",W","20.1",",W","25.5",",W"
"USW00004780","2021-04","42.55495","-71.75699","102.3","FITCHBURG MUNICIPAL AIRPORT, MA US","3.7",",W","0.0","W","0.0",",W","10",",W","7",",W","2",",W","0",",W","5",",W","0",",W","7",",W","0",",W","1","","","","20210404",",,W","1","","20210429",",,W","20210410",",,W","-4.9",",W,04,","43.7",",,W,29,","26.1",",W,10,","3160.0","W","273.2",",W","107.4",",,,W","9.23",",W","15.48",",,,W","2.97",",,,W","","","290",",W","290",",W","16.1",",W","22.8",",W"
"USW00004780","2021-05","42.55495","-71.75699","102.3","FITCHBURG MUNICIPAL AIRPORT, MA US","3.1",",W","29.1","W","29.1",",W","11",",W","8",",W","1",",W","0",",W","0",",W","0",",W","17",",W","2",",W","1","","","","20210508","+,,W","","","20210505",",,W","20210526",",,W","3.3",",W,08,+","32.8",",,W,05,","33.3",",W,26,","3281.8","W","121.8",",W","107.4",",,,W","15.34",",W","21.73",",,,W","8.96",",,,W","","","300",",W","300",",W","13.4",",W","18.8",",W"
"USW00004780","2021-06","42.55495","-71.75699","102.3","FITCHBURG MUNICIPAL AIRPORT, MA US","2.8",",W","153.7","W","124.6",",W","8","2,W","3","2,W","0","2,W","0",",W","0",",W","0",",W","28",",W","8",",W","1","","","","20210624","+,,W","","","20210630",",2,W","20210630","+,,W","8.9",",W,24,+","8.4","2,,W,30,","35.6",",W,30,+","3291.5","W","9.7",",W","22.5","2,,,W","22.16",",W","28.49",",,,W","15.83",",,,W","","","310",",W","320",",W","14.8",",W","21.5",",W"
"USW00004780","2021-07","42.55495","-71.75699","102.3","FITCHBURG MUNICIPAL AIRPORT, MA US","2.1","1,W","241.4","W","87.7","1,W","20",",W","14",",W","2",",W","0","1,W","0","1,W","0","1,W","26","1,W","1","1,W","","","","","20210731",",1,W","","","20210712",",,W","20210716",",1,W","10.0","1,W,31,","34.0",",,W,12,","32.8","1,W,16,","8.6","W","8.6","1,W","209.3",",,,W","20.97","1,W","25.83","1,,,W","16.12","1,,,W","","","180",",W","300",",W","12.5",",W","17.9",",W"
"USW00004780","2021-08","42.55495","-71.75699","102.3","FITCHBURG MUNICIPAL AIRPORT, MA US","2.1",",W","397.7","W","156.3",",W","10",",W","5",",W","1",",W","0",",W","0",",W","0",",W","31",",W","8",",W","2","","","","20210803","+,,W","","","20210819",",,W","20210826",",,W","11.7",",W,03,+","50.3",",,W,19,","34.4",",W,26,","8.6","W","0.0",",W","102.7",",,,W","23.38",",W","28.50",",,,W","18.25",",,,W","","","330",",W","330",",W","10.3",",W","13.9",",W"
"USW00004780","2021-09","42.55495","-71.75699","102.3","FITCHBURG MUNICIPAL AIRPORT, MA US","2.5",",W","431.7","W","34.0",",W","12",",W","9",",W","3",",W","0",",W","0",",W","0",",W","26",",W","0",",W","","","","","20210929",",,W","","","20210902",",,W","20210915",",,W","6.7",",W,29,","45.2",",,W,02,","29.4",",W,15,","39.5","W","30.9",",W","147.9",",,,W","18.44",",W","23.79",",,,W","13.08",",,,W","","","300",",W","300",",W","10.3",",W","13.0",",W"
"USW00004780","2021-10","42.55495","-71.75699","102.3","FITCHBURG MUNICIPAL AIRPORT, MA US","2.3",",W","434.5","W","2.8",",W","16",",W","10",",W","1",",W","0",",W","1",",W","0",",W","13",",W","0",",W","2","","","","20211029",",,W","","","20211004",",,W","20211014",",,W","-1.0",",W,29,","25.4",",,W,04,","25.6",",W,14,","192.0","W","152.5",",W","86.4",",,,W","13.50",",W","18.37",",,,W","8.64",",,,W","","","360",",W","10",",W","11.6",",W","17.4",",W"
"USW00004780","2021-11","42.55495","-71.75699","102.3","FITCHBURG MUNICIPAL AIRPORT, MA US","2.5",",W","434.5","W","0.0",",W","11",",W","3",",W","1",",W","0",",W","20",",W","0",",W","1",",W","0",",W","","","","","20211130",",,W","","","20211112",",,W","20211118",",,W","-6.0",",W,30,","31.8",",,W,12,","21.1",",W,18,","598.8","W","406.8",",W","52.1",",,,W","4.77",",W","10.80",",,,W","-1.25",",,,W","","","150",",W","210",",W","13.4",",W","17.4",",W"
"USW00004780","2021-12","42.55495","-71.75699","102.3","FITCHBURG MUNICIPAL AIRPORT, MA US","2.3",",W","434.5","W","0.0",",W","14",",W","9",",W","0",",W","0",",W","24",",W","3",",W","0",",W","0",",W","1","","","","20211220","+,,W","","","20211211",",,W","20211211",",,W","-9.3",",W,20,+","21.1",",,W,11,","17.8",",W,11,","1111.8","W","513.0",",W","79.5",",,,W","1.79",",W","6.24",",,,W","-2.67",",,,W","","","290",",W","290",",W","17.0",",W","22.4",",W"
"USW00004780","2022-01","42.55495","-71.75699","102.3","FITCHBURG MUNICIPAL AIRPORT, MA US","3.1",",W","0.0","W","0.0",",W","10",",W","6",",W","1",",W","3",",W","30",",W","16",",W","0",",W","0",",W","","","","","20220127",",,W","","","20220117",",,W","20220102","+,,W","-19.3",",W,27,","32.0",",,W,17,","7.8",",W,02,+","1844.6","W","732.8",",W","58.0",",,,W","-5.30",",W","0.45",",,,W","-11.05",",,,W","","","340",",W","200",",W","13.0",",W","17.4",",W"
"USW00004780","2022-02","42.55495","-71.75699","102.3","FITCHBURG MUNICIPAL AIRPORT, MA US","3.3",",W","0.0","W","0.0",",W","10",",W","7",",W","1",",W","0",",W","26",",W","10",",W","0",",W","0",",W","1","","","","20220201",",,W","","","20220204",",,W","20220223",",,W","-17.1",",W,01,","45.7",",,W,04,","19.4",",W,23,","2385.0","W","540.4",",W","124.6",",,,W","-0.97",",W","4.84",",,,W","-6.77",",,,W","","","290",",W","300",",W","15.7",",W","22.4",",W"
"USW00004780","2022-03","42.55495","-71.75699","102.3","FITCHBURG MUNICIPAL AIRPORT, MA US","3.5",",W","0.0","W","0.0",",W","13",",W","8",",W","0",",W","0",",W","18",",W","2",",W","1",",W","0",",W","","","","","20220301",",,W","","","20220324",",,W","20220318",",,W","-15.5",",W,01,","17.3",",,W,24,","23.3",",W,18,","2843.8","W","458.8",",W","69.0",",,,W","3.53",",W","9.61",",,,W","-2.54",",,,W","","","310",",W","280",",W","14.8",",W","23.7",",W"
"USW00004780","2022-04","42.55495","-71.75699","102.3","FITCHBURG MUNICIPAL AIRPORT, MA US","3.8",",W","0.0","W","0.0",",W","12",",W","7",",W","2",",W","0",",W","4",",W","0",",W","1",",W","0",",W","","","","","20220403",",,W","","","20220419",",,W","20220413",",,W","-2.7",",W,03,","29.0",",,W,19,","23.3",",W,13,","3132.8","W","289.0",",W","94.6",",,,W","8.70",",W","14.59",",,,W","2.81",",,,W","","","310",",W","310",",W","13.4",",W","18.3",",W"
"USW00004780","2022-05","42.55495","-71.75699","102.3","FITCHBURG MUNICIPAL AIRPORT, MA US","2.8",",W","42.5","W","42.5",",W","10",",W","6",",W","0",",W","0",",W","0",",W","0",",W","21",",W","2",",W","1","","","","20220509",",,W","","","20220531",",,W","20220522",",,W","0.6",",W,09,","9.1",",,W,31,","35.0",",W,22,","3232.9","W","100.1",",W","43.4",",,,W","16.48",",W","23.18",",,,W","9.77",",,,W","","","290",",W","300",",W","13.0",",W","18.8",",W"
"USW00004780","2022-06","42.55495","-71.75699","102.3","FITCHBURG MUNICIPAL AIRPORT, MA US","2.8",",W","90.4","W","47.9",",W","11","1,W","5","1,W","1","1,W","0",",W","0",",W","0",",W","27",",W","1",",W","","","","","20220621",",,W","","","20220609",",1,W","20220626",",,W","7.8",",W,21,","31.5","1,,W,09,","33.9",",W,26,","3249.6","W","16.7",",W","55.0","1,,,W","19.38",",W","25.71",",,,W","13.04",",,,W","","","280",",W","280",",W","11.2",",W","15.7",",W"
"USW00004780","2022-07","42.55495","-71.75699","102.3","FITCHBURG MUNICIPAL AIRPORT, MA US","2.6",",W","260.8","W","170.4",",W","9",",W","4",",W","0",",W","0",",W","0",",W","0",",W","31",",W","11",",W","","","","","20220710",",,W","1","","20220728",",,W","20220724",",,W","9.4",",W,10,","15.7",",,W,28,","36.1",",W,24,","0.0","W","0.0",",W","43.6",",,,W","23.83",",W","30.86",",,,W","16.80",",,,W","","","210",",W","200",",W","11.2",",W","15.7",",W"
"USW00004780","2022-08","42.55495","-71.75699","102.3","FITCHBURG MUNICIPAL AIRPORT, MA US","2.4","1,W","440.7","W","179.9","1,W","8","1,W","4","1,W","0","1,W","0","1,W","0","1,W","0","1,W","30","1,W","12","1,W","5","","","","20220816",",1,W","2","","20220809",",1,W","20220808","+,1,W","11.7","1,W,16,","10.9","1,,W,09,","36.1","1,W,08,+","0.0","W","0.0","1,W","32.7","1,,,W","24.33","1,W","30.72","1,,,W","17.94","1,,,W","","","300","1,W","290","1,W","10.3","1,W","15.7","1,W"
"USW00004780","2022-09","42.55495","-71.75699","102.3","FITCHBURG MUNICIPAL AIRPORT, MA US","2.2","1,W","468.2","W","27.5",",W","7",",W","6",",W","2",",W","0",",W","0",",W","0",",W","21",",W","0",",W","","","","","20220930","+,,W","","","20220906",",,W","20220904",",,W","5.0",",W,30,+","37.8",",,W,06,","31.7",",W,04,","64.8","W","64.8",",W","120.7",",,,W","17.09",",W","22.86",",,,W","11.32",",,,W","","","320",",W","330",",W","11.6",",W","15.7",",W"
"USW00004780","2022-10","42.55495","-71.75699","102.3","FITCHBURG MUNICIPAL AIRPORT, MA US","1.8","1,W","468.2","W","0.0",",W","12",",W","9",",W","1",",W","0",",W","7",",W","0",",W","6",",W","0",",W","","","","","20221029",",,W","","","20221026",",,W","20221007",",,W","-2.1",",W,29,","27.4",",,W,26,","25.0",",W,07,","285.0","W","220.2",",W","115.4",",,,W","11.23",",W","17.40",",,,W","5.05",",,,W","","","320",",W","200",",W","9.8",",W","13.4",",W"
"USW00004780","2022-11","42.55495","-71.75699","102.3","FITCHBURG MUNICIPAL AIRPORT, MA US","2.8","1,W","471.0","W","2.8",",W","10",",W","7",",W","0",",W","0",",W","18",",W","0",",W","7",",W","0",",W","","","","","20221121",",,W","","","20221111",",,W","20221105",",,W","-8.8",",W,21,","23.4",",,W,11,","24.4",",W,05,","636.2","W","351.2",",W","85.9",",,,W","6.72",",W","12.87",",,,W","0.57",",,,W","","","290",",W","290",",W","19.2",",W","25.0",",W"
"USW00004780","2022-12","42.55495","-71.75699","102.3","FITCHBURG MUNICIPAL AIRPORT, MA US","3.0",",W","471.0","W","0.0",",W","10",",W","8",",W","2",",W","0",",W","27",",W","4",",W","0",",W","0",",W","","","","","20221224",",,W","","","20221223",",,W","20221230",",,W","-13.8",",W,24,","55.9",",,W,23,","17.8",",W,30,","1186.9","W","550.7",",W","163.4",",,,W","0.57",",W","5.77",",,,W","-4.63",",,,W","","","230",",W","210",",W","14.8",",W","22.4",",W"
"USW00004780","2023-01","42.55495","-71.75699","102.3","FITCHBURG MUNICIPAL AIRPORT, MA US","2.4",",W","0.0","W","0.0",",W","17",",W","12",",W","0",",W","0",",W","27",",W","2",",W","0",",W","0",",W","10","","","","20230111",",,W","","","20230126",",,W","20230113",",,W","-8.2",",W,11,","20.8",",,W,26,","12.2",",W,13,","1721.5","W","534.6",",W","137.2",",,,W","1.09",",W","4.82",",,,W","-2.65",",,,W","","","290",",W","290",",W","10.3",",W","15.2",",W"
"USW00004780","2023-02","42.55495","-71.75699","102.3","FITCHBURG MUNICIPAL AIRPORT, MA US","3.0",",W","0.0","W","0.0",",W","8",",W","4",",W","0",",W","2",",W","26",",W","5",",W","0",",W","0",",W","","","","","20230204",",,W","","","20230223",",,W","20230215",",,W","-24.9",",W,04,","14.0",",,W,23,","16.7",",W,15,","2236.4","W","514.9",",W","39.0",",,,W","-0.06",",W","5.78",",,,W","-5.90",",,,W","","","290",",W","280",",W","14.8",",W","21.5",",W"
"USW00004780","2023-03","42.55495","-71.75699","102.3","FITCHBURG MUNICIPAL AIRPORT, MA US","3.3",",W","0.0","W","0.0",",W","10",",W","7",",W","1",",W","0",",W","27",",W","0",",W","0",",W","0",",W","2","","","","20230301",",,W","","","20230314",",,W","20230323",",,W","-8.8",",W,01,","49.8",",,W,14,","16.1",",W,23,","2705.0","W","468.6",",W","108.2",",,,W","3.22",",W","8.41",",,,W","-1.97",",,,W","","","290",",W","290",",W","16.5",",W","20.6",",W"
"USW00004780","2023-04","42.55495","-71.75699","102.3","FITCHBURG MUNICIPAL AIRPORT, MA US","2.9",",W","6.1","W","6.1",",W","10",",W","5",",W","2",",W","0",",W","4",",W","0",",W","5",",W","2",",W","1","","","","20230403",",,W","1","","20230430",",,W","20230414",",,W","-4.3",",W,03,","38.9",",,W,30,","34.4",",W,14,","2939.4","W","234.4",",W","107.0",",,,W","10.73",",W","17.01",",,,W","4.44",",,,W","","","300",",W","310",",W","14.3",",W","19.7",",W"
"USW00004780","2023-05","42.55495","-71.75699","102.3","FITCHBURG MUNICIPAL AIRPORT, MA US","3.1",",W","19.3","W","13.2",",W","7",",W","5",",W","1",",W","0",",W","2",",W","0",",W","19",",W","1",",W","1","","","","20230518",",,W","","","20230520",",,W","20230528",",,W","-1.0",",W,18,","45.2",",,W,20,","32.2",",W,28,","3058.1","W","118.7",",W","69.2",",,,W","14.93",",W","22.48",",,,W","7.38",",,,W","","","300",",W","300",",W","13.0",",W","16.5",",W"
"USW00004780","2023-06","42.55495","-71.75699","102.3","FITCHBURG MUNICIPAL AIRPORT, MA US","2.3",",W","83.1","W","63.8",",W","18",",W","10",",W","1",",W","0",",W","0",",W","0",",W","24",",W","2",",W","4","","","","20230611","+,,W","3","","20230617",",,W","20230602",",,W","8.3",",W,11,+","26.2",",,W,17,","34.4",",W,02,","3094.2","W","36.1",",W","128.3",",,,W","19.26",",W","24.74",",,,W","13.77",",,,W","","","320",",W","290",",W","10.7",",W","15.2",",W"
"USW00004780","2023-07","42.55495","-71.75699","102.3","FITCHBURG MUNICIPAL AIRPORT, MA US","2.1",",W","268.6","W","185.5",",W","15",",W","11",",W","5",",W","0",",W","0",",W","0",",W","31",",W","6",",W","2","","","","20230731","+,,W","1","","20230716",",,W","20230706",",,W","14.4",",W,31,+","60.2",",,W,16,","34.4",",W,06,","0.0","W","0.0",",W","299.7",",,,W","24.32",",W","29.58",",,,W","19.05",",,,W","","","330",",W","260",",W","13.0",",W","19.7",",W"
"USW00004780","2023-08","42.55495","-71.75699","102.3","FITCHBURG MUNICIPAL AIRPORT, MA US","2.5",",W","361.1","W","92.5",",W","11",",W","8",",W","1",",W","0",",W","0",",W","0",",W","31",",W","0",",W","","","","","20230823","+,,W","","","20230825",",,W","20230813",",,W","10.6",",W,23,+","38.9",",,W,25,","30.6",",W,13,","1.1","W","1.1",",W","131.0",",,,W","21.28",",W","26.54",",,,W","16.03",",,,W","","","290",",W","280",",W","10.7",",W","14.8",",W"
"USW00004780","2023-09","42.55495","-71.75699","102.3","FITCHBURG MUNICIPAL AIRPORT, MA US","1.9",",W","430.0","W","68.9",",W","10",",W","9",",W","4",",W","0",",W","0",",W","0",",W","20",",W","3",",W","1","","","","20230928","+,,W","","","20230911",",,W","20230907",",,W","5.0",",W,28,+","129.5",",,W,11,","34.4",",W,07,","59.9","W","58.8",",W","310.4",",,,W","18.67",",W","23.81",",,,W","13.53",",,,W","","","300",",W","310",",W","13.4",",W","18.3",",W"
"USW00004780","2023-10","42.55495","-71.75699","102.3","FITCHBURG MUNICIPAL AIRPORT, MA US","2.0",",W","440.6","W","10.6",",W","8",",W","6",",W","1",",W","0",",W","1",",W","0",",W","11",",W","0",",W","","","","","20231031",",,W","","","20231021",",,W","20231004","+,,W","0.0",",W,31,","33.3",",,W,21,","29.4",",W,04,+","210.0","W","150.1",",W","80.0",",,,W","13.83",",W","19.52",",,,W","8.15",",,,W","","","300",",W","290",",W","9.4",",W","16.1",",W"
"USW00004780","2023-11","42.55495","-71.75699","102.3","FITCHBURG MUNICIPAL AIRPORT, MA US","2.6",",W","440.6","W","0.0",",W","7",",W","4",",W","0",",W","0",",W","24",",W","0",",W","0",",W","0",",W","2","","","","20231121",",,W","","","20231122",",,W","20231117",",,W","-8.8",",W,21,","25.1",",,W,22,","20.0",",W,17,","649.5","W","439.5",",W","43.6",",,,W","3.68",",W","9.66",",,,W","-2.29",",,,W","","","290",",W","300",",W","11.6",",W","17.4",",W"
"USW00004780","2023-12","42.55495","-71.75699","102.3","FITCHBURG MUNICIPAL AIRPORT, MA US","2.3",",W","440.6","W","0.0",",W","9","1,W","4","1,W","2","1,W","0",",W","18",",W","1",",W","0",",W","0",",W","3","","2","","20231223",",,W","","","20231210",",1,W","20231218","+,,W","-8.8",",W,23,","28.7","1,,W,10,","16.7",",W,18,+","1099.8","W","450.3",",W","92.6","1,,,W","3.81",",W","8.35",",,,W","-0.74",",,,W","","","160",",W","160",",W","13.4",",W","22.8",",W"
"USW00004780","2024-01","42.55495","-71.75699","102.3","FITCHBURG MUNICIPAL AIRPORT, MA US","2.6",",W","0.0","","0.0",",W","12",",W","8",",W","1",",W","0",",W","25",",W","8",",W","0",",W","0",",W","6","","2","","20240109",",,W","","","20240110",",,W","20240125","+,,W","-13.2",",W,09,","39.9",",,W,10,","11.7",",W,25,+","1709.1","","609.3",",W","142.1",",,,W","-1.32",",W","2.51",",,,W","-5.15",",,,W","","","280",",W","290",",W","13.4",",W","21.9",",W"
"USW00004780","2024-02","42.55495","-71.75699","102.3","FITCHBURG MUNICIPAL AIRPORT, MA US","3.1",",W","0.0","","0.0",",W","6",",W","2",",W","0",",W","0",",W","26",",W","0",",W","0",",W","0",",W","1","","","","20240220",",,W","","","20240228",",,W","20240227",",,W","-11.0",",W,20,","12.4",",,W,28,","16.7",",W,27,","2224.2","","515.1",",W","24.2",",,,W","0.57",",W","6.12",",,,W","-4.98",",,,W","","","300",",W","310",",W","16.5",",W","25.0",",W"
"USW00004780","2024-03","42.55495","-71.75699","102.3","FITCHBURG MUNICIPAL AIRPORT, MA US","3.6",",W","0.0","","0.0",",W","13",",W","9",",W","4",",W","0",",W","18",",W","0",",W","0",",W","0",",W","","","","","20240301",",,W","","","20240323",",,W","20240314",",,W","-8.2",",W,01,","48.5",",,W,23,","17.8",",W,14,","2634.1","","409.9",",W","198.9",",,,W","5.11",",W","9.96",",,,W","0.26",",,,W","","","300",",W","320",",W","16.1",",W","24.1",",W"
"USW00004780","2024-04","42.55495","-71.75699","102.3","FITCHBURG MUNICIPAL AIRPORT, MA US","3.0",",W","1.4","","1.4",",W","15",",W","9",",W","1",",W","0",",W","5",",W","0",",W","4",",W","0",",W","2","","","","20240425",",,W","","","20240412",",,W","20240429","+,,W","-3.8",",W,25,","27.9",",,W,12,","24.4",",W,29,+","2912.7","","278.6",",W","102.3",",,,W","9.09",",W","15.18",",,,W","3.01",",,,W","","","300",",W","310",",W","13.0",",W","18.8",",W"
"USW00004780","2024-05","42.55495","-71.75699","102.3","FITCHBURG MUNICIPAL AIRPORT, MA US","2.3",",W","27.8","","26.4",",W","12",",W","9",",W","0",",W","0",",W","0",",W","0",",W","18",",W","2",",W","1","","","","20240511",",,W","","","20240516",",,W","20240522",",,W","2.2",",W,11,","15.7",",,W,16,","33.3",",W,22,","3001.5","","88.8",",W","80.2",",,,W","16.32",",W","22.40",",,,W","10.25",",,,W","","","300",",W","300",",W","11.2",",W","18.8",",W"
